0 0.653495 0.477733 0.653495 0.481781 0.650456 0.48583 0.650456 0.489879 0.647416 0.493927 0.677812 0.493927 0.680851 0.497976 0.680851 0.481781 0.656535 0.481781
0 0.81459 0.449393 0.81155 0.453441 0.799392 0.453441 0.799392 0.477733 0.808511 0.477733 0.81155 0.481781 0.820669 0.481781 0.823708 0.48583 0.829787 0.477733 0.826748 0.473684 0.826748 0.469636 0.817629 0.45749 0.817629 0.453441
0 0.784195 0.263158 0.784195 0.267206 0.781155 0.271255 0.781155 0.275304 0.778116 0.279352 0.778116 0.283401 0.775076 0.287449 0.775076 0.291498 0.772036 0.295547 0.772036 0.303644 0.775076 0.307692 0.775076 0.315789 0.790274 0.315789 0.793313 0.319838 0.796353 0.315789 0.805471 0.315789 0.808511 0.311741 0.820669 0.311741 0.823708 0.307692 0.823708 0.303644 0.826748 0.299595 0.820669 0.291498 0.820669 0.287449 0.81155 0.275304 0.81155 0.271255 0.808511 0.267206 0.787234 0.267206
0 0.644377 0.234818 0.644377 0.238866 0.647416 0.242915 0.647416 0.246964 0.656535 0.246964 0.659574 0.251012 0.659574 0.234818
0 0.571429 0.161943 0.571429 0.165992 0.568389 0.17004 0.568389 0.174089 0.56535 0.178138 0.574468 0.178138 0.577508 0.182186 0.583587 0.182186 0.586626 0.186235 0.595745 0.186235 0.595745 0.182186 0.598784 0.178138 0.598784 0.17004 0.589666 0.17004 0.586626 0.165992 0.574468 0.165992
1 0.550152 0.890688 0.547112 0.894737 0.541033 0.894737 0.537994 0.898785 0.528875 0.898785 0.525836 0.902834 0.519757 0.902834 0.513678 0.910931 0.510638 0.910931 0.504559 0.919028 0.504559 0.923077 0.507599 0.927126 0.507599 0.931174 0.510638 0.935223 0.510638 0.939271 0.513678 0.94332 0.513678 0.947368 0.516717 0.951417 0.507599 0.963563 0.471125 0.91498 0.471125 0.919028 0.480243 0.931174 0.480243 0.935223 0.495441 0.955466 0.495441 0.959514 0.504559 0.97166 0.504559 0.975709 0.513678 0.987854 0.513678 0.991903 0.516717 0.995951 0.589666 0.995951 0.589666 0.987854 0.586626 0.983806 0.586626 0.963563 0.583587 0.959514 0.583587 0.947368 0.580547 0.947368 0.574468 0.939271 0.568389 0.939271 0.56231 0.947368 0.559271 0.947368 0.553191 0.955466 0.550152 0.955466 0.547112 0.959514 0.544073 0.955466 0.544073 0.94332 0.547112 0.939271 0.547112 0.927126 0.550152 0.923077 0.556231 0.923077 0.559271 0.919028 0.598784 0.919028 0.598784 0.91498 0.601824 0.910931 0.601824 0.906883 0.577508 0.906883 0.571429 0.898785 0.568389 0.898785 0.56231 0.890688
1 0.106383 0.842105 0.103343 0.846154 0.097264 0.846154 0.094225 0.850202 0.088146 0.850202 0.085106 0.854251 0.075988 0.854251 0.072948 0.8583 0.066869 0.8583 0.066869 0.862348 0.06383 0.866397 0.06383 0.870445 0.072948 0.870445 0.075988 0.874494 0.082067 0.874494 0.085106 0.878543 0.191489 0.878543 0.191489 0.842105
1 0.139818 0.769231 0.136778 0.773279 0.133739 0.773279 0.130699 0.777328 0.12766 0.777328 0.121581 0.785425 0.118541 0.785425 0.115502 0.789474 0.112462 0.789474 0.109422 0.793522 0.097264 0.793522 0.094225 0.797571 0.085106 0.797571 0.082067 0.801619 0.069909 0.801619 0.066869 0.805668 0.06383 0.801619 0.057751 0.801619 0.054711 0.797571 0.051672 0.797571 0.048632 0.793522 0.042553 0.793522 0.039514 0.789474 0.033435 0.789474 0.030395 0.785425 0.024316 0.785425 0.021277 0.781377 0.018237 0.781377 0.015198 0.777328 0.009119 0.777328 0.006079 0.773279 0.0 0.773279 0.0 0.793522 0.00304 0.797571 0.009119 0.797571 0.012158 0.801619 0.018237 0.801619 0.021277 0.805668 0.030395 0.805668 0.033435 0.809717 0.039514 0.809717 0.042553 0.813765 0.054711 0.813765 0.057751 0.817814 0.069909 0.817814 0.072948 0.821862 0.088146 0.821862 0.091185 0.825911 0.103343 0.825911 0.106383 0.82996 0.121581 0.82996 0.12462 0.825911 0.12766 0.825911 0.130699 0.821862 0.133739 0.821862 0.136778 0.817814 0.139818 0.817814 0.142857 0.813765 0.145897 0.813765 0.148936 0.809717 0.151976 0.809717 0.151976 0.805668 0.155015 0.801619 0.155015 0.797571 0.158055 0.793522 0.158055 0.789474 0.161094 0.785425 0.161094 0.781377 0.164134 0.777328 0.164134 0.773279 0.167173 0.769231
1 0.519757 0.639676 0.516717 0.643725 0.516717 0.647773 0.513678 0.651822 0.519757 0.651822 0.522796 0.65587 0.525836 0.65587 0.528875 0.659919 0.534954 0.659919 0.537994 0.663968 0.544073 0.663968 0.547112 0.668016 0.553191 0.668016 0.556231 0.672065 0.559271 0.672065 0.56231 0.676113 0.568389 0.676113 0.571429 0.680162 0.571429 0.688259 0.568389 0.692308 0.568389 0.696356 0.56535 0.700405 0.556231 0.700405 0.553191 0.704453 0.547112 0.704453 0.544073 0.708502 0.534954 0.708502 0.531915 0.712551 0.522796 0.712551 0.522796 0.716599 0.525836 0.720648 0.525836 0.732794 0.528875 0.736842 0.528875 0.748988 0.531915 0.753036 0.531915 0.761134 0.534954 0.757085 0.544073 0.757085 0.547112 0.753036 0.553191 0.753036 0.556231 0.748988 0.56535 0.748988 0.568389 0.744939 0.577508 0.744939 0.577508 0.736842 0.580547 0.732794 0.580547 0.720648 0.583587 0.716599 0.583587 0.700405 0.580547 0.696356 0.580547 0.684211 0.577508 0.680162 0.577508 0.672065 0.574468 0.672065 0.571429 0.668016 0.56535 0.668016 0.56231 0.663968 0.559271 0.663968 0.556231 0.659919 0.550152 0.659919 0.547112 0.65587 0.544073 0.65587 0.541033 0.651822 0.537994 0.651822 0.534954 0.647773 0.528875 0.647773 0.525836 0.643725 0.522796 0.643725
1 0.741641 0.591093 0.738602 0.595142 0.729483 0.595142 0.726444 0.59919 0.717325 0.59919 0.714286 0.603239 0.705167 0.603239 0.702128 0.607287 0.693009 0.607287 0.699088 0.607287 0.702128 0.611336 0.708207 0.611336 0.711246 0.615385 0.717325 0.615385 0.720365 0.619433 0.723404 0.615385 0.726444 0.615385 0.732523 0.607287 0.735562 0.607287 0.738602 0.603239 0.741641 0.603239 0.74772 0.595142 0.75076 0.595142 0.744681 0.595142
1 0.93617 0.554656 0.933131 0.558704 0.917933 0.558704 0.914894 0.562753 0.899696 0.562753 0.899696 0.578947 0.902736 0.582996 0.902736 0.59919 0.905775 0.59919 0.911854 0.607287 0.914894 0.607287 0.917933 0.611336 0.969605 0.611336 0.972644 0.615385 0.972644 0.619433 0.975684 0.623482 0.975684 0.635628 0.978723 0.639676 0.978723 0.643725 0.975684 0.647773 0.966565 0.647773 0.963526 0.651822 0.957447 0.651822 0.954407 0.65587 0.945289 0.65587 0.942249 0.659919 0.930091 0.643725 0.927052 0.643725 0.920973 0.635628 0.911854 0.647773 0.911854 0.651822 0.902736 0.663968 0.905775 0.668016 0.908815 0.668016 0.914894 0.676113 0.917933 0.676113 0.920973 0.680162 0.945289 0.680162 0.948328 0.676113 0.969605 0.676113 0.972644 0.672065 0.99696 0.672065 0.99696 0.631579 0.975684 0.603239 0.978723 0.59919 0.978723 0.595142 0.984802 0.587045 0.984802 0.582996 0.987842 0.578947 0.987842 0.574899 0.990881 0.57085 0.990881 0.566802 0.987842 0.562753 0.987842 0.558704 0.984802 0.554656
1 0.358663 0.522267 0.355623 0.526316 0.352584 0.526316 0.346505 0.534413 0.343465 0.534413 0.340426 0.538462 0.337386 0.538462 0.337386 0.546559 0.334347 0.550607 0.334347 0.558704 0.346505 0.558704 0.352584 0.550607 0.352584 0.546559 0.361702 0.534413 0.386018 0.534413 0.389058 0.538462 0.386018 0.534413 0.386018 0.530364 0.382979 0.526316 0.382979 0.522267
1 0.717325 0.461538 0.714286 0.465587 0.708207 0.465587 0.705167 0.469636 0.699088 0.469636 0.699088 0.481781 0.696049 0.48583 0.696049 0.493927 0.699088 0.493927 0.702128 0.497976 0.705167 0.497976 0.711246 0.506073 0.714286 0.506073 0.717325 0.510121 0.723404 0.502024 0.726444 0.502024 0.729483 0.497976 0.729483 0.481781 0.732523 0.477733 0.732523 0.465587 0.720365 0.465587
1 0.568389 0.453441 0.550152 0.477733 0.547112 0.477733 0.534954 0.493927 0.531915 0.493927 0.528875 0.489879 0.525836 0.489879 0.522796 0.48583 0.519757 0.48583 0.516717 0.481781 0.516717 0.48583 0.513678 0.489879 0.513678 0.497976 0.510638 0.502024 0.510638 0.506073 0.513678 0.506073 0.516717 0.510121 0.522796 0.510121 0.525836 0.51417 0.528875 0.51417 0.531915 0.518219 0.528875 0.522267 0.528875 0.526316 0.522796 0.534413 0.522796 0.538462 0.519757 0.54251 0.531915 0.54251 0.534954 0.546559 0.547112 0.546559 0.550152 0.550607 0.56231 0.550607 0.56535 0.554656 0.56535 0.550607 0.568389 0.546559 0.568389 0.538462 0.571429 0.534413 0.571429 0.530364 0.574468 0.526316 0.574468 0.522267 0.571429 0.518219 0.568389 0.518219 0.559271 0.506073 0.56231 0.502024 0.568389 0.502024 0.571429 0.497976 0.577508 0.497976 0.580547 0.493927 0.586626 0.493927 0.589666 0.489879 0.595745 0.489879 0.595745 0.481781 0.598784 0.477733 0.598784 0.465587 0.601824 0.461538 0.601824 0.453441
1 0.49848 0.445344 0.495441 0.449393 0.449848 0.449393 0.446809 0.453441 0.443769 0.453441 0.440729 0.45749 0.43769 0.45749 0.43465 0.461538 0.431611 0.461538 0.428571 0.465587 0.425532 0.465587 0.422492 0.469636 0.407295 0.469636 0.404255 0.465587 0.392097 0.465587 0.389058 0.461538 0.3769 0.461538 0.37386 0.45749 0.370821 0.461538 0.346505 0.461538 0.343465 0.465587 0.316109 0.465587 0.316109 0.469636 0.31307 0.473684 0.31307 0.481781 0.31003 0.48583 0.31003 0.489879 0.340426 0.489879 0.343465 0.493927 0.346505 0.489879 0.379939 0.489879 0.382979 0.48583 0.416413 0.48583 0.419453 0.481781 0.425532 0.481781 0.428571 0.477733 0.43465 0.477733 0.43769 0.473684 0.443769 0.473684 0.446809 0.469636 0.452888 0.469636 0.455927 0.465587 0.458967 0.469636 0.458967 0.473684 0.455927 0.477733 0.455927 0.481781 0.452888 0.48583 0.452888 0.489879 0.446809 0.497976 0.422492 0.497976 0.419453 0.502024 0.419453 0.506073 0.413374 0.51417 0.480243 0.51417 0.483283 0.518219 0.492401 0.506073 0.492401 0.493927 0.495441 0.489879 0.495441 0.461538 0.49848 0.45749
1 0.899696 0.421053 0.896657 0.425101 0.890578 0.425101 0.887538 0.42915 0.881459 0.42915 0.881459 0.445344 0.902736 0.445344 0.905775 0.449393 0.920973 0.449393 0.924012 0.453441 0.930091 0.445344 0.933131 0.445344 0.93617 0.441296 0.93617 0.433198 0.933131 0.42915 0.933131 0.421053
1 0.832827 0.412955 0.823708 0.425101 0.820669 0.425101 0.817629 0.42915 0.820669 0.433198 0.823708 0.433198 0.829787 0.441296 0.835866 0.433198 0.838906 0.433198 0.841945 0.42915 0.835866 0.421053 0.835866 0.417004
1 0.765957 0.380567 0.765957 0.384615 0.762918 0.388664 0.762918 0.392713 0.759878 0.396761 0.759878 0.40081 0.756839 0.404858 0.756839 0.408907 0.753799 0.412955 0.744681 0.412955 0.735562 0.425101 0.75076 0.445344 0.759878 0.433198 0.762918 0.433198 0.775076 0.417004 0.778116 0.417004 0.781155 0.412955 0.781155 0.408907 0.784195 0.404858 0.784195 0.40081 0.787234 0.396761 0.787234 0.392713 0.790274 0.388664 0.790274 0.384615 0.793313 0.380567
1 0.607903 0.37247 0.604863 0.376518 0.598784 0.376518 0.595745 0.380567 0.592705 0.380567 0.589666 0.384615 0.583587 0.384615 0.586626 0.384615 0.589666 0.388664 0.592705 0.388664 0.595745 0.392713 0.598784 0.392713 0.601824 0.396761 0.604863 0.396761 0.607903 0.40081 0.610942 0.396761 0.613982 0.396761 0.617021 0.392713 0.620061 0.392713 0.6231 0.388664 0.62614 0.388664 0.629179 0.384615 0.632219 0.384615 0.62614 0.384615 0.6231 0.380567 0.620061 0.380567 0.617021 0.376518 0.610942 0.376518
1 0.0 0.356275 0.0 0.380567 0.00304 0.376518 0.012158 0.376518 0.012158 0.368421 0.009119 0.364372 0.006079 0.364372
1 0.890578 0.34413 0.884498 0.352227 0.884498 0.356275 0.87234 0.37247 0.87234 0.376518 0.866261 0.384615 0.890578 0.384615 0.893617 0.388664 0.896657 0.384615 0.902736 0.384615 0.905775 0.380567 0.914894 0.380567 0.917933 0.376518 0.924012 0.376518 0.924012 0.37247 0.920973 0.368421 0.920973 0.364372 0.917933 0.360324 0.917933 0.352227 0.914894 0.348178 0.914894 0.34413
1 0.191489 0.331984 0.182371 0.34413 0.182371 0.348178 0.173252 0.360324 0.182371 0.360324 0.18541 0.364372 0.191489 0.364372 0.194529 0.368421 0.203647 0.368421 0.206687 0.37247 0.209726 0.368421 0.212766 0.368421 0.215805 0.364372 0.221884 0.364372 0.221884 0.360324 0.218845 0.356275 0.218845 0.352227 0.215805 0.348178 0.215805 0.34413 0.212766 0.340081 0.212766 0.336032 0.194529 0.336032
1 0.6231 0.259109 0.6231 0.271255 0.635258 0.271255 0.635258 0.259109
1 0.580547 0.238866 0.577508 0.242915 0.556231 0.242915 0.553191 0.246964 0.553191 0.251012 0.544073 0.263158 0.544073 0.267206 0.534954 0.279352 0.534954 0.283401 0.525836 0.295547 0.522796 0.295547 0.513678 0.307692 0.510638 0.307692 0.507599 0.311741 0.507599 0.319838 0.504559 0.323887 0.504559 0.331984 0.507599 0.327935 0.510638 0.327935 0.513678 0.323887 0.519757 0.323887 0.522796 0.319838 0.541033 0.319838 0.544073 0.323887 0.550152 0.315789 0.550152 0.311741 0.553191 0.307692 0.556231 0.311741 0.556231 0.315789 0.595745 0.315789 0.598784 0.319838 0.598784 0.327935 0.595745 0.331984 0.595745 0.340081 0.610942 0.340081 0.610942 0.336032 0.613982 0.331984 0.613982 0.327935 0.617021 0.323887 0.613982 0.319838 0.613982 0.315789 0.610942 0.311741 0.610942 0.307692 0.607903 0.303644 0.607903 0.299595 0.56231 0.299595 0.559271 0.295547 0.559271 0.283401 0.571429 0.267206 0.574468 0.267206 0.580547 0.259109
1 0.987842 0.198381 0.990881 0.202429 0.990881 0.206478 0.993921 0.210526 0.99696 0.210526 0.99696 0.198381
1 0.945289 0.198381 0.942249 0.202429 0.933131 0.202429 0.933131 0.210526 0.93617 0.214575 0.93617 0.226721 0.945289 0.226721 0.948328 0.230769 0.957447 0.230769 0.963526 0.238866 0.966565 0.238866 0.975684 0.251012 0.975684 0.246964 0.972644 0.242915 0.972644 0.234818 0.969605 0.230769 0.969605 0.226721 0.954407 0.226721 0.951368 0.222672 0.951368 0.218623 0.948328 0.214575 0.948328 0.206478 0.945289 0.202429
1 0.601824 0.17004 0.601824 0.178138 0.598784 0.182186 0.598784 0.190283 0.601824 0.186235 0.6231 0.186235 0.629179 0.194332 0.629179 0.198381 0.635258 0.206478 0.644377 0.206478 0.644377 0.190283 0.641337 0.186235 0.638298 0.186235 0.632219 0.178138 0.629179 0.178138 0.6231 0.17004
