0 0.316109 0.651822 0.303951 0.668016 0.306991 0.668016 0.31003 0.672065 0.31307 0.672065 0.316109 0.676113 0.319149 0.676113 0.322188 0.680162 0.328267 0.680162 0.331307 0.684211 0.334347 0.684211 0.337386 0.688259 0.340426 0.688259 0.343465 0.692308 0.346505 0.692308 0.349544 0.696356 0.352584 0.692308 0.352584 0.688259 0.358663 0.680162 0.355623 0.680162 0.352584 0.676113 0.349544 0.676113 0.346505 0.672065 0.343465 0.672065 0.340426 0.668016 0.337386 0.668016 0.334347 0.663968 0.331307 0.663968 0.328267 0.659919 0.325228 0.659919 0.322188 0.65587 0.319149 0.65587
0 0.279635 0.526316 0.276596 0.530364 0.264438 0.530364 0.264438 0.534413 0.267477 0.538462 0.267477 0.54251 0.270517 0.546559 0.270517 0.554656 0.273556 0.558704 0.273556 0.562753 0.276596 0.566802 0.276596 0.57085 0.294833 0.57085 0.294833 0.566802 0.291793 0.562753 0.291793 0.558704 0.288754 0.554656 0.288754 0.550607 0.285714 0.546559 0.285714 0.54251 0.282675 0.538462 0.282675 0.534413 0.279635 0.530364
0 0.349544 0.493927 0.346505 0.497976 0.337386 0.497976 0.334347 0.502024 0.322188 0.502024 0.331307 0.51417 0.334347 0.510121 0.340426 0.510121 0.343465 0.506073 0.352584 0.506073 0.352584 0.502024 0.349544 0.497976
0 0.148936 0.453441 0.148936 0.45749 0.145897 0.461538 0.145897 0.465587 0.142857 0.469636 0.142857 0.473684 0.170213 0.473684 0.170213 0.465587 0.173252 0.461538 0.173252 0.453441
0 0.431611 0.449393 0.428571 0.453441 0.422492 0.453441 0.419453 0.45749 0.410334 0.45749 0.410334 0.477733 0.425532 0.477733 0.428571 0.481781 0.43465 0.473684 0.43465 0.469636 0.440729 0.461538
0 0.793313 0.425101 0.778116 0.445344 0.81155 0.445344 0.81155 0.433198 0.805471 0.433198 0.802432 0.42915 0.796353 0.42915
0 0.021277 0.376518 0.018237 0.380567 0.015198 0.380567 0.012158 0.384615 0.006079 0.384615 0.00304 0.388664 0.0 0.388664 0.0 0.417004 0.021277 0.417004 0.024316 0.421053 0.027356 0.417004 0.030395 0.417004 0.033435 0.412955 0.036474 0.412955 0.039514 0.408907 0.042553 0.408907 0.030395 0.392713 0.030395 0.388664
0 0.708207 0.311741 0.699088 0.323887 0.696049 0.323887 0.683891 0.340081 0.680851 0.340081 0.677812 0.34413 0.705167 0.34413 0.708207 0.348178 0.726444 0.348178 0.726444 0.34413 0.729483 0.340081 0.729483 0.331984 0.732523 0.327935 0.732523 0.323887 0.726444 0.323887 0.723404 0.319838 0.720365 0.319838 0.717325 0.315789 0.711246 0.315789
0 0.145897 0.299595 0.161094 0.319838 0.161094 0.323887 0.164134 0.327935 0.164134 0.336032 0.167173 0.340081 0.167173 0.34413 0.170213 0.340081 0.176292 0.340081 0.179331 0.336032 0.182371 0.336032 0.18541 0.331984 0.191489 0.331984 0.18541 0.323887 0.182371 0.323887 0.173252 0.311741 0.173252 0.299595
0 0.668693 0.255061 0.662614 0.263158 0.659574 0.263158 0.656535 0.267206 0.656535 0.271255 0.659574 0.275304 0.659574 0.279352 0.662614 0.283401 0.662614 0.287449 0.665653 0.291498 0.665653 0.295547 0.668693 0.291498 0.677812 0.291498 0.680851 0.287449 0.68997 0.287449 0.693009 0.283401 0.702128 0.283401 0.705167 0.279352 0.711246 0.279352 0.714286 0.283401 0.714286 0.291498 0.711246 0.295547 0.711246 0.303644 0.714286 0.299595 0.726444 0.299595 0.729483 0.295547 0.744681 0.295547 0.74772 0.291498 0.759878 0.291498 0.762918 0.287449 0.765957 0.287449 0.768997 0.283401 0.775076 0.283401 0.778116 0.279352 0.781155 0.279352 0.781155 0.271255 0.784195 0.267206 0.784195 0.263158 0.729483 0.263158 0.726444 0.259109 0.671733 0.259109
0 0.480243 0.222672 0.477204 0.226721 0.477204 0.230769 0.471125 0.238866 0.474164 0.234818 0.50152 0.234818 0.50152 0.230769 0.504559 0.226721 0.504559 0.222672
0 0.240122 0.222672 0.237082 0.226721 0.221884 0.226721 0.218845 0.230769 0.206687 0.230769 0.203647 0.234818 0.18845 0.234818 0.18845 0.238866 0.191489 0.242915 0.191489 0.246964 0.194529 0.251012 0.194529 0.255061 0.197568 0.259109 0.197568 0.263158 0.200608 0.267206 0.200608 0.271255 0.203647 0.267206 0.206687 0.267206 0.209726 0.263158 0.212766 0.263158 0.215805 0.259109 0.221884 0.259109 0.224924 0.255061 0.227964 0.255061 0.231003 0.251012 0.234043 0.251012 0.237082 0.246964 0.240122 0.246964 0.243161 0.242915 0.246201 0.242915 0.246201 0.238866 0.243161 0.234818 0.243161 0.230769 0.240122 0.226721
1 0.389058 0.927126 0.382979 0.935223 0.379939 0.935223 0.370821 0.947368 0.367781 0.947368 0.358663 0.959514 0.355623 0.959514 0.346505 0.97166 0.343465 0.97166 0.340426 0.975709 0.346505 0.983806 0.346505 0.987854 0.349544 0.991903 0.361702 0.975709 0.364742 0.975709 0.3769 0.959514 0.382979 0.959514 0.386018 0.955466 0.392097 0.955466 0.395137 0.951417 0.401216 0.951417 0.404255 0.947368 0.410334 0.947368 0.407295 0.94332 0.404255 0.94332 0.398176 0.935223 0.395137 0.935223
1 0.765957 0.902834 0.762918 0.906883 0.759878 0.906883 0.756839 0.910931 0.753799 0.910931 0.75076 0.91498 0.74772 0.91498 0.744681 0.919028 0.671733 0.919028 0.668693 0.91498 0.662614 0.923077 0.659574 0.923077 0.75076 0.923077 0.753799 0.927126 0.753799 0.935223 0.756839 0.939271 0.756839 0.955466 0.759878 0.959514 0.759878 0.967611 0.762918 0.967611 0.768997 0.975709 0.772036 0.975709 0.775076 0.979757 0.778116 0.979757 0.784195 0.987854 0.787234 0.987854 0.793313 0.995951 0.841945 0.995951 0.838906 0.995951 0.826748 0.979757 0.823708 0.979757 0.81155 0.963563 0.808511 0.963563 0.799392 0.951417 0.799392 0.927126 0.802432 0.923077 0.808511 0.931174 0.81155 0.931174 0.817629 0.939271 0.820669 0.939271 0.823708 0.94332 0.826748 0.939271 0.826748 0.935223 0.832827 0.927126 0.829787 0.927126 0.826748 0.923077 0.820669 0.923077 0.817629 0.919028 0.81459 0.919028 0.81155 0.91498 0.808511 0.91498 0.805471 0.910931 0.799392 0.910931 0.796353 0.906883 0.793313 0.906883 0.790274 0.902834 0.778116 0.919028
1 0.87234 0.890688 0.869301 0.894737 0.860182 0.894737 0.857143 0.898785 0.844985 0.898785 0.844985 0.902834 0.848024 0.906883 0.848024 0.919028 0.851064 0.923077 0.851064 0.939271 0.848024 0.94332 0.848024 0.951417 0.851064 0.955466 0.854103 0.955466 0.860182 0.963563 0.857143 0.967611 0.851064 0.967611 0.848024 0.97166 0.844985 0.97166 0.841945 0.975709 0.835866 0.975709 0.838906 0.975709 0.841945 0.979757 0.848024 0.979757 0.851064 0.983806 0.854103 0.983806 0.857143 0.987854 0.860182 0.987854 0.863222 0.991903 0.869301 0.991903 0.87234 0.995951 0.890578 0.995951 0.890578 0.991903 0.887538 0.987854 0.887538 0.983806 0.884498 0.979757 0.884498 0.975709 0.881459 0.97166 0.881459 0.967611 0.884498 0.963563 0.884498 0.959514 0.887538 0.955466 0.887538 0.947368 0.884498 0.94332 0.884498 0.939271 0.881459 0.935223 0.881459 0.927126 0.878419 0.923077 0.878419 0.91498 0.87538 0.910931 0.87538 0.898785 0.87234 0.894737
1 0.179331 0.862348 0.176292 0.866397 0.170213 0.866397 0.167173 0.870445 0.161094 0.870445 0.158055 0.874494 0.155015 0.874494 0.151976 0.878543 0.145897 0.878543 0.142857 0.882591 0.136778 0.882591 0.133739 0.88664 0.118541 0.88664 0.115502 0.882591 0.106383 0.882591 0.103343 0.878543 0.103343 0.927126 0.100304 0.931174 0.094225 0.931174 0.091185 0.935223 0.085106 0.935223 0.082067 0.931174 0.082067 0.927126 0.085106 0.923077 0.085106 0.910931 0.088146 0.906883 0.088146 0.898785 0.079027 0.898785 0.075988 0.894737 0.072948 0.898785 0.066869 0.898785 0.06383 0.902834 0.051672 0.902834 0.045593 0.894737 0.042553 0.898785 0.039514 0.898785 0.033435 0.906883 0.030395 0.906883 0.030395 0.910931 0.027356 0.91498 0.027356 0.927126 0.024316 0.931174 0.024316 0.939271 0.021277 0.94332 0.021277 0.947368 0.024316 0.947368 0.027356 0.951417 0.030395 0.951417 0.036474 0.959514 0.039514 0.959514 0.042553 0.963563 0.045593 0.963563 0.048632 0.967611 0.051672 0.967611 0.054711 0.97166 0.057751 0.97166 0.06383 0.979757 0.066869 0.979757 0.069909 0.983806 0.072948 0.983806 0.079027 0.991903 0.079027 0.995951 0.243161 0.995951 0.246201 0.991903 0.246201 0.987854 0.24924 0.983806 0.24924 0.97166 0.25228 0.967611 0.25228 0.951417 0.24924 0.947368 0.24924 0.931174 0.25228 0.927126 0.25228 0.923077 0.255319 0.919028 0.255319 0.91498 0.258359 0.910931 0.255319 0.910931 0.25228 0.906883 0.24924 0.906883 0.246201 0.902834 0.240122 0.902834 0.237082 0.898785 0.234043 0.898785 0.231003 0.894737 0.227964 0.894737 0.224924 0.890688 0.221884 0.890688 0.218845 0.88664 0.215805 0.88664 0.212766 0.882591 0.209726 0.882591 0.206687 0.878543 0.200608 0.878543 0.197568 0.874494 0.194529 0.874494 0.191489 0.870445 0.18845 0.870445 0.18541 0.866397 0.182371 0.866397
1 0.954407 0.550607 0.957447 0.554656 0.960486 0.554656 0.969605 0.566802 0.99696 0.566802 0.99696 0.550607
1 0.234043 0.489879 0.234043 0.497976 0.231003 0.502024 0.231003 0.51417 0.227964 0.518219 0.227964 0.526316 0.224924 0.530364 0.215805 0.530364 0.212766 0.526316 0.206687 0.526316 0.203647 0.522267 0.200608 0.522267 0.197568 0.518219 0.194529 0.518219 0.191489 0.51417 0.18541 0.51417 0.182371 0.510121 0.179331 0.510121 0.176292 0.506073 0.173252 0.510121 0.170213 0.510121 0.167173 0.51417 0.164134 0.51417 0.170213 0.522267 0.173252 0.522267 0.18541 0.538462 0.182371 0.54251 0.179331 0.54251 0.176292 0.546559 0.173252 0.546559 0.170213 0.550607 0.167173 0.550607 0.164134 0.554656 0.158055 0.554656 0.155015 0.558704 0.151976 0.558704 0.148936 0.562753 0.145897 0.562753 0.145897 0.566802 0.148936 0.57085 0.148936 0.578947 0.151976 0.582996 0.151976 0.587045 0.155015 0.582996 0.161094 0.582996 0.164134 0.578947 0.173252 0.578947 0.176292 0.574899 0.182371 0.574899 0.18541 0.57085 0.194529 0.57085 0.197568 0.566802 0.203647 0.566802 0.206687 0.562753 0.212766 0.562753 0.215805 0.558704 0.224924 0.558704 0.227964 0.554656 0.234043 0.554656 0.237082 0.550607 0.246201 0.550607 0.24924 0.546559 0.255319 0.546559 0.255319 0.526316 0.258359 0.522267 0.261398 0.526316 0.276596 0.526316 0.279635 0.522267 0.285714 0.522267 0.288754 0.518219 0.291793 0.518219 0.291793 0.506073 0.294833 0.502024 0.294833 0.489879 0.291793 0.493927 0.264438 0.493927 0.264438 0.502024 0.279635 0.502024 0.282675 0.506073 0.279635 0.510121 0.279635 0.51417 0.276596 0.518219 0.270517 0.518219 0.267477 0.522267 0.255319 0.522267 0.25228 0.518219 0.25228 0.489879
1 0.486322 0.441296 0.483283 0.445344 0.483283 0.449393 0.480243 0.453441 0.519757 0.453441 0.522796 0.45749 0.528875 0.45749 0.531915 0.461538 0.537994 0.461538 0.541033 0.465587 0.541033 0.461538 0.537994 0.45749 0.537994 0.453441 0.534954 0.449393 0.534954 0.445344 0.489362 0.445344
1 0.31307 0.408907 0.31003 0.412955 0.306991 0.412955 0.303951 0.417004 0.300912 0.417004 0.294833 0.425101 0.291793 0.425101 0.288754 0.42915 0.273556 0.42915 0.270517 0.425101 0.261398 0.425101 0.258359 0.421053 0.255319 0.425101 0.25228 0.425101 0.24924 0.42915 0.243161 0.42915 0.240122 0.433198 0.237082 0.433198 0.237082 0.437247 0.234043 0.441296 0.234043 0.445344 0.231003 0.449393 0.246201 0.449393 0.24924 0.453441 0.25228 0.453441 0.255319 0.45749 0.258359 0.45749 0.261398 0.461538 0.264438 0.45749 0.264438 0.453441 0.270517 0.445344 0.270517 0.441296 0.273556 0.437247 0.288754 0.437247 0.300912 0.421053 0.303951 0.421053
1 0.440729 0.40081 0.43769 0.404858 0.431611 0.404858 0.431611 0.42915 0.428571 0.433198 0.428571 0.437247 0.440729 0.437247 0.443769 0.433198 0.443769 0.42915 0.449848 0.421053 0.446809 0.417004 0.446809 0.412955 0.443769 0.408907 0.443769 0.404858
1 0.167173 0.40081 0.167173 0.404858 0.164134 0.408907 0.164134 0.412955 0.161094 0.417004 0.161094 0.421053 0.173252 0.421053 0.176292 0.425101 0.182371 0.417004 0.18541 0.417004 0.18845 0.412955 0.18541 0.412955 0.182371 0.408907 0.176292 0.408907 0.173252 0.404858 0.170213 0.404858
1 0.723404 0.380567 0.723404 0.384615 0.720365 0.388664 0.720365 0.396761 0.717325 0.40081 0.717325 0.408907 0.714286 0.412955 0.714286 0.421053 0.711246 0.425101 0.711246 0.42915 0.708207 0.433198 0.708207 0.441296 0.705167 0.445344 0.705167 0.453441 0.702128 0.45749 0.702128 0.461538 0.708207 0.461538 0.711246 0.465587 0.714286 0.465587 0.717325 0.469636 0.723404 0.469636 0.726444 0.473684 0.729483 0.473684 0.732523 0.477733 0.738602 0.477733 0.741641 0.481781 0.744681 0.481781 0.74772 0.48583 0.753799 0.48583 0.756839 0.489879 0.759878 0.48583 0.765957 0.48583 0.768997 0.481781 0.781155 0.481781 0.784195 0.48583 0.787234 0.48583 0.790274 0.489879 0.796353 0.489879 0.799392 0.493927 0.802432 0.493927 0.805471 0.497976 0.81155 0.497976 0.81459 0.502024 0.81459 0.497976 0.817629 0.493927 0.817629 0.489879 0.820669 0.48583 0.81459 0.48583 0.81155 0.481781 0.805471 0.481781 0.802432 0.477733 0.796353 0.477733 0.793313 0.473684 0.784195 0.473684 0.781155 0.469636 0.775076 0.469636 0.772036 0.465587 0.765957 0.465587 0.762918 0.461538 0.756839 0.461538 0.753799 0.45749 0.74772 0.45749 0.741641 0.449393 0.741641 0.445344 0.738602 0.441296 0.738602 0.437247 0.735562 0.433198 0.735562 0.40081 0.738602 0.396761 0.738602 0.392713 0.744681 0.384615 0.726444 0.384615
1 0.62614 0.356275 0.6231 0.360324 0.601824 0.360324 0.604863 0.360324 0.610942 0.368421 0.598784 0.384615 0.577508 0.384615 0.574468 0.380567 0.56231 0.380567 0.56231 0.396761 0.568389 0.396761 0.571429 0.40081 0.568389 0.404858 0.56535 0.404858 0.559271 0.412955 0.556231 0.412955 0.553191 0.417004 0.550152 0.417004 0.550152 0.433198 0.553191 0.42915 0.559271 0.42915 0.56231 0.425101 0.568389 0.425101 0.571429 0.421053 0.577508 0.421053 0.580547 0.417004 0.589666 0.417004 0.592705 0.421053 0.598784 0.421053 0.601824 0.425101 0.604863 0.425101 0.607903 0.42915 0.610942 0.42915 0.613982 0.433198 0.617021 0.433198 0.620061 0.437247 0.62614 0.437247 0.629179 0.441296 0.632219 0.441296 0.635258 0.445344 0.638298 0.441296 0.641337 0.441296 0.647416 0.433198 0.650456 0.433198 0.647416 0.433198 0.644377 0.42915 0.641337 0.42915 0.638298 0.425101 0.632219 0.425101 0.629179 0.421053 0.62614 0.421053 0.6231 0.417004 0.620061 0.417004 0.617021 0.412955 0.617021 0.404858 0.620061 0.40081 0.620061 0.384615 0.6231 0.380567 0.6231 0.368421 0.62614 0.364372
1 0.665653 0.340081 0.662614 0.34413 0.653495 0.34413 0.650456 0.348178 0.638298 0.348178 0.638298 0.360324 0.641337 0.356275 0.644377 0.356275 0.647416 0.352227 0.650456 0.352227 0.653495 0.348178 0.668693 0.348178 0.665653 0.34413
1 0.93921 0.311741 0.93617 0.315789 0.93617 0.319838 0.930091 0.327935 0.99696 0.327935 0.99696 0.311741
1 0.799392 0.287449 0.799392 0.303644 0.81459 0.303644 0.817629 0.307692 0.829787 0.307692 0.832827 0.311741 0.832827 0.315789 0.829787 0.319838 0.829787 0.323887 0.823708 0.331984 0.81459 0.331984 0.81155 0.327935 0.802432 0.327935 0.799392 0.323887 0.787234 0.323887 0.784195 0.319838 0.784195 0.323887 0.781155 0.327935 0.781155 0.336032 0.778116 0.340081 0.778116 0.348178 0.775076 0.352227 0.775076 0.360324 0.772036 0.364372 0.772036 0.380567 0.775076 0.384615 0.775076 0.408907 0.778116 0.412955 0.778116 0.425101 0.790274 0.425101 0.793313 0.421053 0.793313 0.40081 0.796353 0.396761 0.796353 0.37247 0.799392 0.368421 0.802432 0.368421 0.805471 0.364372 0.808511 0.364372 0.81155 0.360324 0.81459 0.360324 0.817629 0.356275 0.823708 0.364372 0.823708 0.368421 0.826748 0.37247 0.826748 0.376518 0.829787 0.380567 0.829787 0.384615 0.832827 0.388664 0.832827 0.392713 0.835866 0.396761 0.835866 0.40081 0.838906 0.404858 0.838906 0.408907 0.869301 0.408907 0.87234 0.412955 0.87538 0.412955 0.881459 0.421053 0.884498 0.421053 0.887538 0.425101 0.890578 0.421053 0.893617 0.421053 0.896657 0.417004 0.902736 0.417004 0.905775 0.412955 0.911854 0.412955 0.914894 0.417004 0.917933 0.417004 0.920973 0.421053 0.924012 0.421053 0.927052 0.425101 0.933131 0.425101 0.93617 0.42915 0.942249 0.42915 0.945289 0.433198 0.951368 0.433198 0.954407 0.437247 0.951368 0.441296 0.948328 0.441296 0.945289 0.445344 0.942249 0.445344 0.93921 0.449393 0.93617 0.449393 0.930091 0.45749 0.927052 0.45749 0.924012 0.461538 0.920973 0.461538 0.917933 0.465587 0.914894 0.465587 0.917933 0.469636 0.917933 0.473684 0.920973 0.477733 0.920973 0.481781 0.924012 0.48583 0.924012 0.489879 0.927052 0.493927 0.927052 0.497976 0.930091 0.502024 0.945289 0.502024 0.960486 0.481781 0.963526 0.481781 0.987842 0.449393 0.990881 0.449393 0.99696 0.441296 0.99696 0.396761 0.993921 0.396761 0.990881 0.392713 0.984802 0.392713 0.981763 0.388664 0.975684 0.388664 0.972644 0.384615 0.966565 0.384615 0.963526 0.380567 0.957447 0.380567 0.954407 0.376518 0.948328 0.376518 0.945289 0.37247 0.942249 0.376518 0.942249 0.380567 0.93617 0.388664 0.93921 0.388664 0.945289 0.396761 0.948328 0.396761 0.954407 0.404858 0.957447 0.404858 0.960486 0.408907 0.957447 0.412955 0.93921 0.412955 0.93617 0.408907 0.933131 0.408907 0.930091 0.404858 0.927052 0.404858 0.924012 0.40081 0.920973 0.40081 0.917933 0.396761 0.914894 0.396761 0.911854 0.392713 0.87234 0.392713 0.869301 0.388664 0.863222 0.388664 0.857143 0.380567 0.857143 0.376518 0.854103 0.37247 0.854103 0.368421 0.851064 0.364372 0.851064 0.360324 0.848024 0.356275 0.848024 0.352227 0.851064 0.348178 0.851064 0.34413 0.860182 0.331984 0.860182 0.327935 0.866261 0.319838 0.866261 0.315789 0.863222 0.311741 0.863222 0.307692 0.860182 0.303644 0.860182 0.299595 0.848024 0.299595 0.844985 0.295547 0.841945 0.295547 0.838906 0.291498 0.802432 0.291498
1 0.0 0.267206 0.0 0.340081 0.033435 0.340081 0.039514 0.331984 0.039514 0.327935 0.048632 0.315789 0.048632 0.311741 0.045593 0.307692 0.045593 0.295547 0.042553 0.291498 0.042553 0.283401 0.033435 0.283401 0.030395 0.279352 0.024316 0.279352 0.021277 0.275304 0.012158 0.275304 0.009119 0.271255 0.00304 0.271255
1 0.297872 0.263158 0.294833 0.267206 0.276596 0.267206 0.264438 0.283401 0.243161 0.283401 0.240122 0.287449 0.240122 0.291498 0.234043 0.299595 0.237082 0.299595 0.240122 0.303644 0.246201 0.303644 0.24924 0.307692 0.25228 0.307692 0.255319 0.311741 0.258359 0.311741 0.261398 0.315789 0.264438 0.311741 0.273556 0.311741 0.276596 0.307692 0.288754 0.307692 0.291793 0.303644 0.303951 0.303644 0.31003 0.311741 0.31307 0.311741 0.319149 0.319838 0.322188 0.319838 0.328267 0.327935 0.331307 0.327935 0.337386 0.336032 0.340426 0.336032 0.343465 0.340081 0.352584 0.340081 0.355623 0.34413 0.364742 0.34413 0.367781 0.348178 0.3769 0.348178 0.379939 0.352227 0.389058 0.352227 0.392097 0.356275 0.401216 0.356275 0.404255 0.360324 0.407295 0.356275 0.410334 0.356275 0.413374 0.352227 0.419453 0.352227 0.422492 0.348178 0.425532 0.348178 0.428571 0.34413 0.431611 0.34413 0.43465 0.340081 0.440729 0.340081 0.443769 0.336032 0.446809 0.336032 0.449848 0.331984 0.452888 0.331984 0.455927 0.327935 0.462006 0.327935 0.465046 0.323887 0.474164 0.323887 0.477204 0.327935 0.480243 0.327935 0.483283 0.331984 0.489362 0.331984 0.492401 0.336032 0.495441 0.336032 0.49848 0.340081 0.504559 0.340081 0.507599 0.34413 0.510638 0.34413 0.513678 0.348178 0.519757 0.348178 0.522796 0.352227 0.525836 0.352227 0.528875 0.356275 0.534954 0.348178 0.537994 0.348178 0.544073 0.340081 0.586626 0.340081 0.589666 0.34413 0.592705 0.340081 0.604863 0.340081 0.607903 0.336032 0.620061 0.336032 0.620061 0.331984 0.6231 0.327935 0.6231 0.315789 0.62614 0.311741 0.62614 0.307692 0.607903 0.307692 0.604863 0.303644 0.586626 0.303644 0.583587 0.299595 0.580547 0.299595 0.577508 0.295547 0.571429 0.295547 0.568389 0.291498 0.56535 0.291498 0.56231 0.287449 0.559271 0.291498 0.544073 0.291498 0.541033 0.295547 0.528875 0.295547 0.525836 0.299595 0.495441 0.299595 0.492401 0.295547 0.480243 0.295547 0.477204 0.291498 0.474164 0.295547 0.468085 0.295547 0.465046 0.299595 0.462006 0.299595 0.458967 0.303644 0.443769 0.303644 0.440729 0.299595 0.43465 0.299595 0.431611 0.295547 0.422492 0.295547 0.419453 0.291498 0.416413 0.295547 0.413374 0.295547 0.410334 0.299595 0.407295 0.299595 0.404255 0.303644 0.401216 0.303644 0.395137 0.311741 0.392097 0.311741 0.389058 0.315789 0.386018 0.315789 0.382979 0.319838 0.364742 0.319838 0.361702 0.315789 0.361702 0.299595 0.358663 0.295547 0.358663 0.279352 0.346505 0.279352 0.343465 0.275304 0.331307 0.275304 0.328267 0.271255 0.316109 0.271255 0.31307 0.267206 0.300912 0.267206
1 0.835866 0.251012 0.835866 0.271255 0.838906 0.267206 0.857143 0.267206 0.857143 0.255061 0.838906 0.255061
1 0.817629 0.234818 0.820669 0.234818 0.823708 0.238866 0.826748 0.238866 0.829787 0.242915 0.87234 0.242915 0.87234 0.234818
1 0.832827 0.182186 0.81459 0.206478 0.81155 0.206478 0.799392 0.222672 0.81155 0.222672 0.81459 0.226721 0.823708 0.214575 0.823708 0.210526 0.835866 0.194332 0.848024 0.194332 0.851064 0.198381 0.860182 0.198381 0.863222 0.202429 0.869301 0.202429 0.87234 0.206478 0.87538 0.206478 0.878419 0.210526 0.884498 0.210526 0.887538 0.214575 0.890578 0.214575 0.893617 0.218623 0.893617 0.210526 0.896657 0.206478 0.896657 0.202429 0.887538 0.202429 0.884498 0.198381 0.87538 0.198381 0.87234 0.194332 0.860182 0.194332 0.857143 0.190283 0.848024 0.190283 0.844985 0.186235 0.835866 0.186235
1 0.49848 0.089069 0.486322 0.105263 0.483283 0.105263 0.477204 0.11336 0.477204 0.121457 0.480243 0.125506 0.480243 0.137652 0.516717 0.137652 0.519757 0.133603 0.519757 0.129555 0.522796 0.125506 0.522796 0.121457 0.525836 0.117409 0.525836 0.11336 0.528875 0.109312 0.522796 0.101215 0.522796 0.097166 0.519757 0.093117 0.50152 0.093117
