0 0.391872 0.930233 0.390421 0.932171 0.380261 0.932171 0.380261 0.94186 0.38897 0.94186 0.390421 0.943798 0.393324 0.939922 0.393324 0.936047 0.391872 0.934109
0 0.88389 0.612403 0.88389 0.618217 0.882438 0.620155 0.882438 0.629845 0.880987 0.631783 0.880987 0.635659 0.889695 0.635659 0.895501 0.627907 0.896952 0.627907 0.899855 0.624031 0.898403 0.624031 0.896952 0.622093 0.895501 0.622093 0.894049 0.620155 0.892598 0.620155 0.889695 0.616279 0.888244 0.616279 0.886792 0.614341 0.885341 0.614341
0 0.457184 0.608527 0.455733 0.610465 0.454282 0.610465 0.45283 0.612403 0.451379 0.612403 0.449927 0.614341 0.448476 0.614341 0.447025 0.616279 0.445573 0.616279 0.444122 0.618217 0.442671 0.618217 0.439768 0.622093 0.438316 0.622093 0.436865 0.624031 0.435414 0.624031 0.433962 0.625969 0.432511 0.625969 0.43106 0.627907 0.429608 0.627907 0.428157 0.629845 0.426705 0.629845 0.425254 0.631783 0.423803 0.631783 0.422351 0.633721 0.4209 0.633721 0.419448 0.635659 0.417997 0.635659 0.416546 0.637597 0.415094 0.637597 0.412192 0.641473 0.41074 0.641473 0.409289 0.643411 0.407837 0.643411 0.406386 0.645349 0.404935 0.645349 0.403483 0.647287 0.402032 0.647287 0.400581 0.649225 0.399129 0.649225 0.397678 0.651163 0.396226 0.651163 0.394775 0.653101 0.393324 0.653101 0.391872 0.655039 0.390421 0.655039 0.38897 0.656977 0.387518 0.656977 0.386067 0.658915 0.384615 0.658915 0.381713 0.662791 0.380261 0.662791 0.37881 0.664729 0.377358 0.664729 0.375907 0.666667 0.374456 0.666667 0.373004 0.668605 0.371553 0.668605 0.370102 0.670543 0.36865 0.670543 0.367199 0.672481 0.367199 0.674419 0.365747 0.676357 0.365747 0.678295 0.364296 0.680233 0.364296 0.682171 0.361393 0.686047 0.361393 0.687984 0.359942 0.689922 0.359942 0.69186 0.358491 0.693798 0.358491 0.695736 0.357039 0.697674 0.37881 0.697674 0.380261 0.695736 0.383164 0.695736 0.384615 0.693798 0.387518 0.693798 0.38897 0.69186 0.390421 0.69186 0.391872 0.689922 0.393324 0.689922 0.394775 0.687984 0.397678 0.687984 0.399129 0.686047 0.400581 0.686047 0.402032 0.684109 0.403483 0.684109 0.404935 0.682171 0.407837 0.682171 0.409289 0.680233 0.41074 0.680233 0.412192 0.678295 0.413643 0.678295 0.415094 0.676357 0.417997 0.676357 0.419448 0.674419 0.4209 0.674419 0.422351 0.672481 0.423803 0.672481 0.425254 0.670543 0.428157 0.670543 0.429608 0.668605 0.43106 0.668605 0.432511 0.666667 0.433962 0.666667 0.435414 0.664729 0.438316 0.664729 0.439768 0.662791 0.441219 0.662791 0.442671 0.660853 0.444122 0.660853 0.445573 0.658915 0.448476 0.658915 0.449927 0.656977 0.451379 0.656977 0.45283 0.655039 0.454282 0.655039 0.455733 0.653101 0.458636 0.653101 0.460087 0.651163 0.461538 0.651163 0.467344 0.643411 0.468795 0.643411 0.471698 0.639535 0.471698 0.637597 0.470247 0.635659 0.470247 0.631783 0.468795 0.629845 0.468795 0.624031 0.467344 0.622093 0.467344 0.620155 0.464441 0.616279 0.46299 0.616279
0 0.992743 0.496124 0.991292 0.498062 0.986938 0.498062 0.985486 0.5 0.979681 0.5 0.978229 0.501938 0.976778 0.501938 0.975327 0.503876 0.973875 0.503876 0.973875 0.507752 0.975327 0.50969 0.975327 0.513566 0.976778 0.513566 0.978229 0.515504 0.981132 0.515504 0.982583 0.517442 0.984035 0.517442 0.985486 0.51938 0.986938 0.51938 0.988389 0.521318 0.994194 0.513566 0.995646 0.513566 0.998549 0.50969 0.998549 0.496124
0 0.595065 0.468992 0.595065 0.484496 0.605225 0.484496 0.606676 0.486434 0.606676 0.468992
0 0.119013 0.430233 0.11611 0.434109 0.114659 0.434109 0.110305 0.439922 0.108853 0.439922 0.105951 0.443798 0.104499 0.443798 0.103048 0.445736 0.103048 0.447674 0.104499 0.449612 0.104499 0.45155 0.105951 0.453488 0.105951 0.455426 0.107402 0.453488 0.108853 0.453488 0.110305 0.45155 0.113208 0.45155 0.114659 0.449612 0.11611 0.449612 0.117562 0.447674 0.119013 0.447674 0.120464 0.445736 0.123367 0.445736 0.124819 0.443798 0.12627 0.443798 0.124819 0.44186 0.124819 0.439922 0.120464 0.434109 0.120464 0.432171
0 0.05225 0.428295 0.049347 0.432171 0.047896 0.432171 0.044993 0.436047 0.043541 0.436047 0.043541 0.437984 0.04209 0.439922 0.04209 0.445736 0.040639 0.447674 0.040639 0.449612 0.043541 0.453488 0.044993 0.453488 0.050798 0.46124 0.05225 0.459302 0.056604 0.459302 0.058055 0.457364 0.063861 0.457364 0.065312 0.455426 0.066763 0.455426 0.068215 0.453488 0.071118 0.453488 0.072569 0.45155 0.07402 0.45155 0.075472 0.449612 0.078374 0.449612 0.079826 0.447674 0.081277 0.447674 0.081277 0.445736 0.079826 0.443798 0.079826 0.439922 0.078374 0.439922 0.076923 0.437984 0.075472 0.437984 0.07402 0.436047 0.072569 0.436047 0.071118 0.434109 0.069666 0.434109 0.068215 0.432171 0.066763 0.432171 0.065312 0.430233 0.053701 0.430233
0 0.092888 0.424419 0.091437 0.426357 0.076923 0.426357 0.076923 0.428295 0.078374 0.430233 0.078374 0.432171 0.092888 0.432171
0 0.341074 0.391473 0.339623 0.393411 0.332366 0.393411 0.330914 0.395349 0.323657 0.395349 0.322206 0.397287 0.322206 0.399225 0.319303 0.403101 0.320755 0.403101 0.322206 0.405039 0.323657 0.405039 0.325109 0.406977 0.328012 0.406977 0.329463 0.408915 0.330914 0.408915 0.332366 0.410853 0.333817 0.410853 0.335269 0.412791 0.33672 0.410853 0.339623 0.410853 0.341074 0.408915 0.343977 0.408915 0.343977 0.405039 0.342525 0.403101 0.342525 0.397287 0.341074 0.395349
0 0.409289 0.375969 0.407837 0.377907 0.404935 0.377907 0.403483 0.379845 0.400581 0.379845 0.399129 0.381783 0.397678 0.381783 0.396226 0.383721 0.393324 0.383721 0.394775 0.383721 0.396226 0.385659 0.397678 0.385659 0.399129 0.387597 0.400581 0.385659 0.406386 0.385659 0.407837 0.383721 0.413643 0.383721 0.415094 0.381783 0.4209 0.381783 0.4209 0.379845 0.419448 0.377907 0.419448 0.375969
0 0.523948 0.372093 0.519594 0.377907 0.519594 0.379845 0.513788 0.387597 0.513788 0.389535 0.515239 0.391473 0.515239 0.395349 0.539913 0.395349 0.541364 0.393411 0.542816 0.393411 0.544267 0.391473 0.545718 0.391473 0.544267 0.389535 0.544267 0.387597 0.542816 0.385659 0.542816 0.383721 0.541364 0.381783 0.541364 0.379845 0.539913 0.377907 0.539913 0.375969 0.538462 0.374031 0.538462 0.372093
0 0.484761 0.354651 0.480406 0.360465 0.478955 0.360465 0.477504 0.362403 0.492017 0.362403 0.493469 0.364341 0.49492 0.362403 0.496372 0.362403 0.499274 0.358527 0.500726 0.358527 0.493469 0.358527 0.492017 0.356589 0.486212 0.356589
0 0.342525 0.354651 0.342525 0.356589 0.341074 0.358527 0.341074 0.360465 0.339623 0.362403 0.34688 0.362403 0.348331 0.364341 0.349782 0.362403 0.351234 0.362403 0.352685 0.360465 0.354136 0.360465 0.352685 0.358527 0.352685 0.356589 0.351234 0.354651
0 0.306241 0.331395 0.301887 0.337209 0.303338 0.339147 0.303338 0.341085 0.30479 0.343023 0.314949 0.343023 0.316401 0.344961 0.317852 0.343023 0.317852 0.341085 0.320755 0.337209 0.319303 0.337209 0.317852 0.335271 0.316401 0.335271 0.314949 0.333333 0.307692 0.333333
0 0.198839 0.321705 0.194485 0.327519 0.194485 0.329457 0.187228 0.339147 0.162554 0.339147 0.162554 0.343023 0.161103 0.344961 0.161103 0.350775 0.164006 0.354651 0.165457 0.354651 0.166909 0.356589 0.16836 0.354651 0.177068 0.354651 0.17852 0.352713 0.187228 0.352713 0.188679 0.350775 0.188679 0.348837 0.191582 0.344961 0.193033 0.344961 0.194485 0.343023 0.197388 0.343023 0.198839 0.341085 0.20029 0.341085 0.201742 0.339147 0.203193 0.339147 0.203193 0.337209 0.204644 0.335271 0.204644 0.329457 0.206096 0.327519 0.206096 0.323643 0.204644 0.323643 0.203193 0.321705
0 0.776488 0.300388 0.776488 0.304264 0.775036 0.306202 0.775036 0.310078 0.783745 0.310078 0.783745 0.306202 0.782293 0.304264 0.782293 0.300388
0 0.373004 0.286822 0.367199 0.294574 0.358491 0.294574 0.358491 0.29845 0.359942 0.300388 0.359942 0.306202 0.361393 0.304264 0.37881 0.304264 0.380261 0.302326 0.381713 0.302326 0.383164 0.300388 0.384615 0.300388 0.386067 0.29845 0.38897 0.29845 0.390421 0.296512 0.391872 0.296512 0.393324 0.294574 0.393324 0.292636 0.396226 0.28876 0.374456 0.28876
0 0.8418 0.267442 0.840348 0.26938 0.833091 0.26938 0.83164 0.271318 0.822932 0.271318 0.822932 0.275194 0.82148 0.277132 0.82148 0.27907 0.822932 0.277132 0.828737 0.277132 0.830189 0.275194 0.849057 0.275194 0.850508 0.277132 0.851959 0.277132 0.854862 0.281008 0.856313 0.281008 0.859216 0.284884 0.860668 0.284884 0.862119 0.286822 0.86357 0.286822 0.866473 0.290698 0.867925 0.290698 0.870827 0.294574 0.87373 0.294574 0.878084 0.28876 0.872279 0.281008 0.870827 0.281008 0.865022 0.273256 0.862119 0.273256 0.860668 0.271318 0.859216 0.271318 0.857765 0.26938 0.854862 0.26938 0.853411 0.267442
0 0.439768 0.246124 0.435414 0.251938 0.433962 0.251938 0.43106 0.255814 0.433962 0.255814 0.435414 0.257752 0.436865 0.257752 0.438316 0.25969 0.441219 0.25969 0.442671 0.261628 0.444122 0.261628 0.445573 0.263566 0.449927 0.257752 0.451379 0.257752 0.454282 0.253876 0.454282 0.251938 0.45283 0.25 0.45283 0.246124
0 0.894049 0.158915 0.894049 0.164729 0.895501 0.166667 0.904209 0.166667 0.904209 0.162791 0.90566 0.160853 0.90566 0.158915
1 0.187228 0.976744 0.185776 0.978682 0.179971 0.978682 0.177068 0.982558 0.175617 0.982558 0.174165 0.984496 0.174165 0.998062 0.182874 0.998062 0.185776 0.994186 0.185776 0.986434 0.187228 0.984496
1 0.198839 0.972868 0.195936 0.976744 0.194485 0.976744 0.193033 0.978682 0.193033 0.982558 0.194485 0.984496 0.194485 0.988372 0.203193 0.988372 0.206096 0.984496 0.206096 0.982558 0.208999 0.978682 0.208999 0.976744 0.21045 0.974806 0.21045 0.972868
1 0.516691 0.835271 0.513788 0.839147 0.512337 0.839147 0.509434 0.843023 0.507983 0.843023 0.506531 0.844961 0.507983 0.846899 0.509434 0.846899 0.512337 0.850775 0.513788 0.850775 0.516691 0.854651 0.528302 0.854651 0.528302 0.852713 0.526851 0.850775 0.526851 0.848837 0.525399 0.846899 0.525399 0.844961 0.522496 0.841085 0.521045 0.841085
1 0.208999 0.71124 0.201742 0.72093 0.201742 0.722868 0.194485 0.732558 0.191582 0.732558 0.190131 0.73062 0.188679 0.73062 0.187228 0.728682 0.187228 0.73062 0.188679 0.732558 0.188679 0.734496 0.191582 0.734496 0.193033 0.736434 0.195936 0.736434 0.197388 0.738372 0.198839 0.738372 0.20029 0.74031 0.203193 0.74031 0.204644 0.742248 0.207547 0.742248 0.208999 0.744186 0.217707 0.744186 0.216255 0.744186 0.214804 0.742248 0.211901 0.742248 0.21045 0.74031 0.208999 0.74031 0.207547 0.738372 0.204644 0.738372 0.203193 0.736434 0.201742 0.736434 0.20029 0.734496 0.206096 0.726744 0.206096 0.724806 0.213353 0.715116 0.211901 0.715116
1 0.1582 0.695736 0.156749 0.697674 0.152395 0.697674 0.150943 0.699612 0.145138 0.699612 0.145138 0.707364 0.143687 0.709302 0.143687 0.773256 0.140784 0.777132 0.140784 0.77907 0.13643 0.784884 0.13643 0.786822 0.133527 0.790698 0.13643 0.794574 0.13643 0.796512 0.139332 0.800388 0.142235 0.796512 0.143687 0.796512 0.148041 0.790698 0.149492 0.790698 0.150943 0.78876 0.150943 0.781008 0.152395 0.77907 0.152395 0.773256 0.161103 0.761628 0.169811 0.761628 0.171263 0.763566 0.17852 0.763566 0.179971 0.765504 0.188679 0.765504 0.190131 0.767442 0.197388 0.767442 0.198839 0.76938 0.198839 0.767442 0.197388 0.765504 0.197388 0.75969 0.195936 0.757752 0.195936 0.755814 0.194485 0.755814 0.193033 0.753876 0.190131 0.753876 0.188679 0.751938 0.187228 0.751938 0.185776 0.75 0.184325 0.75 0.182874 0.748062 0.182874 0.724806 0.169811 0.724806 0.169811 0.734496 0.171263 0.736434 0.171263 0.742248 0.169811 0.744186 0.16836 0.742248 0.166909 0.742248 0.162554 0.736434 0.162554 0.717054 0.164006 0.715116 0.164006 0.713178 0.165457 0.71124 0.165457 0.709302 0.164006 0.707364 0.164006 0.705426 0.159652 0.699612 0.159652 0.697674
1 0.185776 0.536822 0.184325 0.53876 0.184325 0.540698 0.181422 0.544574 0.181422 0.546512 0.182874 0.54845 0.182874 0.550388 0.184325 0.552326 0.184325 0.554264 0.185776 0.556202 0.185776 0.560078 0.184325 0.562016 0.184325 0.565891 0.182874 0.567829 0.182874 0.575581 0.184325 0.577519 0.184325 0.579457 0.185776 0.581395 0.187228 0.579457 0.190131 0.579457 0.191582 0.577519 0.193033 0.577519 0.194485 0.575581 0.197388 0.575581 0.197388 0.573643 0.198839 0.571705 0.198839 0.567829 0.20029 0.565891 0.20029 0.562016 0.201742 0.560078 0.201742 0.55814 0.203193 0.556202 0.203193 0.546512 0.193033 0.546512
1 0.226415 0.52907 0.224964 0.531008 0.216255 0.531008 0.216255 0.532946 0.214804 0.534884 0.214804 0.53876 0.213353 0.540698 0.213353 0.552326 0.217707 0.55814 0.217707 0.562016 0.219158 0.563953 0.219158 0.567829 0.22061 0.565891 0.227866 0.565891 0.229318 0.563953 0.236575 0.563953 0.238026 0.562016 0.245283 0.562016 0.243832 0.560078 0.243832 0.55814 0.24238 0.556202 0.24238 0.554264 0.243832 0.552326 0.245283 0.552326 0.248186 0.54845 0.249637 0.54845 0.248186 0.546512 0.246734 0.546512 0.243832 0.542636 0.240929 0.542636 0.239478 0.540698 0.239478 0.53876 0.238026 0.536822 0.238026 0.532946 0.236575 0.531008 0.236575 0.52907
1 0.216255 0.459302 0.213353 0.463178 0.211901 0.463178 0.21045 0.465116 0.203193 0.465116 0.201742 0.463178 0.20029 0.465116 0.179971 0.465116 0.17852 0.463178 0.177068 0.465116 0.174165 0.465116 0.172714 0.467054 0.169811 0.467054 0.16836 0.468992 0.165457 0.468992 0.164006 0.47093 0.142235 0.47093 0.140784 0.468992 0.129173 0.468992 0.127721 0.467054 0.12627 0.468992 0.123367 0.468992 0.121916 0.47093 0.119013 0.47093 0.117562 0.472868 0.11611 0.472868 0.114659 0.474806 0.111756 0.474806 0.110305 0.476744 0.107402 0.476744 0.105951 0.478682 0.104499 0.478682 0.103048 0.48062 0.100145 0.48062 0.098694 0.482558 0.097242 0.482558 0.095791 0.484496 0.092888 0.484496 0.091437 0.486434 0.089985 0.486434 0.088534 0.488372 0.085631 0.488372 0.08418 0.49031 0.082729 0.49031 0.081277 0.492248 0.079826 0.492248 0.078374 0.494186 0.076923 0.494186 0.075472 0.496124 0.07402 0.496124 0.072569 0.498062 0.071118 0.498062 0.069666 0.5 0.068215 0.5 0.066763 0.501938 0.065312 0.501938 0.063861 0.503876 0.062409 0.503876 0.060958 0.505814 0.059507 0.505814 0.058055 0.507752 0.055152 0.507752 0.053701 0.50969 0.05225 0.50969 0.050798 0.511628 0.049347 0.511628 0.047896 0.513566 0.046444 0.513566 0.044993 0.515504 0.043541 0.515504 0.04209 0.517442 0.040639 0.517442 0.039187 0.51938 0.034833 0.51938 0.033382 0.521318 0.027576 0.521318 0.026125 0.523256 0.021771 0.523256 0.018868 0.527132 0.017417 0.527132 0.013062 0.532946 0.011611 0.532946 0.008708 0.536822 0.007257 0.536822 0.002903 0.542636 0.001451 0.542636 0.0 0.544574 0.0 0.587209 0.001451 0.585271 0.017417 0.585271 0.018868 0.583333 0.021771 0.583333 0.023222 0.581395 0.037736 0.581395 0.039187 0.579457 0.047896 0.579457 0.049347 0.577519 0.05225 0.577519 0.053701 0.575581 0.069666 0.575581 0.071118 0.573643 0.075472 0.573643 0.076923 0.571705 0.082729 0.571705 0.08418 0.573643 0.085631 0.573643 0.087083 0.575581 0.087083 0.583333 0.089985 0.583333 0.095791 0.591085 0.103048 0.591085 0.104499 0.593023 0.111756 0.593023 0.113208 0.594961 0.114659 0.593023 0.117562 0.593023 0.119013 0.591085 0.123367 0.591085 0.121916 0.589147 0.121916 0.587209 0.120464 0.585271 0.120464 0.583333 0.119013 0.583333 0.11611 0.579457 0.114659 0.579457 0.113208 0.577519 0.113208 0.575581 0.111756 0.573643 0.111756 0.571705 0.110305 0.569767 0.110305 0.565891 0.108853 0.563953 0.108853 0.562016 0.105951 0.562016 0.104499 0.560078 0.103048 0.560078 0.100145 0.556202 0.100145 0.554264 0.098694 0.552326 0.098694 0.550388 0.105951 0.540698 0.108853 0.540698 0.110305 0.53876 0.111756 0.53876 0.113208 0.536822 0.11611 0.536822 0.117562 0.534884 0.121916 0.534884 0.123367 0.532946 0.134978 0.532946 0.13643 0.534884 0.137881 0.532946 0.139332 0.532946 0.140784 0.531008 0.142235 0.531008 0.143687 0.52907 0.145138 0.52907 0.146589 0.527132 0.148041 0.527132 0.149492 0.525194 0.155298 0.525194 0.156749 0.523256 0.1582 0.523256 0.159652 0.521318 0.161103 0.521318 0.162554 0.51938 0.165457 0.51938 0.166909 0.517442 0.16836 0.517442 0.169811 0.515504 0.175617 0.515504 0.184325 0.527132 0.185776 0.527132 0.187228 0.52907 0.188679 0.52907 0.190131 0.531008 0.201742 0.531008 0.203193 0.532946 0.20029 0.52907 0.198839 0.52907 0.194485 0.523256 0.194485 0.51938 0.193033 0.517442 0.193033 0.515504 0.194485 0.513566 0.213353 0.513566 0.214804 0.511628 0.229318 0.511628 0.230769 0.513566 0.238026 0.513566 0.239478 0.515504 0.255443 0.515504 0.256894 0.513566 0.256894 0.511628 0.258345 0.50969 0.293179 0.50969 0.293179 0.503876 0.251089 0.503876 0.248186 0.5 0.248186 0.498062 0.245283 0.498062 0.243832 0.5 0.232221 0.5 0.229318 0.496124 0.229318 0.494186 0.227866 0.492248 0.227866 0.49031 0.226415 0.488372 0.226415 0.484496 0.227866 0.482558 0.22061 0.482558 0.219158 0.48062 0.219158 0.478682 0.22061 0.476744 0.22061 0.474806 0.222061 0.472868 0.222061 0.47093 0.22061 0.468992 0.22061 0.467054 0.217707 0.463178 0.217707 0.46124
1 0.497823 0.246124 0.496372 0.248062 0.486212 0.248062 0.484761 0.25 0.476052 0.25 0.474601 0.251938 0.464441 0.251938 0.46299 0.253876 0.455733 0.253876 0.451379 0.25969 0.449927 0.25969 0.445573 0.265504 0.444122 0.263566 0.442671 0.263566 0.441219 0.261628 0.438316 0.261628 0.436865 0.25969 0.435414 0.25969 0.433962 0.257752 0.426705 0.257752 0.425254 0.25969 0.4209 0.25969 0.419448 0.261628 0.416546 0.261628 0.415094 0.263566 0.412192 0.263566 0.41074 0.265504 0.406386 0.265504 0.404935 0.267442 0.402032 0.267442 0.400581 0.26938 0.396226 0.26938 0.394775 0.271318 0.393324 0.271318 0.391872 0.26938 0.393324 0.267442 0.393324 0.265504 0.394775 0.263566 0.394775 0.261628 0.396226 0.25969 0.394775 0.261628 0.373004 0.261628 0.371553 0.263566 0.362845 0.263566 0.361393 0.265504 0.352685 0.265504 0.351234 0.267442 0.343977 0.267442 0.342525 0.26938 0.333817 0.26938 0.332366 0.271318 0.323657 0.271318 0.322206 0.273256 0.313498 0.273256 0.312046 0.275194 0.30479 0.275194 0.303338 0.277132 0.29463 0.277132 0.293179 0.27907 0.28447 0.27907 0.283019 0.281008 0.278665 0.281008 0.277213 0.282946 0.271408 0.282946 0.269956 0.284884 0.265602 0.284884 0.264151 0.286822 0.259797 0.286822 0.258345 0.28876 0.25254 0.28876 0.251089 0.290698 0.246734 0.290698 0.251089 0.296512 0.25254 0.294574 0.287373 0.294574 0.288824 0.296512 0.287373 0.29845 0.28447 0.29845 0.283019 0.300388 0.281567 0.300388 0.280116 0.302326 0.278665 0.302326 0.277213 0.304264 0.274311 0.304264 0.272859 0.306202 0.271408 0.306202 0.269956 0.30814 0.261248 0.30814 0.259797 0.310078 0.251089 0.310078 0.249637 0.312016 0.240929 0.312016 0.239478 0.313953 0.233672 0.313953 0.232221 0.315891 0.226415 0.315891 0.224964 0.317829 0.219158 0.317829 0.217707 0.319767 0.214804 0.319767 0.213353 0.321705 0.211901 0.321705 0.21045 0.323643 0.207547 0.323643 0.207547 0.327519 0.206096 0.329457 0.206096 0.335271 0.204644 0.337209 0.204644 0.339147 0.207547 0.343023 0.207547 0.344961 0.208999 0.346899 0.222061 0.346899 0.223512 0.348837 0.226415 0.344961 0.227866 0.344961 0.230769 0.341085 0.232221 0.341085 0.233672 0.339147 0.238026 0.339147 0.239478 0.337209 0.243832 0.337209 0.245283 0.335271 0.249637 0.335271 0.253991 0.329457 0.255443 0.329457 0.256894 0.327519 0.256894 0.325581 0.258345 0.323643 0.258345 0.321705 0.261248 0.317829 0.2627 0.317829 0.264151 0.315891 0.267054 0.315891 0.268505 0.313953 0.277213 0.313953 0.278665 0.312016 0.288824 0.312016 0.290276 0.310078 0.293179 0.310078 0.29463 0.30814 0.297533 0.30814 0.298984 0.306202 0.303338 0.306202 0.30479 0.304264 0.307692 0.304264 0.309144 0.302326 0.312046 0.302326 0.313498 0.300388 0.319303 0.300388 0.320755 0.29845 0.32656 0.29845 0.328012 0.296512 0.333817 0.296512 0.335269 0.29845 0.333817 0.300388 0.330914 0.300388 0.329463 0.302326 0.328012 0.302326 0.32656 0.304264 0.323657 0.304264 0.322206 0.306202 0.319303 0.306202 0.317852 0.30814 0.316401 0.30814 0.314949 0.310078 0.312046 0.310078 0.310595 0.312016 0.309144 0.312016 0.307692 0.313953 0.30479 0.313953 0.303338 0.315891 0.29463 0.315891 0.293179 0.317829 0.285922 0.317829 0.28447 0.319767 0.275762 0.319767 0.272859 0.323643 0.271408 0.323643 0.265602 0.331395 0.264151 0.331395 0.261248 0.335271 0.259797 0.335271 0.258345 0.337209 0.256894 0.337209 0.255443 0.339147 0.253991 0.339147 0.25254 0.341085 0.251089 0.341085 0.248186 0.344961 0.246734 0.344961 0.245283 0.346899 0.243832 0.346899 0.24238 0.348837 0.240929 0.348837 0.239478 0.350775 0.238026 0.350775 0.236575 0.352713 0.232221 0.352713 0.230769 0.354651 0.227866 0.354651 0.226415 0.356589 0.222061 0.356589 0.22061 0.358527 0.217707 0.358527 0.216255 0.360465 0.211901 0.360465 0.21045 0.362403 0.206096 0.362403 0.204644 0.364341 0.201742 0.364341 0.20029 0.366279 0.195936 0.366279 0.194485 0.368217 0.191582 0.368217 0.190131 0.370155 0.185776 0.370155 0.184325 0.372093 0.17852 0.372093 0.177068 0.374031 0.171263 0.374031 0.169811 0.375969 0.165457 0.375969 0.164006 0.377907 0.1582 0.377907 0.156749 0.379845 0.150943 0.379845 0.149492 0.381783 0.143687 0.381783 0.142235 0.383721 0.137881 0.383721 0.13643 0.385659 0.130624 0.385659 0.129173 0.387597 0.123367 0.387597 0.121916 0.389535 0.11611 0.389535 0.114659 0.391473 0.110305 0.391473 0.108853 0.393411 0.103048 0.393411 0.101597 0.395349 0.095791 0.395349 0.09434 0.397287 0.09434 0.399225 0.091437 0.403101 0.091437 0.405039 0.089985 0.406977 0.087083 0.406977 0.085631 0.405039 0.081277 0.405039 0.079826 0.403101 0.076923 0.403101 0.075472 0.401163 0.072569 0.401163 0.071118 0.399225 0.068215 0.399225 0.066763 0.397287 0.062409 0.397287 0.060958 0.395349 0.058055 0.395349 0.056604 0.393411 0.053701 0.393411 0.05225 0.391473 0.053701 0.389535 0.056604 0.389535 0.058055 0.387597 0.060958 0.387597 0.062409 0.385659 0.063861 0.385659 0.065312 0.383721 0.068215 0.383721 0.069666 0.381783 0.072569 0.381783 0.07402 0.379845 0.076923 0.379845 0.078374 0.377907 0.081277 0.377907 0.082729 0.375969 0.087083 0.375969 0.088534 0.374031 0.091437 0.374031 0.092888 0.372093 0.095791 0.372093 0.097242 0.370155 0.101597 0.370155 0.103048 0.368217 0.105951 0.368217 0.107402 0.366279 0.111756 0.366279 0.113208 0.364341 0.11611 0.364341 0.117562 0.362403 0.121916 0.362403 0.123367 0.360465 0.129173 0.360465 0.130624 0.358527 0.134978 0.358527 0.13643 0.356589 0.140784 0.356589 0.142235 0.354651 0.146589 0.354651 0.148041 0.352713 0.153846 0.352713 0.155298 0.350775 0.159652 0.350775 0.159652 0.344961 0.161103 0.343023 0.161103 0.337209 0.162554 0.335271 0.162554 0.333333 0.164006 0.331395 0.164006 0.329457 0.165457 0.327519 0.165457 0.325581 0.166909 0.323643 0.166909 0.321705 0.16836 0.319767 0.171263 0.319767 0.172714 0.317829 0.198839 0.317829 0.20029 0.319767 0.201742 0.317829 0.204644 0.317829 0.206096 0.315891 0.208999 0.315891 0.21045 0.313953 0.214804 0.313953 0.216255 0.312016 0.219158 0.312016 0.22061 0.310078 0.223512 0.310078 0.223512 0.30814 0.222061 0.306202 0.222061 0.304264 0.22061 0.302326 0.22061 0.300388 0.219158 0.29845 0.219158 0.296512 0.21045 0.296512 0.208999 0.294574 0.201742 0.294574 0.20029 0.292636 0.198839 0.294574 0.187228 0.294574 0.185776 0.296512 0.174165 0.296512 0.172714 0.29845 0.159652 0.29845 0.1582 0.300388 0.146589 0.300388 0.145138 0.302326 0.133527 0.302326 0.132075 0.304264 0.120464 0.304264 0.119013 0.306202 0.107402 0.306202 0.105951 0.30814 0.092888 0.30814 0.091437 0.310078 0.079826 0.310078 0.078374 0.312016 0.066763 0.312016 0.065312 0.313953 0.053701 0.313953 0.05225 0.315891 0.040639 0.315891 0.039187 0.317829 0.026125 0.317829 0.024673 0.319767 0.013062 0.319767 0.011611 0.321705 0.0 0.321705 0.0 0.343023 0.020319 0.343023 0.021771 0.344961 0.023222 0.343023 0.029028 0.343023 0.030479 0.341085 0.037736 0.341085 0.039187 0.339147 0.044993 0.339147 0.046444 0.337209 0.053701 0.337209 0.055152 0.335271 0.060958 0.335271 0.062409 0.333333 0.069666 0.333333 0.071118 0.331395 0.07402 0.331395 0.075472 0.333333 0.075472 0.335271 0.07402 0.337209 0.07402 0.339147 0.071118 0.343023 0.068215 0.343023 0.066763 0.344961 0.062409 0.344961 0.060958 0.346899 0.058055 0.346899 0.056604 0.348837 0.047896 0.348837 0.046444 0.350775 0.037736 0.350775 0.036284 0.352713 0.027576 0.352713 0.033382 0.352713 0.034833 0.354651 0.04209 0.354651 0.043541 0.356589 0.049347 0.356589 0.05225 0.360465 0.05225 0.362403 0.050798 0.364341 0.036284 0.364341 0.034833 0.366279 0.020319 0.366279 0.018868 0.368217 0.018868 0.370155 0.017417 0.372093 0.017417 0.374031 0.015965 0.375969 0.014514 0.375969 0.013062 0.374031 0.011611 0.374031 0.01016 0.372093 0.008708 0.372093 0.005806 0.368217 0.004354 0.368217 0.002903 0.366279 0.001451 0.366279 0.0 0.364341 0.0 0.49031 0.001451 0.488372 0.011611 0.488372 0.013062 0.486434 0.024673 0.486434 0.026125 0.484496 0.036284 0.484496 0.037736 0.486434 0.039187 0.486434 0.043541 0.492248 0.044993 0.49031 0.046444 0.49031 0.049347 0.486434 0.050798 0.486434 0.049347 0.484496 0.049347 0.482558 0.047896 0.48062 0.047896 0.478682 0.046444 0.476744 0.046444 0.474806 0.044993 0.472868 0.044993 0.47093 0.046444 0.468992 0.049347 0.468992 0.050798 0.467054 0.053701 0.467054 0.055152 0.465116 0.058055 0.465116 0.059507 0.463178 0.062409 0.463178 0.063861 0.46124 0.066763 0.46124 0.068215 0.459302 0.071118 0.459302 0.072569 0.457364 0.076923 0.457364 0.078374 0.455426 0.081277 0.455426 0.082729 0.453488 0.085631 0.453488 0.087083 0.45155 0.089985 0.45155 0.091437 0.449612 0.09434 0.449612 0.095791 0.447674 0.098694 0.447674 0.100145 0.445736 0.101597 0.445736 0.104499 0.44186 0.105951 0.44186 0.108853 0.437984 0.110305 0.437984 0.114659 0.432171 0.11611 0.432171 0.119013 0.428295 0.121916 0.432171 0.121916 0.434109 0.12627 0.439922 0.12627 0.44186 0.127721 0.443798 0.165457 0.443798 0.169811 0.437984 0.171263 0.437984 0.175617 0.432171 0.171263 0.432171 0.169811 0.430233 0.165457 0.430233 0.164006 0.428295 0.1582 0.428295 0.156749 0.426357 0.152395 0.426357 0.150943 0.424419 0.145138 0.424419 0.143687 0.422481 0.137881 0.422481 0.13643 0.420543 0.132075 0.420543 0.130624 0.418605 0.124819 0.418605 0.123367 0.416667 0.117562 0.416667 0.11611 0.414729 0.111756 0.414729 0.110305 0.412791 0.104499 0.412791 0.103048 0.410853 0.104499 0.408915 0.11611 0.408915 0.117562 0.410853 0.129173 0.410853 0.130624 0.412791 0.137881 0.412791 0.139332 0.414729 0.145138 0.414729 0.146589 0.416667 0.153846 0.416667 0.155298 0.418605 0.161103 0.418605 0.162554 0.420543 0.164006 0.418605 0.16836 0.418605 0.169811 0.416667 0.174165 0.416667 0.174165 0.406977 0.175617 0.405039 0.177068 0.405039 0.179971 0.401163 0.191582 0.401163 0.193033 0.403101 0.194485 0.401163 0.195936 0.401163 0.198839 0.397287 0.20029 0.397287 0.201742 0.395349 0.203193 0.395349 0.204644 0.393411 0.222061 0.393411 0.226415 0.399225 0.226415 0.401163 0.229318 0.405039 0.227866 0.406977 0.224964 0.406977 0.223512 0.408915 0.22061 0.408915 0.219158 0.410853 0.214804 0.410853 0.213353 0.412791 0.21045 0.412791 0.208999 0.414729 0.206096 0.414729 0.206096 0.416667 0.207547 0.418605 0.207547 0.422481 0.208999 0.420543 0.214804 0.420543 0.216255 0.418605 0.222061 0.418605 0.223512 0.416667 0.229318 0.416667 0.230769 0.414729 0.238026 0.414729 0.239478 0.412791 0.245283 0.412791 0.246734 0.410853 0.271408 0.410853 0.272859 0.408915 0.274311 0.408915 0.277213 0.405039 0.278665 0.405039 0.280116 0.403101 0.288824 0.403101 0.290276 0.405039 0.291727 0.403101 0.291727 0.401163 0.293179 0.399225 0.291727 0.397287 0.291727 0.395349 0.290276 0.393411 0.290276 0.391473 0.288824 0.389535 0.290276 0.387597 0.291727 0.387597 0.293179 0.385659 0.296081 0.385659 0.297533 0.383721 0.298984 0.383721 0.300435 0.381783 0.30479 0.381783 0.306241 0.383721 0.307692 0.383721 0.309144 0.385659 0.310595 0.385659 0.312046 0.387597 0.313498 0.387597 0.314949 0.389535 0.316401 0.389535 0.317852 0.391473 0.319303 0.391473 0.320755 0.393411 0.330914 0.393411 0.332366 0.391473 0.339623 0.391473 0.341074 0.389535 0.370102 0.389535 0.371553 0.387597 0.397678 0.387597 0.396226 0.387597 0.394775 0.385659 0.393324 0.385659 0.391872 0.383721 0.393324 0.381783 0.396226 0.381783 0.397678 0.379845 0.399129 0.379845 0.400581 0.377907 0.403483 0.377907 0.404935 0.375969 0.406386 0.375969 0.394775 0.375969 0.393324 0.374031 0.393324 0.366279 0.391872 0.364341 0.391872 0.358527 0.393324 0.356589 0.403483 0.356589 0.407837 0.350775 0.409289 0.350775 0.413643 0.344961 0.416546 0.344961 0.417997 0.343023 0.419448 0.343023 0.4209 0.341085 0.422351 0.343023 0.423803 0.343023 0.425254 0.344961 0.426705 0.344961 0.428157 0.346899 0.429608 0.346899 0.43106 0.348837 0.432511 0.348837 0.433962 0.350775 0.432511 0.352713 0.429608 0.352713 0.428157 0.354651 0.426705 0.354651 0.425254 0.356589 0.422351 0.356589 0.4209 0.358527 0.416546 0.358527 0.417997 0.358527 0.419448 0.360465 0.422351 0.360465 0.423803 0.362403 0.425254 0.362403 0.426705 0.364341 0.429608 0.364341 0.43106 0.366279 0.433962 0.366279 0.435414 0.368217 0.433962 0.370155 0.43106 0.370155 0.429608 0.372093 0.425254 0.372093 0.423803 0.374031 0.4209 0.374031 0.4209 0.377907 0.422351 0.379845 0.448476 0.379845 0.449927 0.377907 0.46299 0.377907 0.46299 0.375969 0.464441 0.374031 0.464441 0.368217 0.465893 0.366279 0.465893 0.364341 0.46299 0.364341 0.461538 0.362403 0.458636 0.362403 0.457184 0.360465 0.45283 0.360465 0.451379 0.358527 0.45283 0.356589 0.45283 0.354651 0.455733 0.350775 0.455733 0.348837 0.458636 0.344961 0.458636 0.343023 0.460087 0.341085 0.460087 0.337209 0.458636 0.335271 0.458636 0.331395 0.460087 0.329457 0.460087 0.327519 0.461538 0.325581 0.464441 0.325581 0.465893 0.323643 0.467344 0.323643 0.468795 0.321705 0.471698 0.321705 0.473149 0.319767 0.474601 0.319767 0.473149 0.317829 0.471698 0.317829 0.465893 0.310078 0.464441 0.310078 0.461538 0.306202 0.467344 0.29845 0.467344 0.296512 0.474601 0.286822 0.500726 0.286822 0.502177 0.28876 0.513788 0.28876 0.518142 0.282946 0.519594 0.282946 0.522496 0.27907 0.522496 0.275194 0.523948 0.273256 0.523948 0.267442 0.525399 0.265504 0.525399 0.261628 0.519594 0.261628 0.518142 0.25969 0.502177 0.25969 0.500726 0.257752 0.502177 0.255814 0.502177 0.253876 0.503628 0.251938 0.503628 0.25 0.50508 0.248062 0.50508 0.246124
1 0.892598 0.156977 0.889695 0.160853 0.888244 0.160853 0.88389 0.166667 0.882438 0.166667 0.878084 0.172481 0.876633 0.172481 0.872279 0.178295 0.870827 0.178295 0.866473 0.184109 0.865022 0.184109 0.86357 0.186047 0.866473 0.189922 0.866473 0.19186 0.869376 0.195736 0.869376 0.203488 0.870827 0.205426 0.870827 0.215116 0.872279 0.213178 0.879536 0.213178 0.880987 0.21124 0.888244 0.21124 0.898403 0.197674 0.898403 0.195736 0.896952 0.193798 0.896952 0.189922 0.895501 0.187984 0.895501 0.184109 0.894049 0.182171 0.894049 0.174419 0.895501 0.172481 0.895501 0.168605 0.892598 0.164729
