0 0.202605 0.901544 0.201158 0.903475 0.199711 0.903475 0.198263 0.905405 0.196816 0.905405 0.195369 0.907336 0.192475 0.907336 0.191027 0.909266 0.18958 0.909266 0.188133 0.911197 0.186686 0.911197 0.185239 0.913127 0.183792 0.913127 0.182344 0.915058 0.17945 0.915058 0.178003 0.916988 0.176556 0.916988 0.173661 0.920849 0.172214 0.920849 0.166425 0.928571 0.164978 0.928571 0.160637 0.934363 0.15919 0.934363 0.157742 0.936293 0.15919 0.936293 0.160637 0.938224 0.162084 0.938224 0.163531 0.940154 0.164978 0.940154 0.166425 0.942085 0.167873 0.942085 0.16932 0.944015 0.170767 0.944015 0.172214 0.945946 0.173661 0.945946 0.175109 0.947876 0.176556 0.945946 0.178003 0.945946 0.17945 0.944015 0.180897 0.944015 0.182344 0.942085 0.183792 0.942085 0.185239 0.940154 0.186686 0.940154 0.18958 0.936293 0.191027 0.936293 0.192475 0.934363 0.193922 0.934363 0.195369 0.932432 0.196816 0.932432 0.198263 0.930502 0.199711 0.930502 0.201158 0.928571 0.202605 0.928571 0.205499 0.92471 0.206946 0.92471 0.208394 0.92278 0.209841 0.92278 0.211288 0.920849 0.212735 0.920849 0.21563 0.916988 0.217077 0.916988 0.21563 0.915058 0.21563 0.913127 0.214182 0.911197 0.214182 0.909266 0.212735 0.909266 0.211288 0.907336 0.209841 0.907336 0.208394 0.905405 0.206946 0.905405 0.205499 0.903475 0.204052 0.903475
0 0.512301 0.839768 0.510854 0.841699 0.476122 0.841699 0.476122 0.84556 0.477569 0.84749 0.477569 0.853282 0.479016 0.851351 0.494935 0.851351 0.496382 0.849421 0.512301 0.849421
0 0.748191 0.830116 0.746744 0.832046 0.742402 0.832046 0.740955 0.833977 0.735166 0.833977 0.733719 0.835907 0.732272 0.835907 0.732272 0.837838 0.730825 0.839768 0.730825 0.841699 0.732272 0.841699 0.733719 0.843629 0.735166 0.843629 0.736614 0.84556 0.738061 0.84556 0.740955 0.849421 0.740955 0.851351 0.742402 0.853282 0.742402 0.857143 0.743849 0.859073 0.743849 0.861004 0.745297 0.862934 0.746744 0.862934 0.748191 0.864865 0.749638 0.862934 0.751085 0.862934 0.75398 0.859073 0.755427 0.859073 0.756874 0.857143 0.762663 0.857143 0.765557 0.861004 0.767004 0.861004 0.769899 0.864865 0.771346 0.862934 0.772793 0.862934 0.77424 0.861004 0.777135 0.861004 0.778582 0.859073 0.780029 0.859073 0.780029 0.857143 0.778582 0.855212 0.778582 0.851351 0.777135 0.849421 0.775687 0.849421 0.769899 0.841699 0.768452 0.841699 0.765557 0.837838 0.765557 0.830116
0 0.376266 0.776062 0.370478 0.783784 0.36903 0.783784 0.366136 0.787645 0.367583 0.787645 0.36903 0.789575 0.370478 0.789575 0.371925 0.791506 0.374819 0.791506 0.376266 0.793436 0.377713 0.793436 0.379161 0.795367 0.380608 0.795367 0.382055 0.797297 0.383502 0.797297 0.384949 0.799228 0.386397 0.797297 0.390738 0.797297 0.392185 0.795367 0.396527 0.795367 0.39508 0.793436 0.393632 0.793436 0.390738 0.789575 0.389291 0.789575 0.384949 0.783784 0.383502 0.783784 0.380608 0.779923 0.379161 0.779923
0 0.001447 0.725869 0.0 0.727799 0.0 0.747104 0.008683 0.747104 0.01013 0.745174 0.013025 0.745174 0.014472 0.743243 0.017366 0.743243 0.018813 0.741313 0.018813 0.739382 0.02026 0.737452 0.018813 0.735521 0.018813 0.733591 0.014472 0.727799 0.014472 0.725869
0 0.991317 0.698842 0.98987 0.700772 0.988423 0.700772 0.986975 0.702703 0.985528 0.702703 0.984081 0.704633 0.981187 0.704633 0.97974 0.706564 0.978292 0.706564 0.978292 0.716216 0.97974 0.718147 0.97974 0.720077 0.981187 0.722008 0.981187 0.723938 0.982634 0.722008 0.998553 0.722008 0.998553 0.698842
0 0.523878 0.667954 0.522431 0.669884 0.520984 0.669884 0.520984 0.675676 0.522431 0.677606 0.522431 0.689189 0.523878 0.69112 0.523878 0.696911 0.525326 0.696911 0.526773 0.698842 0.529667 0.698842 0.531114 0.700772 0.532562 0.700772 0.534009 0.702703 0.53835 0.696911 0.53835 0.69112 0.536903 0.689189 0.536903 0.681467 0.531114 0.673745 0.529667 0.673745 0.526773 0.669884 0.525326 0.669884
0 0.118669 0.611969 0.115774 0.61583 0.115774 0.619691 0.114327 0.621622 0.114327 0.629344 0.117221 0.633205 0.118669 0.633205 0.121563 0.637066 0.131693 0.637066 0.13314 0.638996 0.13314 0.625483 0.131693 0.623552 0.131693 0.621622 0.127352 0.61583 0.127352 0.6139 0.125904 0.611969
0 0.337192 0.598456 0.335745 0.600386 0.334298 0.600386 0.331404 0.604247 0.329957 0.604247 0.328509 0.606178 0.327062 0.606178 0.324168 0.610039 0.322721 0.610039 0.321274 0.611969 0.319826 0.611969 0.318379 0.6139 0.316932 0.6139 0.314038 0.617761 0.31259 0.617761 0.311143 0.619691 0.309696 0.619691 0.306802 0.623552 0.305355 0.623552 0.301013 0.629344 0.301013 0.631274 0.296671 0.637066 0.296671 0.640927 0.298119 0.642857 0.298119 0.646718 0.299566 0.644788 0.309696 0.644788 0.311143 0.642857 0.318379 0.642857 0.319826 0.640927 0.321274 0.640927 0.324168 0.637066 0.325615 0.637066 0.328509 0.633205 0.329957 0.633205 0.331404 0.631274 0.332851 0.631274 0.335745 0.627413 0.337192 0.627413 0.340087 0.623552 0.341534 0.623552 0.342981 0.625483 0.342981 0.627413 0.344428 0.629344 0.354559 0.61583 0.356006 0.61583 0.357453 0.6139 0.360347 0.6139 0.361795 0.611969 0.363242 0.611969 0.363242 0.606178 0.357453 0.606178 0.356006 0.604247 0.351664 0.604247 0.350217 0.602317 0.344428 0.602317 0.342981 0.600386 0.33864 0.600386
0 0.93343 0.592664 0.931983 0.594595 0.927641 0.594595 0.926194 0.596525 0.921852 0.596525 0.9233 0.596525 0.926194 0.600386 0.927641 0.600386 0.929088 0.602317 0.930535 0.602317 0.93343 0.606178 0.934877 0.606178 0.936324 0.608108 0.937771 0.606178 0.937771 0.604247 0.939219 0.602317 0.936324 0.598456 0.936324 0.596525
0 0.552822 0.583012 0.551375 0.584942 0.545586 0.584942 0.544139 0.586873 0.536903 0.586873 0.535456 0.588803 0.529667 0.588803 0.52822 0.590734 0.525326 0.590734 0.523878 0.592664 0.522431 0.592664 0.520984 0.594595 0.51809 0.594595 0.516643 0.596525 0.515195 0.596525 0.513748 0.598456 0.512301 0.598456 0.512301 0.600386 0.510854 0.602317 0.516643 0.602317 0.51809 0.604247 0.519537 0.602317 0.523878 0.602317 0.525326 0.600386 0.531114 0.600386 0.532562 0.602317 0.535456 0.602317 0.536903 0.604247 0.53835 0.604247 0.539797 0.606178 0.542692 0.606178 0.544139 0.608108 0.547033 0.608108 0.54848 0.610039 0.551375 0.606178 0.552822 0.606178 0.555716 0.602317 0.557164 0.602317 0.561505 0.596525 0.561505 0.590734 0.560058 0.588803 0.560058 0.583012
0 0.458755 0.563707 0.457308 0.565637 0.441389 0.565637 0.439942 0.567568 0.434153 0.567568 0.432706 0.569498 0.428365 0.569498 0.426918 0.571429 0.421129 0.571429 0.421129 0.573359 0.419682 0.57529 0.419682 0.57722 0.418234 0.579151 0.418234 0.583012 0.416787 0.584942 0.416787 0.590734 0.41534 0.592664 0.41534 0.594595 0.413893 0.596525 0.412446 0.596525 0.410999 0.598456 0.409551 0.598456 0.408104 0.600386 0.406657 0.600386 0.40521 0.602317 0.403763 0.602317 0.400868 0.606178 0.399421 0.606178 0.397974 0.608108 0.396527 0.608108 0.39508 0.610039 0.393632 0.610039 0.392185 0.611969 0.390738 0.611969 0.393632 0.61583 0.39508 0.61583 0.400868 0.623552 0.402315 0.621622 0.403763 0.621622 0.40521 0.619691 0.408104 0.619691 0.409551 0.617761 0.410999 0.617761 0.412446 0.61583 0.413893 0.61583 0.41534 0.6139 0.418234 0.6139 0.419682 0.611969 0.421129 0.611969 0.422576 0.610039 0.424023 0.610039 0.42547 0.608108 0.428365 0.608108 0.429812 0.606178 0.431259 0.606178 0.432706 0.604247 0.435601 0.604247 0.437048 0.602317 0.438495 0.602317 0.439942 0.600386 0.441389 0.600386 0.442836 0.598456 0.445731 0.598456 0.447178 0.596525 0.448625 0.596525 0.450072 0.594595 0.45152 0.594595 0.452967 0.592664 0.454414 0.592664 0.457308 0.588803 0.458755 0.588803 0.460203 0.586873 0.46165 0.586873 0.463097 0.584942 0.464544 0.584942 0.467438 0.581081 0.468886 0.581081 0.470333 0.579151 0.47178 0.579151 0.47178 0.57529 0.473227 0.573359 0.473227 0.569498 0.470333 0.569498 0.468886 0.567568 0.464544 0.567568 0.463097 0.565637 0.460203 0.565637
0 0.900145 0.532819 0.898698 0.534749 0.878437 0.534749 0.879884 0.53668 0.879884 0.53861 0.882779 0.542471 0.882779 0.544402 0.884226 0.546332 0.901592 0.546332 0.903039 0.548263 0.904486 0.546332 0.908828 0.546332 0.910275 0.544402 0.914616 0.544402 0.913169 0.544402 0.910275 0.540541 0.908828 0.540541 0.907381 0.53861 0.905933 0.53861 0.903039 0.534749 0.901592 0.534749
0 0.607815 0.503861 0.606368 0.505792 0.591896 0.505792 0.589001 0.509653 0.587554 0.509653 0.590449 0.513514 0.590449 0.515444 0.591896 0.517375 0.596237 0.517375 0.597685 0.519305 0.600579 0.519305 0.602026 0.521236 0.617945 0.521236 0.619392 0.523166 0.623734 0.523166 0.625181 0.525097 0.626628 0.523166 0.628075 0.523166 0.628075 0.517375 0.626628 0.515444 0.626628 0.507722 0.617945 0.507722 0.616498 0.505792 0.609262 0.505792
0 0.658466 0.488417 0.649783 0.5 0.649783 0.501931 0.65123 0.503861 0.65123 0.505792 0.652677 0.507722 0.652677 0.509653 0.654124 0.511583 0.655572 0.511583 0.658466 0.515444 0.659913 0.515444 0.662808 0.519305 0.665702 0.515444 0.667149 0.515444 0.670043 0.511583 0.671491 0.511583 0.671491 0.5 0.670043 0.498069 0.670043 0.496139 0.668596 0.494208 0.668596 0.492278 0.667149 0.490347 0.659913 0.490347
0 0.515195 0.478764 0.513748 0.480695 0.509407 0.480695 0.507959 0.482625 0.505065 0.482625 0.503618 0.484556 0.502171 0.484556 0.500724 0.486486 0.499276 0.486486 0.496382 0.490347 0.494935 0.490347 0.494935 0.496139 0.493488 0.498069 0.493488 0.542471 0.492041 0.544402 0.492041 0.571429 0.496382 0.571429 0.497829 0.569498 0.502171 0.569498 0.503618 0.567568 0.507959 0.567568 0.506512 0.565637 0.505065 0.565637 0.502171 0.561776 0.500724 0.561776 0.497829 0.557915 0.497829 0.555985 0.496382 0.554054 0.496382 0.552124 0.494935 0.550193 0.494935 0.546332 0.496382 0.544402 0.497829 0.546332 0.499276 0.546332 0.500724 0.548263 0.503618 0.548263 0.505065 0.550193 0.506512 0.550193 0.507959 0.552124 0.509407 0.552124 0.512301 0.555985 0.513748 0.555985 0.515195 0.557915 0.522431 0.557915 0.523878 0.555985 0.529667 0.555985 0.531114 0.554054 0.542692 0.554054 0.544139 0.555985 0.551375 0.555985 0.552822 0.554054 0.554269 0.554054 0.555716 0.552124 0.557164 0.552124 0.560058 0.548263 0.561505 0.548263 0.561505 0.53861 0.560058 0.53668 0.560058 0.515444 0.558611 0.513514 0.558611 0.501931 0.557164 0.5 0.557164 0.498069 0.555716 0.496139 0.555716 0.494208 0.554269 0.492278 0.554269 0.490347 0.552822 0.488417 0.552822 0.486486 0.551375 0.484556 0.549928 0.484556 0.54848 0.482625 0.545586 0.482625 0.544139 0.480695 0.542692 0.480695 0.541245 0.478764
0 0.723589 0.46332 0.722142 0.465251 0.704776 0.465251 0.704776 0.467181 0.703329 0.469112 0.703329 0.472973 0.701881 0.474903 0.703329 0.476834 0.713459 0.476834 0.714906 0.478764 0.736614 0.478764 0.738061 0.476834 0.738061 0.474903 0.736614 0.474903 0.733719 0.471042 0.732272 0.471042 0.730825 0.469112 0.729378 0.469112 0.726483 0.465251 0.725036 0.465251
0 0.188133 0.46139 0.186686 0.46332 0.185239 0.46332 0.183792 0.465251 0.182344 0.465251 0.17945 0.469112 0.178003 0.469112 0.176556 0.471042 0.175109 0.471042 0.173661 0.472973 0.172214 0.472973 0.166425 0.480695 0.166425 0.482625 0.167873 0.484556 0.167873 0.486486 0.170767 0.482625 0.176556 0.482625 0.178003 0.484556 0.180897 0.480695 0.182344 0.480695 0.185239 0.476834 0.186686 0.476834 0.18958 0.472973 0.191027 0.472973 0.192475 0.471042 0.192475 0.465251 0.191027 0.465251
0 0.21563 0.420849 0.212735 0.42471 0.209841 0.42471 0.208394 0.426641 0.206946 0.426641 0.206946 0.430502 0.208394 0.432432 0.208394 0.434363 0.209841 0.436293 0.211288 0.436293 0.214182 0.440154 0.217077 0.440154 0.218524 0.438224 0.219971 0.438224 0.221418 0.436293 0.227207 0.436293 0.228654 0.434363 0.230101 0.434363 0.231548 0.432432 0.234443 0.432432 0.230101 0.426641 0.230101 0.42471 0.227207 0.420849
0 0.376266 0.401544 0.374819 0.403475 0.373372 0.403475 0.370478 0.407336 0.36903 0.407336 0.366136 0.411197 0.364689 0.411197 0.364689 0.415058 0.366136 0.416988 0.366136 0.418919 0.373372 0.418919 0.374819 0.416988 0.379161 0.416988 0.380608 0.415058 0.383502 0.415058 0.383502 0.413127 0.380608 0.409266 0.380608 0.407336
1 0.639653 0.872587 0.638205 0.874517 0.635311 0.874517 0.633864 0.876448 0.632417 0.876448 0.63097 0.878378 0.628075 0.878378 0.628075 0.880309 0.626628 0.882239 0.626628 0.88417 0.629522 0.888031 0.63097 0.888031 0.632417 0.889961 0.633864 0.889961 0.636758 0.893822 0.636758 0.905405 0.635311 0.907336 0.635311 0.911197 0.633864 0.913127 0.633864 0.915058 0.632417 0.916988 0.632417 0.918919 0.63097 0.920849 0.63097 0.92278 0.626628 0.928571 0.626628 0.930502 0.623734 0.934363 0.623734 0.936293 0.622287 0.938224 0.622287 0.940154 0.619392 0.944015 0.612156 0.944015 0.610709 0.945946 0.580318 0.945946 0.578871 0.944015 0.577424 0.945946 0.570188 0.945946 0.565847 0.951737 0.567294 0.951737 0.573082 0.959459 0.571635 0.96139 0.571635 0.96332 0.570188 0.965251 0.571635 0.965251 0.573082 0.967181 0.57453 0.965251 0.575977 0.965251 0.577424 0.96332 0.580318 0.96332 0.581766 0.96139 0.583213 0.96139 0.58466 0.959459 0.597685 0.959459 0.599132 0.96139 0.602026 0.96139 0.603473 0.96332 0.606368 0.96332 0.607815 0.965251 0.609262 0.96332 0.615051 0.96332 0.616498 0.96139 0.622287 0.96139 0.623734 0.959459 0.625181 0.959459 0.626628 0.957529 0.628075 0.957529 0.629522 0.955598 0.632417 0.955598 0.633864 0.953668 0.635311 0.953668 0.655572 0.926641 0.655572 0.92278 0.657019 0.920849 0.657019 0.915058 0.658466 0.913127 0.658466 0.899614 0.659913 0.897683 0.665702 0.897683 0.667149 0.895753 0.668596 0.895753 0.670043 0.893822 0.671491 0.893822 0.670043 0.893822 0.667149 0.889961 0.657019 0.889961 0.655572 0.888031 0.654124 0.888031 0.652677 0.8861 0.652677 0.876448 0.65123 0.878378 0.645441 0.878378 0.643994 0.880309 0.642547 0.880309 0.639653 0.876448
1 0.182344 0.84556 0.182344 0.84749 0.180897 0.849421 0.180897 0.853282 0.17945 0.855212 0.17945 0.859073 0.178003 0.861004 0.178003 0.866795 0.176556 0.868726 0.176556 0.872587 0.175109 0.874517 0.175109 0.880309 0.173661 0.882239 0.173661 0.88417 0.175109 0.8861 0.175109 0.888031 0.176556 0.889961 0.176556 0.891892 0.178003 0.893822 0.188133 0.893822 0.186686 0.891892 0.186686 0.889961 0.185239 0.888031 0.185239 0.8861 0.183792 0.88417 0.183792 0.874517 0.185239 0.872587 0.185239 0.861004 0.186686 0.859073 0.186686 0.851351 0.188133 0.849421 0.188133 0.84556
1 0.891462 0.843629 0.891462 0.84556 0.892909 0.84749 0.892909 0.849421 0.903039 0.849421 0.914616 0.864865 0.916064 0.862934 0.917511 0.862934 0.911722 0.855212 0.911722 0.853282 0.907381 0.84749 0.904486 0.84749 0.903039 0.84556 0.900145 0.84556 0.898698 0.843629
1 0.680174 0.824324 0.678726 0.826255 0.668596 0.826255 0.667149 0.828185 0.655572 0.828185 0.654124 0.830116 0.652677 0.830116 0.65123 0.832046 0.649783 0.832046 0.646889 0.835907 0.645441 0.835907 0.643994 0.837838 0.642547 0.837838 0.6411 0.839768 0.639653 0.839768 0.638205 0.841699 0.636758 0.841699 0.635311 0.843629 0.633864 0.843629 0.63097 0.84749 0.629522 0.84749 0.628075 0.849421 0.626628 0.849421 0.625181 0.851351 0.623734 0.851351 0.622287 0.853282 0.620839 0.853282 0.619392 0.855212 0.617945 0.855212 0.616498 0.857143 0.613603 0.857143 0.612156 0.859073 0.610709 0.859073 0.609262 0.861004 0.607815 0.861004 0.606368 0.862934 0.60492 0.862934 0.603473 0.864865 0.600579 0.864865 0.599132 0.866795 0.597685 0.866795 0.596237 0.868726 0.593343 0.868726 0.591896 0.870656 0.589001 0.870656 0.587554 0.872587 0.586107 0.872587 0.58466 0.874517 0.581766 0.874517 0.580318 0.876448 0.573082 0.876448 0.571635 0.878378 0.565847 0.878378 0.564399 0.880309 0.557164 0.880309 0.555716 0.882239 0.547033 0.882239 0.545586 0.88417 0.53835 0.88417 0.536903 0.8861 0.52822 0.8861 0.526773 0.888031 0.520984 0.888031 0.519537 0.889961 0.512301 0.889961 0.510854 0.891892 0.505065 0.891892 0.503618 0.893822 0.496382 0.893822 0.494935 0.895753 0.473227 0.895753 0.47178 0.897683 0.467438 0.897683 0.465991 0.899614 0.46165 0.899614 0.460203 0.901544 0.455861 0.901544 0.454414 0.903475 0.445731 0.903475 0.444284 0.905405 0.435601 0.905405 0.434153 0.907336 0.429812 0.907336 0.428365 0.909266 0.424023 0.909266 0.422576 0.911197 0.418234 0.911197 0.416787 0.913127 0.412446 0.913127 0.410999 0.915058 0.406657 0.915058 0.40521 0.916988 0.379161 0.916988 0.377713 0.918919 0.377713 0.920849 0.374819 0.92471 0.374819 0.926641 0.373372 0.928571 0.384949 0.928571 0.386397 0.926641 0.393632 0.926641 0.39508 0.92471 0.400868 0.92471 0.402315 0.92278 0.409551 0.92278 0.410999 0.920849 0.418234 0.920849 0.419682 0.918919 0.426918 0.918919 0.428365 0.916988 0.434153 0.916988 0.435601 0.915058 0.442836 0.915058 0.444284 0.913127 0.45152 0.913127 0.452967 0.911197 0.460203 0.911197 0.46165 0.909266 0.467438 0.909266 0.468886 0.907336 0.476122 0.907336 0.479016 0.911197 0.479016 0.913127 0.483357 0.918919 0.483357 0.920849 0.486252 0.92471 0.486252 0.926641 0.490593 0.932432 0.490593 0.934363 0.493488 0.938224 0.493488 0.940154 0.496382 0.944015 0.496382 0.945946 0.497829 0.947876 0.497829 0.949807 0.496382 0.951737 0.496382 0.953668 0.494935 0.955598 0.494935 0.96139 0.496382 0.96332 0.496382 0.971042 0.497829 0.972973 0.497829 0.974903 0.499276 0.976834 0.499276 0.978764 0.502171 0.978764 0.502171 0.967181 0.503618 0.965251 0.505065 0.965251 0.506512 0.967181 0.509407 0.967181 0.512301 0.971042 0.512301 0.972973 0.513748 0.974903 0.513748 0.992278 0.515195 0.994208 0.515195 0.998069 0.52822 0.998069 0.52822 0.986486 0.526773 0.984556 0.526773 0.978764 0.525326 0.976834 0.525326 0.974903 0.519537 0.967181 0.51809 0.967181 0.503618 0.947876 0.503618 0.945946 0.500724 0.942085 0.500724 0.940154 0.497829 0.936293 0.497829 0.934363 0.494935 0.930502 0.494935 0.928571 0.492041 0.92471 0.492041 0.92278 0.489146 0.918919 0.489146 0.916988 0.486252 0.913127 0.486252 0.911197 0.487699 0.909266 0.509407 0.909266 0.510854 0.907336 0.512301 0.907336 0.512301 0.905405 0.510854 0.903475 0.510854 0.901544 0.512301 0.899614 0.51809 0.899614 0.519537 0.897683 0.526773 0.897683 0.52822 0.895753 0.534009 0.895753 0.535456 0.893822 0.544139 0.893822 0.545586 0.891892 0.554269 0.891892 0.555716 0.889961 0.564399 0.889961 0.565847 0.888031 0.571635 0.888031 0.573082 0.8861 0.577424 0.8861 0.578871 0.88417 0.58466 0.88417 0.586107 0.882239 0.587554 0.882239 0.589001 0.880309 0.590449 0.880309 0.591896 0.878378 0.593343 0.878378 0.59479 0.876448 0.596237 0.876448 0.597685 0.874517 0.599132 0.874517 0.600579 0.872587 0.602026 0.872587 0.603473 0.870656 0.607815 0.870656 0.609262 0.868726 0.613603 0.868726 0.615051 0.866795 0.619392 0.866795 0.620839 0.864865 0.626628 0.864865 0.628075 0.862934 0.629522 0.862934 0.63097 0.861004 0.632417 0.861004 0.633864 0.859073 0.635311 0.859073 0.636758 0.857143 0.638205 0.857143 0.639653 0.855212 0.642547 0.855212 0.643994 0.853282 0.645441 0.853282 0.646889 0.851351 0.648336 0.851351 0.649783 0.849421 0.65123 0.849421 0.652677 0.84749 0.654124 0.84749 0.655572 0.84556 0.657019 0.84556 0.658466 0.843629 0.671491 0.843629 0.672938 0.84556 0.674385 0.84556 0.675832 0.84749 0.677279 0.84749 0.678726 0.849421 0.690304 0.849421 0.691751 0.851351 0.693198 0.849421 0.693198 0.84749 0.696093 0.843629 0.694645 0.841699 0.693198 0.841699 0.685962 0.832046 0.685962 0.830116 0.684515 0.828185 0.683068 0.828185
1 0.968162 0.805019 0.966715 0.80695 0.959479 0.80695 0.958032 0.80888 0.952243 0.80888 0.950796 0.810811 0.94356 0.810811 0.942113 0.812741 0.934877 0.812741 0.93343 0.814672 0.926194 0.814672 0.924747 0.816602 0.918958 0.816602 0.917511 0.818533 0.910275 0.818533 0.911722 0.820463 0.911722 0.822394 0.913169 0.824324 0.913169 0.826255 0.916064 0.826255 0.917511 0.828185 0.920405 0.828185 0.921852 0.830116 0.924747 0.830116 0.926194 0.832046 0.929088 0.832046 0.930535 0.833977 0.931983 0.833977 0.93343 0.835907 0.936324 0.835907 0.937771 0.837838 0.940666 0.837838 0.942113 0.839768 0.945007 0.839768 0.955137 0.853282 0.955137 0.855212 0.959479 0.861004 0.960926 0.861004 0.963821 0.864865 0.965268 0.862934 0.969609 0.862934 0.969609 0.859073 0.971056 0.857143 0.973951 0.857143 0.975398 0.859073 0.978292 0.859073 0.97974 0.861004 0.984081 0.861004 0.985528 0.862934 0.988423 0.862934 0.98987 0.864865 0.994211 0.864865 0.995658 0.866795 0.998553 0.866795 0.998553 0.857143 0.997106 0.857143 0.995658 0.855212 0.992764 0.855212 0.991317 0.853282 0.988423 0.853282 0.984081 0.84749 0.984081 0.84556 0.982634 0.843629 0.985528 0.839768 0.986975 0.839768 0.988423 0.837838 0.986975 0.835907 0.986975 0.833977 0.985528 0.832046 0.984081 0.832046 0.982634 0.830116 0.97974 0.830116 0.978292 0.828185 0.976845 0.828185 0.969609 0.818533 0.969609 0.816602 0.968162 0.814672 0.971056 0.810811 0.969609 0.80888 0.969609 0.80695
1 0.86686 0.787645 0.865412 0.789575 0.842258 0.789575 0.84081 0.791506 0.836469 0.791506 0.835022 0.793436 0.83068 0.793436 0.829233 0.795367 0.824891 0.795367 0.823444 0.797297 0.819103 0.797297 0.817656 0.799228 0.813314 0.799228 0.811867 0.801158 0.801737 0.801158 0.800289 0.803089 0.790159 0.803089 0.788712 0.801158 0.790159 0.799228 0.787265 0.799228 0.785818 0.797297 0.777135 0.797297 0.775687 0.795367 0.775687 0.797297 0.77424 0.799228 0.77424 0.801158 0.772793 0.803089 0.772793 0.805019 0.771346 0.80695 0.769899 0.80695 0.768452 0.80888 0.755427 0.80888 0.75398 0.810811 0.749638 0.810811 0.748191 0.812741 0.743849 0.812741 0.742402 0.814672 0.738061 0.814672 0.738061 0.816602 0.736614 0.818533 0.736614 0.822394 0.735166 0.824324 0.735166 0.826255 0.736614 0.824324 0.739508 0.824324 0.740955 0.822394 0.745297 0.822394 0.746744 0.820463 0.749638 0.820463 0.751085 0.818533 0.755427 0.818533 0.756874 0.816602 0.761216 0.816602 0.762663 0.814672 0.767004 0.814672 0.768452 0.812741 0.77424 0.812741 0.775687 0.810811 0.781476 0.810811 0.782923 0.80888 0.787265 0.80888 0.788712 0.80695 0.794501 0.80695 0.795948 0.805019 0.81042 0.805019 0.811867 0.803089 0.816208 0.803089 0.817656 0.801158 0.821997 0.801158 0.823444 0.799228 0.827786 0.799228 0.829233 0.797297 0.84081 0.797297 0.843705 0.801158 0.843705 0.803089 0.845152 0.805019 0.858177 0.805019 0.859624 0.80695 0.862518 0.80695 0.863965 0.80888 0.86686 0.80888 0.871201 0.814672 0.871201 0.816602 0.874096 0.820463 0.872648 0.822394 0.868307 0.822394 0.86686 0.820463 0.865412 0.820463 0.862518 0.816602 0.861071 0.816602 0.858177 0.812741 0.848046 0.812741 0.846599 0.810811 0.845152 0.812741 0.843705 0.812741 0.842258 0.814672 0.84081 0.814672 0.833575 0.824324 0.833575 0.826255 0.83068 0.830116 0.83068 0.832046 0.829233 0.833977 0.829233 0.837838 0.827786 0.839768 0.827786 0.843629 0.829233 0.84556 0.829233 0.84749 0.83068 0.849421 0.83068 0.851351 0.832127 0.853282 0.832127 0.855212 0.837916 0.855212 0.839363 0.857143 0.843705 0.857143 0.845152 0.859073 0.845152 0.862934 0.846599 0.864865 0.846599 0.868726 0.861071 0.868726 0.862518 0.870656 0.865412 0.866795 0.86686 0.866795 0.86686 0.862934 0.865412 0.861004 0.865412 0.851351 0.863965 0.849421 0.863965 0.84556 0.865412 0.843629 0.865412 0.841699 0.86686 0.839768 0.86686 0.837838 0.869754 0.833977 0.874096 0.833977 0.875543 0.832046 0.879884 0.832046 0.881331 0.830116 0.882779 0.830116 0.884226 0.828185 0.88712 0.828185 0.88712 0.826255 0.888567 0.824324 0.888567 0.822394 0.890014 0.820463 0.890014 0.814672 0.888567 0.814672 0.885673 0.810811 0.884226 0.810811 0.881331 0.80695 0.879884 0.80695 0.87699 0.803089 0.879884 0.799228 0.879884 0.797297 0.881331 0.795367 0.878437 0.795367 0.87699 0.793436 0.875543 0.793436 0.874096 0.791506 0.871201 0.791506 0.869754 0.789575 0.868307 0.789575
1 0.709117 0.787645 0.703329 0.795367 0.69754 0.795367 0.69754 0.80695 0.719247 0.80695 0.722142 0.803089 0.722142 0.801158 0.725036 0.797297 0.723589 0.797297 0.720695 0.793436 0.710564 0.793436 0.709117 0.791506
1 0.512301 0.783784 0.510854 0.785714 0.493488 0.785714 0.492041 0.787645 0.476122 0.787645 0.474674 0.789575 0.457308 0.789575 0.457308 0.793436 0.458755 0.791506 0.476122 0.791506 0.477569 0.789575 0.494935 0.789575 0.496382 0.787645 0.512301 0.787645
1 0.612156 0.758687 0.612156 0.77027 0.610709 0.772201 0.607815 0.772201 0.606368 0.774131 0.603473 0.774131 0.603473 0.777992 0.602026 0.779923 0.602026 0.781853 0.603473 0.779923 0.619392 0.779923 0.620839 0.781853 0.623734 0.781853 0.625181 0.783784 0.626628 0.781853 0.629522 0.781853 0.63097 0.779923 0.633864 0.779923 0.638205 0.774131 0.635311 0.77027 0.635311 0.76834 0.633864 0.766409 0.632417 0.76834 0.628075 0.76834 0.626628 0.77027 0.623734 0.77027 0.622287 0.772201 0.619392 0.772201 0.617945 0.77027 0.617945 0.76834 0.616498 0.766409 0.616498 0.762548 0.615051 0.762548
1 0.134588 0.758687 0.131693 0.762548 0.130246 0.762548 0.121563 0.774131 0.121563 0.776062 0.117221 0.781853 0.117221 0.785714 0.115774 0.787645 0.115774 0.789575 0.120116 0.789575 0.121563 0.791506 0.12301 0.789575 0.128799 0.789575 0.130246 0.791506 0.131693 0.791506 0.134588 0.795367 0.136035 0.795367 0.137482 0.797297 0.138929 0.797297 0.140376 0.799228 0.144718 0.799228 0.146165 0.801158 0.149059 0.801158 0.151954 0.805019 0.153401 0.805019 0.154848 0.80695 0.153401 0.80888 0.150507 0.80888 0.149059 0.80695 0.147612 0.80695 0.146165 0.805019 0.146165 0.810811 0.144718 0.812741 0.141823 0.812741 0.140376 0.814672 0.137482 0.814672 0.137482 0.826255 0.138929 0.828185 0.138929 0.830116 0.141823 0.833977 0.141823 0.835907 0.144718 0.839768 0.144718 0.841699 0.146165 0.843629 0.146165 0.84556 0.147612 0.84749 0.147612 0.853282 0.149059 0.855212 0.149059 0.857143 0.156295 0.857143 0.157742 0.859073 0.15919 0.857143 0.162084 0.857143 0.163531 0.855212 0.167873 0.855212 0.167873 0.851351 0.16932 0.849421 0.16932 0.84749 0.166425 0.843629 0.166425 0.841699 0.163531 0.837838 0.163531 0.835907 0.162084 0.833977 0.162084 0.832046 0.153401 0.820463 0.153401 0.818533 0.151954 0.816602 0.151954 0.812741 0.153401 0.810811 0.153401 0.80888 0.154848 0.80695 0.157742 0.810811 0.15919 0.80888 0.163531 0.80888 0.164978 0.80695 0.164978 0.805019 0.166425 0.803089 0.170767 0.803089 0.172214 0.805019 0.176556 0.805019 0.178003 0.80695 0.182344 0.80695 0.183792 0.80888 0.186686 0.80888 0.188133 0.810811 0.192475 0.810811 0.193922 0.812741 0.195369 0.812741 0.196816 0.814672 0.198263 0.814672 0.199711 0.816602 0.201158 0.816602 0.202605 0.818533 0.206946 0.818533 0.208394 0.820463 0.211288 0.820463 0.214182 0.824324 0.21563 0.824324 0.219971 0.830116 0.221418 0.830116 0.222865 0.832046 0.224313 0.830116 0.22576 0.830116 0.22576 0.822394 0.227207 0.820463 0.230101 0.820463 0.230101 0.814672 0.222865 0.805019 0.221418 0.805019 0.218524 0.801158 0.218524 0.797297 0.219971 0.795367 0.219971 0.791506 0.217077 0.791506 0.21563 0.789575 0.214182 0.789575 0.212735 0.787645 0.206946 0.787645 0.205499 0.785714 0.198263 0.785714 0.196816 0.783784 0.191027 0.783784 0.18958 0.781853 0.183792 0.781853 0.182344 0.779923 0.176556 0.779923 0.175109 0.777992 0.170767 0.777992 0.16932 0.776062 0.163531 0.776062 0.162084 0.774131 0.157742 0.774131 0.156295 0.776062 0.150507 0.776062 0.144718 0.783784 0.140376 0.783784 0.138929 0.781853 0.138929 0.772201 0.140376 0.77027 0.140376 0.766409 0.141823 0.764479 0.141823 0.762548 0.138929 0.762548 0.137482 0.760618 0.136035 0.760618
1 0.263386 0.752896 0.261939 0.754826 0.260492 0.754826 0.259045 0.756757 0.257598 0.756757 0.256151 0.758687 0.254703 0.758687 0.253256 0.760618 0.251809 0.760618 0.250362 0.762548 0.248915 0.762548 0.247467 0.764479 0.24602 0.764479 0.24602 0.766409 0.244573 0.76834 0.244573 0.77027 0.243126 0.772201 0.243126 0.774131 0.241679 0.776062 0.241679 0.783784 0.240232 0.785714 0.240232 0.795367 0.238784 0.797297 0.238784 0.80695 0.237337 0.80888 0.237337 0.818533 0.23589 0.820463 0.23589 0.830116 0.234443 0.832046 0.234443 0.835907 0.23589 0.833977 0.247467 0.833977 0.248915 0.835907 0.250362 0.835907 0.251809 0.837838 0.254703 0.837838 0.256151 0.839768 0.257598 0.839768 0.259045 0.841699 0.260492 0.841699 0.261939 0.843629 0.261939 0.799228 0.263386 0.797297
1 0.506512 0.745174 0.505065 0.747104 0.502171 0.747104 0.500724 0.749035 0.497829 0.749035 0.496382 0.750965 0.493488 0.750965 0.492041 0.752896 0.487699 0.752896 0.486252 0.754826 0.483357 0.754826 0.48191 0.756757 0.479016 0.756757 0.480463 0.758687 0.480463 0.760618 0.48191 0.762548 0.483357 0.760618 0.486252 0.760618 0.487699 0.758687 0.489146 0.758687 0.490593 0.756757 0.493488 0.756757 0.494935 0.754826 0.497829 0.754826 0.499276 0.752896 0.502171 0.752896 0.503618 0.750965 0.505065 0.750965 0.506512 0.749035 0.509407 0.749035
1 0.356006 0.739382 0.356006 0.743243 0.354559 0.745174 0.354559 0.750965 0.353111 0.752896 0.353111 0.754826 0.351664 0.756757 0.34877 0.756757 0.347323 0.758687 0.344428 0.758687 0.344428 0.760618 0.345876 0.762548 0.345876 0.766409 0.347323 0.76834 0.347323 0.77027 0.34877 0.76834 0.357453 0.76834 0.3589 0.766409 0.366136 0.766409 0.367583 0.764479 0.374819 0.764479 0.376266 0.762548 0.40521 0.762548 0.40521 0.754826 0.360347 0.754826 0.3589 0.752896 0.3589 0.739382
1 0.982634 0.723938 0.981187 0.725869 0.960926 0.725869 0.960926 0.727799 0.959479 0.72973 0.959479 0.73166 0.958032 0.733591 0.958032 0.735521 0.956585 0.737452 0.956585 0.739382 0.952243 0.745174 0.952243 0.747104 0.946454 0.754826 0.945007 0.754826 0.94356 0.756757 0.929088 0.756757 0.929088 0.760618 0.926194 0.764479 0.910275 0.764479 0.907381 0.760618 0.907381 0.758687 0.905933 0.756757 0.905933 0.754826 0.904486 0.752896 0.904486 0.750965 0.903039 0.749035 0.903039 0.747104 0.901592 0.745174 0.901592 0.743243 0.900145 0.745174 0.898698 0.745174 0.898698 0.750965 0.900145 0.752896 0.900145 0.762548 0.901592 0.764479 0.901592 0.76834 0.900145 0.77027 0.891462 0.77027 0.890014 0.772201 0.878437 0.772201 0.87699 0.774131 0.865412 0.774131 0.865412 0.776062 0.86686 0.777992 0.86686 0.779923 0.868307 0.781853 0.868307 0.783784 0.869754 0.781853 0.881331 0.781853 0.882779 0.779923 0.890014 0.779923 0.891462 0.777992 0.907381 0.777992 0.910275 0.781853 0.911722 0.781853 0.914616 0.785714 0.916064 0.785714 0.918958 0.789575 0.921852 0.789575 0.9233 0.791506 0.924747 0.791506 0.926194 0.793436 0.929088 0.793436 0.930535 0.795367 0.934877 0.795367 0.936324 0.797297 0.936324 0.795367 0.937771 0.793436 0.937771 0.791506 0.936324 0.791506 0.934877 0.789575 0.931983 0.789575 0.930535 0.787645 0.929088 0.787645 0.927641 0.785714 0.924747 0.785714 0.9233 0.783784 0.921852 0.783784 0.917511 0.777992 0.917511 0.776062 0.918958 0.774131 0.93343 0.774131 0.934877 0.772201 0.939219 0.772201 0.940666 0.774131 0.945007 0.774131 0.946454 0.776062 0.950796 0.776062 0.952243 0.777992 0.956585 0.777992 0.958032 0.779923 0.966715 0.779923 0.968162 0.781853 0.978292 0.781853 0.97974 0.783784 0.988423 0.783784 0.98987 0.785714 0.998553 0.785714 0.998553 0.777992 0.98987 0.777992 0.988423 0.776062 0.978292 0.776062 0.976845 0.774131 0.966715 0.774131 0.965268 0.772201 0.966715 0.77027 0.966715 0.76834 0.968162 0.766409 0.968162 0.764479 0.971056 0.760618 0.972504 0.760618 0.973951 0.758687 0.975398 0.758687 0.976845 0.756757 0.978292 0.756757 0.988423 0.743243 0.98987 0.743243 0.992764 0.747104 0.998553 0.747104 0.998553 0.723938
1 0.269175 0.722008 0.267728 0.723938 0.264834 0.723938 0.264834 0.725869 0.263386 0.727799 0.263386 0.72973 0.273517 0.72973 0.273517 0.725869 0.274964 0.723938 0.274964 0.722008
1 0.335745 0.696911 0.328509 0.706564 0.327062 0.706564 0.321274 0.714286 0.321274 0.716216 0.322721 0.718147 0.322721 0.720077 0.324168 0.722008 0.324168 0.723938 0.325615 0.725869 0.325615 0.727799 0.327062 0.725869 0.331404 0.725869 0.334298 0.722008 0.335745 0.722008 0.33864 0.718147 0.340087 0.718147 0.341534 0.716216 0.341534 0.714286 0.342981 0.712355 0.342981 0.710425 0.341534 0.708494 0.341534 0.706564 0.340087 0.704633 0.340087 0.702703
1 0.274964 0.687259 0.269175 0.694981 0.270622 0.696911 0.270622 0.698842 0.272069 0.700772 0.272069 0.702703 0.274964 0.702703 0.276411 0.704633 0.277858 0.704633 0.279305 0.706564 0.277858 0.708494 0.277858 0.710425 0.274964 0.714286 0.279305 0.720077 0.279305 0.722008 0.2822 0.725869 0.285094 0.725869 0.286541 0.727799 0.287988 0.725869 0.290883 0.725869 0.29233 0.723938 0.30246 0.723938 0.303907 0.722008 0.31259 0.722008 0.31259 0.716216 0.314038 0.714286 0.314038 0.710425 0.30246 0.710425 0.301013 0.708494 0.298119 0.712355 0.295224 0.712355 0.293777 0.710425 0.293777 0.708494 0.29233 0.706564 0.29233 0.704633 0.290883 0.702703 0.289436 0.702703 0.285094 0.696911 0.283647 0.696911 0.279305 0.69112 0.277858 0.69112
1 0.493488 0.681467 0.486252 0.69112 0.486252 0.69305 0.48191 0.698842 0.476122 0.698842 0.474674 0.700772 0.467438 0.700772 0.463097 0.706564 0.463097 0.708494 0.457308 0.716216 0.458755 0.716216 0.46165 0.720077 0.463097 0.718147 0.494935 0.718147 0.496382 0.720077 0.497829 0.720077 0.499276 0.722008 0.500724 0.722008 0.502171 0.723938 0.503618 0.723938 0.505065 0.725869 0.506512 0.725869 0.507959 0.727799 0.509407 0.727799 0.510854 0.72973 0.512301 0.72973 0.513748 0.73166 0.515195 0.73166 0.516643 0.733591 0.51809 0.733591 0.519537 0.735521 0.520984 0.735521 0.522431 0.737452 0.523878 0.737452 0.525326 0.739382 0.526773 0.739382 0.52822 0.741313 0.529667 0.741313 0.531114 0.743243 0.531114 0.737452 0.529667 0.737452 0.52822 0.735521 0.526773 0.735521 0.525326 0.733591 0.523878 0.733591 0.522431 0.73166 0.520984 0.73166 0.51809 0.727799 0.516643 0.727799 0.515195 0.725869 0.513748 0.725869 0.512301 0.723938 0.510854 0.723938 0.509407 0.722008 0.507959 0.722008 0.506512 0.720077 0.506512 0.718147 0.507959 0.716216 0.507959 0.714286 0.509407 0.712355 0.509407 0.710425 0.510854 0.708494 0.510854 0.706564 0.509407 0.706564 0.507959 0.704633 0.506512 0.704633 0.505065 0.702703 0.502171 0.702703 0.497829 0.696911 0.499276 0.694981 0.502171 0.694981 0.503618 0.69305 0.516643 0.69305 0.51809 0.694981 0.51809 0.69305 0.516643 0.69112 0.516643 0.685328 0.515195 0.683398 0.515195 0.681467
1 0.0 0.646718 0.0 0.662162 0.01013 0.662162 0.011577 0.664093 0.02026 0.664093 0.021708 0.666023 0.031838 0.666023 0.033285 0.667954 0.034732 0.666023 0.034732 0.664093 0.036179 0.662162 0.036179 0.660232 0.039074 0.656371 0.039074 0.65444 0.040521 0.65251 0.040521 0.650579 0.041968 0.648649 0.001447 0.648649
1 0.767004 0.611969 0.765557 0.6139 0.755427 0.6139 0.755427 0.617761 0.75398 0.619691 0.75398 0.623552 0.755427 0.625483 0.755427 0.627413 0.756874 0.629344 0.756874 0.631274 0.759768 0.635135 0.759768 0.637066 0.761216 0.638996 0.761216 0.640927 0.772793 0.656371 0.77424 0.65444 0.787265 0.65444 0.787265 0.65251 0.785818 0.650579 0.785818 0.648649 0.78437 0.646718 0.78437 0.642857 0.782923 0.640927 0.782923 0.638996 0.781476 0.637066 0.781476 0.635135 0.777135 0.629344 0.777135 0.627413 0.769899 0.617761 0.769899 0.61583
1 0.535456 0.409266 0.535456 0.411197 0.536903 0.413127 0.536903 0.415058 0.542692 0.415058 0.544139 0.416988 0.544139 0.409266
1 0.532562 0.397683 0.531114 0.399614 0.51809 0.399614 0.51809 0.405405 0.522431 0.405405 0.523878 0.407336 0.525326 0.405405 0.52822 0.405405 0.529667 0.403475 0.534009 0.403475 0.534009 0.401544 0.532562 0.399614
1 0.865412 0.388031 0.863965 0.389961 0.862518 0.389961 0.861071 0.391892 0.859624 0.391892 0.859624 0.393822 0.858177 0.395753 0.858177 0.399614 0.856729 0.401544 0.856729 0.403475 0.858177 0.405405 0.858177 0.407336 0.859624 0.409266 0.859624 0.411197 0.863965 0.411197 0.865412 0.413127 0.868307 0.413127 0.869754 0.415058 0.871201 0.413127 0.875543 0.413127 0.87699 0.411197 0.882779 0.411197 0.884226 0.409266 0.88712 0.409266 0.888567 0.407336 0.890014 0.407336 0.891462 0.405405 0.907381 0.405405 0.907381 0.403475 0.905933 0.401544 0.905933 0.397683 0.869754 0.397683 0.868307 0.395753 0.868307 0.393822 0.869754 0.391892 0.869754 0.389961 0.86686 0.389961
1 0.547033 0.388031 0.547033 0.393822 0.567294 0.393822 0.568741 0.395753 0.587554 0.395753 0.589001 0.397683 0.59479 0.397683 0.596237 0.399614 0.602026 0.399614 0.603473 0.401544 0.607815 0.401544 0.609262 0.403475 0.60492 0.409266 0.600579 0.409266 0.599132 0.411197 0.593343 0.411197 0.59479 0.411197 0.597685 0.415058 0.599132 0.415058 0.600579 0.416988 0.602026 0.415058 0.626628 0.415058 0.628075 0.416988 0.629522 0.416988 0.63097 0.418919 0.633864 0.418919 0.635311 0.420849 0.658466 0.420849 0.659913 0.42278 0.681621 0.42278 0.683068 0.42471 0.681621 0.42278 0.681621 0.420849 0.680174 0.418919 0.680174 0.416988 0.672938 0.416988 0.671491 0.415058 0.662808 0.415058 0.66136 0.413127 0.654124 0.413127 0.649783 0.407336 0.639653 0.407336 0.638205 0.405405 0.633864 0.405405 0.632417 0.403475 0.628075 0.403475 0.620839 0.393822 0.602026 0.393822 0.600579 0.391892 0.587554 0.391892 0.586107 0.389961 0.54848 0.389961
1 0.83068 0.3861 0.829233 0.388031 0.788712 0.388031 0.787265 0.389961 0.716353 0.389961 0.714906 0.391892 0.714906 0.393822 0.713459 0.395753 0.735166 0.395753 0.736614 0.393822 0.855282 0.393822 0.855282 0.391892 0.856729 0.389961 0.856729 0.388031 0.858177 0.3861
1 0.477569 0.374517 0.477569 0.376448 0.476122 0.378378 0.476122 0.380309 0.474674 0.382239 0.480463 0.382239 0.48191 0.38417 0.494935 0.38417 0.496382 0.382239 0.505065 0.382239 0.505065 0.380309 0.503618 0.378378 0.503618 0.374517
1 0.904486 0.353282 0.901592 0.357143 0.905933 0.357143 0.907381 0.359073 0.913169 0.359073 0.914616 0.361004 0.918958 0.361004 0.920405 0.362934 0.920405 0.361004 0.918958 0.359073 0.918958 0.357143 0.913169 0.357143 0.911722 0.355212 0.905933 0.355212
1 0.376266 0.341699 0.374819 0.343629 0.374819 0.34556 0.371925 0.349421 0.377713 0.349421 0.379161 0.351351 0.384949 0.351351 0.386397 0.353282 0.392185 0.353282 0.393632 0.355212 0.393632 0.353282 0.392185 0.351351 0.392185 0.349421 0.389291 0.349421 0.387844 0.34749 0.384949 0.34749 0.383502 0.34556 0.382055 0.34556 0.380608 0.343629 0.377713 0.343629
1 0.166425 0.330116 0.164978 0.332046 0.163531 0.332046 0.160637 0.335907 0.15919 0.335907 0.157742 0.337838 0.156295 0.337838 0.154848 0.339768 0.153401 0.339768 0.150507 0.343629 0.149059 0.343629 0.147612 0.34556 0.146165 0.34556 0.15919 0.34556 0.160637 0.34749 0.172214 0.34749 0.173661 0.349421 0.186686 0.349421 0.188133 0.351351 0.173661 0.370656 0.170767 0.370656 0.16932 0.368726 0.166425 0.368726 0.164978 0.366795 0.163531 0.366795 0.162084 0.364865 0.15919 0.364865 0.157742 0.362934 0.156295 0.364865 0.153401 0.364865 0.151954 0.366795 0.150507 0.366795 0.149059 0.368726 0.146165 0.368726 0.144718 0.370656 0.131693 0.370656 0.130246 0.368726 0.120116 0.368726 0.118669 0.366795 0.04631 0.366795 0.044863 0.368726 0.037627 0.368726 0.036179 0.370656 0.027496 0.370656 0.026049 0.372587 0.018813 0.372587 0.017366 0.374517 0.008683 0.374517 0.007236 0.376448 0.0 0.376448 0.0 0.494208 0.001447 0.492278 0.002894 0.492278 0.004342 0.490347 0.005789 0.490347 0.007236 0.488417 0.008683 0.488417 0.01013 0.486486 0.013025 0.486486 0.014472 0.484556 0.015919 0.484556 0.017366 0.482625 0.018813 0.482625 0.02026 0.480695 0.021708 0.480695 0.023155 0.478764 0.024602 0.478764 0.026049 0.476834 0.027496 0.476834 0.028944 0.474903 0.030391 0.474903 0.034732 0.469112 0.034732 0.467181 0.039074 0.46139 0.040521 0.46332 0.041968 0.46332 0.044863 0.467181 0.04631 0.467181 0.047757 0.469112 0.049204 0.469112 0.050651 0.471042 0.053546 0.471042 0.054993 0.472973 0.05644 0.472973 0.057887 0.474903 0.059334 0.474903 0.060781 0.476834 0.062229 0.476834 0.063676 0.478764 0.052098 0.494208 0.050651 0.494208 0.041968 0.505792 0.053546 0.505792 0.054993 0.507722 0.057887 0.503861 0.059334 0.503861 0.065123 0.496139 0.06657 0.496139 0.070912 0.490347 0.070912 0.488417 0.078148 0.478764 0.078148 0.476834 0.081042 0.472973 0.081042 0.471042 0.079595 0.469112 0.079595 0.465251 0.078148 0.46332 0.078148 0.459459 0.0767 0.457529 0.078148 0.455598 0.089725 0.455598 0.104197 0.474903 0.104197 0.476834 0.108538 0.482625 0.108538 0.484556 0.111433 0.488417 0.111433 0.490347 0.115774 0.496139 0.115774 0.498069 0.117221 0.5 0.125904 0.5 0.127352 0.501931 0.136035 0.501931 0.137482 0.503861 0.146165 0.503861 0.147612 0.505792 0.149059 0.503861 0.150507 0.503861 0.153401 0.5 0.154848 0.5 0.156295 0.498069 0.162084 0.498069 0.163531 0.5 0.166425 0.5 0.167873 0.501931 0.172214 0.501931 0.173661 0.503861 0.176556 0.503861 0.178003 0.505792 0.182344 0.505792 0.183792 0.507722 0.186686 0.507722 0.188133 0.509653 0.186686 0.511583 0.183792 0.511583 0.182344 0.513514 0.180897 0.513514 0.17945 0.515444 0.176556 0.515444 0.175109 0.517375 0.173661 0.517375 0.172214 0.519305 0.16932 0.519305 0.167873 0.521236 0.166425 0.521236 0.164978 0.523166 0.151954 0.523166 0.150507 0.521236 0.141823 0.521236 0.140376 0.519305 0.140376 0.523166 0.138929 0.525097 0.138929 0.527027 0.137482 0.528958 0.131693 0.528958 0.130246 0.530888 0.12301 0.530888 0.121563 0.532819 0.115774 0.532819 0.114327 0.534749 0.107091 0.534749 0.105644 0.53668 0.099855 0.53668 0.101302 0.53668 0.10275 0.53861 0.104197 0.53861 0.105644 0.540541 0.107091 0.540541 0.108538 0.542471 0.109986 0.542471 0.111433 0.544402 0.11288 0.542471 0.127352 0.542471 0.128799 0.540541 0.141823 0.540541 0.143271 0.542471 0.138929 0.548263 0.138929 0.550193 0.128799 0.563707 0.128799 0.565637 0.121563 0.57529 0.118669 0.57529 0.117221 0.57722 0.115774 0.57722 0.114327 0.579151 0.111433 0.579151 0.109986 0.581081 0.108538 0.581081 0.107091 0.583012 0.104197 0.583012 0.10275 0.584942 0.101302 0.584942 0.099855 0.586873 0.096961 0.586873 0.095514 0.588803 0.094067 0.588803 0.092619 0.590734 0.085384 0.590734 0.083936 0.588803 0.081042 0.588803 0.079595 0.586873 0.075253 0.586873 0.072359 0.583012 0.072359 0.581081 0.070912 0.579151 0.070912 0.57722 0.069465 0.57529 0.069465 0.573359 0.068017 0.571429 0.068017 0.569498 0.06657 0.567568 0.06657 0.565637 0.065123 0.563707 0.065123 0.561776 0.068017 0.557915 0.068017 0.555985 0.072359 0.550193 0.072359 0.548263 0.078148 0.540541 0.078148 0.53861 0.081042 0.534749 0.079595 0.534749 0.0767 0.530888 0.075253 0.530888 0.072359 0.527027 0.070912 0.528958 0.054993 0.528958 0.052098 0.532819 0.050651 0.532819 0.047757 0.53668 0.04631 0.53668 0.041968 0.542471 0.040521 0.542471 0.037627 0.546332 0.036179 0.546332 0.033285 0.550193 0.031838 0.550193 0.028944 0.554054 0.024602 0.554054 0.023155 0.555985 0.018813 0.555985 0.017366 0.557915 0.011577 0.557915 0.01013 0.559846 0.005789 0.559846 0.004342 0.561776 0.0 0.561776 0.0 0.627413 0.004342 0.627413 0.005789 0.629344 0.01013 0.629344 0.011577 0.631274 0.015919 0.631274 0.017366 0.633205 0.023155 0.633205 0.024602 0.635135 0.028944 0.635135 0.030391 0.637066 0.034732 0.637066 0.036179 0.638996 0.040521 0.638996 0.041968 0.640927 0.04631 0.640927 0.047757 0.642857 0.054993 0.642857 0.05644 0.644788 0.063676 0.644788 0.065123 0.646718 0.065123 0.648649 0.06657 0.650579 0.06657 0.65251 0.068017 0.65444 0.068017 0.656371 0.073806 0.656371 0.073806 0.65444 0.0767 0.650579 0.081042 0.650579 0.082489 0.65251 0.089725 0.65251 0.091172 0.65444 0.096961 0.65444 0.098408 0.656371 0.105644 0.656371 0.107091 0.658301 0.11288 0.658301 0.114327 0.660232 0.121563 0.660232 0.12301 0.662162 0.128799 0.662162 0.130246 0.664093 0.137482 0.664093 0.138929 0.666023 0.144718 0.666023 0.146165 0.667954 0.147612 0.666023 0.147612 0.664093 0.149059 0.662162 0.149059 0.660232 0.150507 0.658301 0.146165 0.658301 0.144718 0.656371 0.138929 0.656371 0.137482 0.65444 0.13314 0.65444 0.131693 0.65251 0.125904 0.65251 0.124457 0.650579 0.120116 0.650579 0.118669 0.648649 0.11288 0.648649 0.111433 0.646718 0.107091 0.646718 0.105644 0.644788 0.101302 0.644788 0.099855 0.642857 0.094067 0.642857 0.092619 0.640927 0.088278 0.640927 0.086831 0.638996 0.081042 0.638996 0.079595 0.637066 0.075253 0.637066 0.073806 0.635135 0.075253 0.633205 0.0767 0.633205 0.079595 0.629344 0.081042 0.629344 0.082489 0.627413 0.083936 0.627413 0.086831 0.623552 0.088278 0.623552 0.089725 0.621622 0.091172 0.621622 0.094067 0.617761 0.098408 0.617761 0.099855 0.619691 0.10275 0.619691 0.104197 0.621622 0.107091 0.621622 0.108538 0.623552 0.111433 0.623552 0.11288 0.625483 0.11288 0.621622 0.114327 0.619691 0.114327 0.61583 0.117221 0.611969 0.115774 0.611969 0.11288 0.608108 0.111433 0.608108 0.108538 0.604247 0.107091 0.604247 0.104197 0.600386 0.105644 0.598456 0.111433 0.598456 0.11288 0.596525 0.117221 0.596525 0.118669 0.594595 0.124457 0.594595 0.125904 0.592664 0.149059 0.592664 0.150507 0.594595 0.166425 0.594595 0.167873 0.596525 0.185239 0.596525 0.186686 0.598456 0.188133 0.596525 0.195369 0.596525 0.196816 0.594595 0.202605 0.594595 0.204052 0.592664 0.211288 0.592664 0.212735 0.590734 0.212735 0.588803 0.214182 0.586873 0.214182 0.584942 0.217077 0.581081 0.217077 0.579151 0.218524 0.57722 0.218524 0.573359 0.219971 0.571429 0.219971 0.563707 0.221418 0.561776 0.222865 0.561776 0.227207 0.567568 0.227207 0.569498 0.228654 0.571429 0.230101 0.569498 0.277858 0.569498 0.283647 0.57722 0.283647 0.579151 0.289436 0.586873 0.308249 0.586873 0.316932 0.57529 0.318379 0.57529 0.319826 0.57722 0.319826 0.579151 0.321274 0.581081 0.321274 0.584942 0.322721 0.586873 0.322721 0.588803 0.321274 0.590734 0.316932 0.590734 0.315485 0.592664 0.31259 0.592664 0.311143 0.594595 0.306802 0.594595 0.305355 0.596525 0.303907 0.596525 0.30246 0.598456 0.299566 0.598456 0.298119 0.600386 0.296671 0.600386 0.295224 0.602317 0.293777 0.602317 0.29233 0.604247 0.290883 0.604247 0.289436 0.606178 0.286541 0.606178 0.285094 0.608108 0.283647 0.608108 0.2822 0.610039 0.280753 0.610039 0.279305 0.611969 0.277858 0.611969 0.276411 0.6139 0.273517 0.6139 0.272069 0.61583 0.270622 0.61583 0.273517 0.619691 0.274964 0.617761 0.276411 0.617761 0.277858 0.61583 0.280753 0.61583 0.2822 0.6139 0.283647 0.6139 0.285094 0.611969 0.286541 0.611969 0.287988 0.610039 0.290883 0.610039 0.29233 0.608108 0.293777 0.608108 0.295224 0.606178 0.296671 0.606178 0.298119 0.604247 0.301013 0.604247 0.30246 0.602317 0.303907 0.602317 0.305355 0.600386 0.309696 0.600386 0.311143 0.598456 0.316932 0.598456 0.318379 0.596525 0.322721 0.596525 0.324168 0.594595 0.329957 0.594595 0.331404 0.592664 0.331404 0.590734 0.332851 0.588803 0.332851 0.586873 0.335745 0.583012 0.335745 0.581081 0.33864 0.57722 0.344428 0.57722 0.345876 0.57529 0.377713 0.57529 0.379161 0.57722 0.379161 0.57529 0.380608 0.573359 0.380608 0.571429 0.382055 0.569498 0.382055 0.567568 0.383502 0.565637 0.386397 0.565637 0.387844 0.567568 0.392185 0.567568 0.393632 0.569498 0.396527 0.569498 0.397974 0.571429 0.402315 0.571429 0.403763 0.573359 0.406657 0.573359 0.408104 0.57529 0.412446 0.57529 0.413893 0.57722 0.418234 0.57722 0.418234 0.57529 0.419682 0.573359 0.419682 0.571429 0.418234 0.569498 0.416787 0.569498 0.41534 0.567568 0.412446 0.567568 0.410999 0.565637 0.409551 0.565637 0.408104 0.563707 0.406657 0.563707 0.40521 0.561776 0.403763 0.561776 0.402315 0.559846 0.399421 0.559846 0.397974 0.557915 0.396527 0.557915 0.39508 0.555985 0.393632 0.555985 0.392185 0.554054 0.390738 0.554054 0.389291 0.552124 0.386397 0.552124 0.384949 0.550193 0.383502 0.550193 0.382055 0.548263 0.380608 0.548263 0.379161 0.546332 0.377713 0.546332 0.376266 0.544402 0.373372 0.544402 0.371925 0.542471 0.370478 0.542471 0.36903 0.540541 0.367583 0.540541 0.366136 0.53861 0.367583 0.53668 0.371925 0.53668 0.373372 0.534749 0.377713 0.534749 0.379161 0.532819 0.431259 0.532819 0.432706 0.534749 0.432706 0.53668 0.431259 0.53861 0.431259 0.542471 0.429812 0.544402 0.429812 0.548263 0.428365 0.550193 0.428365 0.552124 0.426918 0.554054 0.426918 0.557915 0.42547 0.559846 0.42547 0.561776 0.426918 0.559846 0.45152 0.559846 0.452967 0.557915 0.464544 0.557915 0.464544 0.554054 0.465991 0.552124 0.465991 0.546332 0.467438 0.544402 0.467438 0.53861 0.468886 0.53668 0.468886 0.534749 0.470333 0.532819 0.47178 0.532819 0.474674 0.53668 0.474674 0.540541 0.476122 0.542471 0.476122 0.544402 0.477569 0.546332 0.477569 0.550193 0.479016 0.552124 0.479016 0.554054 0.483357 0.554054 0.492041 0.542471 0.492041 0.498069 0.493488 0.496139 0.493488 0.490347 0.494935 0.488417 0.496382 0.488417 0.499276 0.484556 0.500724 0.484556 0.502171 0.482625 0.503618 0.482625 0.505065 0.480695 0.507959 0.480695 0.509407 0.478764 0.513748 0.478764 0.515195 0.476834 0.541245 0.476834 0.542692 0.478764 0.544139 0.478764 0.545586 0.480695 0.54848 0.480695 0.549928 0.482625 0.551375 0.482625 0.554269 0.486486 0.554269 0.488417 0.555716 0.490347 0.555716 0.492278 0.557164 0.494208 0.557164 0.496139 0.558611 0.498069 0.558611 0.5 0.560058 0.501931 0.560058 0.513514 0.561505 0.515444 0.561505 0.53668 0.562952 0.53861 0.562952 0.548263 0.561505 0.550193 0.560058 0.550193 0.557164 0.554054 0.555716 0.554054 0.554269 0.555985 0.552822 0.555985 0.551375 0.557915 0.544139 0.557915 0.542692 0.555985 0.531114 0.555985 0.529667 0.557915 0.523878 0.557915 0.522431 0.559846 0.515195 0.559846 0.513748 0.557915 0.512301 0.557915 0.509407 0.554054 0.507959 0.554054 0.506512 0.552124 0.505065 0.552124 0.503618 0.550193 0.500724 0.550193 0.499276 0.548263 0.497829 0.548263 0.496382 0.546332 0.496382 0.550193 0.497829 0.552124 0.497829 0.554054 0.499276 0.555985 0.499276 0.557915 0.500724 0.559846 0.502171 0.559846 0.505065 0.563707 0.506512 0.563707 0.509407 0.567568 0.507959 0.569498 0.503618 0.569498 0.502171 0.571429 0.497829 0.571429 0.496382 0.573359 0.492041 0.573359 0.490593 0.57529 0.484805 0.57529 0.483357 0.57722 0.479016 0.57722 0.477569 0.579151 0.473227 0.579151 0.47178 0.581081 0.470333 0.581081 0.468886 0.583012 0.467438 0.583012 0.464544 0.586873 0.463097 0.586873 0.46165 0.588803 0.460203 0.588803 0.458755 0.590734 0.457308 0.590734 0.454414 0.594595 0.452967 0.594595 0.45152 0.596525 0.450072 0.596525 0.448625 0.598456 0.447178 0.598456 0.445731 0.600386 0.442836 0.600386 0.441389 0.602317 0.439942 0.602317 0.438495 0.604247 0.437048 0.604247 0.435601 0.606178 0.432706 0.606178 0.431259 0.608108 0.429812 0.608108 0.428365 0.610039 0.42547 0.610039 0.424023 0.611969 0.422576 0.611969 0.421129 0.6139 0.419682 0.6139 0.418234 0.61583 0.41534 0.61583 0.413893 0.617761 0.412446 0.617761 0.410999 0.619691 0.409551 0.619691 0.408104 0.621622 0.40521 0.621622 0.403763 0.623552 0.402315 0.623552 0.400868 0.625483 0.396527 0.625483 0.39508 0.627413 0.392185 0.627413 0.390738 0.629344 0.387844 0.629344 0.386397 0.631274 0.383502 0.631274 0.382055 0.633205 0.379161 0.633205 0.377713 0.635135 0.374819 0.635135 0.373372 0.637066 0.370478 0.637066 0.36903 0.638996 0.367583 0.638996 0.366136 0.640927 0.363242 0.640927 0.361795 0.642857 0.3589 0.642857 0.357453 0.644788 0.354559 0.644788 0.353111 0.646718 0.350217 0.646718 0.34877 0.648649 0.345876 0.648649 0.344428 0.650579 0.341534 0.650579 0.340087 0.65251 0.337192 0.65251 0.335745 0.65444 0.328509 0.65444 0.327062 0.656371 0.319826 0.656371 0.318379 0.658301 0.311143 0.658301 0.309696 0.660232 0.30246 0.660232 0.301013 0.662162 0.293777 0.662162 0.29233 0.664093 0.283647 0.664093 0.2822 0.666023 0.274964 0.666023 0.273517 0.667954 0.266281 0.667954 0.264834 0.669884 0.257598 0.669884 0.256151 0.671815 0.24602 0.671815 0.244573 0.669884 0.240232 0.669884 0.238784 0.667954 0.23589 0.667954 0.234443 0.666023 0.231548 0.666023 0.230101 0.664093 0.228654 0.666023 0.222865 0.666023 0.221418 0.667954 0.21563 0.667954 0.214182 0.669884 0.206946 0.669884 0.205499 0.671815 0.195369 0.671815 0.193922 0.669884 0.18958 0.669884 0.188133 0.667954 0.185239 0.667954 0.183792 0.666023 0.17945 0.666023 0.178003 0.664093 0.173661 0.664093 0.172214 0.662162 0.172214 0.669884 0.173661 0.671815 0.173661 0.677606 0.172214 0.679537 0.137482 0.679537 0.136035 0.677606 0.101302 0.677606 0.098408 0.673745 0.098408 0.671815 0.094067 0.666023 0.094067 0.664093 0.092619 0.662162 0.092619 0.666023 0.091172 0.667954 0.091172 0.673745 0.089725 0.675676 0.089725 0.677606 0.088278 0.679537 0.085384 0.679537 0.083936 0.681467 0.081042 0.681467 0.079595 0.683398 0.075253 0.683398 0.073806 0.685328 0.070912 0.685328 0.069465 0.687259 0.06657 0.687259 0.065123 0.689189 0.062229 0.689189 0.060781 0.69112 0.05644 0.69112 0.054993 0.69305 0.052098 0.69305 0.050651 0.694981 0.036179 0.694981 0.034732 0.696911 0.021708 0.696911 0.02026 0.698842 0.005789 0.698842 0.004342 0.700772 0.004342 0.702703 0.002894 0.704633 0.002894 0.706564 0.001447 0.708494 0.001447 0.710425 0.0 0.712355 0.0 0.725869 0.001447 0.723938 0.013025 0.723938 0.014472 0.722008 0.02026 0.722008 0.021708 0.720077 0.028944 0.720077 0.030391 0.718147 0.036179 0.718147 0.037627 0.716216 0.043415 0.716216 0.044863 0.714286 0.050651 0.714286 0.052098 0.712355 0.059334 0.712355 0.060781 0.710425 0.06657 0.710425 0.068017 0.708494 0.073806 0.708494 0.075253 0.706564 0.081042 0.706564 0.082489 0.704633 0.089725 0.704633 0.091172 0.702703 0.095514 0.702703 0.096961 0.704633 0.096961 0.708494 0.098408 0.710425 0.098408 0.718147 0.096961 0.720077 0.094067 0.720077 0.092619 0.722008 0.089725 0.722008 0.088278 0.723938 0.083936 0.723938 0.082489 0.725869 0.079595 0.725869 0.078148 0.727799 0.075253 0.727799 0.073806 0.72973 0.070912 0.72973 0.069465 0.73166 0.06657 0.73166 0.065123 0.733591 0.060781 0.733591 0.059334 0.735521 0.05644 0.735521 0.054993 0.737452 0.052098 0.737452 0.050651 0.739382 0.047757 0.739382 0.04631 0.741313 0.041968 0.741313 0.040521 0.743243 0.037627 0.743243 0.036179 0.745174 0.033285 0.745174 0.033285 0.747104 0.034732 0.749035 0.034732 0.750965 0.036179 0.752896 0.036179 0.754826 0.037627 0.752896 0.089725 0.752896 0.091172 0.750965 0.096961 0.750965 0.098408 0.749035 0.104197 0.749035 0.105644 0.747104 0.111433 0.747104 0.11288 0.745174 0.117221 0.745174 0.118669 0.743243 0.124457 0.743243 0.125904 0.741313 0.131693 0.741313 0.13314 0.739382 0.138929 0.739382 0.140376 0.737452 0.146165 0.737452 0.147612 0.735521 0.149059 0.735521 0.151954 0.73166 0.153401 0.73166 0.156295 0.727799 0.157742 0.727799 0.15919 0.725869 0.160637 0.725869 0.163531 0.722008 0.164978 0.722008 0.167873 0.718147 0.16932 0.718147 0.170767 0.716216 0.172214 0.716216 0.175109 0.712355 0.176556 0.712355 0.178003 0.710425 0.17945 0.710425 0.182344 0.706564 0.183792 0.706564 0.186686 0.702703 0.188133 0.702703 0.18958 0.700772 0.193922 0.700772 0.195369 0.698842 0.198263 0.698842 0.199711 0.696911 0.204052 0.696911 0.205499 0.694981 0.209841 0.694981 0.211288 0.69305 0.214182 0.69305 0.21563 0.69112 0.219971 0.69112 0.221418 0.689189 0.224313 0.689189 0.22576 0.687259 0.230101 0.687259 0.231548 0.685328 0.23589 0.685328 0.237337 0.683398 0.240232 0.683398 0.241679 0.681467 0.24602 0.681467 0.247467 0.679537 0.261939 0.679537 0.263386 0.677606 0.279305 0.677606 0.280753 0.675676 0.295224 0.675676 0.296671 0.673745 0.31259 0.673745 0.314038 0.671815 0.316932 0.671815 0.318379 0.669884 0.321274 0.669884 0.322721 0.667954 0.325615 0.667954 0.327062 0.666023 0.329957 0.666023 0.331404 0.664093 0.334298 0.664093 0.335745 0.662162 0.33864 0.662162 0.340087 0.660232 0.342981 0.660232 0.344428 0.658301 0.347323 0.658301 0.34877 0.656371 0.350217 0.656371 0.351664 0.65444 0.354559 0.65444 0.356006 0.65251 0.3589 0.65251 0.360347 0.650579 0.363242 0.650579 0.364689 0.648649 0.367583 0.648649 0.36903 0.646718 0.371925 0.646718 0.373372 0.644788 0.376266 0.644788 0.377713 0.642857 0.380608 0.642857 0.382055 0.640927 0.392185 0.640927 0.393632 0.642857 0.402315 0.642857 0.403763 0.644788 0.410999 0.644788 0.412446 0.646718 0.413893 0.644788 0.41534 0.644788 0.416787 0.642857 0.418234 0.642857 0.419682 0.640927 0.421129 0.640927 0.422576 0.638996 0.424023 0.638996 0.42547 0.637066 0.426918 0.637066 0.428365 0.635135 0.431259 0.635135 0.432706 0.633205 0.434153 0.633205 0.435601 0.631274 0.437048 0.631274 0.438495 0.629344 0.439942 0.629344 0.441389 0.627413 0.442836 0.627413 0.444284 0.625483 0.445731 0.625483 0.447178 0.623552 0.448625 0.623552 0.450072 0.621622 0.45152 0.621622 0.452967 0.619691 0.454414 0.619691 0.455861 0.617761 0.457308 0.617761 0.458755 0.61583 0.460203 0.61583 0.46165 0.6139 0.463097 0.6139 0.464544 0.611969 0.467438 0.611969 0.468886 0.610039 0.470333 0.610039 0.47178 0.608108 0.473227 0.608108 0.474674 0.606178 0.476122 0.606178 0.477569 0.604247 0.479016 0.604247 0.480463 0.602317 0.48191 0.602317 0.483357 0.600386 0.489146 0.600386 0.490593 0.598456 0.494935 0.598456 0.496382 0.596525 0.502171 0.596525 0.503618 0.594595 0.507959 0.594595 0.509407 0.592664 0.515195 0.592664 0.516643 0.590734 0.520984 0.590734 0.522431 0.588803 0.52822 0.588803 0.529667 0.586873 0.535456 0.586873 0.536903 0.584942 0.544139 0.584942 0.545586 0.583012 0.551375 0.583012 0.552822 0.581081 0.560058 0.581081 0.561505 0.579151 0.567294 0.579151 0.568741 0.57722 0.578871 0.57722 0.580318 0.579151 0.583213 0.579151 0.58466 0.581081 0.589001 0.581081 0.590449 0.583012 0.593343 0.583012 0.59479 0.584942 0.599132 0.584942 0.600579 0.586873 0.603473 0.586873 0.60492 0.588803 0.609262 0.588803 0.610709 0.590734 0.612156 0.588803 0.613603 0.588803 0.615051 0.586873 0.617945 0.586873 0.619392 0.584942 0.620839 0.584942 0.622287 0.583012 0.623734 0.583012 0.625181 0.581081 0.628075 0.581081 0.629522 0.579151 0.670043 0.579151 0.671491 0.581081 0.677279 0.581081 0.678726 0.583012 0.684515 0.583012 0.685962 0.584942 0.693198 0.584942 0.694645 0.586873 0.700434 0.586873 0.701881 0.588803 0.70767 0.588803 0.709117 0.590734 0.714906 0.590734 0.716353 0.592664 0.722142 0.592664 0.723589 0.594595 0.755427 0.594595 0.756874 0.596525 0.788712 0.596525 0.790159 0.598456 0.821997 0.598456 0.823444 0.600386 0.819103 0.594595 0.819103 0.592664 0.816208 0.588803 0.791606 0.588803 0.790159 0.586873 0.765557 0.586873 0.76411 0.584942 0.765557 0.583012 0.769899 0.583012 0.771346 0.581081 0.775687 0.581081 0.777135 0.579151 0.781476 0.579151 0.782923 0.57722 0.794501 0.57722 0.795948 0.579151 0.803184 0.579151 0.804631 0.581081 0.811867 0.581081 0.813314 0.583012 0.82055 0.583012 0.821997 0.584942 0.83068 0.584942 0.832127 0.586873 0.839363 0.586873 0.84081 0.588803 0.848046 0.588803 0.849493 0.590734 0.856729 0.590734 0.858177 0.592664 0.865412 0.592664 0.86686 0.594595 0.868307 0.592664 0.871201 0.592664 0.872648 0.590734 0.875543 0.590734 0.87699 0.588803 0.879884 0.588803 0.881331 0.586873 0.884226 0.586873 0.885673 0.584942 0.890014 0.584942 0.891462 0.583012 0.894356 0.583012 0.895803 0.581081 0.898698 0.581081 0.900145 0.579151 0.903039 0.579151 0.904486 0.57722 0.907381 0.57722 0.908828 0.57529 0.916064 0.57529 0.917511 0.573359 0.929088 0.573359 0.930535 0.57529 0.934877 0.57529 0.936324 0.57722 0.940666 0.57722 0.942113 0.579151 0.945007 0.579151 0.946454 0.581081 0.950796 0.581081 0.952243 0.583012 0.956585 0.583012 0.958032 0.584942 0.962373 0.584942 0.963821 0.586873 0.981187 0.586873 0.982634 0.588803 0.998553 0.588803 0.998553 0.451737 0.965268 0.451737 0.963821 0.449807 0.962373 0.449807 0.959479 0.445946 0.958032 0.445946 0.956585 0.444015 0.955137 0.444015 0.95369 0.442085 0.952243 0.442085 0.950796 0.440154 0.949349 0.440154 0.946454 0.436293 0.945007 0.436293 0.94356 0.434363 0.942113 0.434363 0.940666 0.432432 0.931983 0.444015 0.93343 0.444015 0.936324 0.447876 0.937771 0.447876 0.940666 0.451737 0.942113 0.451737 0.94356 0.453668 0.945007 0.451737 0.949349 0.451737 0.950796 0.449807 0.955137 0.449807 0.962373 0.459459 0.962373 0.46139 0.969609 0.471042 0.968162 0.472973 0.966715 0.472973 0.963821 0.476834 0.962373 0.476834 0.960926 0.478764 0.959479 0.478764 0.958032 0.476834 0.956585 0.476834 0.95369 0.472973 0.952243 0.472973 0.947902 0.467181 0.946454 0.467181 0.94356 0.46332 0.942113 0.46332 0.940666 0.46139 0.939219 0.46139 0.936324 0.457529 0.934877 0.457529 0.93343 0.455598 0.931983 0.455598 0.930535 0.453668 0.929088 0.453668 0.927641 0.451737 0.926194 0.451737 0.924747 0.449807 0.9233 0.449807 0.921852 0.447876 0.918958 0.447876 0.917511 0.445946 0.916064 0.445946 0.914616 0.444015 0.913169 0.444015 0.911722 0.442085 0.910275 0.442085 0.908828 0.440154 0.905933 0.444015 0.904486 0.444015 0.900145 0.449807 0.898698 0.449807 0.89725 0.451737 0.895803 0.451737 0.894356 0.449807 0.892909 0.449807 0.891462 0.447876 0.888567 0.447876 0.88712 0.445946 0.885673 0.445946 0.884226 0.444015 0.882779 0.444015 0.881331 0.442085 0.879884 0.444015 0.878437 0.444015 0.87699 0.445946 0.875543 0.445946 0.872648 0.449807 0.871201 0.449807 0.869754 0.451737 0.868307 0.451737 0.86686 0.453668 0.856729 0.453668 0.855282 0.451737 0.848046 0.451737 0.846599 0.449807 0.846599 0.447876 0.848046 0.445946 0.848046 0.444015 0.849493 0.442085 0.849493 0.440154 0.850941 0.438224 0.850941 0.436293 0.852388 0.434363 0.852388 0.432432 0.853835 0.430502 0.853835 0.428571 0.852388 0.428571 0.850941 0.426641 0.849493 0.426641 0.848046 0.42471 0.846599 0.42471 0.845152 0.42278 0.843705 0.42278 0.84081 0.418919 0.839363 0.418919 0.836469 0.415058 0.835022 0.415058 0.833575 0.413127 0.833575 0.420849 0.835022 0.42278 0.835022 0.432432 0.833575 0.434363 0.83068 0.434363 0.829233 0.436293 0.819103 0.436293 0.817656 0.434363 0.81042 0.434363 0.808973 0.432432 0.801737 0.432432 0.800289 0.430502 0.793054 0.430502 0.791606 0.428571 0.791606 0.432432 0.793054 0.434363 0.793054 0.440154 0.795948 0.440154 0.797395 0.442085 0.801737 0.442085 0.803184 0.444015 0.806078 0.444015 0.814761 0.455598 0.816208 0.455598 0.826339 0.469112 0.823444 0.472973 0.821997 0.472973 0.816208 0.480695 0.814761 0.480695 0.811867 0.484556 0.81042 0.484556 0.808973 0.486486 0.807525 0.486486 0.806078 0.488417 0.804631 0.488417 0.803184 0.490347 0.801737 0.490347 0.800289 0.492278 0.797395 0.492278 0.795948 0.494208 0.794501 0.494208 0.793054 0.496139 0.791606 0.496139 0.790159 0.498069 0.788712 0.498069 0.785818 0.494208 0.785818 0.492278 0.781476 0.486486 0.781476 0.484556 0.780029 0.482625 0.781476 0.480695 0.788712 0.480695 0.790159 0.478764 0.798842 0.478764 0.798842 0.476834 0.800289 0.474903 0.800289 0.472973 0.801737 0.471042 0.777135 0.471042 0.777135 0.472973 0.775687 0.474903 0.775687 0.476834 0.77424 0.478764 0.77424 0.480695 0.772793 0.482625 0.756874 0.482625 0.755427 0.480695 0.739508 0.480695 0.738061 0.478764 0.736614 0.480695 0.714906 0.480695 0.713459 0.478764 0.703329 0.478764 0.701881 0.476834 0.688857 0.476834 0.68741 0.474903 0.674385 0.474903 0.672938 0.472973 0.6411 0.472973 0.639653 0.471042 0.607815 0.471042 0.606368 0.469112 0.60492 0.469112 0.602026 0.465251 0.600579 0.465251 0.599132 0.46332 0.597685 0.46332 0.596237 0.46139 0.59479 0.46139 0.591896 0.457529 0.590449 0.457529 0.589001 0.455598 0.587554 0.455598 0.58466 0.451737 0.583213 0.451737 0.581766 0.449807 0.580318 0.451737 0.578871 0.451737 0.575977 0.455598 0.57453 0.455598 0.571635 0.459459 0.570188 0.459459 0.568741 0.46139 0.567294 0.46139 0.564399 0.465251 0.562952 0.465251 0.560058 0.469112 0.557164 0.469112 0.555716 0.467181 0.552822 0.467181 0.551375 0.465251 0.549928 0.465251 0.54848 0.46332 0.547033 0.46332 0.545586 0.46139 0.544139 0.46139 0.542692 0.459459 0.539797 0.459459 0.53835 0.457529 0.536903 0.457529 0.535456 0.455598 0.534009 0.457529 0.531114 0.457529 0.529667 0.459459 0.526773 0.459459 0.525326 0.46139 0.520984 0.46139 0.519537 0.46332 0.513748 0.46332 0.512301 0.46139 0.510854 0.46139 0.509407 0.459459 0.506512 0.459459 0.505065 0.457529 0.503618 0.457529 0.502171 0.455598 0.499276 0.455598 0.497829 0.453668 0.499276 0.451737 0.502171 0.451737 0.503618 0.449807 0.507959 0.449807 0.509407 0.447876 0.512301 0.447876 0.513748 0.445946 0.516643 0.445946 0.51809 0.444015 0.522431 0.444015 0.523878 0.442085 0.526773 0.442085 0.520984 0.434363 0.519537 0.436293 0.389291 0.436293 0.387844 0.434363 0.389291 0.432432 0.39508 0.432432 0.396527 0.430502 0.403763 0.430502 0.403763 0.426641 0.402315 0.42471 0.402315 0.420849 0.403763 0.418919 0.412446 0.418919 0.416787 0.42471 0.416787 0.426641 0.419682 0.430502 0.421129 0.428571 0.422576 0.428571 0.424023 0.426641 0.42547 0.426641 0.426918 0.42471 0.428365 0.42471 0.429812 0.42278 0.431259 0.42278 0.432706 0.420849 0.434153 0.420849 0.435601 0.418919 0.437048 0.418919 0.438495 0.416988 0.439942 0.416988 0.441389 0.415058 0.442836 0.415058 0.384949 0.415058 0.383502 0.416988 0.380608 0.416988 0.379161 0.418919 0.374819 0.418919 0.373372 0.420849 0.366136 0.420849 0.364689 0.418919 0.364689 0.416988 0.363242 0.415058 0.363242 0.413127 0.360347 0.413127 0.3589 0.411197 0.357453 0.411197 0.356006 0.409266 0.353111 0.409266 0.351664 0.407336 0.350217 0.407336 0.34877 0.405405 0.347323 0.407336 0.341534 0.407336 0.340087 0.409266 0.335745 0.409266 0.334298 0.411197 0.328509 0.411197 0.327062 0.413127 0.318379 0.413127 0.316932 0.411197 0.314038 0.411197 0.31259 0.409266 0.309696 0.409266 0.308249 0.407336 0.305355 0.407336 0.303907 0.405405 0.301013 0.405405 0.299566 0.403475 0.301013 0.401544 0.335745 0.401544 0.335745 0.397683 0.337192 0.395753 0.337192 0.393822 0.273517 0.393822 0.272069 0.391892 0.273517 0.393822 0.273517 0.395753 0.274964 0.397683 0.274964 0.399614 0.276411 0.401544 0.276411 0.403475 0.277858 0.405405 0.277858 0.407336 0.279305 0.409266 0.279305 0.411197 0.280753 0.413127 0.280753 0.415058 0.2822 0.416988 0.280753 0.418919 0.280753 0.420849 0.279305 0.42278 0.279305 0.42471 0.276411 0.428571 0.273517 0.428571 0.272069 0.430502 0.267728 0.430502 0.266281 0.432432 0.264834 0.432432 0.263386 0.430502 0.263386 0.428571 0.264834 0.426641 0.264834 0.418919 0.266281 0.416988 0.266281 0.413127 0.264834 0.413127 0.263386 0.411197 0.261939 0.411197 0.260492 0.409266 0.259045 0.409266 0.257598 0.407336 0.256151 0.409266 0.254703 0.409266 0.253256 0.411197 0.250362 0.411197 0.248915 0.413127 0.247467 0.413127 0.24602 0.415058 0.243126 0.415058 0.241679 0.416988 0.240232 0.416988 0.240232 0.432432 0.244573 0.432432 0.24602 0.434363 0.248915 0.434363 0.250362 0.436293 0.254703 0.436293 0.256151 0.438224 0.254703 0.440154 0.248915 0.440154 0.247467 0.442085 0.243126 0.442085 0.241679 0.444015 0.23589 0.444015 0.234443 0.445946 0.224313 0.445946 0.222865 0.444015 0.219971 0.444015 0.218524 0.442085 0.214182 0.442085 0.211288 0.438224 0.209841 0.438224 0.206946 0.434363 0.206946 0.432432 0.205499 0.430502 0.205499 0.426641 0.206946 0.42471 0.208394 0.42471 0.209841 0.42278 0.212735 0.42278 0.21563 0.418919 0.217077 0.418919 0.21563 0.416988 0.21563 0.415058 0.211288 0.409266 0.211288 0.407336 0.209841 0.405405 0.211288 0.403475 0.212735 0.403475 0.21563 0.399614 0.217077 0.399614 0.219971 0.395753 0.221418 0.395753 0.218524 0.395753 0.217077 0.393822 0.214182 0.393822 0.212735 0.391892 0.209841 0.391892 0.208394 0.389961 0.209841 0.388031 0.219971 0.388031 0.219971 0.3861 0.221418 0.38417 0.221418 0.382239 0.222865 0.380309 0.214182 0.380309 0.212735 0.378378 0.204052 0.378378 0.202605 0.376448 0.199711 0.380309 0.199711 0.382239 0.196816 0.3861 0.192475 0.3861 0.191027 0.38417 0.188133 0.38417 0.186686 0.382239 0.198263 0.366795 0.206946 0.366795 0.206946 0.359073 0.208394 0.357143 0.208394 0.353282 0.209841 0.351351 0.21563 0.351351 0.21563 0.343629 0.192475 0.343629 0.191027 0.341699 0.188133 0.341699 0.186686 0.339768 0.183792 0.339768 0.182344 0.337838 0.17945 0.337838 0.178003 0.335907 0.176556 0.335907 0.175109 0.333977 0.172214 0.333977 0.170767 0.332046 0.167873 0.332046
