0 0.937082 0.973166 0.935743 0.974955 0.931727 0.974955 0.930388 0.976744 0.926372 0.976744 0.930388 0.982111 0.930388 0.9839 0.933066 0.987478 0.937082 0.982111
0 0.074967 0.948122 0.073628 0.949911 0.058902 0.949911 0.060241 0.951699 0.060241 0.953488 0.06158 0.955277 0.074967 0.955277
0 0.362784 0.860465 0.361446 0.862254 0.34672 0.862254 0.34672 0.864043 0.345382 0.865832 0.345382 0.86941 0.344043 0.871199 0.344043 0.872987 0.342704 0.874776 0.342704 0.876565 0.344043 0.874776 0.360107 0.874776 0.360107 0.871199 0.361446 0.86941 0.361446 0.864043 0.362784 0.862254
0 0.563588 0.846154 0.566265 0.849732 0.566265 0.851521 0.567604 0.853309 0.568942 0.851521 0.574297 0.851521 0.578313 0.846154
0 0.615797 0.701252 0.614458 0.703041 0.607764 0.703041 0.606426 0.70483 0.599732 0.70483 0.599732 0.724508 0.60241 0.724508 0.60241 0.719141 0.603748 0.717352 0.603748 0.713775 0.605087 0.711986 0.609103 0.711986 0.610442 0.713775 0.615797 0.713775 0.617135 0.715564 0.621151 0.715564 0.62249 0.717352 0.627845 0.717352 0.629183 0.719141 0.634538 0.719141 0.635877 0.72093 0.637216 0.719141 0.637216 0.717352 0.639893 0.713775 0.637216 0.713775 0.635877 0.711986 0.634538 0.711986 0.633199 0.710197 0.630522 0.710197 0.629183 0.708408 0.627845 0.708408 0.626506 0.706619 0.623829 0.706619 0.62249 0.70483 0.621151 0.70483 0.619813 0.703041 0.617135 0.703041
0 0.376171 0.654741 0.374833 0.65653 0.370817 0.65653 0.369478 0.658318 0.366801 0.658318 0.365462 0.660107 0.361446 0.660107 0.360107 0.661896 0.356091 0.661896 0.354752 0.663685 0.354752 0.665474 0.352075 0.669052 0.356091 0.669052 0.35743 0.670841 0.358768 0.669052 0.366801 0.669052 0.368139 0.667263 0.37751 0.667263 0.37751 0.661896 0.376171 0.660107
0 0.092369 0.644007 0.091031 0.645796 0.088353 0.645796 0.087015 0.647585 0.085676 0.647585 0.084337 0.649374 0.069612 0.649374 0.068273 0.647585 0.065596 0.651163 0.064257 0.651163 0.06158 0.654741 0.060241 0.654741 0.057564 0.658318 0.056225 0.658318 0.054886 0.660107 0.053548 0.660107 0.05087 0.663685 0.049531 0.663685 0.048193 0.665474 0.046854 0.665474 0.045515 0.667263 0.044177 0.667263 0.045515 0.667263 0.048193 0.670841 0.065596 0.670841 0.066934 0.67263 0.068273 0.670841 0.069612 0.670841 0.07095 0.669052 0.073628 0.669052 0.074967 0.667263 0.076305 0.667263 0.077644 0.665474 0.080321 0.665474 0.087015 0.65653 0.091031 0.65653 0.092369 0.654741 0.095047 0.654741 0.096386 0.652952 0.100402 0.652952 0.097724 0.649374 0.096386 0.649374
0 0.348059 0.615385 0.348059 0.617174 0.34672 0.618962 0.34672 0.620751 0.345382 0.62254 0.349398 0.62254 0.350736 0.624329 0.354752 0.624329 0.356091 0.626118 0.360107 0.626118 0.361446 0.627907 0.364123 0.624329 0.365462 0.624329 0.368139 0.620751 0.369478 0.620751 0.364123 0.620751 0.362784 0.618962 0.356091 0.618962 0.354752 0.617174 0.349398 0.617174
0 0.974565 0.592129 0.973226 0.593918 0.971888 0.593918 0.96921 0.597496 0.967871 0.597496 0.965194 0.601073 0.963855 0.601073 0.962517 0.602862 0.963855 0.602862 0.966533 0.60644 0.982597 0.60644 0.983936 0.604651 0.998661 0.604651 0.998661 0.592129
0 0.366801 0.550984 0.365462 0.552773 0.356091 0.552773 0.354752 0.554562 0.354752 0.556351 0.352075 0.559928 0.369478 0.559928 0.370817 0.561717 0.369478 0.559928 0.369478 0.55814 0.368139 0.556351 0.368139 0.554562 0.366801 0.552773
0 0.321285 0.543828 0.319946 0.545617 0.309237 0.545617 0.313253 0.545617 0.314592 0.547406 0.319946 0.547406 0.319946 0.545617
0 0.528782 0.54025 0.527443 0.542039 0.526104 0.542039 0.527443 0.542039 0.528782 0.543828 0.527443 0.545617 0.527443 0.547406 0.526104 0.549195 0.526104 0.550984 0.524766 0.552773 0.526104 0.552773 0.527443 0.554562 0.528782 0.552773 0.532798 0.552773 0.534137 0.554562 0.534137 0.55814 0.542169 0.55814 0.542169 0.552773 0.54083 0.550984 0.54083 0.545617 0.538153 0.545617 0.536814 0.543828 0.535475 0.543828 0.532798 0.54025
0 0.481928 0.490161 0.480589 0.49195 0.475234 0.49195 0.476573 0.49195 0.477912 0.493739 0.483266 0.493739 0.481928 0.49195
0 0.83668 0.472272 0.834003 0.47585 0.832664 0.47585 0.834003 0.477639 0.834003 0.479428 0.835341 0.477639 0.842035 0.477639 0.842035 0.472272
0 0.160643 0.468694 0.157965 0.472272 0.156627 0.472272 0.155288 0.474061 0.148594 0.474061 0.147256 0.472272 0.147256 0.47585 0.145917 0.477639 0.145917 0.479428 0.164659 0.479428 0.165997 0.481216 0.165997 0.472272 0.164659 0.472272 0.16332 0.470483 0.161981 0.470483
0 0.319946 0.436494 0.318608 0.438283 0.318608 0.440072 0.317269 0.44186 0.317269 0.443649 0.31593 0.445438 0.321285 0.445438 0.321285 0.44186 0.319946 0.440072
0 0.672021 0.416816 0.672021 0.418605 0.670683 0.420394 0.670683 0.422182 0.669344 0.423971 0.676037 0.423971 0.677376 0.42576 0.677376 0.416816
1 0.718876 0.982111 0.718876 0.9839 0.717537 0.985689 0.720214 0.989267 0.720214 0.991055 0.722892 0.994633 0.72423 0.992844 0.726908 0.992844
1 0.839357 0.980322 0.839357 0.989267 0.840696 0.991055 0.840696 0.998211 0.843373 0.998211 0.843373 0.989267 0.842035 0.987478 0.842035 0.980322
1 0.429719 0.971377 0.433735 0.971377 0.435074 0.973166 0.440428 0.973166 0.441767 0.974955 0.445783 0.974955 0.447122 0.976744 0.457831 0.976744 0.456493 0.974955 0.456493 0.973166 0.455154 0.971377
1 0.243641 0.964222 0.242303 0.966011 0.23427 0.966011 0.232932 0.9678 0.232932 0.969589 0.231593 0.971377 0.231593 0.973166 0.230254 0.974955 0.231593 0.974955 0.23427 0.978533 0.238286 0.973166 0.239625 0.973166 0.242303 0.969589 0.24498 0.969589 0.24498 0.9678 0.243641 0.966011
1 0.144578 0.960644 0.141901 0.964222 0.140562 0.964222 0.140562 0.966011 0.139224 0.9678 0.139224 0.969589 0.141901 0.969589 0.14324 0.971377 0.147256 0.966011 0.145917 0.964222 0.145917 0.962433
1 0.329317 0.958855 0.32664 0.962433 0.325301 0.962433 0.325301 0.992844 0.329317 0.992844
1 0.239625 0.953488 0.238286 0.955277 0.236948 0.955277 0.23427 0.958855 0.232932 0.958855 0.231593 0.960644 0.230254 0.960644 0.228916 0.962433 0.227577 0.962433 0.2249 0.966011 0.223561 0.966011 0.2249 0.9678 0.2249 0.969589 0.226238 0.9678 0.227577 0.9678 0.230254 0.964222 0.231593 0.964222 0.23427 0.960644 0.235609 0.960644 0.238286 0.957066 0.239625 0.957066
1 0.886212 0.946333 0.886212 0.948122 0.884873 0.949911 0.884873 0.951699 0.883534 0.953488 0.883534 0.957066 0.882195 0.958855 0.882195 0.960644 0.880857 0.962433 0.880857 0.966011 0.879518 0.9678 0.879518 0.969589 0.878179 0.971377 0.878179 0.974955 0.876841 0.976744 0.876841 0.978533 0.875502 0.980322 0.875502 0.982111 0.874163 0.9839 0.874163 0.985689 0.871486 0.989267 0.871486 0.991055 0.870147 0.992844 0.871486 0.992844 0.872825 0.994633 0.880857 0.9839 0.880857 0.982111 0.882195 0.980322 0.882195 0.974955 0.883534 0.973166 0.883534 0.969589 0.884873 0.9678 0.884873 0.962433 0.886212 0.960644 0.886212 0.955277 0.88755 0.953488 0.88755 0.949911 0.886212 0.948122
1 0.504685 0.946333 0.502008 0.949911 0.500669 0.949911 0.496653 0.955277 0.495315 0.955277 0.491299 0.960644 0.48996 0.960644 0.485944 0.966011 0.484605 0.966011 0.481928 0.969589 0.480589 0.969589 0.47925 0.971377 0.477912 0.971377 0.476573 0.973166 0.475234 0.973166 0.473896 0.974955 0.472557 0.974955 0.471218 0.976744 0.468541 0.976744 0.467202 0.978533 0.465863 0.978533 0.464525 0.980322 0.463186 0.980322 0.461847 0.982111 0.460509 0.982111 0.463186 0.982111 0.464525 0.9839 0.465863 0.982111 0.46988 0.982111 0.471218 0.980322 0.475234 0.980322 0.476573 0.978533 0.480589 0.978533 0.481928 0.976744 0.484605 0.976744 0.485944 0.974955 0.48996 0.974955 0.491299 0.973166 0.495315 0.973166 0.496653 0.971377 0.500669 0.971377 0.502008 0.969589 0.506024 0.969589 0.507363 0.9678 0.511379 0.9678 0.512718 0.966011 0.515395 0.966011 0.516734 0.964222 0.52075 0.964222 0.522088 0.962433 0.526104 0.962433 0.527443 0.960644 0.531459 0.960644 0.527443 0.955277 0.526104 0.957066 0.522088 0.957066 0.52075 0.958855 0.516734 0.958855 0.515395 0.960644 0.512718 0.960644 0.511379 0.962433 0.507363 0.962433 0.506024 0.964222 0.502008 0.964222 0.500669 0.966011 0.499331 0.966011 0.497992 0.964222 0.51004 0.948122 0.506024 0.948122
1 0.467202 0.944544 0.467202 0.946333 0.465863 0.948122 0.467202 0.948122 0.46988 0.951699 0.471218 0.951699 0.472557 0.953488 0.472557 0.951699 0.473896 0.949911 0.472557 0.949911 0.46988 0.946333 0.468541 0.946333
1 0.425703 0.932021 0.424364 0.93381 0.421687 0.93381 0.420348 0.935599 0.419009 0.935599 0.417671 0.937388 0.414993 0.937388 0.413655 0.939177 0.412316 0.939177 0.410977 0.940966 0.396252 0.940966 0.394913 0.939177 0.382865 0.939177 0.381526 0.937388 0.380187 0.939177 0.378849 0.939177 0.376171 0.942755 0.374833 0.942755 0.373494 0.944544 0.372155 0.944544 0.369478 0.948122 0.368139 0.948122 0.368139 0.949911 0.366801 0.951699 0.366801 0.953488 0.368139 0.951699 0.370817 0.951699 0.372155 0.949911 0.374833 0.949911 0.376171 0.951699 0.374833 0.953488 0.374833 0.955277 0.369478 0.962433 0.372155 0.966011 0.374833 0.962433 0.374833 0.960644 0.37751 0.957066 0.38822 0.957066 0.389558 0.958855 0.398929 0.958855 0.400268 0.960644 0.401606 0.958855 0.404284 0.958855 0.405622 0.957066 0.409639 0.957066 0.410977 0.955277 0.417671 0.955277 0.419009 0.957066 0.423025 0.957066 0.424364 0.958855 0.424364 0.948122 0.410977 0.948122 0.409639 0.949911 0.4083 0.949911 0.406961 0.951699 0.404284 0.951699 0.402945 0.953488 0.384203 0.953488 0.382865 0.951699 0.382865 0.948122 0.385542 0.944544 0.398929 0.944544 0.400268 0.946333 0.401606 0.944544 0.406961 0.944544 0.4083 0.942755 0.410977 0.942755 0.412316 0.940966 0.416332 0.940966 0.417671 0.939177 0.420348 0.939177 0.421687 0.937388 0.425703 0.937388 0.427041 0.935599 0.429719 0.935599 0.429719 0.932021
1 0.595716 0.928444 0.594378 0.930233 0.593039 0.930233 0.5917 0.932021 0.590361 0.932021 0.589023 0.93381 0.586345 0.93381 0.585007 0.935599 0.583668 0.935599 0.582329 0.937388 0.580991 0.937388 0.579652 0.939177 0.578313 0.939177 0.576975 0.940966 0.574297 0.940966 0.572959 0.942755 0.57162 0.942755 0.570281 0.944544 0.568942 0.944544 0.567604 0.946333 0.566265 0.946333 0.564926 0.948122 0.562249 0.948122 0.56091 0.949911 0.559572 0.949911 0.558233 0.948122 0.558233 0.946333 0.555556 0.942755 0.555556 0.940966 0.554217 0.939177 0.554217 0.937388 0.552878 0.935599 0.550201 0.939177 0.548862 0.939177 0.546185 0.942755 0.544846 0.942755 0.543507 0.944544 0.546185 0.948122 0.546185 0.949911 0.548862 0.953488 0.547523 0.955277 0.546185 0.955277 0.544846 0.957066 0.542169 0.957066 0.54083 0.958855 0.539491 0.958855 0.539491 0.964222 0.54083 0.962433 0.542169 0.962433 0.543507 0.960644 0.546185 0.960644 0.547523 0.958855 0.548862 0.958855 0.550201 0.957066 0.552878 0.957066 0.554217 0.955277 0.555556 0.955277 0.556894 0.953488 0.559572 0.953488 0.56091 0.951699 0.562249 0.951699 0.563588 0.949911 0.566265 0.949911 0.567604 0.948122 0.568942 0.948122 0.570281 0.946333 0.572959 0.946333 0.574297 0.944544 0.575636 0.944544 0.576975 0.942755 0.579652 0.942755 0.580991 0.940966 0.582329 0.940966 0.583668 0.939177 0.586345 0.939177 0.587684 0.937388 0.589023 0.937388 0.590361 0.935599 0.593039 0.935599 0.594378 0.93381 0.595716 0.93381
1 0.783133 0.912343 0.783133 0.915921 0.781794 0.91771 0.781794 0.926655 0.780455 0.928444 0.780455 0.937388 0.779116 0.939177 0.779116 0.948122 0.777778 0.949911 0.777778 0.958855 0.776439 0.960644 0.776439 0.9678 0.7751 0.969589 0.7751 0.971377 0.773762 0.973166 0.773762 0.974955 0.772423 0.976744 0.772423 0.980322 0.771084 0.982111 0.771084 0.9839 0.769746 0.985689 0.769746 0.989267 0.768407 0.991055 0.768407 0.992844 0.767068 0.994633 0.767068 0.996422 0.76573 0.998211 0.772423 0.998211 0.773762 0.996422 0.773762 0.991055 0.7751 0.989267 0.7751 0.985689 0.776439 0.9839 0.776439 0.980322 0.777778 0.978533 0.777778 0.973166 0.779116 0.971377 0.779116 0.966011 0.780455 0.964222 0.780455 0.957066 0.781794 0.955277 0.781794 0.946333 0.783133 0.944544 0.783133 0.937388 0.784471 0.935599 0.784471 0.928444 0.78581 0.926655 0.78581 0.91771 0.787149 0.915921 0.787149 0.912343
1 0.941098 0.906977 0.939759 0.908766 0.93842 0.908766 0.937082 0.910555 0.935743 0.910555 0.934404 0.912343 0.933066 0.912343 0.931727 0.914132 0.930388 0.914132 0.930388 0.919499 0.92905 0.921288 0.92905 0.926655 0.93842 0.926655 0.942436 0.921288 0.943775 0.921288 0.945114 0.923077 0.945114 0.924866 0.943775 0.926655 0.943775 0.930233 0.945114 0.928444 0.945114 0.926655 0.94913 0.921288 0.951807 0.921288 0.953146 0.919499 0.957162 0.919499 0.962517 0.912343 0.955823 0.912343 0.954485 0.910555 0.953146 0.912343 0.950469 0.912343 0.94913 0.914132 0.945114 0.914132 0.942436 0.910555 0.942436 0.908766
1 0.447122 0.880143 0.447122 0.881932 0.445783 0.883721 0.447122 0.88551 0.447122 0.887299 0.448461 0.889088 0.448461 0.890877 0.449799 0.892665 0.447122 0.896243 0.448461 0.898032 0.448461 0.899821 0.449799 0.90161 0.449799 0.903399 0.455154 0.896243 0.456493 0.896243 0.460509 0.890877 0.45917 0.890877 0.456493 0.887299 0.455154 0.887299 0.453815 0.88551 0.452477 0.88551 0.449799 0.881932 0.448461 0.881932
1 0.998661 0.86941 0.995984 0.872987 0.994645 0.872987 0.997323 0.876565 0.998661 0.876565
1 0.512718 0.849732 0.512718 0.851521 0.511379 0.853309 0.515395 0.853309 0.516734 0.855098 0.52075 0.855098 0.522088 0.856887 0.526104 0.856887 0.527443 0.858676 0.531459 0.858676 0.532798 0.860465 0.535475 0.860465 0.536814 0.862254 0.54083 0.862254 0.542169 0.864043 0.546185 0.864043 0.547523 0.865832 0.551539 0.865832 0.552878 0.867621 0.556894 0.867621 0.558233 0.86941 0.556894 0.871199 0.555556 0.871199 0.554217 0.872987 0.551539 0.872987 0.550201 0.874776 0.548862 0.874776 0.547523 0.876565 0.544846 0.876565 0.547523 0.880143 0.546185 0.881932 0.544846 0.881932 0.543507 0.883721 0.542169 0.883721 0.54083 0.88551 0.538153 0.88551 0.536814 0.887299 0.535475 0.887299 0.534137 0.889088 0.532798 0.889088 0.531459 0.890877 0.53012 0.890877 0.528782 0.892665 0.526104 0.892665 0.524766 0.894454 0.523427 0.894454 0.522088 0.896243 0.518072 0.896243 0.516734 0.894454 0.515395 0.894454 0.514056 0.892665 0.511379 0.892665 0.51004 0.890877 0.508701 0.890877 0.507363 0.889088 0.504685 0.889088 0.503347 0.887299 0.502008 0.887299 0.500669 0.88551 0.497992 0.889088 0.496653 0.889088 0.497992 0.889088 0.499331 0.890877 0.502008 0.890877 0.503347 0.892665 0.504685 0.892665 0.506024 0.894454 0.508701 0.894454 0.51004 0.896243 0.511379 0.896243 0.512718 0.898032 0.511379 0.899821 0.508701 0.899821 0.507363 0.90161 0.506024 0.90161 0.504685 0.903399 0.502008 0.903399 0.500669 0.905188 0.497992 0.905188 0.496653 0.906977 0.493976 0.906977 0.492637 0.908766 0.491299 0.908766 0.48996 0.910555 0.487282 0.910555 0.485944 0.908766 0.487282 0.906977 0.488621 0.906977 0.48996 0.905188 0.487282 0.90161 0.484605 0.905188 0.483266 0.905188 0.480589 0.908766 0.47925 0.908766 0.476573 0.912343 0.475234 0.912343 0.472557 0.915921 0.471218 0.915921 0.468541 0.919499 0.467202 0.919499 0.464525 0.923077 0.463186 0.923077 0.460509 0.926655 0.45917 0.926655 0.456493 0.930233 0.455154 0.930233 0.452477 0.93381 0.451138 0.93381 0.448461 0.937388 0.447122 0.937388 0.444444 0.940966 0.443106 0.940966 0.440428 0.944544 0.43909 0.944544 0.436412 0.948122 0.435074 0.948122 0.432396 0.951699 0.431058 0.951699 0.429719 0.953488 0.429719 0.955277 0.431058 0.957066 0.431058 0.958855 0.432396 0.957066 0.433735 0.957066 0.436412 0.953488 0.437751 0.953488 0.43909 0.951699 0.440428 0.951699 0.443106 0.948122 0.444444 0.948122 0.445783 0.946333 0.447122 0.946333 0.449799 0.942755 0.451138 0.942755 0.452477 0.940966 0.453815 0.940966 0.456493 0.937388 0.457831 0.937388 0.45917 0.935599 0.460509 0.935599 0.463186 0.932021 0.464525 0.932021 0.467202 0.928444 0.468541 0.928444 0.473896 0.921288 0.475234 0.921288 0.480589 0.914132 0.481928 0.914132 0.485944 0.908766 0.487282 0.910555 0.487282 0.915921 0.488621 0.914132 0.492637 0.914132 0.493976 0.912343 0.497992 0.912343 0.499331 0.910555 0.506024 0.910555 0.507363 0.912343 0.51004 0.912343 0.511379 0.914132 0.514056 0.914132 0.515395 0.915921 0.518072 0.912343 0.519411 0.912343 0.523427 0.906977 0.524766 0.906977 0.527443 0.903399 0.528782 0.903399 0.531459 0.899821 0.532798 0.899821 0.535475 0.896243 0.536814 0.896243 0.539491 0.892665 0.54083 0.892665 0.543507 0.889088 0.544846 0.889088 0.547523 0.88551 0.548862 0.88551 0.551539 0.881932 0.552878 0.881932 0.555556 0.878354 0.556894 0.878354 0.559572 0.874776 0.56091 0.874776 0.563588 0.871199 0.564926 0.871199 0.567604 0.867621 0.568942 0.867621 0.567604 0.865832 0.567604 0.864043 0.566265 0.862254 0.559572 0.862254 0.558233 0.860465 0.552878 0.860465 0.551539 0.858676 0.544846 0.858676 0.543507 0.856887 0.536814 0.856887 0.535475 0.855098 0.528782 0.855098 0.527443 0.853309 0.522088 0.853309 0.52075 0.851521 0.514056 0.851521
1 0.842035 0.842576 0.840696 0.844365 0.835341 0.844365 0.834003 0.846154 0.828648 0.846154 0.827309 0.847943 0.825971 0.847943 0.823293 0.851521 0.821954 0.851521 0.819277 0.855098 0.817938 0.855098 0.8166 0.856887 0.815261 0.856887 0.812584 0.860465 0.811245 0.860465 0.808568 0.864043 0.804552 0.864043 0.803213 0.862254 0.803213 0.867621 0.804552 0.86941 0.804552 0.874776 0.80589 0.872987 0.807229 0.872987 0.808568 0.871199 0.811245 0.871199 0.812584 0.86941 0.813922 0.86941 0.815261 0.867621 0.817938 0.867621 0.820616 0.871199 0.820616 0.872987 0.827309 0.881932 0.827309 0.883721 0.834003 0.892665 0.834003 0.894454 0.83668 0.898032 0.835341 0.899821 0.820616 0.899821 0.819277 0.898032 0.819277 0.896243 0.817938 0.894454 0.817938 0.892665 0.8166 0.890877 0.8166 0.889088 0.815261 0.887299 0.815261 0.88551 0.811245 0.88551 0.811245 0.887299 0.812584 0.889088 0.812584 0.892665 0.813922 0.894454 0.813922 0.896243 0.815261 0.898032 0.815261 0.90161 0.8166 0.903399 0.8166 0.906977 0.817938 0.908766 0.817938 0.910555 0.819277 0.912343 0.819277 0.915921 0.820616 0.91771 0.820616 0.919499 0.821954 0.919499 0.823293 0.921288 0.824632 0.921288 0.825971 0.923077 0.827309 0.923077 0.828648 0.924866 0.829987 0.924866 0.831325 0.926655 0.834003 0.923077 0.832664 0.921288 0.831325 0.921288 0.828648 0.91771 0.827309 0.91771 0.823293 0.912343 0.823293 0.910555 0.821954 0.908766 0.823293 0.906977 0.838019 0.906977 0.839357 0.908766 0.840696 0.908766 0.842035 0.910555 0.844712 0.910555 0.846051 0.912343 0.84739 0.912343 0.848728 0.914132 0.850067 0.914132 0.851406 0.915921 0.852744 0.915921 0.854083 0.91771 0.85676 0.91771 0.858099 0.919499 0.859438 0.919499 0.860776 0.921288 0.862115 0.921288 0.863454 0.923077 0.863454 0.91771 0.862115 0.91771 0.860776 0.915921 0.859438 0.915921 0.858099 0.914132 0.85676 0.914132 0.854083 0.910555 0.852744 0.910555 0.851406 0.908766 0.850067 0.908766 0.848728 0.906977 0.84739 0.906977 0.846051 0.905188 0.846051 0.90161 0.84739 0.899821 0.84739 0.898032 0.848728 0.896243 0.851406 0.899821 0.852744 0.899821 0.855422 0.903399 0.85676 0.903399 0.859438 0.906977 0.860776 0.906977 0.863454 0.910555 0.864793 0.910555 0.86747 0.914132 0.868809 0.914132 0.871486 0.91771 0.872825 0.915921 0.874163 0.915921 0.875502 0.914132 0.876841 0.914132 0.875502 0.914132 0.872825 0.910555 0.871486 0.910555 0.870147 0.908766 0.868809 0.908766 0.866131 0.905188 0.864793 0.905188 0.862115 0.90161 0.860776 0.90161 0.859438 0.899821 0.858099 0.899821 0.855422 0.896243 0.854083 0.896243 0.852744 0.894454 0.852744 0.890877 0.851406 0.889088 0.851406 0.883721 0.848728 0.883721 0.848728 0.88551 0.84739 0.887299 0.84739 0.889088 0.846051 0.890877 0.846051 0.892665 0.844712 0.894454 0.831325 0.876565 0.831325 0.874776 0.817938 0.856887 0.819277 0.855098 0.820616 0.855098 0.821954 0.853309 0.824632 0.853309 0.825971 0.851521 0.827309 0.851521 0.828648 0.849732 0.842035 0.849732
1 0.457831 0.83542 0.455154 0.838998 0.453815 0.838998 0.451138 0.842576 0.449799 0.842576 0.447122 0.846154 0.445783 0.846154 0.444444 0.847943 0.433735 0.847943 0.433735 0.849732 0.432396 0.851521 0.432396 0.853309 0.431058 0.855098 0.431058 0.856887 0.429719 0.858676 0.429719 0.860465 0.42838 0.862254 0.429719 0.860465 0.45917 0.860465 0.460509 0.862254 0.45917 0.864043 0.45917 0.865832 0.457831 0.867621 0.460509 0.867621 0.461847 0.86941 0.464525 0.86941 0.465863 0.871199 0.468541 0.871199 0.46988 0.872987 0.46988 0.871199 0.471218 0.86941 0.471218 0.867621 0.472557 0.865832 0.472557 0.864043 0.475234 0.860465 0.477912 0.860465 0.47925 0.858676 0.481928 0.858676 0.481928 0.853309 0.472557 0.853309 0.471218 0.851521 0.472557 0.849732 0.473896 0.849732 0.475234 0.847943 0.477912 0.847943 0.476573 0.846154 0.476573 0.844365 0.475234 0.842576 0.475234 0.840787 0.473896 0.838998 0.473896 0.837209 0.45917 0.837209
1 0.246319 0.831843 0.250335 0.837209 0.248996 0.838998 0.210174 0.838998 0.204819 0.846154 0.206158 0.844365 0.211513 0.844365 0.212851 0.842576 0.26506 0.842576 0.266399 0.844365 0.278447 0.844365 0.279786 0.846154 0.279786 0.842576 0.271754 0.842576 0.270415 0.840787 0.263722 0.840787 0.262383 0.838998 0.26506 0.83542 0.266399 0.83542 0.262383 0.83542 0.261044 0.833631 0.258367 0.833631 0.257028 0.831843
1 0.556894 0.824687 0.555556 0.826476 0.554217 0.826476 0.552878 0.828265 0.551539 0.828265 0.550201 0.830054 0.548862 0.830054 0.547523 0.831843 0.546185 0.831843 0.546185 0.833631 0.547523 0.83542 0.547523 0.837209 0.548862 0.83542 0.550201 0.83542 0.551539 0.833631 0.552878 0.833631 0.555556 0.830054 0.556894 0.830054 0.558233 0.828265 0.559572 0.828265 0.559572 0.826476 0.56091 0.824687
1 0.080321 0.81932 0.080321 0.821109 0.078983 0.822898 0.078983 0.824687 0.085676 0.824687 0.087015 0.826476 0.092369 0.826476 0.093708 0.828265 0.100402 0.828265 0.10174 0.830054 0.107095 0.830054 0.108434 0.831843 0.115127 0.831843 0.116466 0.833631 0.121821 0.833631 0.123159 0.83542 0.129853 0.83542 0.131191 0.837209 0.133869 0.837209 0.135207 0.838998 0.136546 0.838998 0.137885 0.840787 0.140562 0.840787 0.141901 0.842576 0.144578 0.842576 0.145917 0.844365 0.148594 0.844365 0.149933 0.846154 0.151272 0.846154 0.15261 0.847943 0.155288 0.847943 0.156627 0.849732 0.157965 0.847943 0.157965 0.846154 0.160643 0.842576 0.159304 0.842576 0.157965 0.840787 0.156627 0.840787 0.155288 0.838998 0.153949 0.838998 0.15261 0.837209 0.149933 0.837209 0.148594 0.83542 0.147256 0.83542 0.145917 0.833631 0.144578 0.833631 0.14324 0.831843 0.141901 0.831843 0.140562 0.830054 0.139224 0.830054 0.137885 0.828265 0.127175 0.828265 0.125837 0.826476 0.116466 0.826476 0.115127 0.824687 0.104418 0.824687 0.103079 0.822898 0.093708 0.822898 0.092369 0.821109 0.08166 0.821109
1 0.678715 0.812165 0.676037 0.815742 0.674699 0.815742 0.669344 0.822898 0.668005 0.822898 0.666667 0.824687 0.669344 0.828265 0.676037 0.81932 0.677376 0.81932 0.681392 0.813953 0.680054 0.813953
1 0.228916 0.80322 0.208835 0.830054 0.192771 0.830054 0.191432 0.831843 0.175368 0.831843 0.175368 0.837209 0.176707 0.83542 0.192771 0.83542 0.19411 0.833631 0.211513 0.833631 0.220884 0.821109 0.220884 0.81932 0.231593 0.805009 0.230254 0.805009
1 0.005355 0.80322 0.002677 0.806798 0.001339 0.806798 0.0 0.808587 0.0 0.862254 0.005355 0.862254 0.006693 0.860465 0.01071 0.860465 0.012048 0.858676 0.013387 0.858676 0.016064 0.855098 0.017403 0.855098 0.018742 0.853309 0.02008 0.853309 0.022758 0.849732 0.024096 0.849732 0.022758 0.849732 0.021419 0.847943 0.02008 0.847943 0.017403 0.844365 0.016064 0.844365 0.014726 0.842576 0.013387 0.842576 0.012048 0.840787 0.013387 0.838998 0.016064 0.838998 0.017403 0.837209 0.018742 0.837209 0.02008 0.83542 0.022758 0.83542 0.024096 0.833631 0.026774 0.833631 0.028112 0.831843 0.029451 0.831843 0.03079 0.830054 0.033467 0.830054 0.034806 0.828265 0.036145 0.828265 0.037483 0.826476 0.040161 0.826476 0.040161 0.824687 0.041499 0.822898 0.041499 0.817531 0.042838 0.815742 0.042838 0.813953 0.038822 0.813953 0.038822 0.815742 0.037483 0.817531 0.037483 0.821109 0.036145 0.822898 0.034806 0.822898 0.033467 0.824687 0.03079 0.824687 0.029451 0.826476 0.028112 0.826476 0.026774 0.828265 0.021419 0.821109 0.021419 0.81932 0.022758 0.817531 0.022758 0.810376 0.021419 0.808587 0.021419 0.806798 0.017403 0.806798 0.016064 0.805009 0.012048 0.805009 0.01071 0.80322
1 0.645248 0.799642 0.643909 0.801431 0.637216 0.801431 0.635877 0.80322 0.629183 0.80322 0.627845 0.805009 0.621151 0.805009 0.619813 0.806798 0.618474 0.806798 0.617135 0.808587 0.615797 0.808587 0.614458 0.810376 0.61178 0.810376 0.610442 0.812165 0.609103 0.812165 0.610442 0.813953 0.610442 0.815742 0.61178 0.817531 0.613119 0.815742 0.615797 0.815742 0.617135 0.813953 0.619813 0.813953 0.621151 0.812165 0.623829 0.812165 0.625167 0.813953 0.62249 0.817531 0.633199 0.831843 0.627845 0.838998 0.626506 0.838998 0.621151 0.846154 0.621151 0.847943 0.618474 0.851521 0.618474 0.853309 0.615797 0.856887 0.615797 0.858676 0.614458 0.860465 0.614458 0.862254 0.615797 0.864043 0.615797 0.867621 0.617135 0.86941 0.617135 0.872987 0.618474 0.874776 0.618474 0.876565 0.623829 0.86941 0.623829 0.867621 0.635877 0.851521 0.635877 0.849732 0.641232 0.842576 0.672021 0.842576 0.672021 0.837209 0.659973 0.837209 0.658635 0.83542 0.659973 0.833631 0.659973 0.831843 0.662651 0.828265 0.661312 0.826476 0.659973 0.826476 0.657296 0.822898 0.662651 0.815742 0.662651 0.813953 0.669344 0.805009 0.668005 0.805009 0.666667 0.80322 0.659973 0.812165 0.659973 0.813953 0.65328 0.822898 0.650602 0.822898 0.649264 0.821109 0.646586 0.821109 0.645248 0.81932 0.64257 0.81932 0.641232 0.817531 0.641232 0.815742 0.64257 0.813953 0.64257 0.808587 0.643909 0.806798 0.643909 0.80322 0.645248 0.801431
1 0.139224 0.794275 0.137885 0.796064 0.135207 0.796064 0.133869 0.797853 0.13253 0.797853 0.131191 0.799642 0.128514 0.799642 0.129853 0.801431 0.129853 0.80322 0.131191 0.805009 0.131191 0.806798 0.13253 0.808587 0.13253 0.810376 0.147256 0.810376 0.145917 0.808587 0.145917 0.806798 0.14324 0.80322 0.14324 0.801431 0.140562 0.797853 0.140562 0.796064
1 0.124498 0.790698 0.123159 0.792487 0.120482 0.792487 0.119143 0.794275 0.117805 0.794275 0.116466 0.796064 0.113788 0.796064 0.11245 0.797853 0.109772 0.797853 0.111111 0.799642 0.111111 0.801431 0.11245 0.799642 0.115127 0.799642 0.116466 0.797853 0.117805 0.797853 0.119143 0.796064 0.121821 0.796064 0.123159 0.794275 0.125837 0.794275 0.124498 0.792487
1 0.680054 0.779964 0.677376 0.783542 0.676037 0.783542 0.678715 0.78712 0.678715 0.788909 0.681392 0.792487 0.68407 0.788909 0.682731 0.78712 0.682731 0.785331 0.681392 0.783542 0.681392 0.781753
1 0.250335 0.767442 0.248996 0.769231 0.24498 0.769231 0.243641 0.77102 0.238286 0.77102 0.236948 0.772809 0.23427 0.772809 0.232932 0.774597 0.231593 0.774597 0.230254 0.776386 0.227577 0.776386 0.226238 0.778175 0.2249 0.778175 0.223561 0.779964 0.220884 0.779964 0.216867 0.785331 0.215529 0.785331 0.21419 0.78712 0.216867 0.78712 0.218206 0.788909 0.219545 0.788909 0.220884 0.790698 0.222222 0.788909 0.226238 0.788909 0.227577 0.78712 0.232932 0.78712 0.23427 0.785331 0.238286 0.785331 0.239625 0.783542 0.240964 0.783542 0.242303 0.781753 0.243641 0.781753 0.24498 0.779964 0.247657 0.779964 0.248996 0.778175 0.250335 0.778175 0.251673 0.776386 0.253012 0.776386 0.253012 0.774597 0.251673 0.772809 0.251673 0.77102 0.250335 0.769231
1 0.038822 0.765653 0.037483 0.767442 0.037483 0.769231 0.033467 0.774597 0.033467 0.776386 0.029451 0.781753 0.022758 0.781753 0.021419 0.783542 0.016064 0.783542 0.014726 0.785331 0.008032 0.785331 0.006693 0.78712 0.001339 0.78712 0.0 0.788909 0.0 0.796064 0.002677 0.796064 0.004016 0.794275 0.005355 0.794275 0.006693 0.792487 0.009371 0.792487 0.01071 0.790698 0.013387 0.790698 0.014726 0.788909 0.016064 0.788909 0.017403 0.78712 0.02008 0.78712 0.021419 0.785331 0.026774 0.785331 0.028112 0.783542 0.033467 0.783542 0.034806 0.781753 0.040161 0.781753 0.041499 0.779964 0.041499 0.778175 0.044177 0.774597 0.044177 0.772809 0.045515 0.77102 0.044177 0.769231 0.042838 0.769231 0.040161 0.765653
1 0.251673 0.744186 0.250335 0.745975 0.243641 0.745975 0.242303 0.747764 0.23427 0.747764 0.232932 0.749553 0.226238 0.749553 0.2249 0.751342 0.218206 0.751342 0.216867 0.753131 0.208835 0.753131 0.207497 0.754919 0.200803 0.754919 0.199465 0.756708 0.192771 0.756708 0.191432 0.758497 0.1834 0.758497 0.182062 0.760286 0.175368 0.760286 0.174029 0.762075 0.165997 0.762075 0.164659 0.763864 0.157965 0.763864 0.156627 0.765653 0.149933 0.765653 0.148594 0.767442 0.140562 0.767442 0.139224 0.769231 0.13253 0.769231 0.13253 0.77102 0.131191 0.772809 0.131191 0.774597 0.13253 0.772809 0.139224 0.772809 0.140562 0.77102 0.148594 0.77102 0.149933 0.769231 0.156627 0.769231 0.157965 0.767442 0.165997 0.767442 0.167336 0.765653 0.174029 0.765653 0.175368 0.763864 0.1834 0.763864 0.184739 0.762075 0.191432 0.762075 0.192771 0.760286 0.199465 0.760286 0.200803 0.758497 0.208835 0.758497 0.210174 0.756708 0.216867 0.756708 0.218206 0.754919 0.226238 0.754919 0.227577 0.753131 0.23427 0.753131 0.235609 0.751342 0.243641 0.751342 0.24498 0.749553 0.251673 0.749553
1 0.263722 0.742397 0.261044 0.745975 0.262383 0.747764 0.263722 0.747764 0.267738 0.753131 0.270415 0.749553 0.269076 0.747764 0.267738 0.747764
1 0.609103 0.735242 0.607764 0.73703 0.605087 0.73703 0.603748 0.738819 0.601071 0.738819 0.60241 0.738819 0.605087 0.742397 0.609103 0.742397
1 0.370817 0.733453 0.369478 0.735242 0.366801 0.735242 0.365462 0.73703 0.362784 0.73703 0.361446 0.738819 0.35743 0.738819 0.356091 0.740608 0.353414 0.740608 0.356091 0.744186 0.35743 0.742397 0.358768 0.742397 0.360107 0.740608 0.362784 0.740608 0.364123 0.738819 0.365462 0.738819 0.366801 0.73703 0.369478 0.73703 0.370817 0.735242 0.372155 0.735242
1 0.100402 0.733453 0.099063 0.735242 0.097724 0.735242 0.096386 0.73703 0.093708 0.73703 0.092369 0.738819 0.091031 0.738819 0.089692 0.740608 0.08166 0.740608 0.080321 0.738819 0.068273 0.754919 0.066934 0.754919 0.054886 0.77102 0.054886 0.772809 0.053548 0.774597 0.053548 0.776386 0.052209 0.778175 0.052209 0.779964 0.05087 0.781753 0.052209 0.783542 0.053548 0.783542 0.056225 0.78712 0.057564 0.78712 0.060241 0.790698 0.06158 0.790698 0.062918 0.792487 0.064257 0.792487 0.065596 0.794275 0.066934 0.794275 0.068273 0.796064 0.069612 0.796064 0.07095 0.797853 0.072289 0.797853 0.073628 0.799642 0.084337 0.785331 0.085676 0.785331 0.089692 0.779964 0.091031 0.779964 0.095047 0.774597 0.096386 0.774597 0.099063 0.77102 0.100402 0.77102 0.104418 0.765653 0.105756 0.765653 0.109772 0.760286 0.111111 0.760286 0.11245 0.758497 0.11245 0.756708 0.113788 0.754919 0.113788 0.753131 0.115127 0.751342 0.115127 0.749553 0.119143 0.744186 0.119143 0.742397 0.117805 0.740608 0.117805 0.738819 0.116466 0.740608 0.108434 0.740608 0.107095 0.738819 0.105756 0.738819 0.103079 0.735242 0.10174 0.735242
1 0.808568 0.728086 0.808568 0.729875 0.807229 0.731664 0.828648 0.731664 0.829987 0.733453 0.829987 0.728086
1 0.504685 0.699463 0.504685 0.70483 0.503347 0.706619 0.503347 0.715564 0.502008 0.717352 0.502008 0.726297 0.500669 0.728086 0.500669 0.731664 0.503347 0.731664 0.503347 0.728086 0.504685 0.726297 0.504685 0.717352 0.506024 0.715564 0.506024 0.706619 0.507363 0.70483 0.507363 0.699463
1 0.522088 0.695886 0.52075 0.697674 0.52075 0.699463 0.519411 0.701252 0.519411 0.703041 0.518072 0.70483 0.519411 0.706619 0.52075 0.706619 0.523427 0.710197 0.524766 0.710197 0.527443 0.713775 0.526104 0.715564 0.524766 0.715564 0.523427 0.717352 0.52075 0.717352 0.519411 0.719141 0.518072 0.719141 0.516734 0.72093 0.514056 0.72093 0.514056 0.724508 0.512718 0.726297 0.512718 0.731664 0.511379 0.733453 0.511379 0.735242 0.512718 0.733453 0.535475 0.733453 0.538153 0.729875 0.539491 0.729875 0.542169 0.726297 0.543507 0.726297 0.546185 0.722719 0.547523 0.722719 0.548862 0.72093 0.548862 0.719141 0.547523 0.717352 0.547523 0.713775 0.546185 0.711986 0.547523 0.710197 0.567604 0.710197 0.568942 0.711986 0.570281 0.710197 0.570281 0.708408 0.572959 0.70483 0.563588 0.70483 0.562249 0.703041 0.554217 0.703041 0.552878 0.701252 0.543507 0.701252 0.542169 0.699463 0.534137 0.699463 0.532798 0.697674 0.523427 0.697674
1 0.270415 0.695886 0.269076 0.697674 0.267738 0.697674 0.266399 0.699463 0.263722 0.699463 0.258367 0.706619 0.248996 0.706619 0.248996 0.710197 0.255689 0.710197 0.257028 0.711986 0.258367 0.710197 0.274431 0.710197 0.277108 0.706619 0.273092 0.701252 0.273092 0.699463
1 0.220884 0.694097 0.218206 0.697674 0.216867 0.697674 0.211513 0.70483 0.210174 0.70483 0.206158 0.710197 0.204819 0.710197 0.202142 0.706619 0.202142 0.703041 0.199465 0.706619 0.198126 0.706619 0.196787 0.708408 0.196787 0.710197 0.195448 0.711986 0.195448 0.713775 0.19411 0.715564 0.192771 0.715564 0.191432 0.717352 0.190094 0.717352 0.188755 0.719141 0.187416 0.719141 0.186078 0.72093 0.184739 0.72093 0.1834 0.722719 0.182062 0.722719 0.179384 0.726297 0.178046 0.726297 0.176707 0.728086 0.175368 0.728086 0.174029 0.729875 0.172691 0.729875 0.171352 0.731664 0.170013 0.731664 0.168675 0.733453 0.167336 0.733453 0.172691 0.733453 0.174029 0.735242 0.175368 0.733453 0.176707 0.733453 0.178046 0.731664 0.180723 0.731664 0.182062 0.729875 0.1834 0.729875 0.184739 0.728086 0.187416 0.728086 0.188755 0.726297 0.190094 0.726297 0.191432 0.724508 0.19411 0.724508 0.195448 0.722719 0.196787 0.722719 0.198126 0.72093 0.200803 0.72093 0.203481 0.717352 0.204819 0.717352 0.207497 0.713775 0.208835 0.713775 0.211513 0.710197 0.212851 0.710197 0.215529 0.706619 0.216867 0.706619 0.219545 0.703041 0.220884 0.703041 0.222222 0.701252 0.222222 0.699463 0.220884 0.697674
1 0.386881 0.686941 0.385542 0.68873 0.380187 0.68873 0.378849 0.690519 0.372155 0.690519 0.370817 0.692308 0.364123 0.692308 0.362784 0.694097 0.354752 0.694097 0.37751 0.694097 0.378849 0.692308 0.381526 0.692308 0.382865 0.690519 0.385542 0.690519 0.385542 0.68873
1 0.445783 0.681574 0.444444 0.683363 0.441767 0.683363 0.440428 0.685152 0.437751 0.685152 0.436412 0.686941 0.433735 0.686941 0.436412 0.690519 0.436412 0.692308 0.437751 0.694097 0.43909 0.692308 0.440428 0.692308 0.443106 0.68873 0.444444 0.690519 0.444444 0.692308 0.443106 0.694097 0.443106 0.699463 0.441767 0.701252 0.441767 0.706619 0.440428 0.708408 0.440428 0.710197 0.43909 0.711986 0.43909 0.713775 0.437751 0.715564 0.436412 0.715564 0.435074 0.713775 0.433735 0.713775 0.431058 0.710197 0.429719 0.710197 0.42838 0.708408 0.427041 0.710197 0.425703 0.710197 0.423025 0.713775 0.420348 0.713775 0.417671 0.710197 0.416332 0.710197 0.413655 0.706619 0.412316 0.706619 0.409639 0.703041 0.4083 0.703041 0.405622 0.699463 0.404284 0.699463 0.402945 0.697674 0.402945 0.695886 0.404284 0.694097 0.404284 0.692308 0.405622 0.690519 0.405622 0.68873 0.406961 0.686941 0.406961 0.685152 0.405622 0.686941 0.402945 0.686941 0.401606 0.68873 0.400268 0.68873 0.398929 0.690519 0.396252 0.690519 0.39759 0.692308 0.39759 0.694097 0.398929 0.695886 0.398929 0.699463 0.39759 0.701252 0.39759 0.703041 0.398929 0.703041 0.400268 0.70483 0.401606 0.70483 0.402945 0.706619 0.405622 0.706619 0.406961 0.708408 0.4083 0.708408 0.409639 0.710197 0.410977 0.710197 0.412316 0.711986 0.413655 0.711986 0.414993 0.713775 0.416332 0.713775 0.417671 0.715564 0.419009 0.715564 0.420348 0.717352 0.423025 0.717352 0.424364 0.719141 0.425703 0.719141 0.427041 0.72093 0.42838 0.72093 0.429719 0.722719 0.431058 0.72093 0.445783 0.72093 0.445783 0.715564 0.447122 0.713775 0.447122 0.70483 0.448461 0.703041 0.448461 0.694097 0.449799 0.692308 0.449799 0.68873 0.447122 0.685152 0.447122 0.683363
1 0.5917 0.677996 0.5917 0.679785 0.590361 0.681574 0.5917 0.681574 0.593039 0.683363 0.594378 0.683363 0.595716 0.685152 0.598394 0.685152 0.599732 0.686941 0.601071 0.686941 0.60241 0.68873 0.603748 0.68873 0.605087 0.690519 0.605087 0.68873 0.606426 0.686941 0.605087 0.686941 0.603748 0.685152 0.60241 0.685152 0.601071 0.683363 0.598394 0.683363 0.597055 0.681574 0.595716 0.681574 0.594378 0.679785 0.593039 0.679785
1 0.493976 0.67263 0.492637 0.674419 0.477912 0.674419 0.476573 0.676208 0.461847 0.676208 0.456493 0.683363 0.464525 0.683363 0.465863 0.685152 0.472557 0.685152 0.473896 0.686941 0.475234 0.686941 0.477912 0.690519 0.47925 0.690519 0.481928 0.694097 0.483266 0.692308 0.48996 0.692308 0.491299 0.694097 0.492637 0.694097 0.495315 0.697674 0.496653 0.697674 0.497992 0.699463 0.499331 0.699463 0.500669 0.701252 0.502008 0.699463 0.502008 0.697674 0.503347 0.695886 0.503347 0.694097 0.504685 0.692308 0.504685 0.690519 0.506024 0.68873 0.499331 0.68873 0.497992 0.686941 0.497992 0.685152 0.496653 0.683363 0.496653 0.681574 0.495315 0.679785 0.495315 0.676208 0.493976 0.674419
1 0.564926 0.669052 0.566265 0.669052 0.567604 0.670841 0.570281 0.670841 0.57162 0.67263 0.572959 0.67263 0.574297 0.674419 0.575636 0.674419 0.576975 0.676208 0.576975 0.679785 0.575636 0.681574 0.575636 0.683363 0.578313 0.679785 0.579652 0.679785 0.582329 0.676208 0.583668 0.676208 0.585007 0.674419 0.580991 0.674419 0.579652 0.67263 0.574297 0.67263 0.572959 0.670841 0.568942 0.670841 0.567604 0.669052
1 0.874163 0.660107 0.872825 0.661896 0.871486 0.661896 0.868809 0.665474 0.86747 0.665474 0.866131 0.667263 0.864793 0.667263 0.874163 0.667263 0.874163 0.665474 0.875502 0.663685 0.875502 0.661896
1 0.278447 0.660107 0.277108 0.661896 0.267738 0.661896 0.266399 0.663685 0.242303 0.663685 0.240964 0.661896 0.23427 0.670841 0.223561 0.670841 0.222222 0.669052 0.220884 0.670841 0.21419 0.670841 0.212851 0.67263 0.204819 0.67263 0.203481 0.670841 0.202142 0.670841 0.198126 0.665474 0.195448 0.669052 0.196787 0.670841 0.198126 0.670841 0.202142 0.676208 0.200803 0.677996 0.195448 0.677996 0.19411 0.679785 0.190094 0.679785 0.188755 0.681574 0.1834 0.681574 0.1834 0.683363 0.184739 0.685152 0.184739 0.686941 0.186078 0.685152 0.19411 0.685152 0.195448 0.686941 0.195448 0.68873 0.196787 0.690519 0.198126 0.68873 0.203481 0.68873 0.204819 0.686941 0.211513 0.686941 0.211513 0.685152 0.210174 0.683363 0.210174 0.681574 0.211513 0.679785 0.2249 0.679785 0.226238 0.681574 0.226238 0.683363 0.227577 0.685152 0.228916 0.683363 0.230254 0.683363 0.231593 0.681574 0.232932 0.681574 0.23427 0.679785 0.235609 0.679785 0.236948 0.677996 0.238286 0.677996 0.239625 0.676208 0.267738 0.676208 0.269076 0.677996 0.269076 0.676208 0.270415 0.674419 0.270415 0.67263 0.267738 0.67263 0.266399 0.670841 0.263722 0.670841 0.262383 0.669052 0.263722 0.667263 0.278447 0.667263
1 0.990629 0.65653 0.98929 0.658318 0.987952 0.658318 0.986613 0.660107 0.985274 0.660107 0.983936 0.661896 0.982597 0.661896 0.986613 0.667263 0.987952 0.665474 0.98929 0.665474 0.991968 0.661896 0.993307 0.661896 0.991968 0.660107 0.991968 0.658318
1 0.769746 0.652952 0.767068 0.65653 0.76573 0.65653 0.764391 0.658318 0.764391 0.665474 0.76573 0.663685 0.76573 0.661896 0.769746 0.65653 0.772423 0.65653
1 0.23427 0.645796 0.23427 0.647585 0.232932 0.649374 0.236948 0.649374 0.238286 0.651163 0.240964 0.651163 0.242303 0.652952 0.243641 0.651163 0.246319 0.651163 0.247657 0.649374 0.248996 0.649374 0.250335 0.647585 0.253012 0.647585 0.235609 0.647585
1 0.801874 0.63864 0.801874 0.642218 0.808568 0.642218 0.809906 0.644007 0.809906 0.642218 0.808568 0.640429 0.808568 0.63864
1 0.435074 0.636852 0.433735 0.63864 0.432396 0.63864 0.431058 0.640429 0.429719 0.640429 0.42838 0.642218 0.427041 0.642218 0.425703 0.644007 0.423025 0.644007 0.421687 0.645796 0.420348 0.645796 0.419009 0.647585 0.417671 0.647585 0.419009 0.647585 0.420348 0.649374 0.421687 0.647585 0.424364 0.647585 0.425703 0.645796 0.427041 0.645796 0.42838 0.644007 0.431058 0.644007 0.432396 0.642218 0.433735 0.642218 0.435074 0.640429 0.437751 0.640429
1 0.46988 0.627907 0.468541 0.629696 0.468541 0.631485 0.467202 0.633274 0.467202 0.635063 0.465863 0.636852 0.465863 0.63864 0.464525 0.640429 0.464525 0.645796 0.463186 0.647585 0.460509 0.647585 0.45917 0.649374 0.457831 0.649374 0.456493 0.651163 0.443106 0.651163 0.444444 0.652952 0.444444 0.654741 0.445783 0.65653 0.445783 0.658318 0.444444 0.660107 0.433735 0.660107 0.432396 0.661896 0.431058 0.661896 0.429719 0.663685 0.42838 0.663685 0.431058 0.667263 0.432396 0.665474 0.437751 0.665474 0.43909 0.663685 0.444444 0.663685 0.445783 0.661896 0.451138 0.661896 0.451138 0.660107 0.449799 0.658318 0.449799 0.65653 0.451138 0.654741 0.453815 0.654741 0.455154 0.652952 0.45917 0.652952 0.460509 0.651163 0.464525 0.651163 0.465863 0.649374 0.471218 0.649374 0.471218 0.644007 0.472557 0.642218 0.472557 0.635063 0.473896 0.633274 0.473896 0.631485 0.475234 0.629696 0.475234 0.627907
1 0.457831 0.618962 0.456493 0.620751 0.455154 0.620751 0.452477 0.624329 0.451138 0.624329 0.447122 0.629696 0.445783 0.629696 0.443106 0.633274 0.451138 0.633274 0.452477 0.631485 0.453815 0.631485 0.456493 0.627907 0.457831 0.627907
1 0.593039 0.615385 0.5917 0.617174 0.5917 0.618962 0.590361 0.620751 0.599732 0.620751 0.598394 0.618962 0.598394 0.617174 0.597055 0.615385
1 0.115127 0.602862 0.113788 0.604651 0.096386 0.604651 0.092369 0.610018 0.091031 0.610018 0.088353 0.613596 0.091031 0.617174 0.100402 0.617174 0.10174 0.615385 0.104418 0.615385 0.105756 0.613596 0.108434 0.613596 0.109772 0.611807 0.113788 0.611807 0.115127 0.610018 0.117805 0.610018 0.119143 0.608229 0.121821 0.608229 0.124498 0.604651 0.125837 0.604651 0.127175 0.602862
1 0.619813 0.59034 0.619813 0.593918 0.626506 0.593918 0.626506 0.59034
1 0.542169 0.59034 0.534137 0.601073 0.531459 0.601073 0.53012 0.599284 0.528782 0.599284 0.527443 0.597496 0.524766 0.597496 0.523427 0.595707 0.522088 0.595707 0.52075 0.593918 0.518072 0.593918 0.516734 0.592129 0.503347 0.610018 0.504685 0.611807 0.506024 0.611807 0.51004 0.617174 0.519411 0.604651 0.52075 0.604651 0.522088 0.60644 0.523427 0.60644 0.526104 0.610018 0.527443 0.610018 0.528782 0.611807 0.53012 0.611807 0.531459 0.613596 0.531459 0.617174 0.53012 0.618962 0.53012 0.620751 0.528782 0.62254 0.502008 0.62254 0.502008 0.626118 0.500669 0.627907 0.500669 0.629696 0.502008 0.629696 0.503347 0.631485 0.504685 0.631485 0.506024 0.633274 0.507363 0.633274 0.508701 0.635063 0.511379 0.635063 0.512718 0.636852 0.514056 0.636852 0.515395 0.63864 0.516734 0.63864 0.518072 0.640429 0.519411 0.640429 0.52075 0.642218 0.544846 0.642218 0.546185 0.644007 0.550201 0.644007 0.551539 0.645796 0.554217 0.645796 0.555556 0.647585 0.559572 0.647585 0.56091 0.649374 0.563588 0.649374 0.564926 0.651163 0.564926 0.642218 0.56091 0.642218 0.559572 0.640429 0.555556 0.640429 0.554217 0.63864 0.550201 0.63864 0.548862 0.636852 0.548862 0.633274 0.550201 0.631485 0.550201 0.627907 0.547523 0.627907 0.546185 0.626118 0.544846 0.626118 0.543507 0.624329 0.542169 0.626118 0.542169 0.627907 0.54083 0.629696 0.54083 0.631485 0.539491 0.633274 0.538153 0.633274 0.536814 0.631485 0.535475 0.631485 0.534137 0.629696 0.534137 0.627907 0.535475 0.626118 0.535475 0.624329 0.536814 0.62254 0.536814 0.620751 0.538153 0.618962 0.538153 0.617174 0.539491 0.615385 0.539491 0.613596 0.54083 0.611807 0.542169 0.611807 0.544846 0.608229 0.546185 0.608229 0.547523 0.60644 0.548862 0.60644 0.551539 0.602862 0.552878 0.602862 0.548862 0.597496 0.547523 0.597496
1 0.107095 0.59034 0.111111 0.59034 0.11245 0.592129 0.116466 0.592129 0.117805 0.593918 0.136546 0.593918 0.137885 0.592129 0.144578 0.592129 0.147256 0.595707 0.147256 0.597496 0.148594 0.599284 0.148594 0.601073 0.149933 0.602862 0.149933 0.604651 0.151272 0.60644 0.151272 0.608229 0.157965 0.608229 0.156627 0.60644 0.156627 0.604651 0.153949 0.601073 0.153949 0.599284 0.149933 0.593918 0.149933 0.592129 0.148594 0.59034
1 0.718876 0.588551 0.717537 0.59034 0.713521 0.59034 0.713521 0.592129 0.712182 0.593918 0.712182 0.595707 0.710843 0.597496 0.712182 0.595707 0.720214 0.595707 0.720214 0.593918 0.718876 0.592129
1 0.03079 0.579606 0.029451 0.581395 0.028112 0.581395 0.025435 0.584973 0.024096 0.584973 0.026774 0.584973 0.028112 0.586762 0.03079 0.586762 0.032129 0.588551 0.038822 0.588551 0.040161 0.59034 0.037483 0.586762 0.036145 0.586762
1 0.471218 0.576029 0.471218 0.584973 0.46988 0.586762 0.463186 0.586762 0.461847 0.584973 0.461847 0.586762 0.460509 0.588551 0.460509 0.592129 0.45917 0.593918 0.45917 0.595707 0.457831 0.597496 0.457831 0.599284 0.456493 0.601073 0.455154 0.601073 0.453815 0.602862 0.452477 0.602862 0.451138 0.601073 0.451138 0.599284 0.452477 0.597496 0.452477 0.593918 0.453815 0.592129 0.453815 0.59034 0.455154 0.588551 0.455154 0.586762 0.452477 0.586762 0.451138 0.584973 0.448461 0.584973 0.447122 0.583184 0.443106 0.588551 0.441767 0.588551 0.436412 0.595707 0.435074 0.595707 0.433735 0.597496 0.437751 0.602862 0.437751 0.604651 0.441767 0.610018 0.445783 0.610018 0.447122 0.611807 0.451138 0.611807 0.452477 0.613596 0.456493 0.613596 0.457831 0.615385 0.461847 0.615385 0.463186 0.617174 0.464525 0.615385 0.467202 0.615385 0.468541 0.613596 0.472557 0.613596 0.473896 0.611807 0.476573 0.611807 0.477912 0.610018 0.480589 0.610018 0.481928 0.608229 0.484605 0.608229 0.485944 0.60644 0.48996 0.60644 0.491299 0.604651 0.493976 0.604651 0.493976 0.601073 0.495315 0.599284 0.495315 0.597496 0.493976 0.599284 0.480589 0.599284 0.47925 0.601073 0.465863 0.601073 0.464525 0.599284 0.465863 0.597496 0.465863 0.595707 0.467202 0.593918 0.472557 0.593918 0.473896 0.592129 0.480589 0.592129 0.483266 0.588551 0.484605 0.588551 0.488621 0.583184 0.48996 0.583184 0.491299 0.581395 0.485944 0.581395 0.484605 0.579606 0.47925 0.579606 0.477912 0.577818 0.472557 0.577818
1 0.526104 0.567084 0.524766 0.568873 0.522088 0.568873 0.52075 0.570662 0.518072 0.570662 0.526104 0.570662 0.527443 0.572451 0.535475 0.572451 0.536814 0.57424 0.544846 0.57424 0.546185 0.576029 0.546185 0.572451 0.547523 0.570662 0.547523 0.567084
1 0.692102 0.561717 0.690763 0.563506 0.689424 0.563506 0.688086 0.565295 0.686747 0.565295 0.689424 0.565295 0.690763 0.567084 0.697456 0.567084 0.696118 0.565295 0.694779 0.565295
1 0.409639 0.556351 0.409639 0.55814 0.4083 0.559928 0.4083 0.561717 0.406961 0.563506 0.406961 0.565295 0.405622 0.567084 0.405622 0.568873 0.414993 0.568873 0.416332 0.570662 0.417671 0.568873 0.423025 0.568873 0.424364 0.567084 0.429719 0.567084 0.431058 0.565295 0.432396 0.565295 0.431058 0.565295 0.42838 0.561717 0.427041 0.561717 0.424364 0.55814 0.423025 0.55814 0.421687 0.556351 0.417671 0.561717 0.416332 0.561717 0.414993 0.559928 0.413655 0.559928 0.412316 0.55814 0.410977 0.55814
1 0.149933 0.556351 0.148594 0.55814 0.145917 0.55814 0.144578 0.559928 0.14324 0.559928 0.141901 0.561717 0.139224 0.561717 0.14324 0.561717 0.144578 0.563506 0.148594 0.563506 0.149933 0.565295 0.151272 0.563506 0.15261 0.563506 0.155288 0.559928 0.156627 0.559928 0.153949 0.559928 0.15261 0.55814 0.151272 0.55814
1 0.603748 0.550984 0.598394 0.55814 0.597055 0.55814 0.595716 0.559928 0.593039 0.559928 0.594378 0.559928 0.595716 0.561717 0.601071 0.561717 0.605087 0.556351 0.605087 0.554562 0.603748 0.552773
1 0.635877 0.549195 0.631861 0.554562 0.630522 0.554562 0.629183 0.556351 0.639893 0.556351 0.637216 0.552773 0.637216 0.550984
1 0.491299 0.547406 0.48996 0.549195 0.487282 0.549195 0.485944 0.550984 0.483266 0.550984 0.481928 0.552773 0.47925 0.552773 0.477912 0.554562 0.475234 0.554562 0.473896 0.556351 0.46988 0.556351 0.468541 0.55814 0.465863 0.55814 0.464525 0.559928 0.461847 0.559928 0.460509 0.561717 0.457831 0.561717 0.45917 0.561717 0.461847 0.565295 0.497992 0.565295 0.499331 0.567084 0.500669 0.565295 0.502008 0.565295 0.504685 0.561717 0.506024 0.561717 0.507363 0.559928 0.515395 0.559928 0.516734 0.561717 0.516734 0.552773 0.51004 0.552773 0.508701 0.550984 0.500669 0.550984 0.499331 0.549195 0.492637 0.549195
1 0.544846 0.536673 0.544846 0.538462 0.543507 0.54025 0.543507 0.542039 0.544846 0.542039 0.546185 0.543828 0.548862 0.54025 0.550201 0.54025 0.548862 0.54025 0.547523 0.538462 0.546185 0.538462
1 0.472557 0.533095 0.472557 0.538462 0.481928 0.538462 0.481928 0.533095
1 0.495315 0.525939 0.495315 0.527728 0.493976 0.529517 0.493976 0.533095 0.492637 0.534884 0.492637 0.536673 0.504685 0.536673 0.506024 0.538462 0.507363 0.536673 0.53012 0.536673 0.531459 0.538462 0.53012 0.536673 0.528782 0.536673 0.526104 0.533095 0.512718 0.533095 0.511379 0.531306 0.502008 0.531306 0.500669 0.529517 0.499331 0.529517 0.497992 0.527728 0.496653 0.527728
1 0.637216 0.522361 0.635877 0.52415 0.637216 0.525939 0.637216 0.527728 0.638554 0.529517 0.638554 0.531306 0.637216 0.533095 0.637216 0.534884 0.635877 0.536673 0.647925 0.536673 0.649264 0.538462 0.658635 0.538462 0.655957 0.534884 0.654618 0.534884 0.650602 0.529517 0.641232 0.529517 0.638554 0.525939 0.638554 0.52415
1 0.465863 0.520572 0.463186 0.52415 0.463186 0.525939 0.45917 0.531306 0.461847 0.534884 0.464525 0.531306 0.465863 0.531306 0.467202 0.529517 0.467202 0.527728 0.468541 0.525939 0.468541 0.52415 0.46988 0.522361 0.467202 0.522361
1 0.040161 0.520572 0.040161 0.525939 0.049531 0.525939 0.049531 0.522361 0.041499 0.522361
1 0.627845 0.504472 0.621151 0.513417 0.610442 0.513417 0.609103 0.511628 0.607764 0.513417 0.607764 0.515206 0.606426 0.516995 0.606426 0.518784 0.605087 0.520572 0.606426 0.520572 0.607764 0.522361 0.609103 0.522361 0.610442 0.52415 0.627845 0.52415 0.629183 0.525939 0.631861 0.522361 0.633199 0.522361 0.635877 0.518784 0.637216 0.518784 0.639893 0.515206 0.641232 0.515206 0.645248 0.509839 0.646586 0.509839 0.647925 0.50805 0.635877 0.50805 0.633199 0.511628 0.631861 0.511628 0.629183 0.515206 0.627845 0.513417 0.627845 0.511628 0.629183 0.509839 0.629183 0.506261
1 0.519411 0.502683 0.518072 0.504472 0.514056 0.504472 0.512718 0.506261 0.508701 0.506261 0.507363 0.50805 0.503347 0.50805 0.502008 0.509839 0.497992 0.509839 0.496653 0.511628 0.492637 0.511628 0.491299 0.513417 0.485944 0.513417 0.484605 0.515206 0.480589 0.515206 0.47925 0.516995 0.473896 0.516995 0.473896 0.52415 0.475234 0.522361 0.481928 0.522361 0.483266 0.520572 0.48996 0.520572 0.491299 0.518784 0.493976 0.518784 0.495315 0.516995 0.497992 0.516995 0.499331 0.515206 0.518072 0.515206 0.519411 0.516995
1 0.259705 0.500894 0.258367 0.502683 0.251673 0.502683 0.253012 0.504472 0.253012 0.506261 0.254351 0.504472 0.259705 0.504472
1 0.564926 0.490161 0.563588 0.49195 0.56091 0.49195 0.559572 0.493739 0.555556 0.493739 0.556894 0.495528 0.556894 0.497317 0.558233 0.499106 0.558233 0.500894 0.559572 0.499106 0.563588 0.499106 0.564926 0.497317 0.568942 0.497317 0.566265 0.493739 0.566265 0.49195
1 0.503347 0.477639 0.503347 0.479428 0.502008 0.481216 0.502008 0.483005 0.500669 0.484794 0.500669 0.486583 0.499331 0.488372 0.499331 0.490161 0.497992 0.49195 0.497992 0.493739 0.496653 0.495528 0.496653 0.497317 0.493976 0.500894 0.493976 0.502683 0.492637 0.504472 0.495315 0.504472 0.496653 0.502683 0.496653 0.500894 0.497992 0.499106 0.497992 0.497317 0.500669 0.493739 0.500669 0.49195 0.502008 0.490161 0.502008 0.488372 0.503347 0.486583 0.503347 0.484794 0.504685 0.483005 0.504685 0.481216 0.506024 0.479428 0.506024 0.477639
1 0.303882 0.472272 0.302544 0.474061 0.301205 0.474061 0.299866 0.47585 0.298527 0.47585 0.298527 0.490161 0.297189 0.49195 0.297189 0.493739 0.29585 0.495528 0.29585 0.499106 0.294511 0.500894 0.294511 0.502683 0.293173 0.504472 0.293173 0.506261 0.29585 0.506261 0.297189 0.50805 0.298527 0.50805 0.299866 0.509839 0.302544 0.509839 0.303882 0.511628 0.321285 0.488372 0.319946 0.486583 0.319946 0.484794 0.317269 0.481216 0.317269 0.479428 0.31593 0.477639 0.302544 0.495528 0.301205 0.493739 0.301205 0.486583 0.302544 0.484794 0.302544 0.477639 0.303882 0.47585
1 0.812584 0.463327 0.811245 0.465116 0.811245 0.466905 0.808568 0.470483 0.808568 0.472272 0.807229 0.474061 0.809906 0.477639 0.811245 0.477639 0.8166 0.484794 0.821954 0.484794 0.823293 0.486583 0.824632 0.486583 0.825971 0.488372 0.825971 0.483005 0.824632 0.483005 0.821954 0.479428 0.820616 0.479428 0.819277 0.477639 0.823293 0.472272 0.823293 0.470483 0.825971 0.466905 0.821954 0.466905 0.820616 0.465116 0.813922 0.465116
1 0.846051 0.461538 0.844712 0.463327 0.842035 0.463327 0.840696 0.465116 0.838019 0.465116 0.83668 0.466905 0.832664 0.466905 0.852744 0.466905 0.852744 0.463327 0.84739 0.463327
1 0.771084 0.456172 0.769746 0.457961 0.756359 0.457961 0.75502 0.45975 0.753681 0.45975 0.752343 0.461538 0.749665 0.461538 0.748327 0.463327 0.746988 0.463327 0.745649 0.465116 0.742972 0.465116 0.741633 0.466905 0.740295 0.466905 0.738956 0.468694 0.737617 0.468694 0.73494 0.472272 0.733601 0.472272 0.737617 0.472272 0.738956 0.474061 0.741633 0.474061 0.742972 0.47585 0.744311 0.474061 0.745649 0.474061 0.746988 0.472272 0.748327 0.472272 0.749665 0.470483 0.751004 0.470483 0.752343 0.468694 0.753681 0.468694 0.75502 0.466905 0.776439 0.466905 0.777778 0.468694 0.779116 0.468694 0.783133 0.474061 0.784471 0.472272 0.788487 0.472272 0.789826 0.470483 0.793842 0.470483 0.791165 0.466905 0.791165 0.465116 0.788487 0.461538 0.784471 0.461538 0.783133 0.45975 0.777778 0.45975 0.776439 0.457961 0.772423 0.457961
1 0.638554 0.456172 0.637216 0.457961 0.634538 0.457961 0.633199 0.45975 0.631861 0.45975 0.630522 0.461538 0.627845 0.461538 0.626506 0.463327 0.623829 0.463327 0.62249 0.465116 0.619813 0.465116 0.618474 0.466905 0.617135 0.466905 0.615797 0.468694 0.613119 0.468694 0.614458 0.470483 0.614458 0.472272 0.615797 0.470483 0.619813 0.470483 0.621151 0.468694 0.625167 0.468694 0.626506 0.466905 0.65328 0.466905 0.654618 0.468694 0.654618 0.466905 0.655957 0.465116 0.655957 0.463327 0.657296 0.461538 0.657296 0.45975 0.658635 0.457961 0.639893 0.457961
1 0.714859 0.454383 0.713521 0.456172 0.712182 0.456172 0.710843 0.457961 0.708166 0.457961 0.706827 0.45975 0.692102 0.45975 0.690763 0.461538 0.685408 0.461538 0.686747 0.461538 0.689424 0.465116 0.690763 0.463327 0.708166 0.463327 0.709505 0.461538 0.712182 0.461538 0.713521 0.45975 0.717537 0.45975 0.716198 0.457961 0.716198 0.456172
1 0.651941 0.440072 0.651941 0.445438 0.659973 0.445438 0.659973 0.440072
1 0.977242 0.438283 0.974565 0.44186 0.973226 0.44186 0.970549 0.445438 0.96921 0.445438 0.966533 0.449016 0.966533 0.450805 0.963855 0.454383 0.965194 0.454383 0.966533 0.456172 0.96921 0.452594 0.970549 0.452594 0.978581 0.44186 0.977242 0.440072
1 0.468541 0.438283 0.468541 0.443649 0.472557 0.443649 0.472557 0.440072 0.46988 0.440072
1 0.935743 0.431127 0.937082 0.432916 0.93842 0.432916 0.941098 0.436494 0.939759 0.438283 0.937082 0.438283 0.935743 0.440072 0.934404 0.440072 0.933066 0.44186 0.930388 0.44186 0.92905 0.443649 0.926372 0.443649 0.925033 0.445438 0.912985 0.445438 0.911647 0.443649 0.908969 0.443649 0.907631 0.44186 0.906292 0.44186 0.904953 0.440072 0.902276 0.440072 0.900937 0.438283 0.899598 0.440072 0.895582 0.440072 0.894244 0.44186 0.891566 0.44186 0.890228 0.443649 0.886212 0.443649 0.884873 0.445438 0.883534 0.445438 0.882195 0.447227 0.880857 0.447227 0.880857 0.449016 0.882195 0.450805 0.882195 0.452594 0.883534 0.450805 0.888889 0.450805 0.890228 0.449016 0.89826 0.449016 0.899598 0.450805 0.902276 0.450805 0.903614 0.452594 0.904953 0.452594 0.906292 0.454383 0.907631 0.452594 0.911647 0.452594 0.912985 0.450805 0.915663 0.450805 0.917001 0.449016 0.931727 0.449016 0.933066 0.447227 0.934404 0.447227 0.935743 0.445438 0.937082 0.445438 0.93842 0.443649 0.939759 0.443649 0.941098 0.44186 0.943775 0.44186 0.945114 0.440072 0.947791 0.440072 0.94913 0.438283 0.965194 0.438283 0.965194 0.436494 0.966533 0.434705 0.961178 0.434705 0.959839 0.432916 0.955823 0.432916 0.954485 0.431127
1 0.390897 0.42576 0.389558 0.427549 0.365462 0.427549 0.364123 0.429338 0.364123 0.431127 0.362784 0.432916 0.384203 0.432916 0.385542 0.434705 0.406961 0.434705 0.4083 0.436494 0.4083 0.429338 0.400268 0.429338 0.398929 0.427549 0.392236 0.427549
1 0.815261 0.423971 0.813922 0.42576 0.809906 0.42576 0.808568 0.427549 0.804552 0.427549 0.803213 0.429338 0.799197 0.429338 0.797858 0.431127 0.795181 0.431127 0.793842 0.432916 0.789826 0.432916 0.784471 0.42576 0.783133 0.427549 0.777778 0.427549 0.776439 0.429338 0.771084 0.429338 0.771084 0.431127 0.772423 0.432916 0.772423 0.434705 0.78581 0.434705 0.787149 0.436494 0.78581 0.438283 0.783133 0.438283 0.781794 0.440072 0.777778 0.440072 0.779116 0.44186 0.779116 0.443649 0.780455 0.445438 0.781794 0.443649 0.795181 0.443649 0.795181 0.44186 0.793842 0.440072 0.795181 0.438283 0.801874 0.438283 0.803213 0.436494 0.80589 0.436494 0.807229 0.434705 0.809906 0.434705 0.811245 0.432916 0.813922 0.432916 0.813922 0.429338 0.815261 0.427549
1 0.657296 0.416816 0.654618 0.420394 0.65328 0.420394 0.661312 0.420394 0.661312 0.418605 0.662651 0.416816
