0 0.807525 0.685328 0.806078 0.687259 0.801737 0.687259 0.800289 0.689189 0.795948 0.689189 0.794501 0.69112 0.790159 0.69112 0.788712 0.69305 0.78437 0.69305 0.787265 0.696911 0.787265 0.698842 0.788712 0.700772 0.790159 0.698842 0.817656 0.698842
0 0.416787 0.617761 0.41534 0.619691 0.40521 0.619691 0.40521 0.623552 0.406657 0.625483 0.406657 0.631274 0.418234 0.631274 0.418234 0.625483 0.416787 0.623552
0 0.997106 0.343629 0.995658 0.34556 0.992764 0.34556 0.991317 0.34749 0.988423 0.34749 0.985528 0.351351 0.985528 0.353282 0.978292 0.362934 0.978292 0.364865 0.975398 0.368726 0.976845 0.370656 0.976845 0.372587 0.97974 0.376448 0.998553 0.376448 0.998553 0.343629
0 0.772793 0.216216 0.76411 0.227799 0.765557 0.22973 0.765557 0.23166 0.781476 0.23166 0.781476 0.225869 0.782923 0.223938 0.782923 0.218147 0.77424 0.218147
0 0.916064 0.15251 0.914616 0.15444 0.914616 0.156371 0.911722 0.160232 0.911722 0.162162 0.910275 0.164093 0.910275 0.166023 0.907381 0.169884 0.907381 0.171815 0.905933 0.173745 0.907381 0.175676 0.907381 0.177606 0.908828 0.179537 0.908828 0.181467 0.910275 0.183398 0.921852 0.183398 0.9233 0.181467 0.9233 0.179537 0.924747 0.177606 0.924747 0.175676 0.926194 0.173745 0.926194 0.171815 0.927641 0.169884 0.927641 0.167954 0.929088 0.166023 0.929088 0.164093 0.930535 0.162162 0.927641 0.158301 0.927641 0.156371 0.926194 0.15444 0.917511 0.15444
0 0.790159 0.150579 0.788712 0.15251 0.787265 0.15251 0.785818 0.15444 0.78437 0.15444 0.78437 0.162162 0.791606 0.162162 0.793054 0.160232 0.800289 0.160232 0.801737 0.158301 0.81042 0.158301 0.807525 0.15444 0.807525 0.15251 0.806078 0.150579
0 0.733719 0.144788 0.732272 0.146718 0.730825 0.146718 0.729378 0.148649 0.727931 0.148649 0.726483 0.150579 0.725036 0.150579 0.723589 0.15251 0.722142 0.15251 0.722142 0.156371 0.723589 0.158301 0.723589 0.162162 0.725036 0.160232 0.730825 0.160232 0.732272 0.158301 0.736614 0.158301 0.738061 0.156371 0.743849 0.156371 0.740955 0.15251 0.739508 0.15251
0 0.904486 0.125483 0.901592 0.129344 0.901592 0.131274 0.89725 0.137066 0.895803 0.135135 0.895803 0.133205 0.894356 0.131274 0.894356 0.129344 0.892909 0.127413 0.885673 0.127413 0.885673 0.129344 0.88712 0.131274 0.88712 0.133205 0.888567 0.135135 0.888567 0.138996 0.890014 0.140927 0.890014 0.142857 0.891462 0.140927 0.900145 0.140927 0.901592 0.138996 0.911722 0.138996 0.911722 0.137066 0.913169 0.135135 0.913169 0.129344 0.914616 0.127413 0.914616 0.125483
0 0.694645 0.123552 0.693198 0.125483 0.693198 0.127413 0.691751 0.129344 0.696093 0.135135 0.69754 0.133205 0.701881 0.133205 0.701881 0.129344 0.700434 0.127413 0.700434 0.123552
0 0.829233 0.117761 0.827786 0.119691 0.824891 0.119691 0.823444 0.121622 0.819103 0.121622 0.817656 0.123552 0.811867 0.123552 0.81042 0.125483 0.806078 0.125483 0.804631 0.127413 0.798842 0.127413 0.798842 0.131274 0.797395 0.133205 0.797395 0.135135 0.798842 0.135135 0.800289 0.137066 0.803184 0.137066 0.804631 0.138996 0.806078 0.138996 0.807525 0.140927 0.808973 0.138996 0.819103 0.138996 0.82055 0.137066 0.832127 0.137066 0.832127 0.129344 0.83068 0.127413 0.83068 0.121622 0.829233 0.119691
0 0.337192 0.094595 0.335745 0.096525 0.335745 0.098456 0.334298 0.100386 0.334298 0.102317 0.332851 0.104247 0.334298 0.104247 0.337192 0.108108 0.33864 0.108108 0.341534 0.111969 0.350217 0.100386 0.347323 0.100386 0.345876 0.098456 0.342981 0.098456 0.341534 0.096525 0.33864 0.096525
0 0.850941 0.081081 0.849493 0.083012 0.846599 0.083012 0.845152 0.084942 0.84081 0.084942 0.839363 0.086873 0.839363 0.088803 0.836469 0.092664 0.837916 0.090734 0.843705 0.090734 0.845152 0.088803 0.855282 0.088803 0.856729 0.090734 0.856729 0.086873 0.858177 0.084942 0.858177 0.081081
0 0.952243 0.073359 0.950796 0.07529 0.950796 0.07722 0.949349 0.079151 0.949349 0.081081 0.947902 0.083012 0.947902 0.084942 0.945007 0.088803 0.945007 0.090734 0.94356 0.092664 0.94356 0.094595 0.942113 0.096525 0.942113 0.098456 0.939219 0.102317 0.939219 0.104247 0.937771 0.106178 0.937771 0.108108 0.936324 0.110039 0.936324 0.111969 0.93343 0.11583 0.93343 0.117761 0.931983 0.119691 0.931983 0.121622 0.930535 0.123552 0.930535 0.125483 0.929088 0.127413 0.929088 0.131274 0.927641 0.133205 0.927641 0.135135 0.937771 0.135135 0.939219 0.133205 0.949349 0.133205 0.950796 0.131274 0.962373 0.131274 0.963821 0.129344 0.973951 0.129344 0.973951 0.123552 0.975398 0.121622 0.975398 0.117761 0.958032 0.117761 0.956585 0.11583 0.956585 0.1139 0.958032 0.111969 0.958032 0.102317 0.959479 0.100386 0.959479 0.092664 0.960926 0.090734 0.960926 0.081081 0.962373 0.079151 0.962373 0.07529 0.95369 0.07529
0 0.746744 0.071429 0.740955 0.079151 0.740955 0.083012 0.742402 0.084942 0.742402 0.088803 0.743849 0.088803 0.745297 0.090734 0.748191 0.090734 0.749638 0.092664 0.751085 0.092664 0.752533 0.094595 0.75398 0.092664 0.755427 0.092664 0.756874 0.090734 0.759768 0.090734 0.761216 0.088803 0.762663 0.088803 0.762663 0.084942 0.76411 0.083012 0.76411 0.079151 0.758321 0.071429
0 0.555716 0.069498 0.554269 0.071429 0.545586 0.071429 0.545586 0.079151 0.547033 0.081081 0.54848 0.081081 0.551375 0.084942 0.552822 0.084942 0.555716 0.088803 0.555716 0.086873 0.557164 0.084942 0.557164 0.07722 0.555716 0.07529
0 0.84081 0.059846 0.839363 0.061776 0.837916 0.061776 0.836469 0.063707 0.835022 0.063707 0.833575 0.065637 0.832127 0.065637 0.83068 0.067568 0.829233 0.067568 0.83068 0.069498 0.83068 0.071429 0.832127 0.073359 0.832127 0.07529 0.833575 0.07722 0.835022 0.07529 0.845152 0.07529 0.845152 0.063707 0.843705 0.063707
1 0.322721 0.893822 0.321274 0.895753 0.319826 0.895753 0.318379 0.897683 0.316932 0.897683 0.315485 0.899614 0.314038 0.899614 0.314038 0.901544 0.315485 0.903475 0.315485 0.907336 0.316932 0.909266 0.316932 0.911197 0.328509 0.911197 0.329957 0.909266 0.331404 0.909266 0.334298 0.905405 0.335745 0.905405 0.337192 0.903475 0.33864 0.903475 0.33864 0.901544 0.337192 0.899614 0.337192 0.895753 0.324168 0.895753
1 0.762663 0.723938 0.755427 0.733591 0.755427 0.735521 0.751085 0.741313 0.751085 0.743243 0.749638 0.745174 0.749638 0.754826 0.751085 0.752896 0.768452 0.752896 0.768452 0.750965 0.767004 0.749035 0.767004 0.743243 0.765557 0.741313 0.765557 0.735521 0.76411 0.733591 0.76411 0.727799 0.762663 0.725869
1 0.884226 0.584942 0.882779 0.586873 0.881331 0.586873 0.879884 0.588803 0.87699 0.588803 0.87699 0.596525 0.878437 0.594595 0.884226 0.594595
1 0.716353 0.534749 0.714906 0.53668 0.712012 0.53668 0.710564 0.53861 0.70767 0.53861 0.70767 0.540541 0.709117 0.542471 0.709117 0.546332 0.713459 0.546332 0.714906 0.544402 0.7178 0.544402 0.719247 0.542471 0.722142 0.542471 0.723589 0.540541 0.730825 0.540541 0.730825 0.53861 0.729378 0.53668 0.729378 0.534749
1 0.729378 0.498069 0.729378 0.503861 0.736614 0.503861 0.738061 0.505792 0.743849 0.505792 0.745297 0.507722 0.748191 0.503861 0.749638 0.503861 0.748191 0.503861 0.746744 0.501931 0.743849 0.501931 0.742402 0.5 0.740955 0.5 0.739508 0.498069
1 0.879884 0.478764 0.878437 0.480695 0.865412 0.480695 0.863965 0.482625 0.850941 0.482625 0.849493 0.484556 0.836469 0.484556 0.835022 0.486486 0.821997 0.486486 0.821997 0.492278 0.82055 0.494208 0.82055 0.5 0.821997 0.498069 0.839363 0.498069 0.84081 0.496139 0.859624 0.496139 0.861071 0.494208 0.87699 0.494208 0.878437 0.496139 0.878437 0.498069 0.87699 0.5 0.87699 0.505792 0.875543 0.507722 0.875543 0.515444 0.87699 0.517375 0.87699 0.523166 0.878437 0.525097 0.878437 0.532819 0.879884 0.534749 0.879884 0.540541 0.881331 0.542471 0.881331 0.550193 0.882779 0.552124 0.882779 0.559846 0.884226 0.561776 0.884226 0.567568 0.885673 0.569498 0.885673 0.573359 0.88712 0.571429 0.890014 0.571429 0.891462 0.569498 0.892909 0.569498 0.894356 0.567568 0.89725 0.567568 0.89725 0.563707 0.895803 0.561776 0.895803 0.554054 0.894356 0.552124 0.894356 0.544402 0.892909 0.542471 0.892909 0.53668 0.891462 0.534749 0.891462 0.527027 0.890014 0.525097 0.890014 0.517375 0.888567 0.515444 0.888567 0.507722 0.88712 0.505792 0.88712 0.501931 0.888567 0.5 0.900145 0.5 0.901592 0.498069 0.913169 0.498069 0.914616 0.496139 0.926194 0.496139 0.926194 0.494208 0.927641 0.492278 0.927641 0.488417 0.929088 0.486486 0.929088 0.482625 0.930535 0.480695 0.930535 0.478764
1 0.981187 0.432432 0.975398 0.440154 0.973951 0.440154 0.969609 0.445946 0.969609 0.449807 0.971056 0.451737 0.971056 0.457529 0.972504 0.459459 0.972504 0.46332 0.973951 0.46332 0.975398 0.465251 0.976845 0.465251 0.978292 0.467181 0.97974 0.467181 0.981187 0.469112 0.982634 0.469112 0.984081 0.471042 0.985528 0.469112 0.988423 0.469112 0.986975 0.467181 0.986975 0.465251 0.982634 0.459459 0.982634 0.457529 0.978292 0.451737 0.978292 0.449807 0.976845 0.447876 0.978292 0.445946 0.978292 0.444015 0.97974 0.442085 0.97974 0.440154 0.981187 0.438224
1 0.971056 0.395753 0.971056 0.397683 0.969609 0.399614 0.969609 0.401544 0.973951 0.407336 0.975398 0.405405 0.986975 0.405405 0.986975 0.403475 0.988423 0.401544 0.985528 0.401544 0.984081 0.399614 0.982634 0.399614 0.981187 0.397683 0.972504 0.397683
1 0.811867 0.388031 0.81042 0.389961 0.807525 0.389961 0.806078 0.391892 0.803184 0.391892 0.801737 0.393822 0.800289 0.393822 0.798842 0.395753 0.795948 0.395753 0.794501 0.397683 0.791606 0.397683 0.793054 0.397683 0.794501 0.399614 0.795948 0.399614 0.798842 0.403475 0.800289 0.403475 0.801737 0.405405 0.803184 0.403475 0.826339 0.403475 0.827786 0.405405 0.832127 0.405405 0.833575 0.407336 0.836469 0.403475 0.837916 0.403475 0.84081 0.399614 0.842258 0.399614 0.84081 0.399614 0.839363 0.397683 0.837916 0.397683 0.836469 0.395753 0.833575 0.395753 0.832127 0.393822 0.83068 0.393822 0.829233 0.391892 0.827786 0.391892 0.826339 0.389961 0.813314 0.389961
1 0.719247 0.337838 0.7178 0.339768 0.716353 0.339768 0.714906 0.341699 0.712012 0.341699 0.712012 0.343629 0.710564 0.34556 0.710564 0.34749 0.712012 0.34556 0.719247 0.34556
1 0.88712 0.303089 0.885673 0.305019 0.882779 0.305019 0.881331 0.30695 0.878437 0.30695 0.87699 0.30888 0.874096 0.30888 0.872648 0.310811 0.869754 0.310811 0.868307 0.312741 0.865412 0.312741 0.865412 0.330116 0.86686 0.328185 0.872648 0.328185 0.874096 0.326255 0.875543 0.326255 0.87699 0.324324 0.878437 0.324324 0.879884 0.322394 0.882779 0.322394 0.884226 0.320463 0.885673 0.320463 0.88712 0.318533 0.895803 0.318533 0.89725 0.320463 0.904486 0.320463 0.905933 0.322394 0.904486 0.320463 0.903039 0.320463 0.898698 0.314672 0.89725 0.314672 0.891462 0.30695 0.890014 0.30695
1 0.868307 0.252896 0.868307 0.260618 0.869754 0.258687 0.875543 0.258687 0.875543 0.256757 0.874096 0.254826 0.874096 0.252896
1 0.900145 0.245174 0.898698 0.247104 0.888567 0.247104 0.888567 0.249035 0.890014 0.250965 0.890014 0.252896 0.891462 0.254826 0.891462 0.256757 0.892909 0.258687 0.894356 0.258687 0.898698 0.264479 0.905933 0.264479 0.907381 0.266409 0.908828 0.264479 0.910275 0.264479 0.911722 0.262548 0.914616 0.262548 0.916064 0.260618 0.917511 0.260618 0.917511 0.258687 0.916064 0.256757 0.916064 0.250965 0.914616 0.249035 0.914616 0.247104 0.901592 0.247104
1 0.028944 0.245174 0.027496 0.247104 0.018813 0.247104 0.017366 0.249035 0.01013 0.249035 0.008683 0.250965 0.0 0.250965 0.0 0.262548 0.001447 0.260618 0.005789 0.260618 0.007236 0.258687 0.01013 0.258687 0.011577 0.256757 0.015919 0.256757 0.017366 0.254826 0.02026 0.254826 0.021708 0.252896 0.026049 0.252896 0.026049 0.250965 0.027496 0.249035 0.027496 0.247104
1 0.803184 0.239382 0.801737 0.241313 0.797395 0.241313 0.797395 0.247104 0.800289 0.250965 0.801737 0.249035 0.804631 0.249035 0.804631 0.245174 0.803184 0.243243
1 0.0 0.227799 0.0 0.241313 0.001447 0.239382 0.023155 0.239382 0.023155 0.22973 0.001447 0.22973
1 0.480463 0.212355 0.479016 0.214286 0.479016 0.216216 0.476122 0.220077 0.476122 0.222008 0.474674 0.223938 0.476122 0.225869 0.477569 0.225869 0.480463 0.22973 0.48191 0.227799 0.483357 0.227799 0.486252 0.223938 0.487699 0.223938 0.489146 0.222008 0.490593 0.222008 0.487699 0.218147 0.487699 0.216216 0.484805 0.212355
1 0.93343 0.208494 0.93343 0.216216 0.94356 0.216216 0.945007 0.218147 0.945007 0.216216 0.94356 0.214286 0.94356 0.210425 0.934877 0.210425
1 0.905933 0.194981 0.904486 0.196911 0.901592 0.196911 0.900145 0.198842 0.89725 0.198842 0.895803 0.200772 0.892909 0.200772 0.882779 0.214286 0.881331 0.214286 0.878437 0.218147 0.871201 0.218147 0.862518 0.22973 0.868307 0.22973 0.869754 0.23166 0.874096 0.23166 0.875543 0.233591 0.879884 0.227799 0.881331 0.227799 0.885673 0.222008 0.892909 0.222008 0.894356 0.220077 0.903039 0.220077 0.904486 0.218147 0.905933 0.218147 0.907381 0.216216 0.910275 0.216216 0.911722 0.214286 0.913169 0.214286 0.914616 0.212355 0.917511 0.212355 0.908828 0.200772 0.908828 0.198842
1 0.685962 0.175676 0.681621 0.181467 0.683068 0.181467 0.685962 0.185328 0.68741 0.183398 0.688857 0.183398 0.691751 0.179537 0.693198 0.179537 0.691751 0.177606 0.691751 0.175676
1 0.751085 0.162162 0.749638 0.164093 0.748191 0.164093 0.746744 0.166023 0.745297 0.166023 0.745297 0.167954 0.746744 0.169884 0.746744 0.171815 0.75398 0.171815 0.755427 0.169884 0.755427 0.167954 0.756874 0.166023 0.755427 0.166023 0.75398 0.164093 0.752533 0.164093
1 0.765557 0.160232 0.765557 0.162162 0.767004 0.164093 0.767004 0.166023 0.775687 0.166023 0.775687 0.164093 0.77424 0.162162 0.77424 0.160232
1 0.652677 0.148649 0.649783 0.15251 0.648336 0.15251 0.648336 0.160232 0.65123 0.160232 0.652677 0.162162 0.654124 0.162162 0.655572 0.164093 0.655572 0.160232 0.657019 0.158301 0.657019 0.156371 0.654124 0.15251 0.654124 0.150579
1 0.978292 0.144788 0.975398 0.148649 0.973951 0.148649 0.973951 0.15444 0.972504 0.156371 0.972504 0.162162 0.973951 0.164093 0.973951 0.167954 0.981187 0.167954 0.982634 0.169884 0.982634 0.167954 0.984081 0.166023 0.984081 0.162162 0.985528 0.160232 0.985528 0.158301 0.984081 0.156371 0.984081 0.15444 0.97974 0.148649 0.97974 0.146718
1 0.568741 0.140927 0.568741 0.15251 0.570188 0.150579 0.57453 0.150579 0.575977 0.148649 0.581766 0.148649 0.581766 0.144788 0.580318 0.144788 0.578871 0.142857 0.577424 0.142857 0.575977 0.140927
1 0.785818 0.138996 0.782923 0.142857 0.78437 0.144788 0.78437 0.146718 0.790159 0.146718 0.790159 0.144788 0.791606 0.142857 0.791606 0.140927 0.787265 0.140927
1 0.21563 0.129344 0.214182 0.131274 0.198263 0.131274 0.198263 0.137066 0.21563 0.137066
1 0.808973 0.092664 0.804631 0.098456 0.803184 0.098456 0.800289 0.102317 0.798842 0.102317 0.797395 0.104247 0.795948 0.104247 0.794501 0.106178 0.793054 0.106178 0.791606 0.108108 0.790159 0.108108 0.790159 0.111969 0.791606 0.1139 0.791606 0.117761 0.806078 0.117761 0.807525 0.119691 0.807525 0.117761 0.808973 0.11583 0.808973 0.1139 0.81042 0.111969 0.816208 0.111969 0.817656 0.110039 0.824891 0.110039 0.824891 0.100386 0.823444 0.098456 0.821997 0.098456 0.817656 0.092664
1 0.483357 0.081081 0.48191 0.083012 0.480463 0.083012 0.479016 0.084942 0.476122 0.084942 0.474674 0.086873 0.450072 0.086873 0.450072 0.090734 0.448625 0.092664 0.448625 0.096525 0.47178 0.096525 0.473227 0.098456 0.474674 0.096525 0.476122 0.096525 0.477569 0.094595 0.479016 0.094595 0.480463 0.092664 0.490593 0.092664 0.490593 0.090734 0.492041 0.088803 0.492041 0.086873 0.493488 0.084942 0.493488 0.083012 0.484805 0.083012
1 0.340087 0.067568 0.33864 0.069498 0.334298 0.069498 0.332851 0.071429 0.327062 0.071429 0.329957 0.071429 0.331404 0.073359 0.332851 0.073359 0.334298 0.07529 0.337192 0.07529 0.33864 0.07722 0.340087 0.07722 0.341534 0.079151 0.341534 0.081081 0.340087 0.083012 0.340087 0.086873 0.33864 0.088803 0.33864 0.090734 0.337192 0.092664 0.33864 0.094595 0.341534 0.094595 0.342981 0.096525 0.345876 0.096525 0.347323 0.098456 0.350217 0.098456 0.351664 0.100386 0.341534 0.1139 0.33864 0.110039 0.337192 0.110039 0.334298 0.106178 0.332851 0.106178 0.331404 0.104247 0.332851 0.102317 0.332851 0.100386 0.334298 0.098456 0.334298 0.096525 0.31259 0.096525 0.311143 0.098456 0.309696 0.098456 0.306802 0.102317 0.305355 0.102317 0.322721 0.102317 0.324168 0.104247 0.322721 0.106178 0.321274 0.106178 0.319826 0.108108 0.287988 0.108108 0.286541 0.106178 0.285094 0.108108 0.285094 0.110039 0.283647 0.111969 0.299566 0.111969 0.301013 0.1139 0.301013 0.11583 0.298119 0.119691 0.29233 0.119691 0.290883 0.121622 0.283647 0.121622 0.2822 0.123552 0.277858 0.123552 0.276411 0.125483 0.272069 0.125483 0.270622 0.127413 0.264834 0.127413 0.263386 0.129344 0.259045 0.129344 0.257598 0.131274 0.253256 0.131274 0.254703 0.133205 0.254703 0.135135 0.253256 0.137066 0.251809 0.137066 0.250362 0.138996 0.241679 0.138996 0.240232 0.137066 0.234443 0.137066 0.232996 0.135135 0.231548 0.137066 0.228654 0.137066 0.227207 0.138996 0.224313 0.138996 0.222865 0.140927 0.218524 0.140927 0.217077 0.142857 0.214182 0.142857 0.212735 0.144788 0.211288 0.144788 0.209841 0.146718 0.208394 0.146718 0.206946 0.148649 0.205499 0.148649 0.204052 0.150579 0.202605 0.150579 0.201158 0.15251 0.195369 0.15251 0.193922 0.150579 0.18958 0.150579 0.188133 0.148649 0.186686 0.150579 0.182344 0.150579 0.180897 0.15251 0.175109 0.15251 0.173661 0.15444 0.162084 0.15444 0.160637 0.156371 0.147612 0.156371 0.147612 0.158301 0.146165 0.160232 0.146165 0.162162 0.144718 0.164093 0.140376 0.164093 0.138929 0.162162 0.134588 0.162162 0.13314 0.160232 0.130246 0.160232 0.128799 0.158301 0.124457 0.158301 0.12301 0.156371 0.121563 0.158301 0.089725 0.158301 0.085384 0.164093 0.083936 0.164093 0.082489 0.166023 0.094067 0.166023 0.095514 0.167954 0.098408 0.167954 0.099855 0.169884 0.10275 0.169884 0.104197 0.171815 0.105644 0.171815 0.107091 0.173745 0.109986 0.173745 0.111433 0.175676 0.109986 0.177606 0.108538 0.177606 0.105644 0.181467 0.073806 0.181467 0.072359 0.179537 0.070912 0.181467 0.069465 0.181467 0.068017 0.183398 0.054993 0.183398 0.053546 0.185328 0.047757 0.185328 0.04631 0.187259 0.040521 0.187259 0.039074 0.189189 0.036179 0.189189 0.034732 0.19112 0.031838 0.19112 0.030391 0.19305 0.027496 0.19305 0.026049 0.194981 0.02026 0.194981 0.018813 0.196911 0.014472 0.196911 0.013025 0.198842 0.007236 0.198842 0.005789 0.200772 0.0 0.200772 0.0 0.218147 0.001447 0.216216 0.005789 0.216216 0.007236 0.214286 0.013025 0.214286 0.014472 0.212355 0.015919 0.212355 0.017366 0.210425 0.02026 0.210425 0.021708 0.208494 0.023155 0.208494 0.024602 0.206564 0.027496 0.206564 0.028944 0.204633 0.039074 0.204633 0.040521 0.202703 0.050651 0.202703 0.052098 0.200772 0.063676 0.200772 0.065123 0.198842 0.075253 0.198842 0.0767 0.196911 0.114327 0.196911 0.115774 0.198842 0.140376 0.198842 0.141823 0.200772 0.163531 0.200772 0.164978 0.202703 0.185239 0.202703 0.186686 0.204633 0.211288 0.204633 0.212735 0.206564 0.211288 0.208494 0.204052 0.208494 0.202605 0.210425 0.195369 0.210425 0.193922 0.212355 0.186686 0.212355 0.191027 0.218147 0.192475 0.216216 0.21563 0.216216 0.217077 0.214286 0.218524 0.214286 0.219971 0.212355 0.221418 0.212355 0.222865 0.210425 0.224313 0.210425 0.22576 0.208494 0.227207 0.208494 0.228654 0.206564 0.230101 0.206564 0.231548 0.204633 0.232996 0.204633 0.234443 0.202703 0.23589 0.202703 0.237337 0.200772 0.238784 0.200772 0.224313 0.200772 0.222865 0.198842 0.208394 0.198842 0.206946 0.196911 0.193922 0.196911 0.192475 0.194981 0.178003 0.194981 0.175109 0.19112 0.175109 0.189189 0.173661 0.187259 0.173661 0.185328 0.172214 0.183398 0.173661 0.181467 0.186686 0.181467 0.186686 0.169884 0.185239 0.171815 0.175109 0.171815 0.173661 0.173745 0.16932 0.173745 0.167873 0.175676 0.162084 0.175676 0.160637 0.177606 0.138929 0.177606 0.137482 0.175676 0.137482 0.173745 0.138929 0.171815 0.156295 0.171815 0.157742 0.173745 0.15919 0.171815 0.160637 0.171815 0.163531 0.167954 0.164978 0.167954 0.166425 0.166023 0.176556 0.166023 0.178003 0.164093 0.18958 0.164093 0.191027 0.162162 0.201158 0.162162 0.202605 0.160232 0.206946 0.160232 0.208394 0.158301 0.212735 0.158301 0.214182 0.156371 0.218524 0.156371 0.219971 0.15444 0.22576 0.15444 0.227207 0.15251 0.231548 0.15251 0.232996 0.150579 0.237337 0.150579 0.238784 0.148649 0.241679 0.148649 0.243126 0.146718 0.24602 0.146718 0.247467 0.144788 0.250362 0.144788 0.251809 0.142857 0.254703 0.142857 0.256151 0.140927 0.264834 0.140927 0.266281 0.138996 0.274964 0.138996 0.276411 0.137066 0.285094 0.137066 0.277858 0.137066 0.276411 0.135135 0.277858 0.133205 0.289436 0.133205 0.290883 0.131274 0.315485 0.131274 0.316932 0.133205 0.316932 0.131274 0.315485 0.129344 0.315485 0.125483 0.316932 0.123552 0.324168 0.123552 0.325615 0.121622 0.332851 0.121622 0.334298 0.119691 0.342981 0.119691 0.344428 0.117761 0.351664 0.117761 0.353111 0.11583 0.360347 0.11583 0.360347 0.1139 0.361795 0.111969 0.361795 0.110039 0.363242 0.108108 0.363242 0.106178 0.364689 0.104247 0.364689 0.102317 0.366136 0.100386 0.366136 0.098456 0.367583 0.096525 0.371925 0.096525 0.373372 0.094595 0.376266 0.094595 0.377713 0.092664 0.382055 0.092664 0.377713 0.086873 0.376266 0.086873 0.374819 0.084942 0.373372 0.084942 0.370478 0.081081 0.36903 0.081081 0.363242 0.073359 0.363242 0.071429 0.360347 0.067568
1 0.798842 0.061776 0.797395 0.063707 0.794501 0.063707 0.795948 0.065637 0.795948 0.067568 0.801737 0.067568 0.803184 0.069498 0.803184 0.067568 0.804631 0.065637 0.803184 0.065637 0.801737 0.063707 0.800289 0.063707
