0 0.869448 0.737882 0.868102 0.739677 0.862719 0.739677 0.861373 0.741472 0.854643 0.741472 0.854643 0.746858 0.855989 0.745063 0.861373 0.745063 0.862719 0.743268 0.873486 0.743268 0.874832 0.745063 0.880215 0.745063 0.881561 0.746858 0.885599 0.746858 0.886945 0.748654 0.892328 0.748654 0.893674 0.750449 0.893674 0.748654 0.89502 0.746858 0.89502 0.745063 0.896366 0.743268 0.888291 0.743268 0.886945 0.741472 0.880215 0.741472 0.878869 0.739677 0.870794 0.739677
0 0.885599 0.450628 0.885599 0.452424 0.886945 0.454219 0.886945 0.45781 0.888291 0.456014 0.89502 0.456014 0.89502 0.450628
1 0.450875 0.75763 0.449529 0.759425 0.446837 0.759425 0.445491 0.761221 0.427995 0.761221 0.427995 0.763016 0.440108 0.763016 0.441454 0.761221 0.452221 0.761221 0.450875 0.759425
1 0.207268 0.754039 0.207268 0.763016 0.23284 0.763016 0.234186 0.764811 0.236878 0.764811 0.238223 0.766607 0.240915 0.766607 0.242261 0.768402 0.244953 0.768402 0.246299 0.770197 0.248991 0.770197 0.250336 0.771993 0.253028 0.771993 0.254374 0.773788 0.257066 0.773788 0.258412 0.775583 0.261104 0.771993 0.258412 0.771993 0.257066 0.770197 0.25572 0.770197 0.254374 0.768402 0.251682 0.768402 0.250336 0.766607 0.248991 0.766607 0.247645 0.764811 0.244953 0.764811 0.243607 0.763016 0.242261 0.763016 0.240915 0.761221 0.238223 0.761221 0.236878 0.759425 0.228802 0.759425 0.227456 0.75763 0.218035 0.75763 0.216689 0.755835 0.208614 0.755835
1 0.670256 0.725314 0.66891 0.72711 0.667564 0.72711 0.666218 0.728905 0.656797 0.728905 0.659489 0.732496 0.663526 0.732496 0.664872 0.734291 0.666218 0.732496 0.667564 0.732496 0.66891 0.7307 0.675639 0.7307 0.674293 0.728905 0.674293 0.72711 0.672948 0.725314
1 0.179004 0.714542 0.176312 0.718133 0.179004 0.721724 0.183042 0.721724 0.184388 0.723519 0.188425 0.723519 0.189771 0.725314 0.191117 0.723519 0.189771 0.721724 0.188425 0.721724 0.184388 0.716338 0.18035 0.716338
1 0.028264 0.689408 0.026918 0.691203 0.02288 0.691203 0.024226 0.692998 0.024226 0.694794 0.02961 0.694794 0.02961 0.692998 0.030956 0.691203 0.02961 0.691203
1 0.234186 0.685817 0.234186 0.689408 0.23284 0.691203 0.23284 0.692998 0.238223 0.692998 0.239569 0.694794 0.244953 0.694794 0.246299 0.696589 0.251682 0.696589 0.253028 0.698384 0.254374 0.696589 0.297443 0.696589 0.298789 0.694794 0.30821 0.694794 0.309556 0.692998 0.317631 0.692998 0.318977 0.691203 0.328398 0.691203 0.328398 0.685817 0.327052 0.687612 0.316285 0.687612 0.314939 0.689408 0.304172 0.689408 0.302826 0.691203 0.288022 0.691203 0.286676 0.692998 0.273217 0.692998 0.271871 0.694794 0.254374 0.694794 0.253028 0.692998 0.248991 0.692998 0.247645 0.691203 0.244953 0.691203 0.243607 0.689408 0.239569 0.689408 0.238223 0.687612 0.235532 0.687612
1 0.897712 0.642729 0.896366 0.644524 0.893674 0.644524 0.892328 0.64632 0.890983 0.64632 0.889637 0.648115 0.886945 0.648115 0.885599 0.64991 0.882907 0.64991 0.881561 0.651706 0.878869 0.651706 0.877524 0.653501 0.876178 0.653501 0.874832 0.655296 0.87214 0.655296 0.873486 0.657092 0.873486 0.658887 0.874832 0.660682 0.874832 0.662478 0.876178 0.664273 0.877524 0.662478 0.890983 0.662478 0.892328 0.660682 0.899058 0.660682 0.900404 0.658887 0.907133 0.658887 0.908479 0.657092 0.909825 0.657092 0.911171 0.655296 0.913863 0.655296 0.915209 0.653501 0.916555 0.653501 0.9179 0.651706 0.919246 0.651706 0.920592 0.64991 0.923284 0.64991 0.92463 0.648115 0.925976 0.648115 0.92463 0.64632 0.92463 0.644524 0.923284 0.642729 0.921938 0.644524 0.919246 0.644524 0.9179 0.64632 0.915209 0.64632 0.913863 0.648115 0.911171 0.648115 0.909825 0.64991 0.905787 0.64991 0.904441 0.648115 0.903096 0.648115 0.900404 0.644524 0.899058 0.644524
1 0.948856 0.621185 0.948856 0.62298 0.966353 0.62298 0.967699 0.624776 0.974428 0.624776 0.975774 0.626571 0.981157 0.626571 0.982503 0.628366 0.989233 0.628366 0.990579 0.630162 0.993271 0.630162 0.994616 0.631957 0.995962 0.631957 0.997308 0.633752 0.998654 0.633752 0.998654 0.628366 0.994616 0.628366 0.993271 0.626571 0.989233 0.626571 0.987887 0.624776 0.982503 0.624776 0.981157 0.62298 0.97712 0.62298 0.975774 0.621185
1 0.523553 0.605027 0.520861 0.608618 0.522207 0.610413 0.522207 0.612208 0.532974 0.612208 0.531629 0.612208 0.528937 0.608618 0.527591 0.608618 0.526245 0.606822 0.524899 0.606822
1 0.059219 0.570916 0.057873 0.572711 0.055182 0.572711 0.056528 0.574506 0.056528 0.576302 0.063257 0.576302 0.063257 0.574506 0.061911 0.572711 0.061911 0.570916
1 0.761777 0.549372 0.760431 0.551167 0.759085 0.551167 0.757739 0.552962 0.755047 0.552962 0.755047 0.560144 0.756393 0.558348 0.764468 0.558348 0.764468 0.556553 0.763122 0.554758 0.763122 0.552962 0.761777 0.551167
1 0.106326 0.522442 0.10498 0.524237 0.091521 0.524237 0.091521 0.529623 0.106326 0.529623
1 0.271871 0.520646 0.270525 0.522442 0.258412 0.522442 0.259758 0.524237 0.259758 0.526032 0.261104 0.527828 0.26245 0.526032 0.271871 0.526032
1 0.195155 0.51167 0.193809 0.513465 0.181696 0.513465 0.18035 0.51526 0.168237 0.51526 0.166891 0.517056 0.165545 0.517056 0.164199 0.518851 0.162853 0.518851 0.161507 0.520646 0.160162 0.520646 0.158816 0.522442 0.15074 0.522442 0.15074 0.524237 0.152086 0.526032 0.152086 0.529623 0.160162 0.529623 0.161507 0.527828 0.162853 0.527828 0.164199 0.526032 0.165545 0.526032 0.166891 0.524237 0.169583 0.524237 0.172275 0.527828 0.17362 0.526032 0.177658 0.526032 0.179004 0.524237 0.184388 0.524237 0.185734 0.522442 0.189771 0.522442 0.191117 0.520646 0.196501 0.520646 0.196501 0.517056 0.195155 0.51526
1 0.581427 0.500898 0.580081 0.502693 0.578735 0.502693 0.580081 0.504488 0.580081 0.506284 0.590848 0.506284 0.590848 0.502693 0.58681 0.502693 0.585464 0.500898
1 0.711978 0.497307 0.705249 0.506284 0.703903 0.506284 0.702557 0.508079 0.702557 0.509874 0.703903 0.51167 0.703903 0.513465 0.705249 0.51167 0.709287 0.51167 0.710633 0.509874 0.71467 0.509874 0.716016 0.508079 0.720054 0.508079
1 0.18035 0.48833 0.179004 0.490126 0.176312 0.490126 0.174966 0.491921 0.17362 0.491921 0.174966 0.493716 0.176312 0.493716 0.177658 0.495512 0.212651 0.495512 0.212651 0.48833
1 0.658143 0.482944 0.656797 0.48474 0.656797 0.486535 0.658143 0.48833 0.658143 0.490126 0.660834 0.490126 0.660834 0.482944
1 0.960969 0.481149 0.959623 0.482944 0.956931 0.482944 0.955585 0.48474 0.952894 0.48474 0.951548 0.486535 0.950202 0.486535 0.948856 0.48833 0.94751 0.48833 0.946164 0.490126 0.944818 0.490126 0.950202 0.490126 0.951548 0.491921 0.952894 0.490126 0.95424 0.490126 0.955585 0.48833 0.956931 0.48833 0.958277 0.486535 0.966353 0.486535 0.967699 0.48474 0.969044 0.48474 0.966353 0.48474 0.965007 0.482944 0.962315 0.482944
