0 0.815612 0.991023 0.811575 0.996409 0.810229 0.996409 0.808883 0.998205 0.81965 0.998205 0.818304 0.996409 0.818304 0.994614
0 0.697174 0.895871 0.697174 0.897666 0.695828 0.899461 0.695828 0.901257 0.697174 0.901257 0.69852 0.903052 0.699865 0.903052 0.701211 0.904847 0.707941 0.904847 0.705249 0.901257 0.703903 0.901257 0.702557 0.899461 0.701211 0.899461 0.699865 0.897666 0.69852 0.897666
0 0.146703 0.872531 0.146703 0.874327 0.145357 0.876122 0.145357 0.877917 0.148048 0.877917 0.149394 0.879713 0.153432 0.879713 0.154778 0.881508 0.15747 0.881508 0.158816 0.883303 0.160162 0.881508 0.166891 0.881508 0.168237 0.879713 0.169583 0.879713 0.170929 0.877917 0.172275 0.877917 0.170929 0.876122 0.170929 0.874327 0.169583 0.872531 0.168237 0.874327 0.148048 0.874327
0 0.270525 0.867145 0.269179 0.868941 0.261104 0.868941 0.258412 0.872531 0.257066 0.872531 0.25572 0.874327 0.254374 0.874327 0.253028 0.876122 0.251682 0.876122 0.248991 0.879713 0.247645 0.879713 0.246299 0.881508 0.244953 0.881508 0.244953 0.885099 0.246299 0.886894 0.246299 0.89228 0.244953 0.894075 0.244953 0.895871 0.243607 0.897666 0.243607 0.899461 0.244953 0.897666 0.254374 0.897666 0.25572 0.895871 0.263795 0.895871 0.265141 0.894075 0.274563 0.894075 0.277254 0.890485 0.2786 0.890485 0.281292 0.886894 0.282638 0.886894 0.28533 0.883303 0.286676 0.883303 0.289367 0.879713 0.290713 0.879713 0.293405 0.876122 0.294751 0.876122 0.296097 0.874327 0.296097 0.867145
0 0.304172 0.843806 0.304172 0.845601 0.302826 0.847397 0.302826 0.849192 0.30148 0.850987 0.304172 0.850987 0.305518 0.852783 0.306864 0.852783 0.30821 0.854578 0.309556 0.852783 0.312248 0.852783 0.312248 0.850987 0.313594 0.849192 0.313594 0.847397 0.312248 0.847397 0.309556 0.843806
0 0.242261 0.843806 0.240915 0.845601 0.234186 0.845601 0.23284 0.847397 0.22611 0.847397 0.22611 0.849192 0.227456 0.850987 0.227456 0.854578 0.228802 0.856373 0.228802 0.858169 0.23284 0.858169 0.234186 0.859964 0.238223 0.859964 0.239569 0.861759 0.240915 0.861759 0.242261 0.863555 0.243607 0.863555 0.244953 0.86535 0.246299 0.863555 0.248991 0.863555 0.250336 0.861759 0.253028 0.861759 0.248991 0.856373 0.248991 0.845601 0.243607 0.845601
0 0.130552 0.815081 0.129206 0.816876 0.12786 0.816876 0.126514 0.818671 0.125168 0.818671 0.125168 0.824057 0.12786 0.824057 0.129206 0.825853 0.130552 0.824057 0.131898 0.824057 0.133244 0.822262 0.13459 0.822262 0.13459 0.816876 0.131898 0.816876
0 0.925976 0.764811 0.92463 0.766607 0.923284 0.766607 0.92463 0.768402 0.92463 0.770197 0.928668 0.770197 0.928668 0.768402 0.930013 0.766607 0.927322 0.766607
0 0.391655 0.754039 0.388964 0.75763 0.388964 0.761221 0.391655 0.761221 0.393001 0.763016 0.395693 0.759425 0.394347 0.75763 0.394347 0.755835 0.393001 0.755835
0 0.601615 0.737882 0.600269 0.739677 0.596231 0.739677 0.59354 0.743268 0.596231 0.746858 0.601615 0.746858 0.601615 0.745063 0.602961 0.743268 0.602961 0.741472 0.601615 0.739677
0 0.146703 0.72711 0.145357 0.728905 0.118439 0.728905 0.118439 0.732496 0.117093 0.734291 0.117093 0.739677 0.118439 0.741472 0.118439 0.746858 0.119785 0.748654 0.119785 0.750449 0.121131 0.748654 0.13459 0.748654 0.13459 0.745063 0.133244 0.743268 0.133244 0.737882 0.13459 0.736086 0.137281 0.736086 0.138627 0.734291 0.142665 0.734291 0.144011 0.732496 0.146703 0.732496
0 0.216689 0.709156 0.211306 0.716338 0.211306 0.718133 0.20996 0.719928 0.20996 0.721724 0.208614 0.723519 0.215343 0.732496 0.238223 0.732496 0.238223 0.725314 0.236878 0.723519 0.236878 0.718133 0.234186 0.714542 0.234186 0.712747 0.231494 0.709156
0 0.440108 0.667864 0.438762 0.669659 0.43607 0.669659 0.434724 0.671454 0.432032 0.671454 0.430686 0.67325 0.427995 0.67325 0.427995 0.675045 0.429341 0.67684 0.429341 0.680431 0.430686 0.678636 0.43607 0.678636 0.437416 0.67684 0.441454 0.67684 0.441454 0.67325 0.440108 0.671454
0 0.484522 0.664273 0.483176 0.666068 0.475101 0.666068 0.475101 0.675045 0.479139 0.675045 0.480485 0.67684 0.48856 0.67684 0.48856 0.67325 0.489906 0.671454 0.489906 0.667864 0.48856 0.667864 0.487214 0.666068 0.485868 0.666068
0 0.109017 0.635548 0.102288 0.644524 0.102288 0.653501 0.119785 0.653501 0.121131 0.655296 0.138627 0.655296 0.139973 0.657092 0.144011 0.657092 0.145357 0.658887 0.149394 0.658887 0.15074 0.660682 0.154778 0.660682 0.156124 0.662478 0.158816 0.662478 0.160162 0.664273 0.164199 0.664273 0.165545 0.666068 0.169583 0.666068 0.170929 0.667864 0.172275 0.666068 0.177658 0.666068 0.179004 0.664273 0.185734 0.664273 0.185734 0.658887 0.187079 0.657092 0.187079 0.653501 0.18035 0.644524 0.166891 0.644524 0.165545 0.642729 0.153432 0.642729 0.152086 0.640934 0.138627 0.640934 0.137281 0.639138 0.125168 0.639138 0.123822 0.637343 0.110363 0.637343
0 0.33109 0.633752 0.329744 0.635548 0.324361 0.635548 0.318977 0.642729 0.318977 0.644524 0.317631 0.64632 0.321669 0.64632 0.323015 0.648115 0.324361 0.64632 0.327052 0.64632 0.328398 0.644524 0.33109 0.644524
0 0.733513 0.558348 0.732167 0.560144 0.729475 0.560144 0.729475 0.561939 0.730821 0.563734 0.730821 0.56553 0.733513 0.56553 0.734859 0.567325 0.738896 0.567325 0.738896 0.560144 0.734859 0.560144
0 0.512786 0.54219 0.51144 0.543986 0.508748 0.543986 0.507402 0.545781 0.504711 0.545781 0.504711 0.547576 0.506057 0.549372 0.506057 0.552962 0.507402 0.551167 0.510094 0.551167 0.51144 0.549372 0.515478 0.549372 0.514132 0.547576 0.514132 0.545781 0.512786 0.543986
0 0.310902 0.54219 0.309556 0.543986 0.306864 0.543986 0.306864 0.545781 0.305518 0.547576 0.306864 0.547576 0.309556 0.551167 0.312248 0.547576 0.313594 0.547576 0.312248 0.545781 0.312248 0.543986
0 0.362046 0.526032 0.3607 0.527828 0.351279 0.527828 0.351279 0.529623 0.352624 0.531418 0.352624 0.533214 0.362046 0.533214
0 0.578735 0.522442 0.577389 0.524237 0.543742 0.524237 0.54105 0.527828 0.54105 0.529623 0.538358 0.533214 0.539704 0.535009 0.54105 0.535009 0.545087 0.540395 0.546433 0.5386 0.555855 0.5386 0.557201 0.536804 0.567968 0.536804 0.569314 0.535009 0.578735 0.535009
0 0.3607 0.473968 0.359354 0.475763 0.355316 0.475763 0.35397 0.477558 0.349933 0.477558 0.348587 0.479354 0.348587 0.481149 0.347241 0.482944 0.347241 0.48474 0.356662 0.48474 0.358008 0.482944 0.363392 0.482944 0.363392 0.481149 0.362046 0.479354 0.362046 0.477558 0.3607 0.475763
0 0.185734 0.454219 0.183042 0.45781 0.181696 0.45781 0.179004 0.4614 0.177658 0.4614 0.174966 0.464991 0.17362 0.464991 0.174966 0.466786 0.174966 0.468582 0.176312 0.470377 0.176312 0.472172 0.177658 0.473968 0.18035 0.470377 0.181696 0.470377 0.184388 0.466786 0.185734 0.466786 0.188425 0.463196 0.189771 0.463196 0.191117 0.4614
0 0.985195 0.436266 0.985195 0.438061 0.983849 0.439856 0.986541 0.443447 0.987887 0.441652 0.993271 0.441652 0.993271 0.438061 0.989233 0.438061 0.987887 0.436266
0 0.983849 0.425494 0.983849 0.427289 0.982503 0.429084 0.987887 0.429084 0.989233 0.427289 0.991925 0.427289 0.993271 0.425494 0.995962 0.425494
0 0.133244 0.317774 0.133244 0.319569 0.131898 0.321364 0.131898 0.32316 0.133244 0.324955 0.133244 0.32675 0.13459 0.328546 0.13459 0.332136 0.135935 0.333932 0.135935 0.335727 0.137281 0.335727 0.138627 0.337522 0.142665 0.332136 0.142665 0.330341 0.148048 0.32316 0.146703 0.321364 0.146703 0.319569 0.13459 0.319569
0 0.973082 0.263914 0.974428 0.265709 0.974428 0.267504 0.97712 0.271095 0.97712 0.27289 0.978466 0.274686 0.978466 0.276481 0.979812 0.278276 0.998654 0.278276 0.998654 0.271095 0.995962 0.267504 0.994616 0.267504 0.991925 0.263914
0 0.527591 0.256732 0.524899 0.260323 0.523553 0.260323 0.524899 0.262118 0.524899 0.263914 0.526245 0.265709 0.531629 0.265709 0.531629 0.258528 0.530283 0.256732
0 0.283984 0.254937 0.283984 0.256732 0.28533 0.258528 0.28533 0.262118 0.304172 0.262118 0.305518 0.263914 0.305518 0.254937
0 0.69852 0.245961 0.703903 0.253142 0.705249 0.251346 0.706595 0.251346 0.707941 0.249551 0.710633 0.249551 0.707941 0.245961
0 0.072678 0.240575 0.071332 0.24237 0.069987 0.24237 0.068641 0.244165 0.065949 0.244165 0.064603 0.245961 0.064603 0.247756 0.065949 0.249551 0.065949 0.253142 0.114401 0.253142 0.115747 0.251346 0.117093 0.251346 0.118439 0.249551 0.096904 0.249551 0.095559 0.247756 0.094213 0.247756 0.092867 0.245961 0.091521 0.245961 0.090175 0.244165 0.087483 0.244165 0.086137 0.24237 0.084791 0.24237 0.083445 0.240575
0 0.962315 0.222621 0.960969 0.224417 0.959623 0.224417 0.958277 0.226212 0.956931 0.226212 0.955585 0.228007 0.952894 0.228007 0.951548 0.229803 0.950202 0.229803 0.950202 0.235189 0.958277 0.235189 0.959623 0.236984 0.966353 0.236984 0.967699 0.238779 0.978466 0.238779 0.979812 0.236984 0.979812 0.235189 0.982503 0.231598 0.982503 0.229803 0.983849 0.228007 0.982503 0.228007 0.981157 0.226212 0.978466 0.226212 0.97712 0.224417 0.975774 0.224417 0.974428 0.222621
0 0.905787 0.21544 0.904441 0.217235 0.904441 0.219031 0.90175 0.222621 0.915209 0.222621 0.915209 0.21544
0 0.629879 0.204668 0.628533 0.206463 0.623149 0.206463 0.619112 0.211849 0.619112 0.213645 0.615074 0.219031 0.615074 0.224417 0.61642 0.226212 0.61642 0.229803 0.617766 0.231598 0.617766 0.233393 0.619112 0.235189 0.635262 0.235189 0.633917 0.233393 0.633917 0.231598 0.629879 0.226212 0.629879 0.224417 0.625841 0.219031 0.625841 0.217235 0.624495 0.21544 0.625841 0.213645 0.625841 0.211849 0.627187 0.210054 0.631225 0.21544 0.631225 0.217235 0.635262 0.222621 0.635262 0.224417 0.6393 0.229803 0.6393 0.231598 0.640646 0.233393 0.641992 0.231598 0.641992 0.229803 0.644684 0.226212 0.644684 0.213645 0.640646 0.208259 0.6393 0.208259 0.636608 0.204668
0 0.573351 0.201077 0.572005 0.202873 0.570659 0.202873 0.569314 0.204668 0.569314 0.210054 0.573351 0.210054 0.574697 0.211849 0.577389 0.211849 0.578735 0.213645 0.578735 0.206463 0.580081 0.204668 0.580081 0.201077
0 0.880215 0.193896 0.880215 0.199282 0.889637 0.199282 0.890983 0.201077 0.899058 0.201077 0.899058 0.199282 0.897712 0.197487 0.897712 0.193896
1 0.48183 0.982047 0.48183 0.985637 0.480485 0.987433 0.480485 0.994614 0.479139 0.996409 0.479139 0.998205 0.503365 0.998205 0.504711 0.996409 0.506057 0.996409 0.507402 0.994614 0.506057 0.992819 0.504711 0.992819 0.500673 0.987433 0.499327 0.987433 0.495289 0.982047
1 0.372813 0.929982 0.371467 0.931777 0.364738 0.931777 0.367429 0.935368 0.376851 0.935368 0.378197 0.937163 0.386272 0.937163 0.386272 0.931777 0.374159 0.931777
1 0.246299 0.917415 0.244953 0.91921 0.191117 0.91921 0.191117 0.921005 0.189771 0.922801 0.189771 0.924596 0.188425 0.926391 0.189771 0.924596 0.216689 0.924596 0.218035 0.922801 0.246299 0.922801
1 0.302826 0.904847 0.300135 0.908438 0.300135 0.910233 0.296097 0.915619 0.297443 0.917415 0.297443 0.91921 0.298789 0.921005 0.298789 0.922801 0.300135 0.924596 0.300135 0.926391 0.309556 0.926391 0.310902 0.924596 0.312248 0.924596 0.313594 0.922801 0.314939 0.922801 0.316285 0.921005 0.317631 0.921005 0.318977 0.91921 0.320323 0.91921 0.323015 0.915619 0.323015 0.913824 0.325707 0.910233 0.320323 0.910233 0.318977 0.908438 0.314939 0.908438 0.313594 0.906643 0.312248 0.908438 0.312248 0.910233 0.310902 0.912029 0.30821 0.912029 0.306864 0.910233 0.30821 0.908438 0.30821 0.906643 0.309556 0.904847
1 0.492598 0.895871 0.491252 0.897666 0.48856 0.897666 0.487214 0.899461 0.484522 0.899461 0.483176 0.901257 0.476447 0.901257 0.475101 0.903052 0.45895 0.903052 0.457604 0.904847 0.452221 0.904847 0.450875 0.906643 0.440108 0.906643 0.440108 0.910233 0.457604 0.910233 0.45895 0.912029 0.473755 0.912029 0.475101 0.913824 0.476447 0.912029 0.479139 0.912029 0.480485 0.910233 0.484522 0.910233 0.495289 0.895871
1 0.393001 0.89228 0.391655 0.894075 0.387618 0.894075 0.386272 0.895871 0.38358 0.895871 0.382234 0.897666 0.363392 0.897666 0.363392 0.901257 0.362046 0.903052 0.362046 0.904847 0.370121 0.904847 0.371467 0.906643 0.371467 0.912029 0.370121 0.913824 0.368775 0.913824 0.367429 0.912029 0.366083 0.912029 0.364738 0.910233 0.362046 0.910233 0.3607 0.908438 0.3607 0.913824 0.362046 0.913824 0.364738 0.917415 0.366083 0.917415 0.368775 0.921005 0.370121 0.91921 0.378197 0.91921 0.379542 0.917415 0.387618 0.917415 0.39031 0.913824 0.388964 0.912029 0.388964 0.910233 0.387618 0.908438 0.394347 0.899461 0.394347 0.897666 0.393001 0.895871
1 0.570659 0.840215 0.566622 0.845601 0.570659 0.850987 0.572005 0.849192 0.573351 0.849192 0.574697 0.847397 0.576043 0.847397
1 0.063257 0.836625 0.057873 0.843806 0.056528 0.843806 0.05249 0.849192 0.05249 0.850987 0.051144 0.852783 0.051144 0.854578 0.049798 0.856373 0.049798 0.858169 0.048452 0.859964 0.048452 0.861759 0.047106 0.863555 0.047106 0.86535 0.048452 0.86535 0.051144 0.868941 0.05249 0.868941 0.053836 0.870736 0.053836 0.868941 0.055182 0.867145 0.055182 0.861759 0.057873 0.858169 0.059219 0.858169 0.060565 0.859964 0.063257 0.859964 0.064603 0.861759 0.067295 0.861759 0.068641 0.863555 0.071332 0.863555 0.072678 0.86535 0.07537 0.86535 0.076716 0.867145 0.079408 0.867145 0.080754 0.868941 0.090175 0.868941 0.091521 0.870736 0.099596 0.870736 0.100942 0.872531 0.10498 0.867145 0.10498 0.86535 0.110363 0.858169 0.109017 0.858169 0.107672 0.856373 0.106326 0.856373 0.10498 0.854578 0.096904 0.86535 0.090175 0.86535 0.088829 0.863555 0.083445 0.863555 0.0821 0.861759 0.079408 0.861759 0.078062 0.859964 0.076716 0.859964 0.07537 0.858169 0.072678 0.858169 0.071332 0.856373 0.069987 0.856373 0.068641 0.854578 0.065949 0.854578 0.064603 0.852783 0.063257 0.852783 0.061911 0.850987 0.063257 0.849192 0.063257 0.847397 0.067295 0.842011 0.067295 0.840215 0.068641 0.83842 0.064603 0.83842
1 0.364738 0.816876 0.364738 0.822262 0.374159 0.822262 0.375505 0.824057 0.380888 0.824057 0.380888 0.822262 0.379542 0.820467 0.379542 0.818671 0.375505 0.818671 0.374159 0.816876
1 0.293405 0.804309 0.292059 0.806104 0.288022 0.806104 0.286676 0.807899 0.282638 0.807899 0.281292 0.809695 0.2786 0.809695 0.277254 0.81149 0.273217 0.81149 0.271871 0.813285 0.267833 0.813285 0.266487 0.815081 0.250336 0.815081 0.248991 0.816876 0.23284 0.816876 0.23284 0.822262 0.234186 0.820467 0.257066 0.820467 0.258412 0.818671 0.26245 0.818671 0.263795 0.816876 0.269179 0.816876 0.270525 0.815081 0.274563 0.815081 0.275908 0.813285 0.282638 0.813285 0.283984 0.815081 0.28533 0.815081 0.286676 0.816876 0.288022 0.816876 0.289367 0.818671 0.290713 0.818671 0.292059 0.820467 0.290713 0.822262 0.288022 0.822262 0.286676 0.824057 0.28533 0.824057 0.283984 0.825853 0.281292 0.825853 0.279946 0.827648 0.277254 0.827648 0.275908 0.829443 0.273217 0.829443 0.271871 0.831239 0.270525 0.831239 0.269179 0.833034 0.266487 0.833034 0.265141 0.834829 0.26245 0.834829 0.26245 0.83842 0.261104 0.840215 0.261104 0.842011 0.275908 0.842011 0.277254 0.843806 0.274563 0.847397 0.274563 0.849192 0.270525 0.854578 0.270525 0.856373 0.266487 0.861759 0.266487 0.863555 0.263795 0.867145 0.269179 0.867145 0.273217 0.861759 0.273217 0.859964 0.282638 0.847397 0.282638 0.845601 0.288022 0.83842 0.294751 0.83842 0.296097 0.836625 0.298789 0.836625 0.300135 0.834829 0.302826 0.834829 0.304172 0.833034 0.306864 0.833034 0.30821 0.831239 0.309556 0.831239 0.310902 0.829443 0.312248 0.829443 0.313594 0.827648 0.316285 0.827648 0.317631 0.825853 0.318977 0.825853 0.320323 0.824057 0.332436 0.824057 0.332436 0.816876 0.329744 0.816876 0.328398 0.815081 0.325707 0.815081 0.324361 0.813285 0.321669 0.813285 0.320323 0.81149 0.314939 0.81149 0.313594 0.809695 0.30821 0.809695 0.306864 0.807899 0.30148 0.807899 0.300135 0.806104 0.294751 0.806104
1 0.185734 0.789946 0.184388 0.791741 0.184388 0.793537 0.183042 0.795332 0.183042 0.797127 0.18035 0.800718 0.18035 0.802513 0.179004 0.804309 0.179004 0.806104 0.177658 0.807899 0.177658 0.809695 0.176312 0.81149 0.177658 0.81149 0.179004 0.813285 0.18035 0.813285 0.181696 0.815081 0.181696 0.822262 0.18035 0.824057 0.18035 0.829443 0.187079 0.829443 0.187079 0.820467 0.188425 0.818671 0.188425 0.809695 0.189771 0.807899 0.189771 0.806104 0.191117 0.804309 0.189771 0.802513 0.189771 0.800718 0.188425 0.798923 0.188425 0.797127 0.187079 0.795332 0.187079 0.793537 0.185734 0.791741
1 0.624495 0.770197 0.623149 0.771993 0.619112 0.771993 0.617766 0.773788 0.613728 0.773788 0.612382 0.775583 0.608345 0.775583 0.606999 0.777379 0.602961 0.777379 0.601615 0.779174 0.597577 0.779174 0.600269 0.782765 0.601615 0.780969 0.605653 0.780969 0.606999 0.779174 0.611036 0.779174 0.612382 0.777379 0.61642 0.777379 0.617766 0.775583 0.621803 0.775583 0.623149 0.773788 0.627187 0.773788
1 0.177658 0.770197 0.176312 0.771993 0.172275 0.771993 0.170929 0.773788 0.169583 0.773788 0.169583 0.775583 0.168237 0.777379 0.168237 0.780969 0.169583 0.779174 0.172275 0.779174 0.17362 0.777379 0.174966 0.777379 0.176312 0.775583 0.179004 0.775583 0.18035 0.773788 0.18035 0.771993 0.181696 0.770197
1 0.288022 0.759425 0.286676 0.761221 0.25572 0.761221 0.254374 0.763016 0.250336 0.763016 0.248991 0.764811 0.246299 0.764811 0.244953 0.766607 0.240915 0.766607 0.239569 0.768402 0.235532 0.768402 0.234186 0.770197 0.230148 0.770197 0.228802 0.771993 0.224764 0.771993 0.223419 0.773788 0.219381 0.773788 0.218035 0.775583 0.213997 0.775583 0.213997 0.779174 0.215343 0.777379 0.224764 0.777379 0.22611 0.779174 0.223419 0.782765 0.224764 0.782765 0.22611 0.78456 0.227456 0.782765 0.228802 0.782765 0.231494 0.779174 0.23284 0.779174 0.235532 0.775583 0.240915 0.775583 0.242261 0.773788 0.246299 0.773788 0.247645 0.771993 0.265141 0.771993 0.266487 0.773788 0.270525 0.768402 0.271871 0.768402 0.274563 0.764811 0.288022 0.764811
1 0.752355 0.725314 0.751009 0.72711 0.722746 0.72711 0.7214 0.728905 0.717362 0.728905 0.716016 0.7307 0.711978 0.7307 0.711978 0.734291 0.713324 0.736086 0.713324 0.739677 0.71467 0.739677 0.716016 0.741472 0.718708 0.741472 0.720054 0.743268 0.7214 0.743268 0.722746 0.745063 0.724092 0.743268 0.734859 0.743268 0.736205 0.741472 0.746972 0.741472 0.748318 0.743268 0.748318 0.750449 0.746972 0.752244 0.724092 0.752244 0.724092 0.75763 0.746972 0.75763 0.748318 0.755835 0.749664 0.755835 0.751009 0.754039 0.752355 0.754039 0.753701 0.752244 0.760431 0.752244 0.761777 0.750449 0.768506 0.750449 0.769852 0.748654 0.776581 0.748654 0.776581 0.745063 0.775236 0.743268 0.775236 0.737882 0.77389 0.737882 0.772544 0.736086 0.769852 0.736086 0.768506 0.734291 0.76716 0.734291 0.765814 0.732496 0.763122 0.732496 0.761777 0.7307 0.760431 0.7307 0.759085 0.728905 0.756393 0.728905 0.755047 0.72711 0.753701 0.72711
1 0.351279 0.684022 0.349933 0.685817 0.345895 0.685817 0.344549 0.687612 0.341857 0.687612 0.340511 0.689408 0.336474 0.689408 0.33782 0.689408 0.339166 0.691203 0.340511 0.691203 0.343203 0.694794 0.344549 0.694794 0.345895 0.696589 0.347241 0.696589 0.348587 0.698384 0.349933 0.698384 0.351279 0.70018 0.352624 0.70018 0.355316 0.70377 0.356662 0.70377 0.358008 0.705566 0.359354 0.705566 0.3607 0.707361 0.362046 0.707361 0.364738 0.710952 0.366083 0.710952 0.367429 0.712747 0.368775 0.712747 0.370121 0.714542 0.368775 0.716338 0.367429 0.716338 0.366083 0.718133 0.364738 0.718133 0.363392 0.719928 0.362046 0.719928 0.3607 0.721724 0.359354 0.721724 0.358008 0.723519 0.356662 0.723519 0.355316 0.725314 0.35397 0.725314 0.35397 0.72711 0.355316 0.728905 0.355316 0.7307 0.356662 0.728905 0.3607 0.728905 0.362046 0.72711 0.366083 0.72711 0.367429 0.725314 0.371467 0.725314 0.372813 0.723519 0.376851 0.723519 0.378197 0.721724 0.382234 0.721724 0.382234 0.718133 0.38358 0.716338 0.38358 0.712747 0.372813 0.712747
1 0.263795 0.682226 0.26245 0.684022 0.259758 0.684022 0.258412 0.685817 0.257066 0.685817 0.25572 0.687612 0.253028 0.687612 0.251682 0.689408 0.248991 0.689408 0.247645 0.691203 0.246299 0.691203 0.244953 0.692998 0.239569 0.692998 0.238223 0.691203 0.236878 0.691203 0.235532 0.689408 0.23284 0.689408 0.231494 0.687612 0.231494 0.696589 0.23284 0.698384 0.23284 0.709156 0.235532 0.712747 0.235532 0.714542 0.236878 0.716338 0.238223 0.714542 0.239569 0.714542 0.240915 0.712747 0.242261 0.712747 0.243607 0.710952 0.244953 0.710952 0.246299 0.709156 0.247645 0.709156 0.248991 0.707361 0.251682 0.707361 0.253028 0.705566 0.254374 0.705566 0.25572 0.70377 0.257066 0.70377 0.258412 0.701975 0.259758 0.701975 0.261104 0.70018 0.26245 0.70018 0.26245 0.691203 0.263795 0.689408
1 0.02961 0.682226 0.028264 0.684022 0.026918 0.684022 0.025572 0.685817 0.024226 0.685817 0.02288 0.687612 0.021534 0.687612 0.020188 0.689408 0.018843 0.689408 0.017497 0.691203 0.016151 0.691203 0.014805 0.692998 0.013459 0.692998 0.012113 0.694794 0.012113 0.696589 0.010767 0.698384 0.010767 0.70018 0.009421 0.701975 0.008075 0.701975 0.006729 0.70018 0.004038 0.70018 0.002692 0.698384 0.001346 0.698384 0.0 0.696589 0.0 0.719928 0.001346 0.718133 0.018843 0.718133 0.018843 0.705566 0.017497 0.70377 0.016151 0.70377 0.013459 0.70018 0.014805 0.698384 0.016151 0.698384 0.017497 0.696589 0.018843 0.696589 0.020188 0.694794 0.021534 0.694794 0.02288 0.692998 0.025572 0.692998 0.026918 0.691203 0.028264 0.691203 0.02961 0.689408 0.030956 0.689408 0.030956 0.687612 0.02961 0.685817
1 0.944818 0.642729 0.943472 0.644524 0.936743 0.644524 0.935397 0.64632 0.930013 0.64632 0.928668 0.648115 0.921938 0.648115 0.927322 0.655296 0.928668 0.653501 0.932705 0.653501 0.934051 0.651706 0.938089 0.651706 0.939435 0.64991 0.943472 0.64991 0.944818 0.651706 0.944818 0.653501 0.946164 0.655296 0.946164 0.657092 0.944818 0.658887 0.936743 0.658887 0.934051 0.662478 0.936743 0.662478 0.938089 0.664273 0.940781 0.664273 0.942127 0.666068 0.943472 0.664273 0.95424 0.664273 0.955585 0.662478 0.966353 0.662478 0.966353 0.660682 0.965007 0.658887 0.965007 0.655296 0.963661 0.657092 0.95424 0.657092 0.948856 0.64991 0.948856 0.648115
1 0.393001 0.59246 0.391655 0.594255 0.384926 0.594255 0.38358 0.59605 0.379542 0.59605 0.378197 0.597846 0.374159 0.597846 0.372813 0.599641 0.367429 0.599641 0.366083 0.601436 0.362046 0.601436 0.363392 0.603232 0.363392 0.605027 0.364738 0.603232 0.368775 0.603232 0.370121 0.601436 0.374159 0.601436 0.375505 0.599641 0.380888 0.599641 0.382234 0.597846 0.386272 0.597846 0.387618 0.59605 0.393001 0.59605
1 0.26245 0.587074 0.261104 0.588869 0.258412 0.588869 0.257066 0.590664 0.254374 0.590664 0.253028 0.59246 0.248991 0.59246 0.247645 0.594255 0.244953 0.594255 0.243607 0.59605 0.235532 0.59605 0.234186 0.597846 0.22611 0.597846 0.224764 0.599641 0.201884 0.599641 0.200538 0.601436 0.196501 0.601436 0.195155 0.603232 0.192463 0.603232 0.191117 0.605027 0.187079 0.605027 0.185734 0.606822 0.181696 0.606822 0.184388 0.606822 0.185734 0.608618 0.188425 0.608618 0.189771 0.610413 0.191117 0.608618 0.195155 0.608618 0.196501 0.606822 0.201884 0.606822 0.20323 0.605027 0.20996 0.605027 0.211306 0.606822 0.213997 0.606822 0.215343 0.608618 0.218035 0.608618 0.219381 0.610413 0.220727 0.608618 0.227456 0.608618 0.228802 0.606822 0.235532 0.606822 0.236878 0.605027 0.239569 0.605027 0.240915 0.603232 0.242261 0.603232 0.243607 0.601436 0.246299 0.601436 0.247645 0.599641 0.250336 0.599641 0.251682 0.597846 0.254374 0.597846 0.25572 0.59605 0.257066 0.59605 0.258412 0.594255 0.261104 0.594255 0.26245 0.59246 0.265141 0.59246 0.263795 0.590664 0.263795 0.588869
1 0.123822 0.56553 0.122476 0.567325 0.115747 0.567325 0.114401 0.56912 0.113055 0.56912 0.111709 0.570916 0.109017 0.570916 0.107672 0.572711 0.106326 0.572711 0.102288 0.578097 0.100942 0.578097 0.09825 0.581688 0.090175 0.581688 0.086137 0.587074 0.084791 0.587074 0.0821 0.590664 0.0821 0.59246 0.079408 0.59605 0.072678 0.59605 0.071332 0.597846 0.069987 0.597846 0.068641 0.599641 0.065949 0.599641 0.064603 0.601436 0.063257 0.601436 0.060565 0.605027 0.059219 0.605027 0.057873 0.606822 0.048452 0.606822 0.047106 0.608618 0.037685 0.608618 0.036339 0.610413 0.024226 0.610413 0.02288 0.612208 0.021534 0.612208 0.020188 0.614004 0.017497 0.614004 0.016151 0.615799 0.014805 0.615799 0.013459 0.617594 0.010767 0.617594 0.012113 0.61939 0.012113 0.621185 0.013459 0.62298 0.013459 0.626571 0.012113 0.628366 0.012113 0.630162 0.009421 0.633752 0.008075 0.633752 0.006729 0.635548 0.005384 0.635548 0.005384 0.637343 0.004038 0.639138 0.004038 0.642729 0.002692 0.644524 0.002692 0.64632 0.001346 0.648115 0.001346 0.651706 0.0 0.653501 0.0 0.667864 0.001346 0.666068 0.001346 0.664273 0.005384 0.658887 0.005384 0.657092 0.008075 0.653501 0.008075 0.651706 0.009421 0.64991 0.009421 0.648115 0.010767 0.64632 0.010767 0.642729 0.012113 0.640934 0.012113 0.639138 0.016151 0.633752 0.017497 0.633752 0.017497 0.631957 0.018843 0.630162 0.018843 0.628366 0.020188 0.626571 0.020188 0.624776 0.02288 0.621185 0.025572 0.621185 0.028264 0.624776 0.028264 0.626571 0.02961 0.628366 0.030956 0.626571 0.034993 0.626571 0.034993 0.615799 0.036339 0.614004 0.040377 0.614004 0.041723 0.612208 0.04576 0.612208 0.047106 0.610413 0.051144 0.610413 0.05249 0.608618 0.056528 0.608618 0.057873 0.606822 0.063257 0.606822 0.064603 0.605027 0.065949 0.605027 0.067295 0.603232 0.068641 0.603232 0.069987 0.601436 0.071332 0.601436 0.072678 0.599641 0.078062 0.599641 0.079408 0.601436 0.083445 0.59605 0.084791 0.59605 0.087483 0.59246 0.092867 0.599641 0.099596 0.599641 0.100942 0.601436 0.102288 0.599641 0.10498 0.599641 0.103634 0.597846 0.102288 0.597846 0.099596 0.594255 0.100942 0.59246 0.102288 0.59246 0.10498 0.588869 0.106326 0.588869 0.107672 0.587074 0.109017 0.587074 0.110363 0.585278 0.111709 0.585278 0.113055 0.583483 0.115747 0.583483 0.117093 0.581688 0.118439 0.581688 0.118439 0.578097 0.117093 0.576302 0.117093 0.572711 0.118439 0.570916 0.119785 0.570916 0.121131 0.56912 0.123822 0.56912
1 0.779273 0.526032 0.776581 0.529623 0.77389 0.529623 0.772544 0.531418 0.776581 0.531418 0.777927 0.533214 0.780619 0.533214 0.781965 0.535009 0.784657 0.531418 0.786003 0.531418 0.787349 0.529623 0.786003 0.527828 0.780619 0.527828
1 0.448183 0.51526 0.446837 0.517056 0.442799 0.517056 0.442799 0.520646 0.441454 0.522442 0.440108 0.522442 0.441454 0.524237 0.441454 0.526032 0.446837 0.526032 0.450875 0.520646 0.449529 0.518851 0.449529 0.517056
1 0.864065 0.493716 0.862719 0.495512 0.860027 0.495512 0.858681 0.497307 0.855989 0.497307 0.854643 0.499102 0.854643 0.500898 0.850606 0.506284 0.846568 0.506284 0.845222 0.508079 0.834455 0.508079 0.833109 0.506284 0.82638 0.506284 0.825034 0.504488 0.825034 0.509874 0.823688 0.51167 0.823688 0.517056 0.825034 0.51526 0.833109 0.51526 0.834455 0.513465 0.843876 0.513465 0.845222 0.51167 0.846568 0.51167 0.847914 0.509874 0.850606 0.509874 0.851952 0.508079 0.853297 0.508079 0.854643 0.506284 0.855989 0.506284 0.858681 0.509874 0.858681 0.51167 0.860027 0.513465 0.860027 0.51526 0.858681 0.517056 0.857335 0.517056 0.855989 0.518851 0.853297 0.518851 0.853297 0.524237 0.851952 0.526032 0.851952 0.529623 0.853297 0.531418 0.853297 0.533214 0.854643 0.535009 0.854643 0.536804 0.855989 0.5386 0.855989 0.540395 0.857335 0.5386 0.86541 0.5386 0.864065 0.536804 0.862719 0.536804 0.858681 0.531418 0.858681 0.529623 0.857335 0.527828 0.857335 0.524237 0.858681 0.522442 0.862719 0.522442 0.864065 0.520646 0.868102 0.520646 0.869448 0.518851 0.873486 0.518851 0.87214 0.517056 0.870794 0.517056 0.866756 0.51167 0.86541 0.51167 0.862719 0.508079 0.86541 0.504488 0.866756 0.504488 0.869448 0.500898 0.870794 0.500898 0.869448 0.499102 0.868102 0.499102
1 0.675639 0.490126 0.674293 0.491921 0.674293 0.493716 0.671602 0.497307 0.676985 0.504488 0.676985 0.506284 0.675639 0.508079 0.675639 0.509874 0.674293 0.51167 0.674293 0.513465 0.672948 0.51526 0.670256 0.51526 0.66891 0.517056 0.666218 0.517056 0.664872 0.518851 0.66218 0.518851 0.655451 0.527828 0.659489 0.527828 0.660834 0.529623 0.664872 0.529623 0.666218 0.531418 0.674293 0.531418 0.675639 0.533214 0.683715 0.533214 0.685061 0.535009 0.697174 0.535009 0.69852 0.533214 0.701211 0.533214 0.702557 0.531418 0.705249 0.531418 0.706595 0.529623 0.706595 0.527828 0.709287 0.524237 0.709287 0.522442 0.710633 0.520646 0.709287 0.520646 0.706595 0.517056 0.705249 0.517056 0.702557 0.513465 0.701211 0.513465 0.699865 0.51167 0.689098 0.51167 0.686406 0.508079 0.686406 0.506284 0.685061 0.504488 0.685061 0.502693 0.683715 0.500898 0.683715 0.499102 0.681023 0.495512 0.679677 0.495512
1 0.126514 0.486535 0.126514 0.48833 0.12786 0.490126 0.12786 0.491921 0.129206 0.493716 0.129206 0.495512 0.130552 0.493716 0.138627 0.493716 0.139973 0.495512 0.138627 0.497307 0.138627 0.499102 0.141319 0.502693 0.141319 0.504488 0.144011 0.508079 0.142665 0.509874 0.141319 0.509874 0.139973 0.51167 0.137281 0.51167 0.135935 0.513465 0.13459 0.513465 0.133244 0.51526 0.130552 0.51526 0.129206 0.517056 0.12786 0.517056 0.126514 0.518851 0.125168 0.518851 0.123822 0.520646 0.121131 0.520646 0.119785 0.522442 0.118439 0.522442 0.117093 0.524237 0.115747 0.524237 0.114401 0.526032 0.111709 0.526032 0.110363 0.527828 0.109017 0.527828 0.109017 0.529623 0.107672 0.531418 0.107672 0.533214 0.106326 0.535009 0.106326 0.536804 0.10498 0.5386 0.10498 0.540395 0.103634 0.54219 0.103634 0.543986 0.10498 0.543986 0.107672 0.547576 0.110363 0.543986 0.111709 0.543986 0.114401 0.540395 0.115747 0.540395 0.12786 0.524237 0.130552 0.524237 0.131898 0.522442 0.133244 0.522442 0.13459 0.520646 0.137281 0.520646 0.138627 0.518851 0.141319 0.518851 0.142665 0.517056 0.144011 0.517056 0.145357 0.51526 0.154778 0.51526 0.156124 0.517056 0.162853 0.517056 0.164199 0.518851 0.170929 0.518851 0.172275 0.520646 0.17362 0.518851 0.17362 0.517056 0.174966 0.51526 0.168237 0.51526 0.166891 0.513465 0.161507 0.513465 0.158816 0.509874 0.158816 0.508079 0.156124 0.504488 0.156124 0.502693 0.153432 0.499102 0.152086 0.499102 0.148048 0.493716 0.149394 0.491921 0.161507 0.491921 0.161507 0.486535
1 0.345895 0.48474 0.343203 0.48833 0.341857 0.48833 0.339166 0.491921 0.327052 0.491921 0.325707 0.490126 0.324361 0.491921 0.314939 0.491921 0.313594 0.493716 0.298789 0.493716 0.298789 0.495512 0.297443 0.497307 0.297443 0.499102 0.306864 0.499102 0.30821 0.500898 0.316285 0.500898 0.317631 0.502693 0.320323 0.502693 0.321669 0.504488 0.324361 0.504488 0.325707 0.506284 0.328398 0.506284 0.329744 0.508079 0.332436 0.508079 0.333782 0.509874 0.335128 0.508079 0.335128 0.506284 0.336474 0.504488 0.336474 0.502693 0.33782 0.500898 0.33782 0.499102 0.340511 0.495512 0.347241 0.495512 0.348587 0.493716 0.355316 0.493716 0.352624 0.490126 0.352624 0.48833 0.351279 0.486535 0.347241 0.486535
1 0.053836 0.475763 0.05249 0.477558 0.044415 0.477558 0.044415 0.48833 0.055182 0.48833 0.055182 0.482944 0.053836 0.481149
1 0.960969 0.468582 0.959623 0.470377 0.94751 0.470377 0.94751 0.473968 0.948856 0.475763 0.948856 0.481149 0.94751 0.482944 0.939435 0.482944 0.938089 0.481149 0.938089 0.479354 0.936743 0.477558 0.936743 0.475763 0.935397 0.473968 0.935397 0.472172 0.934051 0.473968 0.931359 0.473968 0.930013 0.475763 0.927322 0.475763 0.925976 0.477558 0.923284 0.477558 0.921938 0.479354 0.913863 0.479354 0.912517 0.481149 0.904441 0.481149 0.903096 0.482944 0.890983 0.482944 0.889637 0.481149 0.886945 0.481149 0.885599 0.479354 0.881561 0.479354 0.880215 0.477558 0.878869 0.479354 0.878869 0.481149 0.877524 0.482944 0.878869 0.482944 0.880215 0.48474 0.881561 0.48474 0.882907 0.486535 0.881561 0.48833 0.881561 0.490126 0.878869 0.493716 0.886945 0.493716 0.888291 0.495512 0.889637 0.493716 0.892328 0.493716 0.893674 0.491921 0.89502 0.491921 0.896366 0.490126 0.899058 0.490126 0.900404 0.48833 0.936743 0.48833 0.938089 0.490126 0.942127 0.490126 0.943472 0.491921 0.94751 0.491921 0.948856 0.493716 0.952894 0.493716 0.95424 0.495512 0.959623 0.495512 0.960969 0.497307 0.965007 0.497307 0.966353 0.499102 0.97039 0.499102 0.971736 0.500898 0.975774 0.500898 0.97712 0.502693 0.981157 0.502693 0.982503 0.504488 0.982503 0.502693 0.983849 0.500898 0.983849 0.495512 0.985195 0.493716 0.985195 0.490126 0.986541 0.48833 0.986541 0.486535 0.981157 0.486535 0.979812 0.48474 0.974428 0.48474 0.973082 0.482944 0.965007 0.493716 0.963661 0.493716 0.962315 0.491921 0.960969 0.491921 0.959623 0.490126 0.958277 0.490126 0.956931 0.48833 0.955585 0.48833 0.95424 0.486535 0.952894 0.486535 0.951548 0.48474 0.952894 0.482944 0.95424 0.482944 0.955585 0.481149 0.956931 0.481149 0.959623 0.477558 0.960969 0.477558 0.962315 0.475763 0.963661 0.475763 0.965007 0.473968 0.966353 0.473968 0.965007 0.472172 0.963661 0.472172
1 0.612382 0.45781 0.611036 0.459605 0.604307 0.459605 0.604307 0.463196 0.605653 0.464991 0.605653 0.475763 0.606999 0.477558 0.606999 0.482944 0.608345 0.481149 0.612382 0.481149 0.613728 0.479354 0.619112 0.479354 0.612382 0.470377 0.613728 0.468582 0.613728 0.466786 0.615074 0.464991 0.613728 0.463196 0.613728 0.4614 0.612382 0.459605
1 0.851952 0.447038 0.845222 0.456014 0.831763 0.456014 0.831763 0.464991 0.841184 0.464991 0.84253 0.466786 0.84926 0.45781 0.868102 0.45781 0.869448 0.456014 0.888291 0.456014 0.889637 0.45781 0.888291 0.459605 0.888291 0.4614 0.892328 0.4614 0.893674 0.463196 0.897712 0.463196 0.899058 0.464991 0.899058 0.45781 0.900404 0.456014 0.969044 0.456014 0.97039 0.45781 0.973082 0.45781 0.974428 0.459605 0.975774 0.459605 0.97712 0.4614 0.979812 0.4614 0.981157 0.463196 0.989233 0.463196 0.990579 0.464991 0.998654 0.464991 0.998654 0.454219 0.982503 0.454219 0.981157 0.452424 0.946164 0.452424 0.944818 0.450628 0.909825 0.450628 0.908479 0.448833 0.907133 0.450628 0.868102 0.450628 0.866756 0.448833 0.864065 0.448833 0.862719 0.447038
1 0.422611 0.445242 0.417227 0.452424 0.418573 0.452424 0.421265 0.456014 0.422611 0.456014 0.423957 0.45781 0.425303 0.45781 0.427995 0.4614 0.429341 0.4614 0.432032 0.464991 0.433378 0.464991 0.434724 0.466786 0.43607 0.464991 0.446837 0.464991 0.445491 0.463196 0.445491 0.4614 0.438762 0.4614 0.437416 0.459605 0.43607 0.459605 0.432032 0.454219 0.430686 0.454219 0.426649 0.448833 0.425303 0.448833
1 0.625841 0.443447 0.623149 0.447038 0.621803 0.447038 0.620458 0.448833 0.624495 0.454219 0.624495 0.456014 0.631225 0.464991 0.631225 0.466786 0.633917 0.470377 0.6393 0.470377 0.640646 0.472172 0.64603 0.472172 0.647376 0.473968 0.652759 0.473968 0.654105 0.475763 0.660834 0.466786 0.66218 0.466786 0.667564 0.459605 0.647376 0.459605 0.641992 0.452424 0.643338 0.450628 0.654105 0.450628 0.655451 0.452424 0.655451 0.447038 0.647376 0.447038 0.64603 0.445242 0.6393 0.445242 0.637954 0.443447
1 0.253028 0.441652 0.248991 0.447038 0.243607 0.447038 0.242261 0.448833 0.236878 0.448833 0.235532 0.450628 0.230148 0.450628 0.228802 0.448833 0.227456 0.448833 0.224764 0.445242 0.224764 0.447038 0.222073 0.450628 0.220727 0.450628 0.218035 0.454219 0.216689 0.454219 0.215343 0.456014 0.213997 0.456014 0.211306 0.459605 0.20996 0.459605 0.211306 0.4614 0.211306 0.463196 0.212651 0.4614 0.213997 0.4614 0.215343 0.459605 0.216689 0.459605 0.218035 0.45781 0.219381 0.45781 0.220727 0.456014 0.222073 0.456014 0.223419 0.454219 0.224764 0.454219 0.22611 0.452424 0.242261 0.452424 0.243607 0.450628 0.248991 0.450628 0.250336 0.448833 0.25572 0.448833 0.254374 0.447038 0.254374 0.445242 0.253028 0.443447
1 0.13459 0.429084 0.12786 0.438061 0.130552 0.441652 0.130552 0.443447 0.131898 0.445242 0.130552 0.447038 0.12786 0.447038 0.126514 0.448833 0.125168 0.448833 0.123822 0.450628 0.121131 0.450628 0.119785 0.452424 0.118439 0.452424 0.117093 0.454219 0.114401 0.454219 0.113055 0.456014 0.111709 0.456014 0.110363 0.45781 0.107672 0.45781 0.109017 0.459605 0.109017 0.4614 0.110363 0.463196 0.111709 0.4614 0.117093 0.4614 0.118439 0.459605 0.125168 0.459605 0.126514 0.45781 0.131898 0.45781 0.133244 0.456014 0.139973 0.456014 0.141319 0.454219 0.142665 0.454219 0.144011 0.452424 0.145357 0.452424 0.146703 0.450628 0.149394 0.450628 0.15074 0.448833 0.152086 0.448833 0.154778 0.445242 0.154778 0.443447 0.15747 0.439856 0.15747 0.436266 0.156124 0.43447 0.156124 0.429084 0.154778 0.43088 0.153432 0.43088 0.152086 0.432675 0.15074 0.432675 0.149394 0.43447 0.148048 0.43447 0.145357 0.438061 0.144011 0.438061 0.142665 0.439856 0.141319 0.438061 0.141319 0.436266 0.144011 0.432675 0.139973 0.432675 0.138627 0.43088 0.135935 0.43088
1 0.71467 0.425494 0.713324 0.427289 0.686406 0.427289 0.685061 0.429084 0.658143 0.429084 0.658143 0.438061 0.659489 0.436266 0.66891 0.436266 0.670256 0.43447 0.679677 0.43447 0.681023 0.432675 0.689098 0.432675 0.690444 0.43447 0.690444 0.438061 0.686406 0.443447 0.690444 0.443447 0.69179 0.445242 0.694482 0.445242 0.695828 0.447038 0.699865 0.447038 0.701211 0.448833 0.703903 0.448833 0.705249 0.450628 0.709287 0.450628 0.710633 0.452424 0.706595 0.45781 0.701211 0.45781 0.699865 0.456014 0.694482 0.456014 0.693136 0.454219 0.687752 0.454219 0.686406 0.452424 0.681023 0.452424 0.679677 0.450628 0.679677 0.452424 0.678331 0.454219 0.678331 0.45781 0.676985 0.459605 0.676985 0.463196 0.675639 0.464991 0.675639 0.466786 0.71467 0.466786 0.716016 0.464991 0.716016 0.463196 0.718708 0.459605 0.718708 0.45781 0.720054 0.456014 0.717362 0.452424 0.717362 0.450628 0.716016 0.448833 0.713324 0.448833 0.711978 0.447038 0.709287 0.447038 0.707941 0.445242 0.703903 0.445242 0.702557 0.443447 0.699865 0.443447 0.69852 0.441652 0.695828 0.441652 0.694482 0.439856 0.694482 0.43447 0.695828 0.432675 0.703903 0.432675 0.705249 0.43447 0.71467 0.43447 0.716016 0.436266 0.717362 0.43447 0.728129 0.43447 0.728129 0.43088 0.726783 0.432675 0.718708 0.432675 0.716016 0.429084 0.716016 0.427289
1 0.425303 0.414722 0.425303 0.416517 0.423957 0.418312 0.423957 0.420108 0.452221 0.420108 0.453567 0.421903 0.480485 0.421903 0.48183 0.423698 0.489906 0.423698 0.491252 0.425494 0.500673 0.425494 0.502019 0.427289 0.510094 0.427289 0.51144 0.429084 0.519515 0.429084 0.520861 0.43088 0.519515 0.432675 0.515478 0.432675 0.514132 0.43447 0.51144 0.43447 0.510094 0.436266 0.506057 0.436266 0.504711 0.438061 0.500673 0.438061 0.499327 0.439856 0.496635 0.439856 0.495289 0.441652 0.491252 0.441652 0.489906 0.443447 0.483176 0.443447 0.48183 0.445242 0.476447 0.445242 0.475101 0.447038 0.468371 0.447038 0.467026 0.448833 0.460296 0.448833 0.460296 0.450628 0.461642 0.452424 0.461642 0.454219 0.462988 0.452424 0.469717 0.452424 0.471063 0.450628 0.479139 0.450628 0.480485 0.448833 0.487214 0.448833 0.48856 0.447038 0.496635 0.447038 0.497981 0.445242 0.504711 0.445242 0.506057 0.443447 0.514132 0.443447 0.515478 0.441652 0.522207 0.441652 0.523553 0.439856 0.532974 0.439856 0.53432 0.438061 0.545087 0.438061 0.546433 0.436266 0.555855 0.436266 0.557201 0.43447 0.567968 0.43447 0.567968 0.425494 0.566622 0.427289 0.554509 0.427289 0.553163 0.429084 0.535666 0.429084 0.53432 0.427289 0.530283 0.427289 0.528937 0.425494 0.524899 0.425494 0.523553 0.423698 0.519515 0.423698 0.51817 0.421903 0.508748 0.421903 0.507402 0.420108 0.499327 0.420108 0.497981 0.418312 0.48856 0.418312 0.487214 0.416517 0.479139 0.416517 0.477793 0.414722
1 0.73755 0.40395 0.73755 0.412926 0.740242 0.412926 0.741588 0.414722 0.742934 0.414722 0.74428 0.416517 0.746972 0.416517 0.748318 0.418312 0.749664 0.418312 0.751009 0.420108 0.753701 0.420108 0.755047 0.421903 0.757739 0.421903 0.759085 0.423698 0.761777 0.423698 0.763122 0.425494 0.765814 0.425494 0.76716 0.427289 0.768506 0.425494 0.776581 0.425494 0.779273 0.421903 0.76716 0.421903 0.765814 0.420108 0.763122 0.420108 0.761777 0.418312 0.759085 0.418312 0.757739 0.416517 0.755047 0.416517 0.748318 0.40754 0.74428 0.40754 0.742934 0.405745 0.738896 0.405745
1 0.768506 0.393178 0.768506 0.398564 0.79677 0.398564 0.800808 0.40395 0.802153 0.40395 0.807537 0.411131 0.808883 0.409336 0.81965 0.409336 0.820996 0.40754 0.833109 0.40754 0.838493 0.400359 0.839838 0.400359 0.84253 0.396768 0.835801 0.396768 0.834455 0.394973 0.829071 0.394973 0.827725 0.393178 0.82638 0.394973 0.82638 0.396768 0.823688 0.400359 0.823688 0.402154 0.820996 0.405745 0.810229 0.405745 0.807537 0.402154 0.806191 0.402154 0.800808 0.394973 0.769852 0.394973
1 0.363392 0.375224 0.363392 0.37702 0.3607 0.38061 0.35397 0.38061 0.35397 0.382406 0.352624 0.384201 0.352624 0.387792 0.351279 0.389587 0.351279 0.391382 0.378197 0.391382 0.379542 0.393178 0.40646 0.393178 0.407806 0.394973 0.40646 0.396768 0.401077 0.396768 0.399731 0.398564 0.395693 0.398564 0.394347 0.400359 0.393001 0.400359 0.391655 0.402154 0.39031 0.402154 0.388964 0.40395 0.386272 0.40395 0.384926 0.405745 0.38358 0.405745 0.382234 0.40754 0.366083 0.40754 0.364738 0.405745 0.363392 0.405745 0.359354 0.400359 0.358008 0.402154 0.352624 0.402154 0.358008 0.409336 0.366083 0.409336 0.367429 0.411131 0.374159 0.411131 0.375505 0.412926 0.38358 0.412926 0.384926 0.414722 0.391655 0.414722 0.393001 0.416517 0.393001 0.412926 0.394347 0.411131 0.394347 0.40754 0.395693 0.405745 0.398385 0.405745 0.399731 0.40395 0.402423 0.40395 0.403769 0.402154 0.40646 0.402154 0.407806 0.400359 0.410498 0.400359 0.411844 0.398564 0.414536 0.398564 0.415882 0.396768 0.426649 0.396768 0.427995 0.394973 0.440108 0.394973 0.440108 0.393178 0.441454 0.391382 0.441454 0.389587 0.425303 0.389587 0.423957 0.387792 0.421265 0.387792 0.419919 0.385996 0.418573 0.385996 0.417227 0.384201 0.414536 0.384201 0.41319 0.382406 0.411844 0.384201 0.384926 0.384201 0.38358 0.382406 0.379542 0.382406 0.378197 0.38061 0.372813 0.38061 0.371467 0.378815 0.370121 0.378815 0.367429 0.375224
1 0.472409 0.366248 0.472409 0.373429 0.473755 0.371634 0.476447 0.371634 0.477793 0.373429 0.477793 0.375224 0.475101 0.378815 0.476447 0.37702 0.502019 0.37702 0.503365 0.378815 0.500673 0.382406 0.499327 0.382406 0.500673 0.382406 0.502019 0.384201 0.504711 0.384201 0.506057 0.385996 0.507402 0.385996 0.508748 0.387792 0.510094 0.385996 0.51144 0.385996 0.512786 0.384201 0.514132 0.384201 0.515478 0.382406 0.516824 0.382406 0.51817 0.38061 0.519515 0.38061 0.520861 0.378815 0.576043 0.378815 0.576043 0.375224 0.565276 0.375224 0.56393 0.373429 0.565276 0.371634 0.566622 0.371634 0.567968 0.369838 0.570659 0.369838 0.559892 0.369838 0.558546 0.368043 0.557201 0.369838 0.555855 0.369838 0.554509 0.371634 0.526245 0.371634 0.524899 0.369838 0.500673 0.369838 0.499327 0.368043 0.473755 0.368043
1 0.071332 0.357271 0.069987 0.359066 0.048452 0.359066 0.047106 0.360862 0.04576 0.360862 0.044415 0.362657 0.041723 0.362657 0.040377 0.364452 0.039031 0.364452 0.043069 0.364452 0.044415 0.366248 0.051144 0.366248 0.05249 0.364452 0.064603 0.364452 0.065949 0.362657 0.07537 0.362657 0.078062 0.359066 0.079408 0.359066 0.078062 0.359066 0.076716 0.357271
1 0.234186 0.35368 0.23284 0.355476 0.231494 0.355476 0.230148 0.357271 0.228802 0.357271 0.228802 0.360862 0.230148 0.362657 0.230148 0.371634 0.231494 0.373429 0.231494 0.378815 0.230148 0.38061 0.22611 0.38061 0.224764 0.382406 0.218035 0.382406 0.215343 0.378815 0.213997 0.378815 0.211306 0.375224 0.20996 0.37702 0.20996 0.378815 0.205922 0.384201 0.196501 0.384201 0.197847 0.384201 0.199192 0.385996 0.201884 0.385996 0.20323 0.387792 0.204576 0.387792 0.205922 0.389587 0.207268 0.389587 0.208614 0.391382 0.20996 0.389587 0.244953 0.389587 0.246299 0.391382 0.244953 0.389587 0.244953 0.387792 0.243607 0.385996 0.243607 0.384201 0.244953 0.382406 0.247645 0.382406 0.248991 0.38061 0.253028 0.38061 0.254374 0.378815 0.257066 0.378815 0.250336 0.378815 0.248991 0.37702 0.243607 0.37702 0.242261 0.375224 0.236878 0.375224 0.235532 0.373429 0.235532 0.364452 0.234186 0.362657
1 0.562584 0.315978 0.562584 0.319569 0.569314 0.319569 0.570659 0.321364 0.574697 0.321364 0.576043 0.32316 0.576043 0.321364 0.577389 0.319569 0.577389 0.317774 0.573351 0.317774 0.572005 0.315978
1 0.122476 0.287253 0.119785 0.290844 0.118439 0.290844 0.115747 0.294434 0.114401 0.294434 0.117093 0.294434 0.118439 0.29623 0.121131 0.29623 0.122476 0.298025 0.123822 0.298025 0.125168 0.29982 0.12786 0.29982 0.129206 0.301616 0.131898 0.301616 0.133244 0.303411 0.131898 0.305206 0.119785 0.305206 0.118439 0.303411 0.113055 0.303411 0.111709 0.301616 0.109017 0.301616 0.107672 0.29982 0.10498 0.29982 0.103634 0.298025 0.100942 0.298025 0.099596 0.29623 0.09825 0.298025 0.096904 0.298025 0.095559 0.29982 0.094213 0.29982 0.092867 0.301616 0.090175 0.301616 0.088829 0.303411 0.084791 0.303411 0.083445 0.301616 0.0821 0.301616 0.080754 0.29982 0.079408 0.301616 0.079408 0.303411 0.078062 0.305206 0.078062 0.307002 0.076716 0.308797 0.084791 0.308797 0.086137 0.310592 0.094213 0.310592 0.095559 0.312388 0.099596 0.307002 0.100942 0.307002 0.102288 0.305206 0.110363 0.305206 0.111709 0.307002 0.110363 0.308797 0.110363 0.310592 0.109017 0.312388 0.12786 0.312388 0.129206 0.314183 0.12786 0.315978 0.12786 0.317774 0.125168 0.321364 0.111709 0.321364 0.110363 0.319569 0.110363 0.32316 0.109017 0.324955 0.109017 0.32675 0.119785 0.32675 0.121131 0.328546 0.121131 0.330341 0.122476 0.332136 0.122476 0.333932 0.129206 0.333932 0.130552 0.335727 0.13459 0.335727 0.13459 0.333932 0.133244 0.332136 0.133244 0.328546 0.131898 0.32675 0.131898 0.324955 0.130552 0.32316 0.130552 0.321364 0.131898 0.319569 0.131898 0.317774 0.133244 0.315978 0.13459 0.317774 0.146703 0.317774 0.148048 0.319569 0.148048 0.321364 0.149394 0.32316 0.15747 0.32316 0.158816 0.324955 0.160162 0.32316 0.174966 0.32316 0.176312 0.321364 0.197847 0.321364 0.199192 0.319569 0.222073 0.319569 0.223419 0.321364 0.219381 0.32675 0.219381 0.328546 0.213997 0.335727 0.218035 0.335727 0.219381 0.337522 0.222073 0.333932 0.223419 0.333932 0.22611 0.330341 0.227456 0.330341 0.228802 0.328546 0.242261 0.328546 0.243607 0.330341 0.248991 0.330341 0.250336 0.332136 0.254374 0.332136 0.25572 0.333932 0.25572 0.324955 0.257066 0.32316 0.269179 0.32316 0.269179 0.319569 0.267833 0.317774 0.267833 0.314183 0.266487 0.315978 0.25572 0.315978 0.251682 0.321364 0.250336 0.321364 0.248991 0.32316 0.231494 0.32316 0.230148 0.321364 0.231494 0.319569 0.231494 0.315978 0.23284 0.314183 0.23284 0.312388 0.234186 0.310592 0.244953 0.310592 0.246299 0.308797 0.247645 0.308797 0.248991 0.307002 0.251682 0.307002 0.253028 0.305206 0.254374 0.305206 0.25572 0.303411 0.257066 0.303411 0.258412 0.301616 0.261104 0.301616 0.26245 0.29982 0.263795 0.29982 0.26245 0.298025 0.26245 0.29623 0.261104 0.294434 0.259758 0.29623 0.25572 0.29623 0.254374 0.298025 0.251682 0.298025 0.250336 0.29982 0.243607 0.29982 0.242261 0.298025 0.239569 0.298025 0.238223 0.29623 0.235532 0.29623 0.234186 0.294434 0.23284 0.29623 0.223419 0.29623 0.220727 0.292639 0.219381 0.292639 0.216689 0.289048 0.213997 0.292639 0.215343 0.294434 0.216689 0.294434 0.222073 0.301616 0.223419 0.301616 0.22611 0.305206 0.223419 0.308797 0.205922 0.308797 0.204576 0.310592 0.193809 0.310592 0.192463 0.308797 0.191117 0.308797 0.188425 0.305206 0.187079 0.305206 0.185734 0.303411 0.158816 0.303411 0.15747 0.301616 0.148048 0.301616 0.146703 0.29982 0.138627 0.29982 0.137281 0.298025 0.135935 0.298025 0.13459 0.29623 0.133244 0.29623 0.131898 0.294434 0.130552 0.294434 0.12786 0.290844 0.126514 0.290844 0.125168 0.289048 0.123822 0.289048
1 0.321669 0.276481 0.320323 0.278276 0.320323 0.280072 0.316285 0.285458 0.313594 0.285458 0.310902 0.281867 0.310902 0.280072 0.30821 0.283662 0.306864 0.283662 0.302826 0.289048 0.30148 0.289048 0.300135 0.290844 0.314939 0.290844 0.316285 0.292639 0.328398 0.292639 0.33109 0.289048 0.332436 0.289048 0.33109 0.287253 0.33109 0.285458 0.329744 0.283662 0.329744 0.281867 0.328398 0.280072 0.325707 0.280072 0.324361 0.278276 0.323015 0.278276
1 0.402423 0.251346 0.399731 0.254937 0.399731 0.256732 0.397039 0.260323 0.398385 0.258528 0.421265 0.258528 0.426649 0.251346
1 0.034993 0.244165 0.033647 0.245961 0.032301 0.245961 0.030956 0.247756 0.02961 0.247756 0.028264 0.249551 0.026918 0.249551 0.025572 0.251346 0.016151 0.251346 0.014805 0.253142 0.001346 0.253142 0.0 0.254937 0.0 0.267504 0.008075 0.267504 0.009421 0.265709 0.016151 0.265709 0.017497 0.263914 0.025572 0.263914 0.026918 0.262118 0.033647 0.262118 0.034993 0.260323 0.041723 0.260323 0.043069 0.258528 0.048452 0.258528 0.049798 0.256732 0.056528 0.256732 0.057873 0.254937 0.064603 0.254937 0.064603 0.249551 0.063257 0.247756 0.063257 0.245961 0.055182 0.245961 0.053836 0.247756 0.044415 0.247756 0.043069 0.249551 0.041723 0.247756 0.040377 0.247756 0.037685 0.244165
1 0.269179 0.226212 0.267833 0.228007 0.259758 0.228007 0.258412 0.229803 0.196501 0.229803 0.195155 0.231598 0.142665 0.231598 0.141319 0.233393 0.102288 0.233393 0.100942 0.235189 0.095559 0.235189 0.094213 0.236984 0.090175 0.236984 0.088829 0.238779 0.083445 0.238779 0.084791 0.240575 0.086137 0.240575 0.087483 0.24237 0.090175 0.24237 0.091521 0.244165 0.092867 0.244165 0.094213 0.245961 0.095559 0.245961 0.096904 0.247756 0.119785 0.247756 0.121131 0.249551 0.18035 0.249551 0.181696 0.247756 0.192463 0.247756 0.193809 0.245961 0.205922 0.245961 0.207268 0.244165 0.218035 0.244165 0.219381 0.24237 0.230148 0.24237 0.231494 0.240575 0.242261 0.240575 0.243607 0.238779 0.246299 0.238779 0.247645 0.236984 0.251682 0.236984 0.253028 0.235189 0.25572 0.235189 0.257066 0.233393 0.269179 0.233393 0.270525 0.231598 0.281292 0.231598 0.282638 0.229803 0.294751 0.229803 0.296097 0.228007 0.296097 0.226212
1 0.332436 0.222621 0.33109 0.224417 0.329744 0.224417 0.328398 0.226212 0.325707 0.226212 0.325707 0.228007 0.323015 0.231598 0.318977 0.231598 0.318977 0.233393 0.320323 0.235189 0.320323 0.236984 0.347241 0.236984 0.348587 0.238779 0.351279 0.235189 0.352624 0.235189 0.35397 0.233393 0.356662 0.233393 0.358008 0.235189 0.3607 0.235189 0.362046 0.236984 0.3607 0.235189 0.3607 0.233393 0.358008 0.229803 0.358008 0.228007 0.356662 0.226212 0.341857 0.226212 0.340511 0.224417 0.339166 0.224417 0.33782 0.222621
1 0.97039 0.149013 0.969044 0.150808 0.966353 0.150808 0.965007 0.152603 0.962315 0.152603 0.960969 0.154399 0.958277 0.154399 0.956931 0.156194 0.939435 0.156194 0.938089 0.154399 0.936743 0.156194 0.925976 0.156194 0.92463 0.157989 0.915209 0.157989 0.913863 0.159785 0.903096 0.159785 0.90175 0.16158 0.892328 0.16158 0.890983 0.163375 0.87214 0.163375 0.870794 0.16158 0.864065 0.16158 0.862719 0.159785 0.861373 0.16158 0.858681 0.16158 0.857335 0.163375 0.854643 0.163375 0.853297 0.165171 0.850606 0.165171 0.84926 0.166966 0.823688 0.166966 0.822342 0.165171 0.820996 0.166966 0.814266 0.166966 0.812921 0.168761 0.806191 0.168761 0.804845 0.170557 0.79677 0.170557 0.795424 0.172352 0.772544 0.172352 0.771198 0.170557 0.755047 0.170557 0.753701 0.168761 0.752355 0.170557 0.745626 0.170557 0.74428 0.172352 0.73755 0.172352 0.736205 0.174147 0.702557 0.174147 0.701211 0.175943 0.695828 0.175943 0.694482 0.177738 0.690444 0.177738 0.689098 0.179533 0.683715 0.179533 0.682369 0.181329 0.663526 0.181329 0.66218 0.179533 0.660834 0.181329 0.635262 0.181329 0.633917 0.183124 0.627187 0.183124 0.625841 0.184919 0.619112 0.184919 0.617766 0.186715 0.605653 0.186715 0.604307 0.18851 0.59354 0.18851 0.592194 0.190305 0.592194 0.192101 0.590848 0.193896 0.590848 0.195691 0.588156 0.199282 0.581427 0.199282 0.581427 0.204668 0.580081 0.206463 0.580081 0.213645 0.578735 0.21544 0.577389 0.213645 0.574697 0.213645 0.573351 0.211849 0.569314 0.211849 0.567968 0.210054 0.567968 0.202873 0.562584 0.195691 0.561238 0.195691 0.559892 0.197487 0.558546 0.197487 0.555855 0.201077 0.554509 0.201077 0.553163 0.202873 0.551817 0.201077 0.549125 0.201077 0.547779 0.199282 0.516824 0.199282 0.514132 0.202873 0.512786 0.202873 0.51144 0.204668 0.510094 0.204668 0.508748 0.206463 0.507402 0.206463 0.504711 0.210054 0.503365 0.210054 0.502019 0.211849 0.492598 0.211849 0.489906 0.21544 0.489906 0.217235 0.485868 0.222621 0.485868 0.224417 0.48183 0.229803 0.48183 0.231598 0.480485 0.233393 0.48183 0.231598 0.483176 0.231598 0.484522 0.229803 0.487214 0.229803 0.48856 0.228007 0.491252 0.228007 0.492598 0.226212 0.495289 0.226212 0.496635 0.224417 0.497981 0.224417 0.499327 0.222621 0.502019 0.222621 0.503365 0.220826 0.507402 0.226212 0.507402 0.228007 0.508748 0.229803 0.515478 0.229803 0.516824 0.228007 0.524899 0.228007 0.526245 0.226212 0.532974 0.226212 0.53432 0.224417 0.542396 0.224417 0.543742 0.222621 0.551817 0.222621 0.553163 0.220826 0.559892 0.220826 0.561238 0.219031 0.569314 0.219031 0.570659 0.217235 0.572005 0.219031 0.572005 0.220826 0.573351 0.222621 0.573351 0.224417 0.574697 0.226212 0.574697 0.228007 0.576043 0.229803 0.576043 0.231598 0.577389 0.233393 0.577389 0.235189 0.576043 0.236984 0.567968 0.236984 0.566622 0.238779 0.565276 0.236984 0.56393 0.236984 0.562584 0.235189 0.561238 0.235189 0.559892 0.233393 0.558546 0.233393 0.557201 0.231598 0.555855 0.231598 0.554509 0.229803 0.553163 0.229803 0.551817 0.231598 0.550471 0.231598 0.547779 0.235189 0.546433 0.235189 0.543742 0.238779 0.542396 0.238779 0.54105 0.240575 0.543742 0.240575 0.545087 0.24237 0.547779 0.24237 0.549125 0.244165 0.547779 0.245961 0.526245 0.245961 0.524899 0.247756 0.516824 0.247756 0.515478 0.249551 0.508748 0.249551 0.507402 0.251346 0.500673 0.251346 0.499327 0.253142 0.495289 0.247756 0.493943 0.247756 0.489906 0.24237 0.467026 0.24237 0.46568 0.240575 0.448183 0.240575 0.448183 0.24237 0.446837 0.244165 0.446837 0.245961 0.445491 0.247756 0.446837 0.249551 0.448183 0.249551 0.450875 0.253142 0.452221 0.253142 0.452221 0.247756 0.453567 0.245961 0.454913 0.247756 0.462988 0.247756 0.464334 0.249551 0.473755 0.249551 0.475101 0.251346 0.483176 0.251346 0.484522 0.253142 0.487214 0.253142 0.48856 0.254937 0.492598 0.254937 0.493943 0.256732 0.496635 0.256732 0.497981 0.258528 0.524899 0.258528 0.528937 0.253142 0.547779 0.253142 0.549125 0.251346 0.582773 0.251346 0.584118 0.249551 0.590848 0.249551 0.592194 0.247756 0.597577 0.247756 0.598923 0.245961 0.605653 0.245961 0.606999 0.244165 0.608345 0.245961 0.608345 0.253142 0.61642 0.253142 0.617766 0.251346 0.628533 0.251346 0.629879 0.249551 0.6393 0.249551 0.640646 0.247756 0.643338 0.247756 0.644684 0.245961 0.647376 0.245961 0.654105 0.236984 0.655451 0.238779 0.663526 0.238779 0.664872 0.240575 0.663526 0.24237 0.663526 0.244165 0.66218 0.245961 0.66218 0.247756 0.660834 0.249551 0.660834 0.251346 0.659489 0.253142 0.659489 0.254937 0.658143 0.256732 0.658143 0.258528 0.656797 0.260323 0.656797 0.262118 0.655451 0.263914 0.655451 0.265709 0.659489 0.265709 0.660834 0.267504 0.664872 0.267504 0.666218 0.265709 0.667564 0.265709 0.670256 0.262118 0.671602 0.262118 0.674293 0.258528 0.676985 0.262118 0.676985 0.263914 0.678331 0.265709 0.678331 0.267504 0.686406 0.267504 0.687752 0.265709 0.695828 0.265709 0.697174 0.263914 0.705249 0.263914 0.706595 0.262118 0.707941 0.262118 0.709287 0.260323 0.710633 0.260323 0.711978 0.258528 0.713324 0.258528 0.71467 0.256732 0.716016 0.256732 0.717362 0.254937 0.718708 0.254937 0.720054 0.253142 0.7214 0.253142 0.722746 0.251346 0.724092 0.251346 0.725437 0.249551 0.729475 0.249551 0.730821 0.247756 0.733513 0.247756 0.734859 0.245961 0.746972 0.245961 0.748318 0.247756 0.748318 0.254937 0.761777 0.254937 0.763122 0.253142 0.776581 0.253142 0.777927 0.251346 0.779273 0.253142 0.784657 0.253142 0.786003 0.254937 0.791386 0.254937 0.792732 0.256732 0.803499 0.256732 0.804845 0.254937 0.810229 0.254937 0.811575 0.253142 0.816958 0.253142 0.816958 0.251346 0.815612 0.249551 0.815612 0.247756 0.814266 0.245961 0.811575 0.245961 0.810229 0.244165 0.808883 0.244165 0.807537 0.24237 0.804845 0.24237 0.803499 0.240575 0.791386 0.240575 0.79004 0.24237 0.787349 0.238779 0.787349 0.236984 0.786003 0.235189 0.786003 0.233393 0.726783 0.233393 0.725437 0.235189 0.7214 0.229803 0.720054 0.229803 0.718708 0.228007 0.718708 0.229803 0.717362 0.231598 0.717362 0.236984 0.716016 0.238779 0.689098 0.238779 0.681023 0.228007 0.681023 0.229803 0.679677 0.231598 0.679677 0.233393 0.676985 0.236984 0.675639 0.235189 0.641992 0.235189 0.640646 0.236984 0.6393 0.235189 0.6393 0.233393 0.637954 0.231598 0.637954 0.229803 0.633917 0.224417 0.633917 0.222621 0.629879 0.217235 0.629879 0.21544 0.627187 0.211849 0.627187 0.213645 0.625841 0.21544 0.627187 0.217235 0.627187 0.219031 0.631225 0.224417 0.631225 0.226212 0.635262 0.231598 0.635262 0.233393 0.636608 0.235189 0.635262 0.236984 0.619112 0.236984 0.61642 0.233393 0.61642 0.231598 0.605653 0.231598 0.604307 0.233393 0.59354 0.233393 0.592194 0.235189 0.582773 0.235189 0.581427 0.236984 0.580081 0.235189 0.580081 0.233393 0.578735 0.231598 0.578735 0.228007 0.577389 0.226212 0.577389 0.222621 0.576043 0.220826 0.576043 0.219031 0.577389 0.217235 0.58681 0.217235 0.588156 0.21544 0.589502 0.21544 0.592194 0.211849 0.59354 0.211849 0.594886 0.210054 0.596231 0.210054 0.598923 0.206463 0.600269 0.206463 0.602961 0.202873 0.604307 0.202873 0.605653 0.201077 0.606999 0.202873 0.613728 0.202873 0.615074 0.204668 0.628533 0.204668 0.629879 0.202873 0.636608 0.202873 0.6393 0.206463 0.640646 0.206463 0.644684 0.211849 0.64603 0.211849 0.647376 0.210054 0.648721 0.210054 0.654105 0.202873 0.655451 0.202873 0.659489 0.197487 0.660834 0.199282 0.694482 0.199282 0.695828 0.197487 0.707941 0.197487 0.709287 0.195691 0.710633 0.197487 0.710633 0.199282 0.709287 0.201077 0.709287 0.202873 0.707941 0.204668 0.707941 0.206463 0.706595 0.208259 0.706595 0.210054 0.705249 0.211849 0.7214 0.211849 0.722746 0.210054 0.724092 0.211849 0.736205 0.211849 0.73755 0.213645 0.791386 0.213645 0.792732 0.211849 0.795424 0.211849 0.79677 0.210054 0.799462 0.210054 0.794078 0.210054 0.792732 0.208259 0.786003 0.208259 0.784657 0.206463 0.779273 0.206463 0.777927 0.204668 0.771198 0.204668 0.769852 0.202873 0.771198 0.201077 0.77389 0.201077 0.775236 0.199282 0.779273 0.199282 0.780619 0.197487 0.783311 0.197487 0.784657 0.195691 0.786003 0.197487 0.815612 0.197487 0.816958 0.199282 0.808883 0.210054 0.814266 0.210054 0.815612 0.211849 0.820996 0.211849 0.822342 0.213645 0.811575 0.228007 0.812921 0.228007 0.814266 0.229803 0.816958 0.229803 0.818304 0.231598 0.81965 0.231598 0.820996 0.233393 0.843876 0.233393 0.843876 0.229803 0.830417 0.229803 0.829071 0.228007 0.831763 0.224417 0.831763 0.222621 0.835801 0.217235 0.876178 0.217235 0.877524 0.219031 0.890983 0.219031 0.890983 0.217235 0.892328 0.21544 0.892328 0.210054 0.89502 0.206463 0.896366 0.206463 0.899058 0.202873 0.890983 0.202873 0.889637 0.201077 0.880215 0.201077 0.878869 0.199282 0.878869 0.193896 0.880215 0.192101 0.899058 0.192101 0.900404 0.193896 0.912517 0.193896 0.913863 0.195691 0.915209 0.195691 0.916555 0.197487 0.919246 0.197487 0.920592 0.199282 0.921938 0.199282 0.923284 0.201077 0.923284 0.202873 0.92463 0.204668 0.92463 0.210054 0.925976 0.211849 0.925976 0.21544 0.927322 0.217235 0.927322 0.219031 0.925976 0.220826 0.925976 0.222621 0.921938 0.228007 0.921938 0.229803 0.919246 0.233393 0.919246 0.235189 0.916555 0.238779 0.915209 0.236984 0.911171 0.236984 0.909825 0.235189 0.907133 0.235189 0.905787 0.233393 0.90175 0.233393 0.900404 0.231598 0.896366 0.231598 0.89502 0.229803 0.889637 0.229803 0.888291 0.231598 0.886945 0.231598 0.884253 0.235189 0.882907 0.235189 0.880215 0.238779 0.864065 0.238779 0.862719 0.240575 0.846568 0.240575 0.845222 0.24237 0.838493 0.24237 0.837147 0.244165 0.830417 0.244165 0.829071 0.245961 0.829071 0.247756 0.827725 0.249551 0.827725 0.251346 0.82638 0.253142 0.854643 0.253142 0.855989 0.251346 0.861373 0.251346 0.862719 0.249551 0.868102 0.249551 0.869448 0.247756 0.874832 0.247756 0.876178 0.245961 0.881561 0.245961 0.882907 0.244165 0.884253 0.245961 0.885599 0.245961 0.886945 0.247756 0.888291 0.247756 0.889637 0.249551 0.890983 0.249551 0.892328 0.251346 0.89502 0.251346 0.896366 0.253142 0.897712 0.253142 0.899058 0.254937 0.915209 0.254937 0.916555 0.253142 0.931359 0.253142 0.932705 0.251346 0.94751 0.251346 0.948856 0.249551 0.950202 0.251346 0.955585 0.251346 0.956931 0.253142 0.963661 0.253142 0.965007 0.254937 0.998654 0.254937 0.998654 0.149013
