1 0.632219 0.862348 0.62614 0.870445 0.632219 0.878543 0.632219 0.882591 0.647416 0.902834 0.647416 0.906883 0.656535 0.919028 0.656535 0.939271 0.659574 0.94332 0.659574 0.979757 0.662614 0.983806 0.662614 0.995951 0.674772 0.995951 0.674772 0.987854 0.677812 0.983806 0.677812 0.963563 0.680851 0.959514 0.680851 0.94332 0.677812 0.939271 0.677812 0.935223 0.674772 0.931174 0.674772 0.927126 0.671733 0.923077 0.671733 0.919028 0.668693 0.91498 0.668693 0.910931 0.665653 0.906883 0.665653 0.902834 0.662614 0.898785 0.662614 0.894737 0.659574 0.890688 0.659574 0.88664 0.656535 0.882591 0.653495 0.882591 0.647416 0.874494 0.644377 0.874494 0.638298 0.866397 0.635258 0.866397
1 0.778116 0.769231 0.778116 0.773279 0.775076 0.777328 0.775076 0.781377 0.772036 0.785425 0.772036 0.789474 0.768997 0.793522 0.772036 0.797571 0.772036 0.801619 0.775076 0.805668 0.775076 0.809717 0.778116 0.813765 0.775076 0.817814 0.772036 0.817814 0.768997 0.821862 0.762918 0.821862 0.759878 0.825911 0.756839 0.825911 0.753799 0.82996 0.74772 0.82996 0.753799 0.838057 0.753799 0.842105 0.756839 0.846154 0.759878 0.842105 0.778116 0.842105 0.781155 0.838057 0.796353 0.838057 0.799392 0.834008 0.817629 0.834008 0.820669 0.82996 0.838906 0.82996 0.841945 0.825911 0.857143 0.825911 0.860182 0.821862 0.87538 0.821862 0.878419 0.817814 0.893617 0.817814 0.896657 0.813765 0.911854 0.813765 0.908815 0.813765 0.905775 0.809717 0.902736 0.809717 0.896657 0.801619 0.893617 0.801619 0.890578 0.797571 0.887538 0.797571 0.884498 0.793522 0.881459 0.797571 0.844985 0.797571 0.841945 0.801619 0.808511 0.801619 0.805471 0.797571 0.805471 0.789474 0.802432 0.785425 0.802432 0.769231
1 0.966565 0.631579 0.963526 0.635628 0.978723 0.65587 0.99696 0.65587 0.99696 0.635628 0.993921 0.639676 0.990881 0.639676 0.987842 0.643725 0.984802 0.643725 0.981763 0.647773 0.972644 0.635628 0.969605 0.635628
1 0.905775 0.574899 0.905775 0.578947 0.902736 0.582996 0.902736 0.587045 0.899696 0.591093 0.902736 0.591093 0.908815 0.59919 0.911854 0.59919 0.914894 0.603239 0.917933 0.59919 0.93921 0.59919 0.93617 0.595142 0.93617 0.591093 0.930091 0.582996 0.930091 0.578947 0.927052 0.574899
1 0.708207 0.562753 0.705167 0.566802 0.702128 0.566802 0.699088 0.57085 0.693009 0.57085 0.68997 0.574899 0.68693 0.574899 0.683891 0.578947 0.677812 0.578947 0.674772 0.582996 0.671733 0.582996 0.668693 0.587045 0.662614 0.587045 0.659574 0.591093 0.656535 0.591093 0.653495 0.595142 0.647416 0.595142 0.647416 0.59919 0.644377 0.603239 0.644377 0.611336 0.641337 0.615385 0.641337 0.619433 0.638298 0.623482 0.638298 0.62753 0.635258 0.631579 0.632219 0.631579 0.629179 0.635628 0.62614 0.635628 0.6231 0.639676 0.620061 0.639676 0.617021 0.643725 0.613982 0.643725 0.610942 0.647773 0.607903 0.647773 0.604863 0.651822 0.601824 0.651822 0.598784 0.65587 0.595745 0.65587 0.592705 0.659919 0.592705 0.663968 0.586626 0.672065 0.586626 0.676113 0.583587 0.680162 0.586626 0.676113 0.598784 0.676113 0.601824 0.672065 0.610942 0.672065 0.613982 0.668016 0.62614 0.668016 0.629179 0.663968 0.629179 0.659919 0.638298 0.647773 0.638298 0.643725 0.644377 0.635628 0.644377 0.631579 0.653495 0.619433 0.653495 0.615385 0.659574 0.607287 0.662614 0.607287 0.665653 0.603239 0.668693 0.603239 0.671733 0.59919 0.674772 0.59919 0.677812 0.595142 0.680851 0.595142 0.683891 0.591093 0.68693 0.591093 0.68997 0.587045 0.693009 0.587045 0.696049 0.582996 0.699088 0.582996 0.702128 0.578947 0.705167 0.578947 0.705167 0.57085 0.708207 0.566802
1 0.042553 0.518219 0.024316 0.54251 0.024316 0.546559 0.0 0.578947 0.0 0.582996 0.045593 0.522267 0.045593 0.518219
1 0.902736 0.497976 0.902736 0.506073 0.899696 0.510121 0.899696 0.51417 0.927052 0.51417 0.927052 0.506073 0.930091 0.502024 0.930091 0.497976
1 0.869301 0.364372 0.860182 0.376518 0.863222 0.380567 0.87234 0.368421
1 0.042553 0.352227 0.036474 0.360324 0.036474 0.364372 0.039514 0.368421 0.039514 0.37247 0.042553 0.376518 0.036474 0.384615 0.036474 0.388664 0.027356 0.40081 0.027356 0.404858 0.018237 0.417004 0.015198 0.412955 0.0 0.412955 0.0 0.421053 0.024316 0.421053 0.039514 0.40081 0.039514 0.396761 0.054711 0.376518 0.115502 0.376518 0.097264 0.352227 0.085106 0.368421 0.082067 0.364372 0.079027 0.364372 0.075988 0.360324 0.072948 0.360324 0.069909 0.356275 0.06383 0.356275 0.057751 0.364372 0.054711 0.360324 0.051672 0.360324 0.045593 0.352227
1 0.601824 0.327935 0.598784 0.331984 0.592705 0.331984 0.589666 0.336032 0.580547 0.336032 0.577508 0.340081 0.537994 0.340081 0.534954 0.34413 0.534954 0.348178 0.528875 0.356275 0.580547 0.356275 0.583587 0.360324 0.583587 0.380567 0.604863 0.380567 0.607903 0.384615 0.604863 0.388664 0.589666 0.388664 0.583587 0.396761 0.583587 0.40081 0.574468 0.412955 0.577508 0.408907 0.583587 0.408907 0.586626 0.404858 0.589666 0.404858 0.592705 0.40081 0.598784 0.40081 0.601824 0.396761 0.607903 0.396761 0.613982 0.388664 0.617021 0.388664 0.62614 0.376518 0.629179 0.376518 0.632219 0.37247 0.632219 0.360324 0.629179 0.356275 0.629179 0.34413 0.62614 0.34413 0.6231 0.340081 0.617021 0.340081 0.613982 0.336032 0.610942 0.336032 0.607903 0.331984 0.604863 0.331984
1 0.355623 0.291498 0.352584 0.295547 0.349544 0.295547 0.343465 0.303644 0.340426 0.303644 0.340426 0.307692 0.337386 0.311741 0.337386 0.319838 0.331307 0.327935 0.291793 0.327935 0.288754 0.323887 0.246201 0.323887 0.243161 0.319838 0.243161 0.348178 0.303951 0.348178 0.31003 0.356275 0.31003 0.360324 0.31307 0.364372 0.31307 0.368421 0.316109 0.37247 0.316109 0.376518 0.334347 0.376518 0.343465 0.364372 0.346505 0.364372 0.358663 0.348178 0.361702 0.348178 0.367781 0.340081 0.370821 0.340081 0.37386 0.34413 0.379939 0.34413 0.382979 0.348178 0.386018 0.348178 0.389058 0.352227 0.422492 0.352227 0.425532 0.356275 0.458967 0.356275 0.462006 0.360324 0.465046 0.356275 0.480243 0.356275 0.483283 0.352227 0.50152 0.352227 0.50152 0.331984 0.492401 0.331984 0.489362 0.327935 0.483283 0.327935 0.480243 0.323887 0.355623 0.323887 0.352584 0.319838 0.370821 0.295547 0.358663 0.295547
