0 0.352624 0.764811 0.352624 0.768402 0.355316 0.768402 0.356662 0.770197 0.359354 0.770197 0.3607 0.771993 0.362046 0.771993 0.363392 0.773788 0.366083 0.773788 0.367429 0.775583 0.358008 0.788151 0.359354 0.786355 0.362046 0.786355 0.363392 0.78456 0.366083 0.78456 0.367429 0.782765 0.371467 0.782765 0.372813 0.780969 0.375505 0.780969 0.376851 0.779174 0.379542 0.779174 0.380888 0.777379 0.40646 0.777379 0.40646 0.773788 0.376851 0.773788 0.375505 0.771993 0.372813 0.771993 0.371467 0.770197 0.368775 0.770197 0.367429 0.768402 0.366083 0.768402 0.364738 0.766607 0.362046 0.766607 0.3607 0.764811
0 0.467026 0.689408 0.467026 0.691203 0.46568 0.692998 0.46568 0.694794 0.464334 0.696589 0.464334 0.698384 0.462988 0.70018 0.464334 0.70018 0.46568 0.701975 0.484522 0.701975 0.485868 0.70377 0.491252 0.70377 0.492598 0.705566 0.493943 0.70377 0.497981 0.70377 0.497981 0.698384 0.495289 0.698384 0.493943 0.696589 0.492598 0.696589 0.491252 0.694794 0.48856 0.694794 0.487214 0.692998 0.477793 0.692998 0.476447 0.691203 0.468371 0.691203
1 0.15074 0.982047 0.146703 0.987433 0.15747 0.987433 0.158816 0.989228 0.170929 0.989228 0.172275 0.991023 0.183042 0.991023 0.184388 0.992819 0.195155 0.992819 0.196501 0.994614 0.196501 0.989228 0.185734 0.989228 0.184388 0.987433 0.174966 0.987433 0.17362 0.985637 0.162853 0.985637 0.161507 0.983842 0.152086 0.983842
1 0.496635 0.955117 0.495289 0.956912 0.495289 0.958707 0.493943 0.960503 0.493943 0.962298 0.492598 0.964093 0.492598 0.982047 0.491252 0.983842 0.491252 0.985637 0.492598 0.985637 0.493943 0.987433 0.495289 0.987433 0.496635 0.989228 0.500673 0.983842 0.51144 0.998205 0.520861 0.998205 0.506057 0.978456 0.506057 0.962298 0.507402 0.960503 0.507402 0.955117
1 0.289367 0.951526 0.288022 0.953321 0.263795 0.953321 0.263795 0.955117 0.265141 0.956912 0.265141 0.960503 0.266487 0.958707 0.275908 0.958707 0.277254 0.956912 0.286676 0.956912 0.288022 0.955117 0.288022 0.953321
1 0.971736 0.926391 0.966353 0.933573 0.966353 0.942549 0.969044 0.94614 0.981157 0.94614 0.982503 0.947935 0.982503 0.94614 0.983849 0.944345 0.983849 0.942549 0.985195 0.940754 0.982503 0.937163 0.982503 0.935368 0.979812 0.931777 0.978466 0.931777 0.97712 0.929982 0.975774 0.929982 0.974428 0.928187 0.973082 0.928187
1 0.942127 0.926391 0.940781 0.928187 0.938089 0.928187 0.936743 0.929982 0.934051 0.929982 0.932705 0.931777 0.931359 0.931777 0.930013 0.933573 0.927322 0.933573 0.925976 0.935368 0.923284 0.935368 0.921938 0.937163 0.919246 0.937163 0.9179 0.938959 0.916555 0.938959 0.915209 0.940754 0.912517 0.940754 0.911171 0.942549 0.909825 0.942549 0.908479 0.944345 0.905787 0.944345 0.904441 0.94614 0.903096 0.94614 0.9179 0.94614 0.919246 0.944345 0.921938 0.944345 0.923284 0.942549 0.92463 0.942549 0.925976 0.940754 0.928668 0.940754 0.930013 0.938959 0.931359 0.938959 0.932705 0.937163 0.935397 0.937163 0.936743 0.935368 0.950202 0.935368 0.950202 0.933573 0.948856 0.931777 0.948856 0.928187 0.943472 0.928187
1 0.791386 0.926391 0.791386 0.935368 0.79677 0.935368 0.798116 0.937163 0.802153 0.937163 0.803499 0.938959 0.808883 0.938959 0.810229 0.940754 0.814266 0.940754 0.815612 0.942549 0.820996 0.942549 0.822342 0.944345 0.82638 0.944345 0.827725 0.94614 0.833109 0.94614 0.834455 0.947935 0.838493 0.947935 0.839838 0.949731 0.845222 0.949731 0.846568 0.951526 0.850606 0.951526 0.851952 0.953321 0.857335 0.953321 0.858681 0.955117 0.862719 0.955117 0.864065 0.956912 0.869448 0.956912 0.870794 0.958707 0.874832 0.958707 0.876178 0.960503 0.876178 0.958707 0.877524 0.956912 0.877524 0.955117 0.873486 0.955117 0.87214 0.953321 0.868102 0.953321 0.866756 0.951526 0.862719 0.951526 0.861373 0.949731 0.857335 0.949731 0.855989 0.947935 0.851952 0.947935 0.850606 0.94614 0.846568 0.94614 0.845222 0.944345 0.841184 0.944345 0.839838 0.942549 0.835801 0.942549 0.834455 0.940754 0.830417 0.940754 0.829071 0.938959 0.825034 0.938959 0.823688 0.937163 0.81965 0.937163 0.818304 0.935368 0.814266 0.935368 0.812921 0.933573 0.808883 0.933573 0.807537 0.931777 0.803499 0.931777 0.802153 0.929982 0.798116 0.929982 0.79677 0.928187 0.792732 0.928187
1 0.820996 0.894075 0.818304 0.897666 0.818304 0.899461 0.81965 0.901257 0.81965 0.906643 0.820996 0.908438 0.820996 0.910233 0.822342 0.910233 0.825034 0.913824 0.82638 0.913824 0.827725 0.915619 0.827725 0.908438 0.82638 0.906643 0.82638 0.904847 0.825034 0.903052 0.825034 0.901257 0.822342 0.897666 0.822342 0.895871
1 0.088829 0.888689 0.087483 0.890485 0.083445 0.890485 0.0821 0.89228 0.076716 0.89228 0.07537 0.894075 0.071332 0.894075 0.069987 0.895871 0.064603 0.895871 0.063257 0.897666 0.059219 0.897666 0.057873 0.899461 0.053836 0.899461 0.05249 0.901257 0.047106 0.901257 0.04576 0.903052 0.041723 0.903052 0.040377 0.904847 0.034993 0.904847 0.033647 0.906643 0.02961 0.906643 0.028264 0.908438 0.02288 0.908438 0.021534 0.910233 0.017497 0.910233 0.017497 0.912029 0.018843 0.913824 0.018843 0.917415 0.020188 0.915619 0.024226 0.915619 0.025572 0.913824 0.02961 0.913824 0.030956 0.912029 0.036339 0.912029 0.037685 0.910233 0.041723 0.910233 0.043069 0.908438 0.047106 0.908438 0.048452 0.906643 0.05249 0.906643 0.053836 0.904847 0.059219 0.904847 0.060565 0.903052 0.064603 0.903052 0.065949 0.901257 0.069987 0.901257 0.071332 0.899461 0.07537 0.899461 0.076716 0.897666 0.0821 0.897666 0.083445 0.895871 0.087483 0.895871 0.087483 0.89228 0.088829 0.890485
1 0.724092 0.83842 0.722746 0.840215 0.7214 0.840215 0.720054 0.842011 0.717362 0.842011 0.716016 0.843806 0.71467 0.843806 0.713324 0.845601 0.706595 0.845601 0.706595 0.847397 0.707941 0.849192 0.707941 0.850987 0.732167 0.850987 0.728129 0.850987 0.726783 0.849192 0.724092 0.849192 0.722746 0.847397 0.728129 0.840215 0.725437 0.840215
1 0.380888 0.825853 0.379542 0.827648 0.378197 0.827648 0.378197 0.829443 0.379542 0.831239 0.379542 0.833034 0.380888 0.834829 0.380888 0.836625 0.382234 0.83842 0.382234 0.840215 0.38358 0.842011 0.38358 0.845601 0.384926 0.847397 0.384926 0.849192 0.386272 0.850987 0.386272 0.852783 0.387618 0.854578 0.387618 0.856373 0.388964 0.854578 0.388964 0.852783 0.387618 0.850987 0.387618 0.849192 0.386272 0.847397 0.386272 0.843806 0.384926 0.842011 0.384926 0.83842 0.38358 0.836625 0.38358 0.834829 0.382234 0.833034 0.382234 0.829443 0.380888 0.827648
1 0.238223 0.788151 0.238223 0.795332 0.239569 0.795332 0.240915 0.797127 0.242261 0.797127 0.243607 0.798923 0.244953 0.798923 0.246299 0.800718 0.248991 0.800718 0.250336 0.802513 0.251682 0.802513 0.253028 0.804309 0.254374 0.804309 0.25572 0.806104 0.257066 0.806104 0.258412 0.807899 0.259758 0.807899 0.261104 0.809695 0.26245 0.809695 0.263795 0.81149 0.266487 0.81149 0.267833 0.813285 0.269179 0.813285 0.270525 0.815081 0.271871 0.815081 0.273217 0.816876 0.274563 0.816876 0.275908 0.818671 0.275908 0.815081 0.274563 0.815081 0.271871 0.81149 0.270525 0.81149 0.269179 0.809695 0.267833 0.809695 0.265141 0.806104 0.263795 0.806104 0.26245 0.804309 0.261104 0.804309 0.259758 0.802513 0.258412 0.802513 0.257066 0.800718 0.25572 0.800718 0.254374 0.798923 0.253028 0.798923 0.251682 0.797127 0.250336 0.797127 0.248991 0.795332 0.247645 0.795332 0.246299 0.793537 0.244953 0.793537 0.243607 0.791741 0.242261 0.791741 0.240915 0.789946 0.239569 0.789946
1 0.254374 0.78456 0.254374 0.786355 0.25572 0.788151 0.25572 0.789946 0.283984 0.789946 0.288022 0.78456
1 0.670256 0.782765 0.66891 0.78456 0.66218 0.78456 0.660834 0.786355 0.652759 0.786355 0.651413 0.788151 0.644684 0.788151 0.643338 0.789946 0.633917 0.789946 0.633917 0.791741 0.635262 0.793537 0.635262 0.795332 0.636608 0.793537 0.647376 0.793537 0.648721 0.791741 0.658143 0.791741 0.659489 0.789946 0.670256 0.789946
1 0.0 0.764811 0.0 0.770197 0.012113 0.770197 0.013459 0.771993 0.025572 0.771993 0.026918 0.773788 0.039031 0.773788 0.040377 0.775583 0.05249 0.775583 0.053836 0.777379 0.076716 0.777379 0.078062 0.779174 0.079408 0.777379 0.0821 0.777379 0.079408 0.777379 0.078062 0.775583 0.076716 0.775583 0.07537 0.773788 0.060565 0.773788 0.059219 0.771993 0.04576 0.771993 0.044415 0.770197 0.013459 0.770197 0.012113 0.768402 0.006729 0.768402 0.005384 0.766607 0.001346 0.766607
1 0.294751 0.748654 0.294751 0.750449 0.293405 0.752244 0.294751 0.752244 0.296097 0.754039 0.297443 0.754039 0.300135 0.75763 0.30148 0.75763 0.302826 0.759425 0.306864 0.759425 0.30821 0.761221 0.310902 0.761221 0.312248 0.763016 0.312248 0.761221 0.313594 0.759425 0.310902 0.759425 0.309556 0.75763 0.306864 0.75763 0.305518 0.755835 0.304172 0.755835 0.302826 0.754039 0.30148 0.754039 0.300135 0.752244 0.298789 0.752244 0.297443 0.750449 0.296097 0.750449
1 0.044415 0.7307 0.043069 0.732496 0.041723 0.732496 0.040377 0.734291 0.039031 0.734291 0.037685 0.736086 0.036339 0.736086 0.033647 0.739677 0.032301 0.739677 0.030956 0.741472 0.02961 0.741472 0.028264 0.743268 0.026918 0.743268 0.025572 0.745063 0.0 0.745063 0.0 0.752244 0.028264 0.752244 0.02961 0.754039 0.056528 0.754039 0.057873 0.755835 0.060565 0.752244 0.055182 0.752244 0.053836 0.750449 0.048452 0.750449 0.047106 0.748654 0.043069 0.748654 0.041723 0.746858 0.036339 0.746858 0.034993 0.745063 0.036339 0.743268 0.037685 0.743268 0.040377 0.739677 0.041723 0.739677 0.044415 0.736086 0.04576 0.736086 0.047106 0.734291 0.048452 0.734291 0.051144 0.7307 0.05249 0.7307
1 0.678331 0.728905 0.681023 0.732496 0.682369 0.732496 0.683715 0.734291 0.69852 0.734291 0.69852 0.728905
1 0.963661 0.721724 0.963661 0.72711 0.962315 0.728905 0.962315 0.736086 0.963661 0.737882 0.963661 0.743268 0.965007 0.745063 0.965007 0.748654 0.966353 0.750449 0.966353 0.754039 0.967699 0.755835 0.967699 0.761221 0.969044 0.763016 0.969044 0.775583 0.97039 0.777379 0.97039 0.789946 0.973082 0.789946 0.974428 0.791741 0.975774 0.791741 0.97712 0.793537 0.978466 0.791741 0.983849 0.791741 0.983849 0.789946 0.982503 0.788151 0.982503 0.782765 0.981157 0.780969 0.981157 0.75763 0.979812 0.755835 0.979812 0.754039 0.97712 0.750449 0.97712 0.748654 0.975774 0.746858 0.975774 0.745063 0.974428 0.743268 0.974428 0.741472 0.973082 0.739677 0.973082 0.737882 0.971736 0.736086 0.971736 0.732496 0.97039 0.7307 0.97039 0.728905 0.969044 0.72711 0.969044 0.725314 0.967699 0.723519 0.967699 0.721724
1 0.434724 0.718133 0.434724 0.719928 0.433378 0.721724 0.441454 0.721724 0.442799 0.723519 0.449529 0.723519 0.450875 0.725314 0.45895 0.725314 0.460296 0.72711 0.460296 0.718133
1 0.752355 0.70018 0.752355 0.701975 0.751009 0.70377 0.825034 0.70377 0.82638 0.705566 0.82638 0.70377 0.825034 0.701975 0.825034 0.70018
1 0.732167 0.70018 0.732167 0.701975 0.730821 0.70377 0.734859 0.70377 0.736205 0.705566 0.738896 0.705566 0.740242 0.707361 0.74428 0.707361 0.745626 0.709156 0.745626 0.70377 0.740242 0.70377 0.738896 0.701975 0.733513 0.701975
1 0.508748 0.70018 0.506057 0.70377 0.507402 0.70377 0.510094 0.707361 0.522207 0.707361 0.524899 0.70377 0.51817 0.70377 0.516824 0.701975 0.510094 0.701975
1 0.009421 0.698384 0.009421 0.705566 0.02288 0.705566 0.02288 0.701975 0.021534 0.701975 0.018843 0.698384
1 0.523553 0.689408 0.523553 0.692998 0.539704 0.692998 0.54105 0.694794 0.54105 0.691203 0.524899 0.691203
1 0.54105 0.678636 0.54105 0.680431 0.539704 0.682226 0.539704 0.684022 0.538358 0.685817 0.538358 0.687612 0.554509 0.687612 0.554509 0.684022 0.553163 0.682226 0.553163 0.678636
1 0.878869 0.667864 0.878869 0.67325 0.877524 0.675045 0.873486 0.675045 0.87214 0.67325 0.86541 0.67325 0.864065 0.671454 0.858681 0.671454 0.857335 0.669659 0.857335 0.671454 0.855989 0.67325 0.855989 0.675045 0.858681 0.675045 0.860027 0.67684 0.864065 0.67684 0.86541 0.678636 0.868102 0.678636 0.869448 0.680431 0.889637 0.680431 0.890983 0.682226 0.915209 0.682226 0.916555 0.684022 0.916555 0.682226 0.915209 0.680431 0.915209 0.678636 0.908479 0.678636 0.907133 0.67684 0.900404 0.67684 0.899058 0.675045 0.892328 0.675045 0.890983 0.67325 0.888291 0.67325 0.886945 0.671454 0.884253 0.671454 0.882907 0.669659 0.880215 0.669659
1 0.508748 0.651706 0.507402 0.653501 0.504711 0.653501 0.504711 0.655296 0.506057 0.657092 0.506057 0.658887 0.507402 0.660682 0.507402 0.662478 0.514132 0.662478 0.515478 0.664273 0.522207 0.664273 0.523553 0.666068 0.530283 0.666068 0.531629 0.667864 0.532974 0.666068 0.535666 0.666068 0.535666 0.662478 0.532974 0.662478 0.531629 0.660682 0.527591 0.660682 0.526245 0.658887 0.523553 0.658887 0.522207 0.657092 0.519515 0.657092 0.51817 0.655296 0.514132 0.655296 0.512786 0.653501 0.510094 0.653501
1 0.718708 0.624776 0.717362 0.626571 0.687752 0.626571 0.687752 0.631957 0.689098 0.630162 0.713324 0.630162 0.71467 0.628366 0.742934 0.628366 0.74428 0.630162 0.746972 0.630162 0.748318 0.631957 0.751009 0.631957 0.752355 0.633752 0.753701 0.631957 0.776581 0.631957 0.777927 0.633752 0.781965 0.633752 0.783311 0.635548 0.787349 0.635548 0.788694 0.637343 0.783311 0.630162 0.77389 0.630162 0.772544 0.628366 0.761777 0.628366 0.760431 0.626571 0.751009 0.626571 0.749664 0.624776
1 0.522207 0.605027 0.523553 0.606822 0.523553 0.608618 0.527591 0.608618 0.528937 0.610413 0.532974 0.610413 0.53432 0.612208 0.542396 0.612208 0.543742 0.614004 0.543742 0.612208 0.542396 0.610413 0.542396 0.608618 0.538358 0.608618 0.537012 0.606822 0.53432 0.606822 0.532974 0.605027
1 0.768506 0.597846 0.76716 0.599641 0.763122 0.599641 0.763122 0.601436 0.764468 0.603232 0.764468 0.605027 0.769852 0.605027 0.771198 0.606822 0.772544 0.606822 0.775236 0.610413 0.780619 0.610413 0.781965 0.612208 0.784657 0.612208 0.786003 0.614004 0.788694 0.614004 0.79004 0.615799 0.79677 0.615799 0.800808 0.610413 0.798116 0.610413 0.79677 0.608618 0.794078 0.608618 0.792732 0.606822 0.79004 0.606822 0.788694 0.605027 0.777927 0.605027 0.776581 0.603232 0.775236 0.603232 0.77389 0.601436 0.772544 0.601436 0.771198 0.599641 0.769852 0.599641
1 0.558546 0.59605 0.559892 0.597846 0.559892 0.599641 0.561238 0.601436 0.561238 0.603232 0.562584 0.605027 0.56393 0.603232 0.569314 0.603232 0.570659 0.601436 0.576043 0.601436 0.577389 0.599641 0.597577 0.599641 0.598923 0.601436 0.600269 0.601436 0.601615 0.603232 0.602961 0.601436 0.631225 0.601436 0.632571 0.603232 0.640646 0.603232 0.641992 0.605027 0.641992 0.603232 0.643338 0.601436 0.640646 0.601436 0.6393 0.599641 0.635262 0.599641 0.633917 0.597846 0.631225 0.597846 0.629879 0.59605
1 0.091521 0.59605 0.091521 0.597846 0.090175 0.599641 0.090175 0.601436 0.088829 0.603232 0.047106 0.603232 0.04576 0.605027 0.034993 0.605027 0.036339 0.605027 0.037685 0.606822 0.040377 0.606822 0.041723 0.608618 0.043069 0.608618 0.044415 0.610413 0.047106 0.610413 0.048452 0.612208 0.049798 0.612208 0.051144 0.614004 0.053836 0.614004 0.055182 0.615799 0.056528 0.615799 0.057873 0.617594 0.060565 0.617594 0.061911 0.61939 0.064603 0.61939 0.065949 0.621185 0.068641 0.621185 0.069987 0.62298 0.072678 0.62298 0.074024 0.624776 0.083445 0.624776 0.090175 0.633752 0.091521 0.631957 0.095559 0.631957 0.096904 0.630162 0.10498 0.630162 0.10498 0.628366 0.103634 0.626571 0.103634 0.62298 0.10498 0.621185 0.109017 0.621185 0.110363 0.61939 0.110363 0.617594 0.113055 0.614004 0.114401 0.614004 0.115747 0.612208 0.117093 0.612208 0.118439 0.610413 0.135935 0.610413 0.137281 0.612208 0.137281 0.608618 0.138627 0.606822 0.138627 0.605027 0.137281 0.606822 0.115747 0.606822 0.114401 0.605027 0.10498 0.605027 0.103634 0.603232 0.095559 0.603232 0.092867 0.599641 0.092867 0.597846
1 0.234186 0.594255 0.23284 0.59605 0.230148 0.59605 0.228802 0.597846 0.224764 0.597846 0.223419 0.599641 0.222073 0.599641 0.219381 0.603232 0.218035 0.603232 0.216689 0.605027 0.207268 0.605027 0.205922 0.606822 0.195155 0.606822 0.193809 0.608618 0.184388 0.608618 0.183042 0.610413 0.172275 0.610413 0.170929 0.612208 0.168237 0.612208 0.166891 0.614004 0.164199 0.614004 0.164199 0.615799 0.162853 0.617594 0.162853 0.61939 0.172275 0.61939 0.17362 0.621185 0.172275 0.62298 0.172275 0.624776 0.170929 0.626571 0.162853 0.626571 0.161507 0.624776 0.154778 0.624776 0.153432 0.62298 0.152086 0.624776 0.133244 0.624776 0.131898 0.626571 0.111709 0.626571 0.113055 0.628366 0.113055 0.630162 0.172275 0.630162 0.174966 0.633752 0.174966 0.635548 0.17362 0.637343 0.17362 0.639138 0.169583 0.644524 0.149394 0.644524 0.148048 0.642729 0.13459 0.642729 0.133244 0.640934 0.096904 0.640934 0.095559 0.639138 0.095559 0.642729 0.09825 0.642729 0.099596 0.644524 0.102288 0.644524 0.103634 0.64632 0.106326 0.64632 0.107672 0.648115 0.110363 0.648115 0.111709 0.64991 0.113055 0.64991 0.114401 0.651706 0.117093 0.651706 0.118439 0.653501 0.119785 0.653501 0.121131 0.655296 0.123822 0.655296 0.125168 0.657092 0.126514 0.657092 0.12786 0.658887 0.154778 0.658887 0.156124 0.660682 0.15747 0.660682 0.158816 0.662478 0.161507 0.662478 0.162853 0.664273 0.164199 0.664273 0.165545 0.666068 0.168237 0.666068 0.169583 0.667864 0.17362 0.667864 0.174966 0.669659 0.177658 0.669659 0.179004 0.671454 0.183042 0.666068 0.176312 0.657092 0.177658 0.655296 0.177658 0.653501 0.18035 0.64991 0.184388 0.64991 0.185734 0.651706 0.189771 0.651706 0.191117 0.653501 0.193809 0.653501 0.195155 0.655296 0.197847 0.655296 0.199192 0.657092 0.201884 0.657092 0.20323 0.658887 0.205922 0.658887 0.207268 0.660682 0.218035 0.660682 0.219381 0.662478 0.230148 0.662478 0.231494 0.664273 0.23284 0.662478 0.243607 0.662478 0.243607 0.660682 0.244953 0.658887 0.244953 0.657092 0.246299 0.655296 0.244953 0.653501 0.243607 0.653501 0.239569 0.648115 0.238223 0.648115 0.235532 0.644524 0.231494 0.644524 0.230148 0.642729 0.22611 0.642729 0.224764 0.640934 0.222073 0.640934 0.220727 0.639138 0.215343 0.639138 0.213997 0.637343 0.213997 0.633752 0.215343 0.631957 0.216689 0.631957 0.218035 0.630162 0.219381 0.630162 0.215343 0.630162 0.213997 0.628366 0.211306 0.628366 0.20996 0.626571 0.208614 0.626571 0.205922 0.62298 0.20996 0.617594 0.211306 0.617594 0.213997 0.614004 0.220727 0.614004 0.222073 0.612208 0.297443 0.612208 0.298789 0.614004 0.312248 0.614004 0.313594 0.615799 0.323015 0.615799 0.324361 0.617594 0.333782 0.617594 0.335128 0.61939 0.344549 0.61939 0.345895 0.621185 0.343203 0.617594 0.339166 0.617594 0.33782 0.615799 0.332436 0.615799 0.33109 0.614004 0.327052 0.614004 0.325707 0.612208 0.318977 0.612208 0.317631 0.610413 0.312248 0.610413 0.310902 0.608618 0.304172 0.608618 0.302826 0.606822 0.300135 0.606822 0.298789 0.605027 0.296097 0.605027 0.294751 0.603232 0.292059 0.603232 0.290713 0.601436 0.288022 0.601436 0.286676 0.599641 0.283984 0.599641 0.282638 0.597846 0.263795 0.597846 0.26245 0.59605 0.243607 0.59605 0.242261 0.594255
1 0.732167 0.59246 0.729475 0.59605 0.732167 0.59605 0.733513 0.597846 0.734859 0.597846 0.736205 0.599641 0.73755 0.599641 0.738896 0.601436 0.740242 0.601436 0.742934 0.605027 0.74428 0.605027 0.745626 0.606822 0.757739 0.606822 0.759085 0.608618 0.759085 0.606822 0.757739 0.605027 0.757739 0.601436 0.755047 0.601436 0.753701 0.599641 0.752355 0.599641 0.751009 0.597846 0.748318 0.597846 0.746972 0.59605 0.740242 0.59605 0.738896 0.594255 0.733513 0.594255
1 0.904441 0.579892 0.903096 0.581688 0.899058 0.581688 0.897712 0.583483 0.89502 0.583483 0.893674 0.585278 0.889637 0.585278 0.888291 0.587074 0.885599 0.587074 0.884253 0.588869 0.877524 0.588869 0.876178 0.587074 0.873486 0.587074 0.87214 0.585278 0.870794 0.585278 0.869448 0.583483 0.866756 0.583483 0.86541 0.581688 0.860027 0.581688 0.862719 0.581688 0.864065 0.583483 0.86541 0.583483 0.866756 0.585278 0.869448 0.585278 0.870794 0.587074 0.869448 0.588869 0.853297 0.588869 0.851952 0.587074 0.841184 0.587074 0.839838 0.585278 0.829071 0.585278 0.827725 0.583483 0.82638 0.585278 0.804845 0.585278 0.803499 0.587074 0.802153 0.587074 0.800808 0.588869 0.799462 0.588869 0.798116 0.590664 0.795424 0.590664 0.794078 0.59246 0.792732 0.59246 0.794078 0.59246 0.795424 0.594255 0.79677 0.59246 0.82638 0.59246 0.827725 0.594255 0.845222 0.594255 0.846568 0.59605 0.858681 0.59605 0.860027 0.597846 0.876178 0.597846 0.877524 0.599641 0.876178 0.601436 0.876178 0.603232 0.873486 0.606822 0.873486 0.610413 0.87214 0.612208 0.87214 0.614004 0.873486 0.612208 0.878869 0.612208 0.880215 0.610413 0.881561 0.610413 0.882907 0.608618 0.885599 0.608618 0.889637 0.603232 0.890983 0.603232 0.893674 0.599641 0.89502 0.599641 0.896366 0.597846 0.897712 0.597846 0.899058 0.59605 0.900404 0.59605 0.90175 0.594255 0.903096 0.594255 0.904441 0.59246 0.905787 0.59246 0.909825 0.587074 0.911171 0.587074 0.912517 0.585278 0.925976 0.585278 0.927322 0.587074 0.927322 0.588869 0.928668 0.590664 0.928668 0.59246 0.927322 0.594255 0.923284 0.594255 0.921938 0.59605 0.9179 0.59605 0.916555 0.597846 0.916555 0.599641 0.915209 0.601436 0.920592 0.601436 0.921938 0.603232 0.923284 0.601436 0.92463 0.601436 0.925976 0.599641 0.928668 0.599641 0.930013 0.597846 0.931359 0.597846 0.932705 0.59605 0.935397 0.59605 0.935397 0.59246 0.936743 0.590664 0.936743 0.587074 0.930013 0.587074 0.928668 0.585278 0.920592 0.585278 0.919246 0.583483 0.912517 0.583483 0.911171 0.581688 0.905787 0.581688
1 0.615074 0.572711 0.613728 0.574506 0.608345 0.574506 0.611036 0.578097 0.635262 0.578097 0.635262 0.572711
1 0.686406 0.570916 0.686406 0.574506 0.694482 0.574506 0.695828 0.576302 0.709287 0.576302 0.710633 0.578097 0.711978 0.576302 0.725437 0.576302 0.724092 0.574506 0.724092 0.572711 0.697174 0.572711 0.695828 0.570916
1 0.328398 0.567325 0.328398 0.579892 0.329744 0.578097 0.359354 0.578097 0.3607 0.579892 0.3607 0.581688 0.359354 0.583483 0.359354 0.585278 0.356662 0.588869 0.356662 0.590664 0.35397 0.594255 0.35397 0.59605 0.352624 0.597846 0.352624 0.599641 0.351279 0.601436 0.351279 0.603232 0.352624 0.605027 0.352624 0.608618 0.35397 0.610413 0.35397 0.614004 0.355316 0.615799 0.355316 0.617594 0.356662 0.615799 0.362046 0.615799 0.363392 0.614004 0.368775 0.614004 0.370121 0.612208 0.374159 0.612208 0.375505 0.610413 0.380888 0.610413 0.382234 0.608618 0.388964 0.608618 0.391655 0.612208 0.393001 0.612208 0.394347 0.614004 0.395693 0.614004 0.398385 0.617594 0.399731 0.617594 0.401077 0.61939 0.401077 0.614004 0.402423 0.612208 0.402423 0.606822 0.403769 0.605027 0.40646 0.605027 0.407806 0.603232 0.411844 0.603232 0.41319 0.601436 0.419919 0.601436 0.421265 0.603232 0.423957 0.603232 0.425303 0.605027 0.429341 0.605027 0.430686 0.606822 0.433378 0.606822 0.434724 0.608618 0.438762 0.608618 0.440108 0.610413 0.441454 0.610413 0.444145 0.614004 0.445491 0.614004 0.446837 0.615799 0.448183 0.615799 0.449529 0.617594 0.450875 0.617594 0.453567 0.621185 0.454913 0.621185 0.456258 0.62298 0.51144 0.62298 0.51144 0.615799 0.485868 0.615799 0.484522 0.614004 0.483176 0.614004 0.48183 0.612208 0.480485 0.612208 0.477793 0.608618 0.476447 0.608618 0.475101 0.606822 0.476447 0.605027 0.495289 0.605027 0.496635 0.603232 0.515478 0.603232 0.51144 0.597846 0.510094 0.597846 0.503365 0.588869 0.499327 0.588869 0.497981 0.587074 0.495289 0.587074 0.493943 0.585278 0.489906 0.585278 0.48856 0.583483 0.485868 0.583483 0.484522 0.581688 0.480485 0.581688 0.479139 0.579892 0.476447 0.579892 0.475101 0.578097 0.471063 0.578097 0.469717 0.576302 0.467026 0.576302 0.46568 0.574506 0.461642 0.574506 0.460296 0.572711 0.395693 0.572711 0.394347 0.570916 0.362046 0.570916 0.3607 0.56912 0.329744 0.56912
1 0.815612 0.547576 0.814266 0.549372 0.811575 0.549372 0.812921 0.551167 0.814266 0.551167 0.818304 0.556553 0.818304 0.558348 0.81965 0.560144 0.81965 0.561939 0.818304 0.563734 0.822342 0.563734 0.823688 0.56553 0.825034 0.563734 0.82638 0.563734 0.827725 0.561939 0.830417 0.561939 0.831763 0.560144 0.831763 0.558348 0.833109 0.556553 0.841184 0.556553 0.84253 0.558348 0.841184 0.556553 0.841184 0.554758 0.839838 0.554758 0.837147 0.551167 0.834455 0.551167 0.833109 0.549372 0.831763 0.551167 0.820996 0.551167 0.81965 0.549372 0.816958 0.549372
1 0.685061 0.545781 0.683715 0.547576 0.681023 0.547576 0.679677 0.549372 0.675639 0.549372 0.674293 0.551167 0.671602 0.551167 0.670256 0.552962 0.666218 0.552962 0.666218 0.554758 0.664872 0.556553 0.664872 0.558348 0.666218 0.556553 0.667564 0.556553 0.66891 0.554758 0.671602 0.554758 0.672948 0.552962 0.674293 0.552962 0.675639 0.551167 0.687752 0.551167 0.689098 0.552962 0.694482 0.552962 0.695828 0.554758 0.699865 0.554758 0.702557 0.558348 0.703903 0.558348 0.706595 0.561939 0.707941 0.561939 0.710633 0.56553 0.711978 0.563734 0.729475 0.563734 0.729475 0.561939 0.730821 0.560144 0.716016 0.560144 0.71467 0.558348 0.716016 0.556553 0.726783 0.556553 0.726783 0.554758 0.728129 0.552962 0.728129 0.551167 0.69852 0.551167 0.697174 0.549372 0.69179 0.549372 0.690444 0.547576 0.686406 0.547576
1 0.257066 0.5386 0.25572 0.540395 0.244953 0.540395 0.242261 0.543986 0.240915 0.543986 0.238223 0.547576 0.236878 0.547576 0.234186 0.551167 0.23284 0.551167 0.231494 0.552962 0.231494 0.554758 0.230148 0.556553 0.235532 0.556553 0.236878 0.554758 0.238223 0.554758 0.239569 0.552962 0.240915 0.552962 0.242261 0.551167 0.243607 0.551167 0.244953 0.549372 0.294751 0.549372 0.296097 0.551167 0.306864 0.551167 0.30821 0.552962 0.30821 0.551167 0.306864 0.549372 0.306864 0.545781 0.297443 0.545781 0.296097 0.543986 0.286676 0.543986 0.28533 0.54219 0.2786 0.54219 0.277254 0.540395 0.271871 0.540395 0.270525 0.5386
1 0.17362 0.536804 0.172275 0.5386 0.165545 0.5386 0.164199 0.540395 0.156124 0.540395 0.154778 0.54219 0.123822 0.54219 0.121131 0.5386 0.119785 0.540395 0.117093 0.540395 0.115747 0.54219 0.113055 0.54219 0.111709 0.543986 0.109017 0.543986 0.107672 0.545781 0.103634 0.545781 0.102288 0.547576 0.099596 0.547576 0.09825 0.549372 0.094213 0.549372 0.092867 0.551167 0.088829 0.551167 0.087483 0.552962 0.084791 0.552962 0.083445 0.554758 0.079408 0.554758 0.079408 0.560144 0.080754 0.558348 0.084791 0.558348 0.086137 0.556553 0.088829 0.556553 0.090175 0.554758 0.094213 0.554758 0.095559 0.552962 0.099596 0.552962 0.100942 0.551167 0.133244 0.551167 0.13459 0.552962 0.131898 0.556553 0.130552 0.556553 0.133244 0.556553 0.13459 0.558348 0.137281 0.558348 0.138627 0.560144 0.139973 0.558348 0.144011 0.558348 0.145357 0.556553 0.149394 0.556553 0.15074 0.554758 0.154778 0.554758 0.156124 0.552962 0.162853 0.552962 0.164199 0.554758 0.166891 0.554758 0.168237 0.556553 0.172275 0.556553 0.17362 0.558348 0.174966 0.556553 0.187079 0.556553 0.188425 0.558348 0.191117 0.554758 0.192463 0.554758 0.192463 0.552962 0.191117 0.551167 0.191117 0.549372 0.189771 0.547576 0.191117 0.545781 0.195155 0.545781 0.196501 0.547576 0.200538 0.547576 0.201884 0.549372 0.205922 0.549372 0.207268 0.551167 0.20996 0.551167 0.211306 0.552962 0.212651 0.551167 0.212651 0.549372 0.219381 0.540395 0.211306 0.540395 0.20996 0.5386 0.208614 0.540395 0.184388 0.540395 0.183042 0.5386 0.174966 0.5386
1 0.74428 0.502693 0.742934 0.504488 0.741588 0.504488 0.740242 0.506284 0.738896 0.506284 0.73755 0.508079 0.736205 0.508079 0.733513 0.51167 0.733513 0.513465 0.730821 0.517056 0.732167 0.517056 0.733513 0.518851 0.734859 0.518851 0.73755 0.522442 0.738896 0.522442 0.741588 0.526032 0.741588 0.527828 0.74428 0.531418 0.74428 0.533214 0.745626 0.535009 0.746972 0.535009 0.748318 0.536804 0.749664 0.536804 0.751009 0.5386 0.752355 0.5386 0.753701 0.540395 0.755047 0.540395 0.756393 0.54219 0.76716 0.54219 0.768506 0.543986 0.779273 0.543986 0.780619 0.545781 0.791386 0.545781 0.792732 0.547576 0.794078 0.545781 0.79677 0.545781 0.79677 0.54219 0.794078 0.54219 0.792732 0.540395 0.791386 0.540395 0.79004 0.5386 0.781965 0.5386 0.780619 0.536804 0.780619 0.533214 0.781965 0.531418 0.781965 0.529623 0.779273 0.529623 0.777927 0.527828 0.775236 0.527828 0.77389 0.526032 0.772544 0.526032 0.771198 0.524237 0.768506 0.524237 0.76716 0.522442 0.764468 0.522442 0.763122 0.520646 0.759085 0.520646 0.757739 0.518851 0.755047 0.518851 0.753701 0.517056 0.751009 0.517056 0.748318 0.513465 0.748318 0.51167 0.745626 0.508079 0.745626 0.506284 0.74428 0.504488
1 0.589502 0.459605 0.588156 0.4614 0.570659 0.4614 0.567968 0.464991 0.566622 0.464991 0.565276 0.466786 0.565276 0.468582 0.566622 0.470377 0.566622 0.473968 0.589502 0.473968 0.590848 0.472172 0.594886 0.472172 0.59354 0.470377 0.592194 0.470377 0.589502 0.466786 0.590848 0.464991 0.598923 0.464991 0.601615 0.468582 0.601615 0.470377 0.604307 0.470377 0.605653 0.472172 0.61642 0.472172 0.617766 0.473968 0.629879 0.473968 0.631225 0.472172 0.633917 0.472172 0.635262 0.470377 0.6393 0.470377 0.637954 0.468582 0.637954 0.466786 0.633917 0.466786 0.632571 0.464991 0.627187 0.464991 0.625841 0.463196 0.621803 0.463196 0.620458 0.4614 0.590848 0.4614
1 0.77389 0.447038 0.772544 0.448833 0.771198 0.448833 0.769852 0.450628 0.76716 0.450628 0.769852 0.454219 0.771198 0.454219 0.772544 0.456014 0.77389 0.454219 0.777927 0.454219 0.788694 0.468582 0.79004 0.468582 0.792732 0.472172 0.794078 0.472172 0.79677 0.475763 0.798116 0.475763 0.799462 0.477558 0.800808 0.477558 0.802153 0.479354 0.803499 0.479354 0.804845 0.481149 0.807537 0.481149 0.808883 0.479354 0.812921 0.479354 0.814266 0.481149 0.815612 0.481149 0.816958 0.482944 0.81965 0.482944 0.820996 0.48474 0.822342 0.48474 0.823688 0.486535 0.827725 0.486535 0.827725 0.481149 0.82638 0.479354 0.825034 0.479354 0.822342 0.475763 0.818304 0.475763 0.816958 0.473968 0.814266 0.473968 0.811575 0.470377 0.811575 0.468582 0.810229 0.466786 0.811575 0.464991 0.820996 0.464991 0.822342 0.463196 0.829071 0.463196 0.830417 0.464991 0.831763 0.464991 0.834455 0.468582 0.834455 0.473968 0.833109 0.475763 0.833109 0.481149 0.834455 0.479354 0.838493 0.479354 0.839838 0.477558 0.839838 0.475763 0.841184 0.473968 0.841184 0.472172 0.84253 0.470377 0.84253 0.468582 0.843876 0.466786 0.843876 0.463196 0.845222 0.4614 0.845222 0.459605 0.843876 0.459605 0.841184 0.456014 0.839838 0.456014 0.837147 0.452424 0.827725 0.452424 0.82638 0.454219 0.822342 0.454219 0.820996 0.456014 0.816958 0.456014 0.815612 0.454219 0.814266 0.454219 0.810229 0.448833 0.775236 0.448833
1 0.067295 0.436266 0.065949 0.438061 0.068641 0.441652 0.069987 0.441652 0.071332 0.443447 0.072678 0.443447 0.074024 0.445242 0.07537 0.445242 0.076716 0.447038 0.078062 0.447038 0.079408 0.448833 0.080754 0.448833 0.0821 0.450628 0.086137 0.450628 0.087483 0.452424 0.091521 0.452424 0.092867 0.454219 0.094213 0.452424 0.09825 0.452424 0.099596 0.450628 0.103634 0.450628 0.091521 0.450628 0.090175 0.448833 0.088829 0.448833 0.087483 0.447038 0.084791 0.447038 0.083445 0.445242 0.0821 0.445242 0.080754 0.443447 0.078062 0.443447 0.076716 0.441652 0.07537 0.441652 0.074024 0.439856 0.071332 0.439856 0.069987 0.438061 0.068641 0.438061
1 0.959623 0.423698 0.955585 0.429084 0.955585 0.43088 0.956931 0.432675 0.956931 0.43447 0.958277 0.436266 0.958277 0.438061 0.959623 0.439856 0.959623 0.441652 0.960969 0.443447 0.960969 0.445242 0.963661 0.448833 0.963661 0.450628 0.967699 0.456014 0.967699 0.45781 0.97039 0.4614 0.971736 0.459605 0.974428 0.459605 0.973082 0.45781 0.973082 0.456014 0.971736 0.454219 0.971736 0.452424 0.97039 0.450628 0.97039 0.448833 0.967699 0.445242 0.967699 0.443447 0.966353 0.441652 0.966353 0.439856 0.965007 0.438061 0.965007 0.436266 0.963661 0.43447 0.963661 0.432675 0.962315 0.43088 0.962315 0.429084 0.960969 0.427289 0.960969 0.425494
1 0.495289 0.423698 0.493943 0.425494 0.493943 0.427289 0.491252 0.43088 0.496635 0.43088 0.497981 0.432675 0.506057 0.432675 0.504711 0.43088 0.504711 0.429084 0.503365 0.427289 0.503365 0.425494 0.496635 0.425494
