0 0.816958 0.971275 0.814266 0.974865 0.812921 0.974865 0.815612 0.978456 0.815612 0.980251 0.81965 0.985637 0.81965 0.987433 0.825034 0.994614 0.825034 0.996409 0.82638 0.998205 0.839838 0.998205 0.839838 0.996409 0.837147 0.992819 0.837147 0.991023 0.834455 0.987433 0.834455 0.985637 0.830417 0.980251 0.830417 0.978456 0.827725 0.974865 0.827725 0.97307 0.82638 0.971275
0 0.76716 0.951526 0.76716 0.953321 0.775236 0.964093 0.776581 0.964093 0.781965 0.971275 0.781965 0.97307 0.783311 0.974865 0.783311 0.976661 0.784657 0.978456 0.784657 0.980251 0.786003 0.982047 0.786003 0.985637 0.787349 0.987433 0.787349 0.989228 0.788694 0.991023 0.788694 0.992819 0.79004 0.994614 0.79004 0.996409 0.791386 0.998205 0.79677 0.998205 0.79677 0.996409 0.795424 0.994614 0.795424 0.992819 0.794078 0.991023 0.794078 0.989228 0.792732 0.987433 0.792732 0.985637 0.791386 0.983842 0.791386 0.982047 0.79004 0.980251 0.79004 0.978456 0.788694 0.976661 0.788694 0.974865 0.787349 0.97307 0.787349 0.971275 0.77389 0.953321 0.769852 0.953321 0.768506 0.951526
0 0.282638 0.883303 0.282638 0.886894 0.281292 0.888689 0.281292 0.890485 0.283984 0.890485 0.28533 0.89228 0.288022 0.89228 0.289367 0.894075 0.290713 0.894075 0.292059 0.895871 0.294751 0.895871 0.296097 0.897666 0.297443 0.895871 0.30148 0.895871 0.302826 0.894075 0.30821 0.894075 0.30821 0.888689 0.304172 0.888689 0.302826 0.886894 0.298789 0.886894 0.297443 0.885099 0.294751 0.885099 0.293405 0.883303
0 0.629879 0.867145 0.628533 0.868941 0.628533 0.870736 0.625841 0.874327 0.625841 0.876122 0.624495 0.877917 0.625841 0.877917 0.628533 0.881508 0.629879 0.881508 0.631225 0.883303 0.632571 0.883303 0.633917 0.885099 0.635262 0.885099 0.637954 0.888689 0.6393 0.888689 0.640646 0.890485 0.641992 0.888689 0.644684 0.888689 0.64603 0.886894 0.648721 0.886894 0.64603 0.883303 0.64603 0.881508 0.641992 0.876122 0.641992 0.874327 0.6393 0.870736 0.635262 0.870736 0.633917 0.868941 0.631225 0.868941
0 0.59354 0.847397 0.592194 0.849192 0.581427 0.849192 0.581427 0.852783 0.582773 0.854578 0.582773 0.859964 0.584118 0.861759 0.584118 0.863555 0.585464 0.86535 0.585464 0.867145 0.58681 0.868941 0.58681 0.870736 0.589502 0.867145 0.589502 0.86535 0.592194 0.861759 0.600269 0.861759 0.600269 0.847397
0 0.181696 0.818671 0.18035 0.820467 0.174966 0.820467 0.174966 0.827648 0.17362 0.829443 0.17362 0.836625 0.174966 0.836625 0.176312 0.83842 0.177658 0.83842 0.179004 0.840215 0.179004 0.843806 0.18035 0.845601 0.18035 0.850987 0.181696 0.849192 0.187079 0.849192 0.188425 0.847397 0.188425 0.845601 0.192463 0.840215 0.192463 0.83842 0.196501 0.833034 0.196501 0.831239 0.197847 0.829443 0.197847 0.827648 0.199192 0.825853 0.199192 0.824057 0.200538 0.822262 0.197847 0.822262 0.196501 0.820467 0.193809 0.820467 0.192463 0.818671 0.189771 0.822262 0.188425 0.822262 0.187079 0.824057 0.185734 0.822262 0.184388 0.822262
0 0.359354 0.804309 0.356662 0.807899 0.356662 0.809695 0.35397 0.813285 0.358008 0.818671 0.358008 0.820467 0.3607 0.824057 0.362046 0.822262 0.366083 0.822262 0.367429 0.820467 0.372813 0.820467 0.374159 0.818671 0.374159 0.816876 0.376851 0.813285 0.374159 0.809695 0.374159 0.807899 0.371467 0.804309
0 0.30148 0.779174 0.300135 0.780969 0.300135 0.782765 0.298789 0.78456 0.304172 0.791741 0.305518 0.789946 0.306864 0.789946 0.309556 0.786355 0.310902 0.786355 0.310902 0.78456 0.309556 0.782765 0.309556 0.779174
0 0.269179 0.754039 0.267833 0.755835 0.266487 0.755835 0.265141 0.75763 0.26245 0.75763 0.263795 0.759425 0.265141 0.759425 0.269179 0.764811
0 0.269179 0.723519 0.267833 0.725314 0.266487 0.725314 0.265141 0.72711 0.26245 0.72711 0.257066 0.734291 0.258412 0.734291 0.261104 0.737882 0.26245 0.737882 0.263795 0.739677 0.265141 0.737882 0.269179 0.737882 0.270525 0.736086 0.275908 0.736086 0.275908 0.734291 0.277254 0.732496 0.277254 0.7307 0.275908 0.7307 0.273217 0.72711 0.271871 0.72711
0 0.20996 0.70018 0.208614 0.701975 0.20323 0.701975 0.204576 0.70377 0.204576 0.705566 0.207268 0.709156 0.207268 0.710952 0.208614 0.712747 0.208614 0.714542 0.20996 0.716338 0.216689 0.716338 0.216689 0.714542 0.218035 0.712747 0.218035 0.707361 0.219381 0.705566 0.219381 0.70377 0.215343 0.70377 0.213997 0.701975 0.211306 0.701975
0 0.230148 0.696589 0.228802 0.698384 0.228802 0.70018 0.22611 0.70377 0.22611 0.705566 0.227456 0.707361 0.227456 0.710952 0.246299 0.710952 0.247645 0.712747 0.247645 0.707361 0.248991 0.705566 0.248991 0.701975 0.240915 0.701975 0.239569 0.70018 0.235532 0.70018 0.234186 0.698384 0.231494 0.698384
0 0.728129 0.680431 0.726783 0.682226 0.726783 0.684022 0.724092 0.687612 0.725437 0.689408 0.725437 0.691203 0.728129 0.694794 0.728129 0.696589 0.729475 0.698384 0.745626 0.698384 0.745626 0.689408 0.74428 0.689408 0.741588 0.685817 0.740242 0.685817 0.73755 0.682226 0.736205 0.682226 0.734859 0.680431
0 0.2786 0.667864 0.274563 0.67325 0.274563 0.675045 0.266487 0.685817 0.266487 0.687612 0.26245 0.692998 0.26245 0.696589 0.261104 0.698384 0.261104 0.701975 0.267833 0.701975 0.270525 0.698384 0.270525 0.696589 0.274563 0.691203 0.274563 0.689408 0.277254 0.685817 0.281292 0.685817 0.282638 0.687612 0.282638 0.67684 0.281292 0.675045 0.281292 0.67325 0.279946 0.671454 0.279946 0.669659
0 0.305518 0.56553 0.297443 0.576302 0.296097 0.576302 0.290713 0.583483 0.292059 0.581688 0.304172 0.581688 0.305518 0.579892 0.317631 0.579892 0.310902 0.570916 0.309556 0.570916
0 0.3607 0.554758 0.359354 0.556553 0.351279 0.556553 0.351279 0.558348 0.349933 0.560144 0.349933 0.561939 0.347241 0.56553 0.344549 0.56553 0.343203 0.567325 0.340511 0.567325 0.340511 0.56912 0.339166 0.570916 0.339166 0.572711 0.33782 0.574506 0.33782 0.576302 0.339166 0.574506 0.364738 0.574506 0.362046 0.570916 0.362046 0.56912 0.359354 0.56553 0.359354 0.560144 0.3607 0.558348
0 0.441454 0.547576 0.441454 0.549372 0.440108 0.551167 0.440108 0.556553 0.438762 0.558348 0.438762 0.561939 0.437416 0.563734 0.437416 0.56553 0.441454 0.56553 0.442799 0.567325 0.446837 0.567325 0.448183 0.56912 0.448183 0.581688 0.446837 0.583483 0.446837 0.587074 0.445491 0.588869 0.444145 0.588869 0.441454 0.59246 0.440108 0.59246 0.438762 0.594255 0.437416 0.594255 0.434724 0.597846 0.433378 0.597846 0.430686 0.601436 0.429341 0.601436 0.427995 0.603232 0.426649 0.603232 0.423957 0.606822 0.422611 0.606822 0.422611 0.610413 0.421265 0.612208 0.421265 0.614004 0.419919 0.615799 0.418573 0.615799 0.417227 0.614004 0.414536 0.614004 0.41319 0.612208 0.410498 0.612208 0.409152 0.610413 0.407806 0.612208 0.40646 0.612208 0.405114 0.614004 0.403769 0.614004 0.405114 0.614004 0.407806 0.617594 0.409152 0.617594 0.411844 0.621185 0.410498 0.62298 0.410498 0.624776 0.407806 0.628366 0.407806 0.630162 0.40646 0.631957 0.40646 0.640934 0.407806 0.639138 0.411844 0.639138 0.41319 0.637343 0.417227 0.637343 0.423957 0.64632 0.425303 0.64632 0.426649 0.648115 0.427995 0.648115 0.429341 0.64991 0.430686 0.64991 0.432032 0.651706 0.433378 0.651706 0.434724 0.653501 0.43607 0.653501 0.437416 0.655296 0.437416 0.653501 0.43607 0.651706 0.43607 0.648115 0.434724 0.64632 0.434724 0.640934 0.433378 0.639138 0.433378 0.637343 0.43607 0.633752 0.433378 0.630162 0.433378 0.628366 0.430686 0.624776 0.429341 0.624776 0.426649 0.621185 0.425303 0.621185 0.423957 0.61939 0.422611 0.61939 0.419919 0.615799 0.421265 0.614004 0.43607 0.614004 0.437416 0.615799 0.438762 0.614004 0.440108 0.614004 0.442799 0.610413 0.444145 0.610413 0.445491 0.608618 0.446837 0.608618 0.448183 0.606822 0.449529 0.606822 0.452221 0.603232 0.453567 0.603232 0.454913 0.601436 0.456258 0.601436 0.457604 0.599641 0.460296 0.599641 0.461642 0.597846 0.462988 0.597846 0.462988 0.59605 0.461642 0.594255 0.461642 0.59246 0.460296 0.590664 0.460296 0.588869 0.45895 0.587074 0.45895 0.585278 0.457604 0.583483 0.457604 0.570916 0.45895 0.56912 0.464334 0.56912 0.46568 0.570916 0.472409 0.570916 0.473755 0.572711 0.480485 0.572711 0.48183 0.574506 0.48856 0.574506 0.489906 0.576302 0.489906 0.570916 0.48856 0.56912 0.48856 0.56553 0.489906 0.563734 0.491252 0.56553 0.492598 0.56553 0.492598 0.563734 0.489906 0.563734 0.48856 0.561939 0.484522 0.561939 0.483176 0.560144 0.480485 0.560144 0.479139 0.558348 0.476447 0.558348 0.475101 0.556553 0.471063 0.556553 0.469717 0.554758 0.467026 0.554758 0.46568 0.552962 0.462988 0.552962 0.461642 0.551167 0.457604 0.551167 0.456258 0.549372 0.453567 0.549372 0.452221 0.547576
0 0.624495 0.513465 0.619112 0.520646 0.627187 0.520646 0.628533 0.522442 0.621803 0.531418 0.60969 0.531418 0.608345 0.533214 0.608345 0.535009 0.606999 0.536804 0.606999 0.5386 0.605653 0.540395 0.605653 0.54219 0.604307 0.543986 0.605653 0.545781 0.605653 0.547576 0.606999 0.549372 0.608345 0.547576 0.631225 0.547576 0.632571 0.549372 0.627187 0.556553 0.627187 0.558348 0.625841 0.560144 0.625841 0.561939 0.624495 0.563734 0.624495 0.56553 0.623149 0.567325 0.623149 0.56912 0.621803 0.570916 0.620458 0.570916 0.619112 0.572711 0.61642 0.572711 0.615074 0.574506 0.60969 0.574506 0.608345 0.572711 0.604307 0.572711 0.602961 0.570916 0.600269 0.570916 0.598923 0.56912 0.594886 0.56912 0.59354 0.567325 0.590848 0.570916 0.59354 0.574506 0.59354 0.576302 0.596231 0.579892 0.596231 0.587074 0.598923 0.587074 0.600269 0.588869 0.602961 0.588869 0.604307 0.590664 0.605653 0.590664 0.606999 0.59246 0.60969 0.59246 0.611036 0.594255 0.61642 0.594255 0.617766 0.59605 0.624495 0.59605 0.625841 0.597846 0.631225 0.597846 0.632571 0.599641 0.637954 0.599641 0.6393 0.601436 0.640646 0.599641 0.647376 0.599641 0.648721 0.597846 0.655451 0.597846 0.659489 0.59246 0.659489 0.590664 0.666218 0.581688 0.667564 0.581688 0.66891 0.579892 0.66891 0.572711 0.667564 0.572711 0.664872 0.56912 0.652759 0.585278 0.617766 0.585278 0.61642 0.583483 0.61642 0.578097 0.617766 0.576302 0.621803 0.576302 0.623149 0.574506 0.625841 0.574506 0.627187 0.572711 0.631225 0.572711 0.632571 0.570916 0.635262 0.570916 0.636608 0.56912 0.6393 0.56912 0.6393 0.567325 0.640646 0.56553 0.640646 0.561939 0.641992 0.560144 0.641992 0.556553 0.643338 0.554758 0.643338 0.549372 0.64603 0.545781 0.655451 0.545781 0.658143 0.54219 0.659489 0.54219 0.660834 0.540395 0.66218 0.540395 0.663526 0.54219 0.664872 0.54219 0.666218 0.543986 0.667564 0.543986 0.66891 0.545781 0.66891 0.561939 0.671602 0.56553 0.671602 0.567325 0.674293 0.570916 0.675639 0.56912 0.678331 0.56912 0.679677 0.570916 0.681023 0.570916 0.683715 0.574506 0.685061 0.574506 0.687752 0.578097 0.689098 0.576302 0.695828 0.576302 0.697174 0.574506 0.705249 0.574506 0.705249 0.56912 0.703903 0.567325 0.703903 0.561939 0.702557 0.563734 0.695828 0.563734 0.694482 0.56553 0.689098 0.56553 0.687752 0.563734 0.687752 0.554758 0.689098 0.552962 0.689098 0.545781 0.690444 0.543986 0.694482 0.543986 0.695828 0.545781 0.699865 0.545781 0.701211 0.547576 0.703903 0.547576 0.705249 0.549372 0.706595 0.549372 0.707941 0.551167 0.710633 0.551167 0.711978 0.552962 0.71467 0.552962 0.716016 0.554758 0.717362 0.554758 0.718708 0.556553 0.7214 0.556553 0.722746 0.558348 0.722746 0.551167 0.724092 0.549372 0.724092 0.543986 0.722746 0.543986 0.7214 0.54219 0.718708 0.54219 0.717362 0.540395 0.716016 0.540395 0.71467 0.5386 0.713324 0.5386 0.711978 0.536804 0.709287 0.536804 0.707941 0.535009 0.706595 0.535009 0.705249 0.533214 0.703903 0.533214 0.702557 0.531418 0.699865 0.531418 0.69852 0.529623 0.697174 0.529623 0.695828 0.527828 0.694482 0.529623 0.69179 0.529623 0.690444 0.531418 0.687752 0.531418 0.686406 0.533214 0.683715 0.533214 0.682369 0.535009 0.682369 0.536804 0.681023 0.5386 0.681023 0.540395 0.679677 0.54219 0.679677 0.543986 0.678331 0.545781 0.676985 0.545781 0.674293 0.54219 0.672948 0.54219 0.670256 0.5386 0.66891 0.5386 0.666218 0.535009 0.664872 0.535009 0.660834 0.529623 0.660834 0.527828 0.659489 0.526032 0.659489 0.522442 0.658143 0.520646 0.658143 0.517056 0.655451 0.517056 0.654105 0.51526 0.651413 0.51526 0.650067 0.513465 0.648721 0.51526 0.64603 0.51526 0.644684 0.517056 0.643338 0.517056 0.641992 0.518851 0.629879 0.518851 0.627187 0.51526 0.625841 0.51526
0 0.375505 0.497307 0.374159 0.499102 0.367429 0.499102 0.366083 0.500898 0.366083 0.502693 0.364738 0.504488 0.364738 0.506284 0.362046 0.509874 0.3607 0.509874 0.359354 0.51167 0.358008 0.51167 0.356662 0.513465 0.355316 0.513465 0.35397 0.51526 0.352624 0.51526 0.351279 0.517056 0.347241 0.517056 0.363392 0.517056 0.364738 0.518851 0.363392 0.520646 0.356662 0.520646 0.355316 0.522442 0.35397 0.522442 0.352624 0.524237 0.349933 0.524237 0.352624 0.527828 0.352624 0.529623 0.35397 0.531418 0.366083 0.531418 0.367429 0.529623 0.367429 0.527828 0.368775 0.526032 0.368775 0.524237 0.370121 0.522442 0.370121 0.509874 0.371467 0.508079 0.372813 0.508079 0.376851 0.513465 0.380888 0.508079 0.379542 0.506284 0.379542 0.504488 0.376851 0.500898 0.376851 0.499102
0 0.452221 0.495512 0.452221 0.499102 0.450875 0.500898 0.450875 0.508079 0.452221 0.509874 0.452221 0.517056 0.450875 0.518851 0.449529 0.518851 0.448183 0.520646 0.446837 0.520646 0.446837 0.522442 0.445491 0.524237 0.445491 0.526032 0.444145 0.527828 0.444145 0.529623 0.442799 0.531418 0.444145 0.531418 0.445491 0.533214 0.448183 0.533214 0.449529 0.535009 0.450875 0.535009 0.452221 0.536804 0.456258 0.536804 0.457604 0.5386 0.461642 0.5386 0.462988 0.540395 0.467026 0.540395 0.468371 0.54219 0.483176 0.54219 0.484522 0.543986 0.485868 0.54219 0.492598 0.54219 0.493943 0.540395 0.502019 0.540395 0.502019 0.5386 0.503365 0.536804 0.503365 0.531418 0.504711 0.529623 0.504711 0.527828 0.503365 0.526032 0.502019 0.526032 0.497981 0.520646 0.497981 0.51526 0.499327 0.513465 0.499327 0.508079 0.497981 0.509874 0.491252 0.509874 0.489906 0.51167 0.48183 0.51167 0.479139 0.508079 0.479139 0.506284 0.477793 0.504488 0.477793 0.502693 0.476447 0.504488 0.467026 0.504488 0.464334 0.500898 0.464334 0.499102 0.462988 0.497307 0.453567 0.497307
0 0.717362 0.463196 0.717362 0.464991 0.718708 0.466786 0.718708 0.472172 0.720054 0.473968 0.720054 0.477558 0.724092 0.477558 0.725437 0.479354 0.729475 0.479354 0.730821 0.481149 0.745626 0.481149 0.745626 0.479354 0.746972 0.477558 0.746972 0.475763 0.745626 0.473968 0.745626 0.472172 0.74428 0.470377 0.74428 0.468582 0.742934 0.466786 0.741588 0.468582 0.728129 0.468582 0.726783 0.466786 0.722746 0.466786 0.7214 0.464991 0.718708 0.464991
0 0.231494 0.454219 0.230148 0.456014 0.227456 0.456014 0.22611 0.45781 0.222073 0.45781 0.220727 0.459605 0.218035 0.459605 0.218035 0.468582 0.213997 0.473968 0.213997 0.475763 0.215343 0.477558 0.215343 0.479354 0.216689 0.477558 0.223419 0.477558 0.22611 0.481149 0.227456 0.479354 0.234186 0.479354 0.236878 0.475763 0.238223 0.475763 0.240915 0.472172 0.246299 0.472172 0.247645 0.470377 0.254374 0.470377 0.246299 0.459605 0.242261 0.459605 0.240915 0.45781 0.238223 0.45781 0.236878 0.456014 0.23284 0.456014
0 0.471063 0.423698 0.469717 0.425494 0.469717 0.427289 0.467026 0.43088 0.467026 0.43447 0.46568 0.436266 0.46568 0.439856 0.477793 0.439856 0.479139 0.438061 0.48183 0.438061 0.483176 0.436266 0.484522 0.436266 0.485868 0.43447 0.48856 0.43447 0.477793 0.43447 0.473755 0.429084 0.473755 0.427289
0 0.38358 0.40754 0.38358 0.412926 0.384926 0.414722 0.384926 0.420108 0.386272 0.418312 0.394347 0.418312 0.395693 0.416517 0.40646 0.416517 0.40646 0.414722 0.405114 0.412926 0.405114 0.411131 0.397039 0.411131 0.395693 0.409336 0.388964 0.409336 0.387618 0.40754
0 0.69179 0.387792 0.687752 0.393178 0.687752 0.394973 0.683715 0.400359 0.687752 0.405745 0.687752 0.414722 0.686406 0.416517 0.686406 0.427289 0.685061 0.429084 0.685061 0.432675 0.690444 0.432675 0.69179 0.43088 0.699865 0.43088 0.701211 0.429084 0.709287 0.429084 0.717362 0.439856 0.718708 0.438061 0.728129 0.438061 0.726783 0.436266 0.726783 0.43447 0.725437 0.432675 0.725437 0.43088 0.724092 0.429084 0.724092 0.427289 0.725437 0.425494 0.745626 0.425494 0.745626 0.423698 0.74428 0.421903 0.74428 0.420108 0.742934 0.421903 0.702557 0.421903 0.701211 0.420108 0.702557 0.418312 0.702557 0.416517 0.703903 0.414722 0.703903 0.412926 0.702557 0.411131 0.702557 0.409336 0.701211 0.40754 0.701211 0.405745 0.699865 0.40395 0.699865 0.402154 0.701211 0.400359 0.702557 0.400359 0.703903 0.398564 0.705249 0.398564 0.706595 0.396768 0.707941 0.396768 0.706595 0.394973 0.706595 0.393178 0.705249 0.391382 0.705249 0.389587 0.693136 0.389587
0 0.694482 0.362657 0.693136 0.364452 0.689098 0.364452 0.687752 0.366248 0.682369 0.366248 0.681023 0.368043 0.676985 0.368043 0.676985 0.373429 0.675639 0.375224 0.675639 0.378815 0.676985 0.378815 0.678331 0.38061 0.679677 0.38061 0.681023 0.382406 0.682369 0.38061 0.685061 0.38061 0.686406 0.378815 0.689098 0.378815 0.690444 0.37702 0.693136 0.37702 0.694482 0.375224 0.697174 0.375224 0.697174 0.373429 0.69852 0.371634 0.69852 0.369838 0.695828 0.366248 0.695828 0.364452
0 0.720054 0.341113 0.720054 0.342908 0.718708 0.344704 0.718708 0.346499 0.717362 0.348294 0.717362 0.35009 0.718708 0.35009 0.7214 0.35368 0.722746 0.35368 0.728129 0.360862 0.729475 0.360862 0.733513 0.366248 0.734859 0.364452 0.73755 0.364452 0.73755 0.362657 0.738896 0.360862 0.738896 0.359066 0.740242 0.357271 0.740242 0.355476 0.741588 0.35368 0.741588 0.35009 0.740242 0.348294 0.740242 0.346499 0.738896 0.344704 0.738896 0.342908 0.73755 0.344704 0.730821 0.344704 0.729475 0.342908 0.728129 0.342908 0.726783 0.341113
1 0.393001 0.951526 0.393001 0.953321 0.391655 0.955117 0.391655 0.956912 0.39031 0.958707 0.391655 0.960503 0.391655 0.962298 0.393001 0.964093 0.393001 0.976661 0.395693 0.976661 0.397039 0.978456 0.397039 0.97307 0.398385 0.971275 0.398385 0.965889 0.399731 0.964093 0.399731 0.960503 0.401077 0.958707 0.401077 0.956912 0.402423 0.955117 0.402423 0.953321 0.394347 0.953321
1 0.22611 0.922801 0.22611 0.924596 0.224764 0.926391 0.224764 0.928187 0.26245 0.928187 0.263795 0.929982 0.263795 0.928187 0.265141 0.926391 0.265141 0.924596 0.227456 0.924596
1 0.51144 0.921005 0.508748 0.924596 0.507402 0.924596 0.506057 0.926391 0.504711 0.926391 0.503365 0.924596 0.502019 0.924596 0.500673 0.922801 0.495289 0.929982 0.495289 0.931777 0.496635 0.933573 0.496635 0.935368 0.497981 0.935368 0.499327 0.937163 0.500673 0.937163 0.502019 0.938959 0.503365 0.938959 0.504711 0.940754 0.506057 0.940754 0.507402 0.942549 0.508748 0.942549 0.510094 0.944345 0.51144 0.944345 0.514132 0.947935 0.515478 0.947935 0.516824 0.949731 0.51817 0.947935 0.520861 0.947935 0.522207 0.94614 0.523553 0.94614 0.524899 0.944345 0.526245 0.944345 0.528937 0.947935 0.528937 0.956912 0.527591 0.958707 0.527591 0.971275 0.526245 0.97307 0.526245 0.978456 0.527591 0.978456 0.528937 0.980251 0.528937 0.978456 0.530283 0.976661 0.530283 0.97307 0.531629 0.971275 0.531629 0.967684 0.532974 0.965889 0.532974 0.962298 0.53432 0.960503 0.53432 0.956912 0.535666 0.955117 0.535666 0.951526 0.537012 0.949731 0.537012 0.94614 0.538358 0.944345 0.538358 0.942549 0.537012 0.940754 0.537012 0.938959 0.535666 0.937163 0.535666 0.935368 0.53432 0.933573 0.53432 0.931777 0.532974 0.929982 0.532974 0.928187 0.528937 0.933573 0.527591 0.933573 0.526245 0.935368 0.523553 0.935368 0.522207 0.933573 0.519515 0.933573 0.51817 0.931777 0.515478 0.931777 0.514132 0.929982 0.514132 0.928187 0.512786 0.926391 0.512786 0.924596 0.51144 0.922801
1 0.753701 0.91921 0.753701 0.921005 0.752355 0.922801 0.752355 0.924596 0.751009 0.926391 0.755047 0.926391 0.756393 0.928187 0.759085 0.928187 0.764468 0.935368 0.764468 0.937163 0.76716 0.940754 0.771198 0.935368 0.772544 0.935368 0.775236 0.931777 0.77389 0.929982 0.772544 0.929982 0.769852 0.926391 0.768506 0.926391 0.765814 0.922801 0.764468 0.922801 0.761777 0.91921
1 0.047106 0.899461 0.04576 0.901257 0.044415 0.901257 0.041723 0.904847 0.036339 0.904847 0.034993 0.903052 0.033647 0.904847 0.032301 0.904847 0.030956 0.906643 0.02961 0.906643 0.028264 0.908438 0.026918 0.908438 0.026918 0.910233 0.025572 0.912029 0.025572 0.913824 0.024226 0.915619 0.024226 0.917415 0.025572 0.915619 0.028264 0.915619 0.02961 0.913824 0.030956 0.913824 0.032301 0.915619 0.032301 0.917415 0.033647 0.91921 0.033647 0.922801 0.034993 0.924596 0.036339 0.924596 0.039031 0.928187 0.039031 0.926391 0.040377 0.924596 0.040377 0.922801 0.041723 0.921005 0.041723 0.91921 0.043069 0.917415 0.043069 0.915619 0.044415 0.913824 0.04576 0.913824 0.047106 0.912029 0.048452 0.912029 0.049798 0.910233 0.051144 0.910233 0.05249 0.908438 0.053836 0.908438 0.055182 0.906643 0.056528 0.906643 0.056528 0.901257 0.048452 0.901257
1 0.701211 0.86535 0.701211 0.867145 0.702557 0.868941 0.702557 0.870736 0.703903 0.872531 0.703903 0.874327 0.705249 0.874327 0.706595 0.876122 0.709287 0.876122 0.710633 0.877917 0.711978 0.877917 0.716016 0.883303 0.716016 0.885099 0.717362 0.886894 0.7214 0.881508 0.711978 0.868941 0.707941 0.868941 0.706595 0.867145 0.702557 0.867145
1 0.121131 0.858169 0.119785 0.859964 0.118439 0.859964 0.117093 0.861759 0.115747 0.861759 0.117093 0.863555 0.117093 0.86535 0.119785 0.868941 0.119785 0.870736 0.123822 0.876122 0.123822 0.877917 0.126514 0.881508 0.126514 0.883303 0.12786 0.885099 0.130552 0.881508 0.131898 0.881508 0.130552 0.879713 0.130552 0.877917 0.129206 0.876122 0.129206 0.874327 0.126514 0.870736 0.126514 0.868941 0.123822 0.86535 0.123822 0.863555 0.122476 0.861759 0.122476 0.859964
1 0.415882 0.854578 0.411844 0.859964 0.410498 0.859964 0.407806 0.863555 0.405114 0.863555 0.403769 0.86535 0.401077 0.86535 0.401077 0.868941 0.402423 0.870736 0.402423 0.876122 0.403769 0.877917 0.403769 0.881508 0.405114 0.879713 0.410498 0.879713 0.411844 0.881508 0.411844 0.888689 0.419919 0.888689 0.421265 0.886894 0.422611 0.886894 0.423957 0.885099 0.425303 0.885099 0.426649 0.883303 0.430686 0.883303 0.432032 0.885099 0.434724 0.885099 0.43607 0.886894 0.437416 0.885099 0.438762 0.885099 0.440108 0.883303 0.442799 0.883303 0.442799 0.876122 0.444145 0.874327 0.444145 0.867145 0.437416 0.867145 0.43607 0.868941 0.433378 0.868941 0.432032 0.870736 0.427995 0.870736 0.426649 0.868941 0.426649 0.867145 0.430686 0.861759 0.427995 0.861759 0.426649 0.859964 0.423957 0.859964 0.422611 0.858169 0.421265 0.858169 0.419919 0.856373 0.417227 0.856373
1 0.683715 0.852783 0.682369 0.854578 0.681023 0.854578 0.679677 0.856373 0.678331 0.856373 0.679677 0.856373 0.682369 0.859964 0.681023 0.861759 0.681023 0.863555 0.679677 0.86535 0.682369 0.86535 0.683715 0.867145 0.685061 0.86535 0.686406 0.86535 0.687752 0.863555 0.689098 0.863555 0.690444 0.861759 0.690444 0.859964 0.69179 0.858169 0.69179 0.856373 0.693136 0.854578 0.685061 0.854578
1 0.508748 0.797127 0.507402 0.798923 0.48856 0.798923 0.48856 0.800718 0.487214 0.802513 0.487214 0.804309 0.485868 0.806104 0.495289 0.806104 0.496635 0.804309 0.499327 0.804309 0.500673 0.802513 0.503365 0.802513 0.506057 0.806104 0.506057 0.807899 0.507402 0.809695 0.507402 0.81149 0.506057 0.813285 0.504711 0.813285 0.502019 0.816876 0.496635 0.816876 0.495289 0.815081 0.491252 0.815081 0.489906 0.813285 0.487214 0.816876 0.487214 0.818671 0.48856 0.820467 0.48856 0.825853 0.489906 0.827648 0.489906 0.833034 0.491252 0.834829 0.491252 0.83842 0.502019 0.83842 0.502019 0.836625 0.503365 0.834829 0.503365 0.831239 0.504711 0.829443 0.504711 0.827648 0.506057 0.825853 0.506057 0.824057 0.507402 0.822262 0.508748 0.822262 0.510094 0.820467 0.51144 0.820467 0.512786 0.818671 0.514132 0.818671 0.515478 0.816876 0.516824 0.816876 0.516824 0.815081 0.51817 0.813285 0.51817 0.81149 0.519515 0.809695 0.519515 0.807899 0.51817 0.809695 0.512786 0.809695 0.51144 0.807899 0.512786 0.806104 0.512786 0.804309 0.514132 0.802513 0.514132 0.800718 0.515478 0.798923 0.510094 0.798923
1 0.341857 0.75763 0.340511 0.759425 0.335128 0.759425 0.335128 0.779174 0.33782 0.779174 0.339166 0.780969 0.340511 0.780969 0.341857 0.782765 0.343203 0.780969 0.351279 0.780969 0.351279 0.773788 0.349933 0.771993 0.348587 0.771993 0.345895 0.768402 0.344549 0.768402 0.341857 0.764811
1 0.230148 0.755835 0.228802 0.75763 0.227456 0.75763 0.22611 0.759425 0.224764 0.759425 0.223419 0.761221 0.222073 0.761221 0.220727 0.763016 0.219381 0.763016 0.219381 0.779174 0.220727 0.780969 0.220727 0.782765 0.223419 0.786355 0.223419 0.788151 0.224764 0.789946 0.22611 0.788151 0.22611 0.786355 0.228802 0.782765 0.228802 0.780969 0.230148 0.779174 0.235532 0.786355 0.235532 0.788151 0.239569 0.793537 0.240915 0.793537 0.242261 0.795332 0.243607 0.795332 0.244953 0.797127 0.246299 0.797127 0.247645 0.798923 0.248991 0.798923 0.250336 0.800718 0.251682 0.800718 0.253028 0.802513 0.25572 0.798923 0.257066 0.798923 0.258412 0.797127 0.257066 0.795332 0.25572 0.795332 0.250336 0.788151 0.248991 0.788151 0.246299 0.78456 0.247645 0.782765 0.250336 0.782765 0.251682 0.780969 0.25572 0.780969 0.254374 0.780969 0.251682 0.777379 0.250336 0.777379 0.248991 0.775583 0.247645 0.775583 0.244953 0.771993 0.243607 0.771993 0.242261 0.770197 0.242261 0.768402 0.240915 0.766607 0.240915 0.764811 0.239569 0.763016 0.239569 0.761221 0.238223 0.759425 0.238223 0.75763 0.231494 0.75763
1 0.201884 0.644524 0.199192 0.648115 0.199192 0.64991 0.196501 0.653501 0.197847 0.655296 0.199192 0.655296 0.20323 0.660682 0.205922 0.657092 0.207268 0.657092 0.20996 0.653501 0.211306 0.655296 0.211306 0.657092 0.212651 0.658887 0.212651 0.664273 0.223419 0.664273 0.224764 0.666068 0.224764 0.675045 0.223419 0.67684 0.223419 0.678636 0.219381 0.684022 0.219381 0.685817 0.216689 0.689408 0.222073 0.689408 0.223419 0.691203 0.224764 0.689408 0.224764 0.687612 0.22611 0.685817 0.22611 0.684022 0.228802 0.680431 0.228802 0.678636 0.230148 0.67684 0.230148 0.675045 0.231494 0.67325 0.231494 0.671454 0.23284 0.669659 0.23284 0.666068 0.234186 0.664273 0.234186 0.662478 0.228802 0.655296 0.228802 0.653501 0.224764 0.648115 0.212651 0.648115 0.211306 0.64632 0.20323 0.64632
1 0.58681 0.628366 0.585464 0.630162 0.580081 0.630162 0.578735 0.631957 0.574697 0.631957 0.573351 0.633752 0.567968 0.633752 0.566622 0.635548 0.561238 0.635548 0.559892 0.637343 0.555855 0.637343 0.554509 0.639138 0.549125 0.639138 0.547779 0.640934 0.542396 0.640934 0.54105 0.642729 0.537012 0.642729 0.535666 0.644524 0.530283 0.644524 0.528937 0.64632 0.526245 0.64632 0.524899 0.648115 0.522207 0.648115 0.520861 0.64991 0.51817 0.64991 0.516824 0.651706 0.514132 0.651706 0.512786 0.653501 0.51144 0.653501 0.510094 0.655296 0.507402 0.655296 0.506057 0.657092 0.503365 0.657092 0.502019 0.658887 0.499327 0.658887 0.497981 0.660682 0.495289 0.660682 0.493943 0.662478 0.491252 0.662478 0.489906 0.664273 0.487214 0.664273 0.485868 0.666068 0.483176 0.666068 0.48183 0.667864 0.480485 0.667864 0.479139 0.669659 0.476447 0.669659 0.475101 0.671454 0.472409 0.671454 0.471063 0.67325 0.468371 0.67325 0.467026 0.675045 0.464334 0.675045 0.462988 0.67684 0.460296 0.67684 0.45895 0.678636 0.456258 0.678636 0.454913 0.680431 0.452221 0.680431 0.450875 0.682226 0.449529 0.682226 0.448183 0.684022 0.445491 0.684022 0.444145 0.685817 0.441454 0.685817 0.440108 0.687612 0.437416 0.687612 0.43607 0.689408 0.433378 0.689408 0.432032 0.691203 0.430686 0.691203 0.429341 0.692998 0.426649 0.692998 0.425303 0.694794 0.423957 0.694794 0.422611 0.696589 0.419919 0.696589 0.418573 0.698384 0.417227 0.698384 0.415882 0.70018 0.414536 0.70018 0.41319 0.701975 0.410498 0.701975 0.409152 0.70377 0.407806 0.70377 0.40646 0.705566 0.403769 0.705566 0.402423 0.707361 0.401077 0.707361 0.399731 0.709156 0.397039 0.709156 0.395693 0.710952 0.394347 0.710952 0.393001 0.712747 0.387618 0.712747 0.386272 0.714542 0.380888 0.714542 0.379542 0.716338 0.372813 0.716338 0.371467 0.718133 0.366083 0.718133 0.364738 0.719928 0.3607 0.719928 0.359354 0.721724 0.356662 0.721724 0.355316 0.723519 0.351279 0.723519 0.351279 0.725314 0.349933 0.72711 0.349933 0.732496 0.348587 0.734291 0.348587 0.739677 0.347241 0.741472 0.347241 0.743268 0.348587 0.745063 0.348587 0.746858 0.351279 0.750449 0.351279 0.752244 0.352624 0.754039 0.352624 0.755835 0.35397 0.75763 0.355316 0.755835 0.367429 0.755835 0.368775 0.754039 0.370121 0.754039 0.371467 0.752244 0.372813 0.752244 0.374159 0.750449 0.376851 0.750449 0.378197 0.748654 0.379542 0.748654 0.380888 0.746858 0.382234 0.746858 0.38358 0.745063 0.384926 0.745063 0.386272 0.743268 0.388964 0.743268 0.39031 0.741472 0.391655 0.741472 0.393001 0.739677 0.394347 0.739677 0.395693 0.737882 0.397039 0.737882 0.398385 0.736086 0.401077 0.736086 0.402423 0.734291 0.403769 0.734291 0.405114 0.732496 0.40646 0.732496 0.407806 0.7307 0.409152 0.7307 0.410498 0.728905 0.41319 0.728905 0.414536 0.72711 0.415882 0.72711 0.417227 0.725314 0.418573 0.725314 0.419919 0.723519 0.421265 0.723519 0.422611 0.721724 0.425303 0.721724 0.426649 0.719928 0.427995 0.719928 0.429341 0.718133 0.430686 0.718133 0.432032 0.716338 0.433378 0.716338 0.434724 0.714542 0.437416 0.714542 0.438762 0.712747 0.440108 0.712747 0.441454 0.710952 0.444145 0.710952 0.445491 0.709156 0.446837 0.709156 0.448183 0.707361 0.450875 0.707361 0.452221 0.705566 0.453567 0.705566 0.454913 0.70377 0.457604 0.70377 0.45895 0.701975 0.460296 0.701975 0.461642 0.70018 0.464334 0.70018 0.46568 0.698384 0.467026 0.698384 0.468371 0.696589 0.471063 0.696589 0.472409 0.694794 0.473755 0.694794 0.475101 0.692998 0.476447 0.692998 0.477793 0.691203 0.480485 0.691203 0.48183 0.689408 0.483176 0.689408 0.484522 0.687612 0.487214 0.687612 0.48856 0.685817 0.489906 0.685817 0.491252 0.684022 0.493943 0.684022 0.495289 0.682226 0.496635 0.682226 0.497981 0.680431 0.500673 0.680431 0.502019 0.678636 0.503365 0.678636 0.504711 0.67684 0.507402 0.67684 0.508748 0.675045 0.510094 0.675045 0.51144 0.67325 0.514132 0.67325 0.515478 0.671454 0.516824 0.671454 0.51817 0.669659 0.520861 0.669659 0.522207 0.667864 0.524899 0.667864 0.526245 0.666068 0.527591 0.666068 0.528937 0.664273 0.531629 0.664273 0.532974 0.662478 0.535666 0.662478 0.537012 0.660682 0.539704 0.660682 0.54105 0.658887 0.543742 0.658887 0.545087 0.657092 0.546433 0.657092 0.547779 0.655296 0.550471 0.655296 0.551817 0.653501 0.554509 0.653501 0.555855 0.651706 0.558546 0.651706 0.559892 0.64991 0.562584 0.64991 0.56393 0.648115 0.566622 0.648115 0.567968 0.64632 0.569314 0.64632 0.570659 0.644524 0.573351 0.644524 0.574697 0.642729 0.577389 0.642729 0.578735 0.640934 0.581427 0.640934 0.582773 0.639138 0.585464 0.639138 0.58681 0.637343 0.588156 0.637343 0.589502 0.635548 0.592194 0.635548 0.59354 0.633752 0.596231 0.633752 0.594886 0.633752 0.59354 0.631957 0.590848 0.631957 0.589502 0.630162 0.588156 0.630162
1 0.53432 0.597846 0.531629 0.601436 0.530283 0.601436 0.527591 0.605027 0.526245 0.605027 0.523553 0.608618 0.522207 0.608618 0.519515 0.612208 0.514132 0.612208 0.512786 0.610413 0.508748 0.610413 0.507402 0.608618 0.504711 0.608618 0.503365 0.606822 0.502019 0.608618 0.500673 0.608618 0.497981 0.612208 0.496635 0.612208 0.495289 0.614004 0.493943 0.614004 0.492598 0.615799 0.464334 0.615799 0.462988 0.614004 0.461642 0.615799 0.460296 0.615799 0.45895 0.617594 0.457604 0.617594 0.456258 0.61939 0.454913 0.61939 0.453567 0.621185 0.452221 0.621185 0.453567 0.62298 0.453567 0.624776 0.454913 0.62298 0.467026 0.62298 0.468371 0.621185 0.476447 0.621185 0.477793 0.62298 0.476447 0.624776 0.475101 0.624776 0.473755 0.626571 0.472409 0.626571 0.471063 0.628366 0.468371 0.628366 0.467026 0.630162 0.46568 0.630162 0.464334 0.631957 0.462988 0.631957 0.461642 0.633752 0.460296 0.633752 0.452221 0.644524 0.453567 0.64632 0.453567 0.648115 0.454913 0.64991 0.464334 0.637343 0.46568 0.637343 0.467026 0.635548 0.469717 0.635548 0.471063 0.633752 0.472409 0.633752 0.473755 0.631957 0.475101 0.631957 0.476447 0.630162 0.479139 0.630162 0.480485 0.628366 0.48183 0.628366 0.483176 0.626571 0.485868 0.626571 0.487214 0.624776 0.48856 0.624776 0.489906 0.62298 0.492598 0.62298 0.493943 0.621185 0.496635 0.621185 0.497981 0.61939 0.500673 0.61939 0.502019 0.617594 0.510094 0.617594 0.51144 0.61939 0.515478 0.61939 0.516824 0.621185 0.516824 0.62298 0.51817 0.624776 0.51817 0.628366 0.519515 0.626571 0.520861 0.626571 0.523553 0.62298 0.535666 0.62298 0.535666 0.621185 0.53432 0.61939 0.53432 0.617594 0.524899 0.617594 0.523553 0.615799 0.53432 0.601436
1 0.339166 0.576302 0.33782 0.578097 0.323015 0.578097 0.321669 0.579892 0.318977 0.579892 0.317631 0.581688 0.305518 0.581688 0.304172 0.583483 0.292059 0.583483 0.290713 0.585278 0.289367 0.583483 0.277254 0.583483 0.275908 0.585278 0.261104 0.585278 0.259758 0.587074 0.244953 0.587074 0.243607 0.588869 0.228802 0.588869 0.227456 0.590664 0.213997 0.590664 0.212651 0.59246 0.197847 0.59246 0.196501 0.594255 0.181696 0.594255 0.18035 0.59605 0.165545 0.59605 0.164199 0.597846 0.149394 0.597846 0.148048 0.599641 0.137281 0.599641 0.135935 0.601436 0.126514 0.601436 0.125168 0.603232 0.114401 0.603232 0.113055 0.605027 0.102288 0.605027 0.100942 0.606822 0.090175 0.606822 0.088829 0.608618 0.079408 0.608618 0.078062 0.610413 0.057873 0.610413 0.056528 0.608618 0.055182 0.610413 0.048452 0.610413 0.047106 0.612208 0.040377 0.612208 0.039031 0.614004 0.032301 0.614004 0.030956 0.615799 0.02961 0.615799 0.028264 0.617594 0.026918 0.617594 0.025572 0.61939 0.024226 0.61939 0.024226 0.626571 0.02288 0.628366 0.02288 0.635548 0.024226 0.637343 0.024226 0.640934 0.025572 0.642729 0.025572 0.644524 0.026918 0.642729 0.034993 0.642729 0.036339 0.644524 0.037685 0.644524 0.040377 0.648115 0.041723 0.648115 0.043069 0.64991 0.044415 0.64991 0.04576 0.651706 0.047106 0.64991 0.05249 0.64991 0.053836 0.648115 0.059219 0.648115 0.060565 0.64632 0.061911 0.64632 0.063257 0.644524 0.064603 0.644524 0.065949 0.642729 0.067295 0.642729 0.069987 0.639138 0.071332 0.639138 0.072678 0.637343 0.074024 0.637343 0.07537 0.635548 0.076716 0.635548 0.078062 0.633752 0.079408 0.633752 0.080754 0.631957 0.088829 0.631957 0.090175 0.630162 0.096904 0.630162 0.09825 0.628366 0.106326 0.628366 0.107672 0.626571 0.118439 0.626571 0.119785 0.624776 0.129206 0.624776 0.130552 0.62298 0.141319 0.62298 0.142665 0.621185 0.153432 0.621185 0.154778 0.61939 0.165545 0.61939 0.166891 0.617594 0.177658 0.617594 0.179004 0.615799 0.189771 0.615799 0.191117 0.614004 0.201884 0.614004 0.20323 0.612208 0.212651 0.612208 0.213997 0.610413 0.224764 0.610413 0.22611 0.608618 0.236878 0.608618 0.238223 0.606822 0.248991 0.606822 0.250336 0.605027 0.261104 0.605027 0.26245 0.603232 0.298789 0.603232 0.300135 0.601436 0.33782 0.601436 0.339166 0.599641 0.35397 0.599641 0.355316 0.597846 0.370121 0.597846 0.371467 0.59605 0.375505 0.59605 0.376851 0.594255 0.379542 0.594255 0.380888 0.59246 0.384926 0.59246 0.388964 0.587074 0.39031 0.587074 0.391655 0.585278 0.364738 0.585278 0.362046 0.581688 0.3607 0.581688 0.358008 0.578097 0.356662 0.578097 0.355316 0.576302
1 0.733513 0.561939 0.732167 0.563734 0.729475 0.563734 0.728129 0.56553 0.725437 0.56553 0.724092 0.567325 0.722746 0.567325 0.7214 0.56912 0.718708 0.56912 0.717362 0.570916 0.71467 0.570916 0.713324 0.572711 0.710633 0.572711 0.709287 0.574506 0.707941 0.574506 0.706595 0.576302 0.703903 0.576302 0.702557 0.578097 0.699865 0.578097 0.69852 0.579892 0.695828 0.579892 0.694482 0.581688 0.69179 0.581688 0.690444 0.583483 0.689098 0.583483 0.687752 0.585278 0.685061 0.585278 0.683715 0.587074 0.681023 0.587074 0.679677 0.588869 0.676985 0.588869 0.675639 0.590664 0.672948 0.590664 0.671602 0.59246 0.670256 0.59246 0.66891 0.594255 0.666218 0.594255 0.664872 0.59605 0.66218 0.59605 0.660834 0.597846 0.658143 0.597846 0.656797 0.599641 0.655451 0.599641 0.654105 0.601436 0.651413 0.601436 0.650067 0.603232 0.643338 0.603232 0.641992 0.601436 0.640646 0.601436 0.6393 0.603232 0.637954 0.601436 0.632571 0.601436 0.631225 0.599641 0.625841 0.599641 0.624495 0.597846 0.617766 0.597846 0.61642 0.59605 0.611036 0.59605 0.60969 0.594255 0.606999 0.594255 0.605653 0.59246 0.604307 0.59246 0.602961 0.590664 0.600269 0.590664 0.598923 0.588869 0.596231 0.588869 0.594886 0.587074 0.592194 0.587074 0.590848 0.585278 0.58681 0.585278 0.585464 0.583483 0.581427 0.583483 0.580081 0.581688 0.576043 0.581688 0.574697 0.579892 0.570659 0.579892 0.569314 0.578097 0.565276 0.578097 0.56393 0.576302 0.559892 0.576302 0.558546 0.574506 0.554509 0.574506 0.553163 0.572711 0.537012 0.572711 0.535666 0.570916 0.51817 0.570916 0.516824 0.56912 0.500673 0.56912 0.499327 0.567325 0.491252 0.567325 0.489906 0.56553 0.489906 0.56912 0.491252 0.570916 0.491252 0.578097 0.492598 0.579892 0.492598 0.583483 0.493943 0.583483 0.496635 0.587074 0.497981 0.587074 0.500673 0.590664 0.502019 0.590664 0.504711 0.594255 0.526245 0.594255 0.527591 0.59246 0.561238 0.59246 0.562584 0.594255 0.567968 0.594255 0.569314 0.59605 0.576043 0.59605 0.577389 0.597846 0.582773 0.597846 0.584118 0.599641 0.589502 0.599641 0.590848 0.601436 0.596231 0.601436 0.597577 0.603232 0.602961 0.603232 0.604307 0.605027 0.611036 0.605027 0.612382 0.606822 0.617766 0.606822 0.619112 0.608618 0.624495 0.608618 0.625841 0.610413 0.629879 0.610413 0.631225 0.612208 0.635262 0.612208 0.636608 0.614004 0.640646 0.614004 0.641992 0.615799 0.644684 0.615799 0.64603 0.617594 0.650067 0.617594 0.651413 0.61939 0.655451 0.61939 0.656797 0.621185 0.660834 0.621185 0.66218 0.62298 0.666218 0.62298 0.667564 0.624776 0.671602 0.624776 0.672948 0.626571 0.675639 0.626571 0.676985 0.628366 0.681023 0.628366 0.682369 0.630162 0.686406 0.630162 0.687752 0.631957 0.69179 0.631957 0.693136 0.633752 0.697174 0.633752 0.69852 0.635548 0.702557 0.635548 0.703903 0.637343 0.706595 0.637343 0.707941 0.639138 0.711978 0.639138 0.713324 0.640934 0.717362 0.640934 0.718708 0.642729 0.722746 0.642729 0.724092 0.644524 0.733513 0.644524 0.734859 0.64632 0.74428 0.64632 0.745626 0.648115 0.756393 0.648115 0.757739 0.64991 0.76716 0.64991 0.768506 0.651706 0.777927 0.651706 0.779273 0.653501 0.795424 0.653501 0.79004 0.653501 0.788694 0.651706 0.783311 0.651706 0.781965 0.64991 0.776581 0.64991 0.775236 0.648115 0.769852 0.648115 0.768506 0.64632 0.763122 0.64632 0.761777 0.644524 0.757739 0.644524 0.756393 0.642729 0.751009 0.642729 0.749664 0.640934 0.74428 0.640934 0.742934 0.639138 0.73755 0.639138 0.736205 0.637343 0.730821 0.637343 0.729475 0.635548 0.725437 0.635548 0.724092 0.633752 0.7214 0.633752 0.720054 0.631957 0.716016 0.631957 0.71467 0.630162 0.711978 0.630162 0.710633 0.628366 0.706595 0.628366 0.705249 0.626571 0.702557 0.626571 0.701211 0.624776 0.697174 0.624776 0.695828 0.62298 0.693136 0.62298 0.69179 0.621185 0.687752 0.621185 0.686406 0.61939 0.683715 0.61939 0.682369 0.617594 0.678331 0.617594 0.676985 0.615799 0.674293 0.615799 0.672948 0.614004 0.66891 0.614004 0.667564 0.612208 0.664872 0.612208 0.663526 0.610413 0.659489 0.610413 0.658143 0.608618 0.655451 0.608618 0.654105 0.606822 0.655451 0.605027 0.658143 0.605027 0.659489 0.603232 0.66218 0.603232 0.663526 0.601436 0.664872 0.601436 0.666218 0.599641 0.66891 0.599641 0.670256 0.597846 0.672948 0.597846 0.674293 0.59605 0.676985 0.59605 0.678331 0.594255 0.681023 0.594255 0.682369 0.59246 0.685061 0.59246 0.686406 0.590664 0.687752 0.590664 0.689098 0.588869 0.69179 0.588869 0.693136 0.587074 0.695828 0.587074 0.697174 0.585278 0.699865 0.585278 0.701211 0.583483 0.703903 0.583483 0.705249 0.581688 0.706595 0.581688 0.707941 0.579892 0.710633 0.579892 0.711978 0.578097 0.71467 0.578097 0.716016 0.576302 0.718708 0.576302 0.720054 0.574506 0.722746 0.574506 0.724092 0.572711 0.726783 0.572711 0.728129 0.570916 0.729475 0.570916 0.730821 0.56912 0.733513 0.56912 0.734859 0.567325 0.73755 0.567325
1 0.493943 0.490126 0.492598 0.491921 0.479139 0.491921 0.479139 0.493716 0.477793 0.495512 0.477793 0.497307 0.476447 0.499102 0.477793 0.497307 0.496635 0.497307 0.495289 0.495512 0.495289 0.493716 0.493943 0.491921
1 0.421265 0.473968 0.419919 0.475763 0.418573 0.475763 0.417227 0.477558 0.415882 0.477558 0.41319 0.481149 0.411844 0.481149 0.410498 0.482944 0.409152 0.482944 0.40646 0.486535 0.40646 0.48833 0.402423 0.493716 0.399731 0.493716 0.398385 0.495512 0.387618 0.495512 0.386272 0.497307 0.384926 0.497307 0.382234 0.500898 0.380888 0.500898 0.382234 0.502693 0.382234 0.504488 0.38358 0.506284 0.38358 0.508079 0.384926 0.509874 0.384926 0.51167 0.386272 0.51167 0.387618 0.513465 0.388964 0.513465 0.39031 0.51526 0.391655 0.51526 0.393001 0.517056 0.394347 0.51526 0.407806 0.51526 0.407806 0.51167 0.409152 0.509874 0.409152 0.508079 0.410498 0.506284 0.411844 0.506284 0.414536 0.502693 0.415882 0.502693 0.417227 0.500898 0.418573 0.500898 0.419919 0.499102 0.419919 0.497307 0.422611 0.493716 0.425303 0.493716 0.426649 0.495512 0.429341 0.495512 0.430686 0.497307 0.432032 0.495512 0.432032 0.493716 0.434724 0.490126 0.433378 0.490126 0.432032 0.48833 0.430686 0.48833 0.427995 0.48474 0.426649 0.48474 0.423957 0.481149 0.423957 0.479354 0.422611 0.477558 0.422611 0.475763
1 0.764468 0.466786 0.761777 0.470377 0.760431 0.470377 0.757739 0.473968 0.756393 0.473968 0.756393 0.475763 0.757739 0.477558 0.757739 0.481149 0.759085 0.482944 0.759085 0.48474 0.765814 0.48474 0.76716 0.486535 0.772544 0.479354 0.77389 0.479354 0.775236 0.481149 0.777927 0.481149 0.779273 0.482944 0.780619 0.482944 0.781965 0.48474 0.795424 0.48474 0.79677 0.482944 0.798116 0.482944 0.79677 0.482944 0.794078 0.479354 0.792732 0.479354 0.79004 0.475763 0.788694 0.475763 0.786003 0.472172 0.784657 0.472172 0.783311 0.470377 0.775236 0.470377 0.77389 0.468582 0.765814 0.468582
1 0.394347 0.4614 0.393001 0.463196 0.391655 0.463196 0.388964 0.466786 0.387618 0.466786 0.386272 0.468582 0.384926 0.468582 0.38358 0.470377 0.378197 0.470377 0.376851 0.472172 0.371467 0.472172 0.370121 0.473968 0.364738 0.473968 0.364738 0.475763 0.366083 0.477558 0.366083 0.479354 0.367429 0.477558 0.374159 0.477558 0.375505 0.475763 0.38358 0.475763 0.384926 0.473968 0.394347 0.473968 0.395693 0.475763 0.397039 0.475763 0.398385 0.477558 0.401077 0.477558 0.402423 0.479354 0.405114 0.475763 0.40646 0.475763 0.405114 0.475763 0.403769 0.473968 0.401077 0.473968 0.399731 0.472172 0.398385 0.472172 0.397039 0.470377 0.397039 0.468582 0.395693 0.466786 0.395693 0.464991 0.394347 0.463196
1 0.201884 0.45781 0.199192 0.4614 0.197847 0.4614 0.196501 0.463196 0.197847 0.464991 0.197847 0.466786 0.199192 0.468582 0.199192 0.470377 0.200538 0.468582 0.204576 0.468582 0.205922 0.466786 0.205922 0.464991 0.207268 0.463196 0.207268 0.4614 0.208614 0.459605 0.20323 0.459605
1 0.822342 0.438061 0.820996 0.439856 0.818304 0.439856 0.816958 0.441652 0.814266 0.441652 0.812921 0.443447 0.806191 0.443447 0.804845 0.441652 0.800808 0.441652 0.799462 0.439856 0.800808 0.441652 0.800808 0.443447 0.802153 0.445242 0.802153 0.447038 0.803499 0.448833 0.803499 0.450628 0.804845 0.452424 0.804845 0.454219 0.812921 0.454219 0.815612 0.45781 0.816958 0.45781 0.81965 0.4614 0.820996 0.4614 0.823688 0.464991 0.835801 0.464991 0.837147 0.466786 0.862719 0.466786 0.864065 0.468582 0.87214 0.468582 0.873486 0.470377 0.881561 0.470377 0.882907 0.472172 0.881561 0.473968 0.877524 0.473968 0.876178 0.475763 0.873486 0.475763 0.87214 0.477558 0.868102 0.477558 0.866756 0.479354 0.862719 0.479354 0.869448 0.479354 0.870794 0.481149 0.876178 0.481149 0.877524 0.482944 0.878869 0.481149 0.900404 0.481149 0.90175 0.479354 0.909825 0.479354 0.911171 0.481149 0.911171 0.482944 0.909825 0.48474 0.909825 0.486535 0.908479 0.48833 0.908479 0.490126 0.907133 0.491921 0.908479 0.490126 0.920592 0.490126 0.921938 0.491921 0.92463 0.491921 0.925976 0.493716 0.928668 0.493716 0.930013 0.495512 0.931359 0.493716 0.932705 0.493716 0.931359 0.491921 0.930013 0.491921 0.927322 0.48833 0.925976 0.48833 0.923284 0.48474 0.921938 0.48474 0.919246 0.481149 0.919246 0.479354 0.9179 0.477558 0.9179 0.475763 0.916555 0.475763 0.915209 0.473968 0.913863 0.473968 0.912517 0.472172 0.911171 0.472172 0.909825 0.470377 0.900404 0.470377 0.899058 0.468582 0.889637 0.468582 0.888291 0.466786 0.884253 0.466786 0.882907 0.464991 0.880215 0.464991 0.878869 0.463196 0.874832 0.463196 0.873486 0.4614 0.869448 0.4614 0.868102 0.459605 0.864065 0.459605 0.862719 0.45781 0.860027 0.45781 0.858681 0.456014 0.854643 0.456014 0.853297 0.454219 0.850606 0.454219 0.84926 0.452424 0.846568 0.452424 0.845222 0.450628 0.843876 0.450628 0.84253 0.448833 0.839838 0.448833 0.838493 0.447038 0.837147 0.447038 0.835801 0.445242 0.833109 0.445242 0.831763 0.443447 0.830417 0.443447 0.829071 0.441652 0.82638 0.441652 0.825034 0.439856 0.823688 0.439856
1 0.913863 0.411131 0.909825 0.416517 0.912517 0.420108 0.913863 0.420108 0.9179 0.425494 0.927322 0.425494 0.928668 0.427289 0.931359 0.423698 0.932705 0.423698 0.931359 0.421903 0.930013 0.421903 0.927322 0.418312 0.927322 0.416517 0.925976 0.414722 0.925976 0.411131 0.92463 0.412926 0.923284 0.412926 0.921938 0.414722 0.9179 0.414722 0.916555 0.412926 0.915209 0.412926
1 0.545087 0.411131 0.543742 0.412926 0.542396 0.412926 0.54105 0.414722 0.538358 0.414722 0.542396 0.420108 0.542396 0.421903 0.545087 0.425494 0.546433 0.423698 0.547779 0.423698 0.549125 0.421903 0.550471 0.421903 0.551817 0.420108 0.553163 0.420108 0.550471 0.416517 0.549125 0.416517
1 0.613728 0.40754 0.612382 0.409336 0.608345 0.409336 0.606999 0.411131 0.602961 0.411131 0.605653 0.414722 0.605653 0.416517 0.608345 0.420108 0.606999 0.421903 0.600269 0.421903 0.600269 0.425494 0.601615 0.427289 0.601615 0.432675 0.602961 0.43447 0.602961 0.438061 0.608345 0.438061 0.60969 0.439856 0.60969 0.427289 0.611036 0.425494 0.612382 0.425494 0.613728 0.427289 0.61642 0.427289 0.617766 0.429084 0.620458 0.429084 0.621803 0.43088 0.621803 0.423698 0.620458 0.423698 0.617766 0.420108 0.61642 0.420108 0.613728 0.416517
1 0.77389 0.375224 0.77389 0.382406 0.772544 0.384201 0.772544 0.389587 0.77389 0.387792 0.777927 0.387792 0.779273 0.385996 0.783311 0.385996 0.783311 0.375224
1 0.79677 0.35368 0.79677 0.355476 0.795424 0.357271 0.795424 0.360862 0.794078 0.362657 0.794078 0.364452 0.795424 0.366248 0.79677 0.366248 0.799462 0.369838 0.800808 0.369838 0.803499 0.373429 0.804845 0.373429 0.807537 0.37702 0.810229 0.373429 0.811575 0.373429 0.810229 0.371634 0.810229 0.369838 0.808883 0.368043 0.808883 0.364452 0.810229 0.362657 0.810229 0.360862 0.807537 0.360862 0.806191 0.359066 0.804845 0.359066 0.803499 0.357271 0.800808 0.357271 0.799462 0.355476 0.798116 0.355476
1 0.336474 0.348294 0.335128 0.35009 0.274563 0.35009 0.275908 0.351885 0.275908 0.35368 0.304172 0.35368 0.305518 0.355476 0.332436 0.355476 0.333782 0.357271 0.333782 0.355476 0.335128 0.35368 0.335128 0.351885 0.336474 0.35009
1 0.584118 0.341113 0.582773 0.342908 0.567968 0.342908 0.56393 0.348294 0.562584 0.348294 0.558546 0.35368 0.551817 0.35368 0.551817 0.359066 0.553163 0.357271 0.558546 0.357271 0.559892 0.355476 0.561238 0.355476 0.562584 0.35368 0.565276 0.35368 0.566622 0.351885 0.569314 0.351885 0.570659 0.35009 0.573351 0.35009 0.574697 0.348294 0.576043 0.348294 0.577389 0.346499 0.580081 0.346499 0.581427 0.344704 0.584118 0.344704
1 0.697174 0.317774 0.695828 0.319569 0.689098 0.319569 0.689098 0.32316 0.690444 0.324955 0.690444 0.328546 0.703903 0.328546 0.705249 0.330341 0.706595 0.328546 0.707941 0.328546 0.709287 0.32675 0.711978 0.32675 0.710633 0.324955 0.709287 0.324955 0.706595 0.321364 0.702557 0.321364 0.701211 0.319569 0.69852 0.319569
1 0.628533 0.193896 0.628533 0.201077 0.635262 0.201077 0.635262 0.197487 0.636608 0.195691 0.636608 0.193896
1 0.507402 0.174147 0.502019 0.181329 0.430686 0.181329 0.429341 0.179533 0.429341 0.190305 0.430686 0.18851 0.432032 0.18851 0.433378 0.186715 0.434724 0.186715 0.43607 0.184919 0.495289 0.184919 0.496635 0.186715 0.510094 0.186715 0.51144 0.18851 0.512786 0.18851 0.514132 0.190305 0.51817 0.190305 0.516824 0.18851 0.516824 0.186715 0.515478 0.184919 0.515478 0.183124 0.51817 0.179533 0.519515 0.179533 0.522207 0.175943 0.523553 0.175943 0.508748 0.175943
1 0.195155 0.172352 0.195155 0.174147 0.193809 0.175943 0.193809 0.177738 0.192463 0.179533 0.192463 0.181329 0.207268 0.181329 0.208614 0.179533 0.218035 0.179533 0.218035 0.172352
1 0.59354 0.170557 0.592194 0.172352 0.574697 0.172352 0.574697 0.177738 0.576043 0.175943 0.59354 0.175943
1 0.033647 0.166966 0.032301 0.168761 0.02961 0.168761 0.028264 0.170557 0.024226 0.170557 0.02288 0.172352 0.020188 0.172352 0.018843 0.174147 0.006729 0.174147 0.006729 0.175943 0.005384 0.177738 0.005384 0.179533 0.004038 0.181329 0.012113 0.181329 0.013459 0.183124 0.014805 0.181329 0.039031 0.181329 0.040377 0.179533 0.092867 0.179533 0.094213 0.181329 0.122476 0.181329 0.122476 0.174147 0.121131 0.175943 0.102288 0.175943 0.100942 0.174147 0.099596 0.174147 0.09825 0.172352 0.096904 0.172352 0.095559 0.170557 0.094213 0.172352 0.091521 0.172352 0.090175 0.174147 0.088829 0.174147 0.087483 0.175943 0.076716 0.175943 0.07537 0.174147 0.068641 0.174147 0.067295 0.172352 0.057873 0.172352 0.056528 0.174147 0.049798 0.174147 0.048452 0.175943 0.041723 0.175943 0.039031 0.172352 0.037685 0.172352
