0 0.868102 0.588869 0.866756 0.590664 0.84926 0.590664 0.84926 0.599641 0.868102 0.624776 0.868102 0.626571 0.881561 0.644524 0.900404 0.644524 0.90175 0.642729 0.90175 0.640934 0.903096 0.639138 0.893674 0.626571 0.893674 0.624776 0.876178 0.601436 0.876178 0.599641
0 0.989233 0.368043 0.986541 0.371634 0.985195 0.371634 0.982503 0.375224 0.981157 0.375224 0.982503 0.37702 0.982503 0.378815 0.983849 0.38061 0.983849 0.382406 0.985195 0.384201 0.991925 0.384201 0.993271 0.385996 0.998654 0.385996 0.998654 0.368043
0 0.973082 0.301616 0.973082 0.307002 0.971736 0.308797 0.971736 0.314183 0.973082 0.312388 0.979812 0.312388 0.979812 0.308797 0.978466 0.307002 0.978466 0.301616
0 0.912517 0.301616 0.911171 0.303411 0.911171 0.305206 0.909825 0.307002 0.911171 0.307002 0.913863 0.310592 0.915209 0.310592 0.9179 0.314183 0.919246 0.314183 0.921938 0.317774 0.923284 0.317774 0.92463 0.319569 0.930013 0.312388 0.928668 0.312388 0.927322 0.310592 0.925976 0.310592 0.92463 0.308797 0.921938 0.308797 0.920592 0.307002 0.919246 0.307002 0.9179 0.305206 0.916555 0.305206 0.915209 0.303411 0.913863 0.303411
0 0.800808 0.276481 0.798116 0.280072 0.798116 0.281867 0.795424 0.285458 0.79677 0.287253 0.79677 0.289048 0.798116 0.290844 0.798116 0.292639 0.799462 0.294434 0.799462 0.29623 0.800808 0.298025 0.800808 0.29982 0.802153 0.301616 0.808883 0.292639 0.808883 0.281867 0.807537 0.281867 0.806191 0.280072 0.804845 0.280072 0.803499 0.278276 0.802153 0.278276
0 0.932705 0.274686 0.928668 0.280072 0.932705 0.285458 0.932705 0.287253 0.935397 0.290844 0.936743 0.289048 0.938089 0.289048 0.939435 0.287253 0.940781 0.287253 0.942127 0.285458 0.943472 0.285458 0.942127 0.283662 0.940781 0.283662 0.936743 0.278276 0.935397 0.278276
0 0.966353 0.258528 0.965007 0.260323 0.965007 0.262118 0.962315 0.265709 0.962315 0.267504 0.960969 0.2693 0.962315 0.2693 0.963661 0.271095 0.966353 0.271095 0.967699 0.27289 0.969044 0.27289 0.97039 0.274686 0.971736 0.274686 0.973082 0.276481 0.975774 0.27289 0.97712 0.27289 0.979812 0.2693 0.981157 0.2693 0.982503 0.267504 0.981157 0.267504 0.979812 0.265709 0.97712 0.265709 0.975774 0.263914 0.974428 0.263914 0.973082 0.262118 0.97039 0.262118 0.969044 0.260323 0.967699 0.260323
0 0.92463 0.249551 0.916555 0.260323 0.9179 0.260323 0.919246 0.262118 0.920592 0.262118 0.921938 0.263914 0.923284 0.263914 0.92463 0.265709 0.928668 0.265709 0.928668 0.263914 0.927322 0.262118 0.927322 0.258528 0.925976 0.256732 0.925976 0.253142 0.92463 0.251346
0 0.720054 0.238779 0.718708 0.240575 0.710633 0.240575 0.710633 0.244165 0.711978 0.245961 0.711978 0.249551 0.713324 0.249551 0.716016 0.253142 0.717362 0.253142 0.718708 0.254937 0.718708 0.253142 0.720054 0.251346 0.720054 0.247756 0.7214 0.245961 0.7214 0.244165 0.722746 0.24237 0.722746 0.240575 0.7214 0.240575
0 0.421265 0.219031 0.421265 0.220826 0.419919 0.222621 0.419919 0.224417 0.418573 0.226212 0.418573 0.228007 0.429341 0.228007 0.430686 0.226212 0.430686 0.224417 0.432032 0.222621 0.427995 0.222621 0.426649 0.220826 0.422611 0.220826
1 0.950202 0.928187 0.948856 0.929982 0.944818 0.929982 0.946164 0.931777 0.946164 0.933573 0.948856 0.937163 0.948856 0.938959 0.950202 0.940754 0.944818 0.947935 0.944818 0.949731 0.938089 0.958707 0.939435 0.960503 0.940781 0.960503 0.943472 0.964093 0.948856 0.956912 0.950202 0.956912 0.95424 0.951526 0.95424 0.949731 0.955585 0.947935 0.955585 0.94614 0.958277 0.942549 0.958277 0.940754 0.959623 0.938959 0.959623 0.937163 0.960969 0.935368 0.959623 0.935368 0.958277 0.933573 0.956931 0.933573 0.955585 0.931777 0.95424 0.931777 0.952894 0.929982 0.951548 0.929982
1 0.531629 0.924596 0.527591 0.929982 0.526245 0.929982 0.523553 0.933573 0.524899 0.935368 0.526245 0.935368 0.531629 0.942549 0.532974 0.942549 0.538358 0.949731 0.539704 0.949731 0.545087 0.956912 0.545087 0.958707 0.546433 0.960503 0.546433 0.962298 0.547779 0.964093 0.549125 0.964093 0.551817 0.967684 0.551817 0.978456 0.553163 0.980251 0.553163 0.983842 0.550471 0.987433 0.549125 0.987433 0.547779 0.989228 0.549125 0.991023 0.549125 0.992819 0.550471 0.991023 0.554509 0.991023 0.559892 0.998205 0.61642 0.998205 0.617766 0.996409 0.617766 0.994614 0.619112 0.992819 0.619112 0.991023 0.620458 0.989228 0.660834 0.989228 0.660834 0.983842 0.66218 0.982047 0.66218 0.978456 0.615074 0.978456 0.613728 0.976661 0.612382 0.976661 0.608345 0.971275 0.606999 0.971275 0.604307 0.967684 0.602961 0.967684 0.598923 0.962298 0.597577 0.962298 0.59354 0.956912 0.592194 0.956912 0.589502 0.953321 0.588156 0.955117 0.585464 0.955117 0.584118 0.956912 0.582773 0.956912 0.581427 0.958707 0.578735 0.958707 0.580081 0.960503 0.580081 0.962298 0.578735 0.964093 0.573351 0.964093 0.573351 0.969479 0.572005 0.971275 0.572005 0.97307 0.570659 0.974865 0.569314 0.974865 0.565276 0.969479 0.562584 0.969479 0.561238 0.967684 0.559892 0.967684 0.558546 0.965889 0.562584 0.960503 0.56393 0.960503 0.566622 0.956912 0.566622 0.949731 0.565276 0.949731 0.56393 0.947935 0.562584 0.947935 0.561238 0.94614 0.559892 0.94614 0.558546 0.944345 0.557201 0.944345 0.555855 0.942549 0.554509 0.944345 0.554509 0.94614 0.551817 0.949731 0.543742 0.938959 0.542396 0.938959
1 0.423957 0.888689 0.423957 0.89228 0.422611 0.894075 0.422611 0.895871 0.429341 0.895871 0.430686 0.897666 0.438762 0.897666 0.440108 0.899461 0.446837 0.899461 0.448183 0.901257 0.454913 0.901257 0.456258 0.903052 0.456258 0.899461 0.457604 0.897666 0.457604 0.894075 0.448183 0.894075 0.446837 0.89228 0.43607 0.89228 0.434724 0.890485 0.425303 0.890485
1 0.812921 0.867145 0.811575 0.868941 0.811575 0.870736 0.810229 0.872531 0.811575 0.872531 0.812921 0.874327 0.814266 0.874327 0.816958 0.877917 0.818304 0.877917 0.81965 0.879713 0.820996 0.879713 0.822342 0.881508 0.823688 0.881508 0.82638 0.885099 0.827725 0.885099 0.829071 0.886894 0.827725 0.888689 0.810229 0.888689 0.810229 0.894075 0.811575 0.89228 0.841184 0.89228 0.84253 0.894075 0.843876 0.894075 0.845222 0.895871 0.846568 0.895871 0.847914 0.897666 0.84926 0.897666 0.850606 0.899461 0.851952 0.899461 0.853297 0.901257 0.854643 0.901257 0.855989 0.903052 0.857335 0.903052 0.858681 0.904847 0.860027 0.904847 0.861373 0.906643 0.862719 0.906643 0.864065 0.908438 0.86541 0.906643 0.870794 0.906643 0.87214 0.904847 0.878869 0.904847 0.880215 0.903052 0.885599 0.903052 0.885599 0.899461 0.886945 0.897666 0.886945 0.894075 0.877524 0.894075 0.876178 0.89228 0.868102 0.89228 0.866756 0.890485 0.86541 0.890485 0.864065 0.888689 0.861373 0.888689 0.860027 0.886894 0.858681 0.886894 0.857335 0.885099 0.854643 0.885099 0.853297 0.883303 0.851952 0.883303 0.850606 0.881508 0.84926 0.881508 0.847914 0.879713 0.845222 0.879713 0.843876 0.877917 0.84253 0.877917 0.839838 0.874327 0.839838 0.872531 0.838493 0.870736 0.838493 0.868941 0.833109 0.868941 0.831763 0.870736 0.830417 0.870736 0.827725 0.874327 0.823688 0.874327 0.822342 0.872531 0.820996 0.872531 0.81965 0.870736 0.816958 0.870736 0.815612 0.868941 0.814266 0.868941
1 0.364738 0.789946 0.364738 0.791741 0.363392 0.793537 0.363392 0.795332 0.362046 0.797127 0.366083 0.797127 0.367429 0.798923 0.371467 0.798923 0.372813 0.800718 0.376851 0.800718 0.378197 0.802513 0.382234 0.802513 0.38358 0.804309 0.38358 0.802513 0.384926 0.800718 0.384926 0.797127 0.386272 0.795332 0.386272 0.793537 0.376851 0.793537 0.375505 0.791741 0.366083 0.791741
1 0.191117 0.678636 0.188425 0.682226 0.188425 0.684022 0.181696 0.692998 0.181696 0.694794 0.177658 0.70018 0.177658 0.701975 0.179004 0.70377 0.179004 0.705566 0.18035 0.707361 0.18035 0.709156 0.181696 0.710952 0.181696 0.712747 0.183042 0.714542 0.183042 0.718133 0.184388 0.719928 0.184388 0.721724 0.185734 0.723519 0.185734 0.725314 0.187079 0.72711 0.187079 0.728905 0.199192 0.745063 0.200538 0.745063 0.216689 0.766607 0.218035 0.766607 0.220727 0.770197 0.222073 0.770197 0.22611 0.775583 0.227456 0.775583 0.230148 0.779174 0.231494 0.779174 0.235532 0.78456 0.236878 0.78456 0.239569 0.788151 0.240915 0.788151 0.244953 0.793537 0.246299 0.793537 0.250336 0.798923 0.251682 0.798923 0.254374 0.802513 0.25572 0.802513 0.259758 0.807899 0.261104 0.807899 0.263795 0.81149 0.265141 0.81149 0.267833 0.815081 0.270525 0.815081 0.271871 0.816876 0.274563 0.816876 0.275908 0.818671 0.2786 0.818671 0.279946 0.820467 0.282638 0.820467 0.283984 0.822262 0.288022 0.822262 0.289367 0.824057 0.292059 0.824057 0.293405 0.825853 0.296097 0.825853 0.297443 0.827648 0.300135 0.827648 0.30148 0.829443 0.304172 0.829443 0.305518 0.831239 0.306864 0.829443 0.306864 0.827648 0.30821 0.825853 0.30821 0.824057 0.310902 0.820467 0.310902 0.818671 0.312248 0.816876 0.310902 0.816876 0.309556 0.815081 0.30821 0.815081 0.306864 0.813285 0.304172 0.813285 0.302826 0.81149 0.30148 0.81149 0.300135 0.809695 0.298789 0.809695 0.297443 0.807899 0.296097 0.807899 0.294751 0.806104 0.292059 0.806104 0.290713 0.804309 0.289367 0.804309 0.288022 0.802513 0.286676 0.802513 0.28533 0.800718 0.283984 0.800718 0.282638 0.798923 0.281292 0.798923 0.279946 0.797127 0.277254 0.797127 0.275908 0.795332 0.274563 0.795332 0.273217 0.793537 0.271871 0.793537 0.270525 0.791741 0.270525 0.789946 0.269179 0.788151 0.269179 0.786355 0.267833 0.78456 0.267833 0.782765 0.266487 0.780969 0.266487 0.779174 0.265141 0.777379 0.265141 0.775583 0.263795 0.773788 0.263795 0.771993 0.259758 0.771993 0.258412 0.770197 0.254374 0.770197 0.253028 0.768402 0.250336 0.768402 0.248991 0.766607 0.244953 0.766607 0.243607 0.764811 0.239569 0.764811 0.236878 0.761221 0.236878 0.759425 0.235532 0.75763 0.235532 0.755835 0.234186 0.754039 0.234186 0.752244 0.23284 0.752244 0.231494 0.750449 0.230148 0.750449 0.228802 0.748654 0.227456 0.748654 0.22611 0.746858 0.224764 0.746858 0.223419 0.745063 0.220727 0.745063 0.219381 0.743268 0.218035 0.743268 0.216689 0.741472 0.215343 0.741472 0.213997 0.739677 0.212651 0.739677 0.211306 0.737882 0.20996 0.737882 0.208614 0.736086 0.207268 0.736086 0.205922 0.734291 0.205922 0.732496 0.204576 0.7307 0.204576 0.728905 0.20323 0.72711 0.20323 0.725314 0.201884 0.723519 0.201884 0.721724 0.200538 0.719928 0.200538 0.718133 0.199192 0.716338 0.199192 0.714542 0.197847 0.712747 0.197847 0.710952 0.196501 0.709156 0.196501 0.707361 0.199192 0.70377 0.199192 0.701975 0.204576 0.694794 0.204576 0.692998 0.207268 0.689408 0.205922 0.689408 0.204576 0.687612 0.20323 0.687612 0.201884 0.685817 0.200538 0.685817 0.199192 0.684022 0.197847 0.684022 0.196501 0.682226 0.195155 0.682226 0.193809 0.680431 0.192463 0.680431
1 0.899058 0.657092 0.897712 0.658887 0.896366 0.658887 0.89502 0.660682 0.893674 0.660682 0.896366 0.660682 0.897712 0.662478 0.90175 0.662478 0.903096 0.664273 0.905787 0.664273 0.907133 0.666068 0.909825 0.666068 0.911171 0.667864 0.909825 0.669659 0.909825 0.671454 0.907133 0.675045 0.908479 0.67684 0.908479 0.678636 0.909825 0.680431 0.908479 0.682226 0.905787 0.682226 0.904441 0.684022 0.900404 0.684022 0.899058 0.685817 0.869448 0.685817 0.868102 0.684022 0.864065 0.684022 0.862719 0.682226 0.860027 0.682226 0.858681 0.680431 0.854643 0.680431 0.853297 0.678636 0.84926 0.678636 0.847914 0.67684 0.843876 0.67684 0.84253 0.675045 0.838493 0.675045 0.837147 0.67325 0.835801 0.675045 0.834455 0.675045 0.833109 0.67684 0.830417 0.67684 0.831763 0.678636 0.833109 0.678636 0.838493 0.685817 0.839838 0.685817 0.841184 0.687612 0.839838 0.689408 0.804845 0.689408 0.803499 0.687612 0.76716 0.687612 0.765814 0.685817 0.76716 0.687612 0.768506 0.687612 0.771198 0.691203 0.788694 0.691203 0.79004 0.692998 0.807537 0.692998 0.808883 0.694794 0.808883 0.696589 0.810229 0.698384 0.810229 0.70377 0.811575 0.705566 0.811575 0.707361 0.812921 0.707361 0.814266 0.709156 0.815612 0.709156 0.816958 0.710952 0.818304 0.710952 0.81965 0.712747 0.820996 0.710952 0.822342 0.710952 0.825034 0.707361 0.82638 0.707361 0.851952 0.741472 0.853297 0.741472 0.857335 0.746858 0.858681 0.746858 0.870794 0.763016 0.869448 0.764811 0.868102 0.764811 0.86541 0.768402 0.864065 0.768402 0.866756 0.768402 0.868102 0.770197 0.87214 0.770197 0.873486 0.771993 0.876178 0.771993 0.877524 0.773788 0.878869 0.773788 0.880215 0.775583 0.882907 0.775583 0.884253 0.777379 0.885599 0.777379 0.886945 0.779174 0.888291 0.779174 0.889637 0.780969 0.892328 0.780969 0.893674 0.782765 0.89502 0.782765 0.896366 0.78456 0.908479 0.78456 0.916555 0.773788 0.9179 0.773788 0.920592 0.770197 0.921938 0.770197 0.92463 0.766607 0.925976 0.766607 0.928668 0.763016 0.930013 0.763016 0.931359 0.761221 0.934051 0.761221 0.935397 0.759425 0.938089 0.759425 0.939435 0.75763 0.943472 0.75763 0.944818 0.755835 0.950202 0.755835 0.951548 0.75763 0.95424 0.75763 0.955585 0.759425 0.998654 0.759425 0.998654 0.748654 0.997308 0.748654 0.994616 0.745063 0.993271 0.745063 0.990579 0.741472 0.989233 0.741472 0.975774 0.723519 0.982503 0.714542 0.983849 0.714542 0.985195 0.716338 0.986541 0.716338 0.987887 0.718133 0.990579 0.718133 0.991925 0.719928 0.993271 0.719928 0.994616 0.721724 0.995962 0.721724 0.997308 0.723519 0.998654 0.723519 0.998654 0.669659 0.994616 0.669659 0.993271 0.671454 0.989233 0.671454 0.987887 0.67325 0.983849 0.67325 0.982503 0.675045 0.978466 0.675045 0.97712 0.67325 0.97712 0.671454 0.974428 0.667864 0.974428 0.666068 0.973082 0.664273 0.97039 0.667864 0.969044 0.667864 0.966353 0.671454 0.965007 0.671454 0.962315 0.675045 0.960969 0.675045 0.959623 0.67684 0.958277 0.67684 0.956931 0.678636 0.955585 0.678636 0.95424 0.680431 0.936743 0.680431 0.935397 0.678636 0.936743 0.67684 0.940781 0.67684 0.942127 0.675045 0.946164 0.675045 0.94751 0.67325 0.951548 0.67325 0.948856 0.67325 0.94751 0.671454 0.946164 0.671454 0.944818 0.669659 0.942127 0.669659 0.940781 0.667864 0.934051 0.667864 0.932705 0.666068 0.927322 0.666068 0.925976 0.664273 0.919246 0.664273 0.9179 0.662478 0.912517 0.662478 0.911171 0.660682 0.907133 0.660682 0.905787 0.658887 0.900404 0.658887
1 0.967699 0.621185 0.966353 0.62298 0.94751 0.62298 0.946164 0.624776 0.925976 0.624776 0.925976 0.626571 0.92463 0.628366 0.92463 0.630162 0.923284 0.631957 0.923284 0.635548 0.921938 0.637343 0.921938 0.639138 0.920592 0.640934 0.920592 0.642729 0.921938 0.640934 0.928668 0.640934 0.930013 0.639138 0.938089 0.639138 0.939435 0.637343 0.940781 0.637343 0.943472 0.633752 0.944818 0.633752 0.946164 0.631957 0.94751 0.631957 0.950202 0.628366 0.998654 0.628366 0.998654 0.621185
1 0.294751 0.615799 0.293405 0.617594 0.290713 0.617594 0.289367 0.61939 0.288022 0.61939 0.286676 0.621185 0.283984 0.621185 0.286676 0.624776 0.288022 0.624776 0.296097 0.635548 0.297443 0.635548 0.302826 0.642729 0.302826 0.644524 0.300135 0.648115 0.297443 0.648115 0.296097 0.64632 0.293405 0.64632 0.292059 0.644524 0.288022 0.644524 0.286676 0.642729 0.286676 0.644524 0.28533 0.64632 0.286676 0.64632 0.288022 0.648115 0.289367 0.648115 0.290713 0.64991 0.292059 0.64991 0.294751 0.653501 0.296097 0.653501 0.297443 0.655296 0.298789 0.655296 0.302826 0.660682 0.302826 0.662478 0.304172 0.664273 0.302826 0.666068 0.30148 0.666068 0.298789 0.669659 0.297443 0.669659 0.294751 0.67325 0.293405 0.67325 0.292059 0.675045 0.282638 0.675045 0.282638 0.678636 0.286676 0.678636 0.288022 0.680431 0.290713 0.680431 0.292059 0.682226 0.296097 0.67684 0.297443 0.67684 0.302826 0.669659 0.304172 0.669659 0.305518 0.667864 0.312248 0.67684 0.313594 0.675045 0.318977 0.675045 0.320323 0.67684 0.320323 0.678636 0.321669 0.680431 0.321669 0.682226 0.320323 0.684022 0.30148 0.684022 0.30148 0.687612 0.328398 0.687612 0.329744 0.689408 0.33109 0.687612 0.340511 0.687612 0.341857 0.685817 0.349933 0.685817 0.351279 0.684022 0.3607 0.684022 0.3607 0.682226 0.362046 0.680431 0.3607 0.682226 0.327052 0.682226 0.324361 0.678636 0.324361 0.675045 0.323015 0.67325 0.323015 0.671454 0.321669 0.669659 0.321669 0.666068 0.323015 0.664273 0.323015 0.662478 0.321669 0.662478 0.320323 0.660682 0.317631 0.660682 0.316285 0.658887 0.314939 0.658887 0.313594 0.657092 0.321669 0.64632 0.320323 0.644524 0.320323 0.642729 0.318977 0.640934 0.318977 0.639138 0.316285 0.635548 0.314939 0.635548 0.312248 0.631957 0.310902 0.631957 0.30821 0.628366 0.306864 0.628366 0.302826 0.62298 0.30148 0.62298 0.298789 0.61939 0.297443 0.61939
1 0.940781 0.585278 0.940781 0.587074 0.939435 0.588869 0.939435 0.59246 0.940781 0.594255 0.940781 0.599641 0.942127 0.601436 0.942127 0.603232 0.94751 0.603232 0.948856 0.605027 0.960969 0.605027 0.962315 0.603232 0.967699 0.603232 0.969044 0.601436 0.983849 0.601436 0.985195 0.603232 0.991925 0.603232 0.993271 0.605027 0.998654 0.605027 0.998654 0.594255 0.975774 0.594255 0.974428 0.59605 0.965007 0.59605 0.963661 0.597846 0.955585 0.597846 0.95424 0.599641 0.950202 0.594255 0.948856 0.594255 0.943472 0.587074 0.942127 0.587074
1 0.215343 0.574506 0.212651 0.578097 0.215343 0.578097 0.216689 0.579892 0.219381 0.579892 0.220727 0.581688 0.223419 0.581688 0.224764 0.583483 0.227456 0.583483 0.228802 0.585278 0.227456 0.587074 0.222073 0.587074 0.220727 0.585278 0.216689 0.585278 0.215343 0.583483 0.212651 0.583483 0.211306 0.581688 0.211306 0.583483 0.20996 0.585278 0.20996 0.587074 0.208614 0.588869 0.208614 0.590664 0.207268 0.59246 0.207268 0.594255 0.213997 0.594255 0.215343 0.59605 0.222073 0.59605 0.223419 0.597846 0.228802 0.597846 0.230148 0.599641 0.235532 0.599641 0.236878 0.601436 0.242261 0.601436 0.253028 0.615799 0.251682 0.617594 0.246299 0.617594 0.244953 0.61939 0.238223 0.61939 0.236878 0.617594 0.235532 0.617594 0.231494 0.612208 0.230148 0.612208 0.227456 0.608618 0.22611 0.610413 0.219381 0.610413 0.218035 0.612208 0.20996 0.612208 0.207268 0.608618 0.205922 0.608618 0.20323 0.605027 0.201884 0.605027 0.199192 0.601436 0.199192 0.599641 0.200538 0.597846 0.200538 0.59605 0.201884 0.594255 0.201884 0.590664 0.20323 0.588869 0.20323 0.587074 0.204576 0.585278 0.204576 0.583483 0.201884 0.583483 0.200538 0.581688 0.199192 0.581688 0.197847 0.579892 0.195155 0.583483 0.195155 0.585278 0.191117 0.590664 0.191117 0.59246 0.188425 0.59605 0.184388 0.59605 0.183042 0.594255 0.177658 0.594255 0.176312 0.59246 0.172275 0.59246 0.170929 0.590664 0.166891 0.590664 0.165545 0.588869 0.165545 0.590664 0.164199 0.59246 0.164199 0.594255 0.162853 0.59605 0.162853 0.597846 0.166891 0.597846 0.168237 0.599641 0.17362 0.599641 0.174966 0.601436 0.179004 0.601436 0.181696 0.605027 0.181696 0.606822 0.184388 0.610413 0.184388 0.612208 0.185734 0.614004 0.195155 0.614004 0.196501 0.615799 0.205922 0.615799 0.207268 0.617594 0.20996 0.617594 0.211306 0.61939 0.215343 0.61939 0.216689 0.621185 0.219381 0.621185 0.220727 0.62298 0.223419 0.62298 0.224764 0.624776 0.227456 0.624776 0.228802 0.626571 0.23284 0.626571 0.234186 0.628366 0.236878 0.628366 0.238223 0.630162 0.239569 0.628366 0.246299 0.628366 0.247645 0.626571 0.25572 0.626571 0.257066 0.624776 0.263795 0.624776 0.265141 0.62298 0.266487 0.62298 0.269179 0.61939 0.270525 0.61939 0.271871 0.617594 0.273217 0.617594 0.274563 0.615799 0.275908 0.615799 0.2786 0.612208 0.279946 0.612208 0.279946 0.610413 0.281292 0.608618 0.281292 0.606822 0.282638 0.605027 0.282638 0.603232 0.283984 0.601436 0.283984 0.599641 0.282638 0.597846 0.282638 0.59605 0.281292 0.594255 0.281292 0.59246 0.279946 0.594255 0.277254 0.594255 0.275908 0.59605 0.273217 0.59605 0.269179 0.590664 0.269179 0.588869 0.265141 0.583483 0.243607 0.583483 0.242261 0.581688 0.236878 0.581688 0.235532 0.579892 0.230148 0.579892 0.228802 0.578097 0.223419 0.578097 0.222073 0.576302 0.216689 0.576302
1 0.317631 0.570916 0.316285 0.572711 0.302826 0.572711 0.302826 0.576302 0.30148 0.578097 0.30148 0.579892 0.310902 0.579892 0.312248 0.578097 0.313594 0.578097 0.314939 0.576302 0.317631 0.576302
1 0.829071 0.563734 0.829071 0.570916 0.837147 0.570916 0.838493 0.572711 0.846568 0.572711 0.847914 0.574506 0.855989 0.574506 0.857335 0.576302 0.86541 0.576302 0.866756 0.578097 0.874832 0.578097 0.876178 0.579892 0.884253 0.579892 0.885599 0.581688 0.888291 0.578097 0.881561 0.578097 0.880215 0.576302 0.874832 0.576302 0.873486 0.574506 0.866756 0.574506 0.86541 0.572711 0.860027 0.572711 0.858681 0.570916 0.851952 0.570916 0.850606 0.56912 0.845222 0.56912 0.843876 0.567325 0.837147 0.567325 0.835801 0.56553 0.830417 0.56553
1 0.551817 0.563734 0.550471 0.56553 0.550471 0.567325 0.549125 0.56912 0.549125 0.570916 0.546433 0.574506 0.546433 0.576302 0.543742 0.579892 0.543742 0.581688 0.542396 0.583483 0.542396 0.585278 0.54105 0.587074 0.542396 0.585278 0.545087 0.585278 0.546433 0.583483 0.550471 0.583483 0.551817 0.585278 0.551817 0.587074 0.553163 0.588869 0.553163 0.590664 0.555855 0.594255 0.555855 0.59605 0.557201 0.597846 0.557201 0.599641 0.558546 0.601436 0.558546 0.603232 0.559892 0.605027 0.559892 0.614004 0.561238 0.615799 0.561238 0.624776 0.562584 0.626571 0.562584 0.628366 0.565276 0.631957 0.565276 0.633752 0.566622 0.635548 0.566622 0.637343 0.569314 0.640934 0.569314 0.642729 0.567968 0.644524 0.555855 0.644524 0.555855 0.655296 0.588156 0.655296 0.589502 0.657092 0.596231 0.657092 0.597577 0.658887 0.596231 0.660682 0.588156 0.660682 0.58681 0.662478 0.577389 0.662478 0.577389 0.667864 0.582773 0.667864 0.584118 0.669659 0.589502 0.669659 0.590848 0.671454 0.596231 0.671454 0.597577 0.67325 0.600269 0.67325 0.601615 0.675045 0.602961 0.675045 0.604307 0.67684 0.606999 0.67684 0.608345 0.678636 0.60969 0.678636 0.611036 0.680431 0.613728 0.680431 0.615074 0.682226 0.61642 0.682226 0.617766 0.684022 0.620458 0.684022 0.621803 0.685817 0.623149 0.685817 0.624495 0.687612 0.623149 0.689408 0.606999 0.689408 0.605653 0.687612 0.602961 0.687612 0.601615 0.685817 0.598923 0.685817 0.597577 0.684022 0.596231 0.684022 0.594886 0.682226 0.592194 0.682226 0.590848 0.680431 0.588156 0.680431 0.58681 0.678636 0.584118 0.678636 0.582773 0.67684 0.581427 0.678636 0.581427 0.680431 0.580081 0.682226 0.580081 0.684022 0.577389 0.687612 0.577389 0.689408 0.576043 0.691203 0.56393 0.691203 0.56393 0.692998 0.565276 0.694794 0.565276 0.696589 0.566622 0.698384 0.566622 0.70018 0.567968 0.701975 0.567968 0.70377 0.569314 0.70377 0.570659 0.705566 0.573351 0.705566 0.574697 0.707361 0.576043 0.707361 0.577389 0.709156 0.578735 0.709156 0.580081 0.710952 0.577389 0.714542 0.576043 0.714542 0.574697 0.716338 0.570659 0.716338 0.569314 0.714542 0.566622 0.714542 0.565276 0.712747 0.561238 0.712747 0.559892 0.710952 0.557201 0.710952 0.555855 0.709156 0.551817 0.709156 0.550471 0.707361 0.547779 0.707361 0.546433 0.705566 0.545087 0.707361 0.545087 0.709156 0.543742 0.710952 0.546433 0.710952 0.547779 0.712747 0.549125 0.712747 0.550471 0.714542 0.553163 0.714542 0.554509 0.716338 0.555855 0.716338 0.557201 0.718133 0.559892 0.718133 0.561238 0.719928 0.562584 0.719928 0.56393 0.721724 0.566622 0.721724 0.567968 0.723519 0.569314 0.723519 0.570659 0.725314 0.573351 0.725314 0.574697 0.72711 0.585464 0.72711 0.58681 0.728905 0.596231 0.728905 0.597577 0.7307 0.597577 0.732496 0.596231 0.734291 0.596231 0.737882 0.594886 0.739677 0.594886 0.741472 0.615074 0.741472 0.61642 0.743268 0.619112 0.739677 0.620458 0.739677 0.624495 0.734291 0.625841 0.734291 0.627187 0.732496 0.629879 0.732496 0.631225 0.734291 0.633917 0.734291 0.635262 0.736086 0.636608 0.736086 0.637954 0.737882 0.640646 0.737882 0.641992 0.739677 0.644684 0.739677 0.64603 0.741472 0.671602 0.741472 0.672948 0.743268 0.674293 0.741472 0.676985 0.741472 0.678331 0.739677 0.681023 0.739677 0.682369 0.737882 0.685061 0.737882 0.686406 0.736086 0.689098 0.736086 0.690444 0.734291 0.693136 0.734291 0.694482 0.732496 0.695828 0.732496 0.697174 0.7307 0.69852 0.7307 0.701211 0.72711 0.702557 0.72711 0.703903 0.725314 0.705249 0.725314 0.706595 0.723519 0.707941 0.723519 0.709287 0.721724 0.710633 0.721724 0.711978 0.719928 0.713324 0.719928 0.716016 0.716338 0.717362 0.716338 0.718708 0.714542 0.720054 0.714542 0.725437 0.707361 0.724092 0.707361 0.722746 0.705566 0.7214 0.705566 0.720054 0.70377 0.718708 0.70377 0.717362 0.701975 0.716016 0.701975 0.71467 0.70018 0.710633 0.705566 0.709287 0.705566 0.706595 0.709156 0.703903 0.709156 0.702557 0.707361 0.69852 0.707361 0.697174 0.705566 0.694482 0.705566 0.693136 0.70377 0.690444 0.70377 0.689098 0.701975 0.693136 0.696589 0.694482 0.696589 0.697174 0.692998 0.710633 0.692998 0.711978 0.694794 0.716016 0.694794 0.717362 0.696589 0.720054 0.696589 0.7214 0.698384 0.725437 0.698384 0.726783 0.70018 0.729475 0.70018 0.730821 0.701975 0.733513 0.701975 0.734859 0.70377 0.736205 0.70377 0.73755 0.705566 0.740242 0.705566 0.741588 0.707361 0.742934 0.707361 0.74428 0.709156 0.746972 0.709156 0.748318 0.710952 0.752355 0.710952 0.753701 0.712747 0.759085 0.712747 0.760431 0.714542 0.764468 0.714542 0.765814 0.716338 0.779273 0.716338 0.780619 0.718133 0.780619 0.716338 0.781965 0.714542 0.781965 0.712747 0.780619 0.712747 0.779273 0.710952 0.777927 0.710952 0.776581 0.709156 0.775236 0.709156 0.772544 0.705566 0.771198 0.705566 0.769852 0.70377 0.768506 0.70377 0.76716 0.701975 0.765814 0.701975 0.764468 0.70018 0.764468 0.696589 0.763122 0.694794 0.763122 0.689408 0.761777 0.687612 0.761777 0.684022 0.738896 0.684022 0.73755 0.682226 0.734859 0.685817 0.733513 0.685817 0.732167 0.687612 0.728129 0.687612 0.726783 0.685817 0.724092 0.685817 0.722746 0.684022 0.718708 0.684022 0.717362 0.682226 0.713324 0.682226 0.711978 0.680431 0.707941 0.680431 0.706595 0.678636 0.703903 0.678636 0.702557 0.67684 0.69852 0.67684 0.697174 0.675045 0.695828 0.67684 0.671602 0.67684 0.66891 0.67325 0.667564 0.67325 0.663526 0.667864 0.66218 0.669659 0.659489 0.669659 0.658143 0.671454 0.656797 0.671454 0.655451 0.67325 0.652759 0.67325 0.651413 0.675045 0.650067 0.675045 0.648721 0.67684 0.64603 0.67684 0.644684 0.678636 0.643338 0.678636 0.641992 0.680431 0.6393 0.680431 0.636608 0.67684 0.635262 0.67684 0.631225 0.671454 0.629879 0.671454 0.628533 0.669659 0.625841 0.669659 0.624495 0.667864 0.623149 0.667864 0.621803 0.666068 0.623149 0.664273 0.652759 0.664273 0.654105 0.666068 0.655451 0.664273 0.656797 0.664273 0.658143 0.662478 0.659489 0.662478 0.660834 0.660682 0.66218 0.660682 0.658143 0.660682 0.656797 0.658887 0.652759 0.658887 0.651413 0.657092 0.648721 0.657092 0.647376 0.655296 0.643338 0.655296 0.641992 0.653501 0.637954 0.653501 0.625841 0.637343 0.624495 0.637343 0.613728 0.62298 0.615074 0.621185 0.617766 0.621185 0.619112 0.62298 0.623149 0.62298 0.624495 0.624776 0.629879 0.624776 0.631225 0.626571 0.635262 0.626571 0.636608 0.628366 0.641992 0.628366 0.643338 0.630162 0.647376 0.630162 0.648721 0.631957 0.654105 0.631957 0.655451 0.633752 0.655451 0.637343 0.654105 0.639138 0.654105 0.642729 0.656797 0.642729 0.658143 0.644524 0.660834 0.644524 0.66218 0.64632 0.664872 0.64632 0.666218 0.648115 0.66891 0.648115 0.670256 0.64991 0.672948 0.64991 0.674293 0.651706 0.676985 0.651706 0.678331 0.653501 0.718708 0.653501 0.720054 0.651706 0.722746 0.651706 0.724092 0.64991 0.726783 0.64991 0.725437 0.648115 0.725437 0.64632 0.722746 0.642729 0.722746 0.640934 0.720054 0.637343 0.720054 0.635548 0.7214 0.633752 0.738896 0.633752 0.748318 0.64632 0.753701 0.64632 0.755047 0.648115 0.761777 0.648115 0.763122 0.64991 0.768506 0.64991 0.769852 0.651706 0.775236 0.651706 0.776581 0.653501 0.776581 0.64632 0.77389 0.64632 0.772544 0.644524 0.771198 0.644524 0.769852 0.642729 0.76716 0.642729 0.765814 0.640934 0.763122 0.640934 0.761777 0.639138 0.760431 0.639138 0.759085 0.637343 0.756393 0.637343 0.755047 0.635548 0.753701 0.635548 0.752355 0.633752 0.749664 0.633752 0.748318 0.631957 0.745626 0.631957 0.74428 0.630162 0.742934 0.630162 0.741588 0.628366 0.738896 0.628366 0.73755 0.626571 0.710633 0.626571 0.707941 0.630162 0.706595 0.630162 0.705249 0.631957 0.694482 0.631957 0.693136 0.630162 0.69179 0.630162 0.689098 0.626571 0.687752 0.626571 0.686406 0.624776 0.685061 0.624776 0.683715 0.62298 0.682369 0.62298 0.681023 0.621185 0.679677 0.621185 0.676985 0.617594 0.675639 0.617594 0.674293 0.615799 0.672948 0.615799 0.671602 0.614004 0.670256 0.614004 0.667564 0.610413 0.666218 0.610413 0.664872 0.608618 0.663526 0.608618 0.66218 0.606822 0.654105 0.606822 0.652759 0.605027 0.64603 0.605027 0.644684 0.603232 0.636608 0.603232 0.635262 0.601436 0.628533 0.601436 0.627187 0.599641 0.625841 0.601436 0.621803 0.601436 0.620458 0.603232 0.61642 0.603232 0.615074 0.605027 0.612382 0.605027 0.611036 0.606822 0.606999 0.606822 0.605653 0.608618 0.601615 0.608618 0.600269 0.610413 0.596231 0.610413 0.594886 0.612208 0.58681 0.612208 0.585464 0.614004 0.577389 0.614004 0.576043 0.612208 0.577389 0.610413 0.577389 0.605027 0.578735 0.603232 0.578735 0.599641 0.580081 0.597846 0.580081 0.59605 0.578735 0.59605 0.577389 0.594255 0.576043 0.594255 0.574697 0.59246 0.573351 0.59246 0.572005 0.590664 0.570659 0.590664 0.569314 0.588869 0.567968 0.588869 0.566622 0.587074 0.566622 0.583483 0.565276 0.581688 0.565276 0.576302 0.56393 0.574506 0.56393 0.570916 0.562584 0.570916 0.561238 0.56912 0.558546 0.56912 0.557201 0.567325 0.555855 0.567325 0.554509 0.56553 0.553163 0.56553
1 0.504711 0.554758 0.492598 0.570916 0.493943 0.572711 0.495289 0.572711 0.499327 0.578097 0.497981 0.579892 0.484522 0.579892 0.483176 0.578097 0.480485 0.578097 0.479139 0.576302 0.477793 0.576302 0.476447 0.574506 0.475101 0.574506 0.473755 0.572711 0.472409 0.572711 0.471063 0.570916 0.468371 0.570916 0.467026 0.56912 0.46568 0.56912 0.464334 0.567325 0.446837 0.567325 0.445491 0.56553 0.444145 0.56553 0.442799 0.563734 0.440108 0.563734 0.438762 0.561939 0.437416 0.561939 0.43607 0.560144 0.434724 0.560144 0.433378 0.558348 0.433378 0.560144 0.432032 0.561939 0.432032 0.563734 0.430686 0.56553 0.430686 0.567325 0.429341 0.56912 0.437416 0.579892 0.449529 0.579892 0.450875 0.581688 0.450875 0.583483 0.452221 0.585278 0.452221 0.587074 0.453567 0.588869 0.461642 0.588869 0.462988 0.590664 0.471063 0.590664 0.472409 0.59246 0.471063 0.594255 0.469717 0.594255 0.467026 0.597846 0.462988 0.597846 0.461642 0.59605 0.457604 0.59605 0.456258 0.594255 0.453567 0.594255 0.452221 0.59246 0.449529 0.59246 0.448183 0.590664 0.448183 0.59605 0.446837 0.597846 0.446837 0.601436 0.450875 0.601436 0.452221 0.603232 0.454913 0.603232 0.456258 0.605027 0.460296 0.605027 0.461642 0.606822 0.461642 0.608618 0.460296 0.610413 0.460296 0.614004 0.45895 0.615799 0.45895 0.617594 0.460296 0.617594 0.462988 0.621185 0.477793 0.601436 0.480485 0.601436 0.48183 0.603232 0.483176 0.603232 0.484522 0.605027 0.487214 0.605027 0.48856 0.606822 0.489906 0.606822 0.491252 0.608618 0.493943 0.608618 0.495289 0.610413 0.496635 0.610413 0.497981 0.612208 0.516824 0.612208 0.51817 0.614004 0.51817 0.601436 0.510094 0.601436 0.508748 0.599641 0.502019 0.599641 0.500673 0.597846 0.502019 0.59605 0.504711 0.59605 0.506057 0.594255 0.508748 0.594255 0.510094 0.59246 0.512786 0.59246 0.512786 0.581688 0.514132 0.579892 0.515478 0.579892 0.516824 0.578097 0.51817 0.578097 0.516824 0.578097 0.515478 0.576302 0.512786 0.576302 0.51144 0.574506 0.510094 0.574506 0.508748 0.572711 0.506057 0.576302 0.504711 0.576302 0.503365 0.574506 0.503365 0.572711 0.502019 0.570916 0.502019 0.56912 0.507402 0.561939 0.508748 0.561939 0.51144 0.558348 0.508748 0.558348 0.507402 0.556553 0.506057 0.556553
1 0.227456 0.545781 0.223419 0.551167 0.222073 0.551167 0.220727 0.552962 0.223419 0.556553 0.223419 0.558348 0.224764 0.560144 0.22611 0.558348 0.234186 0.558348 0.235532 0.556553 0.238223 0.556553 0.239569 0.554758 0.243607 0.554758 0.244953 0.552962 0.247645 0.552962 0.248991 0.551167 0.253028 0.551167 0.251682 0.549372 0.251682 0.547576 0.250336 0.545781 0.248991 0.547576 0.228802 0.547576
1 0.188425 0.509874 0.188425 0.51167 0.187079 0.513465 0.187079 0.51526 0.185734 0.517056 0.185734 0.518851 0.184388 0.520646 0.184388 0.522442 0.197847 0.522442 0.199192 0.524237 0.200538 0.522442 0.201884 0.522442 0.20323 0.520646 0.205922 0.520646 0.204576 0.518851 0.20323 0.518851 0.199192 0.513465 0.195155 0.513465 0.193809 0.51167 0.189771 0.51167
1 0.170929 0.509874 0.169583 0.51167 0.164199 0.51167 0.162853 0.513465 0.15747 0.513465 0.148048 0.526032 0.133244 0.526032 0.131898 0.524237 0.131898 0.535009 0.133244 0.535009 0.135935 0.5386 0.137281 0.5386 0.139973 0.54219 0.141319 0.54219 0.144011 0.545781 0.145357 0.543986 0.146703 0.543986 0.149394 0.540395 0.15074 0.540395 0.152086 0.5386 0.153432 0.5386 0.154778 0.536804 0.156124 0.536804 0.158816 0.533214 0.160162 0.533214 0.160162 0.531418 0.161507 0.529623 0.161507 0.524237 0.162853 0.522442 0.162853 0.520646 0.164199 0.518851 0.172275 0.518851 0.172275 0.51526 0.170929 0.513465
1 0.345895 0.502693 0.345895 0.504488 0.344549 0.506284 0.344549 0.508079 0.345895 0.508079 0.347241 0.509874 0.348587 0.509874 0.349933 0.51167 0.347241 0.51526 0.347241 0.517056 0.343203 0.522442 0.343203 0.524237 0.340511 0.527828 0.336474 0.527828 0.335128 0.526032 0.33109 0.526032 0.329744 0.524237 0.325707 0.524237 0.324361 0.522442 0.324361 0.524237 0.323015 0.526032 0.323015 0.529623 0.321669 0.531418 0.321669 0.533214 0.328398 0.533214 0.329744 0.535009 0.335128 0.535009 0.336474 0.536804 0.343203 0.536804 0.344549 0.5386 0.345895 0.536804 0.363392 0.536804 0.366083 0.533214 0.367429 0.533214 0.368775 0.531418 0.370121 0.533214 0.370121 0.5386 0.368775 0.540395 0.368775 0.54219 0.372813 0.54219 0.374159 0.543986 0.378197 0.5386 0.394347 0.5386 0.395693 0.540395 0.401077 0.540395 0.402423 0.54219 0.40646 0.54219 0.407806 0.543986 0.411844 0.543986 0.41319 0.545781 0.417227 0.545781 0.418573 0.547576 0.418573 0.535009 0.399731 0.535009 0.398385 0.533214 0.397039 0.533214 0.393001 0.527828 0.39031 0.527828 0.388964 0.526032 0.387618 0.526032 0.386272 0.524237 0.38358 0.524237 0.382234 0.522442 0.380888 0.522442 0.379542 0.520646 0.376851 0.520646 0.375505 0.518851 0.374159 0.520646 0.371467 0.520646 0.370121 0.522442 0.368775 0.522442 0.367429 0.524237 0.366083 0.524237 0.364738 0.522442 0.366083 0.520646 0.366083 0.518851 0.367429 0.517056 0.367429 0.51526 0.368775 0.513465 0.368775 0.51167 0.370121 0.509874 0.370121 0.508079 0.371467 0.506284 0.371467 0.504488 0.347241 0.504488
1 0.243607 0.499102 0.242261 0.500898 0.242261 0.502693 0.239569 0.506284 0.239569 0.508079 0.236878 0.51167 0.231494 0.51167 0.230148 0.513465 0.224764 0.513465 0.224764 0.520646 0.22611 0.518851 0.23284 0.518851 0.234186 0.517056 0.248991 0.517056 0.250336 0.518851 0.250336 0.51526 0.251682 0.513465 0.251682 0.509874 0.250336 0.508079 0.250336 0.506284 0.247645 0.502693 0.247645 0.500898 0.246299 0.499102
1 0.039031 0.464991 0.037685 0.466786 0.034993 0.466786 0.033647 0.468582 0.032301 0.468582 0.030956 0.470377 0.028264 0.470377 0.026918 0.472172 0.024226 0.472172 0.02288 0.473968 0.020188 0.473968 0.018843 0.475763 0.016151 0.475763 0.014805 0.477558 0.012113 0.477558 0.010767 0.479354 0.008075 0.479354 0.008075 0.48833 0.009421 0.486535 0.012113 0.486535 0.013459 0.48474 0.016151 0.48474 0.017497 0.482944 0.021534 0.482944 0.02288 0.481149 0.025572 0.481149 0.026918 0.479354 0.02961 0.479354 0.030956 0.477558 0.057873 0.477558 0.057873 0.473968 0.059219 0.472172 0.059219 0.470377 0.057873 0.472172 0.041723 0.472172 0.039031 0.468582
1 0.195155 0.463196 0.192463 0.466786 0.191117 0.466786 0.188425 0.470377 0.187079 0.470377 0.184388 0.473968 0.172275 0.473968 0.170929 0.472172 0.168237 0.475763 0.168237 0.477558 0.165545 0.481149 0.166891 0.481149 0.169583 0.48474 0.170929 0.48474 0.17362 0.48833 0.174966 0.48833 0.176312 0.490126 0.177658 0.48833 0.179004 0.48833 0.18035 0.486535 0.183042 0.486535 0.184388 0.48474 0.185734 0.48474 0.187079 0.482944 0.189771 0.482944 0.191117 0.481149 0.192463 0.481149 0.189771 0.481149 0.188425 0.479354 0.185734 0.479354 0.184388 0.477558 0.185734 0.475763 0.188425 0.475763 0.189771 0.473968 0.191117 0.473968 0.192463 0.472172 0.195155 0.472172 0.196501 0.470377 0.197847 0.470377 0.199192 0.468582 0.201884 0.468582 0.200538 0.468582 0.197847 0.464991 0.196501 0.464991
1 0.572005 0.432675 0.570659 0.43447 0.570659 0.436266 0.569314 0.438061 0.569314 0.439856 0.566622 0.443447 0.561238 0.443447 0.559892 0.445242 0.554509 0.445242 0.553163 0.447038 0.547779 0.447038 0.546433 0.448833 0.546433 0.450628 0.545087 0.452424 0.545087 0.454219 0.542396 0.45781 0.53432 0.45781 0.532974 0.459605 0.523553 0.459605 0.523553 0.4614 0.522207 0.463196 0.522207 0.466786 0.520861 0.468582 0.520861 0.470377 0.515478 0.477558 0.514132 0.477558 0.512786 0.475763 0.51144 0.475763 0.510094 0.473968 0.508748 0.473968 0.507402 0.472172 0.504711 0.475763 0.503365 0.475763 0.502019 0.477558 0.503365 0.479354 0.503365 0.481149 0.504711 0.482944 0.504711 0.48474 0.506057 0.486535 0.504711 0.48833 0.496635 0.48833 0.495289 0.490126 0.485868 0.490126 0.484522 0.491921 0.483176 0.491921 0.480485 0.495512 0.479139 0.495512 0.477793 0.497307 0.476447 0.497307 0.475101 0.499102 0.473755 0.499102 0.471063 0.502693 0.469717 0.502693 0.468371 0.504488 0.467026 0.504488 0.461642 0.51167 0.460296 0.51167 0.456258 0.517056 0.453567 0.517056 0.452221 0.518851 0.448183 0.518851 0.446837 0.520646 0.444145 0.520646 0.442799 0.522442 0.440108 0.522442 0.438762 0.524237 0.434724 0.524237 0.433378 0.526032 0.430686 0.526032 0.432032 0.527828 0.432032 0.529623 0.433378 0.531418 0.433378 0.533214 0.434724 0.535009 0.43607 0.533214 0.438762 0.533214 0.440108 0.531418 0.442799 0.531418 0.444145 0.529623 0.448183 0.529623 0.449529 0.527828 0.452221 0.527828 0.453567 0.526032 0.456258 0.526032 0.457604 0.524237 0.460296 0.524237 0.461642 0.522442 0.46568 0.522442 0.467026 0.520646 0.469717 0.520646 0.471063 0.518851 0.473755 0.518851 0.485868 0.502693 0.48856 0.502693 0.489906 0.500898 0.492598 0.500898 0.493943 0.499102 0.495289 0.499102 0.496635 0.497307 0.499327 0.497307 0.500673 0.495512 0.503365 0.495512 0.504711 0.493716 0.507402 0.493716 0.508748 0.491921 0.51144 0.491921 0.512786 0.490126 0.515478 0.490126 0.516824 0.48833 0.519515 0.48833 0.520861 0.486535 0.523553 0.486535 0.524899 0.48474 0.528937 0.48474 0.530283 0.482944 0.532974 0.482944 0.53432 0.481149 0.537012 0.481149 0.538358 0.479354 0.54105 0.479354 0.54105 0.477558 0.542396 0.475763 0.542396 0.472172 0.543742 0.470377 0.543742 0.468582 0.546433 0.464991 0.554509 0.464991 0.555855 0.463196 0.557201 0.463196 0.559892 0.459605 0.561238 0.459605 0.56393 0.456014 0.565276 0.456014 0.566622 0.454219 0.567968 0.454219 0.570659 0.450628 0.572005 0.450628 0.573351 0.448833 0.573351 0.447038 0.574697 0.445242 0.574697 0.443447 0.576043 0.441652 0.576043 0.439856 0.577389 0.438061 0.577389 0.436266 0.578735 0.43447 0.573351 0.43447
1 0.792732 0.414722 0.792732 0.423698 0.794078 0.421903 0.816958 0.421903 0.816958 0.420108 0.818304 0.418312 0.818304 0.416517 0.794078 0.416517
1 0.779273 0.398564 0.777927 0.400359 0.749664 0.400359 0.748318 0.402154 0.746972 0.402154 0.745626 0.40395 0.74428 0.40395 0.742934 0.405745 0.740242 0.405745 0.738896 0.40754 0.73755 0.40754 0.738896 0.409336 0.738896 0.411131 0.740242 0.409336 0.775236 0.409336 0.775236 0.40754 0.776581 0.405745 0.776581 0.40395 0.777927 0.402154 0.777927 0.400359
1 0.569314 0.375224 0.567968 0.37702 0.565276 0.37702 0.566622 0.378815 0.566622 0.38061 0.567968 0.382406 0.567968 0.384201 0.566622 0.385996 0.566622 0.387792 0.562584 0.393178 0.562584 0.394973 0.561238 0.396768 0.561238 0.398564 0.558546 0.402154 0.558546 0.40395 0.557201 0.405745 0.558546 0.40754 0.559892 0.40754 0.56393 0.412926 0.565276 0.411131 0.567968 0.411131 0.569314 0.409336 0.572005 0.409336 0.573351 0.40754 0.576043 0.40754 0.577389 0.405745 0.582773 0.405745 0.584118 0.40395 0.58681 0.40395 0.588156 0.405745 0.588156 0.40754 0.58681 0.409336 0.58681 0.411131 0.585464 0.412926 0.577389 0.412926 0.576043 0.411131 0.573351 0.414722 0.573351 0.416517 0.570659 0.420108 0.573351 0.420108 0.574697 0.421903 0.577389 0.421903 0.578735 0.423698 0.580081 0.423698 0.581427 0.425494 0.584118 0.425494 0.585464 0.427289 0.588156 0.427289 0.589502 0.429084 0.592194 0.425494 0.59354 0.425494 0.596231 0.421903 0.597577 0.421903 0.597577 0.400359 0.594886 0.400359 0.59354 0.398564 0.592194 0.398564 0.590848 0.396768 0.588156 0.396768 0.58681 0.394973 0.585464 0.394973 0.584118 0.393178 0.582773 0.394973 0.581427 0.394973 0.580081 0.396768 0.577389 0.396768 0.576043 0.398564 0.574697 0.398564 0.573351 0.400359 0.569314 0.400359 0.567968 0.398564 0.569314 0.396768 0.570659 0.396768 0.572005 0.394973 0.573351 0.394973 0.574697 0.393178 0.576043 0.393178 0.577389 0.391382 0.578735 0.391382 0.580081 0.389587 0.581427 0.389587 0.582773 0.387792 0.584118 0.387792 0.584118 0.385996 0.582773 0.384201 0.582773 0.382406 0.574697 0.382406
1 0.717362 0.371634 0.716016 0.373429 0.713324 0.373429 0.711978 0.375224 0.675639 0.375224 0.675639 0.378815 0.674293 0.38061 0.674293 0.382406 0.686406 0.382406 0.687752 0.384201 0.69852 0.384201 0.699865 0.385996 0.701211 0.384201 0.701211 0.382406 0.703903 0.378815 0.717362 0.378815
1 0.812921 0.360862 0.811575 0.362657 0.804845 0.362657 0.803499 0.364452 0.795424 0.364452 0.794078 0.366248 0.768506 0.366248 0.76716 0.364452 0.76716 0.368043 0.765814 0.369838 0.765814 0.371634 0.76716 0.369838 0.772544 0.369838 0.77389 0.371634 0.77389 0.373429 0.772544 0.375224 0.772544 0.37702 0.777927 0.37702 0.779273 0.378815 0.780619 0.37702 0.786003 0.37702 0.787349 0.375224 0.792732 0.375224 0.794078 0.373429 0.799462 0.373429 0.800808 0.371634 0.803499 0.371634 0.804845 0.369838 0.806191 0.369838 0.807537 0.368043 0.810229 0.368043 0.811575 0.366248 0.812921 0.366248 0.815612 0.369838 0.815612 0.373429 0.814266 0.375224 0.814266 0.378815 0.812921 0.38061 0.812921 0.382406 0.811575 0.384201 0.811575 0.385996 0.808883 0.389587 0.784657 0.389587 0.784657 0.394973 0.810229 0.394973 0.811575 0.393178 0.815612 0.393178 0.816958 0.391382 0.81965 0.391382 0.820996 0.389587 0.825034 0.389587 0.825034 0.384201 0.822342 0.384201 0.820996 0.382406 0.818304 0.382406 0.816958 0.38061 0.818304 0.378815 0.822342 0.378815 0.823688 0.37702 0.829071 0.37702 0.82638 0.373429 0.82638 0.371634 0.825034 0.369838 0.825034 0.366248 0.82638 0.364452 0.82638 0.360862
1 0.542396 0.360862 0.54105 0.362657 0.512786 0.362657 0.51144 0.364452 0.508748 0.364452 0.507402 0.366248 0.506057 0.366248 0.504711 0.368043 0.502019 0.368043 0.500673 0.369838 0.499327 0.369838 0.497981 0.371634 0.495289 0.371634 0.493943 0.373429 0.491252 0.373429 0.489906 0.375224 0.48856 0.375224 0.487214 0.37702 0.484522 0.37702 0.484522 0.382406 0.483176 0.384201 0.483176 0.389587 0.476447 0.398564 0.475101 0.398564 0.467026 0.409336 0.46568 0.409336 0.461642 0.414722 0.460296 0.414722 0.457604 0.418312 0.456258 0.418312 0.453567 0.421903 0.449529 0.421903 0.448183 0.423698 0.444145 0.423698 0.442799 0.425494 0.440108 0.425494 0.438762 0.427289 0.434724 0.427289 0.433378 0.429084 0.429341 0.429084 0.427995 0.43088 0.423957 0.43088 0.422611 0.432675 0.421265 0.432675 0.419919 0.43447 0.418573 0.43447 0.417227 0.436266 0.415882 0.436266 0.414536 0.438061 0.411844 0.438061 0.410498 0.439856 0.409152 0.439856 0.407806 0.441652 0.40646 0.441652 0.405114 0.443447 0.403769 0.443447 0.402423 0.445242 0.401077 0.445242 0.399731 0.447038 0.398385 0.447038 0.397039 0.448833 0.394347 0.448833 0.393001 0.450628 0.391655 0.450628 0.39031 0.452424 0.372813 0.452424 0.371467 0.450628 0.372813 0.448833 0.372813 0.447038 0.375505 0.443447 0.374159 0.443447 0.372813 0.441652 0.370121 0.441652 0.368775 0.439856 0.367429 0.439856 0.366083 0.438061 0.363392 0.438061 0.362046 0.436266 0.3607 0.436266 0.359354 0.43447 0.3607 0.432675 0.364738 0.432675 0.366083 0.43088 0.371467 0.43088 0.371467 0.427289 0.351279 0.427289 0.349933 0.425494 0.351279 0.423698 0.356662 0.423698 0.358008 0.421903 0.362046 0.421903 0.363392 0.420108 0.368775 0.420108 0.371467 0.416517 0.372813 0.416517 0.375505 0.412926 0.376851 0.412926 0.379542 0.409336 0.380888 0.409336 0.382234 0.40754 0.384926 0.40754 0.386272 0.405745 0.387618 0.405745 0.388964 0.40395 0.391655 0.40395 0.391655 0.402154 0.39031 0.400359 0.39031 0.396768 0.388964 0.398564 0.386272 0.398564 0.384926 0.400359 0.38358 0.400359 0.382234 0.402154 0.379542 0.402154 0.378197 0.40395 0.376851 0.40395 0.375505 0.405745 0.363392 0.405745 0.362046 0.40754 0.3607 0.40754 0.358008 0.411131 0.356662 0.411131 0.355316 0.412926 0.35397 0.412926 0.352624 0.414722 0.349933 0.414722 0.348587 0.416517 0.345895 0.416517 0.344549 0.418312 0.340511 0.418312 0.339166 0.420108 0.336474 0.420108 0.335128 0.421903 0.332436 0.421903 0.33109 0.423698 0.328398 0.423698 0.327052 0.425494 0.324361 0.425494 0.323015 0.427289 0.314939 0.427289 0.313594 0.425494 0.309556 0.425494 0.30821 0.423698 0.28533 0.423698 0.283984 0.421903 0.282638 0.423698 0.279946 0.423698 0.2786 0.425494 0.277254 0.425494 0.275908 0.427289 0.273217 0.427289 0.271871 0.429084 0.25572 0.429084 0.251682 0.423698 0.251682 0.421903 0.248991 0.418312 0.234186 0.418312 0.23284 0.420108 0.231494 0.420108 0.230148 0.421903 0.227456 0.421903 0.22611 0.423698 0.20996 0.423698 0.208614 0.421903 0.207268 0.423698 0.204576 0.423698 0.20323 0.425494 0.201884 0.425494 0.200538 0.427289 0.197847 0.427289 0.196501 0.429084 0.185734 0.429084 0.184388 0.43088 0.17362 0.43088 0.172275 0.432675 0.161507 0.432675 0.160162 0.43447 0.158816 0.43447 0.15747 0.436266 0.156124 0.436266 0.154778 0.438061 0.153432 0.438061 0.152086 0.439856 0.148048 0.439856 0.146703 0.441652 0.142665 0.441652 0.141319 0.443447 0.137281 0.443447 0.135935 0.445242 0.131898 0.445242 0.130552 0.447038 0.121131 0.447038 0.119785 0.445242 0.113055 0.445242 0.111709 0.443447 0.106326 0.443447 0.10498 0.441652 0.103634 0.443447 0.099596 0.443447 0.09825 0.445242 0.092867 0.445242 0.091521 0.447038 0.087483 0.447038 0.086137 0.448833 0.080754 0.448833 0.079408 0.450628 0.07537 0.450628 0.074024 0.452424 0.068641 0.452424 0.067295 0.450628 0.063257 0.450628 0.061911 0.448833 0.059219 0.448833 0.057873 0.447038 0.053836 0.447038 0.05249 0.445242 0.056528 0.439856 0.057873 0.439856 0.059219 0.438061 0.056528 0.438061 0.055182 0.436266 0.053836 0.436266 0.05249 0.43447 0.049798 0.43447 0.048452 0.432675 0.04576 0.432675 0.044415 0.43088 0.041723 0.43088 0.040377 0.429084 0.039031 0.429084 0.037685 0.427289 0.034993 0.427289 0.033647 0.425494 0.033647 0.414722 0.032301 0.416517 0.026918 0.416517 0.025572 0.418312 0.021534 0.418312 0.020188 0.420108 0.001346 0.420108 0.0 0.418312 0.0 0.429084 0.004038 0.429084 0.005384 0.43088 0.005384 0.43447 0.021534 0.43447 0.02288 0.436266 0.02288 0.43447 0.024226 0.432675 0.021534 0.432675 0.020188 0.43088 0.017497 0.43088 0.016151 0.429084 0.016151 0.427289 0.014805 0.425494 0.016151 0.423698 0.018843 0.423698 0.020188 0.425494 0.02288 0.425494 0.024226 0.427289 0.028264 0.427289 0.02961 0.429084 0.02961 0.432675 0.028264 0.43447 0.028264 0.436266 0.026918 0.438061 0.025572 0.438061 0.02288 0.441652 0.021534 0.441652 0.020188 0.443447 0.001346 0.443447 0.0 0.441652 0.0 0.454219 0.001346 0.452424 0.009421 0.452424 0.010767 0.450628 0.018843 0.450628 0.020188 0.448833 0.021534 0.448833 0.024226 0.445242 0.025572 0.445242 0.026918 0.443447 0.028264 0.443447 0.030956 0.439856 0.041723 0.439856 0.043069 0.441652 0.041723 0.443447 0.041723 0.445242 0.039031 0.448833 0.040377 0.448833 0.041723 0.450628 0.043069 0.450628 0.044415 0.452424 0.04576 0.452424 0.048452 0.456014 0.049798 0.456014 0.051144 0.45781 0.05249 0.45781 0.053836 0.459605 0.064603 0.459605 0.064603 0.45781 0.065949 0.456014 0.065949 0.454219 0.067295 0.452424 0.068641 0.452424 0.069987 0.454219 0.069987 0.456014 0.071332 0.45781 0.072678 0.456014 0.103634 0.456014 0.10498 0.45781 0.10498 0.459605 0.103634 0.4614 0.10498 0.459605 0.114401 0.459605 0.115747 0.45781 0.117093 0.45781 0.118439 0.456014 0.121131 0.456014 0.122476 0.454219 0.123822 0.454219 0.125168 0.452424 0.129206 0.452424 0.130552 0.450628 0.135935 0.450628 0.137281 0.448833 0.141319 0.448833 0.142665 0.447038 0.148048 0.447038 0.149394 0.445242 0.153432 0.445242 0.154778 0.443447 0.160162 0.443447 0.161507 0.441652 0.189771 0.441652 0.192463 0.445242 0.200538 0.445242 0.201884 0.443447 0.20323 0.443447 0.205922 0.439856 0.207268 0.439856 0.20996 0.436266 0.211306 0.436266 0.212651 0.43447 0.228802 0.43447 0.230148 0.436266 0.235532 0.436266 0.236878 0.438061 0.238223 0.436266 0.269179 0.436266 0.270525 0.43447 0.294751 0.43447 0.296097 0.436266 0.296097 0.441652 0.309556 0.441652 0.310902 0.443447 0.324361 0.443447 0.325707 0.445242 0.339166 0.445242 0.340511 0.447038 0.340511 0.445242 0.341857 0.443447 0.336474 0.443447 0.335128 0.441652 0.329744 0.441652 0.328398 0.439856 0.329744 0.438061 0.349933 0.438061 0.351279 0.439856 0.352624 0.439856 0.35397 0.441652 0.355316 0.441652 0.356662 0.443447 0.358008 0.443447 0.359354 0.445242 0.3607 0.445242 0.362046 0.447038 0.363392 0.447038 0.364738 0.448833 0.366083 0.448833 0.367429 0.450628 0.366083 0.452424 0.347241 0.452424 0.345895 0.450628 0.345895 0.452424 0.344549 0.454219 0.344549 0.456014 0.345895 0.45781 0.345895 0.459605 0.349933 0.464991 0.351279 0.464991 0.356662 0.472172 0.355316 0.473968 0.352624 0.473968 0.351279 0.475763 0.347241 0.475763 0.345895 0.477558 0.343203 0.477558 0.341857 0.479354 0.33782 0.479354 0.33782 0.481149 0.339166 0.482944 0.339166 0.48474 0.340511 0.486535 0.340511 0.48833 0.341857 0.486535 0.344549 0.486535 0.345895 0.48474 0.348587 0.48474 0.349933 0.482944 0.35397 0.482944 0.355316 0.481149 0.358008 0.481149 0.359354 0.479354 0.362046 0.479354 0.363392 0.477558 0.366083 0.477558 0.367429 0.475763 0.370121 0.475763 0.371467 0.473968 0.374159 0.473968 0.375505 0.472172 0.379542 0.472172 0.380888 0.470377 0.38358 0.470377 0.384926 0.468582 0.387618 0.468582 0.388964 0.466786 0.39031 0.466786 0.391655 0.464991 0.393001 0.464991 0.394347 0.463196 0.395693 0.463196 0.397039 0.4614 0.398385 0.4614 0.399731 0.459605 0.402423 0.459605 0.403769 0.45781 0.405114 0.45781 0.40646 0.456014 0.407806 0.456014 0.409152 0.454219 0.410498 0.454219 0.411844 0.452424 0.41319 0.452424 0.414536 0.450628 0.421265 0.450628 0.422611 0.448833 0.429341 0.448833 0.430686 0.447038 0.437416 0.447038 0.438762 0.445242 0.445491 0.445242 0.446837 0.443447 0.454913 0.443447 0.456258 0.441652 0.462988 0.441652 0.464334 0.439856 0.471063 0.439856 0.472409 0.438061 0.479139 0.438061 0.480485 0.436266 0.487214 0.436266 0.487214 0.43447 0.485868 0.432675 0.485868 0.429084 0.484522 0.427289 0.484522 0.425494 0.483176 0.427289 0.476447 0.427289 0.475101 0.429084 0.468371 0.429084 0.467026 0.43088 0.460296 0.43088 0.45895 0.432675 0.452221 0.432675 0.450875 0.43088 0.452221 0.429084 0.454913 0.429084 0.456258 0.427289 0.45895 0.427289 0.460296 0.425494 0.461642 0.425494 0.462988 0.423698 0.46568 0.423698 0.467026 0.421903 0.469717 0.421903 0.471063 0.420108 0.472409 0.420108 0.473755 0.418312 0.476447 0.418312 0.493943 0.394973 0.507402 0.394973 0.508748 0.393178 0.523553 0.393178 0.524899 0.391382 0.527591 0.391382 0.528937 0.389587 0.530283 0.389587 0.531629 0.387792 0.535666 0.387792 0.538358 0.391382 0.537012 0.393178 0.53432 0.393178 0.532974 0.394973 0.530283 0.394973 0.528937 0.396768 0.526245 0.396768 0.524899 0.398564 0.522207 0.398564 0.520861 0.400359 0.51817 0.400359 0.516824 0.402154 0.514132 0.402154 0.512786 0.40395 0.510094 0.40395 0.508748 0.405745 0.506057 0.405745 0.506057 0.40754 0.507402 0.409336 0.507402 0.411131 0.51144 0.411131 0.512786 0.412926 0.507402 0.420108 0.504711 0.420108 0.503365 0.421903 0.500673 0.421903 0.499327 0.423698 0.496635 0.423698 0.495289 0.425494 0.492598 0.425494 0.492598 0.432675 0.493943 0.43088 0.497981 0.43088 0.499327 0.429084 0.503365 0.429084 0.504711 0.427289 0.510094 0.427289 0.51144 0.425494 0.515478 0.425494 0.516824 0.423698 0.520861 0.423698 0.522207 0.421903 0.522207 0.420108 0.523553 0.418312 0.523553 0.416517 0.526245 0.412926 0.526245 0.411131 0.527591 0.409336 0.527591 0.40754 0.530283 0.40395 0.532974 0.40395 0.53432 0.402154 0.537012 0.402154 0.538358 0.400359 0.54105 0.400359 0.542396 0.398564 0.543742 0.398564 0.545087 0.396768 0.547779 0.396768 0.549125 0.394973 0.551817 0.394973 0.553163 0.393178 0.555855 0.393178 0.557201 0.391382 0.558546 0.391382 0.561238 0.387792 0.562584 0.387792 0.561238 0.385996 0.561238 0.384201 0.557201 0.378815 0.557201 0.37702 0.554509 0.373429 0.553163 0.373429 0.547779 0.366248 0.546433 0.366248
1 0.585464 0.35368 0.584118 0.355476 0.574697 0.355476 0.574697 0.359066 0.576043 0.360862 0.576043 0.364452 0.578735 0.364452 0.580081 0.366248 0.582773 0.366248 0.584118 0.368043 0.58681 0.364452 0.588156 0.364452 0.590848 0.360862 0.592194 0.360862 0.590848 0.359066 0.589502 0.359066
1 0.040377 0.339318 0.039031 0.341113 0.037685 0.341113 0.036339 0.342908 0.034993 0.342908 0.033647 0.344704 0.030956 0.344704 0.02961 0.346499 0.028264 0.346499 0.026918 0.348294 0.001346 0.348294 0.0 0.346499 0.0 0.362657 0.002692 0.362657 0.004038 0.364452 0.005384 0.364452 0.006729 0.366248 0.009421 0.366248 0.010767 0.368043 0.025572 0.368043 0.026918 0.369838 0.024226 0.373429 0.001346 0.373429 0.0 0.371634 0.0 0.384201 0.001346 0.382406 0.012113 0.382406 0.013459 0.38061 0.024226 0.38061 0.025572 0.378815 0.026918 0.378815 0.028264 0.37702 0.02961 0.37702 0.030956 0.375224 0.032301 0.375224 0.033647 0.373429 0.036339 0.373429 0.037685 0.371634 0.039031 0.371634 0.040377 0.369838 0.041723 0.369838 0.043069 0.368043 0.044415 0.368043 0.039031 0.360862 0.037685 0.362657 0.034993 0.362657 0.033647 0.364452 0.02961 0.364452 0.028264 0.362657 0.026918 0.362657 0.024226 0.359066 0.025572 0.357271 0.032301 0.357271 0.034993 0.35368 0.036339 0.35368 0.040377 0.348294 0.041723 0.348294 0.044415 0.344704 0.04576 0.344704 0.047106 0.342908 0.044415 0.342908 0.043069 0.341113 0.041723 0.341113
1 0.119785 0.32316 0.118439 0.324955 0.114401 0.324955 0.113055 0.32675 0.107672 0.32675 0.106326 0.328546 0.100942 0.328546 0.099596 0.32675 0.09825 0.32675 0.096904 0.324955 0.095559 0.32675 0.092867 0.32675 0.091521 0.328546 0.088829 0.328546 0.087483 0.330341 0.086137 0.330341 0.084791 0.332136 0.0821 0.332136 0.080754 0.333932 0.078062 0.333932 0.076716 0.335727 0.076716 0.337522 0.07537 0.339318 0.07537 0.341113 0.072678 0.344704 0.072678 0.346499 0.071332 0.348294 0.071332 0.35009 0.068641 0.35368 0.068641 0.355476 0.064603 0.360862 0.064603 0.362657 0.061911 0.366248 0.067295 0.366248 0.068641 0.368043 0.068641 0.369838 0.067295 0.371634 0.067295 0.373429 0.065949 0.375224 0.065949 0.37702 0.063257 0.38061 0.061911 0.38061 0.060565 0.382406 0.059219 0.382406 0.057873 0.384201 0.056528 0.384201 0.055182 0.385996 0.053836 0.385996 0.05249 0.387792 0.051144 0.387792 0.051144 0.389587 0.05249 0.391382 0.05249 0.393178 0.053836 0.391382 0.055182 0.391382 0.056528 0.389587 0.057873 0.389587 0.060565 0.385996 0.061911 0.385996 0.063257 0.384201 0.064603 0.384201 0.065949 0.382406 0.067295 0.382406 0.068641 0.38061 0.069987 0.38061 0.071332 0.378815 0.072678 0.378815 0.07537 0.375224 0.076716 0.375224 0.078062 0.373429 0.086137 0.373429 0.086137 0.366248 0.084791 0.368043 0.079408 0.368043 0.078062 0.369838 0.074024 0.369838 0.072678 0.368043 0.072678 0.362657 0.074024 0.360862 0.0821 0.360862 0.0821 0.355476 0.080754 0.357271 0.078062 0.357271 0.076716 0.359066 0.07537 0.359066 0.074024 0.357271 0.074024 0.355476 0.07537 0.35368 0.07537 0.351885 0.076716 0.35009 0.076716 0.348294 0.078062 0.346499 0.078062 0.344704 0.079408 0.342908 0.079408 0.341113 0.080754 0.339318 0.080754 0.337522 0.083445 0.333932 0.086137 0.333932 0.087483 0.332136 0.091521 0.332136 0.092867 0.330341 0.096904 0.330341 0.099596 0.333932 0.100942 0.333932 0.102288 0.335727 0.103634 0.333932 0.106326 0.333932 0.107672 0.332136 0.109017 0.332136 0.110363 0.330341 0.113055 0.330341 0.114401 0.328546 0.115747 0.328546 0.117093 0.32675 0.119785 0.32675
1 0.461642 0.301616 0.461642 0.308797 0.48183 0.308797 0.48183 0.307002 0.483176 0.305206 0.483176 0.303411 0.484522 0.301616
1 0.61642 0.29623 0.615074 0.298025 0.572005 0.298025 0.572005 0.301616 0.573351 0.29982 0.584118 0.29982 0.585464 0.301616 0.585464 0.303411 0.582773 0.307002 0.576043 0.307002 0.574697 0.308797 0.566622 0.308797 0.567968 0.310592 0.567968 0.312388 0.569314 0.314183 0.569314 0.315978 0.606999 0.315978 0.608345 0.317774 0.60969 0.315978 0.643338 0.315978 0.644684 0.317774 0.643338 0.319569 0.640646 0.319569 0.6393 0.321364 0.637954 0.321364 0.636608 0.32316 0.633917 0.32316 0.632571 0.324955 0.631225 0.324955 0.629879 0.32675 0.627187 0.32675 0.625841 0.328546 0.608345 0.328546 0.605653 0.324955 0.604307 0.324955 0.601615 0.321364 0.594886 0.321364 0.59354 0.319569 0.594886 0.321364 0.594886 0.32316 0.596231 0.324955 0.596231 0.32675 0.594886 0.328546 0.577389 0.328546 0.576043 0.330341 0.569314 0.330341 0.567968 0.332136 0.561238 0.332136 0.559892 0.333932 0.553163 0.333932 0.553163 0.335727 0.551817 0.337522 0.551817 0.339318 0.550471 0.341113 0.550471 0.342908 0.566622 0.342908 0.567968 0.341113 0.592194 0.341113 0.59354 0.342908 0.59354 0.344704 0.594886 0.346499 0.594886 0.35009 0.596231 0.351885 0.596231 0.35368 0.597577 0.351885 0.600269 0.351885 0.601615 0.35009 0.604307 0.35009 0.605653 0.348294 0.608345 0.348294 0.608345 0.346499 0.60969 0.344704 0.60969 0.341113 0.612382 0.337522 0.635262 0.337522 0.636608 0.335727 0.643338 0.335727 0.644684 0.333932 0.650067 0.333932 0.651413 0.332136 0.658143 0.332136 0.658143 0.328546 0.652759 0.328546 0.650067 0.324955 0.651413 0.32316 0.654105 0.32316 0.655451 0.321364 0.659489 0.321364 0.660834 0.319569 0.664872 0.319569 0.664872 0.317774 0.666218 0.315978 0.666218 0.314183 0.663526 0.314183 0.66218 0.312388 0.659489 0.312388 0.658143 0.310592 0.656797 0.310592 0.655451 0.308797 0.652759 0.308797 0.651413 0.307002 0.608345 0.307002 0.606999 0.305206 0.608345 0.303411 0.611036 0.303411 0.612382 0.301616 0.615074 0.301616 0.615074 0.29982 0.61642 0.298025
1 0.363392 0.276481 0.359354 0.281867 0.349933 0.281867 0.349933 0.285458 0.348587 0.287253 0.348587 0.290844 0.3607 0.290844 0.362046 0.292639 0.363392 0.290844 0.364738 0.290844 0.366083 0.289048 0.367429 0.289048 0.368775 0.287253 0.370121 0.287253 0.370121 0.283662 0.371467 0.281867 0.371467 0.280072 0.368775 0.280072 0.367429 0.278276 0.364738 0.278276
1 0.121131 0.265709 0.119785 0.267504 0.117093 0.267504 0.119785 0.271095 0.119785 0.27289 0.125168 0.280072 0.125168 0.281867 0.12786 0.285458 0.12786 0.287253 0.129206 0.289048 0.129206 0.292639 0.130552 0.294434 0.130552 0.29982 0.131898 0.301616 0.130552 0.303411 0.109017 0.303411 0.107672 0.305206 0.10498 0.305206 0.103634 0.307002 0.099596 0.307002 0.09825 0.308797 0.090175 0.308797 0.088829 0.307002 0.088829 0.305206 0.090175 0.303411 0.090175 0.301616 0.091521 0.29982 0.091521 0.298025 0.092867 0.29623 0.092867 0.294434 0.094213 0.292639 0.094213 0.290844 0.096904 0.287253 0.096904 0.285458 0.09825 0.283662 0.09825 0.281867 0.099596 0.280072 0.099596 0.278276 0.100942 0.276481 0.100942 0.274686 0.102288 0.27289 0.102288 0.271095 0.103634 0.2693 0.100942 0.2693 0.099596 0.271095 0.099596 0.27289 0.09825 0.274686 0.09825 0.276481 0.096904 0.278276 0.096904 0.280072 0.095559 0.281867 0.095559 0.283662 0.094213 0.285458 0.094213 0.287253 0.091521 0.290844 0.091521 0.292639 0.090175 0.294434 0.090175 0.29623 0.088829 0.298025 0.088829 0.29982 0.087483 0.301616 0.087483 0.303411 0.086137 0.305206 0.086137 0.307002 0.084791 0.308797 0.079408 0.301616 0.079408 0.29982 0.080754 0.298025 0.080754 0.29623 0.0821 0.294434 0.0821 0.292639 0.076716 0.292639 0.076716 0.294434 0.07537 0.29623 0.07537 0.298025 0.074024 0.29982 0.074024 0.301616 0.072678 0.303411 0.072678 0.305206 0.069987 0.308797 0.063257 0.308797 0.061911 0.310592 0.059219 0.310592 0.057873 0.312388 0.055182 0.312388 0.053836 0.314183 0.051144 0.314183 0.049798 0.315978 0.047106 0.315978 0.04576 0.317774 0.013459 0.317774 0.012113 0.315978 0.012113 0.310592 0.010767 0.312388 0.006729 0.312388 0.0 0.321364 0.0 0.332136 0.001346 0.330341 0.017497 0.330341 0.018843 0.328546 0.033647 0.328546 0.034993 0.32675 0.051144 0.32675 0.05249 0.324955 0.060565 0.324955 0.061911 0.32316 0.071332 0.32316 0.072678 0.321364 0.080754 0.321364 0.0821 0.319569 0.091521 0.319569 0.092867 0.317774 0.102288 0.317774 0.103634 0.315978 0.113055 0.315978 0.114401 0.314183 0.123822 0.314183 0.125168 0.312388 0.13459 0.312388 0.135935 0.310592 0.145357 0.310592 0.146703 0.308797 0.148048 0.308797 0.15074 0.305206 0.152086 0.305206 0.154778 0.301616 0.156124 0.301616 0.158816 0.298025 0.160162 0.298025 0.158816 0.29623 0.158816 0.294434 0.15747 0.29623 0.154778 0.29623 0.153432 0.298025 0.15074 0.298025 0.149394 0.29982 0.146703 0.29982 0.145357 0.301616 0.142665 0.301616 0.141319 0.303411 0.139973 0.303411 0.138627 0.305206 0.137281 0.305206 0.13459 0.301616 0.13459 0.29623 0.133244 0.294434 0.133244 0.289048 0.131898 0.287253 0.131898 0.283662 0.129206 0.280072 0.129206 0.278276 0.123822 0.271095 0.123822 0.2693
1 0.363392 0.263914 0.363392 0.267504 0.362046 0.2693 0.362046 0.271095 0.372813 0.271095 0.374159 0.27289 0.372813 0.271095 0.372813 0.2693 0.371467 0.267504 0.371467 0.265709 0.370121 0.263914
1 0.261104 0.249551 0.261104 0.256732 0.259758 0.258528 0.259758 0.265709 0.261104 0.265709 0.26245 0.267504 0.265141 0.267504 0.266487 0.2693 0.267833 0.2693 0.269179 0.271095 0.270525 0.271095 0.271871 0.27289 0.30821 0.27289 0.30821 0.267504 0.313594 0.260323 0.314939 0.260323 0.317631 0.256732 0.317631 0.253142 0.314939 0.256732 0.313594 0.256732 0.309556 0.262118 0.30821 0.262118 0.305518 0.265709 0.304172 0.265709 0.302826 0.263914 0.302826 0.262118 0.304172 0.260323 0.304172 0.258528 0.305518 0.256732 0.305518 0.254937 0.306864 0.253142 0.302826 0.253142 0.297443 0.260323 0.296097 0.260323 0.292059 0.265709 0.282638 0.265709 0.281292 0.263914 0.283984 0.260323 0.28533 0.260323 0.286676 0.258528 0.286676 0.256732 0.28533 0.254937 0.28533 0.253142 0.281292 0.258528 0.2786 0.258528 0.277254 0.256732 0.277254 0.254937 0.275908 0.256732 0.274563 0.256732 0.273217 0.258528 0.271871 0.258528 0.270525 0.260323 0.267833 0.260323 0.266487 0.258528 0.266487 0.249551
1 0.189771 0.244165 0.189771 0.247756 0.191117 0.249551 0.191117 0.253142 0.192463 0.253142 0.193809 0.254937 0.195155 0.254937 0.196501 0.256732 0.197847 0.256732 0.199192 0.258528 0.201884 0.258528 0.20323 0.260323 0.204576 0.260323 0.205922 0.262118 0.207268 0.262118 0.208614 0.263914 0.20996 0.263914 0.211306 0.265709 0.211306 0.263914 0.212651 0.262118 0.212651 0.260323 0.213997 0.258528 0.213997 0.256732 0.215343 0.254937 0.215343 0.253142 0.216689 0.251346 0.219381 0.251346 0.22611 0.260323 0.227456 0.258528 0.230148 0.258528 0.228802 0.256732 0.228802 0.254937 0.230148 0.253142 0.231494 0.253142 0.23284 0.254937 0.234186 0.254937 0.235532 0.256732 0.236878 0.256732 0.238223 0.258528 0.239569 0.256732 0.243607 0.256732 0.242261 0.256732 0.239569 0.253142 0.238223 0.253142 0.235532 0.249551 0.234186 0.249551 0.23284 0.247756 0.200538 0.247756 0.199192 0.245961 0.191117 0.245961
1 0.454913 0.238779 0.453567 0.240575 0.440108 0.240575 0.438762 0.24237 0.43607 0.24237 0.434724 0.244165 0.433378 0.244165 0.432032 0.245961 0.40646 0.245961 0.40646 0.247756 0.407806 0.249551 0.407806 0.253142 0.40646 0.254937 0.399731 0.254937 0.399731 0.260323 0.41319 0.260323 0.414536 0.262118 0.449529 0.262118 0.450875 0.263914 0.452221 0.262118 0.456258 0.262118 0.457604 0.260323 0.461642 0.260323 0.461642 0.258528 0.462988 0.256732 0.462988 0.254937 0.46568 0.251346 0.469717 0.251346 0.471063 0.249551 0.475101 0.249551 0.476447 0.247756 0.480485 0.247756 0.479139 0.245961 0.479139 0.244165 0.477793 0.24237 0.477793 0.240575 0.476447 0.24237 0.471063 0.24237 0.469717 0.244165 0.461642 0.244165 0.460296 0.24237 0.45895 0.24237 0.457604 0.240575 0.456258 0.240575
1 0.152086 0.231598 0.149394 0.235189 0.148048 0.235189 0.149394 0.236984 0.149394 0.238779 0.15074 0.240575 0.15074 0.24237 0.152086 0.244165 0.152086 0.245961 0.153432 0.247756 0.152086 0.249551 0.149394 0.249551 0.148048 0.247756 0.146703 0.247756 0.145357 0.245961 0.144011 0.245961 0.142665 0.244165 0.141319 0.244165 0.139973 0.24237 0.137281 0.24237 0.135935 0.240575 0.13459 0.240575 0.133244 0.238779 0.133244 0.24237 0.131898 0.244165 0.131898 0.245961 0.13459 0.245961 0.135935 0.247756 0.139973 0.247756 0.141319 0.249551 0.144011 0.249551 0.145357 0.251346 0.148048 0.251346 0.149394 0.253142 0.148048 0.254937 0.144011 0.254937 0.142665 0.256732 0.138627 0.256732 0.137281 0.258528 0.133244 0.258528 0.13459 0.260323 0.13459 0.262118 0.135935 0.260323 0.148048 0.260323 0.149394 0.262118 0.148048 0.263914 0.145357 0.263914 0.144011 0.265709 0.142665 0.265709 0.141319 0.267504 0.138627 0.267504 0.137281 0.2693 0.135935 0.2693 0.138627 0.2693 0.139973 0.271095 0.144011 0.271095 0.145357 0.27289 0.148048 0.27289 0.149394 0.274686 0.15074 0.27289 0.158816 0.27289 0.160162 0.271095 0.168237 0.271095 0.170929 0.274686 0.170929 0.278276 0.168237 0.281867 0.153432 0.281867 0.153432 0.285458 0.154778 0.287253 0.154778 0.290844 0.170929 0.290844 0.176312 0.298025 0.177658 0.29623 0.191117 0.29623 0.192463 0.298025 0.193809 0.298025 0.195155 0.29982 0.196501 0.29982 0.197847 0.301616 0.199192 0.301616 0.200538 0.303411 0.201884 0.301616 0.207268 0.301616 0.208614 0.29982 0.213997 0.29982 0.215343 0.298025 0.228802 0.298025 0.230148 0.29982 0.230148 0.301616 0.228802 0.303411 0.228802 0.305206 0.227456 0.307002 0.230148 0.310592 0.231494 0.308797 0.23284 0.308797 0.234186 0.307002 0.235532 0.307002 0.236878 0.305206 0.240915 0.305206 0.242261 0.307002 0.243607 0.307002 0.244953 0.308797 0.247645 0.308797 0.248991 0.310592 0.250336 0.308797 0.250336 0.307002 0.251682 0.305206 0.250336 0.305206 0.248991 0.303411 0.246299 0.303411 0.244953 0.301616 0.243607 0.301616 0.242261 0.29982 0.240915 0.29982 0.239569 0.298025 0.242261 0.294434 0.243607 0.294434 0.243607 0.292639 0.242261 0.290844 0.242261 0.287253 0.239569 0.290844 0.238223 0.290844 0.236878 0.289048 0.235532 0.289048 0.23284 0.285458 0.231494 0.285458 0.228802 0.281867 0.227456 0.281867 0.224764 0.278276 0.223419 0.280072 0.220727 0.280072 0.219381 0.281867 0.218035 0.281867 0.216689 0.283662 0.213997 0.283662 0.212651 0.285458 0.211306 0.285458 0.208614 0.281867 0.208614 0.280072 0.207268 0.281867 0.20323 0.281867 0.201884 0.283662 0.200538 0.283662 0.199192 0.281867 0.20323 0.276481 0.201884 0.276481 0.199192 0.27289 0.197847 0.27289 0.196501 0.271095 0.196501 0.27289 0.195155 0.274686 0.195155 0.276481 0.193809 0.278276 0.191117 0.274686 0.191117 0.27289 0.188425 0.2693 0.189771 0.267504 0.189771 0.265709 0.191117 0.263914 0.188425 0.260323 0.187079 0.260323 0.183042 0.254937 0.181696 0.254937 0.18035 0.253142 0.179004 0.253142 0.176312 0.249551 0.174966 0.249551 0.172275 0.245961 0.170929 0.245961 0.166891 0.240575 0.165545 0.240575 0.162853 0.236984 0.161507 0.236984 0.158816 0.233393 0.15747 0.235189 0.156124 0.235189 0.154778 0.236984 0.152086 0.233393
1 0.328398 0.219031 0.327052 0.220826 0.320323 0.220826 0.318977 0.222621 0.312248 0.222621 0.312248 0.224417 0.310902 0.226212 0.310902 0.228007 0.309556 0.229803 0.306864 0.229803 0.305518 0.231598 0.302826 0.231598 0.30148 0.233393 0.298789 0.233393 0.296097 0.236984 0.294751 0.236984 0.292059 0.240575 0.290713 0.240575 0.289367 0.24237 0.290713 0.244165 0.292059 0.244165 0.294751 0.247756 0.298789 0.24237 0.300135 0.24237 0.304172 0.236984 0.306864 0.236984 0.30821 0.235189 0.309556 0.235189 0.310902 0.236984 0.310902 0.238779 0.309556 0.240575 0.309556 0.249551 0.345895 0.249551 0.347241 0.247756 0.348587 0.247756 0.351279 0.244165 0.352624 0.244165 0.35397 0.24237 0.368775 0.24237 0.370121 0.244165 0.368775 0.245961 0.368775 0.247756 0.374159 0.247756 0.375505 0.249551 0.376851 0.247756 0.376851 0.245961 0.380888 0.240575 0.403769 0.240575 0.405114 0.238779 0.421265 0.238779 0.421265 0.233393 0.403769 0.233393 0.402423 0.231598 0.401077 0.233393 0.393001 0.233393 0.391655 0.235189 0.384926 0.235189 0.38358 0.236984 0.375505 0.236984 0.374159 0.235189 0.374159 0.233393 0.372813 0.231598 0.372813 0.229803 0.371467 0.228007 0.371467 0.226212 0.343203 0.226212 0.341857 0.224417 0.340511 0.226212 0.332436 0.226212 0.329744 0.222621 0.329744 0.220826
1 0.267833 0.190305 0.267833 0.192101 0.263795 0.197487 0.263795 0.199282 0.26245 0.201077 0.26245 0.202873 0.261104 0.204668 0.261104 0.206463 0.259758 0.208259 0.259758 0.211849 0.258412 0.213645 0.258412 0.21544 0.253028 0.222621 0.251682 0.220826 0.239569 0.220826 0.239569 0.226212 0.248991 0.226212 0.250336 0.228007 0.248991 0.229803 0.248991 0.231598 0.257066 0.231598 0.258412 0.233393 0.258412 0.235189 0.265141 0.235189 0.266487 0.233393 0.273217 0.233393 0.273217 0.229803 0.271871 0.228007 0.271871 0.226212 0.266487 0.226212 0.265141 0.224417 0.265141 0.222621 0.266487 0.220826 0.266487 0.217235 0.267833 0.21544 0.267833 0.211849 0.266487 0.211849 0.263795 0.21544 0.26245 0.213645 0.26245 0.204668 0.265141 0.201077 0.265141 0.199282 0.269179 0.193896 0.269179 0.192101 0.270525 0.190305
1 0.352624 0.181329 0.351279 0.183124 0.347241 0.183124 0.340511 0.192101 0.328398 0.192101 0.324361 0.197487 0.325707 0.197487 0.327052 0.199282 0.328398 0.199282 0.329744 0.201077 0.33109 0.201077 0.332436 0.202873 0.333782 0.202873 0.335128 0.204668 0.336474 0.204668 0.33782 0.206463 0.336474 0.208259 0.333782 0.208259 0.332436 0.210054 0.329744 0.210054 0.328398 0.211849 0.325707 0.211849 0.324361 0.213645 0.318977 0.206463 0.317631 0.206463 0.314939 0.202873 0.310902 0.202873 0.309556 0.204668 0.306864 0.204668 0.305518 0.206463 0.288022 0.206463 0.286676 0.208259 0.283984 0.204668 0.282638 0.204668 0.2786 0.199282 0.277254 0.199282 0.277254 0.202873 0.275908 0.204668 0.275908 0.210054 0.28533 0.210054 0.286676 0.211849 0.306864 0.211849 0.30821 0.213645 0.327052 0.213645 0.328398 0.211849 0.333782 0.211849 0.335128 0.210054 0.339166 0.210054 0.340511 0.208259 0.345895 0.208259 0.347241 0.206463 0.352624 0.206463 0.35397 0.204668 0.35397 0.202873 0.356662 0.199282 0.356662 0.197487 0.359354 0.193896 0.374159 0.193896 0.375505 0.192101 0.388964 0.192101 0.388964 0.190305 0.387618 0.18851 0.387618 0.186715 0.364738 0.186715 0.363392 0.184919 0.362046 0.184919 0.3607 0.183124 0.359354 0.183124 0.358008 0.181329
1 0.446837 0.174147 0.445491 0.175943 0.444145 0.175943 0.441454 0.179533 0.434724 0.179533 0.433378 0.181329 0.426649 0.181329 0.425303 0.183124 0.423957 0.181329 0.415882 0.181329 0.415882 0.183124 0.414536 0.184919 0.414536 0.186715 0.446837 0.186715 0.446837 0.184919 0.448183 0.183124 0.448183 0.181329 0.449529 0.179533 0.449529 0.177738
1 0.464334 0.170557 0.464334 0.177738 0.472409 0.177738 0.472409 0.170557
1 0.802153 0.157989 0.800808 0.159785 0.798116 0.159785 0.79677 0.16158 0.794078 0.16158 0.792732 0.163375 0.79004 0.163375 0.788694 0.165171 0.787349 0.165171 0.786003 0.166966 0.783311 0.166966 0.781965 0.168761 0.779273 0.168761 0.777927 0.170557 0.775236 0.170557 0.775236 0.172352 0.776581 0.174147 0.776581 0.175943 0.777927 0.174147 0.786003 0.174147 0.787349 0.172352 0.795424 0.172352 0.798116 0.168761 0.799462 0.168761 0.802153 0.165171 0.803499 0.165171 0.803499 0.163375 0.802153 0.16158
1 0.6393 0.150808 0.637954 0.152603 0.627187 0.152603 0.625841 0.154399 0.59354 0.154399 0.590848 0.157989 0.589502 0.157989 0.585464 0.163375 0.574697 0.163375 0.573351 0.165171 0.543742 0.165171 0.542396 0.166966 0.54105 0.166966 0.538358 0.170557 0.54105 0.170557 0.542396 0.172352 0.543742 0.172352 0.545087 0.174147 0.547779 0.174147 0.549125 0.175943 0.551817 0.175943 0.553163 0.177738 0.553163 0.179533 0.554509 0.181329 0.554509 0.183124 0.553163 0.184919 0.551817 0.183124 0.54105 0.183124 0.54105 0.18851 0.542396 0.18851 0.545087 0.192101 0.546433 0.192101 0.547779 0.193896 0.549125 0.193896 0.550471 0.195691 0.58681 0.195691 0.588156 0.193896 0.598923 0.193896 0.598923 0.192101 0.597577 0.190305 0.597577 0.18851 0.596231 0.186715 0.597577 0.184919 0.605653 0.184919 0.60969 0.190305 0.611036 0.190305 0.613728 0.193896 0.619112 0.193896 0.620458 0.192101 0.625841 0.192101 0.627187 0.190305 0.660834 0.190305 0.663526 0.193896 0.663526 0.195691 0.666218 0.199282 0.666218 0.201077 0.664872 0.202873 0.652759 0.202873 0.651413 0.201077 0.6393 0.201077 0.637954 0.199282 0.624495 0.199282 0.623149 0.197487 0.621803 0.199282 0.61642 0.199282 0.615074 0.201077 0.608345 0.201077 0.606999 0.202873 0.59354 0.202873 0.592194 0.201077 0.584118 0.201077 0.582773 0.199282 0.581427 0.201077 0.580081 0.201077 0.578735 0.202873 0.576043 0.202873 0.574697 0.204668 0.573351 0.204668 0.572005 0.206463 0.569314 0.206463 0.567968 0.208259 0.566622 0.208259 0.565276 0.210054 0.562584 0.210054 0.561238 0.211849 0.550471 0.211849 0.549125 0.210054 0.54105 0.210054 0.539704 0.208259 0.542396 0.204668 0.547779 0.204668 0.547779 0.202873 0.546433 0.201077 0.546433 0.199282 0.542396 0.199282 0.54105 0.197487 0.537012 0.197487 0.535666 0.195691 0.535666 0.193896 0.537012 0.192101 0.538358 0.192101 0.53432 0.192101 0.532974 0.190305 0.530283 0.190305 0.528937 0.18851 0.520861 0.18851 0.519515 0.186715 0.512786 0.186715 0.51144 0.184919 0.508748 0.18851 0.508748 0.190305 0.504711 0.195691 0.503365 0.193896 0.503365 0.192101 0.502019 0.190305 0.502019 0.186715 0.500673 0.184919 0.500673 0.181329 0.497981 0.181329 0.496635 0.179533 0.495289 0.179533 0.492598 0.175943 0.491252 0.175943 0.489906 0.174147 0.489906 0.175943 0.48856 0.177738 0.48856 0.179533 0.487214 0.181329 0.487214 0.183124 0.485868 0.184919 0.485868 0.186715 0.484522 0.18851 0.484522 0.190305 0.485868 0.192101 0.485868 0.193896 0.487214 0.195691 0.487214 0.197487 0.485868 0.199282 0.484522 0.199282 0.48183 0.195691 0.480485 0.195691 0.479139 0.193896 0.477793 0.193896 0.476447 0.192101 0.476447 0.190305 0.477793 0.18851 0.477793 0.186715 0.479139 0.184919 0.479139 0.183124 0.480485 0.181329 0.479139 0.183124 0.476447 0.183124 0.475101 0.184919 0.473755 0.184919 0.472409 0.186715 0.471063 0.186715 0.469717 0.18851 0.457604 0.18851 0.457604 0.192101 0.454913 0.195691 0.452221 0.195691 0.450875 0.193896 0.448183 0.193896 0.446837 0.192101 0.446837 0.193896 0.448183 0.195691 0.446837 0.197487 0.444145 0.197487 0.441454 0.193896 0.441454 0.192101 0.440108 0.193896 0.434724 0.193896 0.433378 0.195691 0.432032 0.195691 0.430686 0.197487 0.429341 0.197487 0.427995 0.199282 0.425303 0.199282 0.423957 0.201077 0.422611 0.201077 0.421265 0.202873 0.409152 0.202873 0.409152 0.204668 0.407806 0.206463 0.407806 0.208259 0.40646 0.210054 0.409152 0.210054 0.410498 0.211849 0.41319 0.211849 0.414536 0.213645 0.417227 0.213645 0.418573 0.21544 0.434724 0.21544 0.43607 0.217235 0.452221 0.217235 0.453567 0.219031 0.473755 0.219031 0.475101 0.220826 0.485868 0.220826 0.487214 0.222621 0.516824 0.222621 0.516824 0.217235 0.495289 0.217235 0.493943 0.21544 0.495289 0.213645 0.528937 0.213645 0.531629 0.210054 0.532974 0.210054 0.535666 0.206463 0.538358 0.206463 0.539704 0.208259 0.538358 0.210054 0.537012 0.210054 0.53432 0.213645 0.532974 0.213645 0.530283 0.217235 0.528937 0.217235 0.526245 0.220826 0.524899 0.220826 0.527591 0.224417 0.526245 0.226212 0.516824 0.226212 0.516824 0.228007 0.515478 0.229803 0.515478 0.231598 0.527591 0.231598 0.528937 0.233393 0.54105 0.233393 0.542396 0.235189 0.54105 0.236984 0.51144 0.236984 0.510094 0.235189 0.508748 0.236984 0.507402 0.236984 0.506057 0.238779 0.504711 0.238779 0.503365 0.240575 0.502019 0.240575 0.500673 0.24237 0.499327 0.24237 0.537012 0.24237 0.538358 0.244165 0.538358 0.247756 0.537012 0.249551 0.527591 0.249551 0.526245 0.251346 0.495289 0.251346 0.493943 0.253142 0.473755 0.253142 0.473755 0.254937 0.472409 0.256732 0.472409 0.258528 0.471063 0.260323 0.503365 0.260323 0.504711 0.262118 0.503365 0.263914 0.503365 0.265709 0.500673 0.2693 0.497981 0.2693 0.496635 0.267504 0.495289 0.2693 0.489906 0.2693 0.48856 0.271095 0.484522 0.271095 0.483176 0.27289 0.475101 0.27289 0.473755 0.271095 0.469717 0.271095 0.468371 0.2693 0.46568 0.2693 0.464334 0.267504 0.461642 0.267504 0.460296 0.265709 0.45895 0.267504 0.427995 0.267504 0.429341 0.2693 0.429341 0.271095 0.430686 0.27289 0.430686 0.274686 0.432032 0.276481 0.432032 0.278276 0.433378 0.276481 0.449529 0.276481 0.450875 0.278276 0.450875 0.280072 0.449529 0.281867 0.449529 0.283662 0.477793 0.283662 0.479139 0.285458 0.480485 0.283662 0.487214 0.283662 0.48856 0.281867 0.495289 0.281867 0.495289 0.280072 0.497981 0.276481 0.510094 0.276481 0.51144 0.278276 0.522207 0.278276 0.523553 0.280072 0.535666 0.280072 0.538358 0.283662 0.539704 0.283662 0.542396 0.287253 0.543742 0.285458 0.574697 0.285458 0.581427 0.276481 0.590848 0.276481 0.592194 0.278276 0.600269 0.278276 0.601615 0.280072 0.611036 0.280072 0.619112 0.290844 0.640646 0.290844 0.641992 0.292639 0.643338 0.290844 0.64603 0.290844 0.647376 0.289048 0.651413 0.289048 0.652759 0.287253 0.655451 0.287253 0.656797 0.285458 0.681023 0.285458 0.682369 0.283662 0.707941 0.283662 0.709287 0.281867 0.736205 0.281867 0.73755 0.280072 0.763122 0.280072 0.764468 0.281867 0.763122 0.283662 0.763122 0.285458 0.761777 0.287253 0.741588 0.287253 0.740242 0.289048 0.733513 0.289048 0.732167 0.290844 0.726783 0.290844 0.725437 0.292639 0.718708 0.292639 0.717362 0.294434 0.694482 0.294434 0.693136 0.29623 0.66891 0.29623 0.66891 0.307002 0.670256 0.305206 0.702557 0.305206 0.703903 0.303411 0.738896 0.303411 0.740242 0.305206 0.741588 0.305206 0.742934 0.307002 0.74428 0.307002 0.746972 0.310592 0.748318 0.310592 0.749664 0.312388 0.751009 0.312388 0.752355 0.314183 0.763122 0.314183 0.764468 0.315978 0.764468 0.312388 0.765814 0.310592 0.765814 0.305206 0.76716 0.303411 0.76716 0.301616 0.768506 0.29982 0.769852 0.29982 0.771198 0.298025 0.772544 0.298025 0.77389 0.29623 0.776581 0.29623 0.777927 0.294434 0.787349 0.294434 0.788694 0.29623 0.795424 0.29623 0.79677 0.298025 0.799462 0.298025 0.798116 0.29623 0.798116 0.294434 0.79677 0.292639 0.79677 0.290844 0.795424 0.289048 0.795424 0.287253 0.794078 0.285458 0.79677 0.281867 0.79677 0.280072 0.800808 0.274686 0.802153 0.276481 0.803499 0.276481 0.804845 0.278276 0.806191 0.278276 0.807537 0.280072 0.808883 0.280072 0.810229 0.281867 0.810229 0.292639 0.806191 0.298025 0.806191 0.29982 0.807537 0.298025 0.815612 0.298025 0.816958 0.29623 0.82638 0.29623 0.827725 0.294434 0.835801 0.294434 0.837147 0.292639 0.846568 0.292639 0.850606 0.298025 0.84926 0.29982 0.846568 0.29982 0.845222 0.301616 0.841184 0.301616 0.839838 0.303411 0.835801 0.303411 0.834455 0.305206 0.829071 0.305206 0.827725 0.307002 0.823688 0.307002 0.822342 0.308797 0.816958 0.308797 0.815612 0.310592 0.811575 0.310592 0.818304 0.310592 0.81965 0.312388 0.825034 0.312388 0.82638 0.314183 0.833109 0.314183 0.834455 0.315978 0.839838 0.315978 0.841184 0.317774 0.888291 0.317774 0.889637 0.319569 0.892328 0.319569 0.893674 0.321364 0.89502 0.321364 0.896366 0.32316 0.908479 0.32316 0.911171 0.32675 0.912517 0.32675 0.913863 0.328546 0.911171 0.332136 0.909825 0.332136 0.907133 0.335727 0.905787 0.335727 0.905787 0.337522 0.907133 0.339318 0.907133 0.342908 0.908479 0.344704 0.908479 0.346499 0.907133 0.348294 0.885599 0.348294 0.882907 0.351885 0.881561 0.351885 0.878869 0.355476 0.877524 0.355476 0.874832 0.359066 0.87214 0.359066 0.870794 0.360862 0.868102 0.360862 0.866756 0.362657 0.86541 0.362657 0.864065 0.364452 0.861373 0.364452 0.860027 0.366248 0.857335 0.366248 0.855989 0.368043 0.850606 0.368043 0.84926 0.369838 0.843876 0.369838 0.843876 0.373429 0.84253 0.375224 0.84253 0.37702 0.843876 0.375224 0.850606 0.375224 0.851952 0.37702 0.84926 0.38061 0.84926 0.382406 0.850606 0.384201 0.850606 0.385996 0.851952 0.384201 0.854643 0.384201 0.855989 0.382406 0.858681 0.382406 0.860027 0.38061 0.87214 0.38061 0.873486 0.378815 0.889637 0.378815 0.892328 0.382406 0.892328 0.384201 0.893674 0.385996 0.892328 0.387792 0.888291 0.387792 0.886945 0.389587 0.882907 0.389587 0.881561 0.391382 0.876178 0.391382 0.874832 0.393178 0.870794 0.393178 0.870794 0.394973 0.87214 0.396768 0.87214 0.398564 0.873486 0.396768 0.880215 0.396768 0.881561 0.394973 0.889637 0.394973 0.890983 0.393178 0.896366 0.393178 0.897712 0.394973 0.897712 0.396768 0.899058 0.398564 0.899058 0.402154 0.900404 0.400359 0.903096 0.400359 0.904441 0.398564 0.908479 0.398564 0.909825 0.396768 0.911171 0.396768 0.912517 0.398564 0.912517 0.405745 0.939435 0.405745 0.940781 0.40754 0.946164 0.40754 0.94751 0.409336 0.951548 0.409336 0.952894 0.411131 0.958277 0.411131 0.959623 0.412926 0.963661 0.412926 0.965007 0.414722 0.971736 0.405745 0.983849 0.405745 0.990579 0.414722 0.991925 0.412926 0.998654 0.412926 0.998654 0.387792 0.993271 0.387792 0.991925 0.385996 0.985195 0.385996 0.982503 0.382406 0.982503 0.38061 0.981157 0.378815 0.981157 0.37702 0.979812 0.375224 0.981157 0.373429 0.982503 0.373429 0.985195 0.369838 0.986541 0.369838 0.989233 0.366248 0.998654 0.366248 0.998654 0.285458 0.997308 0.285458 0.995962 0.287253 0.993271 0.287253 0.991925 0.289048 0.990579 0.289048 0.989233 0.290844 0.983849 0.290844 0.982503 0.289048 0.979812 0.289048 0.97712 0.285458 0.97712 0.283662 0.974428 0.280072 0.974428 0.278276 0.973082 0.278276 0.971736 0.276481 0.97039 0.276481 0.969044 0.274686 0.967699 0.274686 0.966353 0.27289 0.963661 0.27289 0.962315 0.271095 0.960969 0.271095 0.959623 0.2693 0.960969 0.267504 0.960969 0.265709 0.963661 0.262118 0.963661 0.260323 0.966353 0.256732 0.967699 0.258528 0.969044 0.258528 0.97039 0.260323 0.973082 0.260323 0.974428 0.262118 0.975774 0.262118 0.97712 0.263914 0.979812 0.263914 0.981157 0.265709 0.982503 0.265709 0.983849 0.267504 0.983849 0.2693 0.987887 0.274686 0.994616 0.265709 0.995962 0.265709 0.998654 0.262118 0.998654 0.244165 0.975774 0.244165 0.974428 0.24237 0.974428 0.240575 0.973082 0.238779 0.973082 0.235189 0.966353 0.235189 0.965007 0.233393 0.958277 0.233393 0.956931 0.231598 0.948856 0.231598 0.94751 0.229803 0.940781 0.229803 0.939435 0.228007 0.932705 0.228007 0.931359 0.226212 0.930013 0.228007 0.92463 0.228007 0.923284 0.229803 0.9179 0.229803 0.916555 0.231598 0.909825 0.231598 0.907133 0.228007 0.905787 0.228007 0.903096 0.224417 0.90175 0.226212 0.881561 0.226212 0.880215 0.224417 0.878869 0.224417 0.877524 0.222621 0.876178 0.222621 0.874832 0.220826 0.873486 0.220826 0.87214 0.219031 0.870794 0.220826 0.869448 0.220826 0.868102 0.222621 0.866756 0.222621 0.86541 0.224417 0.864065 0.224417 0.862719 0.226212 0.860027 0.226212 0.858681 0.228007 0.857335 0.228007 0.855989 0.229803 0.843876 0.229803 0.84253 0.228007 0.831763 0.228007 0.830417 0.226212 0.827725 0.229803 0.82638 0.228007 0.82638 0.219031 0.827725 0.217235 0.827725 0.213645 0.829071 0.211849 0.829071 0.208259 0.830417 0.206463 0.830417 0.204668 0.825034 0.204668 0.825034 0.206463 0.823688 0.208259 0.823688 0.210054 0.822342 0.211849 0.822342 0.213645 0.820996 0.21544 0.820996 0.217235 0.81965 0.219031 0.81965 0.220826 0.818304 0.222621 0.818304 0.224417 0.816958 0.226212 0.802153 0.226212 0.800808 0.228007 0.751009 0.228007 0.749664 0.229803 0.745626 0.229803 0.74428 0.231598 0.738896 0.231598 0.73755 0.233393 0.733513 0.233393 0.732167 0.235189 0.694482 0.235189 0.693136 0.233393 0.699865 0.224417 0.694482 0.224417 0.693136 0.222621 0.689098 0.222621 0.687752 0.220826 0.682369 0.220826 0.681023 0.219031 0.676985 0.219031 0.675639 0.217235 0.676985 0.21544 0.710633 0.21544 0.711978 0.217235 0.711978 0.204668 0.713324 0.202873 0.728129 0.202873 0.729475 0.201077 0.745626 0.201077 0.746972 0.199282 0.763122 0.199282 0.764468 0.197487 0.806191 0.197487 0.806191 0.18851 0.787349 0.18851 0.786003 0.186715 0.786003 0.184919 0.787349 0.183124 0.787349 0.181329 0.777927 0.181329 0.776581 0.183124 0.775236 0.181329 0.755047 0.181329 0.753701 0.179533 0.736205 0.179533 0.734859 0.177738 0.733513 0.177738 0.732167 0.175943 0.730821 0.175943 0.729475 0.174147 0.728129 0.174147 0.726783 0.172352 0.725437 0.172352 0.724092 0.170557 0.69852 0.170557 0.697174 0.168761 0.69852 0.166966 0.703903 0.166966 0.705249 0.165171 0.710633 0.165171 0.711978 0.163375 0.717362 0.163375 0.718708 0.16158 0.738896 0.16158 0.740242 0.159785 0.741588 0.16158 0.741588 0.165171 0.740242 0.166966 0.740242 0.170557 0.752355 0.170557 0.759085 0.16158 0.76716 0.16158 0.768506 0.159785 0.775236 0.159785 0.776581 0.157989 0.784657 0.157989 0.779273 0.157989 0.777927 0.156194 0.764468 0.156194 0.763122 0.154399 0.748318 0.154399 0.746972 0.152603 0.686406 0.152603 0.685061 0.154399 0.683715 0.154399 0.682369 0.156194 0.679677 0.156194 0.678331 0.157989 0.676985 0.157989 0.675639 0.159785 0.674293 0.159785 0.672948 0.16158 0.66891 0.156194 0.667564 0.156194 0.664872 0.152603 0.658143 0.152603 0.656797 0.150808
