0 0.720365 0.834008 0.717325 0.838057 0.68997 0.838057 0.68693 0.842105 0.680851 0.842105 0.677812 0.846154 0.671733 0.846154 0.668693 0.850202 0.665653 0.850202 0.662614 0.854251 0.656535 0.854251 0.653495 0.8583 0.650456 0.8583 0.647416 0.862348 0.644377 0.862348 0.641337 0.866397 0.635258 0.866397 0.632219 0.870445 0.629179 0.870445 0.62614 0.874494 0.6231 0.874494 0.620061 0.878543 0.613982 0.878543 0.610942 0.882591 0.607903 0.882591 0.604863 0.88664 0.601824 0.88664 0.598784 0.890688 0.595745 0.890688 0.598784 0.890688 0.604863 0.898785 0.607903 0.898785 0.613982 0.906883 0.617021 0.906883 0.620061 0.910931 0.620061 0.935223 0.6231 0.939271 0.6231 0.967611 0.629179 0.967611 0.632219 0.97166 0.632219 0.955466 0.635258 0.951417 0.635258 0.935223 0.638298 0.931174 0.638298 0.919028 0.641337 0.91498 0.641337 0.910931 0.644377 0.906883 0.650456 0.906883 0.653495 0.902834 0.662614 0.902834 0.665653 0.898785 0.671733 0.898785 0.674772 0.894737 0.680851 0.894737 0.683891 0.890688 0.68997 0.890688 0.693009 0.88664 0.702128 0.88664 0.705167 0.882591 0.711246 0.882591 0.711246 0.874494 0.714286 0.870445 0.714286 0.8583 0.717325 0.854251 0.717325 0.842105 0.720365 0.838057
1 0.191489 0.955466 0.191489 0.97166 0.18845 0.975709 0.18845 0.995951 0.203647 0.995951 0.203647 0.975709 0.200608 0.97166 0.200608 0.955466
1 0.300912 0.898785 0.303951 0.898785 0.334347 0.939271 0.334347 0.935223 0.337386 0.931174 0.337386 0.923077 0.340426 0.919028 0.340426 0.91498 0.334347 0.906883 0.334347 0.902834 0.331307 0.898785
1 0.908815 0.88664 0.905775 0.890688 0.902736 0.890688 0.899696 0.894737 0.893617 0.894737 0.896657 0.898785 0.896657 0.902834 0.899696 0.906883 0.899696 0.910931 0.902736 0.91498 0.902736 0.919028 0.905775 0.923077 0.905775 0.927126 0.908815 0.931174 0.908815 0.939271 0.920973 0.939271 0.920973 0.931174 0.917933 0.927126 0.917933 0.910931 0.914894 0.906883 0.914894 0.902834 0.911854 0.898785 0.911854 0.894737 0.908815 0.890688
1 0.331307 0.809717 0.328267 0.813765 0.328267 0.817814 0.325228 0.821862 0.325228 0.825911 0.322188 0.82996 0.322188 0.834008 0.319149 0.838057 0.325228 0.838057 0.328267 0.842105 0.331307 0.842105 0.334347 0.846154 0.340426 0.846154 0.343465 0.850202 0.343465 0.813765 0.334347 0.813765
1 0.18541 0.801619 0.173252 0.817814 0.170213 0.817814 0.164134 0.825911 0.167173 0.82996 0.167173 0.834008 0.170213 0.838057 0.170213 0.842105 0.173252 0.846154 0.173252 0.850202 0.176292 0.846154 0.179331 0.846154 0.182371 0.842105 0.18541 0.842105 0.18845 0.838057 0.194529 0.838057 0.197568 0.834008 0.200608 0.834008 0.200608 0.825911 0.203647 0.821862 0.203647 0.809717 0.206687 0.805668 0.206687 0.801619
1 0.56231 0.761134 0.559271 0.765182 0.556231 0.765182 0.553191 0.769231 0.550152 0.769231 0.544073 0.777328 0.541033 0.777328 0.537994 0.781377 0.534954 0.781377 0.534954 0.797571 0.531915 0.801619 0.531915 0.821862 0.534954 0.825911 0.534954 0.834008 0.537994 0.838057 0.541033 0.838057 0.550152 0.850202 0.556231 0.850202 0.559271 0.854251 0.56231 0.854251 0.56535 0.8583 0.571429 0.8583 0.574468 0.862348 0.577508 0.862348 0.580547 0.866397 0.586626 0.866397 0.589666 0.870445 0.592705 0.866397 0.595745 0.866397 0.598784 0.862348 0.601824 0.862348 0.601824 0.8583 0.604863 0.854251 0.604863 0.850202 0.607903 0.846154 0.607903 0.813765 0.592705 0.813765 0.592705 0.825911 0.595745 0.82996 0.595745 0.846154 0.592705 0.850202 0.577508 0.850202 0.574468 0.846154 0.571429 0.850202 0.56231 0.850202 0.559271 0.846154 0.559271 0.842105 0.556231 0.838057 0.556231 0.825911 0.559271 0.821862 0.559271 0.813765 0.56231 0.809717 0.559271 0.805668 0.56231 0.801619 0.56535 0.801619 0.571429 0.793522 0.574468 0.793522 0.580547 0.785425 0.583587 0.785425 0.583587 0.781377 0.580547 0.777328 0.580547 0.773279 0.577508 0.769231 0.577508 0.765182 0.56535 0.765182
1 0.06383 0.732794 0.045593 0.757085 0.042553 0.757085 0.039514 0.761134 0.036474 0.761134 0.033435 0.765182 0.030395 0.765182 0.027356 0.769231 0.024316 0.769231 0.018237 0.777328 0.015198 0.777328 0.012158 0.781377 0.009119 0.781377 0.006079 0.785425 0.00304 0.785425 0.0 0.789474 0.0 0.801619 0.00304 0.801619 0.009119 0.793522 0.012158 0.793522 0.015198 0.789474 0.018237 0.789474 0.024316 0.781377 0.027356 0.781377 0.030395 0.777328 0.033435 0.777328 0.039514 0.769231 0.042553 0.769231 0.045593 0.765182 0.048632 0.765182 0.054711 0.757085 0.057751 0.757085 0.06079 0.753036 0.06383 0.753036 0.069909 0.744939 0.072948 0.744939 0.075988 0.740891 0.151976 0.740891 0.151976 0.732794
1 0.389058 0.688259 0.386018 0.692308 0.355623 0.692308 0.352584 0.696356 0.322188 0.696356 0.319149 0.700405 0.291793 0.700405 0.288754 0.704453 0.258359 0.704453 0.255319 0.708502 0.224924 0.708502 0.224924 0.712551 0.227964 0.716599 0.227964 0.724696 0.231003 0.720648 0.255319 0.720648 0.258359 0.716599 0.279635 0.716599 0.282675 0.712551 0.306991 0.712551 0.31003 0.708502 0.334347 0.708502 0.337386 0.704453 0.358663 0.704453 0.361702 0.700405 0.386018 0.700405 0.386018 0.696356 0.389058 0.692308
1 0.224924 0.659919 0.221884 0.663968 0.215805 0.663968 0.212766 0.668016 0.206687 0.668016 0.203647 0.672065 0.197568 0.672065 0.194529 0.676113 0.145897 0.676113 0.145897 0.680162 0.142857 0.684211 0.176292 0.684211 0.179331 0.688259 0.179331 0.692308 0.173252 0.700405 0.173252 0.704453 0.167173 0.712551 0.167173 0.716599 0.164134 0.720648 0.173252 0.720648 0.18845 0.700405 0.191489 0.700405 0.206687 0.680162 0.212766 0.680162 0.215805 0.676113 0.218845 0.676113 0.221884 0.672065 0.227964 0.672065 0.227964 0.668016 0.224924 0.663968
1 0.537994 0.534413 0.537994 0.538462 0.541033 0.54251 0.541033 0.550607 0.544073 0.554656 0.544073 0.558704 0.547112 0.562753 0.547112 0.57085 0.550152 0.574899 0.550152 0.587045 0.544073 0.595142 0.541033 0.591093 0.537994 0.591093 0.531915 0.582996 0.528875 0.582996 0.525836 0.578947 0.522796 0.578947 0.519757 0.574899 0.516717 0.578947 0.531915 0.59919 0.531915 0.62753 0.534954 0.631579 0.534954 0.643725 0.537994 0.647773 0.537994 0.65587 0.541033 0.651822 0.544073 0.651822 0.547112 0.647773 0.550152 0.647773 0.553191 0.651822 0.556231 0.651822 0.56231 0.659919 0.56535 0.659919 0.571429 0.668016 0.580547 0.65587 0.583587 0.65587 0.586626 0.651822 0.583587 0.647773 0.583587 0.643725 0.580547 0.639676 0.580547 0.635628 0.577508 0.631579 0.577508 0.62753 0.574468 0.623482 0.574468 0.619433 0.571429 0.615385 0.571429 0.607287 0.574468 0.603239 0.574468 0.59919 0.577508 0.595142 0.577508 0.591093 0.580547 0.587045 0.580547 0.582996 0.574468 0.582996 0.571429 0.578947 0.56535 0.578947 0.56231 0.574899 0.56231 0.57085 0.559271 0.566802 0.559271 0.558704 0.556231 0.554656 0.556231 0.546559 0.553191 0.54251 0.553191 0.538462 0.541033 0.538462
1 0.924012 0.453441 0.927052 0.45749 0.93921 0.45749 0.942249 0.461538 0.945289 0.461538 0.948328 0.465587 0.951368 0.465587 0.954407 0.469636 0.957447 0.469636 0.960486 0.473684 0.978723 0.473684 0.981763 0.477733 0.99696 0.477733 0.99696 0.461538 0.957447 0.461538 0.954407 0.45749 0.948328 0.45749 0.945289 0.453441
1 0.592705 0.433198 0.592705 0.449393 0.598784 0.449393 0.601824 0.453441 0.607903 0.453441 0.610942 0.45749 0.617021 0.45749 0.620061 0.461538 0.62614 0.461538 0.629179 0.465587 0.638298 0.465587 0.641337 0.469636 0.647416 0.469636 0.650456 0.473684 0.656535 0.473684 0.659574 0.477733 0.665653 0.477733 0.668693 0.481781 0.674772 0.481781 0.677812 0.48583 0.677812 0.477733 0.680851 0.473684 0.680851 0.469636 0.674772 0.469636 0.671733 0.465587 0.665653 0.465587 0.662614 0.461538 0.653495 0.461538 0.650456 0.45749 0.644377 0.45749 0.641337 0.453441 0.635258 0.453441 0.632219 0.449393 0.62614 0.449393 0.6231 0.445344 0.613982 0.445344 0.610942 0.441296 0.604863 0.441296 0.601824 0.437247 0.595745 0.437247
1 0.817629 0.340081 0.817629 0.356275 0.844985 0.356275 0.844985 0.348178 0.848024 0.34413 0.848024 0.340081
1 0.805471 0.295547 0.805471 0.299595 0.808511 0.303644 0.808511 0.311741 0.826748 0.311741 0.826748 0.307692 0.823708 0.303644 0.823708 0.295547
1 0.109422 0.234818 0.100304 0.246964 0.097264 0.246964 0.088146 0.259109 0.06383 0.259109 0.06383 0.279352 0.066869 0.275304 0.079027 0.275304 0.082067 0.271255 0.097264 0.271255 0.100304 0.267206 0.103343 0.267206 0.106383 0.263158 0.109422 0.263158 0.112462 0.259109 0.115502 0.259109 0.118541 0.255061 0.121581 0.255061 0.115502 0.246964 0.115502 0.242915
1 0.303951 0.226721 0.303951 0.230769 0.300912 0.234818 0.300912 0.242915 0.297872 0.246964 0.297872 0.255061 0.294833 0.259109 0.294833 0.263158 0.291793 0.267206 0.291793 0.275304 0.288754 0.279352 0.288754 0.287449 0.285714 0.291498 0.285714 0.299595 0.282675 0.303644 0.282675 0.307692 0.276596 0.315789 0.276596 0.319838 0.261398 0.340081 0.261398 0.34413 0.25228 0.356275 0.24924 0.356275 0.246201 0.360324 0.243161 0.360324 0.240122 0.364372 0.237082 0.364372 0.234043 0.368421 0.231003 0.368421 0.227964 0.37247 0.224924 0.37247 0.221884 0.376518 0.215805 0.376518 0.212766 0.380567 0.209726 0.380567 0.206687 0.384615 0.203647 0.384615 0.200608 0.388664 0.197568 0.388664 0.194529 0.392713 0.191489 0.392713 0.18845 0.396761 0.18541 0.396761 0.182371 0.40081 0.179331 0.40081 0.176292 0.404858 0.072948 0.404858 0.069909 0.40081 0.054711 0.40081 0.051672 0.396761 0.036474 0.396761 0.033435 0.392713 0.0 0.392713 0.0 0.445344 0.00304 0.449393 0.015198 0.449393 0.018237 0.453441 0.027356 0.453441 0.030395 0.45749 0.036474 0.45749 0.036474 0.453441 0.030395 0.445344 0.030395 0.441296 0.021277 0.42915 0.021277 0.425101 0.024316 0.421053 0.091185 0.421053 0.094225 0.425101 0.097264 0.425101 0.103343 0.433198 0.106383 0.433198 0.109422 0.437247 0.112462 0.437247 0.118541 0.445344 0.118541 0.425101 0.121581 0.421053 0.18541 0.421053 0.18845 0.417004 0.197568 0.417004 0.200608 0.412955 0.206687 0.412955 0.209726 0.408907 0.215805 0.408907 0.218845 0.404858 0.221884 0.404858 0.224924 0.40081 0.227964 0.40081 0.234043 0.392713 0.237082 0.392713 0.240122 0.388664 0.243161 0.388664 0.246201 0.384615 0.24924 0.384615 0.255319 0.376518 0.258359 0.376518 0.261398 0.37247 0.264438 0.37247 0.276596 0.356275 0.276596 0.352227 0.291793 0.331984 0.294833 0.331984 0.297872 0.327935 0.300912 0.327935 0.306991 0.319838 0.31003 0.319838 0.31307 0.315789 0.316109 0.315789 0.31307 0.315789 0.306991 0.307692 0.303951 0.307692 0.300912 0.303644 0.300912 0.291498 0.303951 0.287449 0.303951 0.267206 0.306991 0.263158 0.306991 0.238866 0.31003 0.234818 0.31003 0.226721
1 0.279635 0.137652 0.276596 0.1417 0.267477 0.1417 0.264438 0.145749 0.255319 0.145749 0.25228 0.149798 0.243161 0.149798 0.240122 0.153846 0.227964 0.153846 0.224924 0.157895 0.215805 0.157895 0.212766 0.161943 0.203647 0.161943 0.197568 0.17004 0.194529 0.17004 0.18541 0.182186 0.182371 0.182186 0.179331 0.186235 0.182371 0.190283 0.182371 0.194332 0.18541 0.190283 0.206687 0.190283 0.209726 0.186235 0.234043 0.186235 0.237082 0.182186 0.261398 0.182186 0.264438 0.178138 0.279635 0.178138 0.282675 0.174089 0.300912 0.174089 0.303951 0.17004 0.334347 0.17004 0.337386 0.165992 0.367781 0.165992 0.367781 0.157895 0.364742 0.161943 0.303951 0.161943 0.297872 0.153846 0.294833 0.153846 0.288754 0.145749 0.285714 0.145749
1 0.595745 0.129555 0.592705 0.133603 0.559271 0.133603 0.559271 0.153846 0.571429 0.153846 0.574468 0.157895 0.583587 0.157895 0.586626 0.161943 0.598784 0.145749 0.601824 0.145749 0.607903 0.137652 0.604863 0.137652 0.601824 0.133603 0.598784 0.133603
1 0.398176 0.012146 0.398176 0.020243 0.395137 0.024291 0.395137 0.044534 0.392097 0.048583 0.392097 0.068826 0.389058 0.072874 0.389058 0.093117 0.386018 0.097166 0.386018 0.101215 0.398176 0.101215 0.398176 0.08502 0.401216 0.080972 0.401216 0.036437 0.404255 0.032389 0.404255 0.012146
