0 0.403769 0.793537 0.402423 0.795332 0.402423 0.797127 0.399731 0.800718 0.399731 0.806104 0.401077 0.807899 0.401077 0.809695 0.399731 0.81149 0.399731 0.820467 0.401077 0.822262 0.401077 0.831239 0.402423 0.833034 0.402423 0.842011 0.403769 0.843806 0.403769 0.998205 0.423957 0.998205 0.423957 0.955117 0.422611 0.953321 0.422611 0.901257 0.421265 0.899461 0.421265 0.883303 0.419919 0.881508 0.419919 0.86535 0.418573 0.863555 0.418573 0.847397 0.417227 0.845601 0.417227 0.840215 0.415882 0.83842 0.417227 0.836625 0.417227 0.818671 0.415882 0.816876 0.415882 0.809695 0.414536 0.807899 0.414536 0.795332 0.405114 0.795332
0 0.0 0.791741 0.0 0.998205 0.107672 0.998205 0.103634 0.992819 0.103634 0.991023 0.091521 0.974865 0.091521 0.97307 0.080754 0.958707 0.080754 0.956912 0.068641 0.940754 0.068641 0.938959 0.063257 0.931777 0.063257 0.904847 0.061911 0.903052 0.061911 0.897666 0.060565 0.895871 0.060565 0.890485 0.059219 0.888689 0.059219 0.883303 0.057873 0.881508 0.057873 0.831239 0.056528 0.833034 0.048452 0.833034 0.047106 0.834829 0.037685 0.834829 0.034993 0.831239 0.034993 0.829443 0.02961 0.822262 0.02961 0.820467 0.024226 0.813285 0.024226 0.81149 0.021534 0.807899 0.020188 0.807899 0.018843 0.806104 0.017497 0.807899 0.016151 0.806104 0.016151 0.804309 0.014805 0.802513 0.013459 0.802513 0.012113 0.800718 0.010767 0.800718 0.009421 0.798923 0.008075 0.798923 0.005384 0.795332 0.004038 0.795332 0.002692 0.793537 0.001346 0.793537
0 0.302826 0.766607 0.30148 0.768402 0.293405 0.768402 0.292059 0.770197 0.283984 0.770197 0.282638 0.771993 0.270525 0.771993 0.265141 0.779174 0.265141 0.78456 0.263795 0.786355 0.263795 0.791741 0.265141 0.793537 0.265141 0.795332 0.266487 0.797127 0.266487 0.798923 0.267833 0.800718 0.267833 0.802513 0.269179 0.804309 0.270525 0.802513 0.281292 0.802513 0.282638 0.800718 0.293405 0.800718 0.294751 0.798923 0.297443 0.798923 0.298789 0.797127 0.30148 0.797127 0.302826 0.795332 0.305518 0.795332 0.306864 0.793537 0.309556 0.793537 0.310902 0.791741 0.313594 0.791741 0.314939 0.789946 0.314939 0.788151 0.317631 0.78456 0.321669 0.78456 0.323015 0.782765 0.324361 0.782765 0.325707 0.780969 0.327052 0.780969 0.328398 0.779174 0.329744 0.779174 0.328398 0.777379 0.328398 0.775583 0.327052 0.773788 0.327052 0.771993 0.325707 0.770197 0.325707 0.768402 0.324361 0.770197 0.321669 0.770197 0.320323 0.771993 0.316285 0.771993 0.313594 0.768402 0.312248 0.768402 0.310902 0.766607
0 0.471063 0.709156 0.469717 0.710952 0.467026 0.710952 0.46568 0.712747 0.464334 0.712747 0.462988 0.714542 0.461642 0.714542 0.460296 0.716338 0.45895 0.716338 0.457604 0.718133 0.454913 0.718133 0.453567 0.719928 0.452221 0.719928 0.450875 0.721724 0.449529 0.721724 0.448183 0.723519 0.446837 0.721724 0.440108 0.721724 0.438762 0.723519 0.43607 0.723519 0.43607 0.741472 0.437416 0.743268 0.437416 0.746858 0.445491 0.746858 0.446837 0.745063 0.449529 0.745063 0.450875 0.743268 0.453567 0.743268 0.454913 0.741472 0.461642 0.741472 0.462988 0.739677 0.471063 0.739677 0.472409 0.737882 0.473755 0.737882 0.475101 0.736086 0.476447 0.736086 0.479139 0.732496 0.480485 0.732496 0.48183 0.7307 0.483176 0.7307 0.484522 0.728905 0.484522 0.72711 0.483176 0.725314 0.483176 0.723519 0.484522 0.721724 0.489906 0.721724 0.491252 0.719928 0.492598 0.721724 0.493943 0.721724 0.495289 0.723519 0.495289 0.721724 0.496635 0.719928 0.496635 0.716338 0.495289 0.714542 0.495289 0.712747 0.493943 0.710952 0.493943 0.709156 0.492598 0.710952 0.489906 0.710952 0.48856 0.712747 0.48183 0.712747 0.480485 0.710952 0.472409 0.710952
0 0.446837 0.658887 0.445491 0.660682 0.444145 0.660682 0.442799 0.662478 0.440108 0.662478 0.440108 0.675045 0.438762 0.67684 0.438762 0.680431 0.442799 0.685817 0.442799 0.684022 0.444145 0.682226 0.444145 0.680431 0.445491 0.678636 0.445491 0.67325 0.446837 0.671454 0.453567 0.671454 0.454913 0.669659 0.460296 0.669659 0.462988 0.666068 0.462988 0.664273 0.464334 0.662478 0.462988 0.660682 0.448183 0.660682
0 0.008075 0.500898 0.006729 0.502693 0.006729 0.504488 0.005384 0.506284 0.005384 0.508079 0.004038 0.509874 0.006729 0.513465 0.008075 0.513465 0.013459 0.520646 0.017497 0.51526 0.018843 0.51526 0.020188 0.513465 0.020188 0.509874 0.018843 0.509874 0.017497 0.508079 0.016151 0.508079 0.013459 0.504488 0.012113 0.504488 0.010767 0.502693 0.009421 0.502693
0 0.475101 0.48474 0.475101 0.486535 0.473755 0.48833 0.473755 0.490126 0.472409 0.491921 0.472409 0.493716 0.471063 0.495512 0.471063 0.497307 0.48183 0.51167 0.489906 0.51167 0.491252 0.513465 0.491252 0.51526 0.492598 0.513465 0.496635 0.513465 0.496635 0.506284 0.495289 0.504488 0.495289 0.502693 0.48183 0.48474
0 0.528937 0.482944 0.528937 0.517056 0.531629 0.517056 0.532974 0.518851 0.535666 0.518851 0.537012 0.520646 0.539704 0.517056 0.54105 0.517056 0.542396 0.51526 0.542396 0.513465 0.545087 0.509874 0.545087 0.499102 0.543742 0.497307 0.543742 0.48474 0.539704 0.48474 0.538358 0.482944
0 0.356662 0.409336 0.359354 0.412926 0.359354 0.414722 0.362046 0.418312 0.363392 0.416517 0.38358 0.416517 0.380888 0.412926 0.380888 0.411131 0.379542 0.409336
0 0.7214 0.378815 0.7214 0.382406 0.720054 0.384201 0.720054 0.385996 0.733513 0.385996 0.733513 0.384201 0.732167 0.382406 0.732167 0.378815
0 0.496635 0.333932 0.495289 0.335727 0.492598 0.335727 0.492598 0.341113 0.491252 0.342908 0.491252 0.346499 0.496635 0.346499 0.497981 0.348294 0.503365 0.348294 0.504711 0.35009 0.506057 0.348294 0.519515 0.348294 0.520861 0.346499 0.524899 0.346499 0.524899 0.344704 0.526245 0.342908 0.526245 0.341113 0.522207 0.341113 0.520861 0.339318 0.51817 0.339318 0.516824 0.337522 0.515478 0.339318 0.504711 0.339318 0.503365 0.337522 0.502019 0.337522 0.500673 0.335727 0.497981 0.335727
0 0.441454 0.321364 0.440108 0.32316 0.434724 0.32316 0.429341 0.330341 0.444145 0.330341 0.444145 0.328546 0.442799 0.32675 0.442799 0.324955 0.441454 0.32316
0 0.320323 0.314183 0.320323 0.315978 0.318977 0.317774 0.318977 0.319569 0.317631 0.321364 0.317631 0.32316 0.318977 0.32316 0.320323 0.324955 0.323015 0.324955 0.324361 0.32675 0.325707 0.32675 0.327052 0.328546 0.33782 0.328546 0.339166 0.330341 0.339166 0.328546 0.340511 0.32675 0.340511 0.324955 0.341857 0.32316 0.341857 0.321364 0.343203 0.319569 0.343203 0.317774 0.327052 0.317774 0.325707 0.315978 0.321669 0.315978
1 0.26245 0.953321 0.258412 0.958707 0.261104 0.958707 0.26245 0.960503 0.265141 0.960503 0.266487 0.962298 0.269179 0.962298 0.270525 0.964093 0.271871 0.964093 0.273217 0.965889 0.275908 0.965889 0.277254 0.967684 0.279946 0.967684 0.281292 0.969479 0.281292 0.962298 0.282638 0.960503 0.288022 0.960503 0.288022 0.958707 0.289367 0.956912 0.28533 0.956912 0.283984 0.955117 0.281292 0.955117 0.279946 0.953321 0.2786 0.955117 0.277254 0.955117 0.275908 0.956912 0.269179 0.956912 0.267833 0.955117 0.263795 0.955117
1 0.532974 0.937163 0.531629 0.938959 0.531629 0.940754 0.530283 0.942549 0.530283 0.944345 0.528937 0.94614 0.528937 0.947935 0.527591 0.949731 0.527591 0.951526 0.524899 0.955117 0.524899 0.956912 0.523553 0.958707 0.523553 0.960503 0.522207 0.962298 0.522207 0.964093 0.519515 0.967684 0.519515 0.969479 0.51817 0.971275 0.51817 0.97307 0.516824 0.974865 0.516824 0.976661 0.515478 0.978456 0.515478 0.980251 0.514132 0.982047 0.514132 0.983842 0.512786 0.985637 0.512786 0.989228 0.510094 0.992819 0.495289 0.992819 0.493943 0.991023 0.493943 0.989228 0.492598 0.987433 0.492598 0.985637 0.489906 0.982047 0.489906 0.980251 0.487214 0.976661 0.487214 0.974865 0.485868 0.97307 0.485868 0.971275 0.484522 0.969479 0.484522 0.971275 0.483176 0.97307 0.483176 0.976661 0.48183 0.978456 0.48183 0.980251 0.480485 0.982047 0.480485 0.983842 0.479139 0.985637 0.479139 0.987433 0.477793 0.989228 0.477793 0.991023 0.476447 0.992819 0.476447 0.994614 0.475101 0.996409 0.475101 0.998205 0.51817 0.998205 0.519515 0.996409 0.519515 0.994614 0.520861 0.992819 0.520861 0.989228 0.522207 0.987433 0.522207 0.985637 0.523553 0.983842 0.523553 0.980251 0.524899 0.978456 0.524899 0.976661 0.526245 0.974865 0.526245 0.971275 0.527591 0.969479 0.527591 0.967684 0.528937 0.965889 0.528937 0.964093 0.530283 0.962298 0.530283 0.958707 0.531629 0.956912 0.531629 0.955117 0.532974 0.953321 0.532974 0.949731 0.53432 0.947935 0.53432 0.94614 0.535666 0.944345 0.535666 0.942549 0.53432 0.940754 0.53432 0.938959
1 0.154778 0.908438 0.15747 0.912029 0.15747 0.913824 0.161507 0.91921 0.161507 0.921005 0.162853 0.922801 0.160162 0.926391 0.158816 0.926391 0.156124 0.929982 0.154778 0.929982 0.152086 0.933573 0.15074 0.933573 0.149394 0.935368 0.142665 0.935368 0.142665 0.938959 0.141319 0.940754 0.141319 0.942549 0.139973 0.944345 0.135935 0.944345 0.133244 0.947935 0.131898 0.947935 0.13459 0.951526 0.135935 0.949731 0.145357 0.949731 0.148048 0.953321 0.149394 0.953321 0.156124 0.962298 0.156124 0.964093 0.165545 0.976661 0.165545 0.978456 0.174966 0.991023 0.174966 0.992819 0.179004 0.998205 0.185734 0.998205 0.184388 0.996409 0.184388 0.994614 0.18035 0.989228 0.18035 0.987433 0.176312 0.982047 0.176312 0.980251 0.170929 0.97307 0.170929 0.971275 0.166891 0.965889 0.166891 0.964093 0.162853 0.958707 0.162853 0.956912 0.160162 0.953321 0.161507 0.951526 0.181696 0.951526 0.184388 0.955117 0.185734 0.955117 0.188425 0.958707 0.189771 0.958707 0.192463 0.962298 0.193809 0.962298 0.196501 0.965889 0.196501 0.967684 0.195155 0.969479 0.195155 0.971275 0.193809 0.97307 0.193809 0.976661 0.192463 0.978456 0.192463 0.980251 0.191117 0.982047 0.191117 0.983842 0.192463 0.985637 0.192463 0.987433 0.193809 0.989228 0.193809 0.991023 0.195155 0.992819 0.195155 0.994614 0.196501 0.996409 0.196501 0.998205 0.257066 0.998205 0.253028 0.992819 0.251682 0.992819 0.240915 0.978456 0.239569 0.978456 0.228802 0.964093 0.227456 0.964093 0.216689 0.949731 0.215343 0.949731 0.208614 0.940754 0.20996 0.938959 0.213997 0.938959 0.215343 0.937163 0.220727 0.937163 0.222073 0.935368 0.22611 0.935368 0.224764 0.933573 0.224764 0.931777 0.223419 0.929982 0.222073 0.931777 0.197847 0.931777 0.189771 0.942549 0.176312 0.942549 0.174966 0.940754 0.174966 0.937163 0.172275 0.933573 0.172275 0.931777 0.169583 0.928187 0.169583 0.926391 0.170929 0.924596 0.170929 0.921005 0.172275 0.91921 0.172275 0.917415 0.165545 0.908438
1 0.866756 0.903052 0.864065 0.906643 0.862719 0.906643 0.864065 0.906643 0.866756 0.910233 0.868102 0.910233 0.869448 0.912029 0.870794 0.912029 0.87214 0.913824 0.873486 0.913824 0.876178 0.917415 0.877524 0.917415 0.878869 0.91921 0.880215 0.91921 0.882907 0.922801 0.884253 0.922801 0.885599 0.924596 0.888291 0.921005 0.886945 0.921005 0.884253 0.917415 0.882907 0.917415 0.880215 0.913824 0.878869 0.913824 0.877524 0.912029 0.876178 0.912029 0.873486 0.908438 0.87214 0.908438 0.869448 0.904847 0.868102 0.904847
1 0.833109 0.874327 0.833109 0.877917 0.831763 0.879713 0.831763 0.881508 0.834455 0.881508 0.835801 0.883303 0.839838 0.883303 0.841184 0.885099 0.843876 0.885099 0.845222 0.886894 0.847914 0.886894 0.84926 0.888689 0.851952 0.888689 0.853297 0.890485 0.857335 0.890485 0.858681 0.89228 0.861373 0.89228 0.862719 0.894075 0.86541 0.894075 0.866756 0.895871 0.87214 0.895871 0.873486 0.897666 0.877524 0.897666 0.878869 0.899461 0.884253 0.899461 0.885599 0.901257 0.889637 0.901257 0.890983 0.903052 0.896366 0.903052 0.897712 0.904847 0.90175 0.904847 0.903096 0.906643 0.908479 0.906643 0.909825 0.908438 0.909825 0.906643 0.911171 0.904847 0.911171 0.903052 0.907133 0.903052 0.905787 0.901257 0.903096 0.901257 0.90175 0.899461 0.897712 0.899461 0.896366 0.897666 0.893674 0.897666 0.890983 0.894075 0.890983 0.89228 0.889637 0.890485 0.885599 0.890485 0.884253 0.888689 0.880215 0.888689 0.878869 0.886894 0.876178 0.886894 0.874832 0.885099 0.870794 0.885099 0.869448 0.883303 0.868102 0.885099 0.866756 0.885099 0.86541 0.886894 0.860027 0.886894 0.858681 0.885099 0.855989 0.885099 0.854643 0.883303 0.851952 0.883303 0.850606 0.881508 0.846568 0.881508 0.845222 0.879713 0.84253 0.879713 0.841184 0.877917 0.838493 0.877917 0.837147 0.876122 0.834455 0.876122
1 0.890983 0.861759 0.890983 0.86535 0.889637 0.867145 0.889637 0.868941 0.904441 0.868941 0.905787 0.870736 0.907133 0.870736 0.909825 0.874327 0.911171 0.874327 0.913863 0.877917 0.915209 0.877917 0.916555 0.879713 0.919246 0.879713 0.920592 0.881508 0.921938 0.881508 0.923284 0.883303 0.92463 0.883303 0.925976 0.885099 0.927322 0.883303 0.927322 0.881508 0.928668 0.879713 0.927322 0.879713 0.925976 0.877917 0.92463 0.877917 0.921938 0.874327 0.920592 0.874327 0.919246 0.872531 0.9179 0.872531 0.916555 0.870736 0.915209 0.870736 0.912517 0.867145 0.911171 0.867145 0.909825 0.86535 0.90175 0.86535 0.900404 0.863555 0.892328 0.863555
1 0.074024 0.861759 0.074024 0.86535 0.072678 0.867145 0.072678 0.868941 0.078062 0.868941 0.079408 0.870736 0.083445 0.870736 0.084791 0.872531 0.090175 0.872531 0.091521 0.874327 0.095559 0.874327 0.096904 0.876122 0.096904 0.874327 0.09825 0.872531 0.09825 0.870736 0.099596 0.868941 0.094213 0.868941 0.092867 0.867145 0.087483 0.867145 0.086137 0.86535 0.0821 0.86535 0.080754 0.863555 0.07537 0.863555
1 0.010767 0.773788 0.010767 0.788151 0.012113 0.789946 0.012113 0.791741 0.013459 0.793537 0.013459 0.795332 0.014805 0.797127 0.014805 0.798923 0.016151 0.800718 0.016151 0.802513 0.017497 0.804309 0.017497 0.806104 0.020188 0.802513 0.021534 0.802513 0.021534 0.800718 0.020188 0.798923 0.020188 0.793537 0.018843 0.791741 0.018843 0.788151 0.017497 0.786355 0.017497 0.78456 0.016151 0.782765 0.016151 0.779174 0.014805 0.777379 0.014805 0.775583 0.012113 0.775583
1 0.131898 0.752244 0.129206 0.755835 0.12786 0.755835 0.126514 0.75763 0.126514 0.761221 0.125168 0.763016 0.125168 0.764811 0.135935 0.764811 0.135935 0.763016 0.137281 0.761221 0.137281 0.759425
1 0.45895 0.710952 0.457604 0.712747 0.452221 0.712747 0.450875 0.714542 0.445491 0.714542 0.444145 0.716338 0.440108 0.716338 0.438762 0.718133 0.433378 0.718133 0.432032 0.719928 0.426649 0.719928 0.425303 0.721724 0.419919 0.721724 0.421265 0.723519 0.421265 0.725314 0.422611 0.723519 0.433378 0.723519 0.434724 0.721724 0.437416 0.721724 0.438762 0.719928 0.446837 0.719928 0.448183 0.721724 0.449529 0.719928 0.450875 0.719928 0.452221 0.718133 0.453567 0.718133 0.454913 0.716338 0.457604 0.716338 0.45895 0.714542 0.460296 0.714542 0.461642 0.712747 0.462988 0.712747 0.460296 0.712747
1 0.522207 0.639138 0.520861 0.640934 0.516824 0.640934 0.515478 0.642729 0.51144 0.642729 0.510094 0.644524 0.507402 0.644524 0.506057 0.64632 0.502019 0.64632 0.500673 0.648115 0.496635 0.648115 0.495289 0.64991 0.491252 0.64991 0.491252 0.655296 0.492598 0.653501 0.496635 0.653501 0.497981 0.651706 0.503365 0.651706 0.504711 0.64991 0.508748 0.64991 0.510094 0.648115 0.514132 0.648115 0.515478 0.64632 0.520861 0.64632 0.522207 0.644524 0.526245 0.644524
1 0.473755 0.628366 0.471063 0.631957 0.469717 0.631957 0.467026 0.635548 0.46568 0.635548 0.462988 0.639138 0.461642 0.639138 0.45895 0.642729 0.457604 0.642729 0.454913 0.64632 0.453567 0.64632 0.450875 0.64991 0.446837 0.64991 0.445491 0.651706 0.440108 0.651706 0.437416 0.655296 0.43607 0.655296 0.432032 0.660682 0.430686 0.660682 0.427995 0.664273 0.426649 0.664273 0.425303 0.666068 0.434724 0.666068 0.43607 0.667864 0.434724 0.669659 0.433378 0.669659 0.432032 0.671454 0.429341 0.671454 0.427995 0.67325 0.426649 0.67325 0.425303 0.675045 0.423957 0.675045 0.422611 0.67684 0.421265 0.67684 0.419919 0.678636 0.417227 0.678636 0.415882 0.680431 0.414536 0.680431 0.41319 0.682226 0.411844 0.682226 0.410498 0.684022 0.409152 0.684022 0.407806 0.685817 0.405114 0.685817 0.403769 0.687612 0.402423 0.687612 0.403769 0.689408 0.403769 0.691203 0.405114 0.692998 0.40646 0.691203 0.409152 0.691203 0.410498 0.689408 0.411844 0.689408 0.41319 0.687612 0.415882 0.687612 0.417227 0.685817 0.419919 0.685817 0.421265 0.684022 0.423957 0.684022 0.425303 0.682226 0.426649 0.682226 0.427995 0.680431 0.430686 0.680431 0.432032 0.678636 0.433378 0.678636 0.434724 0.67684 0.43607 0.67684 0.437416 0.675045 0.438762 0.675045 0.438762 0.660682 0.440108 0.658887 0.444145 0.658887 0.445491 0.657092 0.460296 0.657092 0.461642 0.658887 0.462988 0.658887 0.46568 0.662478 0.464334 0.664273 0.464334 0.666068 0.460296 0.671454 0.454913 0.671454 0.453567 0.67325 0.446837 0.67325 0.446837 0.678636 0.448183 0.67684 0.453567 0.67684 0.454913 0.675045 0.45895 0.675045 0.460296 0.67684 0.45895 0.678636 0.45895 0.680431 0.454913 0.685817 0.454913 0.687612 0.452221 0.691203 0.453567 0.689408 0.46568 0.689408 0.467026 0.687612 0.467026 0.685817 0.471063 0.680431 0.476447 0.680431 0.477793 0.682226 0.477793 0.684022 0.479139 0.685817 0.479139 0.687612 0.480485 0.685817 0.48183 0.685817 0.483176 0.684022 0.485868 0.684022 0.487214 0.682226 0.48856 0.682226 0.489906 0.680431 0.492598 0.680431 0.493943 0.678636 0.495289 0.678636 0.496635 0.67684 0.497981 0.67684 0.499327 0.675045 0.502019 0.675045 0.503365 0.67325 0.504711 0.67325 0.506057 0.671454 0.508748 0.671454 0.507402 0.671454 0.506057 0.669659 0.504711 0.669659 0.502019 0.666068 0.500673 0.666068 0.499327 0.664273 0.497981 0.664273 0.496635 0.662478 0.475101 0.662478 0.473755 0.660682 0.472409 0.660682 0.471063 0.658887 0.471063 0.657092 0.472409 0.655296 0.472409 0.64991 0.473755 0.648115 0.473755 0.642729 0.475101 0.640934 0.475101 0.635548 0.473755 0.633752
1 0.296097 0.570916 0.294751 0.572711 0.292059 0.572711 0.290713 0.574506 0.288022 0.574506 0.286676 0.576302 0.283984 0.576302 0.282638 0.578097 0.279946 0.578097 0.2786 0.579892 0.275908 0.579892 0.274563 0.581688 0.267833 0.581688 0.266487 0.583483 0.259758 0.583483 0.258412 0.585278 0.251682 0.585278 0.250336 0.587074 0.243607 0.587074 0.242261 0.588869 0.235532 0.588869 0.234186 0.590664 0.227456 0.590664 0.22611 0.59246 0.215343 0.59246 0.213997 0.594255 0.204576 0.594255 0.20323 0.59605 0.192463 0.59605 0.191117 0.597846 0.18035 0.597846 0.179004 0.599641 0.172275 0.599641 0.170929 0.601436 0.164199 0.601436 0.162853 0.603232 0.15747 0.603232 0.156124 0.605027 0.149394 0.605027 0.148048 0.606822 0.141319 0.606822 0.139973 0.608618 0.138627 0.608618 0.137281 0.610413 0.135935 0.610413 0.13459 0.612208 0.131898 0.612208 0.130552 0.614004 0.129206 0.614004 0.12786 0.615799 0.126514 0.615799 0.125168 0.617594 0.123822 0.617594 0.122476 0.61939 0.121131 0.61939 0.119785 0.621185 0.117093 0.621185 0.115747 0.62298 0.114401 0.62298 0.113055 0.624776 0.111709 0.624776 0.110363 0.626571 0.109017 0.626571 0.107672 0.628366 0.10498 0.628366 0.103634 0.630162 0.102288 0.630162 0.100942 0.631957 0.099596 0.631957 0.09825 0.633752 0.095559 0.633752 0.094213 0.635548 0.091521 0.635548 0.090175 0.637343 0.087483 0.637343 0.086137 0.639138 0.083445 0.639138 0.0821 0.640934 0.079408 0.640934 0.078062 0.639138 0.078062 0.637343 0.07537 0.633752 0.07537 0.631957 0.072678 0.628366 0.072678 0.626571 0.071332 0.624776 0.069987 0.626571 0.067295 0.626571 0.068641 0.628366 0.068641 0.630162 0.069987 0.631957 0.069987 0.633752 0.071332 0.635548 0.071332 0.637343 0.072678 0.639138 0.071332 0.640934 0.067295 0.640934 0.065949 0.642729 0.060565 0.642729 0.059219 0.644524 0.055182 0.644524 0.053836 0.64632 0.049798 0.64632 0.048452 0.648115 0.043069 0.648115 0.041723 0.64991 0.037685 0.64991 0.036339 0.651706 0.034993 0.651706 0.033647 0.653501 0.032301 0.653501 0.030956 0.655296 0.02961 0.655296 0.026918 0.658887 0.025572 0.658887 0.024226 0.660682 0.02288 0.660682 0.021534 0.662478 0.020188 0.662478 0.018843 0.664273 0.0 0.664273 0.0 0.719928 0.001346 0.719928 0.004038 0.723519 0.005384 0.723519 0.008075 0.72711 0.009421 0.72711 0.010767 0.728905 0.012113 0.728905 0.014805 0.732496 0.016151 0.732496 0.018843 0.736086 0.020188 0.736086 0.02288 0.739677 0.024226 0.739677 0.025572 0.741472 0.02961 0.741472 0.030956 0.743268 0.033647 0.743268 0.034993 0.745063 0.033647 0.743268 0.033647 0.741472 0.032301 0.739677 0.032301 0.737882 0.030956 0.737882 0.02961 0.736086 0.028264 0.736086 0.026918 0.734291 0.025572 0.734291 0.02288 0.7307 0.021534 0.7307 0.020188 0.728905 0.018843 0.728905 0.017497 0.72711 0.016151 0.72711 0.010767 0.719928 0.009421 0.719928 0.004038 0.712747 0.005384 0.710952 0.024226 0.710952 0.025572 0.712747 0.025572 0.714542 0.026918 0.716338 0.026918 0.718133 0.028264 0.719928 0.028264 0.721724 0.02961 0.723519 0.032301 0.723519 0.033647 0.725314 0.034993 0.725314 0.036339 0.72711 0.036339 0.723519 0.034993 0.721724 0.034993 0.718133 0.036339 0.716338 0.037685 0.718133 0.039031 0.718133 0.040377 0.719928 0.041723 0.719928 0.043069 0.721724 0.044415 0.721724 0.04576 0.723519 0.047106 0.723519 0.048452 0.725314 0.049798 0.725314 0.051144 0.72711 0.05249 0.72711 0.055182 0.7307 0.056528 0.7307 0.060565 0.736086 0.061911 0.736086 0.065949 0.741472 0.067295 0.741472 0.069987 0.745063 0.069987 0.746858 0.068641 0.748654 0.068641 0.750449 0.067295 0.752244 0.067295 0.755835 0.065949 0.75763 0.065949 0.763016 0.063257 0.766607 0.057873 0.766607 0.056528 0.764811 0.060565 0.770197 0.063257 0.770197 0.064603 0.771993 0.067295 0.771993 0.068641 0.773788 0.071332 0.773788 0.072678 0.775583 0.07537 0.771993 0.07537 0.768402 0.074024 0.766607 0.074024 0.754039 0.07537 0.752244 0.078062 0.752244 0.079408 0.754039 0.083445 0.754039 0.084791 0.755835 0.088829 0.755835 0.090175 0.75763 0.091521 0.755835 0.092867 0.755835 0.094213 0.754039 0.095559 0.754039 0.095559 0.752244 0.094213 0.750449 0.094213 0.745063 0.092867 0.743268 0.092867 0.741472 0.087483 0.741472 0.086137 0.739677 0.0821 0.739677 0.080754 0.737882 0.07537 0.737882 0.074024 0.736086 0.072678 0.736086 0.069987 0.732496 0.068641 0.732496 0.067295 0.7307 0.065949 0.7307 0.063257 0.72711 0.061911 0.72711 0.060565 0.725314 0.059219 0.725314 0.057873 0.723519 0.056528 0.723519 0.053836 0.719928 0.05249 0.719928 0.051144 0.718133 0.049798 0.718133 0.047106 0.714542 0.04576 0.714542 0.044415 0.712747 0.043069 0.712747 0.040377 0.709156 0.039031 0.709156 0.037685 0.707361 0.033647 0.707361 0.032301 0.705566 0.02961 0.705566 0.028264 0.70377 0.024226 0.70377 0.02288 0.701975 0.020188 0.701975 0.018843 0.70018 0.014805 0.70018 0.013459 0.698384 0.014805 0.696589 0.017497 0.696589 0.018843 0.694794 0.021534 0.694794 0.02288 0.692998 0.034993 0.692998 0.037685 0.696589 0.039031 0.696589 0.041723 0.70018 0.043069 0.70018 0.044415 0.701975 0.04576 0.70018 0.048452 0.70018 0.049798 0.698384 0.051144 0.698384 0.05249 0.696589 0.055182 0.696589 0.056528 0.694794 0.057873 0.694794 0.059219 0.692998 0.061911 0.692998 0.063257 0.691203 0.064603 0.691203 0.065949 0.689408 0.068641 0.689408 0.069987 0.691203 0.069987 0.692998 0.071332 0.694794 0.071332 0.696589 0.072678 0.698384 0.072678 0.70018 0.07537 0.696589 0.076716 0.696589 0.079408 0.692998 0.080754 0.692998 0.084791 0.687612 0.086137 0.687612 0.088829 0.684022 0.090175 0.684022 0.092867 0.680431 0.094213 0.680431 0.096904 0.67684 0.102288 0.67684 0.103634 0.675045 0.107672 0.675045 0.109017 0.67325 0.114401 0.67325 0.115747 0.671454 0.121131 0.671454 0.122476 0.669659 0.12786 0.669659 0.129206 0.667864 0.133244 0.667864 0.13459 0.666068 0.139973 0.666068 0.141319 0.664273 0.142665 0.664273 0.144011 0.662478 0.145357 0.662478 0.146703 0.660682 0.148048 0.660682 0.149394 0.658887 0.15074 0.658887 0.15074 0.653501 0.152086 0.651706 0.152086 0.639138 0.153432 0.637343 0.153432 0.631957 0.15074 0.631957 0.149394 0.630162 0.148048 0.630162 0.146703 0.628366 0.145357 0.630162 0.144011 0.630162 0.141319 0.633752 0.139973 0.633752 0.142665 0.633752 0.144011 0.635548 0.145357 0.635548 0.146703 0.637343 0.146703 0.639138 0.145357 0.640934 0.145357 0.64632 0.144011 0.648115 0.144011 0.651706 0.142665 0.653501 0.142665 0.655296 0.141319 0.657092 0.138627 0.657092 0.137281 0.658887 0.133244 0.658887 0.131898 0.660682 0.129206 0.660682 0.12786 0.662478 0.123822 0.662478 0.122476 0.664273 0.10498 0.664273 0.102288 0.660682 0.100942 0.660682 0.099596 0.658887 0.100942 0.657092 0.113055 0.657092 0.114401 0.655296 0.115747 0.655296 0.117093 0.653501 0.118439 0.653501 0.119785 0.651706 0.121131 0.651706 0.122476 0.64991 0.123822 0.64991 0.125168 0.648115 0.126514 0.648115 0.12786 0.64632 0.129206 0.64632 0.129206 0.644524 0.130552 0.642729 0.130552 0.640934 0.131898 0.639138 0.131898 0.635548 0.133244 0.633752 0.133244 0.631957 0.13459 0.630162 0.13459 0.628366 0.138627 0.62298 0.139973 0.62298 0.145357 0.615799 0.146703 0.615799 0.149394 0.612208 0.183042 0.612208 0.184388 0.610413 0.185734 0.610413 0.187079 0.608618 0.189771 0.608618 0.191117 0.606822 0.192463 0.606822 0.193809 0.605027 0.196501 0.605027 0.197847 0.603232 0.200538 0.606822 0.200538 0.608618 0.201884 0.610413 0.201884 0.612208 0.20323 0.614004 0.20323 0.615799 0.204576 0.614004 0.216689 0.614004 0.216689 0.612208 0.215343 0.610413 0.215343 0.605027 0.213997 0.603232 0.213997 0.601436 0.215343 0.599641 0.231494 0.599641 0.23284 0.597846 0.251682 0.597846 0.253028 0.59605 0.273217 0.59605 0.274563 0.594255 0.277254 0.594255 0.2786 0.59246 0.281292 0.59246 0.282638 0.590664 0.286676 0.590664 0.288022 0.588869 0.290713 0.588869 0.292059 0.587074 0.294751 0.587074 0.294751 0.579892 0.296097 0.578097
1 0.658143 0.490126 0.656797 0.491921 0.64603 0.491921 0.650067 0.497307 0.650067 0.499102 0.652759 0.502693 0.654105 0.502693 0.655451 0.504488 0.656797 0.504488 0.658143 0.506284 0.659489 0.506284 0.660834 0.508079 0.66218 0.508079 0.663526 0.509874 0.664872 0.508079 0.679677 0.508079 0.681023 0.509874 0.683715 0.509874 0.685061 0.51167 0.686406 0.51167 0.687752 0.513465 0.689098 0.513465 0.690444 0.51526 0.689098 0.517056 0.679677 0.517056 0.678331 0.518851 0.66891 0.518851 0.664872 0.524237 0.663526 0.524237 0.658143 0.531418 0.656797 0.531418 0.654105 0.535009 0.648721 0.535009 0.647376 0.533214 0.643338 0.533214 0.641992 0.531418 0.640646 0.533214 0.632571 0.533214 0.632571 0.535009 0.631225 0.536804 0.631225 0.5386 0.629879 0.540395 0.629879 0.54219 0.631225 0.540395 0.648721 0.540395 0.651413 0.543986 0.652759 0.543986 0.655451 0.547576 0.656797 0.547576 0.658143 0.549372 0.659489 0.547576 0.659489 0.545781 0.660834 0.543986 0.660834 0.54219 0.66218 0.540395 0.66218 0.5386 0.663526 0.536804 0.670256 0.536804 0.671602 0.5386 0.672948 0.536804 0.672948 0.535009 0.675639 0.531418 0.69179 0.531418 0.693136 0.533214 0.693136 0.531418 0.69179 0.529623 0.69179 0.526032 0.693136 0.524237 0.695828 0.524237 0.697174 0.522442 0.69852 0.522442 0.699865 0.520646 0.702557 0.520646 0.702557 0.506284 0.689098 0.506284 0.687752 0.504488 0.674293 0.504488 0.672948 0.502693 0.671602 0.502693 0.66891 0.499102 0.667564 0.499102 0.664872 0.495512 0.663526 0.495512 0.660834 0.491921 0.659489 0.491921
1 0.733513 0.470377 0.738896 0.477558 0.738896 0.479354 0.742934 0.48474 0.74428 0.482944 0.745626 0.482944 0.746972 0.481149 0.749664 0.481149 0.751009 0.482944 0.752355 0.482944 0.756393 0.48833 0.757739 0.486535 0.757739 0.48474 0.759085 0.482944 0.757739 0.482944 0.756393 0.481149 0.755047 0.481149 0.753701 0.479354 0.752355 0.479354 0.751009 0.477558 0.749664 0.477558 0.748318 0.475763 0.746972 0.475763 0.745626 0.473968 0.74428 0.473968 0.742934 0.472172 0.734859 0.472172
1 0.79004 0.45781 0.79004 0.477558 0.788694 0.479354 0.787349 0.479354 0.786003 0.481149 0.783311 0.481149 0.781965 0.482944 0.780619 0.482944 0.779273 0.48474 0.776581 0.48474 0.780619 0.48474 0.781965 0.486535 0.798116 0.486535 0.799462 0.48474 0.798116 0.482944 0.79677 0.482944 0.794078 0.479354 0.794078 0.475763 0.79677 0.472172 0.799462 0.472172 0.800808 0.473968 0.803499 0.473968 0.804845 0.475763 0.799462 0.468582 0.798116 0.468582
1 0.806191 0.439856 0.804845 0.441652 0.803499 0.441652 0.802153 0.443447 0.799462 0.443447 0.800808 0.443447 0.803499 0.447038 0.804845 0.447038 0.807537 0.450628 0.81965 0.450628 0.823688 0.445242 0.825034 0.445242 0.82638 0.443447 0.812921 0.443447 0.811575 0.441652 0.807537 0.441652
1 0.861373 0.382406 0.860027 0.384201 0.858681 0.384201 0.855989 0.387792 0.854643 0.387792 0.853297 0.389587 0.851952 0.389587 0.850606 0.391382 0.84926 0.391382 0.846568 0.394973 0.841184 0.394973 0.839838 0.393178 0.837147 0.393178 0.835801 0.391382 0.834455 0.393178 0.823688 0.393178 0.823688 0.396768 0.837147 0.396768 0.838493 0.398564 0.835801 0.402154 0.835801 0.40395 0.833109 0.40754 0.833109 0.409336 0.834455 0.411131 0.834455 0.414722 0.835801 0.416517 0.835801 0.418312 0.845222 0.418312 0.847914 0.421903 0.84926 0.420108 0.850606 0.420108 0.851952 0.418312 0.854643 0.418312 0.855989 0.416517 0.857335 0.416517 0.857335 0.414722 0.855989 0.412926 0.855989 0.40754 0.854643 0.405745 0.854643 0.40395 0.855989 0.402154 0.857335 0.402154 0.858681 0.400359 0.860027 0.400359 0.861373 0.398564 0.862719 0.398564 0.864065 0.396768 0.86541 0.396768 0.866756 0.394973 0.868102 0.394973 0.869448 0.393178 0.870794 0.393178 0.870794 0.391382 0.869448 0.389587 0.869448 0.387792 0.868102 0.385996 0.868102 0.384201 0.862719 0.384201
1 0.168237 0.193896 0.166891 0.195691 0.166891 0.197487 0.164199 0.201077 0.162853 0.199282 0.161507 0.199282 0.158816 0.195691 0.158816 0.197487 0.15747 0.199282 0.15747 0.204668 0.156124 0.206463 0.156124 0.210054 0.154778 0.211849 0.154778 0.213645 0.153432 0.21544 0.145357 0.21544 0.145357 0.222621 0.166891 0.222621 0.168237 0.220826 0.174966 0.220826 0.176312 0.219031 0.184388 0.219031 0.184388 0.21544 0.183042 0.21544 0.18035 0.211849 0.179004 0.211849 0.176312 0.208259 0.176312 0.206463 0.174966 0.204668 0.174966 0.202873
1 0.987887 0.177738 0.987887 0.184919 0.986541 0.186715 0.986541 0.193896 0.985195 0.195691 0.983849 0.195691 0.982503 0.197487 0.981157 0.197487 0.981157 0.217235 0.978466 0.220826 0.978466 0.222621 0.971736 0.231598 0.971736 0.233393 0.97039 0.235189 0.969044 0.235189 0.967699 0.233393 0.967699 0.228007 0.966353 0.226212 0.966353 0.222621 0.965007 0.220826 0.965007 0.21544 0.963661 0.213645 0.963661 0.211849 0.958277 0.211849 0.958277 0.21544 0.956931 0.217235 0.956931 0.226212 0.955585 0.228007 0.955585 0.229803 0.95424 0.231598 0.942127 0.231598 0.940781 0.229803 0.927322 0.229803 0.925976 0.228007 0.92463 0.229803 0.921938 0.229803 0.920592 0.231598 0.9179 0.231598 0.916555 0.233393 0.915209 0.233393 0.913863 0.235189 0.911171 0.235189 0.909825 0.236984 0.907133 0.236984 0.904441 0.240575 0.903096 0.240575 0.899058 0.245961 0.897712 0.245961 0.89502 0.249551 0.893674 0.249551 0.889637 0.254937 0.888291 0.254937 0.884253 0.260323 0.882907 0.260323 0.880215 0.263914 0.878869 0.263914 0.877524 0.265709 0.877524 0.267504 0.878869 0.2693 0.878869 0.274686 0.880215 0.276481 0.880215 0.278276 0.882907 0.274686 0.882907 0.27289 0.886945 0.267504 0.886945 0.265709 0.890983 0.260323 0.890983 0.258528 0.89502 0.253142 0.896366 0.253142 0.897712 0.251346 0.899058 0.251346 0.900404 0.249551 0.90175 0.249551 0.903096 0.247756 0.905787 0.247756 0.907133 0.245961 0.908479 0.245961 0.909825 0.244165 0.911171 0.244165 0.912517 0.24237 0.938089 0.24237 0.940781 0.245961 0.940781 0.249551 0.942127 0.251346 0.942127 0.253142 0.950202 0.253142 0.951548 0.254937 0.948856 0.258528 0.94751 0.258528 0.944818 0.262118 0.943472 0.262118 0.939435 0.267504 0.938089 0.267504 0.935397 0.271095 0.934051 0.271095 0.932705 0.27289 0.931359 0.27289 0.928668 0.2693 0.927322 0.2693 0.92463 0.265709 0.923284 0.265709 0.920592 0.262118 0.919246 0.262118 0.9179 0.260323 0.915209 0.260323 0.913863 0.258528 0.911171 0.258528 0.909825 0.256732 0.909825 0.258528 0.911171 0.260323 0.911171 0.262118 0.912517 0.263914 0.912517 0.265709 0.913863 0.267504 0.913863 0.2693 0.915209 0.271095 0.915209 0.27289 0.916555 0.274686 0.916555 0.276481 0.9179 0.278276 0.9179 0.280072 0.919246 0.280072 0.921938 0.283662 0.923284 0.283662 0.925976 0.287253 0.927322 0.287253 0.930013 0.290844 0.932705 0.287253 0.934051 0.287253 0.939435 0.280072 0.940781 0.280072 0.944818 0.274686 0.946164 0.274686 0.951548 0.267504 0.952894 0.267504 0.956931 0.262118 0.958277 0.262118 0.963661 0.254937 0.965007 0.254937 0.966353 0.253142 0.967699 0.253142 0.969044 0.254937 0.971736 0.254937 0.973082 0.256732 0.974428 0.256732 0.975774 0.258528 0.97712 0.258528 0.978466 0.260323 0.979812 0.260323 0.981157 0.262118 0.983849 0.262118 0.985195 0.263914 0.986541 0.263914 0.987887 0.265709 0.989233 0.265709 0.990579 0.267504 0.991925 0.267504 0.993271 0.2693 0.995962 0.2693 0.997308 0.271095 0.998654 0.271095 0.998654 0.267504 0.997308 0.267504 0.995962 0.265709 0.994616 0.265709 0.993271 0.263914 0.990579 0.263914 0.989233 0.262118 0.987887 0.262118 0.986541 0.260323 0.985195 0.260323 0.983849 0.258528 0.983849 0.256732 0.985195 0.254937 0.985195 0.253142 0.986541 0.251346 0.986541 0.249551 0.987887 0.247756 0.987887 0.245961 0.989233 0.244165 0.989233 0.24237 0.986541 0.245961 0.985195 0.245961 0.982503 0.249551 0.97712 0.249551 0.975774 0.247756 0.975774 0.244165 0.97712 0.24237 0.97712 0.236984 0.979812 0.233393 0.979812 0.231598 0.981157 0.229803 0.981157 0.228007 0.982503 0.226212 0.982503 0.224417 0.983849 0.222621 0.983849 0.220826 0.985195 0.219031 0.985195 0.217235 0.986541 0.21544 0.986541 0.213645 0.987887 0.211849 0.987887 0.210054 0.989233 0.208259 0.989233 0.206463 0.991925 0.202873 0.991925 0.201077 0.994616 0.197487 0.994616 0.195691 0.998654 0.190305 0.998654 0.186715 0.993271 0.186715 0.990579 0.183124 0.990579 0.181329
1 0.399731 0.175943 0.398385 0.177738 0.374159 0.177738 0.372813 0.179533 0.347241 0.179533 0.345895 0.181329 0.33782 0.181329 0.339166 0.181329 0.341857 0.184919 0.343203 0.184919 0.344549 0.186715 0.345895 0.186715 0.348587 0.190305 0.349933 0.190305 0.351279 0.192101 0.348587 0.195691 0.347241 0.195691 0.344549 0.199282 0.343203 0.199282 0.345895 0.199282 0.347241 0.201077 0.348587 0.201077 0.349933 0.202873 0.352624 0.202873 0.35397 0.204668 0.352624 0.206463 0.348587 0.206463 0.347241 0.208259 0.341857 0.208259 0.341857 0.211849 0.343203 0.213645 0.343203 0.217235 0.340511 0.220826 0.339166 0.220826 0.336474 0.224417 0.335128 0.224417 0.332436 0.228007 0.312248 0.228007 0.310902 0.226212 0.293405 0.226212 0.292059 0.224417 0.273217 0.224417 0.271871 0.222621 0.270525 0.224417 0.266487 0.224417 0.265141 0.226212 0.261104 0.226212 0.259758 0.228007 0.25572 0.228007 0.254374 0.229803 0.250336 0.229803 0.248991 0.231598 0.227456 0.231598 0.22611 0.229803 0.218035 0.229803 0.216689 0.228007 0.208614 0.228007 0.207268 0.226212 0.20996 0.229803 0.20996 0.231598 0.213997 0.236984 0.213997 0.238779 0.215343 0.240575 0.230148 0.240575 0.231494 0.24237 0.246299 0.24237 0.247645 0.244165 0.270525 0.244165 0.271871 0.245961 0.293405 0.245961 0.294751 0.247756 0.296097 0.245961 0.306864 0.245961 0.30821 0.244165 0.318977 0.244165 0.320323 0.24237 0.332436 0.24237 0.333782 0.240575 0.343203 0.240575 0.344549 0.24237 0.343203 0.244165 0.343203 0.249551 0.341857 0.251346 0.341857 0.254937 0.340511 0.256732 0.340511 0.258528 0.341857 0.258528 0.343203 0.260323 0.344549 0.260323 0.345895 0.262118 0.347241 0.262118 0.349933 0.265709 0.351279 0.265709 0.352624 0.267504 0.35397 0.267504 0.355316 0.2693 0.35397 0.271095 0.327052 0.271095 0.325707 0.2693 0.324361 0.271095 0.321669 0.271095 0.320323 0.27289 0.317631 0.27289 0.316285 0.274686 0.312248 0.274686 0.310902 0.276481 0.30821 0.276481 0.306864 0.278276 0.248991 0.278276 0.247645 0.276481 0.246299 0.278276 0.242261 0.278276 0.240915 0.280072 0.235532 0.280072 0.234186 0.281867 0.230148 0.281867 0.228802 0.283662 0.223419 0.283662 0.222073 0.285458 0.204576 0.285458 0.20323 0.287253 0.185734 0.287253 0.184388 0.289048 0.168237 0.289048 0.166891 0.290844 0.15074 0.290844 0.149394 0.292639 0.131898 0.292639 0.130552 0.294434 0.114401 0.294434 0.114401 0.29623 0.115747 0.298025 0.115747 0.29982 0.117093 0.298025 0.131898 0.298025 0.133244 0.29623 0.148048 0.29623 0.149394 0.294434 0.165545 0.294434 0.166891 0.292639 0.188425 0.292639 0.189771 0.294434 0.195155 0.294434 0.196501 0.29623 0.195155 0.298025 0.188425 0.298025 0.187079 0.29982 0.179004 0.29982 0.177658 0.301616 0.170929 0.301616 0.169583 0.303411 0.111709 0.303411 0.109017 0.307002 0.107672 0.307002 0.103634 0.312388 0.102288 0.312388 0.100942 0.314183 0.099596 0.312388 0.099596 0.310592 0.096904 0.307002 0.096904 0.305206 0.094213 0.301616 0.094213 0.29982 0.091521 0.29623 0.091521 0.294434 0.088829 0.290844 0.088829 0.289048 0.087483 0.287253 0.087483 0.285458 0.084791 0.281867 0.084791 0.280072 0.0821 0.276481 0.0821 0.274686 0.079408 0.271095 0.079408 0.2693 0.078062 0.267504 0.076716 0.2693 0.076716 0.271095 0.07537 0.27289 0.076716 0.274686 0.076716 0.276481 0.079408 0.280072 0.079408 0.281867 0.080754 0.283662 0.080754 0.285458 0.083445 0.289048 0.083445 0.290844 0.086137 0.294434 0.086137 0.29623 0.087483 0.298025 0.087483 0.29982 0.090175 0.303411 0.090175 0.305206 0.092867 0.308797 0.092867 0.310592 0.094213 0.312388 0.094213 0.314183 0.095559 0.315978 0.094213 0.317774 0.094213 0.319569 0.092867 0.321364 0.092867 0.32316 0.091521 0.324955 0.091521 0.32675 0.090175 0.328546 0.090175 0.330341 0.088829 0.332136 0.088829 0.333932 0.087483 0.335727 0.087483 0.337522 0.086137 0.339318 0.088829 0.342908 0.090175 0.342908 0.094213 0.348294 0.103634 0.348294 0.10498 0.35009 0.10498 0.355476 0.103634 0.357271 0.094213 0.357271 0.092867 0.355476 0.092867 0.359066 0.094213 0.360862 0.094213 0.368043 0.095559 0.369838 0.095559 0.373429 0.094213 0.375224 0.084791 0.375224 0.083445 0.37702 0.072678 0.37702 0.071332 0.378815 0.061911 0.378815 0.060565 0.37702 0.061911 0.375224 0.061911 0.369838 0.063257 0.368043 0.063257 0.364452 0.064603 0.362657 0.064603 0.360862 0.061911 0.360862 0.060565 0.359066 0.055182 0.366248 0.053836 0.366248 0.049798 0.371634 0.037685 0.371634 0.036339 0.373429 0.02288 0.373429 0.021534 0.375224 0.017497 0.375224 0.016151 0.37702 0.012113 0.37702 0.010767 0.378815 0.005384 0.378815 0.004038 0.38061 0.0 0.38061 0.0 0.40395 0.02288 0.40395 0.024226 0.405745 0.024226 0.412926 0.02288 0.414722 0.02288 0.420108 0.021534 0.421903 0.012113 0.421903 0.010767 0.423698 0.0 0.423698 0.0 0.540395 0.017497 0.540395 0.018843 0.5386 0.020188 0.5386 0.02288 0.535009 0.024226 0.535009 0.025572 0.533214 0.026918 0.533214 0.028264 0.531418 0.02961 0.531418 0.032301 0.527828 0.033647 0.527828 0.034993 0.526032 0.036339 0.526032 0.037685 0.524237 0.039031 0.524237 0.041723 0.520646 0.043069 0.520646 0.044415 0.518851 0.064603 0.518851 0.065949 0.517056 0.109017 0.517056 0.110363 0.518851 0.111709 0.517056 0.118439 0.517056 0.119785 0.51526 0.126514 0.51526 0.12786 0.513465 0.137281 0.513465 0.138627 0.51526 0.139973 0.51526 0.141319 0.517056 0.144011 0.517056 0.145357 0.518851 0.146703 0.518851 0.148048 0.520646 0.15074 0.520646 0.152086 0.522442 0.153432 0.522442 0.154778 0.524237 0.160162 0.524237 0.161507 0.526032 0.166891 0.526032 0.168237 0.527828 0.17362 0.527828 0.179004 0.535009 0.184388 0.535009 0.185734 0.536804 0.196501 0.536804 0.197847 0.5386 0.197847 0.540395 0.193809 0.545781 0.193809 0.547576 0.191117 0.551167 0.193809 0.554758 0.195155 0.554758 0.199192 0.560144 0.204576 0.560144 0.207268 0.556553 0.208614 0.556553 0.211306 0.552962 0.212651 0.552962 0.215343 0.549372 0.231494 0.549372 0.227456 0.543986 0.22611 0.543986 0.219381 0.535009 0.218035 0.536804 0.216689 0.536804 0.213997 0.540395 0.212651 0.5386 0.212651 0.531418 0.213997 0.529623 0.248991 0.529623 0.250336 0.527828 0.269179 0.527828 0.270525 0.529623 0.274563 0.529623 0.275908 0.531418 0.2786 0.531418 0.279946 0.533214 0.28533 0.526032 0.286676 0.526032 0.292059 0.518851 0.293405 0.518851 0.294751 0.517056 0.282638 0.517056 0.281292 0.51526 0.269179 0.51526 0.267833 0.513465 0.263795 0.513465 0.26245 0.51167 0.258412 0.51167 0.257066 0.509874 0.251682 0.509874 0.250336 0.508079 0.246299 0.508079 0.244953 0.506284 0.240915 0.506284 0.239569 0.504488 0.238223 0.506284 0.201884 0.506284 0.200538 0.504488 0.199192 0.506284 0.189771 0.506284 0.188425 0.508079 0.174966 0.508079 0.17362 0.506284 0.169583 0.506284 0.168237 0.504488 0.164199 0.504488 0.162853 0.502693 0.164199 0.500898 0.168237 0.500898 0.169583 0.499102 0.174966 0.499102 0.176312 0.497307 0.204576 0.497307 0.205922 0.495512 0.207268 0.495512 0.208614 0.493716 0.20996 0.493716 0.211306 0.491921 0.212651 0.491921 0.213997 0.490126 0.215343 0.490126 0.216689 0.48833 0.218035 0.48833 0.219381 0.486535 0.247645 0.486535 0.248991 0.48474 0.251682 0.48474 0.253028 0.482944 0.254374 0.482944 0.25572 0.481149 0.258412 0.481149 0.259758 0.479354 0.263795 0.479354 0.265141 0.481149 0.266487 0.481149 0.267833 0.482944 0.270525 0.482944 0.271871 0.48474 0.273217 0.48474 0.274563 0.486535 0.275908 0.486535 0.277254 0.48833 0.288022 0.48833 0.289367 0.490126 0.298789 0.490126 0.300135 0.491921 0.310902 0.491921 0.312248 0.493716 0.321669 0.493716 0.323015 0.495512 0.336474 0.495512 0.335128 0.493716 0.333782 0.493716 0.328398 0.486535 0.327052 0.486535 0.323015 0.481149 0.323015 0.477558 0.324361 0.475763 0.324361 0.470377 0.325707 0.468582 0.325707 0.466786 0.327052 0.464991 0.347241 0.464991 0.347241 0.463196 0.348587 0.4614 0.348587 0.459605 0.344549 0.459605 0.343203 0.45781 0.33782 0.45781 0.336474 0.456014 0.332436 0.456014 0.33109 0.454219 0.33109 0.452424 0.332436 0.450628 0.332436 0.448833 0.333782 0.447038 0.333782 0.445242 0.335128 0.443447 0.340511 0.443447 0.341857 0.441652 0.348587 0.441652 0.349933 0.439856 0.356662 0.439856 0.358008 0.438061 0.366083 0.438061 0.364738 0.438061 0.363392 0.436266 0.362046 0.436266 0.3607 0.43447 0.359354 0.43447 0.358008 0.432675 0.356662 0.432675 0.355316 0.43088 0.35397 0.43088 0.352624 0.429084 0.352624 0.425494 0.35397 0.423698 0.35397 0.420108 0.352624 0.420108 0.351279 0.418312 0.349933 0.418312 0.348587 0.416517 0.343203 0.416517 0.341857 0.414722 0.33782 0.414722 0.336474 0.412926 0.33109 0.412926 0.329744 0.411131 0.329744 0.40754 0.33109 0.405745 0.33109 0.400359 0.332436 0.398564 0.332436 0.393178 0.333782 0.391382 0.333782 0.389587 0.335128 0.387792 0.336474 0.387792 0.33782 0.385996 0.339166 0.385996 0.340511 0.384201 0.341857 0.384201 0.343203 0.382406 0.344549 0.382406 0.345895 0.38061 0.347241 0.38061 0.348587 0.378815 0.349933 0.378815 0.351279 0.37702 0.352624 0.37702 0.35397 0.375224 0.356662 0.375224 0.358008 0.373429 0.362046 0.373429 0.363392 0.371634 0.366083 0.371634 0.367429 0.369838 0.371467 0.369838 0.372813 0.368043 0.376851 0.368043 0.379542 0.371634 0.380888 0.371634 0.38358 0.375224 0.384926 0.375224 0.386272 0.37702 0.387618 0.37702 0.39031 0.38061 0.391655 0.38061 0.394347 0.384201 0.395693 0.384201 0.397039 0.385996 0.397039 0.398564 0.417227 0.398564 0.419919 0.402154 0.419919 0.40395 0.422611 0.40754 0.422611 0.409336 0.423957 0.411131 0.423957 0.412926 0.425303 0.414722 0.426649 0.412926 0.427995 0.412926 0.430686 0.409336 0.432032 0.409336 0.433378 0.40754 0.437416 0.40754 0.438762 0.409336 0.441454 0.409336 0.442799 0.411131 0.445491 0.411131 0.446837 0.412926 0.456258 0.412926 0.457604 0.414722 0.457604 0.411131 0.456258 0.409336 0.456258 0.402154 0.454913 0.400359 0.456258 0.398564 0.457604 0.398564 0.460296 0.402154 0.461642 0.402154 0.464334 0.405745 0.46568 0.40395 0.469717 0.40395 0.471063 0.402154 0.475101 0.402154 0.475101 0.400359 0.473755 0.398564 0.473755 0.396768 0.472409 0.394973 0.472409 0.393178 0.471063 0.391382 0.471063 0.389587 0.469717 0.387792 0.469717 0.385996 0.468371 0.384201 0.468371 0.382406 0.467026 0.38061 0.467026 0.378815 0.46568 0.37702 0.467026 0.375224 0.469717 0.375224 0.471063 0.37702 0.475101 0.37702 0.476447 0.378815 0.480485 0.378815 0.48183 0.38061 0.487214 0.38061 0.48856 0.382406 0.492598 0.382406 0.493943 0.384201 0.497981 0.384201 0.499327 0.385996 0.503365 0.385996 0.504711 0.387792 0.508748 0.387792 0.510094 0.389587 0.515478 0.389587 0.516824 0.391382 0.520861 0.391382 0.522207 0.393178 0.527591 0.393178 0.528937 0.394973 0.532974 0.394973 0.53432 0.396768 0.532974 0.398564 0.532974 0.400359 0.530283 0.40395 0.530283 0.405745 0.528937 0.40754 0.528937 0.409336 0.526245 0.412926 0.526245 0.414722 0.524899 0.416517 0.526245 0.416517 0.527591 0.418312 0.530283 0.418312 0.531629 0.420108 0.532974 0.420108 0.53432 0.421903 0.537012 0.421903 0.538358 0.423698 0.539704 0.423698 0.54105 0.425494 0.539704 0.427289 0.53432 0.427289 0.532974 0.429084 0.522207 0.429084 0.520861 0.43088 0.508748 0.43088 0.507402 0.432675 0.448183 0.432675 0.445491 0.436266 0.444145 0.436266 0.441454 0.439856 0.440108 0.439856 0.438762 0.441652 0.445491 0.441652 0.446837 0.439856 0.472409 0.439856 0.473755 0.438061 0.500673 0.438061 0.502019 0.436266 0.524899 0.436266 0.526245 0.438061 0.51817 0.448833 0.516824 0.448833 0.507402 0.4614 0.503365 0.4614 0.502019 0.463196 0.497981 0.463196 0.496635 0.464991 0.492598 0.464991 0.491252 0.466786 0.485868 0.466786 0.483176 0.463196 0.48183 0.463196 0.480485 0.4614 0.479139 0.4614 0.476447 0.45781 0.475101 0.45781 0.473755 0.456014 0.473755 0.45781 0.472409 0.459605 0.472409 0.4614 0.471063 0.463196 0.471063 0.466786 0.469717 0.468582 0.469717 0.470377 0.468371 0.472172 0.468371 0.473968 0.467026 0.475763 0.462988 0.475763 0.461642 0.477558 0.45895 0.477558 0.457604 0.479354 0.445491 0.479354 0.444145 0.477558 0.437416 0.477558 0.43607 0.475763 0.43607 0.477558 0.434724 0.479354 0.434724 0.481149 0.433378 0.482944 0.433378 0.48474 0.432032 0.486535 0.432032 0.48833 0.430686 0.490126 0.429341 0.490126 0.427995 0.491921 0.426649 0.491921 0.425303 0.493716 0.423957 0.493716 0.422611 0.495512 0.421265 0.495512 0.418573 0.499102 0.417227 0.499102 0.415882 0.500898 0.414536 0.500898 0.41319 0.502693 0.411844 0.502693 0.410498 0.504488 0.409152 0.504488 0.407806 0.506284 0.40646 0.506284 0.405114 0.508079 0.402423 0.508079 0.401077 0.509874 0.399731 0.509874 0.398385 0.51167 0.395693 0.51167 0.394347 0.513465 0.391655 0.513465 0.39031 0.51526 0.387618 0.51526 0.386272 0.517056 0.384926 0.517056 0.38358 0.518851 0.380888 0.518851 0.379542 0.520646 0.370121 0.520646 0.368775 0.522442 0.359354 0.522442 0.358008 0.524237 0.358008 0.526032 0.355316 0.529623 0.355316 0.531418 0.352624 0.535009 0.352624 0.536804 0.351279 0.5386 0.351279 0.540395 0.348587 0.543986 0.348587 0.545781 0.345895 0.549372 0.345895 0.551167 0.341857 0.556553 0.340511 0.556553 0.335128 0.563734 0.333782 0.563734 0.33109 0.567325 0.325707 0.567325 0.324361 0.56912 0.318977 0.56912 0.317631 0.570916 0.312248 0.570916 0.312248 0.572711 0.310902 0.574506 0.310902 0.576302 0.309556 0.578097 0.312248 0.578097 0.313594 0.579892 0.316285 0.579892 0.317631 0.581688 0.318977 0.579892 0.329744 0.579892 0.33109 0.578097 0.343203 0.578097 0.344549 0.576302 0.393001 0.576302 0.394347 0.574506 0.418573 0.574506 0.419919 0.576302 0.418573 0.578097 0.417227 0.578097 0.415882 0.579892 0.414536 0.579892 0.411844 0.583483 0.410498 0.583483 0.409152 0.585278 0.407806 0.585278 0.40646 0.587074 0.405114 0.587074 0.403769 0.588869 0.402423 0.588869 0.401077 0.590664 0.399731 0.590664 0.397039 0.594255 0.395693 0.594255 0.394347 0.59605 0.393001 0.59605 0.391655 0.597846 0.386272 0.597846 0.384926 0.59605 0.382234 0.59605 0.380888 0.594255 0.376851 0.594255 0.375505 0.59246 0.374159 0.594255 0.372813 0.594255 0.370121 0.597846 0.368775 0.597846 0.367429 0.599641 0.366083 0.599641 0.363392 0.603232 0.362046 0.603232 0.359354 0.606822 0.358008 0.606822 0.356662 0.608618 0.355316 0.608618 0.352624 0.612208 0.351279 0.612208 0.352624 0.614004 0.35397 0.614004 0.356662 0.617594 0.358008 0.617594 0.3607 0.621185 0.359354 0.62298 0.358008 0.62298 0.356662 0.624776 0.355316 0.624776 0.35397 0.626571 0.351279 0.626571 0.349933 0.628366 0.348587 0.628366 0.347241 0.630162 0.345895 0.630162 0.344549 0.631957 0.343203 0.631957 0.341857 0.633752 0.339166 0.633752 0.33782 0.635548 0.336474 0.635548 0.335128 0.637343 0.333782 0.637343 0.332436 0.639138 0.33109 0.639138 0.329744 0.640934 0.327052 0.640934 0.325707 0.642729 0.324361 0.642729 0.323015 0.644524 0.321669 0.644524 0.320323 0.64632 0.318977 0.64632 0.317631 0.648115 0.314939 0.648115 0.313594 0.64991 0.312248 0.64991 0.310902 0.651706 0.309556 0.651706 0.30821 0.64991 0.30821 0.648115 0.306864 0.64632 0.306864 0.644524 0.305518 0.642729 0.305518 0.640934 0.306864 0.639138 0.30821 0.639138 0.309556 0.637343 0.312248 0.637343 0.313594 0.635548 0.314939 0.635548 0.316285 0.633752 0.318977 0.633752 0.320323 0.631957 0.321669 0.631957 0.321669 0.628366 0.323015 0.626571 0.323015 0.624776 0.321669 0.626571 0.320323 0.626571 0.318977 0.628366 0.317631 0.628366 0.316285 0.630162 0.314939 0.630162 0.313594 0.631957 0.312248 0.631957 0.309556 0.635548 0.30821 0.635548 0.306864 0.637343 0.305518 0.637343 0.304172 0.639138 0.302826 0.639138 0.30148 0.640934 0.300135 0.640934 0.300135 0.653501 0.298789 0.655296 0.297443 0.655296 0.294751 0.658887 0.293405 0.658887 0.292059 0.660682 0.290713 0.660682 0.289367 0.662478 0.288022 0.662478 0.28533 0.666068 0.283984 0.666068 0.282638 0.667864 0.281292 0.667864 0.279946 0.669659 0.2786 0.669659 0.275908 0.67325 0.274563 0.67325 0.273217 0.675045 0.271871 0.675045 0.270525 0.67684 0.267833 0.67684 0.266487 0.678636 0.265141 0.678636 0.263795 0.680431 0.261104 0.680431 0.259758 0.682226 0.257066 0.682226 0.25572 0.684022 0.253028 0.684022 0.251682 0.685817 0.250336 0.685817 0.248991 0.687612 0.246299 0.687612 0.244953 0.689408 0.242261 0.689408 0.240915 0.691203 0.239569 0.691203 0.238223 0.692998 0.235532 0.692998 0.234186 0.694794 0.231494 0.694794 0.230148 0.696589 0.227456 0.696589 0.22611 0.698384 0.224764 0.698384 0.223419 0.70018 0.220727 0.70018 0.219381 0.701975 0.216689 0.701975 0.215343 0.70377 0.212651 0.70377 0.211306 0.705566 0.20996 0.705566 0.208614 0.707361 0.205922 0.707361 0.204576 0.709156 0.201884 0.709156 0.200538 0.710952 0.200538 0.712747 0.197847 0.716338 0.197847 0.718133 0.193809 0.723519 0.193809 0.725314 0.191117 0.728905 0.191117 0.7307 0.189771 0.732496 0.192463 0.732496 0.193809 0.734291 0.195155 0.734291 0.196501 0.736086 0.199192 0.736086 0.200538 0.737882 0.189771 0.752244 0.185734 0.752244 0.184388 0.754039 0.18035 0.754039 0.179004 0.755835 0.174966 0.755835 0.17362 0.75763 0.169583 0.75763 0.168237 0.759425 0.164199 0.759425 0.162853 0.761221 0.158816 0.761221 0.15747 0.763016 0.153432 0.763016 0.152086 0.764811 0.148048 0.764811 0.146703 0.766607 0.142665 0.766607 0.141319 0.768402 0.137281 0.768402 0.135935 0.770197 0.131898 0.770197 0.130552 0.771993 0.126514 0.771993 0.125168 0.773788 0.121131 0.773788 0.119785 0.775583 0.115747 0.775583 0.114401 0.777379 0.111709 0.777379 0.110363 0.779174 0.106326 0.779174 0.10498 0.780969 0.100942 0.780969 0.099596 0.782765 0.095559 0.782765 0.096904 0.782765 0.099596 0.786355 0.100942 0.786355 0.102288 0.788151 0.103634 0.788151 0.106326 0.791741 0.107672 0.791741 0.109017 0.793537 0.109017 0.789946 0.107672 0.788151 0.107672 0.786355 0.109017 0.78456 0.115747 0.78456 0.117093 0.786355 0.117093 0.788151 0.118439 0.789946 0.118439 0.798923 0.119785 0.800718 0.119785 0.804309 0.121131 0.802513 0.123822 0.802513 0.125168 0.800718 0.129206 0.800718 0.130552 0.798923 0.133244 0.798923 0.13459 0.797127 0.138627 0.797127 0.139973 0.795332 0.142665 0.795332 0.144011 0.793537 0.146703 0.793537 0.148048 0.791741 0.15074 0.791741 0.152086 0.789946 0.156124 0.789946 0.15747 0.791741 0.158816 0.791741 0.160162 0.793537 0.161507 0.793537 0.162853 0.795332 0.164199 0.795332 0.165545 0.797127 0.168237 0.797127 0.169583 0.798923 0.170929 0.798923 0.172275 0.800718 0.17362 0.800718 0.174966 0.802513 0.176312 0.802513 0.177658 0.804309 0.179004 0.804309 0.18035 0.806104 0.176312 0.81149 0.148048 0.81149 0.152086 0.81149 0.153432 0.813285 0.156124 0.813285 0.15747 0.815081 0.161507 0.815081 0.162853 0.816876 0.165545 0.816876 0.166891 0.818671 0.170929 0.818671 0.172275 0.820467 0.172275 0.822262 0.170929 0.824057 0.170929 0.825853 0.169583 0.827648 0.169583 0.831239 0.168237 0.833034 0.168237 0.834829 0.166891 0.836625 0.166891 0.83842 0.165545 0.840215 0.165545 0.843806 0.164199 0.845601 0.164199 0.847397 0.162853 0.849192 0.162853 0.850987 0.165545 0.847397 0.165545 0.845601 0.169583 0.840215 0.169583 0.83842 0.17362 0.833034 0.17362 0.831239 0.177658 0.825853 0.177658 0.824057 0.181696 0.818671 0.181696 0.816876 0.185734 0.81149 0.185734 0.809695 0.189771 0.804309 0.189771 0.802513 0.193809 0.797127 0.193809 0.795332 0.197847 0.789946 0.197847 0.788151 0.201884 0.782765 0.201884 0.780969 0.205922 0.775583 0.205922 0.773788 0.208614 0.770197 0.212651 0.770197 0.213997 0.771993 0.218035 0.771993 0.219381 0.773788 0.224764 0.773788 0.22611 0.775583 0.230148 0.775583 0.231494 0.777379 0.227456 0.782765 0.227456 0.78456 0.218035 0.797127 0.218035 0.798923 0.211306 0.807899 0.20996 0.807899 0.208614 0.809695 0.207268 0.809695 0.205922 0.81149 0.204576 0.81149 0.20323 0.813285 0.200538 0.813285 0.199192 0.815081 0.197847 0.815081 0.196501 0.816876 0.195155 0.816876 0.193809 0.818671 0.193809 0.820467 0.191117 0.824057 0.191117 0.825853 0.189771 0.827648 0.189771 0.829443 0.187079 0.833034 0.187079 0.834829 0.184388 0.83842 0.184388 0.840215 0.181696 0.843806 0.181696 0.845601 0.18035 0.847397 0.18035 0.849192 0.177658 0.852783 0.177658 0.854578 0.176312 0.856373 0.18035 0.856373 0.181696 0.858169 0.184388 0.858169 0.185734 0.859964 0.189771 0.859964 0.191117 0.861759 0.193809 0.861759 0.195155 0.863555 0.199192 0.863555 0.200538 0.86535 0.20323 0.86535 0.204576 0.867145 0.207268 0.867145 0.208614 0.868941 0.20996 0.868941 0.211306 0.870736 0.213997 0.870736 0.215343 0.872531 0.216689 0.872531 0.218035 0.874327 0.220727 0.874327 0.222073 0.876122 0.223419 0.876122 0.224764 0.877917 0.227456 0.877917 0.228802 0.879713 0.230148 0.879713 0.231494 0.881508 0.234186 0.881508 0.235532 0.883303 0.236878 0.883303 0.238223 0.885099 0.247645 0.872531 0.26245 0.872531 0.263795 0.870736 0.283984 0.870736 0.28533 0.868941 0.288022 0.868941 0.289367 0.867145 0.292059 0.867145 0.293405 0.86535 0.296097 0.86535 0.297443 0.863555 0.300135 0.863555 0.30148 0.861759 0.305518 0.861759 0.306864 0.859964 0.309556 0.859964 0.310902 0.858169 0.313594 0.858169 0.314939 0.856373 0.317631 0.856373 0.318977 0.854578 0.321669 0.854578 0.323015 0.852783 0.325707 0.852783 0.327052 0.850987 0.328398 0.850987 0.329744 0.849192 0.332436 0.849192 0.333782 0.847397 0.336474 0.847397 0.33782 0.845601 0.340511 0.845601 0.341857 0.843806 0.343203 0.843806 0.344549 0.842011 0.347241 0.842011 0.348587 0.840215 0.349933 0.840215 0.351279 0.83842 0.352624 0.83842 0.35397 0.836625 0.355316 0.836625 0.356662 0.834829 0.359354 0.834829 0.3607 0.833034 0.362046 0.833034 0.363392 0.831239 0.364738 0.831239 0.366083 0.829443 0.367429 0.829443 0.368775 0.827648 0.370121 0.827648 0.371467 0.825853 0.372813 0.825853 0.374159 0.824057 0.376851 0.824057 0.378197 0.822262 0.379542 0.822262 0.380888 0.820467 0.382234 0.820467 0.38358 0.818671 0.384926 0.818671 0.386272 0.816876 0.387618 0.816876 0.388964 0.815081 0.39031 0.815081 0.391655 0.813285 0.394347 0.813285 0.395693 0.81149 0.397039 0.81149 0.398385 0.809695 0.399731 0.809695 0.399731 0.807899 0.398385 0.806104 0.398385 0.804309 0.397039 0.806104 0.391655 0.806104 0.39031 0.807899 0.386272 0.807899 0.384926 0.809695 0.379542 0.809695 0.378197 0.81149 0.376851 0.81149 0.375505 0.813285 0.374159 0.813285 0.371467 0.816876 0.370121 0.816876 0.368775 0.818671 0.367429 0.818671 0.366083 0.820467 0.364738 0.820467 0.363392 0.822262 0.362046 0.822262 0.3607 0.824057 0.359354 0.824057 0.356662 0.827648 0.355316 0.827648 0.35397 0.829443 0.352624 0.829443 0.351279 0.831239 0.349933 0.831239 0.348587 0.833034 0.336474 0.833034 0.335128 0.834829 0.324361 0.834829 0.323015 0.833034 0.323015 0.818671 0.324361 0.816876 0.324361 0.815081 0.325707 0.813285 0.325707 0.81149 0.327052 0.809695 0.327052 0.807899 0.328398 0.806104 0.328398 0.804309 0.33109 0.800718 0.333782 0.800718 0.335128 0.798923 0.339166 0.798923 0.340511 0.797127 0.343203 0.797127 0.344549 0.795332 0.348587 0.795332 0.349933 0.793537 0.352624 0.793537 0.35397 0.791741 0.356662 0.791741 0.358008 0.789946 0.362046 0.789946 0.363392 0.788151 0.366083 0.788151 0.367429 0.786355 0.371467 0.786355 0.372813 0.78456 0.375505 0.78456 0.376851 0.782765 0.378197 0.782765 0.380888 0.779174 0.382234 0.779174 0.384926 0.775583 0.386272 0.775583 0.388964 0.771993 0.39031 0.771993 0.391655 0.770197 0.393001 0.770197 0.395693 0.766607 0.397039 0.766607 0.399731 0.763016 0.401077 0.763016 0.403769 0.759425 0.40646 0.763016 0.40646 0.766607 0.407806 0.768402 0.407806 0.773788 0.409152 0.775583 0.409152 0.779174 0.410498 0.780969 0.410498 0.782765 0.425303 0.782765 0.426649 0.78456 0.423957 0.788151 0.422611 0.788151 0.418573 0.793537 0.417227 0.793537 0.415882 0.795332 0.415882 0.807899 0.418573 0.804309 0.419919 0.804309 0.422611 0.800718 0.423957 0.800718 0.426649 0.797127 0.427995 0.797127 0.429341 0.798923 0.429341 0.806104 0.427995 0.807899 0.427995 0.813285 0.426649 0.815081 0.426649 0.816876 0.425303 0.818671 0.425303 0.820467 0.423957 0.822262 0.423957 0.824057 0.421265 0.827648 0.421265 0.829443 0.419919 0.831239 0.419919 0.833034 0.418573 0.834829 0.418573 0.836625 0.417227 0.83842 0.421265 0.843806 0.421265 0.845601 0.423957 0.849192 0.423957 0.854578 0.425303 0.856373 0.425303 0.868941 0.426649 0.870736 0.426649 0.879713 0.427995 0.881508 0.427995 0.883303 0.429341 0.885099 0.429341 0.886894 0.430686 0.888689 0.430686 0.890485 0.432032 0.89228 0.432032 0.894075 0.433378 0.895871 0.433378 0.897666 0.434724 0.899461 0.434724 0.915619 0.433378 0.917415 0.433378 0.91921 0.432032 0.921005 0.432032 0.922801 0.429341 0.926391 0.429341 0.928187 0.427995 0.929982 0.427995 0.931777 0.426649 0.933573 0.430686 0.928187 0.432032 0.928187 0.440108 0.917415 0.441454 0.917415 0.444145 0.913824 0.444145 0.906643 0.445491 0.904847 0.445491 0.901257 0.446837 0.899461 0.448183 0.901257 0.449529 0.901257 0.450875 0.903052 0.452221 0.903052 0.454913 0.906643 0.456258 0.906643 0.457604 0.908438 0.45895 0.908438 0.460296 0.910233 0.461642 0.908438 0.461642 0.906643 0.462988 0.904847 0.462988 0.903052 0.464334 0.901257 0.464334 0.899461 0.46568 0.897666 0.464334 0.897666 0.462988 0.895871 0.460296 0.895871 0.45895 0.894075 0.457604 0.894075 0.456258 0.89228 0.454913 0.89228 0.453567 0.890485 0.452221 0.890485 0.450875 0.888689 0.448183 0.888689 0.446837 0.886894 0.445491 0.886894 0.444145 0.885099 0.442799 0.885099 0.43607 0.876122 0.43607 0.874327 0.430686 0.867145 0.430686 0.86535 0.432032 0.863555 0.432032 0.858169 0.434724 0.854578 0.43607 0.856373 0.437416 0.856373 0.440108 0.859964 0.441454 0.859964 0.442799 0.861759 0.442799 0.856373 0.444145 0.854578 0.444145 0.852783 0.445491 0.850987 0.446837 0.852783 0.448183 0.852783 0.450875 0.856373 0.452221 0.856373 0.453567 0.858169 0.454913 0.858169 0.456258 0.859964 0.457604 0.859964 0.460296 0.863555 0.461642 0.863555 0.462988 0.86535 0.464334 0.86535 0.46568 0.867145 0.467026 0.867145 0.469717 0.870736 0.471063 0.870736 0.472409 0.872531 0.473755 0.872531 0.475101 0.874327 0.477793 0.870736 0.477793 0.868941 0.480485 0.86535 0.479139 0.86535 0.477793 0.863555 0.475101 0.863555 0.473755 0.861759 0.472409 0.861759 0.471063 0.859964 0.468371 0.859964 0.467026 0.858169 0.46568 0.858169 0.464334 0.856373 0.461642 0.856373 0.460296 0.854578 0.45895 0.854578 0.457604 0.852783 0.454913 0.852783 0.453567 0.850987 0.452221 0.850987 0.450875 0.849192 0.450875 0.847397 0.449529 0.845601 0.449529 0.840215 0.448183 0.83842 0.448183 0.836625 0.440108 0.836625 0.438762 0.834829 0.438762 0.829443 0.437416 0.827648 0.437416 0.822262 0.438762 0.820467 0.441454 0.820467 0.442799 0.822262 0.445491 0.822262 0.446837 0.824057 0.450875 0.824057 0.452221 0.825853 0.452221 0.824057 0.450875 0.822262 0.450875 0.820467 0.449529 0.818671 0.449529 0.815081 0.448183 0.813285 0.448183 0.81149 0.449529 0.809695 0.450875 0.809695 0.452221 0.807899 0.453567 0.807899 0.454913 0.806104 0.457604 0.806104 0.45895 0.804309 0.460296 0.804309 0.461642 0.802513 0.462988 0.802513 0.464334 0.800718 0.46568 0.800718 0.467026 0.798923 0.468371 0.798923 0.469717 0.797127 0.472409 0.797127 0.473755 0.795332 0.475101 0.795332 0.476447 0.793537 0.477793 0.793537 0.479139 0.791741 0.480485 0.791741 0.48183 0.789946 0.484522 0.789946 0.485868 0.788151 0.487214 0.788151 0.48856 0.786355 0.489906 0.786355 0.491252 0.78456 0.492598 0.78456 0.493943 0.782765 0.495289 0.782765 0.496635 0.780969 0.499327 0.780969 0.500673 0.779174 0.502019 0.779174 0.503365 0.780969 0.502019 0.782765 0.502019 0.78456 0.500673 0.786355 0.500673 0.788151 0.499327 0.789946 0.499327 0.791741 0.497981 0.793537 0.499327 0.795332 0.500673 0.795332 0.503365 0.798923 0.504711 0.798923 0.508748 0.804309 0.508748 0.806104 0.512786 0.81149 0.512786 0.813285 0.515478 0.816876 0.515478 0.818671 0.519515 0.824057 0.519515 0.825853 0.520861 0.827648 0.520861 0.840215 0.522207 0.842011 0.522207 0.854578 0.520861 0.856373 0.516824 0.856373 0.515478 0.854578 0.508748 0.854578 0.507402 0.852783 0.502019 0.852783 0.500673 0.850987 0.495289 0.850987 0.493943 0.849192 0.495289 0.850987 0.495289 0.852783 0.496635 0.854578 0.496635 0.856373 0.497981 0.858169 0.500673 0.858169 0.502019 0.859964 0.506057 0.859964 0.507402 0.861759 0.510094 0.861759 0.51144 0.863555 0.515478 0.863555 0.516824 0.86535 0.519515 0.86535 0.520861 0.867145 0.523553 0.867145 0.524899 0.868941 0.528937 0.868941 0.530283 0.870736 0.532974 0.870736 0.53432 0.872531 0.538358 0.872531 0.539704 0.874327 0.542396 0.874327 0.543742 0.876122 0.545087 0.874327 0.545087 0.872531 0.546433 0.870736 0.546433 0.868941 0.549125 0.86535 0.549125 0.863555 0.550471 0.861759 0.559892 0.861759 0.562584 0.86535 0.562584 0.867145 0.56393 0.868941 0.56393 0.872531 0.565276 0.874327 0.565276 0.876122 0.566622 0.877917 0.566622 0.881508 0.567968 0.883303 0.567968 0.885099 0.569314 0.886894 0.569314 0.888689 0.557201 0.904847 0.555855 0.904847 0.545087 0.91921 0.543742 0.91921 0.54105 0.915619 0.539704 0.915619 0.537012 0.912029 0.535666 0.912029 0.532974 0.908438 0.53432 0.910233 0.53432 0.912029 0.538358 0.917415 0.538358 0.91921 0.539704 0.921005 0.539704 0.922801 0.54105 0.924596 0.54105 0.929982 0.542396 0.931777 0.542396 0.935368 0.543742 0.937163 0.543742 0.942549 0.545087 0.944345 0.545087 0.947935 0.546433 0.949731 0.546433 0.955117 0.547779 0.956912 0.547779 0.958707 0.545087 0.962298 0.545087 0.964093 0.54105 0.969479 0.54105 0.971275 0.537012 0.976661 0.537012 0.978456 0.53432 0.982047 0.535666 0.983842 0.535666 0.985637 0.54105 0.978456 0.542396 0.978456 0.546433 0.97307 0.546433 0.971275 0.547779 0.969479 0.547779 0.967684 0.549125 0.965889 0.549125 0.964093 0.550471 0.962298 0.550471 0.960503 0.551817 0.958707 0.551817 0.956912 0.553163 0.955117 0.553163 0.953321 0.554509 0.951526 0.554509 0.949731 0.557201 0.94614 0.558546 0.94614 0.559892 0.947935 0.562584 0.947935 0.56393 0.949731 0.562584 0.951526 0.562584 0.953321 0.558546 0.958707 0.558546 0.960503 0.554509 0.965889 0.554509 0.967684 0.553163 0.969479 0.553163 0.971275 0.551817 0.97307 0.551817 0.978456 0.550471 0.980251 0.550471 0.982047 0.561238 0.982047 0.562584 0.983842 0.572005 0.983842 0.578735 0.992819 0.578735 0.994614 0.581427 0.998205 0.604307 0.998205 0.602961 0.996409 0.602961 0.994614 0.601615 0.992819 0.601615 0.991023 0.600269 0.989228 0.600269 0.987433 0.598923 0.985637 0.598923 0.983842 0.597577 0.982047 0.597577 0.980251 0.596231 0.978456 0.596231 0.976661 0.594886 0.974865 0.594886 0.97307 0.59354 0.971275 0.59354 0.969479 0.592194 0.967684 0.592194 0.965889 0.590848 0.964093 0.592194 0.962298 0.597577 0.962298 0.598923 0.964093 0.600269 0.964093 0.602961 0.967684 0.60969 0.958707 0.611036 0.958707 0.612382 0.960503 0.613728 0.960503 0.615074 0.962298 0.61642 0.962298 0.617766 0.964093 0.620458 0.964093 0.621803 0.965889 0.623149 0.965889 0.624495 0.967684 0.625841 0.967684 0.627187 0.969479 0.628533 0.969479 0.629879 0.971275 0.631225 0.971275 0.632571 0.97307 0.633917 0.97307 0.635262 0.974865 0.636608 0.974865 0.637954 0.976661 0.640646 0.976661 0.641992 0.978456 0.643338 0.978456 0.644684 0.980251 0.64603 0.980251 0.647376 0.982047 0.648721 0.982047 0.650067 0.983842 0.650067 0.985637 0.651413 0.987433 0.651413 0.991023 0.652759 0.992819 0.652759 0.996409 0.654105 0.998205 0.763122 0.998205 0.763122 0.996409 0.759085 0.991023 0.759085 0.989228 0.756393 0.985637 0.756393 0.983842 0.736205 0.956912 0.736205 0.955117 0.734859 0.953321 0.734859 0.951526 0.733513 0.949731 0.733513 0.947935 0.732167 0.94614 0.732167 0.944345 0.730821 0.942549 0.730821 0.940754 0.733513 0.937163 0.734859 0.937163 0.73755 0.933573 0.738896 0.933573 0.741588 0.929982 0.742934 0.929982 0.74428 0.928187 0.745626 0.928187 0.746972 0.926391 0.748318 0.926391 0.749664 0.924596 0.751009 0.924596 0.752355 0.922801 0.753701 0.922801 0.755047 0.921005 0.756393 0.921005 0.756393 0.91921 0.755047 0.917415 0.755047 0.913824 0.753701 0.912029 0.753701 0.908438 0.752355 0.906643 0.752355 0.903052 0.751009 0.901257 0.751009 0.897666 0.749664 0.895871 0.749664 0.894075 0.748318 0.894075 0.746972 0.89228 0.745626 0.89228 0.74428 0.890485 0.742934 0.890485 0.741588 0.888689 0.738896 0.888689 0.73755 0.886894 0.736205 0.886894 0.734859 0.885099 0.733513 0.885099 0.732167 0.883303 0.733513 0.881508 0.746972 0.881508 0.748318 0.883303 0.748318 0.881508 0.746972 0.879713 0.746972 0.876122 0.745626 0.874327 0.745626 0.872531 0.74428 0.870736 0.74428 0.867145 0.742934 0.86535 0.742934 0.861759 0.741588 0.859964 0.741588 0.858169 0.742934 0.856373 0.769852 0.856373 0.771198 0.858169 0.77389 0.854578 0.775236 0.854578 0.779273 0.849192 0.780619 0.849192 0.781965 0.850987 0.781965 0.856373 0.783311 0.858169 0.783311 0.868941 0.784657 0.870736 0.784657 0.872531 0.787349 0.876122 0.787349 0.877917 0.788694 0.879713 0.788694 0.877917 0.79004 0.876122 0.79004 0.874327 0.791386 0.872531 0.791386 0.868941 0.792732 0.867145 0.792732 0.86535 0.794078 0.863555 0.794078 0.861759 0.79677 0.858169 0.798116 0.858169 0.799462 0.859964 0.802153 0.859964 0.803499 0.861759 0.806191 0.861759 0.810229 0.867145 0.810229 0.868941 0.814266 0.874327 0.814266 0.876122 0.818304 0.881508 0.818304 0.883303 0.820996 0.886894 0.820996 0.885099 0.822342 0.883303 0.822342 0.879713 0.823688 0.877917 0.823688 0.876122 0.825034 0.874327 0.825034 0.872531 0.823688 0.870736 0.822342 0.870736 0.818304 0.86535 0.816958 0.86535 0.814266 0.861759 0.816958 0.858169 0.816958 0.856373 0.81965 0.852783 0.818304 0.850987 0.818304 0.849192 0.816958 0.847397 0.816958 0.845601 0.815612 0.843806 0.815612 0.842011 0.814266 0.840215 0.814266 0.83842 0.812921 0.836625 0.812921 0.831239 0.814266 0.829443 0.814266 0.824057 0.815612 0.822262 0.815612 0.816876 0.818304 0.813285 0.825034 0.813285 0.82638 0.815081 0.82638 0.81149 0.827725 0.809695 0.827725 0.802513 0.82638 0.800718 0.82638 0.795332 0.825034 0.793537 0.825034 0.788151 0.823688 0.786355 0.823688 0.780969 0.822342 0.779174 0.822342 0.773788 0.823688 0.771993 0.823688 0.770197 0.825034 0.768402 0.825034 0.764811 0.82638 0.763016 0.82638 0.761221 0.827725 0.759425 0.827725 0.750449 0.82638 0.748654 0.82638 0.741472 0.827725 0.739677 0.829071 0.739677 0.830417 0.741472 0.833109 0.741472 0.834455 0.743268 0.837147 0.743268 0.838493 0.745063 0.841184 0.745063 0.84253 0.746858 0.845222 0.746858 0.846568 0.748654 0.84926 0.748654 0.850606 0.750449 0.853297 0.750449 0.854643 0.752244 0.854643 0.748654 0.855989 0.746858 0.855989 0.745063 0.854643 0.745063 0.853297 0.743268 0.851952 0.743268 0.850606 0.741472 0.847914 0.741472 0.846568 0.739677 0.845222 0.739677 0.843876 0.737882 0.84253 0.737882 0.841184 0.736086 0.839838 0.736086 0.838493 0.734291 0.837147 0.734291 0.835801 0.732496 0.833109 0.732496 0.831763 0.7307 0.830417 0.7307 0.829071 0.728905 0.827725 0.728905 0.82638 0.72711 0.825034 0.72711 0.823688 0.725314 0.822342 0.725314 0.820996 0.723519 0.818304 0.723519 0.816958 0.721724 0.815612 0.721724 0.814266 0.719928 0.812921 0.719928 0.811575 0.718133 0.810229 0.718133 0.808883 0.716338 0.807537 0.716338 0.806191 0.714542 0.803499 0.714542 0.802153 0.712747 0.800808 0.712747 0.799462 0.710952 0.798116 0.710952 0.79677 0.709156 0.792732 0.709156 0.791386 0.707361 0.788694 0.707361 0.787349 0.705566 0.783311 0.705566 0.781965 0.70377 0.777927 0.70377 0.776581 0.701975 0.77389 0.701975 0.772544 0.70018 0.768506 0.70018 0.76716 0.698384 0.763122 0.698384 0.761777 0.696589 0.759085 0.696589 0.757739 0.694794 0.753701 0.694794 0.752355 0.692998 0.752355 0.684022 0.753701 0.682226 0.753701 0.675045 0.755047 0.67325 0.780619 0.67325 0.786003 0.680431 0.788694 0.680431 0.79004 0.682226 0.791386 0.682226 0.792732 0.684022 0.795424 0.684022 0.79677 0.685817 0.798116 0.684022 0.800808 0.684022 0.802153 0.682226 0.803499 0.682226 0.804845 0.680431 0.811575 0.680431 0.812921 0.682226 0.816958 0.682226 0.818304 0.684022 0.820996 0.684022 0.822342 0.685817 0.82638 0.685817 0.827725 0.687612 0.827725 0.680431 0.825034 0.680431 0.823688 0.678636 0.822342 0.678636 0.820996 0.67684 0.818304 0.67684 0.816958 0.675045 0.815612 0.675045 0.814266 0.67325 0.811575 0.67325 0.810229 0.671454 0.808883 0.67325 0.807537 0.67325 0.806191 0.675045 0.804845 0.675045 0.803499 0.67684 0.800808 0.67684 0.799462 0.678636 0.798116 0.678636 0.795424 0.675045 0.794078 0.675045 0.788694 0.667864 0.79004 0.666068 0.791386 0.666068 0.792732 0.664273 0.794078 0.664273 0.795424 0.662478 0.79677 0.662478 0.798116 0.660682 0.800808 0.660682 0.802153 0.658887 0.804845 0.658887 0.806191 0.657092 0.808883 0.657092 0.810229 0.655296 0.82638 0.655296 0.827725 0.653501 0.827725 0.651706 0.829071 0.64991 0.829071 0.648115 0.831763 0.644524 0.831763 0.642729 0.833109 0.640934 0.834455 0.640934 0.835801 0.642729 0.838493 0.642729 0.839838 0.644524 0.841184 0.644524 0.84253 0.64632 0.843876 0.64632 0.845222 0.648115 0.847914 0.648115 0.84926 0.64991 0.850606 0.64991 0.851952 0.651706 0.851952 0.64991 0.853297 0.648115 0.853297 0.64632 0.854643 0.644524 0.854643 0.642729 0.855989 0.640934 0.854643 0.639138 0.853297 0.639138 0.850606 0.635548 0.84926 0.635548 0.846568 0.631957 0.845222 0.631957 0.841184 0.626571 0.841184 0.624776 0.838493 0.621185 0.838493 0.61939 0.837147 0.617594 0.837147 0.615799 0.838493 0.614004 0.847914 0.614004 0.84926 0.612208 0.854643 0.612208 0.855989 0.610413 0.862719 0.610413 0.862719 0.590664 0.864065 0.588869 0.880215 0.588869 0.877524 0.585278 0.877524 0.583483 0.873486 0.578097 0.873486 0.576302 0.87214 0.574506 0.870794 0.574506 0.869448 0.572711 0.868102 0.572711 0.86541 0.56912 0.864065 0.56912 0.861373 0.56553 0.860027 0.56553 0.855989 0.560144 0.854643 0.560144 0.850606 0.554758 0.84926 0.554758 0.845222 0.549372 0.845222 0.547576 0.843876 0.545781 0.843876 0.543986 0.84253 0.54219 0.84253 0.540395 0.841184 0.5386 0.839838 0.5386 0.837147 0.535009 0.835801 0.535009 0.833109 0.531418 0.830417 0.531418 0.829071 0.529623 0.825034 0.529623 0.823688 0.527828 0.820996 0.527828 0.81965 0.526032 0.816958 0.526032 0.815612 0.524237 0.811575 0.524237 0.810229 0.522442 0.807537 0.522442 0.806191 0.520646 0.804845 0.522442 0.800808 0.522442 0.799462 0.524237 0.795424 0.524237 0.794078 0.526032 0.791386 0.526032 0.79004 0.527828 0.786003 0.527828 0.784657 0.529623 0.780619 0.529623 0.777927 0.533214 0.777927 0.535009 0.771198 0.543986 0.771198 0.545781 0.76716 0.551167 0.760431 0.551167 0.759085 0.552962 0.752355 0.552962 0.751009 0.554758 0.74428 0.554758 0.742934 0.556553 0.736205 0.556553 0.734859 0.558348 0.728129 0.558348 0.726783 0.560144 0.720054 0.560144 0.718708 0.561939 0.658143 0.561939 0.658143 0.563734 0.656797 0.56553 0.656797 0.567325 0.655451 0.56912 0.655451 0.570916 0.710633 0.570916 0.711978 0.572711 0.711978 0.579892 0.713324 0.579892 0.716016 0.583483 0.717362 0.583483 0.720054 0.587074 0.7214 0.587074 0.722746 0.588869 0.724092 0.587074 0.728129 0.587074 0.729475 0.585278 0.733513 0.585278 0.733513 0.583483 0.732167 0.581688 0.732167 0.579892 0.730821 0.578097 0.730821 0.576302 0.729475 0.574506 0.729475 0.572711 0.728129 0.570916 0.729475 0.56912 0.759085 0.56912 0.760431 0.570916 0.756393 0.576302 0.755047 0.576302 0.749664 0.583483 0.748318 0.583483 0.742934 0.590664 0.741588 0.590664 0.73755 0.59605 0.736205 0.59605 0.732167 0.601436 0.730821 0.601436 0.729475 0.603232 0.71467 0.603232 0.713324 0.601436 0.711978 0.603232 0.706595 0.603232 0.705249 0.605027 0.699865 0.605027 0.69852 0.606822 0.694482 0.606822 0.693136 0.608618 0.689098 0.608618 0.687752 0.610413 0.683715 0.610413 0.685061 0.610413 0.686406 0.612208 0.687752 0.612208 0.690444 0.615799 0.69179 0.615799 0.693136 0.617594 0.694482 0.617594 0.695828 0.61939 0.697174 0.61939 0.699865 0.62298 0.701211 0.62298 0.702557 0.624776 0.703903 0.624776 0.705249 0.626571 0.703903 0.628366 0.693136 0.628366 0.69179 0.630162 0.689098 0.630162 0.687752 0.631957 0.683715 0.631957 0.682369 0.633752 0.679677 0.633752 0.678331 0.635548 0.674293 0.635548 0.672948 0.637343 0.670256 0.637343 0.66891 0.639138 0.664872 0.639138 0.663526 0.640934 0.660834 0.640934 0.659489 0.642729 0.656797 0.642729 0.655451 0.644524 0.652759 0.644524 0.651413 0.64632 0.650067 0.64632 0.648721 0.648115 0.64603 0.648115 0.644684 0.64991 0.641992 0.64991 0.640646 0.651706 0.637954 0.651706 0.636608 0.653501 0.633917 0.653501 0.632571 0.655296 0.629879 0.655296 0.628533 0.657092 0.627187 0.657092 0.625841 0.658887 0.623149 0.658887 0.621803 0.660682 0.619112 0.660682 0.612382 0.669659 0.611036 0.669659 0.606999 0.675045 0.608345 0.675045 0.611036 0.678636 0.612382 0.678636 0.615074 0.682226 0.61642 0.682226 0.619112 0.685817 0.620458 0.685817 0.623149 0.689408 0.624495 0.689408 0.627187 0.692998 0.628533 0.692998 0.629879 0.694794 0.632571 0.694794 0.633917 0.696589 0.636608 0.696589 0.637954 0.698384 0.640646 0.698384 0.641992 0.70018 0.644684 0.70018 0.64603 0.701975 0.648721 0.701975 0.650067 0.70377 0.652759 0.70377 0.654105 0.705566 0.672948 0.705566 0.693136 0.732496 0.693136 0.739677 0.69179 0.741472 0.69179 0.746858 0.690444 0.748654 0.686406 0.748654 0.685061 0.750449 0.679677 0.750449 0.678331 0.752244 0.674293 0.752244 0.672948 0.754039 0.667564 0.754039 0.666218 0.755835 0.66218 0.755835 0.659489 0.759425 0.658143 0.759425 0.652759 0.766607 0.651413 0.766607 0.64603 0.773788 0.644684 0.773788 0.6393 0.780969 0.637954 0.780969 0.635262 0.78456 0.635262 0.786355 0.633917 0.788151 0.633917 0.789946 0.632571 0.791741 0.632571 0.793537 0.631225 0.795332 0.631225 0.797127 0.629879 0.798923 0.629879 0.800718 0.623149 0.809695 0.623149 0.81149 0.617766 0.818671 0.620458 0.822262 0.620458 0.824057 0.624495 0.829443 0.624495 0.831239 0.628533 0.836625 0.628533 0.83842 0.632571 0.843806 0.632571 0.845601 0.633917 0.847397 0.6393 0.847397 0.640646 0.849192 0.644684 0.849192 0.64603 0.850987 0.651413 0.850987 0.652759 0.852783 0.654105 0.850987 0.667564 0.850987 0.66891 0.849192 0.679677 0.849192 0.681023 0.847397 0.690444 0.847397 0.69179 0.849192 0.690444 0.850987 0.690444 0.854578 0.689098 0.856373 0.689098 0.858169 0.687752 0.859964 0.687752 0.861759 0.683715 0.867145 0.682369 0.867145 0.676985 0.874327 0.675639 0.874327 0.670256 0.881508 0.66891 0.881508 0.667564 0.883303 0.655451 0.883303 0.651413 0.877917 0.650067 0.877917 0.644684 0.870736 0.644684 0.885099 0.637954 0.894075 0.637954 0.895871 0.629879 0.906643 0.632571 0.906643 0.633917 0.908438 0.636608 0.908438 0.637954 0.910233 0.641992 0.910233 0.643338 0.912029 0.64603 0.912029 0.647376 0.913824 0.650067 0.913824 0.651413 0.915619 0.643338 0.926391 0.641992 0.924596 0.640646 0.924596 0.635262 0.917415 0.633917 0.917415 0.628533 0.910233 0.627187 0.910233 0.621803 0.903052 0.620458 0.903052 0.615074 0.895871 0.613728 0.895871 0.605653 0.885099 0.605653 0.883303 0.601615 0.877917 0.605653 0.872531 0.606999 0.872531 0.612382 0.86535 0.613728 0.86535 0.615074 0.863555 0.612382 0.863555 0.611036 0.861759 0.608345 0.861759 0.606999 0.859964 0.604307 0.859964 0.602961 0.858169 0.602961 0.854578 0.601615 0.852783 0.601615 0.845601 0.600269 0.843806 0.600269 0.840215 0.597577 0.836625 0.596231 0.836625 0.590848 0.829443 0.590848 0.834829 0.589502 0.836625 0.589502 0.845601 0.588156 0.847397 0.588156 0.849192 0.58681 0.850987 0.585464 0.850987 0.582773 0.847397 0.581427 0.847397 0.578735 0.843806 0.577389 0.843806 0.565276 0.827648 0.565276 0.825853 0.557201 0.815081 0.56393 0.806104 0.562584 0.804309 0.562584 0.802513 0.561238 0.800718 0.561238 0.798923 0.555855 0.806104 0.550471 0.806104 0.549125 0.804309 0.545087 0.804309 0.543742 0.802513 0.543742 0.800718 0.542396 0.798923 0.542396 0.797127 0.54105 0.795332 0.54105 0.793537 0.539704 0.791741 0.539704 0.788151 0.538358 0.786355 0.538358 0.78456 0.537012 0.782765 0.537012 0.780969 0.538358 0.779174 0.539704 0.779174 0.54105 0.777379 0.543742 0.777379 0.545087 0.775583 0.546433 0.775583 0.546433 0.770197 0.547779 0.768402 0.547779 0.763016 0.546433 0.763016 0.543742 0.759425 0.542396 0.759425 0.539704 0.755835 0.538358 0.755835 0.537012 0.754039 0.535666 0.754039 0.532974 0.750449 0.531629 0.750449 0.530283 0.748654 0.528937 0.748654 0.526245 0.745063 0.524899 0.745063 0.522207 0.741472 0.520861 0.741472 0.519515 0.739677 0.51817 0.739677 0.516824 0.737882 0.515478 0.737882 0.514132 0.736086 0.512786 0.736086 0.51144 0.734291 0.510094 0.734291 0.508748 0.732496 0.506057 0.732496 0.504711 0.7307 0.503365 0.7307 0.502019 0.728905 0.500673 0.728905 0.499327 0.72711 0.497981 0.72711 0.496635 0.725314 0.495289 0.725314 0.493943 0.723519 0.492598 0.723519 0.491252 0.721724 0.489906 0.723519 0.484522 0.723519 0.484522 0.725314 0.485868 0.72711 0.485868 0.7307 0.487214 0.732496 0.487214 0.734291 0.48856 0.736086 0.48856 0.739677 0.489906 0.741472 0.489906 0.743268 0.48856 0.745063 0.48856 0.746858 0.484522 0.752244 0.484522 0.754039 0.48183 0.75763 0.483176 0.755835 0.502019 0.755835 0.507402 0.763016 0.506057 0.764811 0.491252 0.764811 0.489906 0.766607 0.473755 0.766607 0.48183 0.766607 0.483176 0.768402 0.491252 0.768402 0.492598 0.770197 0.500673 0.770197 0.502019 0.771993 0.500673 0.773788 0.499327 0.773788 0.497981 0.775583 0.495289 0.775583 0.493943 0.777379 0.492598 0.777379 0.491252 0.779174 0.489906 0.779174 0.48856 0.780969 0.487214 0.780969 0.485868 0.782765 0.483176 0.782765 0.48183 0.78456 0.480485 0.78456 0.479139 0.786355 0.477793 0.786355 0.476447 0.788151 0.475101 0.788151 0.473755 0.789946 0.471063 0.789946 0.469717 0.791741 0.468371 0.791741 0.467026 0.793537 0.46568 0.793537 0.464334 0.795332 0.462988 0.795332 0.461642 0.797127 0.45895 0.797127 0.457604 0.798923 0.456258 0.798923 0.454913 0.800718 0.453567 0.800718 0.452221 0.802513 0.450875 0.802513 0.449529 0.804309 0.446837 0.804309 0.445491 0.806104 0.441454 0.806104 0.440108 0.804309 0.437416 0.804309 0.43607 0.802513 0.434724 0.802513 0.433378 0.800718 0.430686 0.800718 0.427995 0.797127 0.430686 0.793537 0.432032 0.793537 0.433378 0.791741 0.433378 0.789946 0.432032 0.788151 0.432032 0.78456 0.430686 0.782765 0.430686 0.777379 0.429341 0.775583 0.429341 0.770197 0.430686 0.768402 0.430686 0.766607 0.434724 0.761221 0.43607 0.761221 0.437416 0.759425 0.437416 0.752244 0.43607 0.750449 0.43607 0.743268 0.434724 0.741472 0.434724 0.739677 0.432032 0.736086 0.432032 0.734291 0.430686 0.732496 0.429341 0.734291 0.425303 0.734291 0.423957 0.736086 0.418573 0.736086 0.417227 0.737882 0.41319 0.737882 0.411844 0.739677 0.40646 0.739677 0.405114 0.741472 0.395693 0.741472 0.394347 0.739677 0.382234 0.739677 0.379542 0.736086 0.378197 0.736086 0.374159 0.7307 0.374159 0.728905 0.370121 0.723519 0.370121 0.721724 0.364738 0.714542 0.364738 0.712747 0.362046 0.709156 0.363392 0.707361 0.364738 0.707361 0.367429 0.70377 0.368775 0.70377 0.370121 0.701975 0.371467 0.701975 0.372813 0.70018 0.374159 0.70018 0.376851 0.696589 0.378197 0.696589 0.379542 0.694794 0.380888 0.694794 0.382234 0.692998 0.38358 0.692998 0.386272 0.689408 0.387618 0.689408 0.388964 0.687612 0.39031 0.687612 0.391655 0.685817 0.393001 0.685817 0.395693 0.682226 0.397039 0.682226 0.391655 0.682226 0.39031 0.684022 0.382234 0.684022 0.380888 0.685817 0.378197 0.685817 0.376851 0.684022 0.378197 0.682226 0.379542 0.682226 0.380888 0.680431 0.382234 0.680431 0.38358 0.678636 0.384926 0.678636 0.386272 0.67684 0.387618 0.67684 0.388964 0.675045 0.39031 0.675045 0.391655 0.67325 0.393001 0.67325 0.394347 0.671454 0.395693 0.671454 0.397039 0.669659 0.398385 0.669659 0.399731 0.667864 0.401077 0.667864 0.402423 0.666068 0.403769 0.666068 0.40646 0.662478 0.407806 0.662478 0.409152 0.660682 0.410498 0.660682 0.411844 0.658887 0.41319 0.658887 0.415882 0.655296 0.417227 0.655296 0.418573 0.653501 0.419919 0.653501 0.421265 0.651706 0.422611 0.651706 0.425303 0.648115 0.426649 0.648115 0.427995 0.64632 0.429341 0.64632 0.430686 0.644524 0.432032 0.644524 0.434724 0.640934 0.43607 0.640934 0.437416 0.639138 0.438762 0.639138 0.441454 0.635548 0.442799 0.635548 0.444145 0.633752 0.445491 0.633752 0.446837 0.631957 0.448183 0.631957 0.450875 0.628366 0.452221 0.628366 0.453567 0.626571 0.454913 0.626571 0.456258 0.624776 0.457604 0.624776 0.460296 0.621185 0.461642 0.621185 0.462988 0.61939 0.464334 0.61939 0.46568 0.617594 0.467026 0.617594 0.469717 0.614004 0.477793 0.614004 0.479139 0.612208 0.480485 0.612208 0.48183 0.610413 0.483176 0.610413 0.484522 0.608618 0.485868 0.608618 0.487214 0.606822 0.489906 0.606822 0.491252 0.605027 0.492598 0.605027 0.493943 0.603232 0.495289 0.603232 0.495289 0.601436 0.496635 0.599641 0.496635 0.59605 0.497981 0.594255 0.497981 0.59246 0.499327 0.590664 0.500673 0.590664 0.503365 0.594255 0.503365 0.59605 0.512786 0.608618 0.512786 0.610413 0.516824 0.615799 0.516824 0.608618 0.51817 0.606822 0.51817 0.601436 0.519515 0.599641 0.528937 0.599641 0.530283 0.597846 0.53432 0.597846 0.535666 0.59605 0.54105 0.59605 0.542396 0.594255 0.546433 0.594255 0.545087 0.594255 0.543742 0.59246 0.542396 0.59246 0.54105 0.590664 0.539704 0.590664 0.538358 0.588869 0.537012 0.588869 0.53432 0.585278 0.532974 0.585278 0.531629 0.583483 0.530283 0.583483 0.528937 0.581688 0.527591 0.581688 0.526245 0.579892 0.526245 0.572711 0.527591 0.570916 0.528937 0.572711 0.531629 0.572711 0.532974 0.574506 0.53432 0.574506 0.535666 0.576302 0.537012 0.576302 0.54105 0.581688 0.542396 0.581688 0.547779 0.588869 0.549125 0.588869 0.553163 0.594255 0.553163 0.59246 0.551817 0.590664 0.551817 0.588869 0.550471 0.587074 0.550471 0.585278 0.549125 0.583483 0.549125 0.581688 0.547779 0.579892 0.547779 0.578097 0.546433 0.578097 0.545087 0.576302 0.542396 0.576302 0.54105 0.574506 0.539704 0.574506 0.538358 0.572711 0.537012 0.572711 0.535666 0.570916 0.53432 0.570916 0.532974 0.56912 0.530283 0.56912 0.528937 0.567325 0.527591 0.567325 0.524899 0.563734 0.524899 0.561939 0.520861 0.556553 0.520861 0.554758 0.519515 0.552962 0.520861 0.551167 0.524899 0.551167 0.526245 0.549372 0.528937 0.549372 0.530283 0.547576 0.53432 0.547576 0.53432 0.54219 0.532974 0.543986 0.528937 0.543986 0.527591 0.545781 0.522207 0.545781 0.520861 0.547576 0.516824 0.547576 0.515478 0.549372 0.51144 0.549372 0.510094 0.547576 0.510094 0.54219 0.507402 0.5386 0.507402 0.536804 0.503365 0.531418 0.503365 0.529623 0.502019 0.527828 0.506057 0.522442 0.507402 0.522442 0.51144 0.517056 0.51817 0.517056 0.519515 0.518851 0.519515 0.522442 0.520861 0.524237 0.520861 0.531418 0.522207 0.531418 0.524899 0.535009 0.524899 0.531418 0.526245 0.529623 0.526245 0.522442 0.527591 0.520646 0.527591 0.482944 0.528937 0.481149 0.538358 0.481149 0.539704 0.482944 0.54105 0.481149 0.542396 0.481149 0.543742 0.479354 0.545087 0.479354 0.546433 0.477558 0.547779 0.477558 0.549125 0.475763 0.550471 0.475763 0.553163 0.472172 0.554509 0.472172 0.555855 0.470377 0.557201 0.470377 0.558546 0.468582 0.559892 0.468582 0.561238 0.466786 0.562584 0.466786 0.56393 0.468582 0.565276 0.468582 0.569314 0.473968 0.570659 0.473968 0.573351 0.477558 0.574697 0.477558 0.578735 0.482944 0.580081 0.482944 0.582773 0.486535 0.584118 0.486535 0.585464 0.48833 0.58681 0.48833 0.588156 0.490126 0.589502 0.490126 0.592194 0.493716 0.59354 0.493716 0.594886 0.495512 0.596231 0.495512 0.597577 0.497307 0.598923 0.497307 0.600269 0.499102 0.600269 0.486535 0.598923 0.486535 0.597577 0.48474 0.596231 0.48474 0.594886 0.482944 0.59354 0.482944 0.592194 0.481149 0.590848 0.481149 0.589502 0.479354 0.588156 0.479354 0.58681 0.477558 0.584118 0.477558 0.582773 0.475763 0.581427 0.475763 0.580081 0.473968 0.578735 0.473968 0.577389 0.472172 0.576043 0.472172 0.574697 0.470377 0.573351 0.470377 0.572005 0.468582 0.570659 0.468582 0.569314 0.466786 0.567968 0.466786 0.566622 0.464991 0.566622 0.459605 0.565276 0.45781 0.565276 0.450628 0.566622 0.448833 0.567968 0.448833 0.569314 0.447038 0.570659 0.447038 0.572005 0.445242 0.573351 0.445242 0.574697 0.443447 0.577389 0.443447 0.578735 0.441652 0.580081 0.441652 0.581427 0.439856 0.582773 0.439856 0.584118 0.438061 0.585464 0.438061 0.58681 0.436266 0.588156 0.436266 0.589502 0.43447 0.590848 0.43447 0.592194 0.432675 0.59354 0.432675 0.594886 0.43088 0.596231 0.43088 0.597577 0.429084 0.600269 0.429084 0.601615 0.427289 0.602961 0.427289 0.604307 0.425494 0.605653 0.425494 0.606999 0.423698 0.60969 0.423698 0.611036 0.425494 0.612382 0.425494 0.615074 0.429084 0.61642 0.429084 0.617766 0.43088 0.620458 0.427289 0.621803 0.427289 0.624495 0.423698 0.625841 0.423698 0.629879 0.418312 0.631225 0.418312 0.633917 0.414722 0.635262 0.414722 0.636608 0.412926 0.652759 0.412926 0.654105 0.414722 0.654105 0.396768 0.652759 0.394973 0.652759 0.384201 0.654105 0.382406 0.676985 0.382406 0.678331 0.38061 0.685061 0.38061 0.686406 0.378815 0.693136 0.378815 0.694482 0.37702 0.701211 0.37702 0.702557 0.375224 0.707941 0.375224 0.709287 0.373429 0.716016 0.373429 0.717362 0.371634 0.724092 0.371634 0.725437 0.369838 0.771198 0.369838 0.772544 0.371634 0.779273 0.371634 0.780619 0.373429 0.787349 0.373429 0.788694 0.375224 0.795424 0.375224 0.79677 0.37702 0.803499 0.37702 0.804845 0.378815 0.804845 0.371634 0.803499 0.371634 0.800808 0.368043 0.799462 0.368043 0.798116 0.366248 0.79677 0.366248 0.794078 0.362657 0.792732 0.362657 0.791386 0.360862 0.792732 0.359066 0.803499 0.359066 0.804845 0.357271 0.815612 0.357271 0.816958 0.355476 0.820996 0.355476 0.822342 0.35368 0.82638 0.35368 0.827725 0.351885 0.831763 0.351885 0.833109 0.35009 0.837147 0.35009 0.838493 0.348294 0.893674 0.348294 0.89502 0.346499 0.897712 0.346499 0.899058 0.344704 0.900404 0.344704 0.90175 0.342908 0.904441 0.342908 0.905787 0.341113 0.907133 0.341113 0.908479 0.339318 0.909825 0.339318 0.911171 0.341113 0.911171 0.344704 0.909825 0.346499 0.909825 0.351885 0.899058 0.366248 0.900404 0.368043 0.90175 0.368043 0.904441 0.371634 0.904441 0.373429 0.903096 0.375224 0.903096 0.37702 0.90175 0.378815 0.90175 0.38061 0.900404 0.382406 0.900404 0.384201 0.899058 0.385996 0.893674 0.378815 0.892328 0.378815 0.884253 0.368043 0.881561 0.371634 0.880215 0.371634 0.881561 0.373429 0.881561 0.375224 0.885599 0.38061 0.885599 0.382406 0.889637 0.387792 0.889637 0.389587 0.888291 0.391382 0.882907 0.391382 0.882907 0.393178 0.881561 0.394973 0.881561 0.396768 0.882907 0.398564 0.882907 0.400359 0.884253 0.402154 0.884253 0.40395 0.885599 0.405745 0.885599 0.40754 0.886945 0.409336 0.886945 0.411131 0.888291 0.412926 0.888291 0.414722 0.889637 0.416517 0.890983 0.416517 0.892328 0.418312 0.89502 0.418312 0.896366 0.420108 0.897712 0.420108 0.899058 0.421903 0.90175 0.421903 0.903096 0.423698 0.904441 0.423698 0.905787 0.425494 0.908479 0.425494 0.909825 0.427289 0.911171 0.427289 0.9179 0.436266 0.916555 0.438061 0.909825 0.438061 0.908479 0.439856 0.900404 0.439856 0.899058 0.441652 0.892328 0.441652 0.892328 0.445242 0.893674 0.443447 0.900404 0.443447 0.90175 0.441652 0.907133 0.441652 0.908479 0.439856 0.916555 0.439856 0.919246 0.443447 0.920592 0.443447 0.923284 0.447038 0.92463 0.447038 0.925976 0.448833 0.927322 0.448833 0.928668 0.450628 0.930013 0.450628 0.931359 0.452424 0.932705 0.452424 0.934051 0.454219 0.935397 0.452424 0.935397 0.450628 0.938089 0.447038 0.938089 0.445242 0.939435 0.443447 0.940781 0.443447 0.942127 0.445242 0.943472 0.445242 0.944818 0.447038 0.94751 0.447038 0.948856 0.448833 0.950202 0.448833 0.951548 0.450628 0.952894 0.450628 0.95424 0.452424 0.955585 0.450628 0.958277 0.450628 0.959623 0.448833 0.963661 0.448833 0.962315 0.447038 0.962315 0.445242 0.958277 0.439856 0.958277 0.438061 0.955585 0.43447 0.955585 0.432675 0.95424 0.43088 0.942127 0.43088 0.940781 0.429084 0.939435 0.429084 0.938089 0.427289 0.935397 0.427289 0.934051 0.425494 0.932705 0.425494 0.931359 0.423698 0.931359 0.405745 0.930013 0.40395 0.930013 0.400359 0.928668 0.398564 0.928668 0.394973 0.927322 0.393178 0.927322 0.389587 0.925976 0.387792 0.925976 0.385996 0.92463 0.385996 0.923284 0.384201 0.921938 0.384201 0.919246 0.38061 0.9179 0.38061 0.916555 0.378815 0.915209 0.378815 0.913863 0.37702 0.913863 0.371634 0.915209 0.369838 0.915209 0.360862 0.916555 0.359066 0.916555 0.355476 0.919246 0.351885 0.919246 0.35009 0.925976 0.341113 0.927322 0.341113 0.930013 0.337522 0.931359 0.337522 0.932705 0.335727 0.930013 0.335727 0.928668 0.333932 0.927322 0.333932 0.925976 0.332136 0.923284 0.332136 0.921938 0.330341 0.904441 0.330341 0.903096 0.328546 0.90175 0.328546 0.899058 0.324955 0.897712 0.324955 0.893674 0.319569 0.893674 0.317774 0.892328 0.315978 0.892328 0.314183 0.890983 0.312388 0.890983 0.310592 0.889637 0.308797 0.889637 0.307002 0.888291 0.305206 0.888291 0.303411 0.886945 0.301616 0.886945 0.29982 0.885599 0.298025 0.885599 0.29623 0.884253 0.294434 0.884253 0.292639 0.884253 0.294434 0.882907 0.29623 0.882907 0.298025 0.881561 0.29982 0.881561 0.301616 0.880215 0.303411 0.874832 0.303411 0.873486 0.301616 0.861373 0.301616 0.860027 0.303411 0.850606 0.303411 0.84926 0.301616 0.850606 0.29982 0.850606 0.294434 0.851952 0.292639 0.851952 0.290844 0.847914 0.290844 0.847914 0.292639 0.846568 0.294434 0.846568 0.298025 0.845222 0.29982 0.845222 0.303411 0.84253 0.307002 0.827725 0.307002 0.82638 0.305206 0.825034 0.307002 0.81965 0.307002 0.818304 0.305206 0.81965 0.303411 0.81965 0.29982 0.820996 0.298025 0.820996 0.294434 0.822342 0.292639 0.822342 0.289048 0.823688 0.287253 0.823688 0.283662 0.825034 0.281867 0.825034 0.280072 0.82638 0.278276 0.827725 0.278276 0.829071 0.276481 0.831763 0.276481 0.831763 0.274686 0.833109 0.27289 0.833109 0.271095 0.834455 0.2693 0.829071 0.2693 0.827725 0.267504 0.827725 0.260323 0.82638 0.258528 0.82638 0.249551 0.827725 0.247756 0.831763 0.247756 0.833109 0.245961 0.835801 0.245961 0.837147 0.244165 0.841184 0.244165 0.841184 0.24237 0.839838 0.240575 0.839838 0.238779 0.835801 0.238779 0.834455 0.236984 0.829071 0.236984 0.827725 0.235189 0.823688 0.235189 0.822342 0.233393 0.818304 0.233393 0.816958 0.231598 0.815612 0.233393 0.808883 0.233393 0.807537 0.235189 0.803499 0.235189 0.802153 0.233393 0.808883 0.224417 0.810229 0.224417 0.816958 0.21544 0.810229 0.21544 0.798116 0.231598 0.79677 0.229803 0.795424 0.229803 0.792732 0.226212 0.792732 0.219031 0.791386 0.217235 0.791386 0.208259 0.79004 0.210054 0.788694 0.210054 0.787349 0.211849 0.784657 0.211849 0.783311 0.213645 0.781965 0.213645 0.780619 0.21544 0.772544 0.21544 0.771198 0.213645 0.76716 0.213645 0.765814 0.211849 0.764468 0.213645 0.760431 0.213645 0.759085 0.21544 0.756393 0.21544 0.755047 0.217235 0.751009 0.217235 0.748318 0.213645 0.748318 0.211849 0.746972 0.210054 0.73755 0.210054 0.736205 0.208259 0.716016 0.208259 0.71467 0.206463 0.713324 0.206463 0.710633 0.202873 0.709287 0.202873 0.707941 0.201077 0.706595 0.201077 0.705249 0.199282 0.703903 0.201077 0.701211 0.201077 0.699865 0.202873 0.695828 0.202873 0.694482 0.204668 0.69179 0.204668 0.690444 0.206463 0.686406 0.206463 0.685061 0.208259 0.679677 0.208259 0.675639 0.213645 0.674293 0.213645 0.671602 0.217235 0.693136 0.217235 0.694482 0.219031 0.694482 0.220826 0.69179 0.224417 0.695828 0.229803 0.695828 0.231598 0.69852 0.235189 0.697174 0.236984 0.656797 0.236984 0.655451 0.235189 0.640646 0.235189 0.6393 0.233393 0.637954 0.235189 0.635262 0.235189 0.633917 0.236984 0.629879 0.236984 0.628533 0.238779 0.625841 0.238779 0.624495 0.240575 0.617766 0.240575 0.61642 0.238779 0.613728 0.238779 0.612382 0.236984 0.60969 0.236984 0.608345 0.235189 0.596231 0.235189 0.594886 0.233393 0.59354 0.235189 0.590848 0.235189 0.589502 0.236984 0.58681 0.236984 0.585464 0.238779 0.581427 0.238779 0.580081 0.240575 0.56393 0.240575 0.562584 0.238779 0.550471 0.238779 0.549125 0.236984 0.547779 0.238779 0.546433 0.238779 0.545087 0.240575 0.542396 0.240575 0.54105 0.24237 0.539704 0.24237 0.538358 0.244165 0.535666 0.244165 0.53432 0.245961 0.516824 0.245961 0.515478 0.244165 0.51144 0.244165 0.510094 0.24237 0.506057 0.24237 0.504711 0.240575 0.500673 0.240575 0.499327 0.238779 0.497981 0.240575 0.48183 0.240575 0.480485 0.238779 0.479139 0.238779 0.477793 0.236984 0.479139 0.235189 0.493943 0.235189 0.495289 0.233393 0.51144 0.233393 0.512786 0.231598 0.550471 0.231598 0.551817 0.233393 0.553163 0.231598 0.555855 0.231598 0.557201 0.229803 0.561238 0.229803 0.562584 0.228007 0.565276 0.228007 0.566622 0.226212 0.581427 0.226212 0.582773 0.224417 0.597577 0.224417 0.598923 0.222621 0.612382 0.222621 0.613728 0.220826 0.628533 0.220826 0.629879 0.219031 0.644684 0.219031 0.64603 0.217235 0.660834 0.217235 0.66218 0.21544 0.663526 0.21544 0.666218 0.211849 0.667564 0.211849 0.666218 0.210054 0.664872 0.210054 0.66218 0.206463 0.663526 0.204668 0.66891 0.204668 0.670256 0.202873 0.670256 0.201077 0.671602 0.199282 0.671602 0.195691 0.672948 0.193896 0.672948 0.190305 0.650067 0.190305 0.648721 0.18851 0.627187 0.18851 0.625841 0.186715 0.625841 0.193896 0.654105 0.193896 0.655451 0.195691 0.654105 0.197487 0.651413 0.197487 0.650067 0.199282 0.64603 0.199282 0.644684 0.201077 0.641992 0.201077 0.643338 0.202873 0.643338 0.204668 0.644684 0.206463 0.644684 0.208259 0.64603 0.210054 0.644684 0.211849 0.641992 0.211849 0.640646 0.213645 0.633917 0.213645 0.632571 0.211849 0.629879 0.211849 0.628533 0.210054 0.627187 0.210054 0.625841 0.208259 0.623149 0.208259 0.621803 0.206463 0.619112 0.206463 0.617766 0.204668 0.600269 0.204668 0.598923 0.206463 0.594886 0.206463 0.59354 0.208259 0.589502 0.208259 0.588156 0.210054 0.546433 0.210054 0.545087 0.211849 0.522207 0.211849 0.520861 0.213645 0.508748 0.213645 0.507402 0.211849 0.503365 0.211849 0.502019 0.210054 0.497981 0.210054 0.496635 0.208259 0.492598 0.208259 0.491252 0.206463 0.48856 0.206463 0.487214 0.204668 0.483176 0.204668 0.48183 0.202873 0.480485 0.204668 0.475101 0.204668 0.473755 0.206463 0.464334 0.206463 0.462988 0.204668 0.460296 0.204668 0.45895 0.202873 0.457604 0.202873 0.456258 0.201077 0.453567 0.201077 0.452221 0.199282 0.450875 0.201077 0.449529 0.201077 0.446837 0.204668 0.445491 0.204668 0.444145 0.206463 0.442799 0.206463 0.440108 0.202873 0.440108 0.201077 0.438762 0.199282 0.43607 0.199282 0.434724 0.197487 0.432032 0.197487 0.430686 0.195691 0.427995 0.195691 0.426649 0.193896 0.429341 0.190305 0.429341 0.18851 0.433378 0.183124 0.426649 0.183124 0.425303 0.181329 0.417227 0.181329 0.415882 0.179533 0.409152 0.179533 0.407806 0.177738 0.401077 0.177738
