0 0.808883 0.655296 0.807537 0.657092 0.800808 0.657092 0.800808 0.658887 0.802153 0.660682 0.802153 0.662478 0.808883 0.662478
0 0.0821 0.640934 0.078062 0.64632 0.076716 0.64632 0.07537 0.648115 0.076716 0.648115 0.079408 0.651706 0.080754 0.651706 0.0821 0.653501 0.083445 0.651706 0.084791 0.651706 0.087483 0.648115 0.088829 0.648115 0.087483 0.64632 0.086137 0.64632
0 0.792732 0.466786 0.792732 0.473968 0.799462 0.473968 0.799462 0.470377 0.800808 0.468582 0.800808 0.466786
0 0.925976 0.43088 0.925976 0.43447 0.92463 0.436266 0.92463 0.438061 0.925976 0.438061 0.928668 0.441652 0.930013 0.441652 0.932705 0.445242 0.934051 0.445242 0.935397 0.447038 0.936743 0.445242 0.942127 0.445242 0.940781 0.443447 0.940781 0.441652 0.939435 0.439856 0.939435 0.438061 0.938089 0.436266 0.935397 0.436266 0.934051 0.43447 0.931359 0.43447 0.930013 0.432675 0.927322 0.432675
0 0.059219 0.393178 0.056528 0.396768 0.057873 0.398564 0.059219 0.398564 0.061911 0.402154 0.063257 0.402154 0.064603 0.40395 0.065949 0.40395 0.067295 0.405745 0.068641 0.40395 0.069987 0.40395 0.071332 0.402154 0.072678 0.402154 0.074024 0.400359 0.078062 0.400359 0.076716 0.400359 0.07537 0.398564 0.074024 0.398564 0.072678 0.396768 0.069987 0.396768 0.068641 0.394973 0.067295 0.394973 0.065949 0.393178
0 0.240915 0.357271 0.239569 0.359066 0.236878 0.359066 0.235532 0.360862 0.23284 0.360862 0.23284 0.366248 0.242261 0.366248 0.243607 0.368043 0.244953 0.366248 0.251682 0.366248 0.248991 0.362657 0.248991 0.360862 0.247645 0.359066 0.242261 0.359066
0 0.328398 0.328546 0.328398 0.332136 0.329744 0.333932 0.329744 0.337522 0.33109 0.335727 0.33782 0.335727 0.33782 0.333932 0.336474 0.332136 0.336474 0.330341 0.329744 0.330341
0 0.888291 0.278276 0.886945 0.280072 0.885599 0.280072 0.882907 0.283662 0.881561 0.283662 0.878869 0.287253 0.877524 0.287253 0.884253 0.287253 0.885599 0.289048 0.890983 0.289048 0.892328 0.290844 0.899058 0.290844 0.899058 0.280072 0.889637 0.280072
0 0.172275 0.278276 0.169583 0.281867 0.169583 0.283662 0.165545 0.289048 0.165545 0.290844 0.161507 0.29623 0.15747 0.29623 0.156124 0.298025 0.153432 0.298025 0.152086 0.29982 0.148048 0.29982 0.146703 0.301616 0.142665 0.301616 0.15074 0.312388 0.153432 0.312388 0.154778 0.314183 0.156124 0.314183 0.15747 0.315978 0.160162 0.315978 0.161507 0.317774 0.162853 0.317774 0.164199 0.319569 0.22611 0.319569 0.227456 0.321364 0.228802 0.319569 0.251682 0.319569 0.253028 0.317774 0.275908 0.317774 0.277254 0.315978 0.290713 0.315978 0.292059 0.314183 0.310902 0.314183 0.312248 0.315978 0.316285 0.315978 0.317631 0.317774 0.320323 0.317774 0.321669 0.319569 0.325707 0.319569 0.327052 0.321364 0.33109 0.321364 0.332436 0.32316 0.348587 0.32316 0.349933 0.324955 0.366083 0.324955 0.367429 0.32675 0.368775 0.324955 0.399731 0.324955 0.401077 0.32675 0.402423 0.32675 0.405114 0.330341 0.40646 0.330341 0.407806 0.332136 0.409152 0.332136 0.410498 0.333932 0.414536 0.333932 0.415882 0.335727 0.418573 0.335727 0.419919 0.337522 0.423957 0.337522 0.425303 0.339318 0.426649 0.337522 0.429341 0.337522 0.430686 0.335727 0.432032 0.335727 0.433378 0.333932 0.43607 0.333932 0.437416 0.332136 0.440108 0.332136 0.441454 0.330341 0.442799 0.330341 0.444145 0.328546 0.446837 0.328546 0.448183 0.32675 0.450875 0.32675 0.452221 0.324955 0.454913 0.324955 0.456258 0.32316 0.457604 0.32316 0.45895 0.321364 0.461642 0.321364 0.461642 0.317774 0.460296 0.315978 0.460296 0.312388 0.43607 0.312388 0.434724 0.310592 0.43607 0.308797 0.438762 0.308797 0.440108 0.307002 0.441454 0.307002 0.442799 0.305206 0.445491 0.305206 0.446837 0.303411 0.449529 0.303411 0.450875 0.301616 0.453567 0.301616 0.454913 0.29982 0.456258 0.29982 0.457604 0.298025 0.460296 0.298025 0.467026 0.289048 0.46568 0.290844 0.359354 0.290844 0.358008 0.289048 0.349933 0.289048 0.348587 0.287253 0.339166 0.287253 0.33782 0.285458 0.329744 0.285458 0.328398 0.283662 0.327052 0.285458 0.323015 0.285458 0.321669 0.287253 0.318977 0.287253 0.317631 0.289048 0.313594 0.289048 0.312248 0.290844 0.228802 0.290844 0.227456 0.289048 0.211306 0.289048 0.20996 0.287253 0.20323 0.287253 0.201884 0.285458 0.196501 0.285458 0.195155 0.283662 0.188425 0.283662 0.187079 0.281867 0.181696 0.281867 0.18035 0.280072 0.17362 0.280072
0 0.873486 0.258528 0.870794 0.262118 0.873486 0.262118 0.874832 0.263914 0.876178 0.263914 0.877524 0.265709 0.880215 0.265709 0.881561 0.267504 0.881561 0.265709 0.882907 0.263914 0.882907 0.262118 0.884253 0.260323 0.874832 0.260323
0 0.289367 0.254937 0.28533 0.260323 0.28533 0.262118 0.281292 0.267504 0.281292 0.2693 0.282638 0.271095 0.282638 0.274686 0.283984 0.27289 0.293405 0.27289 0.297443 0.267504 0.298789 0.267504 0.300135 0.265709 0.298789 0.263914 0.297443 0.263914 0.293405 0.258528 0.292059 0.258528
0 0.943472 0.238779 0.943472 0.240575 0.942127 0.24237 0.942127 0.244165 0.940781 0.245961 0.943472 0.245961 0.944818 0.247756 0.946164 0.247756 0.94751 0.249551 0.94751 0.247756 0.948856 0.245961 0.948856 0.244165 0.950202 0.24237 0.94751 0.24237 0.946164 0.240575 0.944818 0.240575
0 0.893674 0.217235 0.890983 0.220826 0.889637 0.220826 0.888291 0.222621 0.89502 0.231598 0.896366 0.229803 0.899058 0.229803 0.900404 0.228007 0.903096 0.228007 0.903096 0.226212 0.904441 0.224417 0.904441 0.222621 0.90175 0.222621 0.900404 0.220826 0.899058 0.220826 0.897712 0.219031 0.89502 0.219031
0 0.527591 0.204668 0.526245 0.206463 0.516824 0.206463 0.516824 0.208259 0.51817 0.210054 0.51817 0.211849 0.526245 0.211849 0.527591 0.213645 0.528937 0.211849 0.53432 0.211849 0.532974 0.210054 0.531629 0.210054
0 0.617766 0.132855 0.617766 0.136445 0.625841 0.136445 0.625841 0.132855
0 0.725437 0.098743 0.724092 0.100539 0.718708 0.100539 0.717362 0.102334 0.710633 0.102334 0.710633 0.104129 0.711978 0.105925 0.711978 0.10772 0.713324 0.105925 0.725437 0.105925
1 0.570659 0.951526 0.567968 0.955117 0.566622 0.955117 0.570659 0.960503 0.570659 0.976661 0.569314 0.978456 0.569314 0.994614 0.567968 0.996409 0.566622 0.994614 0.56393 0.994614 0.562584 0.992819 0.558546 0.992819 0.557201 0.991023 0.554509 0.991023 0.553163 0.989228 0.550471 0.989228 0.549125 0.987433 0.545087 0.987433 0.543742 0.985637 0.54105 0.985637 0.538358 0.982047 0.538358 0.980251 0.537012 0.980251 0.535666 0.982047 0.535666 0.983842 0.537012 0.985637 0.537012 0.987433 0.538358 0.989228 0.538358 0.991023 0.539704 0.992819 0.539704 0.994614 0.54105 0.996409 0.54105 0.998205 0.570659 0.998205 0.570659 0.994614 0.572005 0.992819 0.572005 0.980251 0.573351 0.978456 0.573351 0.965889 0.572005 0.964093 0.572005 0.955117 0.570659 0.953321
1 0.637954 0.910233 0.636608 0.912029 0.635262 0.912029 0.633917 0.913824 0.632571 0.913824 0.631225 0.915619 0.629879 0.915619 0.628533 0.917415 0.627187 0.917415 0.627187 0.924596 0.628533 0.926391 0.628533 0.942549 0.629879 0.944345 0.629879 0.953321 0.631225 0.955117 0.631225 0.956912 0.633917 0.960503 0.633917 0.962298 0.636608 0.965889 0.636608 0.967684 0.637954 0.969479 0.637954 0.971275 0.640646 0.974865 0.640646 0.976661 0.643338 0.980251 0.643338 0.982047 0.644684 0.983842 0.652759 0.983842 0.652759 0.982047 0.651413 0.980251 0.651413 0.976661 0.650067 0.974865 0.650067 0.971275 0.648721 0.969479 0.648721 0.965889 0.647376 0.964093 0.647376 0.960503 0.64603 0.958707 0.64603 0.956912 0.644684 0.955117 0.644684 0.951526 0.643338 0.949731 0.643338 0.94614 0.641992 0.944345 0.641992 0.940754 0.640646 0.938959 0.640646 0.935368 0.6393 0.933573 0.6393 0.922801 0.637954 0.921005
1 0.25572 0.829443 0.248991 0.83842 0.248991 0.840215 0.250336 0.842011 0.250336 0.843806 0.251682 0.845601 0.251682 0.847397 0.253028 0.849192 0.253028 0.850987 0.254374 0.852783 0.254374 0.854578 0.257066 0.854578 0.258412 0.856373 0.259758 0.856373 0.261104 0.858169 0.261104 0.854578 0.26245 0.852783 0.26245 0.850987 0.263795 0.849192 0.265141 0.849192 0.266487 0.850987 0.270525 0.850987 0.271871 0.852783 0.274563 0.852783 0.275908 0.854578 0.275908 0.852783 0.277254 0.850987 0.277254 0.849192 0.2786 0.847397 0.2786 0.845601 0.279946 0.843806 0.2786 0.843806 0.277254 0.842011 0.274563 0.842011 0.273217 0.840215 0.271871 0.840215 0.270525 0.83842 0.269179 0.83842 0.267833 0.836625 0.266487 0.836625 0.265141 0.834829 0.26245 0.834829 0.261104 0.833034 0.259758 0.833034 0.258412 0.831239 0.257066 0.831239
1 0.141319 0.791741 0.139973 0.793537 0.138627 0.793537 0.135935 0.797127 0.13459 0.797127 0.131898 0.800718 0.130552 0.800718 0.125168 0.807899 0.123822 0.807899 0.122476 0.809695 0.123822 0.81149 0.123822 0.813285 0.126514 0.809695 0.12786 0.809695 0.130552 0.806104 0.131898 0.806104 0.135935 0.800718 0.137281 0.800718 0.139973 0.797127 0.141319 0.797127 0.142665 0.795332 0.141319 0.793537
1 0.195155 0.678636 0.193809 0.680431 0.191117 0.680431 0.189771 0.682226 0.188425 0.682226 0.187079 0.684022 0.184388 0.684022 0.183042 0.685817 0.181696 0.685817 0.18035 0.687612 0.177658 0.687612 0.176312 0.689408 0.17362 0.689408 0.172275 0.691203 0.170929 0.691203 0.169583 0.692998 0.166891 0.692998 0.165545 0.694794 0.164199 0.694794 0.162853 0.696589 0.160162 0.696589 0.156124 0.701975 0.154778 0.701975 0.149394 0.709156 0.148048 0.709156 0.142665 0.716338 0.141319 0.716338 0.138627 0.719928 0.12786 0.719928 0.126514 0.718133 0.126514 0.721724 0.125168 0.723519 0.125168 0.725314 0.133244 0.725314 0.13459 0.72711 0.13459 0.732496 0.133244 0.734291 0.133244 0.743268 0.131898 0.745063 0.131898 0.748654 0.133244 0.746858 0.137281 0.746858 0.137281 0.743268 0.138627 0.741472 0.138627 0.736086 0.139973 0.734291 0.139973 0.728905 0.142665 0.725314 0.146703 0.725314 0.148048 0.72711 0.152086 0.721724 0.148048 0.721724 0.146703 0.719928 0.15074 0.714542 0.152086 0.714542 0.160162 0.70377 0.161507 0.70377 0.165545 0.698384 0.168237 0.698384 0.169583 0.696589 0.172275 0.696589 0.17362 0.694794 0.174966 0.694794 0.176312 0.692998 0.179004 0.692998 0.18035 0.691203 0.183042 0.691203 0.184388 0.689408 0.187079 0.689408 0.188425 0.687612 0.189771 0.687612 0.191117 0.685817 0.193809 0.685817 0.195155 0.684022 0.197847 0.684022 0.196501 0.682226 0.196501 0.680431
1 0.016151 0.671454 0.014805 0.67325 0.014805 0.675045 0.009421 0.682226 0.009421 0.684022 0.004038 0.691203 0.004038 0.692998 0.0 0.698384 0.0 0.743268 0.001346 0.743268 0.002692 0.741472 0.005384 0.741472 0.006729 0.739677 0.008075 0.739677 0.009421 0.737882 0.012113 0.737882 0.013459 0.736086 0.014805 0.736086 0.016151 0.734291 0.018843 0.734291 0.020188 0.732496 0.021534 0.732496 0.02288 0.7307 0.025572 0.7307 0.026918 0.728905 0.028264 0.728905 0.02288 0.728905 0.021534 0.72711 0.016151 0.72711 0.014805 0.725314 0.014805 0.716338 0.016151 0.714542 0.016151 0.705566 0.014805 0.705566 0.012113 0.701975 0.010767 0.701975 0.009421 0.70018 0.008075 0.70018 0.006729 0.698384 0.008075 0.696589 0.008075 0.694794 0.009421 0.692998 0.009421 0.691203 0.012113 0.687612 0.012113 0.685817 0.013459 0.684022 0.013459 0.682226 0.016151 0.678636 0.016151 0.67684 0.017497 0.675045 0.017497 0.67325 0.018843 0.671454
1 0.258412 0.581688 0.257066 0.583483 0.253028 0.583483 0.251682 0.585278 0.248991 0.585278 0.247645 0.587074 0.243607 0.587074 0.242261 0.588869 0.239569 0.588869 0.238223 0.590664 0.234186 0.590664 0.234186 0.59246 0.23284 0.594255 0.23284 0.59605 0.231494 0.597846 0.231494 0.599641 0.230148 0.601436 0.230148 0.603232 0.228802 0.605027 0.228802 0.606822 0.230148 0.606822 0.231494 0.608618 0.23284 0.608618 0.234186 0.610413 0.235532 0.610413 0.236878 0.612208 0.238223 0.612208 0.240915 0.615799 0.242261 0.615799 0.243607 0.617594 0.244953 0.617594 0.246299 0.61939 0.247645 0.61939 0.248991 0.621185 0.250336 0.621185 0.251682 0.62298 0.253028 0.62298 0.254374 0.624776 0.25572 0.624776 0.257066 0.626571 0.258412 0.626571 0.261104 0.630162 0.26245 0.630162 0.263795 0.631957 0.265141 0.631957 0.266487 0.633752 0.267833 0.633752 0.269179 0.635548 0.270525 0.635548 0.271871 0.637343 0.271871 0.639138 0.270525 0.640934 0.270525 0.64632 0.269179 0.648115 0.269179 0.653501 0.267833 0.655296 0.267833 0.658887 0.266487 0.660682 0.266487 0.666068 0.265141 0.667864 0.265141 0.669659 0.26245 0.67325 0.261104 0.67325 0.258412 0.67684 0.257066 0.67684 0.254374 0.680431 0.253028 0.680431 0.250336 0.684022 0.248991 0.684022 0.246299 0.687612 0.244953 0.687612 0.242261 0.691203 0.240915 0.691203 0.239569 0.692998 0.239569 0.694794 0.238223 0.696589 0.238223 0.70018 0.236878 0.701975 0.236878 0.70377 0.235532 0.705566 0.235532 0.709156 0.234186 0.710952 0.234186 0.714542 0.23284 0.716338 0.23284 0.719928 0.231494 0.721724 0.231494 0.723519 0.230148 0.725314 0.230148 0.728905 0.228802 0.7307 0.228802 0.732496 0.231494 0.732496 0.23284 0.734291 0.234186 0.734291 0.235532 0.736086 0.238223 0.736086 0.239569 0.737882 0.240915 0.737882 0.242261 0.739677 0.244953 0.739677 0.246299 0.741472 0.247645 0.741472 0.248991 0.743268 0.251682 0.743268 0.253028 0.745063 0.258412 0.737882 0.259758 0.737882 0.267833 0.72711 0.269179 0.72711 0.273217 0.721724 0.286676 0.721724 0.288022 0.723519 0.289367 0.723519 0.292059 0.72711 0.293405 0.72711 0.294751 0.728905 0.296097 0.728905 0.297443 0.7307 0.298789 0.7307 0.30148 0.734291 0.302826 0.734291 0.304172 0.736086 0.305518 0.736086 0.306864 0.737882 0.30821 0.737882 0.310902 0.741472 0.312248 0.741472 0.313594 0.743268 0.314939 0.743268 0.316285 0.745063 0.317631 0.745063 0.320323 0.748654 0.321669 0.748654 0.323015 0.750449 0.324361 0.750449 0.325707 0.752244 0.327052 0.750449 0.33109 0.750449 0.332436 0.748654 0.336474 0.748654 0.33782 0.746858 0.341857 0.746858 0.343203 0.745063 0.348587 0.745063 0.349933 0.743268 0.35397 0.743268 0.355316 0.741472 0.359354 0.741472 0.3607 0.739677 0.364738 0.739677 0.363392 0.737882 0.363392 0.736086 0.3607 0.732496 0.3607 0.7307 0.358008 0.72711 0.358008 0.725314 0.356662 0.723519 0.356662 0.721724 0.35397 0.718133 0.35397 0.716338 0.351279 0.712747 0.351279 0.710952 0.349933 0.709156 0.351279 0.707361 0.35397 0.707361 0.355316 0.705566 0.358008 0.705566 0.359354 0.70377 0.362046 0.70377 0.363392 0.701975 0.366083 0.701975 0.367429 0.70018 0.371467 0.70018 0.372813 0.698384 0.378197 0.698384 0.379542 0.696589 0.38358 0.696589 0.384926 0.694794 0.39031 0.694794 0.391655 0.692998 0.394347 0.692998 0.395693 0.691203 0.398385 0.691203 0.399731 0.689408 0.402423 0.689408 0.403769 0.687612 0.432032 0.687612 0.433378 0.689408 0.434724 0.687612 0.43607 0.687612 0.438762 0.684022 0.440108 0.684022 0.441454 0.682226 0.457604 0.682226 0.45895 0.684022 0.472409 0.684022 0.473755 0.685817 0.475101 0.684022 0.476447 0.684022 0.477793 0.682226 0.480485 0.682226 0.48183 0.680431 0.483176 0.680431 0.484522 0.678636 0.487214 0.678636 0.48856 0.67684 0.489906 0.67684 0.489906 0.664273 0.48856 0.662478 0.48856 0.648115 0.460296 0.648115 0.45895 0.64632 0.457604 0.64632 0.454913 0.642729 0.453567 0.642729 0.452221 0.640934 0.450875 0.640934 0.449529 0.639138 0.448183 0.639138 0.445491 0.635548 0.444145 0.635548 0.442799 0.633752 0.441454 0.633752 0.440108 0.631957 0.438762 0.633752 0.402423 0.633752 0.401077 0.631957 0.399731 0.631957 0.398385 0.630162 0.397039 0.630162 0.395693 0.628366 0.394347 0.628366 0.393001 0.626571 0.391655 0.626571 0.39031 0.624776 0.388964 0.624776 0.386272 0.621185 0.384926 0.621185 0.38358 0.61939 0.382234 0.61939 0.380888 0.617594 0.379542 0.617594 0.378197 0.615799 0.376851 0.615799 0.375505 0.614004 0.374159 0.614004 0.372813 0.612208 0.371467 0.612208 0.370121 0.610413 0.368775 0.612208 0.366083 0.612208 0.364738 0.614004 0.3607 0.614004 0.359354 0.615799 0.356662 0.615799 0.355316 0.617594 0.351279 0.617594 0.349933 0.61939 0.345895 0.61939 0.344549 0.617594 0.341857 0.617594 0.340511 0.615799 0.339166 0.615799 0.33782 0.614004 0.336474 0.614004 0.335128 0.612208 0.333782 0.612208 0.332436 0.610413 0.329744 0.610413 0.328398 0.608618 0.327052 0.608618 0.325707 0.606822 0.324361 0.606822 0.323015 0.605027 0.321669 0.606822 0.318977 0.606822 0.317631 0.608618 0.313594 0.608618 0.312248 0.610413 0.309556 0.610413 0.30821 0.612208 0.304172 0.612208 0.302826 0.614004 0.300135 0.614004 0.298789 0.615799 0.294751 0.615799 0.292059 0.612208 0.290713 0.612208 0.286676 0.606822 0.28533 0.606822 0.282638 0.603232 0.281292 0.603232 0.2786 0.599641 0.277254 0.599641 0.274563 0.59605 0.273217 0.59605 0.270525 0.59246 0.269179 0.59246 0.266487 0.588869 0.265141 0.588869 0.26245 0.585278 0.261104 0.585278
1 0.024226 0.535009 0.024226 0.536804 0.021534 0.540395 0.021534 0.54219 0.020188 0.543986 0.028264 0.543986 0.02961 0.545781 0.037685 0.545781 0.039031 0.547576 0.048452 0.547576 0.049798 0.549372 0.057873 0.549372 0.059219 0.551167 0.057873 0.552962 0.056528 0.552962 0.055182 0.554758 0.053836 0.554758 0.05249 0.556553 0.051144 0.556553 0.049798 0.558348 0.047106 0.558348 0.04576 0.560144 0.044415 0.560144 0.043069 0.561939 0.041723 0.561939 0.040377 0.563734 0.039031 0.563734 0.037685 0.56553 0.036339 0.563734 0.032301 0.563734 0.030956 0.561939 0.026918 0.561939 0.025572 0.560144 0.021534 0.560144 0.020188 0.558348 0.016151 0.558348 0.014805 0.556553 0.013459 0.556553 0.012113 0.554758 0.009421 0.554758 0.008075 0.552962 0.006729 0.552962 0.005384 0.551167 0.002692 0.551167 0.001346 0.549372 0.0 0.549372 0.0 0.597846 0.001346 0.599641 0.002692 0.599641 0.004038 0.601436 0.005384 0.601436 0.006729 0.603232 0.009421 0.603232 0.010767 0.605027 0.012113 0.605027 0.013459 0.606822 0.014805 0.606822 0.016151 0.608618 0.017497 0.608618 0.018843 0.610413 0.021534 0.610413 0.02288 0.612208 0.024226 0.612208 0.025572 0.614004 0.026918 0.614004 0.028264 0.615799 0.02961 0.615799 0.030956 0.617594 0.033647 0.617594 0.034993 0.61939 0.036339 0.61939 0.037685 0.621185 0.039031 0.621185 0.040377 0.62298 0.041723 0.62298 0.043069 0.624776 0.04576 0.624776 0.047106 0.626571 0.048452 0.626571 0.049798 0.628366 0.048452 0.630162 0.047106 0.630162 0.04576 0.631957 0.044415 0.631957 0.041723 0.635548 0.040377 0.635548 0.039031 0.637343 0.037685 0.637343 0.036339 0.639138 0.034993 0.639138 0.032301 0.642729 0.030956 0.642729 0.02961 0.644524 0.028264 0.642729 0.026918 0.642729 0.025572 0.640934 0.024226 0.640934 0.02288 0.639138 0.020188 0.639138 0.018843 0.637343 0.017497 0.637343 0.016151 0.635548 0.014805 0.635548 0.013459 0.633752 0.012113 0.633752 0.010767 0.631957 0.009421 0.631957 0.008075 0.630162 0.005384 0.630162 0.004038 0.628366 0.002692 0.628366 0.001346 0.626571 0.0 0.626571 0.0 0.631957 0.001346 0.633752 0.002692 0.633752 0.004038 0.635548 0.006729 0.635548 0.008075 0.637343 0.009421 0.637343 0.010767 0.639138 0.013459 0.639138 0.014805 0.640934 0.016151 0.640934 0.017497 0.642729 0.020188 0.642729 0.021534 0.644524 0.02288 0.644524 0.024226 0.64632 0.02288 0.648115 0.012113 0.648115 0.010767 0.64991 0.001346 0.64991 0.0 0.651706 0.0 0.664273 0.010767 0.664273 0.012113 0.662478 0.021534 0.662478 0.02288 0.660682 0.033647 0.660682 0.034993 0.658887 0.04576 0.658887 0.047106 0.657092 0.057873 0.657092 0.059219 0.655296 0.068641 0.655296 0.069987 0.653501 0.080754 0.653501 0.079408 0.653501 0.076716 0.64991 0.07537 0.64991 0.074024 0.648115 0.076716 0.644524 0.078062 0.644524 0.0821 0.639138 0.086137 0.644524 0.087483 0.644524 0.088829 0.64632 0.090175 0.64632 0.091521 0.644524 0.092867 0.644524 0.095559 0.640934 0.096904 0.640934 0.09825 0.639138 0.099596 0.639138 0.100942 0.637343 0.102288 0.637343 0.10498 0.633752 0.106326 0.633752 0.107672 0.631957 0.109017 0.631957 0.110363 0.630162 0.111709 0.630162 0.114401 0.626571 0.115747 0.626571 0.117093 0.624776 0.141319 0.624776 0.142665 0.62298 0.144011 0.624776 0.162853 0.624776 0.164199 0.626571 0.183042 0.626571 0.185734 0.630162 0.187079 0.630162 0.191117 0.635548 0.192463 0.635548 0.196501 0.640934 0.197847 0.640934 0.200538 0.644524 0.201884 0.644524 0.205922 0.64991 0.207268 0.64991 0.208614 0.651706 0.20996 0.651706 0.211306 0.64991 0.212651 0.64991 0.212651 0.640934 0.211306 0.639138 0.211306 0.630162 0.212651 0.628366 0.213997 0.628366 0.215343 0.626571 0.216689 0.626571 0.218035 0.624776 0.220727 0.624776 0.222073 0.62298 0.223419 0.62298 0.224764 0.621185 0.22611 0.621185 0.223419 0.621185 0.222073 0.61939 0.219381 0.61939 0.218035 0.617594 0.216689 0.617594 0.215343 0.615799 0.212651 0.615799 0.211306 0.614004 0.208614 0.614004 0.207268 0.612208 0.204576 0.612208 0.20323 0.610413 0.20323 0.605027 0.201884 0.603232 0.201884 0.597846 0.20323 0.59605 0.205922 0.59605 0.207268 0.594255 0.211306 0.594255 0.212651 0.59246 0.215343 0.59246 0.216689 0.590664 0.220727 0.590664 0.222073 0.588869 0.224764 0.588869 0.224764 0.583483 0.223419 0.585278 0.222073 0.585278 0.220727 0.587074 0.219381 0.587074 0.218035 0.588869 0.216689 0.588869 0.215343 0.590664 0.213997 0.590664 0.212651 0.59246 0.211306 0.590664 0.211306 0.578097 0.197847 0.578097 0.196501 0.576302 0.204576 0.56553 0.204576 0.563734 0.213997 0.551167 0.212651 0.551167 0.211306 0.549372 0.20996 0.549372 0.205922 0.554758 0.205922 0.556553 0.196501 0.56912 0.196501 0.570916 0.189771 0.579892 0.188425 0.578097 0.187079 0.578097 0.185734 0.576302 0.183042 0.576302 0.181696 0.574506 0.18035 0.574506 0.179004 0.572711 0.176312 0.572711 0.174966 0.570916 0.174966 0.56553 0.176312 0.563734 0.176312 0.554758 0.177658 0.552962 0.177658 0.547576 0.176312 0.547576 0.174966 0.545781 0.172275 0.545781 0.170929 0.543986 0.169583 0.543986 0.168237 0.54219 0.165545 0.54219 0.164199 0.540395 0.162853 0.540395 0.161507 0.5386 0.158816 0.5386 0.15747 0.536804 0.156124 0.536804 0.154778 0.535009 0.15074 0.535009 0.149394 0.536804 0.148048 0.536804 0.146703 0.5386 0.145357 0.5386 0.144011 0.540395 0.142665 0.540395 0.141319 0.54219 0.139973 0.54219 0.138627 0.543986 0.137281 0.543986 0.135935 0.545781 0.13459 0.545781 0.133244 0.547576 0.131898 0.547576 0.131898 0.549372 0.133244 0.551167 0.133244 0.554758 0.13459 0.556553 0.13459 0.560144 0.135935 0.561939 0.149394 0.561939 0.15074 0.560144 0.153432 0.563734 0.154778 0.563734 0.15747 0.567325 0.158816 0.567325 0.161507 0.570916 0.162853 0.570916 0.164199 0.572711 0.162853 0.574506 0.158816 0.574506 0.15747 0.576302 0.154778 0.576302 0.153432 0.578097 0.149394 0.578097 0.148048 0.579892 0.145357 0.579892 0.144011 0.581688 0.142665 0.579892 0.142665 0.576302 0.141319 0.574506 0.141319 0.570916 0.110363 0.570916 0.103634 0.579892 0.09825 0.579892 0.096904 0.581688 0.091521 0.581688 0.090175 0.583483 0.086137 0.578097 0.086137 0.576302 0.084791 0.574506 0.0821 0.578097 0.080754 0.578097 0.07537 0.585278 0.074024 0.585278 0.068641 0.59246 0.067295 0.59246 0.063257 0.597846 0.061911 0.59605 0.060565 0.59605 0.057873 0.59246 0.056528 0.59246 0.055182 0.590664 0.053836 0.590664 0.05249 0.588869 0.051144 0.588869 0.048452 0.585278 0.047106 0.585278 0.04576 0.583483 0.047106 0.581688 0.047106 0.579892 0.048452 0.578097 0.048452 0.576302 0.049798 0.574506 0.049798 0.572711 0.051144 0.570916 0.051144 0.56912 0.05249 0.567325 0.05249 0.56553 0.053836 0.563734 0.055182 0.563734 0.056528 0.561939 0.057873 0.561939 0.059219 0.560144 0.060565 0.560144 0.061911 0.558348 0.063257 0.558348 0.064603 0.556553 0.065949 0.556553 0.067295 0.554758 0.069987 0.554758 0.071332 0.552962 0.072678 0.552962 0.074024 0.551167 0.07537 0.551167 0.076716 0.549372 0.078062 0.549372 0.079408 0.547576 0.080754 0.547576 0.0821 0.545781 0.083445 0.545781 0.083445 0.536804 0.055182 0.536804 0.053836 0.535009
1 0.981157 0.384201 0.979812 0.385996 0.975774 0.385996 0.974428 0.387792 0.971736 0.387792 0.97039 0.389587 0.966353 0.389587 0.965007 0.391382 0.962315 0.391382 0.97712 0.391382 0.978466 0.393178 0.998654 0.393178 0.998654 0.387792 0.994616 0.387792 0.993271 0.385996 0.989233 0.385996 0.987887 0.384201
1 0.885599 0.335727 0.885599 0.339318 0.896366 0.339318 0.896366 0.335727
1 0.15074 0.32675 0.149394 0.328546 0.148048 0.328546 0.146703 0.330341 0.145357 0.330341 0.144011 0.332136 0.141319 0.332136 0.139973 0.333932 0.138627 0.333932 0.137281 0.335727 0.087483 0.335727 0.086137 0.333932 0.084791 0.335727 0.0821 0.335727 0.080754 0.337522 0.076716 0.337522 0.07537 0.339318 0.072678 0.339318 0.071332 0.341113 0.067295 0.341113 0.068641 0.342908 0.068641 0.344704 0.071332 0.348294 0.071332 0.35009 0.072678 0.351885 0.090175 0.351885 0.091521 0.35368 0.109017 0.35368 0.110363 0.355476 0.109017 0.357271 0.109017 0.359066 0.107672 0.360862 0.107672 0.362657 0.10498 0.366248 0.094213 0.366248 0.094213 0.368043 0.092867 0.369838 0.092867 0.371634 0.13459 0.371634 0.135935 0.373429 0.176312 0.373429 0.177658 0.375224 0.179004 0.373429 0.189771 0.373429 0.191117 0.371634 0.200538 0.371634 0.201884 0.369838 0.212651 0.369838 0.213997 0.368043 0.222073 0.368043 0.223419 0.366248 0.231494 0.366248 0.231494 0.360862 0.23284 0.359066 0.235532 0.359066 0.236878 0.357271 0.239569 0.357271 0.240915 0.355476 0.242261 0.357271 0.247645 0.357271 0.250336 0.360862 0.250336 0.362657 0.251682 0.364452 0.273217 0.364452 0.274563 0.362657 0.317631 0.362657 0.318977 0.364452 0.316285 0.368043 0.314939 0.368043 0.313594 0.369838 0.312248 0.369838 0.310902 0.371634 0.309556 0.371634 0.306864 0.375224 0.305518 0.375224 0.304172 0.37702 0.300135 0.37702 0.298789 0.378815 0.294751 0.378815 0.293405 0.38061 0.290713 0.38061 0.289367 0.382406 0.28533 0.382406 0.283984 0.384201 0.2786 0.384201 0.277254 0.385996 0.273217 0.385996 0.271871 0.387792 0.266487 0.387792 0.265141 0.389587 0.261104 0.389587 0.259758 0.391382 0.254374 0.391382 0.253028 0.393178 0.248991 0.393178 0.247645 0.394973 0.242261 0.394973 0.240915 0.396768 0.236878 0.396768 0.235532 0.398564 0.222073 0.398564 0.220727 0.396768 0.220727 0.394973 0.219381 0.393178 0.219381 0.387792 0.218035 0.385996 0.218035 0.38061 0.216689 0.378815 0.215343 0.378815 0.213997 0.38061 0.211306 0.38061 0.211306 0.382406 0.212651 0.384201 0.212651 0.389587 0.213997 0.391382 0.213997 0.396768 0.215343 0.398564 0.215343 0.40395 0.216689 0.405745 0.216689 0.40754 0.215343 0.409336 0.212651 0.405745 0.211306 0.405745 0.208614 0.402154 0.207268 0.402154 0.204576 0.398564 0.20323 0.398564 0.200538 0.394973 0.199192 0.394973 0.196501 0.391382 0.195155 0.391382 0.193809 0.389587 0.189771 0.389587 0.188425 0.391382 0.184388 0.391382 0.183042 0.393178 0.179004 0.393178 0.177658 0.394973 0.176312 0.393178 0.174966 0.393178 0.17362 0.391382 0.172275 0.391382 0.170929 0.389587 0.169583 0.389587 0.168237 0.387792 0.099596 0.387792 0.09825 0.389587 0.094213 0.389587 0.092867 0.391382 0.090175 0.391382 0.088829 0.393178 0.086137 0.393178 0.079408 0.402154 0.074024 0.402154 0.072678 0.40395 0.071332 0.40395 0.069987 0.405745 0.068641 0.405745 0.067295 0.40754 0.065949 0.405745 0.064603 0.405745 0.063257 0.40395 0.061911 0.40395 0.059219 0.400359 0.057873 0.400359 0.056528 0.398564 0.055182 0.398564 0.053836 0.396768 0.048452 0.396768 0.047106 0.394973 0.033647 0.394973 0.032301 0.396768 0.025572 0.396768 0.024226 0.398564 0.017497 0.398564 0.016151 0.400359 0.009421 0.400359 0.008075 0.402154 0.001346 0.402154 0.0 0.40395 0.0 0.421903 0.001346 0.423698 0.091521 0.423698 0.092867 0.425494 0.095559 0.425494 0.096904 0.427289 0.09825 0.427289 0.099596 0.429084 0.102288 0.429084 0.103634 0.43088 0.10498 0.43088 0.106326 0.432675 0.109017 0.432675 0.110363 0.43447 0.118439 0.43447 0.119785 0.436266 0.129206 0.436266 0.130552 0.438061 0.130552 0.439856 0.131898 0.441652 0.131898 0.443447 0.133244 0.445242 0.133244 0.447038 0.13459 0.448833 0.13459 0.450628 0.135935 0.452424 0.135935 0.454219 0.137281 0.456014 0.138627 0.454219 0.139973 0.454219 0.141319 0.452424 0.142665 0.452424 0.144011 0.454219 0.144011 0.456014 0.142665 0.45781 0.142665 0.459605 0.141319 0.4614 0.141319 0.463196 0.138627 0.466786 0.137281 0.464991 0.103634 0.464991 0.103634 0.468582 0.139973 0.468582 0.142665 0.464991 0.144011 0.464991 0.149394 0.45781 0.152086 0.4614 0.152086 0.463196 0.156124 0.468582 0.156124 0.470377 0.158816 0.473968 0.15747 0.475763 0.156124 0.475763 0.154778 0.477558 0.153432 0.477558 0.15074 0.481149 0.149394 0.481149 0.148048 0.482944 0.146703 0.482944 0.145357 0.48474 0.144011 0.48474 0.142665 0.486535 0.141319 0.486535 0.138627 0.490126 0.137281 0.490126 0.135935 0.491921 0.13459 0.491921 0.133244 0.493716 0.131898 0.493716 0.130552 0.495512 0.129206 0.495512 0.126514 0.499102 0.125168 0.499102 0.123822 0.500898 0.122476 0.500898 0.129206 0.500898 0.130552 0.502693 0.137281 0.502693 0.138627 0.504488 0.145357 0.504488 0.146703 0.502693 0.148048 0.502693 0.15074 0.499102 0.152086 0.499102 0.15747 0.491921 0.15747 0.490126 0.162853 0.482944 0.164199 0.48474 0.165545 0.48474 0.168237 0.48833 0.169583 0.48833 0.170929 0.490126 0.172275 0.490126 0.174966 0.493716 0.176312 0.493716 0.177658 0.495512 0.179004 0.495512 0.181696 0.499102 0.183042 0.499102 0.185734 0.502693 0.187079 0.502693 0.188425 0.504488 0.189771 0.504488 0.192463 0.508079 0.193809 0.508079 0.195155 0.509874 0.196501 0.509874 0.199192 0.513465 0.200538 0.513465 0.201884 0.51526 0.20323 0.51526 0.205922 0.518851 0.207268 0.518851 0.208614 0.520646 0.211306 0.520646 0.212651 0.522442 0.216689 0.522442 0.218035 0.524237 0.220727 0.524237 0.222073 0.526032 0.22611 0.526032 0.227456 0.527828 0.230148 0.527828 0.231494 0.529623 0.230148 0.531418 0.230148 0.533214 0.227456 0.536804 0.227456 0.5386 0.22611 0.540395 0.22611 0.54219 0.224764 0.543986 0.22611 0.545781 0.227456 0.545781 0.23284 0.552962 0.234186 0.552962 0.238223 0.558348 0.239569 0.558348 0.242261 0.561939 0.239569 0.56553 0.238223 0.56553 0.234186 0.570916 0.23284 0.570916 0.231494 0.572711 0.23284 0.572711 0.234186 0.574506 0.238223 0.574506 0.240915 0.570916 0.242261 0.570916 0.246299 0.56553 0.246299 0.563734 0.250336 0.558348 0.251682 0.560144 0.277254 0.560144 0.2786 0.558348 0.289367 0.558348 0.290713 0.556553 0.292059 0.558348 0.292059 0.567325 0.293405 0.56912 0.293405 0.578097 0.30148 0.578097 0.300135 0.576302 0.300135 0.574506 0.298789 0.572711 0.298789 0.570916 0.297443 0.56912 0.297443 0.567325 0.296097 0.56553 0.296097 0.563734 0.294751 0.561939 0.296097 0.560144 0.296097 0.558348 0.297443 0.556553 0.297443 0.554758 0.300135 0.551167 0.302826 0.551167 0.304172 0.549372 0.30821 0.549372 0.309556 0.547576 0.312248 0.547576 0.313594 0.545781 0.317631 0.545781 0.318977 0.543986 0.321669 0.543986 0.317631 0.5386 0.316285 0.5386 0.310902 0.531418 0.312248 0.529623 0.312248 0.527828 0.314939 0.524237 0.317631 0.527828 0.318977 0.527828 0.321669 0.531418 0.323015 0.529623 0.323015 0.524237 0.324361 0.522442 0.324361 0.517056 0.325707 0.51526 0.325707 0.51167 0.324361 0.509874 0.323015 0.509874 0.320323 0.506284 0.318977 0.506284 0.316285 0.502693 0.314939 0.502693 0.312248 0.499102 0.310902 0.499102 0.309556 0.497307 0.30821 0.497307 0.306864 0.499102 0.305518 0.499102 0.302826 0.502693 0.30148 0.502693 0.302826 0.502693 0.304172 0.504488 0.305518 0.504488 0.306864 0.506284 0.30821 0.506284 0.309556 0.508079 0.310902 0.508079 0.312248 0.509874 0.313594 0.509874 0.314939 0.51167 0.316285 0.51167 0.317631 0.513465 0.316285 0.51526 0.314939 0.51526 0.313594 0.517056 0.312248 0.517056 0.310902 0.518851 0.30821 0.518851 0.306864 0.520646 0.305518 0.520646 0.304172 0.522442 0.302826 0.522442 0.30148 0.524237 0.300135 0.524237 0.298789 0.526032 0.296097 0.526032 0.294751 0.527828 0.293405 0.527828 0.292059 0.529623 0.290713 0.529623 0.289367 0.531418 0.288022 0.529623 0.275908 0.529623 0.274563 0.527828 0.261104 0.527828 0.259758 0.526032 0.259758 0.522442 0.258412 0.520646 0.258412 0.51526 0.257066 0.513465 0.257066 0.51167 0.258412 0.509874 0.267833 0.509874 0.269179 0.508079 0.277254 0.508079 0.282638 0.500898 0.282638 0.48833 0.290713 0.477558 0.290713 0.475763 0.297443 0.466786 0.294751 0.463196 0.293405 0.463196 0.292059 0.4614 0.283984 0.472172 0.281292 0.472172 0.279946 0.473968 0.277254 0.473968 0.275908 0.475763 0.273217 0.475763 0.271871 0.477558 0.269179 0.477558 0.267833 0.479354 0.265141 0.475763 0.265141 0.473968 0.26245 0.470377 0.26245 0.468582 0.261104 0.466786 0.261104 0.464991 0.258412 0.4614 0.258412 0.459605 0.25572 0.456014 0.25572 0.454219 0.254374 0.452424 0.257066 0.448833 0.258412 0.448833 0.261104 0.445242 0.259758 0.445242 0.257066 0.441652 0.25572 0.441652 0.254374 0.439856 0.253028 0.439856 0.251682 0.438061 0.250336 0.438061 0.247645 0.43447 0.246299 0.43447 0.244953 0.432675 0.243607 0.432675 0.242261 0.43088 0.244953 0.427289 0.244953 0.425494 0.248991 0.420108 0.253028 0.420108 0.254374 0.418312 0.258412 0.418312 0.259758 0.416517 0.26245 0.416517 0.263795 0.414722 0.267833 0.414722 0.269179 0.412926 0.273217 0.412926 0.274563 0.411131 0.277254 0.411131 0.2786 0.409336 0.281292 0.409336 0.282638 0.40754 0.28533 0.40754 0.286676 0.405745 0.289367 0.405745 0.290713 0.40395 0.33782 0.40395 0.339166 0.402154 0.343203 0.402154 0.344549 0.400359 0.347241 0.400359 0.348587 0.398564 0.352624 0.398564 0.35397 0.396768 0.356662 0.396768 0.356662 0.394973 0.358008 0.393178 0.358008 0.389587 0.359354 0.387792 0.359354 0.385996 0.335128 0.385996 0.333782 0.387792 0.327052 0.387792 0.325707 0.389587 0.320323 0.389587 0.318977 0.391382 0.313594 0.391382 0.312248 0.393178 0.310902 0.391382 0.292059 0.391382 0.290713 0.389587 0.292059 0.387792 0.296097 0.387792 0.297443 0.385996 0.302826 0.385996 0.304172 0.384201 0.30821 0.384201 0.309556 0.382406 0.313594 0.382406 0.314939 0.38061 0.320323 0.38061 0.321669 0.378815 0.325707 0.378815 0.327052 0.37702 0.332436 0.37702 0.333782 0.375224 0.33782 0.375224 0.339166 0.373429 0.343203 0.373429 0.344549 0.371634 0.349933 0.371634 0.351279 0.369838 0.387618 0.369838 0.388964 0.371634 0.388964 0.382406 0.397039 0.382406 0.405114 0.371634 0.409152 0.37702 0.409152 0.378815 0.411844 0.382406 0.410498 0.384201 0.40646 0.384201 0.405114 0.385996 0.401077 0.385996 0.399731 0.387792 0.395693 0.387792 0.394347 0.389587 0.388964 0.389587 0.387618 0.391382 0.38358 0.391382 0.382234 0.393178 0.378197 0.393178 0.378197 0.394973 0.379542 0.396768 0.379542 0.398564 0.380888 0.400359 0.380888 0.402154 0.382234 0.40395 0.382234 0.405745 0.38358 0.40754 0.38358 0.409336 0.384926 0.411131 0.384926 0.412926 0.386272 0.411131 0.394347 0.411131 0.395693 0.409336 0.402423 0.409336 0.403769 0.40754 0.411844 0.40754 0.41319 0.405745 0.421265 0.405745 0.422611 0.40395 0.430686 0.40395 0.432032 0.402154 0.438762 0.402154 0.440108 0.400359 0.448183 0.400359 0.449529 0.398564 0.457604 0.398564 0.460296 0.394973 0.461642 0.394973 0.46568 0.389587 0.467026 0.389587 0.469717 0.385996 0.471063 0.385996 0.472409 0.384201 0.472409 0.38061 0.471063 0.378815 0.471063 0.369838 0.469717 0.368043 0.469717 0.364452 0.442799 0.364452 0.441454 0.362657 0.440108 0.362657 0.437416 0.359066 0.43607 0.359066 0.434724 0.357271 0.43607 0.355476 0.461642 0.355476 0.460296 0.35368 0.460296 0.351885 0.45895 0.35009 0.45895 0.348294 0.457604 0.346499 0.457604 0.344704 0.456258 0.342908 0.456258 0.341113 0.454913 0.342908 0.448183 0.342908 0.446837 0.344704 0.440108 0.344704 0.438762 0.346499 0.432032 0.346499 0.430686 0.348294 0.422611 0.348294 0.421265 0.346499 0.419919 0.346499 0.418573 0.344704 0.417227 0.344704 0.415882 0.342908 0.414536 0.342908 0.41319 0.341113 0.397039 0.341113 0.395693 0.339318 0.395693 0.335727 0.397039 0.333932 0.397039 0.328546 0.398385 0.32675 0.368775 0.32675 0.367429 0.328546 0.362046 0.328546 0.3607 0.330341 0.358008 0.330341 0.356662 0.332136 0.352624 0.332136 0.351279 0.333932 0.347241 0.333932 0.345895 0.335727 0.344549 0.335727 0.343203 0.337522 0.340511 0.337522 0.339166 0.339318 0.33782 0.339318 0.336474 0.341113 0.333782 0.341113 0.332436 0.342908 0.327052 0.342908 0.325707 0.341113 0.323015 0.341113 0.321669 0.339318 0.321669 0.335727 0.320323 0.333932 0.320323 0.330341 0.293405 0.330341 0.294751 0.330341 0.297443 0.333932 0.298789 0.333932 0.30148 0.337522 0.302826 0.337522 0.304172 0.339318 0.302826 0.341113 0.298789 0.341113 0.297443 0.342908 0.293405 0.342908 0.292059 0.344704 0.288022 0.344704 0.286676 0.346499 0.283984 0.346499 0.281292 0.342908 0.281292 0.339318 0.279946 0.337522 0.279946 0.335727 0.266487 0.335727 0.265141 0.337522 0.263795 0.337522 0.26245 0.339318 0.261104 0.339318 0.259758 0.341113 0.258412 0.341113 0.257066 0.342908 0.254374 0.342908 0.253028 0.344704 0.251682 0.344704 0.250336 0.346499 0.247645 0.342908 0.247645 0.339318 0.248991 0.337522 0.251682 0.337522 0.253028 0.335727 0.25572 0.335727 0.257066 0.333932 0.261104 0.333932 0.26245 0.332136 0.265141 0.332136 0.258412 0.332136 0.257066 0.330341 0.251682 0.330341 0.250336 0.328546 0.248991 0.330341 0.230148 0.330341 0.228802 0.332136 0.205922 0.332136 0.204576 0.330341 0.201884 0.330341 0.200538 0.328546 0.152086 0.328546
1 0.765814 0.292639 0.765814 0.294434 0.764468 0.29623 0.764468 0.298025 0.77389 0.298025 0.775236 0.29982 0.775236 0.298025 0.776581 0.29623 0.776581 0.294434 0.76716 0.294434
1 0.829071 0.280072 0.827725 0.281867 0.82638 0.281867 0.825034 0.283662 0.823688 0.283662 0.822342 0.285458 0.820996 0.285458 0.81965 0.287253 0.811575 0.287253 0.810229 0.285458 0.803499 0.285458 0.802153 0.283662 0.802153 0.285458 0.800808 0.287253 0.800808 0.289048 0.799462 0.290844 0.811575 0.290844 0.812921 0.292639 0.814266 0.290844 0.835801 0.290844 0.835801 0.285458 0.837147 0.283662 0.837147 0.280072
1 0.967699 0.233393 0.966353 0.235189 0.965007 0.235189 0.963661 0.236984 0.960969 0.236984 0.959623 0.238779 0.958277 0.238779 0.956931 0.240575 0.95424 0.240575 0.952894 0.24237 0.951548 0.24237 0.950202 0.244165 0.950202 0.245961 0.948856 0.247756 0.948856 0.249551 0.94751 0.251346 0.946164 0.249551 0.944818 0.249551 0.943472 0.247756 0.940781 0.247756 0.939435 0.245961 0.936743 0.245961 0.935397 0.244165 0.934051 0.244165 0.932705 0.24237 0.928668 0.24237 0.927322 0.244165 0.925976 0.244165 0.92463 0.245961 0.923284 0.245961 0.921938 0.247756 0.913863 0.247756 0.912517 0.249551 0.904441 0.249551 0.904441 0.251346 0.905787 0.253142 0.905787 0.254937 0.907133 0.256732 0.909825 0.256732 0.911171 0.258528 0.913863 0.258528 0.915209 0.260323 0.915209 0.262118 0.913863 0.263914 0.913863 0.2693 0.912517 0.271095 0.912517 0.27289 0.916555 0.27289 0.9179 0.274686 0.923284 0.274686 0.92463 0.276481 0.928668 0.276481 0.930013 0.278276 0.934051 0.278276 0.935397 0.280072 0.940781 0.280072 0.942127 0.281867 0.946164 0.281867 0.95424 0.271095 0.955585 0.27289 0.956931 0.27289 0.958277 0.274686 0.959623 0.274686 0.962315 0.278276 0.963661 0.278276 0.965007 0.280072 0.966353 0.280072 0.967699 0.281867 0.982503 0.281867 0.983849 0.283662 0.983849 0.29623 0.986541 0.29623 0.987887 0.298025 0.990579 0.298025 0.991925 0.29982 0.995962 0.29982 0.997308 0.301616 0.998654 0.301616 0.998654 0.249551 0.997308 0.249551 0.995962 0.247756 0.994616 0.247756 0.993271 0.245961 0.990579 0.245961 0.989233 0.244165 0.987887 0.244165 0.986541 0.24237 0.985195 0.24237 0.983849 0.240575 0.982503 0.240575 0.981157 0.238779 0.979812 0.238779 0.978466 0.236984 0.975774 0.236984 0.974428 0.235189 0.973082 0.235189 0.971736 0.233393
1 0.386272 0.229803 0.376851 0.24237 0.370121 0.24237 0.368775 0.240575 0.367429 0.240575 0.363392 0.235189 0.359354 0.235189 0.358008 0.233393 0.355316 0.233393 0.35397 0.231598 0.352624 0.233393 0.348587 0.233393 0.347241 0.235189 0.341857 0.235189 0.340511 0.236984 0.336474 0.236984 0.339166 0.236984 0.340511 0.238779 0.341857 0.238779 0.343203 0.240575 0.345895 0.240575 0.347241 0.24237 0.348587 0.24237 0.349933 0.244165 0.352624 0.244165 0.35397 0.245961 0.352624 0.247756 0.351279 0.247756 0.348587 0.251346 0.347241 0.251346 0.344549 0.254937 0.318977 0.254937 0.317631 0.256732 0.316285 0.256732 0.314939 0.258528 0.312248 0.258528 0.310902 0.260323 0.309556 0.260323 0.30821 0.262118 0.306864 0.262118 0.305518 0.263914 0.302826 0.263914 0.298789 0.2693 0.297443 0.2693 0.293405 0.274686 0.283984 0.274686 0.282638 0.276481 0.281292 0.274686 0.281292 0.271095 0.279946 0.2693 0.279946 0.267504 0.270525 0.267504 0.269179 0.265709 0.265141 0.265709 0.263795 0.263914 0.261104 0.263914 0.259758 0.262118 0.257066 0.262118 0.25572 0.260323 0.254374 0.262118 0.242261 0.262118 0.240915 0.260323 0.238223 0.260323 0.236878 0.258528 0.235532 0.258528 0.234186 0.256732 0.231494 0.256732 0.230148 0.254937 0.228802 0.254937 0.227456 0.253142 0.223419 0.253142 0.222073 0.251346 0.218035 0.251346 0.216689 0.249551 0.212651 0.249551 0.211306 0.247756 0.207268 0.247756 0.205922 0.245961 0.204576 0.247756 0.201884 0.247756 0.200538 0.249551 0.199192 0.249551 0.197847 0.251346 0.195155 0.251346 0.193809 0.253142 0.192463 0.253142 0.191117 0.254937 0.188425 0.254937 0.187079 0.256732 0.184388 0.256732 0.183042 0.258528 0.181696 0.258528 0.18035 0.260323 0.177658 0.260323 0.176312 0.262118 0.174966 0.262118 0.17362 0.263914 0.170929 0.263914 0.169583 0.265709 0.15747 0.265709 0.158816 0.265709 0.161507 0.2693 0.162853 0.2693 0.165545 0.27289 0.166891 0.27289 0.169583 0.276481 0.172275 0.276481 0.17362 0.278276 0.18035 0.278276 0.181696 0.280072 0.187079 0.280072 0.188425 0.281867 0.195155 0.281867 0.196501 0.283662 0.201884 0.283662 0.20323 0.285458 0.20996 0.285458 0.211306 0.287253 0.227456 0.287253 0.228802 0.289048 0.312248 0.289048 0.313594 0.287253 0.317631 0.287253 0.318977 0.285458 0.321669 0.285458 0.323015 0.283662 0.327052 0.283662 0.328398 0.281867 0.329744 0.283662 0.33782 0.283662 0.339166 0.285458 0.348587 0.285458 0.349933 0.287253 0.358008 0.287253 0.359354 0.289048 0.46568 0.289048 0.467026 0.287253 0.468371 0.287253 0.468371 0.285458 0.469717 0.283662 0.469717 0.281867 0.471063 0.280072 0.414536 0.280072 0.41319 0.278276 0.409152 0.278276 0.407806 0.276481 0.405114 0.276481 0.403769 0.274686 0.399731 0.274686 0.398385 0.27289 0.397039 0.274686 0.393001 0.274686 0.391655 0.276481 0.387618 0.276481 0.386272 0.278276 0.382234 0.278276 0.380888 0.280072 0.351279 0.280072 0.349933 0.278276 0.344549 0.278276 0.343203 0.276481 0.33782 0.276481 0.336474 0.274686 0.33782 0.27289 0.349933 0.27289 0.351279 0.274686 0.358008 0.274686 0.359354 0.276481 0.363392 0.271095 0.372813 0.271095 0.374159 0.27289 0.382234 0.27289 0.38358 0.274686 0.384926 0.27289 0.387618 0.27289 0.388964 0.271095 0.39031 0.271095 0.391655 0.2693 0.394347 0.2693 0.395693 0.267504 0.398385 0.267504 0.399731 0.265709 0.401077 0.265709 0.402423 0.263914 0.405114 0.263914 0.40646 0.262118 0.415882 0.262118 0.417227 0.260323 0.425303 0.260323 0.426649 0.258528 0.434724 0.258528 0.43607 0.260323 0.43607 0.263914 0.444145 0.263914 0.445491 0.265709 0.448183 0.262118 0.449529 0.262118 0.452221 0.258528 0.457604 0.258528 0.45895 0.256732 0.464334 0.256732 0.464334 0.254937 0.462988 0.253142 0.462988 0.249551 0.461642 0.247756 0.461642 0.245961 0.445491 0.245961 0.444145 0.244165 0.427995 0.244165 0.426649 0.24237 0.425303 0.244165 0.410498 0.244165 0.409152 0.245961 0.398385 0.245961 0.395693 0.24237 0.394347 0.24237 0.393001 0.240575 0.391655 0.24237 0.387618 0.24237 0.386272 0.244165 0.38358 0.244165 0.382234 0.24237 0.384926 0.238779 0.384926 0.236984 0.39031 0.229803
1 0.415882 0.208259 0.414536 0.210054 0.332436 0.210054 0.33109 0.211849 0.223419 0.211849 0.222073 0.210054 0.222073 0.217235 0.283984 0.217235 0.28533 0.219031 0.329744 0.219031 0.33109 0.220826 0.375505 0.220826 0.376851 0.222621 0.438762 0.222621 0.438762 0.220826 0.440108 0.219031 0.440108 0.217235 0.43607 0.217235 0.434724 0.21544 0.432032 0.21544 0.430686 0.213645 0.426649 0.213645 0.425303 0.211849 0.422611 0.211849 0.421265 0.210054 0.417227 0.210054
1 0.495289 0.206463 0.493943 0.208259 0.48856 0.208259 0.487214 0.210054 0.483176 0.210054 0.48183 0.211849 0.444145 0.211849 0.444145 0.219031 0.452221 0.219031 0.453567 0.220826 0.461642 0.220826 0.462988 0.222621 0.472409 0.222621 0.473755 0.224417 0.48183 0.224417 0.483176 0.226212 0.491252 0.226212 0.492598 0.228007 0.519515 0.228007 0.520861 0.229803 0.546433 0.229803 0.547779 0.231598 0.555855 0.231598 0.557201 0.233393 0.557201 0.235189 0.555855 0.236984 0.546433 0.236984 0.546433 0.245961 0.559892 0.245961 0.561238 0.247756 0.576043 0.247756 0.577389 0.249551 0.590848 0.249551 0.592194 0.251346 0.631225 0.251346 0.632571 0.253142 0.64603 0.253142 0.647376 0.254937 0.648721 0.253142 0.651413 0.253142 0.652759 0.251346 0.655451 0.251346 0.652759 0.251346 0.651413 0.249551 0.650067 0.249551 0.648721 0.247756 0.64603 0.247756 0.644684 0.245961 0.643338 0.245961 0.641992 0.244165 0.637954 0.244165 0.636608 0.24237 0.632571 0.24237 0.631225 0.240575 0.628533 0.240575 0.627187 0.238779 0.623149 0.238779 0.621803 0.236984 0.620458 0.236984 0.617766 0.233393 0.61642 0.233393 0.613728 0.229803 0.612382 0.229803 0.60969 0.226212 0.608345 0.226212 0.606999 0.224417 0.580081 0.224417 0.578735 0.222621 0.565276 0.222621 0.56393 0.220826 0.551817 0.220826 0.550471 0.219031 0.532974 0.219031 0.531629 0.217235 0.514132 0.217235 0.506057 0.206463
1 0.23284 0.190305 0.231494 0.192101 0.231494 0.193896 0.228802 0.197487 0.231494 0.197487 0.23284 0.199282 0.234186 0.199282 0.235532 0.201077 0.243607 0.201077 0.244953 0.202873 0.244953 0.199282 0.246299 0.197487 0.246299 0.193896 0.240915 0.193896 0.239569 0.192101 0.234186 0.192101
1 0.602961 0.177738 0.596231 0.186715 0.602961 0.186715 0.604307 0.18851 0.605653 0.186715 0.606999 0.186715 0.608345 0.184919 0.629879 0.184919 0.631225 0.186715 0.631225 0.183124 0.632571 0.181329 0.632571 0.179533 0.604307 0.179533
1 0.703903 0.174147 0.702557 0.175943 0.702557 0.177738 0.699865 0.181329 0.699865 0.183124 0.697174 0.186715 0.697174 0.18851 0.694482 0.192101 0.694482 0.193896 0.69179 0.197487 0.690444 0.197487 0.689098 0.199282 0.687752 0.199282 0.686406 0.201077 0.685061 0.201077 0.682369 0.204668 0.681023 0.204668 0.679677 0.206463 0.678331 0.206463 0.676985 0.208259 0.651413 0.208259 0.650067 0.206463 0.627187 0.206463 0.621803 0.199282 0.621803 0.197487 0.619112 0.193896 0.617766 0.195691 0.600269 0.195691 0.600269 0.199282 0.598923 0.201077 0.598923 0.204668 0.60969 0.219031 0.640646 0.219031 0.641992 0.220826 0.6393 0.224417 0.637954 0.224417 0.636608 0.226212 0.615074 0.226212 0.61642 0.226212 0.619112 0.229803 0.620458 0.229803 0.623149 0.233393 0.654105 0.233393 0.659489 0.240575 0.660834 0.240575 0.667564 0.249551 0.694482 0.249551 0.695828 0.247756 0.69852 0.247756 0.699865 0.245961 0.707941 0.245961 0.709287 0.247756 0.71467 0.247756 0.716016 0.249551 0.720054 0.249551 0.7214 0.251346 0.726783 0.251346 0.728129 0.253142 0.733513 0.253142 0.734859 0.254937 0.740242 0.254937 0.741588 0.256732 0.746972 0.256732 0.748318 0.258528 0.748318 0.265709 0.749664 0.263914 0.783311 0.263914 0.786003 0.260323 0.787349 0.260323 0.786003 0.258528 0.784657 0.258528 0.781965 0.254937 0.784657 0.251346 0.784657 0.249551 0.79004 0.24237 0.800808 0.24237 0.802153 0.244165 0.807537 0.244165 0.808883 0.245961 0.814266 0.245961 0.815612 0.247756 0.812921 0.251346 0.811575 0.251346 0.808883 0.254937 0.807537 0.254937 0.815612 0.254937 0.816958 0.256732 0.823688 0.256732 0.825034 0.258528 0.827725 0.254937 0.829071 0.254937 0.831763 0.251346 0.850606 0.251346 0.851952 0.253142 0.854643 0.253142 0.855989 0.254937 0.860027 0.254937 0.861373 0.256732 0.864065 0.256732 0.86541 0.258528 0.86541 0.253142 0.866756 0.251346 0.866756 0.245961 0.862719 0.245961 0.861373 0.244165 0.857335 0.244165 0.855989 0.24237 0.851952 0.24237 0.850606 0.240575 0.847914 0.240575 0.846568 0.238779 0.84253 0.238779 0.841184 0.236984 0.837147 0.236984 0.835801 0.235189 0.841184 0.228007 0.843876 0.228007 0.845222 0.229803 0.847914 0.229803 0.84926 0.231598 0.853297 0.231598 0.854643 0.233393 0.857335 0.233393 0.858681 0.235189 0.862719 0.235189 0.864065 0.236984 0.866756 0.236984 0.868102 0.238779 0.869448 0.238779 0.870794 0.240575 0.873486 0.240575 0.874832 0.24237 0.876178 0.24237 0.877524 0.244165 0.880215 0.244165 0.881561 0.245961 0.882907 0.244165 0.885599 0.244165 0.886945 0.24237 0.889637 0.24237 0.890983 0.240575 0.893674 0.240575 0.89502 0.238779 0.909825 0.238779 0.911171 0.236984 0.913863 0.236984 0.915209 0.235189 0.916555 0.235189 0.9179 0.233393 0.920592 0.233393 0.921938 0.231598 0.923284 0.231598 0.92463 0.229803 0.927322 0.229803 0.928668 0.228007 0.930013 0.228007 0.931359 0.226212 0.934051 0.226212 0.934051 0.222621 0.935397 0.220826 0.935397 0.219031 0.934051 0.220826 0.930013 0.220826 0.928668 0.222621 0.92463 0.222621 0.923284 0.224417 0.919246 0.224417 0.9179 0.226212 0.913863 0.226212 0.912517 0.224417 0.912517 0.222621 0.908479 0.217235 0.908479 0.21544 0.904441 0.210054 0.904441 0.208259 0.903096 0.206463 0.90175 0.208259 0.866756 0.208259 0.866756 0.210054 0.86541 0.211849 0.86541 0.213645 0.864065 0.21544 0.864065 0.217235 0.862719 0.219031 0.830417 0.219031 0.829071 0.217235 0.812921 0.217235 0.811575 0.21544 0.804845 0.21544 0.803499 0.213645 0.803499 0.211849 0.804845 0.210054 0.804845 0.206463 0.800808 0.201077 0.802153 0.199282 0.803499 0.199282 0.806191 0.195691 0.807537 0.195691 0.810229 0.192101 0.81965 0.192101 0.81965 0.184919 0.818304 0.186715 0.814266 0.186715 0.812921 0.18851 0.808883 0.18851 0.807537 0.190305 0.803499 0.190305 0.802153 0.192101 0.79677 0.192101 0.795424 0.193896 0.791386 0.193896 0.79004 0.195691 0.780619 0.195691 0.780619 0.199282 0.781965 0.201077 0.781965 0.204668 0.780619 0.206463 0.779273 0.206463 0.776581 0.210054 0.775236 0.210054 0.772544 0.213645 0.771198 0.213645 0.768506 0.217235 0.768506 0.219031 0.765814 0.222621 0.759085 0.222621 0.757739 0.220826 0.760431 0.217235 0.761777 0.217235 0.764468 0.213645 0.765814 0.213645 0.764468 0.211849 0.764468 0.210054 0.763122 0.208259 0.763122 0.206463 0.736205 0.206463 0.734859 0.204668 0.726783 0.204668 0.726783 0.206463 0.724092 0.210054 0.724092 0.211849 0.7214 0.21544 0.720054 0.21544 0.725437 0.21544 0.726783 0.217235 0.729475 0.217235 0.730821 0.219031 0.734859 0.219031 0.736205 0.220826 0.738896 0.220826 0.740242 0.222621 0.738896 0.224417 0.734859 0.224417 0.733513 0.226212 0.728129 0.226212 0.726783 0.228007 0.7214 0.228007 0.720054 0.229803 0.713324 0.229803 0.711978 0.231598 0.702557 0.231598 0.701211 0.229803 0.697174 0.229803 0.695828 0.228007 0.694482 0.228007 0.693136 0.226212 0.69179 0.226212 0.689098 0.222621 0.687752 0.222621 0.685061 0.219031 0.685061 0.217235 0.683715 0.21544 0.683715 0.213645 0.686406 0.210054 0.687752 0.210054 0.690444 0.206463 0.69179 0.206463 0.694482 0.202873 0.695828 0.202873 0.69852 0.199282 0.69852 0.197487 0.699865 0.195691 0.699865 0.193896 0.701211 0.192101 0.701211 0.190305 0.703903 0.186715 0.703903 0.184919 0.705249 0.183124 0.705249 0.181329 0.706595 0.179533 0.706595 0.177738 0.707941 0.175943 0.705249 0.175943
1 0.17362 0.174147 0.17362 0.179533 0.172275 0.181329 0.172275 0.186715 0.187079 0.186715 0.187079 0.179533 0.184388 0.179533 0.183042 0.177738 0.179004 0.177738 0.177658 0.175943 0.174966 0.175943
1 0.048452 0.174147 0.04576 0.177738 0.044415 0.177738 0.041723 0.181329 0.040377 0.179533 0.037685 0.179533 0.036339 0.177738 0.033647 0.177738 0.033647 0.179533 0.032301 0.181329 0.032301 0.183124 0.030956 0.184919 0.030956 0.186715 0.02961 0.18851 0.02961 0.190305 0.028264 0.192101 0.028264 0.193896 0.026918 0.195691 0.026918 0.197487 0.025572 0.199282 0.026918 0.201077 0.026918 0.202873 0.028264 0.204668 0.028264 0.206463 0.02961 0.208259 0.02961 0.210054 0.030956 0.211849 0.030956 0.213645 0.074024 0.213645 0.078062 0.208259 0.07537 0.204668 0.074024 0.204668 0.068641 0.197487 0.067295 0.197487 0.063257 0.192101 0.063257 0.190305 0.061911 0.18851 0.061911 0.186715 0.060565 0.184919 0.060565 0.183124 0.059219 0.181329 0.059219 0.179533 0.057873 0.179533 0.056528 0.177738 0.055182 0.177738 0.053836 0.175943 0.05249 0.175943 0.051144 0.174147
1 0.519515 0.145422 0.51817 0.147217 0.515478 0.147217 0.514132 0.149013 0.512786 0.149013 0.51144 0.150808 0.508748 0.150808 0.507402 0.152603 0.506057 0.152603 0.504711 0.154399 0.503365 0.154399 0.500673 0.157989 0.499327 0.157989 0.497981 0.159785 0.496635 0.159785 0.495289 0.16158 0.493943 0.16158 0.492598 0.163375 0.491252 0.163375 0.489906 0.16158 0.489906 0.157989 0.491252 0.156194 0.492598 0.156194 0.493943 0.154399 0.495289 0.154399 0.496635 0.152603 0.497981 0.152603 0.497981 0.150808 0.499327 0.149013 0.499327 0.147217 0.485868 0.147217 0.484522 0.149013 0.48183 0.149013 0.480485 0.150808 0.476447 0.150808 0.475101 0.152603 0.46568 0.152603 0.464334 0.154399 0.453567 0.154399 0.452221 0.156194 0.449529 0.156194 0.448183 0.157989 0.444145 0.157989 0.442799 0.159785 0.440108 0.159785 0.438762 0.16158 0.434724 0.16158 0.434724 0.165171 0.432032 0.168761 0.418573 0.168761 0.418573 0.174147 0.429341 0.174147 0.430686 0.175943 0.441454 0.175943 0.442799 0.177738 0.442799 0.179533 0.444145 0.181329 0.444145 0.183124 0.456258 0.183124 0.457604 0.184919 0.468371 0.184919 0.469717 0.186715 0.471063 0.184919 0.515478 0.184919 0.515478 0.183124 0.514132 0.181329 0.514132 0.179533 0.512786 0.181329 0.492598 0.181329 0.491252 0.179533 0.491252 0.177738 0.489906 0.175943 0.491252 0.174147 0.526245 0.174147 0.527591 0.175943 0.527591 0.177738 0.526245 0.179533 0.526245 0.181329 0.530283 0.181329 0.531629 0.183124 0.531629 0.184919 0.530283 0.186715 0.530283 0.18851 0.562584 0.18851 0.56393 0.190305 0.561238 0.186715 0.561238 0.184919 0.558546 0.181329 0.559892 0.179533 0.561238 0.179533 0.562584 0.177738 0.56393 0.177738 0.562584 0.175943 0.562584 0.174147 0.56393 0.172352 0.585464 0.172352 0.573351 0.156194 0.550471 0.156194 0.549125 0.154399 0.546433 0.154399 0.545087 0.152603 0.543742 0.152603 0.542396 0.150808 0.535666 0.150808 0.53432 0.149013 0.528937 0.149013 0.527591 0.147217 0.520861 0.147217
1 0.73755 0.140036 0.736205 0.141831 0.69852 0.141831 0.69852 0.143627 0.699865 0.145422 0.699865 0.147217 0.701211 0.145422 0.707941 0.145422 0.709287 0.143627 0.71467 0.143627 0.716016 0.145422 0.716016 0.149013 0.71467 0.150808 0.71467 0.154399 0.713324 0.156194 0.697174 0.156194 0.697174 0.157989 0.69852 0.159785 0.69852 0.163375 0.699865 0.16158 0.717362 0.16158 0.718708 0.159785 0.7214 0.159785 0.722746 0.157989 0.724092 0.157989 0.725437 0.156194 0.728129 0.156194 0.729475 0.154399 0.749664 0.154399 0.752355 0.157989 0.753701 0.156194 0.756393 0.156194 0.752355 0.150808 0.753701 0.149013 0.757739 0.149013 0.757739 0.143627 0.748318 0.143627 0.746972 0.141831 0.738896 0.141831
1 0.620458 0.127469 0.619112 0.129264 0.597577 0.129264 0.597577 0.138241 0.621803 0.138241 0.623149 0.140036 0.66891 0.140036 0.66891 0.127469
1 0.825034 0.093357 0.825034 0.098743 0.82638 0.100539 0.82638 0.105925 0.825034 0.10772 0.820996 0.10772 0.81965 0.109515 0.816958 0.109515 0.823688 0.109515 0.825034 0.111311 0.843876 0.111311 0.845222 0.109515 0.850606 0.109515 0.839838 0.109515 0.838493 0.10772 0.838493 0.104129 0.831763 0.104129 0.830417 0.105925 0.829071 0.104129 0.829071 0.098743 0.827725 0.096948 0.827725 0.093357
