0 0.233704 0.768085 0.233704 0.770213 0.232114 0.77234 0.232114 0.774468 0.230525 0.776596 0.230525 0.778723 0.232114 0.780851 0.232114 0.782979 0.235294 0.787234 0.235294 0.789362 0.236884 0.791489 0.236884 0.793617 0.238474 0.795745 0.243243 0.789362 0.244833 0.789362 0.246423 0.787234 0.244833 0.785106 0.244833 0.782979 0.243243 0.780851 0.243243 0.778723 0.240064 0.774468 0.238474 0.774468
0 0.772655 0.744681 0.771065 0.746809 0.764706 0.746809 0.766296 0.748936 0.767886 0.748936 0.774245 0.757447 0.775835 0.757447 0.779014 0.761702 0.780604 0.761702 0.782194 0.76383 0.783784 0.76383 0.785374 0.765957 0.786963 0.765957 0.790143 0.770213 0.791733 0.770213 0.793323 0.77234 0.794913 0.77234 0.796502 0.774468 0.798092 0.774468 0.799682 0.776596 0.793323 0.785106 0.791733 0.785106 0.788553 0.789362 0.790143 0.789362 0.791733 0.791489 0.793323 0.791489 0.794913 0.793617 0.796502 0.793617 0.799682 0.797872 0.801272 0.797872 0.802862 0.8 0.804452 0.8 0.806041 0.802128 0.807631 0.8 0.807631 0.797872 0.809221 0.795745 0.809221 0.793617 0.812401 0.789362 0.812401 0.787234 0.81399 0.785106 0.81399 0.782979 0.81558 0.780851 0.812401 0.776596 0.810811 0.776596 0.806041 0.770213 0.804452 0.770213 0.802862 0.768085 0.801272 0.768085 0.799682 0.765957 0.798092 0.765957 0.796502 0.76383 0.794913 0.76383 0.793323 0.761702 0.791733 0.761702 0.790143 0.759574 0.788553 0.759574 0.786963 0.757447 0.785374 0.757447 0.782194 0.753191 0.780604 0.753191 0.777424 0.748936 0.775835 0.748936
0 0.882353 0.725532 0.877583 0.731915 0.877583 0.734043 0.875994 0.73617 0.875994 0.738298 0.874404 0.740426 0.874404 0.742553 0.882353 0.742553 0.883943 0.744681 0.893482 0.744681 0.893482 0.734043 0.891892 0.731915 0.891892 0.72766 0.883943 0.72766
0 0.656598 0.634043 0.655008 0.63617 0.651828 0.63617 0.650238 0.638298 0.643879 0.638298 0.643879 0.640426 0.642289 0.642553 0.642289 0.644681 0.645469 0.644681 0.647059 0.646809 0.648649 0.646809 0.650238 0.648936 0.655008 0.648936 0.656598 0.651064 0.656598 0.661702 0.658188 0.661702 0.659777 0.66383 0.661367 0.66383 0.662957 0.665957 0.667727 0.665957 0.669316 0.668085 0.670906 0.665957 0.670906 0.66383 0.678855 0.653191 0.685215 0.653191 0.686804 0.651064 0.686804 0.634043
0 0.573927 0.631915 0.572337 0.634043 0.558029 0.634043 0.556439 0.63617 0.54213 0.63617 0.54213 0.651064 0.54531 0.655319 0.5469 0.653191 0.577107 0.653191 0.578696 0.651064 0.581876 0.651064 0.583466 0.648936 0.586645 0.648936 0.588235 0.646809 0.589825 0.646809 0.591415 0.644681 0.594595 0.644681 0.594595 0.640426 0.596184 0.638298 0.596184 0.63617 0.591415 0.63617 0.589825 0.634043 0.575517 0.634043
0 0.4531 0.619149 0.45151 0.621277 0.443561 0.621277 0.441971 0.623404 0.432432 0.623404 0.430843 0.625532 0.422893 0.625532 0.422893 0.63617 0.421304 0.638298 0.421304 0.646809 0.429253 0.646809 0.434022 0.640426 0.435612 0.640426 0.437202 0.638298 0.438792 0.638298 0.440382 0.63617 0.45469 0.63617 0.45628 0.634043 0.467409 0.634043 0.467409 0.625532 0.464229 0.625532 0.462639 0.623404 0.459459 0.623404 0.45787 0.621277 0.45469 0.621277
0 0.780604 0.595745 0.779014 0.597872 0.774245 0.597872 0.772655 0.6 0.767886 0.6 0.761526 0.608511 0.764706 0.612766 0.764706 0.614894 0.766296 0.617021 0.767886 0.614894 0.775835 0.614894 0.779014 0.610638 0.790143 0.610638 0.791733 0.612766 0.802862 0.612766 0.804452 0.614894 0.81558 0.614894 0.81717 0.617021 0.81717 0.614894 0.81558 0.612766 0.81558 0.610638 0.81399 0.608511 0.81399 0.606383 0.812401 0.604255 0.812401 0.602128 0.802862 0.602128 0.801272 0.6 0.793323 0.6 0.791733 0.597872 0.782194 0.597872
0 0.581876 0.591489 0.580286 0.593617 0.564388 0.593617 0.562798 0.595745 0.550079 0.595745 0.54849 0.597872 0.534181 0.597872 0.534181 0.606383 0.537361 0.606383 0.538951 0.608511 0.54213 0.608511 0.54372 0.610638 0.54531 0.608511 0.565978 0.608511 0.567568 0.610638 0.581876 0.610638
0 0.621622 0.561702 0.620032 0.56383 0.618442 0.56383 0.615262 0.568085 0.613672 0.568085 0.612083 0.570213 0.610493 0.570213 0.607313 0.574468 0.605723 0.574468 0.604134 0.576596 0.602544 0.576596 0.600954 0.578723 0.599364 0.578723 0.596184 0.582979 0.594595 0.582979 0.594595 0.585106 0.593005 0.587234 0.593005 0.589362 0.594595 0.591489 0.610493 0.591489 0.612083 0.589362 0.613672 0.589362 0.616852 0.585106 0.618442 0.585106 0.621622 0.580851 0.623211 0.580851 0.624801 0.578723 0.626391 0.578723 0.629571 0.574468 0.631161 0.574468 0.631161 0.56383 0.623211 0.56383
0 0.643879 0.559574 0.643879 0.561702 0.642289 0.56383 0.642289 0.565957 0.6407 0.568085 0.648649 0.578723 0.650238 0.578723 0.655008 0.585106 0.656598 0.585106 0.659777 0.589362 0.666137 0.589362 0.667727 0.591489 0.669316 0.589362 0.670906 0.589362 0.672496 0.587234 0.675676 0.587234 0.675676 0.578723 0.677266 0.576596 0.677266 0.570213 0.674086 0.570213 0.672496 0.568085 0.670906 0.568085 0.669316 0.565957 0.666137 0.565957 0.664547 0.56383 0.655008 0.56383 0.653418 0.561702 0.645469 0.561702
0 0.91097 0.544681 0.90938 0.546809 0.903021 0.546809 0.903021 0.548936 0.901431 0.551064 0.901431 0.553191 0.899841 0.555319 0.899841 0.557447 0.901431 0.557447 0.903021 0.559574 0.90461 0.559574 0.90779 0.56383 0.90938 0.56383 0.91097 0.565957 0.91256 0.565957 0.914149 0.568085 0.915739 0.568085 0.917329 0.570213 0.918919 0.570213 0.920509 0.57234 0.922099 0.57234 0.925278 0.576596 0.926868 0.576596 0.928458 0.578723 0.930048 0.578723 0.931638 0.580851 0.933227 0.578723 0.936407 0.578723 0.936407 0.565957 0.934817 0.565957 0.931638 0.561702 0.930048 0.561702 0.926868 0.557447 0.925278 0.557447 0.923688 0.555319 0.922099 0.555319 0.918919 0.551064 0.917329 0.551064 0.914149 0.546809 0.91256 0.546809
0 0.329094 0.540426 0.327504 0.542553 0.322734 0.542553 0.321145 0.544681 0.316375 0.544681 0.316375 0.548936 0.317965 0.551064 0.317965 0.557447 0.325914 0.557447 0.327504 0.559574 0.335453 0.559574 0.337043 0.561702 0.344992 0.561702 0.346582 0.56383 0.354531 0.56383 0.356121 0.565957 0.36566 0.565957 0.36725 0.568085 0.368839 0.565957 0.368839 0.56383 0.372019 0.559574 0.372019 0.557447 0.373609 0.555319 0.373609 0.553191 0.372019 0.551064 0.372019 0.546809 0.3593 0.546809 0.357711 0.544681 0.344992 0.544681 0.343402 0.542553 0.330684 0.542553
0 0.858506 0.519149 0.860095 0.521277 0.860095 0.523404 0.863275 0.523404 0.864865 0.525532 0.868045 0.525532 0.869634 0.52766 0.871224 0.52766 0.872814 0.529787 0.875994 0.529787 0.877583 0.531915 0.882353 0.531915 0.883943 0.534043 0.888712 0.534043 0.890302 0.53617 0.890302 0.523404 0.874404 0.523404 0.872814 0.521277 0.860095 0.521277
0 0.36248 0.5 0.36248 0.502128 0.36407 0.504255 0.36407 0.506383 0.36725 0.506383 0.368839 0.508511 0.370429 0.508511 0.376789 0.517021 0.378378 0.517021 0.389507 0.531915 0.391097 0.531915 0.397456 0.540426 0.399046 0.540426 0.402226 0.544681 0.402226 0.546809 0.403816 0.548936 0.403816 0.553191 0.405405 0.551064 0.413355 0.551064 0.413355 0.548936 0.411765 0.546809 0.411765 0.544681 0.410175 0.542553 0.410175 0.540426 0.408585 0.538298 0.408585 0.53617 0.406995 0.534043 0.405405 0.534043 0.402226 0.529787 0.400636 0.529787 0.397456 0.525532 0.395866 0.525532 0.392687 0.521277 0.391097 0.521277 0.383148 0.510638 0.381558 0.510638 0.373609 0.5
0 0.917329 0.489362 0.917329 0.495745 0.915739 0.497872 0.915739 0.504255 0.917329 0.504255 0.918919 0.506383 0.920509 0.506383 0.922099 0.508511 0.958665 0.508511 0.960254 0.510638 0.960254 0.508511 0.958665 0.506383 0.958665 0.502128 0.957075 0.5 0.957075 0.497872 0.933227 0.497872 0.926868 0.489362
0 0.236884 0.482979 0.235294 0.485106 0.233704 0.485106 0.232114 0.487234 0.230525 0.487234 0.228935 0.489362 0.227345 0.489362 0.225755 0.491489 0.224165 0.491489 0.222576 0.493617 0.220986 0.493617 0.217806 0.497872 0.216216 0.497872 0.214626 0.5 0.213037 0.5 0.211447 0.502128 0.209857 0.502128 0.208267 0.504255 0.206677 0.504255 0.205087 0.506383 0.203498 0.506383 0.201908 0.508511 0.200318 0.508511 0.198728 0.510638 0.197138 0.510638 0.195548 0.512766 0.193959 0.512766 0.192369 0.514894 0.190779 0.514894 0.187599 0.519149 0.18601 0.519149 0.18442 0.521277 0.18283 0.521277 0.18124 0.523404 0.17965 0.523404 0.17806 0.525532 0.176471 0.525532 0.174881 0.52766 0.173291 0.52766 0.173291 0.529787 0.171701 0.531915 0.171701 0.53617 0.170111 0.538298 0.170111 0.544681 0.168521 0.546809 0.168521 0.551064 0.166932 0.553191 0.166932 0.555319 0.168521 0.557447 0.168521 0.559574 0.173291 0.559574 0.176471 0.555319 0.187599 0.555319 0.189189 0.553191 0.190779 0.553191 0.192369 0.551064 0.193959 0.551064 0.197138 0.546809 0.198728 0.546809 0.200318 0.544681 0.201908 0.544681 0.203498 0.542553 0.205087 0.542553 0.206677 0.540426 0.208267 0.540426 0.211447 0.53617 0.213037 0.53617 0.214626 0.534043 0.216216 0.534043 0.217806 0.531915 0.219396 0.531915 0.220986 0.529787 0.222576 0.529787 0.225755 0.525532 0.227345 0.525532 0.228935 0.523404 0.230525 0.523404 0.238474 0.512766 0.240064 0.512766 0.241653 0.510638 0.244833 0.510638 0.246423 0.512766 0.248013 0.512766 0.249603 0.514894 0.251192 0.514894 0.252782 0.517021 0.254372 0.517021 0.255962 0.519149 0.259141 0.519149 0.259141 0.495745 0.257552 0.493617 0.255962 0.493617 0.252782 0.489362 0.251192 0.489362 0.248013 0.485106 0.246423 0.485106 0.244833 0.482979
0 0.678855 0.46383 0.678855 0.476596 0.683625 0.476596 0.685215 0.478723 0.686804 0.478723 0.688394 0.480851 0.689984 0.480851 0.691574 0.482979 0.697933 0.482979 0.697933 0.480851 0.699523 0.478723 0.699523 0.47234 0.701113 0.470213 0.701113 0.465957 0.680445 0.465957
0 0.343402 0.374468 0.343402 0.378723 0.341812 0.380851 0.341812 0.382979 0.340223 0.385106 0.333863 0.385106 0.332273 0.387234 0.306836 0.387234 0.306836 0.391489 0.305246 0.393617 0.305246 0.4 0.303657 0.402128 0.303657 0.404255 0.348172 0.404255 0.352941 0.397872 0.352941 0.393617 0.354531 0.391489 0.354531 0.389362 0.352941 0.387234 0.352941 0.385106 0.351351 0.382979 0.351351 0.378723 0.349762 0.376596 0.349762 0.374468
0 0.243243 0.368085 0.241653 0.370213 0.232114 0.370213 0.232114 0.380851 0.240064 0.380851 0.241653 0.378723 0.241653 0.376596 0.243243 0.374468
0 0.589825 0.344681 0.588235 0.346809 0.586645 0.346809 0.585056 0.348936 0.583466 0.348936 0.583466 0.351064 0.585056 0.353191 0.585056 0.355319 0.586645 0.357447 0.586645 0.359574 0.593005 0.359574 0.594595 0.361702 0.600954 0.361702 0.602544 0.36383 0.608903 0.36383 0.608903 0.361702 0.610493 0.359574 0.610493 0.357447 0.612083 0.355319 0.612083 0.353191 0.613672 0.351064 0.613672 0.348936 0.607313 0.348936 0.605723 0.346809 0.591415 0.346809
0 0.195548 0.308511 0.193959 0.310638 0.190779 0.310638 0.189189 0.312766 0.18442 0.312766 0.18442 0.319149 0.18601 0.321277 0.187599 0.319149 0.198728 0.319149 0.198728 0.308511
0 0.476948 0.204255 0.475358 0.206383 0.467409 0.206383 0.464229 0.210638 0.462639 0.210638 0.462639 0.212766 0.461049 0.214894 0.461049 0.217021 0.459459 0.219149 0.459459 0.242553 0.461049 0.240426 0.467409 0.240426 0.468998 0.238298 0.481717 0.238298 0.483307 0.240426 0.484897 0.238298 0.488076 0.238298 0.489666 0.23617 0.492846 0.23617 0.494436 0.234043 0.494436 0.231915 0.497615 0.22766 0.499205 0.22766 0.499205 0.225532 0.497615 0.223404 0.497615 0.219149 0.496025 0.217021 0.496025 0.214894 0.494436 0.212766 0.492846 0.212766 0.491256 0.210638 0.489666 0.210638 0.488076 0.208511 0.486486 0.208511 0.484897 0.206383 0.478537 0.206383
0 0.670906 0.161702 0.667727 0.165957 0.666137 0.165957 0.664547 0.168085 0.666137 0.168085 0.667727 0.170213 0.683625 0.170213 0.682035 0.168085 0.682035 0.165957 0.678855 0.161702
1 0.241653 0.955319 0.240064 0.957447 0.216216 0.957447 0.214626 0.959574 0.206677 0.959574 0.205087 0.961702 0.198728 0.961702 0.197138 0.96383 0.170111 0.96383 0.168521 0.961702 0.163752 0.961702 0.162162 0.959574 0.162162 0.96383 0.160572 0.965957 0.160572 0.97234 0.157393 0.976596 0.154213 0.97234 0.152623 0.97234 0.149444 0.968085 0.139905 0.968085 0.136725 0.97234 0.138315 0.974468 0.138315 0.976596 0.141494 0.980851 0.141494 0.982979 0.146264 0.989362 0.146264 0.991489 0.149444 0.995745 0.149444 0.997872 0.246423 0.997872 0.248013 0.995745 0.254372 0.995745 0.255962 0.993617 0.263911 0.993617 0.27186 0.982979 0.27027 0.980851 0.27027 0.978723 0.26868 0.976596 0.26868 0.974468 0.267091 0.97234 0.263911 0.97234 0.262321 0.970213 0.259141 0.970213 0.257552 0.968085 0.255962 0.968085 0.254372 0.965957 0.251192 0.965957 0.248013 0.961702 0.246423 0.961702
1 0.100159 0.955319 0.096979 0.959574 0.096979 0.961702 0.09062 0.970213 0.09062 0.97234 0.082671 0.982979 0.082671 0.985106 0.079491 0.989362 0.081081 0.991489 0.081081 0.993617 0.08744 0.993617 0.09062 0.989362 0.09062 0.987234 0.09539 0.980851 0.09539 0.978723 0.100159 0.97234 0.100159 0.970213 0.103339 0.965957 0.103339 0.96383 0.101749 0.961702 0.101749 0.959574 0.100159 0.957447
1 0.82194 0.953191 0.82035 0.955319 0.81717 0.955319 0.81558 0.957447 0.812401 0.957447 0.810811 0.959574 0.807631 0.959574 0.806041 0.961702 0.801272 0.961702 0.799682 0.96383 0.794913 0.96383 0.791733 0.968085 0.790143 0.968085 0.788553 0.970213 0.790143 0.970213 0.791733 0.97234 0.794913 0.97234 0.796502 0.970213 0.801272 0.970213 0.802862 0.968085 0.806041 0.968085 0.807631 0.965957 0.81876 0.965957 0.82035 0.968085 0.82194 0.965957 0.82194 0.96383 0.825119 0.959574 0.823529 0.957447 0.823529 0.955319
1 0.220986 0.902128 0.219396 0.904255 0.217806 0.904255 0.216216 0.906383 0.214626 0.906383 0.213037 0.908511 0.209857 0.908511 0.208267 0.910638 0.206677 0.910638 0.205087 0.912766 0.195548 0.912766 0.193959 0.910638 0.193959 0.914894 0.192369 0.917021 0.192369 0.923404 0.190779 0.925532 0.190779 0.92766 0.189189 0.929787 0.189189 0.931915 0.187599 0.934043 0.192369 0.934043 0.193959 0.93617 0.197138 0.931915 0.198728 0.931915 0.205087 0.923404 0.206677 0.923404 0.211447 0.917021 0.213037 0.917021 0.216216 0.912766 0.217806 0.912766 0.219396 0.910638 0.220986 0.910638 0.222576 0.908511 0.225755 0.908511 0.227345 0.906383 0.228935 0.906383 0.227345 0.904255 0.227345 0.902128
1 0.696343 0.893617 0.696343 0.895745 0.694754 0.897872 0.694754 0.902128 0.693164 0.904255 0.693164 0.906383 0.694754 0.906383 0.697933 0.910638 0.705882 0.910638 0.705882 0.908511 0.704293 0.906383 0.704293 0.902128 0.702703 0.9 0.701113 0.9
1 0.014308 0.846809 0.014308 0.848936 0.012719 0.851064 0.012719 0.857447 0.011129 0.859574 0.011129 0.86383 0.009539 0.865957 0.009539 0.868085 0.006359 0.87234 0.004769 0.87234 0.00159 0.876596 0.0 0.876596 0.0 0.942553 0.020668 0.942553 0.022258 0.940426 0.036566 0.940426 0.038156 0.938298 0.041335 0.938298 0.042925 0.93617 0.044515 0.93617 0.046105 0.934043 0.049285 0.934043 0.049285 0.925532 0.050874 0.923404 0.050874 0.914894 0.052464 0.912766 0.052464 0.910638 0.054054 0.908511 0.055644 0.908511 0.057234 0.910638 0.058824 0.910638 0.060413 0.912766 0.062003 0.912766 0.063593 0.914894 0.073132 0.914894 0.074722 0.917021 0.074722 0.902128 0.062003 0.885106 0.060413 0.885106 0.058824 0.882979 0.055644 0.882979 0.054054 0.880851 0.052464 0.880851 0.050874 0.878723 0.049285 0.878723 0.047695 0.876596 0.046105 0.876596 0.044515 0.874468 0.041335 0.874468 0.039746 0.87234 0.038156 0.87234 0.033386 0.865957 0.033386 0.86383 0.028617 0.857447 0.028617 0.855319 0.027027 0.853191 0.023847 0.853191 0.022258 0.851064 0.020668 0.851064 0.019078 0.848936 0.015898 0.848936
1 0.243243 0.829787 0.243243 0.834043 0.244833 0.83617 0.244833 0.842553 0.241653 0.846809 0.241653 0.851064 0.240064 0.853191 0.240064 0.868085 0.241653 0.865957 0.244833 0.865957 0.246423 0.86383 0.249603 0.86383 0.251192 0.865957 0.252782 0.865957 0.255962 0.870213 0.257552 0.870213 0.260731 0.874468 0.26868 0.874468 0.26868 0.87234 0.27027 0.870213 0.27027 0.865957 0.27186 0.86383 0.27504 0.86383 0.278219 0.868085 0.282989 0.861702 0.284579 0.861702 0.286169 0.859574 0.284579 0.859574 0.282989 0.857447 0.281399 0.857447 0.279809 0.855319 0.278219 0.855319 0.27504 0.851064 0.27504 0.848936 0.27345 0.846809 0.27345 0.844681 0.27186 0.842553 0.27186 0.840426 0.27027 0.838298 0.27027 0.83617 0.26868 0.834043 0.251192 0.834043 0.249603 0.831915 0.244833 0.831915
1 0.763116 0.821277 0.761526 0.823404 0.758347 0.823404 0.756757 0.825532 0.751987 0.825532 0.751987 0.829787 0.748808 0.834043 0.739269 0.834043 0.742448 0.838298 0.742448 0.840426 0.744038 0.842553 0.745628 0.840426 0.748808 0.840426 0.750397 0.838298 0.759936 0.838298 0.761526 0.840426 0.764706 0.840426 0.766296 0.842553 0.767886 0.842553 0.769475 0.844681 0.772655 0.844681 0.774245 0.846809 0.775835 0.846809 0.777424 0.848936 0.779014 0.848936 0.780604 0.851064 0.785374 0.851064 0.786963 0.853191 0.791733 0.853191 0.794913 0.857447 0.796502 0.857447 0.799682 0.861702 0.801272 0.861702 0.804452 0.865957 0.806041 0.865957 0.809221 0.870213 0.81558 0.861702 0.81558 0.857447 0.81399 0.855319 0.81399 0.851064 0.809221 0.844681 0.801272 0.844681 0.799682 0.846809 0.791733 0.846809 0.790143 0.844681 0.788553 0.844681 0.785374 0.840426 0.783784 0.840426 0.777424 0.831915 0.777424 0.829787 0.774245 0.825532 0.769475 0.825532 0.767886 0.823404 0.764706 0.823404
1 0.372019 0.814894 0.368839 0.819149 0.368839 0.82766 0.370429 0.829787 0.372019 0.829787 0.375199 0.834043 0.376789 0.834043 0.379968 0.838298 0.379968 0.842553 0.381558 0.844681 0.381558 0.853191 0.383148 0.855319 0.383148 0.859574 0.381558 0.861702 0.368839 0.861702 0.36725 0.859574 0.36248 0.859574 0.36089 0.861702 0.357711 0.861702 0.356121 0.859574 0.356121 0.851064 0.352941 0.851064 0.351351 0.848936 0.349762 0.848936 0.348172 0.846809 0.348172 0.844681 0.346582 0.842553 0.346582 0.838298 0.344992 0.83617 0.344992 0.834043 0.340223 0.834043 0.338633 0.831915 0.333863 0.831915 0.324324 0.819149 0.322734 0.821277 0.316375 0.821277 0.303657 0.838298 0.303657 0.848936 0.302067 0.851064 0.302067 0.861702 0.303657 0.86383 0.303657 0.865957 0.305246 0.868085 0.305246 0.87234 0.306836 0.874468 0.306836 0.876596 0.308426 0.878723 0.308426 0.880851 0.306836 0.882979 0.292528 0.882979 0.292528 0.885106 0.290938 0.887234 0.290938 0.889362 0.289348 0.891489 0.289348 0.910638 0.287758 0.912766 0.284579 0.912766 0.282989 0.910638 0.282989 0.9 0.281399 0.897872 0.279809 0.9 0.278219 0.9 0.27504 0.904255 0.27345 0.904255 0.27186 0.906383 0.259141 0.906383 0.257552 0.904255 0.259141 0.902128 0.260731 0.902128 0.260731 0.897872 0.251192 0.897872 0.251192 0.9 0.249603 0.902128 0.251192 0.904255 0.251192 0.906383 0.252782 0.908511 0.252782 0.910638 0.254372 0.910638 0.257552 0.914894 0.259141 0.914894 0.260731 0.917021 0.26868 0.917021 0.27345 0.923404 0.27504 0.923404 0.279809 0.929787 0.278219 0.931915 0.27663 0.931915 0.27504 0.934043 0.27345 0.934043 0.27027 0.938298 0.26868 0.938298 0.267091 0.940426 0.265501 0.940426 0.263911 0.942553 0.262321 0.942553 0.262321 0.944681 0.263911 0.946809 0.263911 0.948936 0.265501 0.951064 0.265501 0.953191 0.27027 0.953191 0.27186 0.955319 0.279809 0.955319 0.281399 0.957447 0.287758 0.957447 0.290938 0.953191 0.292528 0.953191 0.294118 0.951064 0.302067 0.951064 0.303657 0.948936 0.306836 0.948936 0.308426 0.951064 0.310016 0.948936 0.311606 0.948936 0.313196 0.946809 0.314785 0.946809 0.316375 0.944681 0.317965 0.944681 0.319555 0.942553 0.321145 0.942553 0.322734 0.940426 0.324324 0.940426 0.325914 0.938298 0.327504 0.940426 0.327504 0.944681 0.325914 0.946809 0.325914 0.951064 0.327504 0.953191 0.327504 0.955319 0.329094 0.957447 0.329094 0.959574 0.330684 0.961702 0.330684 0.96383 0.332273 0.965957 0.332273 0.968085 0.333863 0.965957 0.341812 0.965957 0.341812 0.961702 0.343402 0.959574 0.343402 0.953191 0.344992 0.951064 0.344992 0.944681 0.346582 0.942553 0.346582 0.938298 0.348172 0.93617 0.351351 0.93617 0.352941 0.938298 0.352941 0.987234 0.3593 0.987234 0.3593 0.955319 0.36089 0.953191 0.36089 0.921277 0.36407 0.917021 0.36725 0.917021 0.368839 0.914894 0.373609 0.914894 0.375199 0.912766 0.378378 0.912766 0.379968 0.910638 0.392687 0.910638 0.394277 0.912766 0.394277 0.934043 0.399046 0.934043 0.400636 0.93617 0.400636 0.929787 0.402226 0.92766 0.402226 0.917021 0.403816 0.914894 0.403816 0.910638 0.406995 0.906383 0.414944 0.906383 0.416534 0.904255 0.424483 0.904255 0.426073 0.902128 0.434022 0.902128 0.435612 0.9 0.443561 0.9 0.445151 0.897872 0.461049 0.897872 0.462639 0.895745 0.473768 0.895745 0.475358 0.893617 0.486486 0.893617 0.489666 0.897872 0.489666 0.9 0.494436 0.906383 0.494436 0.908511 0.496025 0.910638 0.497615 0.910638 0.499205 0.912766 0.500795 0.912766 0.502385 0.914894 0.502385 0.912766 0.503975 0.910638 0.503975 0.908511 0.505564 0.906383 0.505564 0.904255 0.503975 0.902128 0.503975 0.9 0.499205 0.893617 0.499205 0.891489 0.497615 0.889362 0.499205 0.887234 0.505564 0.887234 0.507154 0.885106 0.515103 0.885106 0.515103 0.87234 0.510334 0.87234 0.508744 0.870213 0.507154 0.87234 0.500795 0.87234 0.499205 0.874468 0.492846 0.874468 0.491256 0.876596 0.483307 0.876596 0.481717 0.878723 0.475358 0.878723 0.473768 0.880851 0.467409 0.880851 0.465819 0.882979 0.459459 0.882979 0.45787 0.885106 0.449921 0.885106 0.448331 0.887234 0.441971 0.887234 0.440382 0.889362 0.434022 0.889362 0.432432 0.891489 0.426073 0.891489 0.424483 0.893617 0.416534 0.893617 0.414944 0.895745 0.408585 0.895745 0.406995 0.897872 0.402226 0.897872 0.400636 0.895745 0.400636 0.891489 0.399046 0.889362 0.399046 0.878723 0.397456 0.876596 0.397456 0.870213 0.399046 0.868085 0.402226 0.868085 0.405405 0.87234 0.406995 0.870213 0.411765 0.870213 0.414944 0.865957 0.413355 0.86383 0.413355 0.861702 0.411765 0.859574 0.411765 0.857447 0.410175 0.855319 0.408585 0.857447 0.397456 0.857447 0.395866 0.855319 0.395866 0.838298 0.394277 0.83617 0.394277 0.831915 0.392687 0.829787 0.392687 0.823404 0.391097 0.821277 0.391097 0.819149 0.387917 0.823404 0.386328 0.821277 0.386328 0.819149 0.384738 0.817021 0.373609 0.817021
1 0.526232 0.802128 0.523052 0.806383 0.521463 0.806383 0.516693 0.812766 0.515103 0.812766 0.511924 0.817021 0.510334 0.817021 0.497615 0.834043 0.496025 0.834043 0.492846 0.838298 0.491256 0.838298 0.488076 0.842553 0.486486 0.842553 0.483307 0.846809 0.481717 0.846809 0.478537 0.851064 0.476948 0.851064 0.475358 0.853191 0.473768 0.853191 0.470588 0.857447 0.468998 0.857447 0.468998 0.859574 0.470588 0.861702 0.470588 0.865957 0.472178 0.86383 0.483307 0.86383 0.484897 0.865957 0.486486 0.86383 0.486486 0.861702 0.488076 0.859574 0.488076 0.857447 0.489666 0.855319 0.489666 0.853191 0.494436 0.846809 0.496025 0.846809 0.499205 0.842553 0.500795 0.842553 0.503975 0.838298 0.507154 0.838298 0.508744 0.840426 0.508744 0.846809 0.510334 0.848936 0.510334 0.855319 0.511924 0.857447 0.511924 0.861702 0.513514 0.861702 0.515103 0.86383 0.518283 0.86383 0.519873 0.865957 0.521463 0.865957 0.523052 0.868085 0.526232 0.868085 0.527822 0.870213 0.529412 0.870213 0.531002 0.87234 0.529412 0.870213 0.529412 0.868085 0.527822 0.865957 0.527822 0.86383 0.526232 0.861702 0.526232 0.859574 0.524642 0.857447 0.524642 0.855319 0.523052 0.853191 0.523052 0.851064 0.524642 0.848936 0.527822 0.848936 0.529412 0.851064 0.535771 0.851064 0.537361 0.853191 0.54372 0.853191 0.54531 0.855319 0.551669 0.855319 0.553259 0.857447 0.559618 0.857447 0.561208 0.859574 0.567568 0.859574 0.569157 0.861702 0.569157 0.853191 0.558029 0.853191 0.556439 0.851064 0.5469 0.851064 0.54531 0.848936 0.534181 0.848936 0.532591 0.846809 0.531002 0.846809 0.529412 0.844681 0.527822 0.844681 0.526232 0.842553 0.524642 0.842553 0.521463 0.838298 0.519873 0.838298 0.516693 0.834043 0.518283 0.831915 0.519873 0.831915 0.521463 0.829787 0.523052 0.829787 0.524642 0.82766 0.526232 0.82766 0.527822 0.825532 0.529412 0.825532 0.532591 0.821277 0.54213 0.821277 0.54372 0.823404 0.54372 0.819149 0.54531 0.817021 0.54531 0.804255 0.532591 0.804255 0.531002 0.802128
1 0.171701 0.795745 0.155803 0.817021 0.154213 0.814894 0.152623 0.817021 0.149444 0.817021 0.147854 0.819149 0.146264 0.819149 0.144674 0.821277 0.141494 0.821277 0.139905 0.823404 0.136725 0.823404 0.135135 0.825532 0.133545 0.825532 0.131955 0.82766 0.128776 0.82766 0.128776 0.834043 0.130366 0.83617 0.130366 0.842553 0.131955 0.840426 0.136725 0.840426 0.138315 0.838298 0.144674 0.838298 0.147854 0.842553 0.149444 0.840426 0.151033 0.840426 0.152623 0.838298 0.155803 0.838298 0.157393 0.83617 0.157393 0.834043 0.160572 0.829787 0.163752 0.834043 0.163752 0.83617 0.166932 0.840426 0.162162 0.846809 0.160572 0.846809 0.157393 0.851064 0.160572 0.855319 0.160572 0.857447 0.162162 0.859574 0.152623 0.87234 0.152623 0.876596 0.151033 0.878723 0.151033 0.880851 0.152623 0.878723 0.160572 0.878723 0.162162 0.880851 0.162162 0.889362 0.160572 0.891489 0.160572 0.904255 0.158983 0.906383 0.158983 0.910638 0.157393 0.912766 0.157393 0.917021 0.155803 0.919149 0.155803 0.923404 0.154213 0.925532 0.154213 0.92766 0.152623 0.929787 0.152623 0.934043 0.151033 0.93617 0.151033 0.940426 0.149444 0.942553 0.149444 0.944681 0.147854 0.946809 0.147854 0.948936 0.144674 0.953191 0.149444 0.953191 0.151033 0.951064 0.152623 0.951064 0.154213 0.948936 0.157393 0.948936 0.158983 0.946809 0.170111 0.946809 0.173291 0.942553 0.174881 0.942553 0.174881 0.93617 0.173291 0.934043 0.173291 0.904255 0.171701 0.902128 0.171701 0.874468 0.173291 0.87234 0.173291 0.86383 0.174881 0.861702 0.174881 0.857447 0.176471 0.855319 0.176471 0.853191 0.17806 0.851064 0.17806 0.848936 0.18124 0.844681 0.18124 0.842553 0.18283 0.840426 0.18283 0.83617 0.18124 0.834043 0.18124 0.823404 0.17965 0.821277 0.17965 0.810638 0.17806 0.808511 0.17806 0.802128 0.176471 0.8 0.174881 0.8
1 0.662957 0.757447 0.661367 0.759574 0.659777 0.759574 0.658188 0.761702 0.655008 0.761702 0.653418 0.76383 0.651828 0.76383 0.650238 0.765957 0.647059 0.765957 0.647059 0.770213 0.648649 0.77234 0.648649 0.776596 0.658188 0.776596 0.659777 0.778723 0.659777 0.780851 0.658188 0.782979 0.658188 0.789362 0.656598 0.791489 0.656598 0.793617 0.655008 0.795745 0.63752 0.795745 0.63593 0.793617 0.631161 0.793617 0.629571 0.791489 0.629571 0.795745 0.627981 0.797872 0.627981 0.804255 0.626391 0.806383 0.626391 0.808511 0.624801 0.810638 0.624801 0.812766 0.623211 0.814894 0.623211 0.817021 0.621622 0.819149 0.621622 0.821277 0.623211 0.823404 0.623211 0.825532 0.624801 0.82766 0.624801 0.829787 0.626391 0.831915 0.63275 0.831915 0.63434 0.834043 0.63911 0.834043 0.6407 0.83617 0.647059 0.83617 0.648649 0.838298 0.650238 0.83617 0.662957 0.83617 0.664547 0.834043 0.667727 0.834043 0.669316 0.831915 0.677266 0.831915 0.678855 0.834043 0.677266 0.83617 0.675676 0.83617 0.675676 0.838298 0.677266 0.840426 0.677266 0.846809 0.678855 0.848936 0.678855 0.851064 0.680445 0.848936 0.682035 0.848936 0.683625 0.846809 0.685215 0.846809 0.686804 0.844681 0.688394 0.844681 0.689984 0.842553 0.691574 0.842553 0.693164 0.840426 0.694754 0.840426 0.696343 0.838298 0.697933 0.838298 0.699523 0.83617 0.710652 0.83617 0.712242 0.838298 0.713831 0.838298 0.72337 0.851064 0.72496 0.851064 0.72655 0.853191 0.72973 0.853191 0.73132 0.855319 0.732909 0.855319 0.734499 0.857447 0.734499 0.861702 0.736089 0.861702 0.739269 0.865957 0.745628 0.865957 0.750397 0.87234 0.750397 0.874468 0.751987 0.876596 0.759936 0.876596 0.761526 0.878723 0.761526 0.868085 0.759936 0.868085 0.758347 0.865957 0.756757 0.865957 0.755167 0.86383 0.753577 0.86383 0.751987 0.861702 0.750397 0.861702 0.747218 0.857447 0.747218 0.855319 0.745628 0.853191 0.745628 0.851064 0.744038 0.848936 0.73132 0.848936 0.72814 0.844681 0.72814 0.842553 0.72337 0.83617 0.72337 0.834043 0.721781 0.831915 0.720191 0.831915 0.718601 0.829787 0.717011 0.829787 0.715421 0.82766 0.712242 0.82766 0.710652 0.825532 0.709062 0.825532 0.707472 0.823404 0.705882 0.823404 0.704293 0.821277 0.702703 0.821277 0.701113 0.819149 0.697933 0.819149 0.696343 0.817021 0.694754 0.817021 0.693164 0.814894 0.691574 0.814894 0.689984 0.812766 0.688394 0.812766 0.686804 0.810638 0.683625 0.810638 0.682035 0.808511 0.680445 0.808511 0.678855 0.806383 0.677266 0.806383 0.675676 0.804255 0.675676 0.774468 0.674086 0.77234 0.674086 0.765957 0.672496 0.76383 0.672496 0.759574 0.664547 0.759574
1 0.441971 0.740426 0.440382 0.742553 0.440382 0.744681 0.438792 0.746809 0.438792 0.748936 0.437202 0.751064 0.437202 0.755319 0.435612 0.757447 0.435612 0.761702 0.434022 0.76383 0.434022 0.768085 0.432432 0.770213 0.432432 0.77234 0.430843 0.774468 0.430843 0.776596 0.429253 0.778723 0.429253 0.780851 0.427663 0.782979 0.427663 0.785106 0.426073 0.787234 0.426073 0.791489 0.424483 0.793617 0.424483 0.795745 0.422893 0.797872 0.422893 0.8 0.421304 0.802128 0.421304 0.804255 0.419714 0.806383 0.419714 0.808511 0.418124 0.810638 0.418124 0.821277 0.419714 0.823404 0.419714 0.831915 0.426073 0.831915 0.427663 0.834043 0.427663 0.831915 0.429253 0.829787 0.429253 0.82766 0.430843 0.825532 0.430843 0.821277 0.432432 0.819149 0.432432 0.817021 0.434022 0.814894 0.434022 0.812766 0.435612 0.810638 0.435612 0.806383 0.437202 0.804255 0.437202 0.802128 0.438792 0.8 0.438792 0.797872 0.440382 0.795745 0.440382 0.793617 0.441971 0.791489 0.441971 0.789362 0.443561 0.787234 0.445151 0.787234 0.446741 0.785106 0.446741 0.782979 0.448331 0.780851 0.448331 0.746809 0.446741 0.744681 0.445151 0.744681
1 0.308426 0.725532 0.306836 0.72766 0.303657 0.72766 0.302067 0.729787 0.297297 0.729787 0.297297 0.731915 0.295707 0.734043 0.295707 0.73617 0.294118 0.738298 0.294118 0.740426 0.290938 0.744681 0.289348 0.744681 0.287758 0.746809 0.284579 0.746809 0.282989 0.748936 0.281399 0.748936 0.279809 0.751064 0.27663 0.751064 0.27663 0.757447 0.278219 0.755319 0.284579 0.755319 0.286169 0.753191 0.294118 0.753191 0.295707 0.751064 0.302067 0.751064 0.302067 0.748936 0.303657 0.746809 0.303657 0.744681 0.305246 0.742553 0.305246 0.740426 0.303657 0.738298 0.303657 0.73617 0.305246 0.734043 0.305246 0.731915 0.306836 0.729787 0.306836 0.72766
1 0.783784 0.710638 0.782194 0.712766 0.777424 0.712766 0.775835 0.714894 0.769475 0.714894 0.769475 0.717021 0.767886 0.719149 0.767886 0.725532 0.766296 0.72766 0.766296 0.729787 0.783784 0.729787 0.785374 0.731915 0.785374 0.734043 0.786963 0.73617 0.786963 0.742553 0.785374 0.744681 0.785374 0.746809 0.783784 0.748936 0.779014 0.748936 0.777424 0.746809 0.775835 0.746809 0.777424 0.746809 0.780604 0.751064 0.782194 0.751064 0.785374 0.755319 0.786963 0.755319 0.788553 0.757447 0.790143 0.757447 0.791733 0.759574 0.793323 0.759574 0.794913 0.761702 0.796502 0.761702 0.798092 0.76383 0.799682 0.76383 0.801272 0.765957 0.802862 0.765957 0.804452 0.768085 0.806041 0.768085 0.810811 0.774468 0.812401 0.774468 0.81717 0.780851 0.81558 0.782979 0.81717 0.785106 0.81717 0.789362 0.81876 0.791489 0.81876 0.793617 0.82035 0.795745 0.82035 0.8 0.82194 0.802128 0.82194 0.804255 0.823529 0.804255 0.825119 0.806383 0.828299 0.806383 0.829889 0.808511 0.831479 0.808511 0.833068 0.810638 0.834658 0.810638 0.836248 0.812766 0.839428 0.812766 0.841017 0.814894 0.842607 0.814894 0.844197 0.817021 0.847377 0.817021 0.848967 0.819149 0.850556 0.819149 0.852146 0.821277 0.853736 0.821277 0.855326 0.823404 0.858506 0.823404 0.860095 0.825532 0.861685 0.825532 0.863275 0.82766 0.863275 0.834043 0.861685 0.83617 0.844197 0.83617 0.842607 0.838298 0.841017 0.838298 0.839428 0.840426 0.837838 0.840426 0.847377 0.853191 0.858506 0.853191 0.861685 0.857447 0.861685 0.859574 0.863275 0.861702 0.863275 0.86383 0.864865 0.865957 0.864865 0.868085 0.866455 0.870213 0.866455 0.87234 0.868045 0.874468 0.868045 0.876596 0.871224 0.876596 0.872814 0.878723 0.875994 0.878723 0.877583 0.880851 0.880763 0.880851 0.882353 0.882979 0.883943 0.880851 0.895072 0.880851 0.896661 0.882979 0.898251 0.882979 0.899841 0.885106 0.901431 0.885106 0.90461 0.889362 0.9062 0.889362 0.90779 0.891489 0.90938 0.891489 0.91097 0.893617 0.91256 0.893617 0.914149 0.895745 0.917329 0.895745 0.918919 0.897872 0.920509 0.897872 0.922099 0.9 0.925278 0.9 0.926868 0.902128 0.928458 0.902128 0.930048 0.904255 0.933227 0.904255 0.934817 0.906383 0.936407 0.906383 0.937997 0.908511 0.939587 0.906383 0.949126 0.906383 0.950715 0.908511 0.950715 0.910638 0.952305 0.912766 0.952305 0.919149 0.953895 0.919149 0.955485 0.921277 0.958665 0.921277 0.960254 0.923404 0.961844 0.923404 0.963434 0.925532 0.965024 0.925532 0.966614 0.92766 0.969793 0.92766 0.971383 0.929787 0.972973 0.929787 0.974563 0.931915 0.976153 0.931915 0.977742 0.934043 0.979332 0.934043 0.980922 0.93617 0.984102 0.93617 0.985692 0.938298 0.987281 0.938298 0.988871 0.940426 0.990461 0.940426 0.992051 0.942553 0.995231 0.942553 0.99682 0.944681 0.99841 0.944681 0.99841 0.725532 0.995231 0.725532 0.993641 0.72766 0.990461 0.72766 0.988871 0.729787 0.985692 0.729787 0.984102 0.731915 0.980922 0.731915 0.979332 0.734043 0.976153 0.734043 0.974563 0.73617 0.971383 0.73617 0.969793 0.738298 0.947536 0.738298 0.945946 0.73617 0.941176 0.73617 0.939587 0.734043 0.934817 0.734043 0.933227 0.731915 0.926868 0.731915 0.925278 0.729787 0.920509 0.729787 0.918919 0.72766 0.91256 0.72766 0.91097 0.725532 0.90938 0.725532 0.90779 0.723404 0.90461 0.723404 0.903021 0.721277 0.901431 0.721277 0.899841 0.719149 0.898251 0.719149 0.896661 0.717021 0.887122 0.717021 0.885533 0.714894 0.877583 0.714894 0.875994 0.712766 0.874404 0.714894 0.833068 0.714894 0.831479 0.712766 0.829889 0.714894 0.828299 0.714894 0.825119 0.719149 0.823529 0.719149 0.82035 0.723404 0.798092 0.723404 0.796502 0.721277 0.794913 0.721277 0.791733 0.717021 0.790143 0.717021 0.786963 0.712766 0.785374 0.712766
1 0.599364 0.708511 0.597774 0.710638 0.581876 0.710638 0.580286 0.712766 0.580286 0.714894 0.577107 0.719149 0.577107 0.721277 0.575517 0.723404 0.572337 0.719149 0.572337 0.717021 0.569157 0.712766 0.565978 0.717021 0.564388 0.717021 0.564388 0.72766 0.565978 0.729787 0.565978 0.738298 0.564388 0.740426 0.564388 0.751064 0.567568 0.751064 0.569157 0.753191 0.572337 0.753191 0.573927 0.755319 0.578696 0.755319 0.580286 0.757447 0.583466 0.753191 0.585056 0.753191 0.586645 0.751064 0.589825 0.751064 0.589825 0.748936 0.591415 0.746809 0.594595 0.746809 0.596184 0.744681 0.597774 0.744681 0.596184 0.742553 0.596184 0.740426 0.594595 0.738298 0.594595 0.73617 0.597774 0.731915 0.600954 0.731915 0.602544 0.734043 0.604134 0.734043 0.605723 0.73617 0.607313 0.73617 0.608903 0.738298 0.608903 0.740426 0.610493 0.742553 0.610493 0.746809 0.612083 0.746809 0.613672 0.748936 0.613672 0.746809 0.615262 0.744681 0.616852 0.744681 0.618442 0.746809 0.620032 0.746809 0.623211 0.751064 0.624801 0.751064 0.626391 0.753191 0.627981 0.753191 0.629571 0.755319 0.63275 0.751064 0.623211 0.738298 0.623211 0.72766 0.624801 0.725532 0.624801 0.717021 0.620032 0.717021 0.618442 0.714894 0.618442 0.717021 0.616852 0.719149 0.616852 0.723404 0.615262 0.725532 0.615262 0.72766 0.613672 0.729787 0.612083 0.729787 0.608903 0.725532 0.608903 0.723404 0.604134 0.717021 0.604134 0.714894 0.605723 0.712766 0.604134 0.712766 0.602544 0.710638 0.600954 0.710638
1 0.36089 0.708511 0.3593 0.710638 0.357711 0.710638 0.356121 0.712766 0.352941 0.712766 0.351351 0.714894 0.349762 0.714894 0.348172 0.717021 0.344992 0.717021 0.343402 0.719149 0.343402 0.721277 0.338633 0.72766 0.338633 0.729787 0.337043 0.731915 0.337043 0.734043 0.338633 0.73617 0.338633 0.738298 0.340223 0.740426 0.340223 0.742553 0.351351 0.742553 0.352941 0.744681 0.356121 0.744681 0.357711 0.746809 0.36089 0.746809 0.36248 0.748936 0.36407 0.748936 0.36566 0.751064 0.36566 0.755319 0.36725 0.757447 0.36725 0.76383 0.378378 0.76383 0.378378 0.757447 0.379968 0.755319 0.379968 0.734043 0.381558 0.731915 0.381558 0.729787 0.383148 0.72766 0.383148 0.725532 0.384738 0.723404 0.384738 0.721277 0.386328 0.719149 0.386328 0.717021 0.387917 0.714894 0.387917 0.712766 0.386328 0.710638 0.386328 0.708511 0.384738 0.710638 0.383148 0.710638 0.381558 0.712766 0.379968 0.712766 0.378378 0.714894 0.375199 0.714894 0.373609 0.712766 0.372019 0.712766 0.370429 0.710638 0.36248 0.710638
1 0.591415 0.685106 0.589825 0.687234 0.589825 0.689362 0.588235 0.691489 0.589825 0.691489 0.591415 0.693617 0.593005 0.693617 0.594595 0.695745 0.596184 0.693617 0.608903 0.693617 0.610493 0.691489 0.623211 0.691489 0.623211 0.685106
1 0.662957 0.680851 0.658188 0.687234 0.659777 0.687234 0.661367 0.689362 0.662957 0.689362 0.664547 0.691489 0.680445 0.691489 0.682035 0.693617 0.682035 0.697872 0.680445 0.7 0.680445 0.706383 0.682035 0.708511 0.682035 0.712766 0.693164 0.712766 0.694754 0.714894 0.72973 0.714894 0.73132 0.717021 0.739269 0.717021 0.740859 0.719149 0.740859 0.717021 0.739269 0.714894 0.739269 0.712766 0.737679 0.710638 0.737679 0.708511 0.736089 0.706383 0.736089 0.704255 0.734499 0.702128 0.734499 0.7 0.732909 0.697872 0.73132 0.697872 0.72814 0.693617 0.72655 0.693617 0.718601 0.682979 0.664547 0.682979
1 0.00318 0.674468 0.004769 0.676596 0.006359 0.676596 0.011129 0.682979 0.014308 0.682979 0.015898 0.685106 0.020668 0.685106 0.022258 0.687234 0.022258 0.689362 0.023847 0.691489 0.023847 0.693617 0.025437 0.695745 0.025437 0.697872 0.023847 0.7 0.023847 0.702128 0.020668 0.706383 0.020668 0.708511 0.017488 0.712766 0.017488 0.714894 0.014308 0.719149 0.014308 0.721277 0.011129 0.725532 0.006359 0.725532 0.004769 0.72766 0.00159 0.72766 0.0 0.729787 0.0 0.742553 0.006359 0.751064 0.006359 0.753191 0.011129 0.759574 0.009539 0.761702 0.009539 0.76383 0.007949 0.765957 0.007949 0.768085 0.006359 0.770213 0.006359 0.77234 0.0 0.780851 0.0 0.793617 0.00159 0.791489 0.00318 0.791489 0.004769 0.789362 0.007949 0.789362 0.009539 0.787234 0.011129 0.787234 0.012719 0.785106 0.015898 0.785106 0.017488 0.782979 0.019078 0.782979 0.022258 0.778723 0.022258 0.776596 0.025437 0.77234 0.028617 0.77234 0.031797 0.776596 0.031797 0.778723 0.033386 0.780851 0.033386 0.782979 0.034976 0.785106 0.034976 0.787234 0.033386 0.789362 0.030207 0.789362 0.028617 0.791489 0.023847 0.791489 0.022258 0.793617 0.020668 0.793617 0.019078 0.795745 0.017488 0.795745 0.015898 0.797872 0.014308 0.797872 0.012719 0.8 0.012719 0.802128 0.011129 0.804255 0.011129 0.806383 0.009539 0.808511 0.012719 0.812766 0.012719 0.814894 0.015898 0.819149 0.030207 0.819149 0.031797 0.817021 0.044515 0.817021 0.046105 0.814894 0.054054 0.814894 0.054054 0.812766 0.055644 0.810638 0.055644 0.808511 0.068362 0.791489 0.068362 0.789362 0.069952 0.787234 0.069952 0.785106 0.071542 0.782979 0.071542 0.780851 0.073132 0.778723 0.074722 0.780851 0.074722 0.782979 0.076312 0.785106 0.076312 0.791489 0.077901 0.793617 0.077901 0.8 0.082671 0.8 0.084261 0.802128 0.085851 0.802128 0.08903 0.806383 0.09062 0.806383 0.09221 0.808511 0.0938 0.808511 0.09539 0.810638 0.096979 0.810638 0.100159 0.814894 0.101749 0.814894 0.104928 0.819149 0.106518 0.819149 0.108108 0.821277 0.120827 0.821277 0.127186 0.812766 0.127186 0.810638 0.131955 0.804255 0.131955 0.802128 0.135135 0.797872 0.135135 0.795745 0.138315 0.791489 0.138315 0.789362 0.143084 0.782979 0.143084 0.780851 0.144674 0.778723 0.147854 0.778723 0.149444 0.780851 0.154213 0.780851 0.155803 0.782979 0.158983 0.782979 0.160572 0.785106 0.163752 0.785106 0.165342 0.787234 0.168521 0.787234 0.170111 0.789362 0.174881 0.789362 0.176471 0.791489 0.17965 0.791489 0.18124 0.793617 0.18124 0.774468 0.174881 0.765957 0.174881 0.76383 0.170111 0.757447 0.171701 0.755319 0.171701 0.753191 0.173291 0.751064 0.190779 0.751064 0.190779 0.697872 0.158983 0.697872 0.151033 0.687234 0.149444 0.687234 0.147854 0.685106 0.144674 0.685106 0.143084 0.682979 0.141494 0.682979 0.139905 0.680851 0.138315 0.680851 0.136725 0.678723 0.117647 0.678723 0.116057 0.680851 0.084261 0.680851 0.082671 0.678723 0.076312 0.678723 0.074722 0.676596 0.074722 0.682979 0.076312 0.685106 0.076312 0.693617 0.074722 0.695745 0.074722 0.697872 0.073132 0.7 0.069952 0.7 0.065183 0.693617 0.041335 0.693617 0.038156 0.689362 0.036566 0.689362 0.033386 0.685106 0.031797 0.685106 0.028617 0.680851 0.027027 0.680851 0.023847 0.676596 0.012719 0.676596 0.011129 0.674468
1 0.526232 0.66383 0.526232 0.665957 0.524642 0.668085 0.524642 0.670213 0.526232 0.67234 0.526232 0.674468 0.527822 0.676596 0.527822 0.678723 0.532591 0.685106 0.5469 0.685106 0.550079 0.689362 0.551669 0.689362 0.553259 0.691489 0.554849 0.691489 0.558029 0.695745 0.559618 0.695745 0.561208 0.697872 0.562798 0.695745 0.570747 0.695745 0.569157 0.693617 0.569157 0.689362 0.570747 0.687234 0.570747 0.685106 0.573927 0.680851 0.577107 0.680851 0.578696 0.678723 0.583466 0.678723 0.585056 0.676596 0.585056 0.674468 0.586645 0.67234 0.586645 0.670213 0.585056 0.668085 0.585056 0.665957 0.569157 0.665957 0.567568 0.66383 0.565978 0.665957 0.559618 0.665957 0.558029 0.668085 0.551669 0.668085 0.550079 0.670213 0.540541 0.670213 0.535771 0.66383
1 0.475358 0.648936 0.473768 0.651064 0.473768 0.653191 0.464229 0.665957 0.462639 0.665957 0.443561 0.691489 0.443561 0.719149 0.461049 0.719149 0.462639 0.717021 0.464229 0.717021 0.465819 0.719149 0.465819 0.721277 0.467409 0.723404 0.467409 0.72766 0.468998 0.729787 0.468998 0.731915 0.470588 0.729787 0.473768 0.729787 0.475358 0.72766 0.476948 0.72766 0.478537 0.725532 0.480127 0.725532 0.481717 0.723404 0.483307 0.723404 0.484897 0.721277 0.488076 0.721277 0.489666 0.719149 0.491256 0.719149 0.492846 0.717021 0.494436 0.717021 0.497615 0.712766 0.499205 0.712766 0.503975 0.706383 0.505564 0.706383 0.508744 0.702128 0.510334 0.702128 0.511924 0.7 0.511924 0.697872 0.513514 0.695745 0.513514 0.693617 0.515103 0.691489 0.515103 0.689362 0.516693 0.687234 0.516693 0.685106 0.507154 0.67234 0.505564 0.67234 0.503975 0.670213 0.502385 0.670213 0.499205 0.665957 0.497615 0.665957 0.496025 0.66383 0.494436 0.66383 0.483307 0.648936
1 0.227345 0.644681 0.225755 0.646809 0.203498 0.646809 0.203498 0.651064 0.201908 0.653191 0.201908 0.655319 0.205087 0.659574 0.205087 0.661702 0.206677 0.66383 0.211447 0.66383 0.213037 0.665957 0.217806 0.665957 0.219396 0.668085 0.228935 0.668085 0.230525 0.670213 0.230525 0.67234 0.232114 0.674468 0.232114 0.689362 0.230525 0.691489 0.230525 0.695745 0.228935 0.697872 0.220986 0.697872 0.217806 0.693617 0.217806 0.687234 0.216216 0.685106 0.216216 0.682979 0.206677 0.670213 0.205087 0.67234 0.203498 0.67234 0.201908 0.674468 0.200318 0.674468 0.198728 0.676596 0.197138 0.676596 0.197138 0.682979 0.198728 0.685106 0.198728 0.695745 0.200318 0.697872 0.200318 0.7 0.201908 0.702128 0.201908 0.706383 0.203498 0.708511 0.203498 0.714894 0.201908 0.717021 0.201908 0.723404 0.200318 0.725532 0.200318 0.731915 0.198728 0.734043 0.198728 0.73617 0.197138 0.738298 0.197138 0.742553 0.195548 0.744681 0.195548 0.746809 0.193959 0.748936 0.193959 0.751064 0.197138 0.751064 0.198728 0.748936 0.208267 0.748936 0.216216 0.738298 0.219396 0.738298 0.224165 0.731915 0.230525 0.731915 0.232114 0.729787 0.240064 0.729787 0.241653 0.731915 0.241653 0.734043 0.243243 0.73617 0.243243 0.744681 0.244833 0.746809 0.244833 0.751064 0.246423 0.748936 0.249603 0.748936 0.251192 0.746809 0.252782 0.746809 0.254372 0.744681 0.257552 0.744681 0.259141 0.742553 0.260731 0.742553 0.263911 0.738298 0.265501 0.738298 0.259141 0.729787 0.259141 0.72766 0.254372 0.721277 0.255962 0.719149 0.257552 0.719149 0.259141 0.717021 0.262321 0.717021 0.263911 0.714894 0.263911 0.712766 0.267091 0.708511 0.267091 0.697872 0.265501 0.697872 0.263911 0.695745 0.262321 0.695745 0.260731 0.693617 0.259141 0.693617 0.257552 0.691489 0.257552 0.689362 0.259141 0.687234 0.259141 0.682979 0.260731 0.680851 0.260731 0.676596 0.262321 0.674468 0.262321 0.67234 0.263911 0.670213 0.263911 0.668085 0.262321 0.665957 0.262321 0.66383 0.260731 0.661702 0.260731 0.659574 0.259141 0.657447 0.259141 0.655319 0.257552 0.653191 0.257552 0.651064 0.227345 0.651064 0.225755 0.648936 0.227345 0.646809
1 0.73132 0.625532 0.73132 0.631915 0.72973 0.634043 0.72973 0.63617 0.72814 0.638298 0.72496 0.634043 0.72337 0.634043 0.721781 0.631915 0.720191 0.634043 0.712242 0.634043 0.712242 0.640426 0.710652 0.642553 0.710652 0.651064 0.709062 0.653191 0.709062 0.655319 0.710652 0.657447 0.710652 0.659574 0.712242 0.661702 0.712242 0.66383 0.747218 0.66383 0.748808 0.665957 0.748808 0.66383 0.750397 0.661702 0.750397 0.659574 0.751987 0.657447 0.751987 0.655319 0.753577 0.653191 0.750397 0.653191 0.748808 0.651064 0.747218 0.651064 0.745628 0.648936 0.742448 0.648936 0.740859 0.646809 0.740859 0.644681 0.739269 0.642553 0.739269 0.62766 0.732909 0.62766
1 0.138315 0.625532 0.138315 0.62766 0.139905 0.629787 0.139905 0.631915 0.141494 0.634043 0.141494 0.63617 0.143084 0.638298 0.143084 0.640426 0.146264 0.644681 0.147854 0.644681 0.154213 0.653191 0.154213 0.661702 0.157393 0.665957 0.157393 0.668085 0.158983 0.670213 0.162162 0.665957 0.163752 0.665957 0.165342 0.66383 0.165342 0.661702 0.166932 0.659574 0.166932 0.657447 0.168521 0.655319 0.168521 0.653191 0.170111 0.651064 0.166932 0.646809 0.165342 0.646809 0.160572 0.640426 0.158983 0.640426 0.157393 0.638298 0.155803 0.638298 0.154213 0.63617 0.152623 0.63617 0.151033 0.634043 0.149444 0.634043 0.147854 0.631915 0.146264 0.631915 0.144674 0.629787 0.143084 0.629787 0.141494 0.62766 0.139905 0.62766
1 0.392687 0.614894 0.391097 0.617021 0.379968 0.617021 0.378378 0.619149 0.376789 0.619149 0.375199 0.621277 0.373609 0.621277 0.372019 0.623404 0.368839 0.623404 0.36725 0.625532 0.36566 0.625532 0.36407 0.62766 0.36248 0.62766 0.36248 0.63617 0.373609 0.63617 0.375199 0.634043 0.378378 0.634043 0.381558 0.638298 0.381558 0.648936 0.379968 0.651064 0.379968 0.66383 0.378378 0.665957 0.378378 0.678723 0.379968 0.676596 0.384738 0.676596 0.386328 0.674468 0.386328 0.67234 0.389507 0.668085 0.389507 0.665957 0.392687 0.661702 0.394277 0.661702 0.395866 0.659574 0.397456 0.659574 0.399046 0.657447 0.400636 0.657447 0.402226 0.659574 0.403816 0.659574 0.406995 0.66383 0.406995 0.665957 0.408585 0.668085 0.408585 0.674468 0.406995 0.676596 0.406995 0.678723 0.405405 0.680851 0.405405 0.682979 0.418124 0.682979 0.418124 0.676596 0.419714 0.674468 0.419714 0.66383 0.418124 0.661702 0.418124 0.653191 0.416534 0.651064 0.416534 0.640426 0.414944 0.638298 0.414944 0.629787 0.413355 0.62766 0.413355 0.621277 0.411765 0.619149 0.411765 0.614894 0.410175 0.617021 0.394277 0.617021
1 0.972973 0.604255 0.971383 0.606383 0.968203 0.606383 0.966614 0.608511 0.965024 0.608511 0.963434 0.610638 0.960254 0.610638 0.952305 0.621277 0.955485 0.621277 0.957075 0.623404 0.965024 0.623404 0.969793 0.617021 0.971383 0.617021 0.972973 0.614894 0.974563 0.614894 0.976153 0.612766 0.977742 0.612766 0.979332 0.610638 0.987281 0.610638 0.985692 0.608511 0.985692 0.606383 0.984102 0.604255
1 0.012719 0.546809 0.012719 0.548936 0.014308 0.551064 0.014308 0.565957 0.011129 0.570213 0.009539 0.570213 0.006359 0.574468 0.004769 0.574468 0.00159 0.578723 0.0 0.578723 0.0 0.593617 0.00318 0.597872 0.004769 0.597872 0.007949 0.602128 0.009539 0.602128 0.011129 0.604255 0.012719 0.604255 0.014308 0.606383 0.017488 0.606383 0.020668 0.602128 0.022258 0.602128 0.023847 0.6 0.027027 0.6 0.028617 0.597872 0.030207 0.597872 0.031797 0.595745 0.034976 0.595745 0.036566 0.593617 0.038156 0.595745 0.038156 0.602128 0.036566 0.604255 0.036566 0.610638 0.034976 0.612766 0.033386 0.612766 0.031797 0.614894 0.030207 0.614894 0.028617 0.617021 0.027027 0.617021 0.025437 0.619149 0.025437 0.621277 0.022258 0.625532 0.022258 0.62766 0.019078 0.631915 0.017488 0.631915 0.014308 0.63617 0.012719 0.63617 0.011129 0.638298 0.009539 0.638298 0.007949 0.640426 0.006359 0.640426 0.00318 0.644681 0.00159 0.644681 0.0 0.646809 0.0 0.661702 0.009539 0.661702 0.011129 0.659574 0.012719 0.659574 0.014308 0.657447 0.015898 0.657447 0.017488 0.655319 0.028617 0.655319 0.030207 0.657447 0.033386 0.657447 0.034976 0.659574 0.036566 0.659574 0.038156 0.661702 0.039746 0.661702 0.041335 0.66383 0.042925 0.661702 0.08903 0.661702 0.09062 0.66383 0.100159 0.66383 0.101749 0.661702 0.101749 0.659574 0.103339 0.657447 0.103339 0.651064 0.101749 0.648936 0.101749 0.642553 0.103339 0.640426 0.103339 0.638298 0.104928 0.63617 0.111288 0.63617 0.112878 0.638298 0.114467 0.63617 0.114467 0.634043 0.116057 0.631915 0.109698 0.623404 0.109698 0.621277 0.111288 0.619149 0.111288 0.617021 0.112878 0.614894 0.112878 0.612766 0.114467 0.610638 0.114467 0.606383 0.116057 0.604255 0.116057 0.597872 0.117647 0.595745 0.117647 0.593617 0.112878 0.593617 0.111288 0.591489 0.108108 0.591489 0.103339 0.585106 0.103339 0.582979 0.101749 0.580851 0.104928 0.576596 0.106518 0.576596 0.109698 0.57234 0.111288 0.57234 0.111288 0.570213 0.109698 0.568085 0.109698 0.565957 0.108108 0.56383 0.108108 0.561702 0.096979 0.561702 0.09539 0.559574 0.055644 0.559574 0.054054 0.557447 0.041335 0.557447 0.039746 0.555319 0.027027 0.555319 0.025437 0.553191 0.025437 0.546809
1 0.987281 0.540426 0.985692 0.542553 0.972973 0.542553 0.971383 0.544681 0.960254 0.544681 0.958665 0.546809 0.945946 0.546809 0.944356 0.548936 0.931638 0.548936 0.931638 0.551064 0.930048 0.553191 0.931638 0.551064 0.949126 0.551064 0.950715 0.548936 0.968203 0.548936 0.969793 0.546809 0.987281 0.546809
1 0.63434 0.523404 0.63275 0.525532 0.631161 0.525532 0.627981 0.529787 0.626391 0.529787 0.624801 0.531915 0.623211 0.531915 0.620032 0.53617 0.618442 0.53617 0.616852 0.538298 0.615262 0.538298 0.612083 0.542553 0.610493 0.542553 0.608903 0.544681 0.607313 0.544681 0.604134 0.548936 0.602544 0.548936 0.602544 0.551064 0.600954 0.553191 0.600954 0.555319 0.599364 0.557447 0.605723 0.557447 0.608903 0.553191 0.610493 0.553191 0.615262 0.546809 0.616852 0.546809 0.621622 0.540426 0.623211 0.540426 0.626391 0.53617 0.627981 0.53617 0.63275 0.529787 0.63434 0.529787 0.63593 0.52766 0.63434 0.525532
1 0.848967 0.519149 0.847377 0.521277 0.837838 0.521277 0.836248 0.523404 0.825119 0.523404 0.823529 0.525532 0.82035 0.525532 0.81876 0.52766 0.81558 0.52766 0.81558 0.531915 0.81399 0.534043 0.81399 0.53617 0.81558 0.53617 0.81876 0.540426 0.82035 0.540426 0.82194 0.542553 0.82194 0.557447 0.82035 0.559574 0.82035 0.561702 0.81876 0.56383 0.81876 0.565957 0.82194 0.565957 0.823529 0.568085 0.826709 0.568085 0.828299 0.570213 0.829889 0.570213 0.831479 0.57234 0.834658 0.57234 0.836248 0.574468 0.837838 0.57234 0.841017 0.57234 0.839428 0.570213 0.839428 0.568085 0.837838 0.565957 0.837838 0.56383 0.836248 0.561702 0.836248 0.553191 0.837838 0.551064 0.841017 0.551064 0.842607 0.548936 0.845787 0.548936 0.847377 0.546809 0.850556 0.546809 0.850556 0.542553 0.844197 0.542553 0.842607 0.540426 0.834658 0.540426 0.828299 0.531915 0.829889 0.529787 0.834658 0.529787 0.836248 0.52766 0.848967 0.52766 0.848967 0.525532 0.850556 0.523404 0.848967 0.521277
1 0.674086 0.502128 0.672496 0.504255 0.666137 0.504255 0.664547 0.506383 0.645469 0.506383 0.643879 0.504255 0.6407 0.504255 0.6407 0.506383 0.642289 0.508511 0.642289 0.510638 0.656598 0.510638 0.658188 0.512766 0.656598 0.514894 0.656598 0.517021 0.651828 0.523404 0.651828 0.525532 0.650238 0.52766 0.650238 0.529787 0.651828 0.531915 0.651828 0.534043 0.653418 0.53617 0.653418 0.538298 0.655008 0.540426 0.655008 0.542553 0.664547 0.542553 0.666137 0.544681 0.686804 0.544681 0.688394 0.546809 0.689984 0.544681 0.697933 0.544681 0.697933 0.531915 0.696343 0.529787 0.694754 0.529787 0.691574 0.525532 0.691574 0.510638 0.685215 0.502128
1 0.340223 0.495745 0.338633 0.497872 0.337043 0.497872 0.335453 0.5 0.332273 0.5 0.330684 0.502128 0.329094 0.502128 0.327504 0.504255 0.306836 0.504255 0.302067 0.510638 0.302067 0.512766 0.297297 0.519149 0.27186 0.519149 0.27027 0.521277 0.267091 0.521277 0.265501 0.523404 0.260731 0.523404 0.259141 0.525532 0.252782 0.525532 0.251192 0.52766 0.240064 0.52766 0.238474 0.525532 0.236884 0.52766 0.233704 0.52766 0.232114 0.529787 0.227345 0.529787 0.227345 0.531915 0.225755 0.534043 0.225755 0.538298 0.224165 0.540426 0.224165 0.546809 0.222576 0.548936 0.222576 0.553191 0.220986 0.555319 0.219396 0.553191 0.219396 0.551064 0.217806 0.548936 0.217806 0.546809 0.216216 0.544681 0.216216 0.542553 0.214626 0.540426 0.214626 0.538298 0.211447 0.542553 0.209857 0.542553 0.209857 0.544681 0.208267 0.546809 0.208267 0.551064 0.205087 0.555319 0.200318 0.555319 0.192369 0.565957 0.197138 0.57234 0.198728 0.57234 0.200318 0.574468 0.201908 0.574468 0.203498 0.576596 0.205087 0.576596 0.208267 0.580851 0.209857 0.580851 0.211447 0.582979 0.213037 0.582979 0.214626 0.585106 0.216216 0.582979 0.219396 0.582979 0.220986 0.580851 0.227345 0.580851 0.228935 0.578723 0.228935 0.576596 0.232114 0.57234 0.235294 0.57234 0.236884 0.574468 0.238474 0.574468 0.240064 0.576596 0.243243 0.576596 0.244833 0.578723 0.246423 0.578723 0.249603 0.582979 0.251192 0.582979 0.252782 0.585106 0.252782 0.595745 0.251192 0.597872 0.251192 0.6 0.252782 0.6 0.254372 0.602128 0.255962 0.602128 0.257552 0.604255 0.259141 0.604255 0.260731 0.606383 0.262321 0.606383 0.263911 0.608511 0.263911 0.610638 0.265501 0.612766 0.265501 0.614894 0.26868 0.619149 0.26868 0.621277 0.27027 0.623404 0.281399 0.623404 0.284579 0.619149 0.286169 0.619149 0.287758 0.617021 0.289348 0.619149 0.289348 0.621277 0.290938 0.623404 0.290938 0.625532 0.292528 0.62766 0.292528 0.638298 0.290938 0.640426 0.289348 0.640426 0.286169 0.644681 0.284579 0.644681 0.281399 0.648936 0.279809 0.648936 0.279809 0.655319 0.278219 0.657447 0.278219 0.661702 0.284579 0.670213 0.286169 0.668085 0.287758 0.668085 0.289348 0.665957 0.290938 0.665957 0.292528 0.66383 0.294118 0.66383 0.295707 0.661702 0.297297 0.661702 0.298887 0.659574 0.300477 0.659574 0.302067 0.657447 0.303657 0.657447 0.305246 0.655319 0.306836 0.655319 0.308426 0.653191 0.310016 0.653191 0.311606 0.651064 0.313196 0.651064 0.314785 0.648936 0.319555 0.648936 0.321145 0.646809 0.325914 0.646809 0.327504 0.644681 0.333863 0.644681 0.335453 0.642553 0.340223 0.642553 0.341812 0.640426 0.346582 0.640426 0.349762 0.63617 0.351351 0.63617 0.354531 0.631915 0.356121 0.631915 0.356121 0.625532 0.354531 0.623404 0.354531 0.614894 0.356121 0.612766 0.357711 0.612766 0.3593 0.610638 0.36089 0.610638 0.36248 0.608511 0.36566 0.608511 0.36725 0.606383 0.368839 0.606383 0.368839 0.6 0.36725 0.597872 0.36725 0.570213 0.36566 0.568085 0.356121 0.568085 0.354531 0.565957 0.346582 0.565957 0.344992 0.56383 0.337043 0.56383 0.335453 0.561702 0.327504 0.561702 0.325914 0.559574 0.317965 0.559574 0.316375 0.557447 0.316375 0.551064 0.314785 0.548936 0.314785 0.544681 0.316375 0.542553 0.321145 0.542553 0.322734 0.540426 0.327504 0.540426 0.329094 0.538298 0.348172 0.538298 0.348172 0.531915 0.349762 0.529787 0.349762 0.519149 0.351351 0.517021 0.351351 0.512766 0.344992 0.504255 0.344992 0.502128
1 0.055644 0.480851 0.054054 0.482979 0.015898 0.482979 0.014308 0.485106 0.012719 0.485106 0.011129 0.487234 0.007949 0.487234 0.006359 0.489362 0.004769 0.489362 0.00318 0.491489 0.0 0.491489 0.0 0.521277 0.006359 0.521277 0.007949 0.523404 0.014308 0.523404 0.015898 0.525532 0.022258 0.525532 0.023847 0.52766 0.025437 0.525532 0.028617 0.525532 0.030207 0.523404 0.033386 0.523404 0.034976 0.521277 0.038156 0.521277 0.039746 0.519149 0.047695 0.519149 0.049285 0.521277 0.049285 0.52766 0.047695 0.529787 0.047695 0.544681 0.054054 0.544681 0.055644 0.546809 0.055644 0.534043 0.058824 0.529787 0.066773 0.529787 0.068362 0.531915 0.077901 0.531915 0.079491 0.534043 0.100159 0.534043 0.101749 0.53617 0.112878 0.53617 0.117647 0.542553 0.117647 0.544681 0.122417 0.551064 0.122417 0.553191 0.124006 0.555319 0.124006 0.559574 0.125596 0.561702 0.125596 0.568085 0.127186 0.570213 0.127186 0.574468 0.128776 0.576596 0.128776 0.578723 0.130366 0.576596 0.147854 0.576596 0.149444 0.574468 0.149444 0.57234 0.151033 0.570213 0.151033 0.542553 0.152623 0.540426 0.152623 0.52766 0.151033 0.52766 0.149444 0.525532 0.147854 0.525532 0.144674 0.521277 0.143084 0.521277 0.141494 0.519149 0.143084 0.517021 0.149444 0.517021 0.152623 0.512766 0.154213 0.512766 0.154213 0.504255 0.152623 0.502128 0.152623 0.493617 0.149444 0.497872 0.147854 0.497872 0.144674 0.493617 0.143084 0.493617 0.138315 0.487234 0.131955 0.487234 0.130366 0.485106 0.124006 0.485106 0.122417 0.482979 0.082671 0.482979 0.081081 0.480851 0.079491 0.482979 0.076312 0.482979 0.074722 0.485106 0.073132 0.485106 0.071542 0.487234 0.068362 0.487234 0.066773 0.489362 0.063593 0.489362 0.062003 0.491489 0.058824 0.491489 0.057234 0.493617 0.055644 0.493617 0.054054 0.495745 0.052464 0.495745 0.050874 0.493617 0.052464 0.491489 0.052464 0.489362 0.054054 0.487234 0.054054 0.485106 0.055644 0.482979
1 0.294118 0.451064 0.292528 0.453191 0.290938 0.453191 0.289348 0.455319 0.287758 0.455319 0.286169 0.457447 0.284579 0.457447 0.282989 0.459574 0.282989 0.461702 0.278219 0.468085 0.27663 0.468085 0.27504 0.470213 0.27345 0.470213 0.27186 0.47234 0.27027 0.47234 0.26868 0.474468 0.267091 0.474468 0.265501 0.476596 0.262321 0.476596 0.260731 0.478723 0.259141 0.478723 0.259141 0.480851 0.257552 0.482979 0.257552 0.485106 0.289348 0.485106 0.290938 0.487234 0.294118 0.487234 0.295707 0.489362 0.300477 0.489362 0.302067 0.491489 0.305246 0.491489 0.306836 0.493617 0.311606 0.493617 0.313196 0.495745 0.313196 0.489362 0.311606 0.489362 0.308426 0.485106 0.306836 0.485106 0.303657 0.480851 0.302067 0.480851 0.298887 0.476596 0.297297 0.476596 0.295707 0.474468 0.297297 0.47234 0.316375 0.47234 0.317965 0.474468 0.317965 0.468085 0.313196 0.468085 0.311606 0.465957 0.308426 0.465957 0.306836 0.46383 0.306836 0.461702 0.305246 0.459574 0.305246 0.455319 0.302067 0.455319 0.300477 0.453191 0.298887 0.453191 0.297297 0.451064
1 0.195548 0.451064 0.193959 0.453191 0.18124 0.453191 0.17965 0.455319 0.165342 0.455319 0.163752 0.457447 0.162162 0.457447 0.160572 0.459574 0.158983 0.459574 0.157393 0.461702 0.155803 0.461702 0.157393 0.46383 0.157393 0.465957 0.158983 0.468085 0.160572 0.465957 0.163752 0.465957 0.165342 0.46383 0.170111 0.46383 0.171701 0.461702 0.174881 0.461702 0.176471 0.459574 0.18124 0.459574 0.18283 0.457447 0.211447 0.457447 0.213037 0.459574 0.213037 0.451064
1 0.246423 0.43617 0.244833 0.438298 0.243243 0.438298 0.241653 0.440426 0.238474 0.440426 0.236884 0.442553 0.235294 0.442553 0.233704 0.444681 0.230525 0.444681 0.228935 0.446809 0.227345 0.446809 0.227345 0.451064 0.225755 0.453191 0.225755 0.455319 0.227345 0.455319 0.230525 0.459574 0.233704 0.455319 0.235294 0.455319 0.240064 0.448936 0.241653 0.448936 0.243243 0.446809 0.249603 0.446809 0.254372 0.453191 0.254372 0.455319 0.255962 0.457447 0.255962 0.461702 0.260731 0.461702 0.262321 0.46383 0.26868 0.46383 0.27027 0.465957 0.27345 0.461702 0.27027 0.457447 0.27027 0.455319 0.267091 0.451064 0.267091 0.446809 0.26868 0.444681 0.26868 0.440426 0.267091 0.440426 0.263911 0.43617
1 0.343402 0.429787 0.341812 0.431915 0.319555 0.431915 0.319555 0.438298 0.333863 0.438298 0.335453 0.440426 0.349762 0.440426 0.351351 0.442553 0.351351 0.438298 0.352941 0.43617 0.352941 0.434043 0.349762 0.434043 0.348172 0.431915 0.344992 0.431915
1 0.197138 0.404255 0.195548 0.406383 0.18124 0.406383 0.17965 0.408511 0.170111 0.408511 0.166932 0.412766 0.165342 0.412766 0.160572 0.419149 0.158983 0.419149 0.155803 0.423404 0.154213 0.423404 0.152623 0.421277 0.152623 0.419149 0.149444 0.414894 0.149444 0.412766 0.147854 0.410638 0.147854 0.408511 0.147854 0.410638 0.146264 0.412766 0.146264 0.419149 0.143084 0.423404 0.131955 0.423404 0.130366 0.425532 0.122417 0.425532 0.120827 0.42766 0.119237 0.42766 0.117647 0.429787 0.116057 0.429787 0.112878 0.434043 0.111288 0.434043 0.109698 0.43617 0.108108 0.43617 0.106518 0.438298 0.104928 0.438298 0.103339 0.440426 0.09062 0.440426 0.09062 0.442553 0.08903 0.444681 0.09221 0.444681 0.0938 0.446809 0.09539 0.446809 0.096979 0.448936 0.096979 0.459574 0.098569 0.459574 0.101749 0.46383 0.103339 0.461702 0.116057 0.461702 0.116057 0.455319 0.117647 0.453191 0.117647 0.448936 0.119237 0.446809 0.124006 0.446809 0.125596 0.444681 0.130366 0.444681 0.131955 0.442553 0.147854 0.442553 0.149444 0.440426 0.157393 0.440426 0.158983 0.442553 0.166932 0.442553 0.168521 0.444681 0.170111 0.442553 0.171701 0.442553 0.173291 0.440426 0.174881 0.440426 0.17806 0.43617 0.17965 0.43617 0.18124 0.434043 0.18283 0.434043 0.18442 0.431915 0.18601 0.431915 0.187599 0.429787 0.189189 0.429787 0.190779 0.42766 0.193959 0.42766 0.195548 0.425532 0.197138 0.425532 0.198728 0.423404 0.200318 0.423404 0.203498 0.42766 0.205087 0.42766 0.209857 0.434043 0.216216 0.434043 0.217806 0.431915 0.219396 0.431915 0.220986 0.429787 0.224165 0.429787 0.225755 0.42766 0.227345 0.42766 0.227345 0.425532 0.228935 0.423404 0.228935 0.421277 0.230525 0.419149 0.228935 0.417021 0.228935 0.414894 0.227345 0.412766 0.227345 0.410638 0.225755 0.408511 0.225755 0.406383 0.198728 0.406383
1 0.36566 0.387234 0.36566 0.391489 0.36725 0.391489 0.368839 0.393617 0.370429 0.393617 0.372019 0.395745 0.373609 0.395745 0.375199 0.397872 0.375199 0.4 0.376789 0.402128 0.376789 0.408511 0.378378 0.410638 0.378378 0.423404 0.375199 0.42766 0.375199 0.429787 0.370429 0.43617 0.370429 0.438298 0.36725 0.442553 0.36725 0.444681 0.36566 0.446809 0.36566 0.448936 0.36407 0.451064 0.36407 0.455319 0.36248 0.457447 0.36248 0.459574 0.36089 0.461702 0.36089 0.46383 0.36248 0.465957 0.36248 0.468085 0.36407 0.470213 0.36407 0.47234 0.36566 0.474468 0.36566 0.476596 0.36725 0.478723 0.36725 0.480851 0.368839 0.482979 0.373609 0.482979 0.375199 0.485106 0.378378 0.485106 0.379968 0.487234 0.391097 0.487234 0.392687 0.489362 0.400636 0.489362 0.402226 0.487234 0.406995 0.487234 0.406995 0.485106 0.408585 0.482979 0.408585 0.480851 0.410175 0.478723 0.416534 0.478723 0.418124 0.480851 0.426073 0.480851 0.427663 0.482979 0.435612 0.482979 0.437202 0.485106 0.443561 0.485106 0.445151 0.487234 0.446741 0.485106 0.45787 0.485106 0.464229 0.476596 0.465819 0.476596 0.472178 0.468085 0.472178 0.465957 0.476948 0.459574 0.478537 0.461702 0.480127 0.461702 0.486486 0.470213 0.488076 0.470213 0.492846 0.476596 0.494436 0.476596 0.497615 0.480851 0.499205 0.480851 0.500795 0.482979 0.502385 0.482979 0.503975 0.485106 0.505564 0.485106 0.507154 0.487234 0.508744 0.487234 0.510334 0.489362 0.527822 0.489362 0.529412 0.487234 0.527822 0.485106 0.527822 0.482979 0.524642 0.478723 0.524642 0.476596 0.523052 0.474468 0.523052 0.47234 0.521463 0.470213 0.521463 0.468085 0.523052 0.465957 0.523052 0.46383 0.524642 0.461702 0.524642 0.459574 0.527822 0.455319 0.532591 0.455319 0.532591 0.453191 0.531002 0.451064 0.531002 0.448936 0.529412 0.446809 0.529412 0.442553 0.527822 0.440426 0.527822 0.438298 0.526232 0.438298 0.524642 0.43617 0.523052 0.43617 0.521463 0.434043 0.519873 0.434043 0.516693 0.429787 0.515103 0.429787 0.513514 0.42766 0.511924 0.42766 0.510334 0.425532 0.505564 0.425532 0.503975 0.423404 0.500795 0.423404 0.499205 0.421277 0.494436 0.421277 0.491256 0.417021 0.489666 0.417021 0.486486 0.412766 0.484897 0.412766 0.481717 0.408511 0.480127 0.410638 0.464229 0.410638 0.462639 0.408511 0.461049 0.408511 0.45787 0.404255 0.45787 0.402128 0.45628 0.4 0.45628 0.397872 0.4531 0.393617 0.45151 0.393617 0.448331 0.389362 0.438792 0.389362 0.437202 0.387234 0.435612 0.389362 0.434022 0.389362 0.432432 0.391489 0.429253 0.391489 0.427663 0.393617 0.426073 0.393617 0.422893 0.397872 0.421304 0.397872 0.418124 0.402128 0.416534 0.402128 0.414944 0.404255 0.413355 0.404255 0.410175 0.408511 0.408585 0.408511 0.408585 0.410638 0.406995 0.412766 0.406995 0.414894 0.405405 0.417021 0.405405 0.421277 0.403816 0.423404 0.402226 0.423404 0.400636 0.421277 0.400636 0.419149 0.397456 0.414894 0.397456 0.404255 0.395866 0.402128 0.395866 0.389362 0.375199 0.389362 0.373609 0.387234
1 0.265501 0.385106 0.263911 0.387234 0.259141 0.387234 0.259141 0.389362 0.257552 0.391489 0.257552 0.393617 0.255962 0.395745 0.255962 0.397872 0.257552 0.397872 0.259141 0.4 0.260731 0.397872 0.27027 0.397872 0.27186 0.4 0.27345 0.4 0.27663 0.404255 0.278219 0.404255 0.279809 0.406383 0.281399 0.406383 0.282989 0.408511 0.294118 0.408511 0.294118 0.389362 0.27027 0.389362 0.26868 0.387234 0.267091 0.387234
1 0.567568 0.374468 0.565978 0.376596 0.551669 0.376596 0.551669 0.382979 0.553259 0.385106 0.553259 0.419149 0.554849 0.421277 0.554849 0.429787 0.556439 0.42766 0.561208 0.42766 0.562798 0.425532 0.567568 0.425532 0.570747 0.421277 0.572337 0.421277 0.573927 0.419149 0.577107 0.419149 0.578696 0.421277 0.581876 0.421277 0.583466 0.423404 0.585056 0.423404 0.586645 0.425532 0.589825 0.425532 0.591415 0.42766 0.594595 0.42766 0.596184 0.429787 0.600954 0.429787 0.602544 0.431915 0.605723 0.431915 0.607313 0.434043 0.610493 0.434043 0.612083 0.43617 0.624801 0.43617 0.626391 0.438298 0.627981 0.43617 0.63593 0.43617 0.63752 0.434043 0.63911 0.434043 0.6407 0.431915 0.642289 0.431915 0.643879 0.429787 0.645469 0.429787 0.647059 0.431915 0.648649 0.431915 0.653418 0.438298 0.650238 0.442553 0.650238 0.444681 0.642289 0.455319 0.6407 0.455319 0.63752 0.459574 0.63593 0.459574 0.63434 0.461702 0.63275 0.461702 0.648649 0.461702 0.650238 0.46383 0.651828 0.461702 0.655008 0.461702 0.656598 0.459574 0.659777 0.459574 0.664547 0.453191 0.664547 0.451064 0.670906 0.442553 0.670906 0.429787 0.667727 0.429787 0.666137 0.42766 0.664547 0.42766 0.662957 0.425532 0.659777 0.425532 0.658188 0.423404 0.653418 0.423404 0.651828 0.421277 0.648649 0.421277 0.647059 0.419149 0.642289 0.419149 0.6407 0.417021 0.63593 0.417021 0.63434 0.414894 0.631161 0.414894 0.629571 0.412766 0.624801 0.412766 0.623211 0.410638 0.620032 0.410638 0.618442 0.408511 0.616852 0.408511 0.615262 0.406383 0.612083 0.406383 0.610493 0.404255 0.607313 0.404255 0.605723 0.402128 0.602544 0.402128 0.600954 0.4 0.599364 0.4 0.597774 0.397872 0.594595 0.397872 0.593005 0.395745 0.589825 0.395745 0.588235 0.393617 0.585056 0.393617 0.583466 0.391489 0.580286 0.391489 0.577107 0.387234 0.577107 0.385106 0.575517 0.382979 0.575517 0.380851 0.573927 0.378723 0.572337 0.378723 0.570747 0.376596 0.569157 0.376596
1 0.063593 0.248936 0.062003 0.251064 0.054054 0.251064 0.052464 0.253191 0.044515 0.253191 0.042925 0.255319 0.034976 0.255319 0.033386 0.257447 0.030207 0.257447 0.028617 0.259574 0.027027 0.259574 0.025437 0.261702 0.022258 0.261702 0.023847 0.26383 0.023847 0.265957 0.025437 0.265957 0.027027 0.268085 0.028617 0.265957 0.031797 0.265957 0.033386 0.26383 0.038156 0.26383 0.039746 0.261702 0.046105 0.261702 0.047695 0.259574 0.054054 0.259574 0.055644 0.257447 0.057234 0.257447 0.058824 0.255319 0.062003 0.255319 0.062003 0.253191 0.063593 0.251064
1 0.532591 0.246809 0.531002 0.248936 0.527822 0.248936 0.526232 0.251064 0.524642 0.251064 0.523052 0.253191 0.505564 0.253191 0.503975 0.251064 0.492846 0.251064 0.491256 0.253191 0.489666 0.253191 0.488076 0.255319 0.472178 0.255319 0.470588 0.253191 0.470588 0.255319 0.468998 0.257447 0.468998 0.259574 0.467409 0.261702 0.467409 0.268085 0.468998 0.270213 0.468998 0.276596 0.484897 0.276596 0.486486 0.278723 0.488076 0.276596 0.497615 0.276596 0.499205 0.274468 0.513514 0.274468 0.515103 0.27234 0.516693 0.27234 0.518283 0.270213 0.519873 0.270213 0.521463 0.268085 0.526232 0.268085 0.527822 0.265957 0.532591 0.265957 0.540541 0.255319 0.538951 0.253191 0.537361 0.253191
1 0.573927 0.242553 0.572337 0.244681 0.569157 0.244681 0.567568 0.246809 0.564388 0.246809 0.562798 0.248936 0.561208 0.248936 0.559618 0.251064 0.556439 0.251064 0.554849 0.253191 0.553259 0.253191 0.553259 0.255319 0.554849 0.257447 0.554849 0.259574 0.556439 0.261702 0.558029 0.261702 0.567568 0.274468 0.569157 0.274468 0.570747 0.276596 0.572337 0.276596 0.573927 0.278723 0.597774 0.278723 0.599364 0.276596 0.618442 0.276596 0.624801 0.285106 0.63275 0.285106 0.63434 0.287234 0.63593 0.285106 0.651828 0.285106 0.647059 0.278723 0.648649 0.276596 0.653418 0.276596 0.655008 0.278723 0.662957 0.278723 0.664547 0.280851 0.670906 0.280851 0.674086 0.276596 0.670906 0.27234 0.670906 0.270213 0.664547 0.261702 0.664547 0.259574 0.661367 0.255319 0.653418 0.255319 0.651828 0.253191 0.648649 0.257447 0.615262 0.257447 0.613672 0.255319 0.600954 0.255319 0.599364 0.253191 0.597774 0.253191 0.596184 0.251064 0.594595 0.251064 0.593005 0.248936 0.591415 0.248936 0.589825 0.246809 0.588235 0.246809 0.586645 0.244681 0.575517 0.244681
1 0.414944 0.238298 0.413355 0.240426 0.411765 0.240426 0.408585 0.244681 0.406995 0.244681 0.405405 0.246809 0.387917 0.246809 0.386328 0.248936 0.381558 0.248936 0.378378 0.253191 0.376789 0.253191 0.373609 0.257447 0.357711 0.257447 0.352941 0.251064 0.344992 0.251064 0.343402 0.253191 0.335453 0.253191 0.333863 0.255319 0.325914 0.255319 0.324324 0.257447 0.305246 0.257447 0.303657 0.259574 0.302067 0.257447 0.297297 0.257447 0.295707 0.255319 0.290938 0.255319 0.289348 0.253191 0.26868 0.253191 0.265501 0.257447 0.263911 0.257447 0.259141 0.26383 0.257552 0.26383 0.255962 0.265957 0.255962 0.270213 0.257552 0.27234 0.257552 0.276596 0.255962 0.278723 0.254372 0.278723 0.252782 0.280851 0.251192 0.280851 0.248013 0.285106 0.246423 0.285106 0.243243 0.289362 0.243243 0.291489 0.244833 0.293617 0.244833 0.295745 0.252782 0.295745 0.254372 0.297872 0.257552 0.297872 0.259141 0.3 0.262321 0.3 0.263911 0.297872 0.263911 0.295745 0.265501 0.293617 0.265501 0.291489 0.267091 0.289362 0.267091 0.287234 0.26868 0.285106 0.26868 0.282979 0.27027 0.280851 0.27186 0.282979 0.27663 0.282979 0.278219 0.285106 0.278219 0.289362 0.279809 0.291489 0.279809 0.3 0.289348 0.3 0.290938 0.297872 0.292528 0.297872 0.294118 0.295745 0.295707 0.295745 0.297297 0.293617 0.300477 0.293617 0.302067 0.291489 0.303657 0.291489 0.305246 0.289362 0.308426 0.289362 0.310016 0.287234 0.356121 0.287234 0.357711 0.289362 0.370429 0.289362 0.372019 0.287234 0.376789 0.287234 0.381558 0.280851 0.383148 0.280851 0.387917 0.274468 0.389507 0.276596 0.391097 0.276596 0.392687 0.278723 0.394277 0.278723 0.395866 0.280851 0.397456 0.280851 0.399046 0.282979 0.408585 0.282979 0.410175 0.285106 0.426073 0.285106 0.427663 0.282979 0.430843 0.282979 0.432432 0.280851 0.437202 0.280851 0.438792 0.278723 0.441971 0.278723 0.443561 0.276596 0.446741 0.276596 0.448331 0.274468 0.45151 0.274468 0.4531 0.27234 0.45628 0.27234 0.45469 0.270213 0.45469 0.268085 0.45151 0.26383 0.438792 0.26383 0.437202 0.261702 0.432432 0.261702 0.430843 0.259574 0.426073 0.259574 0.424483 0.257447 0.422893 0.257447 0.421304 0.255319 0.418124 0.255319 0.416534 0.253191 0.418124 0.251064 0.419714 0.251064 0.421304 0.248936 0.422893 0.248936 0.424483 0.246809 0.426073 0.246809 0.427663 0.244681 0.434022 0.244681 0.435612 0.242553 0.45151 0.242553 0.4531 0.240426 0.45787 0.240426 0.45787 0.238298
1 0.713831 0.208511 0.712242 0.210638 0.702703 0.210638 0.701113 0.212766 0.689984 0.212766 0.688394 0.214894 0.678855 0.214894 0.677266 0.217021 0.666137 0.217021 0.664547 0.219149 0.63275 0.219149 0.631161 0.217021 0.624801 0.217021 0.623211 0.214894 0.615262 0.214894 0.613672 0.212766 0.593005 0.212766 0.588235 0.219149 0.589825 0.219149 0.591415 0.221277 0.593005 0.221277 0.594595 0.223404 0.596184 0.223404 0.597774 0.225532 0.599364 0.225532 0.600954 0.22766 0.602544 0.22766 0.604134 0.229787 0.605723 0.229787 0.607313 0.231915 0.610493 0.231915 0.612083 0.234043 0.613672 0.234043 0.615262 0.23617 0.616852 0.23617 0.618442 0.238298 0.620032 0.238298 0.623211 0.242553 0.624801 0.242553 0.627981 0.246809 0.629571 0.244681 0.631161 0.244681 0.63275 0.242553 0.662957 0.242553 0.664547 0.244681 0.666137 0.244681 0.667727 0.246809 0.669316 0.246809 0.672496 0.251064 0.674086 0.251064 0.675676 0.253191 0.677266 0.253191 0.678855 0.255319 0.680445 0.255319 0.682035 0.257447 0.683625 0.257447 0.686804 0.261702 0.688394 0.261702 0.689984 0.26383 0.691574 0.26383 0.693164 0.265957 0.691574 0.268085 0.689984 0.268085 0.688394 0.270213 0.686804 0.270213 0.685215 0.27234 0.683625 0.27234 0.682035 0.274468 0.680445 0.274468 0.680445 0.291489 0.683625 0.295745 0.685215 0.295745 0.694754 0.308511 0.696343 0.308511 0.701113 0.314894 0.702703 0.312766 0.707472 0.312766 0.709062 0.310638 0.715421 0.310638 0.717011 0.308511 0.721781 0.308511 0.72337 0.306383 0.72973 0.306383 0.73132 0.304255 0.736089 0.304255 0.740859 0.297872 0.742448 0.297872 0.751987 0.285106 0.753577 0.285106 0.759936 0.276596 0.761526 0.276596 0.764706 0.27234 0.766296 0.27234 0.769475 0.268085 0.782194 0.268085 0.783784 0.265957 0.796502 0.265957 0.798092 0.26383 0.802862 0.26383 0.804452 0.261702 0.809221 0.261702 0.810811 0.259574 0.81717 0.259574 0.81876 0.257447 0.844197 0.257447 0.848967 0.26383 0.848967 0.265957 0.852146 0.270213 0.850556 0.27234 0.836248 0.27234 0.834658 0.270213 0.826709 0.270213 0.825119 0.268085 0.823529 0.270213 0.81399 0.270213 0.81399 0.274468 0.812401 0.276596 0.812401 0.282979 0.810811 0.285106 0.810811 0.287234 0.807631 0.291489 0.785374 0.291489 0.783784 0.289362 0.783784 0.287234 0.782194 0.285106 0.782194 0.280851 0.780604 0.282979 0.771065 0.282979 0.769475 0.285106 0.767886 0.285106 0.766296 0.287234 0.764706 0.287234 0.763116 0.289362 0.761526 0.289362 0.759936 0.291489 0.758347 0.291489 0.756757 0.293617 0.756757 0.295745 0.748808 0.306383 0.748808 0.312766 0.747218 0.314894 0.747218 0.32766 0.745628 0.329787 0.745628 0.33617 0.744038 0.338298 0.742448 0.338298 0.740859 0.340426 0.737679 0.340426 0.736089 0.342553 0.72337 0.342553 0.721781 0.340426 0.712242 0.340426 0.710652 0.338298 0.709062 0.340426 0.699523 0.340426 0.697933 0.342553 0.689984 0.342553 0.688394 0.344681 0.664547 0.344681 0.664547 0.346809 0.662957 0.348936 0.662957 0.353191 0.661367 0.355319 0.661367 0.359574 0.662957 0.361702 0.662957 0.36383 0.664547 0.365957 0.664547 0.368085 0.666137 0.370213 0.666137 0.37234 0.667727 0.374468 0.667727 0.382979 0.669316 0.385106 0.669316 0.391489 0.670906 0.393617 0.670906 0.395745 0.677266 0.404255 0.677266 0.406383 0.685215 0.417021 0.686804 0.417021 0.689984 0.421277 0.691574 0.419149 0.697933 0.419149 0.699523 0.417021 0.704293 0.417021 0.705882 0.414894 0.710652 0.414894 0.712242 0.417021 0.712242 0.421277 0.713831 0.423404 0.713831 0.434043 0.712242 0.43617 0.712242 0.438298 0.710652 0.440426 0.710652 0.442553 0.709062 0.444681 0.709062 0.446809 0.707472 0.448936 0.709062 0.451064 0.710652 0.451064 0.713831 0.455319 0.715421 0.455319 0.718601 0.459574 0.720191 0.459574 0.72337 0.46383 0.72655 0.46383 0.72814 0.465957 0.73132 0.465957 0.732909 0.468085 0.734499 0.465957 0.742448 0.465957 0.744038 0.46383 0.750397 0.46383 0.751987 0.461702 0.759936 0.461702 0.761526 0.459574 0.763116 0.459574 0.766296 0.455319 0.779014 0.455319 0.779014 0.451064 0.780604 0.448936 0.780604 0.438298 0.782194 0.43617 0.782194 0.431915 0.783784 0.429787 0.786963 0.429787 0.788553 0.431915 0.793323 0.431915 0.794913 0.434043 0.806041 0.434043 0.809221 0.438298 0.810811 0.438298 0.812401 0.440426 0.81399 0.440426 0.81558 0.442553 0.81717 0.442553 0.82035 0.446809 0.82194 0.446809 0.823529 0.448936 0.825119 0.448936 0.826709 0.451064 0.828299 0.451064 0.831479 0.455319 0.833068 0.455319 0.834658 0.457447 0.836248 0.457447 0.837838 0.459574 0.860095 0.459574 0.861685 0.457447 0.872814 0.457447 0.874404 0.459574 0.885533 0.459574 0.887122 0.461702 0.887122 0.455319 0.885533 0.453191 0.885533 0.444681 0.883943 0.446809 0.863275 0.446809 0.861685 0.444681 0.860095 0.444681 0.856916 0.440426 0.855326 0.440426 0.850556 0.434043 0.850556 0.431915 0.847377 0.42766 0.847377 0.423404 0.845787 0.421277 0.845787 0.419149 0.847377 0.417021 0.856916 0.417021 0.858506 0.419149 0.868045 0.419149 0.869634 0.421277 0.877583 0.421277 0.879173 0.423404 0.885533 0.423404 0.887122 0.425532 0.895072 0.425532 0.896661 0.42766 0.903021 0.42766 0.90461 0.429787 0.90779 0.429787 0.90938 0.431915 0.91256 0.431915 0.914149 0.434043 0.917329 0.434043 0.918919 0.43617 0.922099 0.43617 0.923688 0.438298 0.926868 0.438298 0.928458 0.440426 0.930048 0.440426 0.931638 0.442553 0.934817 0.442553 0.936407 0.444681 0.939587 0.444681 0.941176 0.446809 0.944356 0.446809 0.945946 0.448936 0.949126 0.448936 0.950715 0.451064 0.952305 0.451064 0.955485 0.455319 0.957075 0.455319 0.958665 0.457447 0.960254 0.457447 0.961844 0.459574 0.963434 0.459574 0.966614 0.46383 0.968203 0.46383 0.969793 0.465957 0.99841 0.465957 0.99841 0.4 0.99682 0.4 0.995231 0.397872 0.993641 0.397872 0.992051 0.395745 0.990461 0.395745 0.988871 0.393617 0.987281 0.393617 0.980922 0.385106 0.980922 0.382979 0.974563 0.374468 0.976153 0.37234 0.977742 0.37234 0.980922 0.368085 0.982512 0.368085 0.984102 0.365957 0.987281 0.365957 0.988871 0.36383 0.990461 0.36383 0.992051 0.361702 0.995231 0.361702 0.99682 0.359574 0.99841 0.359574 0.99841 0.295745 0.987281 0.295745 0.985692 0.297872 0.976153 0.285106 0.974563 0.285106 0.971383 0.280851 0.971383 0.278723 0.969793 0.276596 0.969793 0.274468 0.968203 0.27234 0.968203 0.270213 0.966614 0.268085 0.968203 0.265957 0.968203 0.26383 0.969793 0.261702 0.969793 0.259574 0.971383 0.257447 0.972973 0.259574 0.977742 0.259574 0.979332 0.261702 0.985692 0.261702 0.987281 0.26383 0.99841 0.26383 0.99841 0.23617 0.985692 0.23617 0.984102 0.238298 0.971383 0.238298 0.969793 0.240426 0.960254 0.240426 0.958665 0.242553 0.928458 0.242553 0.926868 0.240426 0.918919 0.240426 0.917329 0.238298 0.90938 0.238298 0.90779 0.23617 0.899841 0.23617 0.898251 0.234043 0.887122 0.234043 0.883943 0.229787 0.883943 0.22766 0.880763 0.223404 0.868045 0.223404 0.866455 0.221277 0.853736 0.221277 0.852146 0.219149 0.841017 0.219149 0.839428 0.217021 0.826709 0.217021 0.825119 0.214894 0.772655 0.214894 0.771065 0.212766 0.744038 0.212766 0.742448 0.210638 0.715421 0.210638
1 0.224165 0.185106 0.220986 0.189362 0.219396 0.189362 0.217806 0.191489 0.217806 0.193617 0.216216 0.195745 0.216216 0.197872 0.214626 0.2 0.214626 0.206383 0.213037 0.208511 0.213037 0.210638 0.211447 0.212766 0.209857 0.212766 0.208267 0.214894 0.206677 0.214894 0.200318 0.223404 0.193959 0.223404 0.192369 0.225532 0.160572 0.225532 0.158983 0.223404 0.155803 0.22766 0.154213 0.22766 0.151033 0.231915 0.149444 0.231915 0.146264 0.23617 0.144674 0.23617 0.143084 0.238298 0.143084 0.261702 0.147854 0.261702 0.149444 0.26383 0.154213 0.26383 0.155803 0.265957 0.157393 0.26383 0.174881 0.26383 0.17806 0.268085 0.17806 0.27234 0.17965 0.274468 0.17965 0.276596 0.18124 0.278723 0.18124 0.280851 0.18442 0.285106 0.18442 0.287234 0.18601 0.289362 0.190779 0.289362 0.192369 0.291489 0.18601 0.282979 0.190779 0.276596 0.192369 0.276596 0.195548 0.27234 0.197138 0.27234 0.198728 0.270213 0.200318 0.270213 0.203498 0.265957 0.205087 0.265957 0.206677 0.26383 0.208267 0.26383 0.209857 0.261702 0.211447 0.261702 0.216216 0.255319 0.217806 0.255319 0.220986 0.251064 0.248013 0.251064 0.248013 0.246809 0.246423 0.244681 0.246423 0.238298 0.257552 0.223404 0.259141 0.223404 0.263911 0.217021 0.287758 0.217021 0.287758 0.214894 0.289348 0.212766 0.289348 0.210638 0.281399 0.210638 0.279809 0.208511 0.278219 0.208511 0.27663 0.206383 0.27504 0.206383 0.27186 0.202128 0.27027 0.202128 0.26868 0.2 0.27027 0.197872 0.27663 0.197872 0.278219 0.195745 0.292528 0.195745 0.292528 0.191489 0.27663 0.191489 0.27504 0.189362 0.260731 0.189362 0.259141 0.187234 0.252782 0.195745 0.252782 0.197872 0.254372 0.2 0.254372 0.202128 0.252782 0.204255 0.248013 0.204255 0.246423 0.206383 0.235294 0.206383 0.230525 0.2 0.230525 0.197872 0.228935 0.195745 0.228935 0.193617 0.225755 0.189362 0.225755 0.187234
1 0.041335 0.170213 0.039746 0.17234 0.028617 0.17234 0.027027 0.174468 0.014308 0.174468 0.012719 0.176596 0.00159 0.176596 0.0 0.178723 0.0 0.257447 0.017488 0.257447 0.019078 0.255319 0.020668 0.255319 0.022258 0.253191 0.023847 0.253191 0.025437 0.251064 0.027027 0.251064 0.028617 0.248936 0.033386 0.248936 0.034976 0.246809 0.038156 0.246809 0.039746 0.244681 0.042925 0.244681 0.044515 0.242553 0.047695 0.242553 0.049285 0.240426 0.069952 0.240426 0.071542 0.238298 0.073132 0.240426 0.09539 0.240426 0.096979 0.238298 0.104928 0.238298 0.106518 0.23617 0.112878 0.23617 0.114467 0.234043 0.117647 0.234043 0.119237 0.231915 0.119237 0.229787 0.085851 0.229787 0.084261 0.22766 0.069952 0.22766 0.068362 0.225532 0.068362 0.217021 0.066773 0.214894 0.066773 0.208511 0.068362 0.206383 0.104928 0.206383 0.106518 0.208511 0.119237 0.208511 0.120827 0.206383 0.124006 0.206383 0.127186 0.202128 0.128776 0.202128 0.133545 0.195745 0.141494 0.195745 0.141494 0.193617 0.139905 0.191489 0.139905 0.189362 0.138315 0.187234 0.138315 0.185106 0.133545 0.185106 0.131955 0.182979 0.128776 0.182979 0.127186 0.180851 0.122417 0.180851 0.120827 0.178723 0.116057 0.178723 0.114467 0.176596 0.109698 0.176596 0.108108 0.174468 0.103339 0.174468 0.101749 0.17234 0.09539 0.17234 0.0938 0.170213
1 0.317965 0.161702 0.317965 0.16383 0.316375 0.165957 0.316375 0.168085 0.314785 0.170213 0.314785 0.174468 0.316375 0.176596 0.316375 0.180851 0.322734 0.180851 0.324324 0.178723 0.324324 0.174468 0.325914 0.17234 0.325914 0.170213 0.324324 0.170213 0.322734 0.168085 0.325914 0.16383 0.324324 0.161702
1 0.939587 0.159574 0.937997 0.161702 0.936407 0.161702 0.934817 0.16383 0.91097 0.16383 0.90938 0.165957 0.90461 0.165957 0.903021 0.168085 0.898251 0.168085 0.895072 0.17234 0.895072 0.174468 0.893482 0.176596 0.896661 0.176596 0.898251 0.178723 0.903021 0.178723 0.90461 0.180851 0.90779 0.180851 0.90938 0.182979 0.90779 0.185106 0.9062 0.185106 0.90461 0.187234 0.901431 0.187234 0.899841 0.189362 0.898251 0.189362 0.896661 0.191489 0.895072 0.191489 0.891892 0.195745 0.891892 0.197872 0.890302 0.2 0.891892 0.2 0.893482 0.202128 0.895072 0.202128 0.896661 0.204255 0.899841 0.204255 0.901431 0.206383 0.90938 0.206383 0.91097 0.204255 0.917329 0.204255 0.918919 0.202128 0.920509 0.204255 0.928458 0.204255 0.930048 0.206383 0.965024 0.206383 0.966614 0.208511 0.968203 0.208511 0.971383 0.212766 0.972973 0.212766 0.974563 0.214894 0.985692 0.214894 0.987281 0.217021 0.99841 0.217021 0.99841 0.161702 0.976153 0.161702 0.974563 0.159574
1 0.550079 0.108511 0.5469 0.112766 0.54531 0.112766 0.54213 0.117021 0.518283 0.117021 0.516693 0.119149 0.507154 0.119149 0.505564 0.121277 0.496025 0.121277 0.494436 0.123404 0.491256 0.123404 0.489666 0.125532 0.488076 0.125532 0.468998 0.151064 0.468998 0.153191 0.467409 0.155319 0.467409 0.157447 0.465819 0.159574 0.465819 0.161702 0.464229 0.16383 0.464229 0.165957 0.462639 0.168085 0.462639 0.170213 0.461049 0.17234 0.459459 0.170213 0.45787 0.170213 0.45628 0.168085 0.45469 0.168085 0.4531 0.165957 0.4531 0.159574 0.4531 0.161702 0.449921 0.165957 0.446741 0.161702 0.445151 0.161702 0.443561 0.159574 0.441971 0.159574 0.438792 0.155319 0.435612 0.155319 0.434022 0.157447 0.435612 0.159574 0.437202 0.159574 0.441971 0.165957 0.443561 0.165957 0.446741 0.170213 0.449921 0.170213 0.45151 0.17234 0.445151 0.180851 0.445151 0.182979 0.443561 0.185106 0.443561 0.191489 0.441971 0.193617 0.441971 0.2 0.440382 0.202128 0.434022 0.202128 0.432432 0.2 0.422893 0.2 0.421304 0.202128 0.410175 0.202128 0.408585 0.2 0.405405 0.2 0.402226 0.195745 0.400636 0.195745 0.399046 0.197872 0.397456 0.197872 0.394277 0.202128 0.389507 0.202128 0.387917 0.204255 0.383148 0.204255 0.381558 0.206383 0.375199 0.197872 0.375199 0.191489 0.376789 0.189362 0.376789 0.174468 0.378378 0.17234 0.378378 0.168085 0.376789 0.168085 0.376789 0.170213 0.375199 0.17234 0.375199 0.174468 0.373609 0.176596 0.373609 0.178723 0.372019 0.180851 0.372019 0.185106 0.370429 0.187234 0.370429 0.189362 0.368839 0.191489 0.368839 0.193617 0.36725 0.195745 0.346582 0.195745 0.344992 0.193617 0.322734 0.193617 0.321145 0.195745 0.319555 0.195745 0.317965 0.197872 0.314785 0.197872 0.313196 0.2 0.311606 0.2 0.310016 0.202128 0.308426 0.202128 0.306836 0.204255 0.306836 0.217021 0.308426 0.217021 0.311606 0.221277 0.313196 0.221277 0.314785 0.223404 0.379968 0.223404 0.381558 0.221277 0.384738 0.221277 0.386328 0.219149 0.387917 0.219149 0.389507 0.217021 0.392687 0.217021 0.394277 0.219149 0.394277 0.221277 0.392687 0.223404 0.392687 0.225532 0.391097 0.22766 0.405405 0.22766 0.406995 0.225532 0.410175 0.225532 0.411765 0.223404 0.413355 0.223404 0.414944 0.221277 0.416534 0.223404 0.440382 0.223404 0.441971 0.221277 0.449921 0.221277 0.45151 0.219149 0.45787 0.219149 0.459459 0.217021 0.459459 0.214894 0.461049 0.212766 0.461049 0.210638 0.462639 0.208511 0.464229 0.208511 0.467409 0.204255 0.475358 0.204255 0.476948 0.202128 0.478537 0.204255 0.484897 0.204255 0.486486 0.206383 0.488076 0.206383 0.489666 0.208511 0.491256 0.208511 0.492846 0.210638 0.494436 0.210638 0.497615 0.214894 0.497615 0.217021 0.499205 0.219149 0.499205 0.223404 0.500795 0.225532 0.500795 0.22766 0.499205 0.229787 0.497615 0.229787 0.499205 0.231915 0.500795 0.231915 0.503975 0.23617 0.505564 0.23617 0.507154 0.238298 0.516693 0.238298 0.515103 0.23617 0.515103 0.229787 0.513514 0.22766 0.513514 0.225532 0.515103 0.223404 0.529412 0.223404 0.529412 0.221277 0.527822 0.219149 0.527822 0.217021 0.519873 0.206383 0.507154 0.206383 0.502385 0.2 0.503975 0.197872 0.503975 0.195745 0.505564 0.193617 0.505564 0.191489 0.508744 0.187234 0.510334 0.189362 0.521463 0.189362 0.519873 0.189362 0.518283 0.187234 0.519873 0.185106 0.521463 0.185106 0.524642 0.180851 0.529412 0.187234 0.531002 0.187234 0.537361 0.195745 0.538951 0.195745 0.54213 0.2 0.54372 0.2 0.54531 0.202128 0.5469 0.202128 0.54849 0.204255 0.550079 0.204255 0.551669 0.206383 0.553259 0.206383 0.561208 0.217021 0.562798 0.217021 0.565978 0.212766 0.567568 0.212766 0.565978 0.210638 0.564388 0.210638 0.559618 0.204255 0.558029 0.204255 0.553259 0.197872 0.551669 0.197872 0.54849 0.193617 0.5469 0.193617 0.54531 0.191489 0.54372 0.191489 0.540541 0.187234 0.538951 0.187234 0.537361 0.185106 0.535771 0.185106 0.534181 0.182979 0.532591 0.182979 0.531002 0.180851 0.529412 0.180851 0.527822 0.178723 0.526232 0.178723 0.524642 0.176596 0.526232 0.174468 0.527822 0.174468 0.531002 0.170213 0.532591 0.170213 0.535771 0.165957 0.537361 0.165957 0.538951 0.16383 0.540541 0.16383 0.54849 0.153191 0.558029 0.153191 0.561208 0.148936 0.562798 0.148936 0.565978 0.144681 0.567568 0.144681 0.580286 0.12766 0.581876 0.129787 0.610493 0.129787 0.612083 0.131915 0.620032 0.131915 0.621622 0.134043 0.621622 0.13617 0.623211 0.138298 0.623211 0.140426 0.624801 0.142553 0.624801 0.144681 0.626391 0.146809 0.618442 0.157447 0.616852 0.157447 0.613672 0.161702 0.612083 0.161702 0.610493 0.16383 0.615262 0.16383 0.616852 0.161702 0.618442 0.161702 0.621622 0.157447 0.623211 0.157447 0.626391 0.153191 0.627981 0.155319 0.627981 0.168085 0.629571 0.170213 0.629571 0.178723 0.63275 0.178723 0.63275 0.176596 0.631161 0.174468 0.631161 0.16383 0.629571 0.161702 0.629571 0.155319 0.627981 0.153191 0.627981 0.148936 0.626391 0.146809 0.626391 0.142553 0.624801 0.140426 0.624801 0.13617 0.623211 0.134043 0.623211 0.129787 0.621622 0.12766 0.621622 0.125532 0.618442 0.125532 0.616852 0.123404 0.613672 0.123404 0.612083 0.121277 0.602544 0.121277 0.600954 0.119149 0.589825 0.119149 0.586645 0.114894 0.586645 0.112766 0.583466 0.108511
