0 0.340087 0.942085 0.340087 0.947876 0.342981 0.951737 0.344428 0.951737 0.351664 0.96139 0.353111 0.96139 0.3589 0.969112 0.360347 0.969112 0.361795 0.971042 0.364689 0.971042 0.366136 0.972973 0.367583 0.972973 0.36903 0.974903 0.374819 0.967181 0.374819 0.965251 0.373372 0.96332 0.373372 0.96139 0.371925 0.959459 0.371925 0.957529 0.366136 0.957529 0.364689 0.955598 0.360347 0.955598 0.357453 0.951737 0.356006 0.951737 0.353111 0.947876 0.351664 0.947876 0.34877 0.944015 0.341534 0.944015
0 0.316932 0.92471 0.31259 0.930502 0.311143 0.930502 0.308249 0.934363 0.309696 0.936293 0.309696 0.938224 0.314038 0.944015 0.314038 0.945946 0.316932 0.949807 0.319826 0.945946 0.321274 0.945946 0.324168 0.942085 0.325615 0.942085 0.327062 0.940154 0.325615 0.938224 0.325615 0.936293 0.324168 0.934363 0.324168 0.932432 0.321274 0.928571 0.319826 0.928571
0 0.542692 0.832046 0.541245 0.833977 0.539797 0.833977 0.53835 0.835907 0.535456 0.835907 0.534009 0.837838 0.532562 0.837838 0.531114 0.839768 0.529667 0.839768 0.52822 0.841699 0.525326 0.841699 0.523878 0.843629 0.522431 0.843629 0.522431 0.84556 0.520984 0.84749 0.520984 0.851351 0.519537 0.853282 0.519537 0.855212 0.529667 0.855212 0.531114 0.857143 0.534009 0.853282 0.535456 0.853282 0.53835 0.849421 0.545586 0.849421 0.547033 0.851351 0.551375 0.851351 0.552822 0.853282 0.554269 0.851351 0.560058 0.851351 0.561505 0.849421 0.567294 0.849421 0.562952 0.843629 0.562952 0.841699 0.560058 0.837838 0.555716 0.837838 0.554269 0.835907 0.549928 0.835907 0.54848 0.833977 0.544139 0.833977
0 0.619392 0.818533 0.617945 0.820463 0.612156 0.820463 0.610709 0.822394 0.606368 0.822394 0.60492 0.824324 0.599132 0.824324 0.597685 0.826255 0.593343 0.826255 0.591896 0.828185 0.586107 0.828185 0.586107 0.830116 0.58466 0.832046 0.58466 0.833977 0.583213 0.835907 0.583213 0.837838 0.58466 0.839768 0.58466 0.841699 0.586107 0.843629 0.586107 0.84749 0.587554 0.849421 0.587554 0.851351 0.589001 0.853282 0.589001 0.857143 0.590449 0.859073 0.590449 0.861004 0.591896 0.862934 0.591896 0.864865 0.593343 0.862934 0.597685 0.862934 0.599132 0.861004 0.603473 0.861004 0.60492 0.859073 0.609262 0.859073 0.610709 0.857143 0.616498 0.857143 0.617945 0.855212 0.622287 0.855212 0.623734 0.853282 0.628075 0.853282 0.628075 0.84749 0.626628 0.84556 0.626628 0.837838 0.625181 0.835907 0.625181 0.833977 0.623734 0.832046 0.623734 0.830116 0.622287 0.828185 0.622287 0.826255 0.620839 0.824324 0.620839 0.822394 0.619392 0.820463
0 0.426918 0.812741 0.42547 0.814672 0.406657 0.814672 0.406657 0.816602 0.40521 0.818533 0.40521 0.820463 0.402315 0.824324 0.393632 0.824324 0.393632 0.828185 0.392185 0.830116 0.392185 0.833977 0.393632 0.833977 0.39508 0.835907 0.397974 0.835907 0.399421 0.837838 0.400868 0.837838 0.402315 0.839768 0.403763 0.839768 0.40521 0.841699 0.406657 0.839768 0.408104 0.839768 0.409551 0.837838 0.412446 0.837838 0.413893 0.835907 0.41534 0.835907 0.416787 0.833977 0.418234 0.833977 0.419682 0.832046 0.421129 0.832046 0.422576 0.830116 0.424023 0.830116 0.426918 0.826255 0.428365 0.826255 0.429812 0.824324 0.431259 0.824324 0.432706 0.822394 0.434153 0.822394
0 0.791606 0.557915 0.790159 0.559846 0.782923 0.559846 0.781476 0.561776 0.77424 0.561776 0.77424 0.563707 0.775687 0.565637 0.775687 0.569498 0.778582 0.569498 0.780029 0.571429 0.781476 0.571429 0.782923 0.573359 0.785818 0.573359 0.787265 0.57529 0.788712 0.57529 0.790159 0.57722 0.791606 0.57529 0.795948 0.57529 0.797395 0.573359 0.803184 0.573359 0.803184 0.571429 0.801737 0.569498 0.801737 0.563707 0.800289 0.561776 0.800289 0.559846 0.793054 0.559846
0 0.767004 0.519305 0.767004 0.521236 0.765557 0.523166 0.765557 0.527027 0.76411 0.528958 0.76411 0.530888 0.771346 0.530888 0.772793 0.532819 0.772793 0.530888 0.77424 0.528958 0.77424 0.523166 0.775687 0.521236 0.775687 0.519305
0 0.795948 0.515444 0.795948 0.528958 0.81042 0.528958 0.811867 0.530888 0.811867 0.517375 0.797395 0.517375
0 0.667149 0.472973 0.667149 0.474903 0.665702 0.476834 0.665702 0.478764 0.671491 0.478764 0.672938 0.480695 0.684515 0.480695 0.685962 0.482625 0.696093 0.482625 0.69754 0.484556 0.69754 0.480695 0.694645 0.480695 0.693198 0.478764 0.690304 0.478764 0.688857 0.476834 0.685962 0.476834 0.684515 0.474903 0.668596 0.474903
0 0.567294 0.409266 0.567294 0.416988 0.587554 0.416988 0.589001 0.418919 0.589001 0.411197 0.568741 0.411197
0 0.929088 0.397683 0.927641 0.399614 0.9233 0.399614 0.921852 0.401544 0.916064 0.401544 0.914616 0.403475 0.911722 0.403475 0.910275 0.405405 0.89725 0.405405 0.895803 0.407336 0.895803 0.411197 0.898698 0.411197 0.900145 0.413127 0.904486 0.413127 0.905933 0.415058 0.908828 0.415058 0.910275 0.416988 0.914616 0.416988 0.916064 0.418919 0.918958 0.418919 0.920405 0.420849 0.920405 0.413127 0.921852 0.411197 0.921852 0.407336 0.9233 0.405405 0.926194 0.405405 0.927641 0.407336 0.930535 0.407336 0.931983 0.409266 0.936324 0.409266 0.937771 0.411197 0.93343 0.405405 0.93343 0.403475
0 0.775687 0.337838 0.772793 0.341699 0.771346 0.341699 0.768452 0.34556 0.767004 0.34556 0.771346 0.351351 0.775687 0.351351 0.777135 0.353282 0.781476 0.353282 0.782923 0.355212 0.78437 0.353282 0.785818 0.353282 0.787265 0.351351 0.788712 0.351351 0.790159 0.349421 0.791606 0.349421 0.791606 0.34749 0.790159 0.34556 0.790159 0.341699 0.78437 0.341699 0.782923 0.339768 0.777135 0.339768
0 0.580318 0.291506 0.578871 0.293436 0.577424 0.293436 0.575977 0.295367 0.573082 0.295367 0.573082 0.297297 0.571635 0.299228 0.571635 0.301158 0.570188 0.303089 0.570188 0.305019 0.573082 0.30888 0.602026 0.30888 0.602026 0.301158 0.599132 0.297297 0.597685 0.297297 0.593343 0.291506
0 0.9233 0.276062 0.9233 0.281853 0.921852 0.283784 0.921852 0.287645 0.934877 0.287645 0.936324 0.289575 0.949349 0.289575 0.950796 0.287645 0.950796 0.283784 0.952243 0.281853 0.952243 0.279923 0.950796 0.279923 0.949349 0.277992 0.946454 0.277992 0.945007 0.276062
1 0.231548 0.372587 0.230101 0.374517 0.224313 0.374517 0.222865 0.376448 0.217077 0.376448 0.21563 0.378378 0.209841 0.378378 0.208394 0.380309 0.206946 0.378378 0.204052 0.378378 0.202605 0.376448 0.201158 0.376448 0.199711 0.374517 0.196816 0.374517 0.195369 0.376448 0.193922 0.376448 0.18958 0.382239 0.188133 0.382239 0.182344 0.389961 0.180897 0.389961 0.176556 0.395753 0.175109 0.395753 0.173661 0.397683 0.176556 0.397683 0.178003 0.399614 0.180897 0.399614 0.182344 0.401544 0.180897 0.403475 0.178003 0.403475 0.176556 0.405405 0.173661 0.405405 0.172214 0.407336 0.16932 0.407336 0.167873 0.409266 0.164978 0.409266 0.163531 0.411197 0.160637 0.411197 0.15919 0.413127 0.156295 0.413127 0.154848 0.415058 0.151954 0.415058 0.150507 0.416988 0.147612 0.416988 0.146165 0.418919 0.143271 0.418919 0.141823 0.420849 0.137482 0.420849 0.136035 0.42278 0.13314 0.42278 0.131693 0.42471 0.127352 0.42471 0.125904 0.426641 0.12301 0.426641 0.121563 0.428571 0.117221 0.428571 0.115774 0.430502 0.114327 0.428571 0.11288 0.428571 0.111433 0.426641 0.109986 0.426641 0.108538 0.42471 0.104197 0.42471 0.104197 0.430502 0.107091 0.430502 0.108538 0.432432 0.111433 0.432432 0.11288 0.434363 0.111433 0.436293 0.107091 0.436293 0.105644 0.438224 0.101302 0.438224 0.099855 0.440154 0.079595 0.440154 0.078148 0.442085 0.072359 0.442085 0.070912 0.444015 0.06657 0.444015 0.065123 0.445946 0.060781 0.445946 0.059334 0.447876 0.053546 0.447876 0.052098 0.449807 0.047757 0.449807 0.04631 0.451737 0.041968 0.451737 0.040521 0.453668 0.036179 0.453668 0.034732 0.455598 0.033285 0.455598 0.031838 0.457529 0.028944 0.457529 0.027496 0.459459 0.026049 0.459459 0.024602 0.46139 0.013025 0.46139 0.011577 0.46332 0.001447 0.46332 0.0 0.465251 0.0 0.476834 0.004342 0.476834 0.005789 0.474903 0.008683 0.474903 0.01013 0.472973 0.014472 0.472973 0.015919 0.471042 0.018813 0.471042 0.02026 0.469112 0.024602 0.469112 0.026049 0.467181 0.028944 0.467181 0.030391 0.465251 0.036179 0.465251 0.037627 0.46332 0.043415 0.46332 0.044863 0.46139 0.050651 0.46139 0.052098 0.459459 0.057887 0.459459 0.059334 0.457529 0.065123 0.457529 0.06657 0.455598 0.072359 0.455598 0.073806 0.453668 0.079595 0.453668 0.081042 0.451737 0.086831 0.451737 0.088278 0.449807 0.091172 0.449807 0.092619 0.447876 0.096961 0.447876 0.098408 0.445946 0.101302 0.445946 0.10275 0.444015 0.105644 0.444015 0.107091 0.442085 0.111433 0.442085 0.11288 0.440154 0.115774 0.440154 0.117221 0.438224 0.120116 0.438224 0.121563 0.436293 0.124457 0.436293 0.125904 0.434363 0.130246 0.434363 0.131693 0.432432 0.134588 0.432432 0.136035 0.430502 0.140376 0.430502 0.141823 0.428571 0.144718 0.428571 0.146165 0.426641 0.150507 0.426641 0.151954 0.42471 0.154848 0.42471 0.156295 0.42278 0.15919 0.42278 0.160637 0.420849 0.163531 0.420849 0.164978 0.418919 0.167873 0.418919 0.16932 0.416988 0.172214 0.416988 0.173661 0.415058 0.176556 0.415058 0.178003 0.413127 0.17945 0.413127 0.180897 0.411197 0.183792 0.411197 0.185239 0.409266 0.188133 0.409266 0.18958 0.407336 0.192475 0.407336 0.193922 0.405405 0.196816 0.405405 0.198263 0.403475 0.201158 0.403475 0.199711 0.401544 0.18958 0.401544 0.188133 0.399614 0.188133 0.397683 0.186686 0.395753 0.186686 0.388031 0.188133 0.3861 0.191027 0.3861 0.192475 0.38417 0.195369 0.38417 0.196816 0.382239 0.199711 0.382239 0.201158 0.380309 0.202605 0.382239 0.202605 0.38417 0.204052 0.3861 0.204052 0.388031 0.205499 0.389961 0.205499 0.391892 0.206946 0.391892 0.209841 0.388031 0.211288 0.388031 0.214182 0.38417 0.21563 0.38417 0.217077 0.382239 0.218524 0.382239 0.219971 0.380309 0.222865 0.380309 0.224313 0.378378 0.22576 0.378378 0.227207 0.376448 0.230101 0.376448 0.231548 0.374517 0.232996 0.374517 0.234443 0.372587 0.23589 0.372587
1 0.914616 0.23166 0.913169 0.233591 0.911722 0.233591 0.910275 0.235521 0.908828 0.235521 0.907381 0.237452 0.905933 0.237452 0.903039 0.241313 0.901592 0.241313 0.900145 0.243243 0.898698 0.243243 0.89725 0.245174 0.895803 0.245174 0.894356 0.247104 0.892909 0.247104 0.891462 0.249035 0.890014 0.249035 0.888567 0.250965 0.885673 0.250965 0.884226 0.252896 0.882779 0.252896 0.881331 0.254826 0.879884 0.254826 0.878437 0.256757 0.87699 0.254826 0.871201 0.254826 0.869754 0.252896 0.865412 0.252896 0.863965 0.250965 0.856729 0.250965 0.853835 0.254826 0.852388 0.254826 0.849493 0.258687 0.848046 0.258687 0.845152 0.262548 0.83068 0.262548 0.829233 0.264479 0.816208 0.264479 0.814761 0.266409 0.813314 0.264479 0.794501 0.264479 0.793054 0.262548 0.793054 0.260618 0.794501 0.258687 0.794501 0.252896 0.795948 0.250965 0.780029 0.250965 0.778582 0.252896 0.748191 0.252896 0.746744 0.254826 0.743849 0.254826 0.742402 0.256757 0.740955 0.256757 0.739508 0.258687 0.736614 0.258687 0.735166 0.260618 0.733719 0.260618 0.732272 0.262548 0.729378 0.262548 0.727931 0.264479 0.726483 0.264479 0.725036 0.266409 0.725036 0.26834 0.723589 0.27027 0.723589 0.272201 0.720695 0.276062 0.720695 0.277992 0.719247 0.279923 0.719247 0.281853 0.716353 0.285714 0.693198 0.285714 0.691751 0.287645 0.690304 0.287645 0.688857 0.289575 0.685962 0.289575 0.684515 0.291506 0.683068 0.289575 0.683068 0.285714 0.681621 0.283784 0.681621 0.277992 0.680174 0.279923 0.680174 0.281853 0.678726 0.283784 0.678726 0.285714 0.677279 0.287645 0.677279 0.289575 0.675832 0.291506 0.672938 0.287645 0.672938 0.285714 0.668596 0.279923 0.668596 0.283784 0.667149 0.285714 0.667149 0.287645 0.665702 0.289575 0.664255 0.287645 0.664255 0.281853 0.662808 0.279923 0.662808 0.266409 0.662808 0.274131 0.66136 0.276062 0.66136 0.285714 0.659913 0.287645 0.659913 0.293436 0.658466 0.295367 0.655572 0.291506 0.654124 0.291506 0.65123 0.287645 0.649783 0.287645 0.649783 0.30888 0.648336 0.310811 0.646889 0.30888 0.635311 0.30888 0.632417 0.312741 0.632417 0.314672 0.628075 0.320463 0.606368 0.320463 0.60492 0.322394 0.60492 0.324324 0.603473 0.326255 0.603473 0.328185 0.602026 0.330116 0.599132 0.330116 0.597685 0.332046 0.596237 0.332046 0.59479 0.333977 0.591896 0.333977 0.590449 0.335907 0.587554 0.335907 0.586107 0.337838 0.583213 0.337838 0.581766 0.339768 0.580318 0.339768 0.578871 0.341699 0.575977 0.341699 0.57453 0.343629 0.573082 0.343629 0.571635 0.34556 0.570188 0.34556 0.568741 0.34749 0.567294 0.34749 0.565847 0.349421 0.564399 0.349421 0.561505 0.353282 0.560058 0.353282 0.558611 0.355212 0.557164 0.355212 0.555716 0.357143 0.554269 0.357143 0.552822 0.359073 0.551375 0.359073 0.549928 0.361004 0.54848 0.361004 0.547033 0.362934 0.545586 0.362934 0.544139 0.364865 0.541245 0.364865 0.539797 0.366795 0.53835 0.366795 0.536903 0.368726 0.535456 0.368726 0.534009 0.370656 0.532562 0.370656 0.531114 0.372587 0.525326 0.372587 0.523878 0.374517 0.51809 0.374517 0.516643 0.376448 0.510854 0.376448 0.509407 0.378378 0.506512 0.378378 0.505065 0.380309 0.502171 0.380309 0.500724 0.382239 0.497829 0.382239 0.496382 0.38417 0.493488 0.38417 0.492041 0.3861 0.489146 0.3861 0.487699 0.388031 0.486252 0.388031 0.484805 0.389961 0.48191 0.389961 0.480463 0.391892 0.477569 0.391892 0.476122 0.393822 0.473227 0.393822 0.47178 0.395753 0.468886 0.395753 0.467438 0.397683 0.465991 0.397683 0.463097 0.401544 0.46165 0.401544 0.460203 0.403475 0.458755 0.403475 0.457308 0.405405 0.455861 0.405405 0.452967 0.409266 0.45152 0.409266 0.450072 0.411197 0.448625 0.411197 0.445731 0.415058 0.444284 0.415058 0.441389 0.418919 0.439942 0.418919 0.434153 0.426641 0.432706 0.426641 0.428365 0.432432 0.408104 0.432432 0.406657 0.434363 0.386397 0.434363 0.384949 0.436293 0.3589 0.436293 0.3589 0.445946 0.360347 0.447876 0.360347 0.453668 0.36903 0.453668 0.370478 0.451737 0.380608 0.451737 0.382055 0.449807 0.399421 0.449807 0.400868 0.447876 0.416787 0.447876 0.418234 0.445946 0.424023 0.445946 0.42547 0.444015 0.431259 0.444015 0.432706 0.442085 0.434153 0.444015 0.448625 0.444015 0.450072 0.445946 0.509407 0.445946 0.510854 0.444015 0.512301 0.444015 0.513748 0.442085 0.515195 0.442085 0.516643 0.440154 0.51809 0.440154 0.519537 0.438224 0.520984 0.438224 0.522431 0.436293 0.523878 0.438224 0.536903 0.438224 0.53835 0.440154 0.549928 0.440154 0.54848 0.438224 0.54848 0.434363 0.547033 0.432432 0.547033 0.430502 0.545586 0.428571 0.544139 0.428571 0.541245 0.42471 0.539797 0.42471 0.53835 0.42278 0.529667 0.42278 0.52822 0.42471 0.519537 0.42471 0.51809 0.426641 0.509407 0.426641 0.507959 0.428571 0.505065 0.42471 0.505065 0.42278 0.503618 0.420849 0.503618 0.418919 0.500724 0.415058 0.500724 0.413127 0.499276 0.411197 0.503618 0.405405 0.505065 0.405405 0.510854 0.397683 0.512301 0.397683 0.516643 0.391892 0.53835 0.391892 0.541245 0.388031 0.542692 0.388031 0.545586 0.38417 0.547033 0.38417 0.549928 0.380309 0.551375 0.380309 0.554269 0.376448 0.555716 0.376448 0.557164 0.374517 0.558611 0.374517 0.560058 0.372587 0.562952 0.372587 0.564399 0.370656 0.565847 0.370656 0.567294 0.368726 0.568741 0.368726 0.570188 0.366795 0.571635 0.366795 0.573082 0.364865 0.57453 0.366795 0.57453 0.376448 0.575977 0.378378 0.575977 0.38417 0.578871 0.38417 0.578871 0.382239 0.580318 0.380309 0.580318 0.376448 0.581766 0.374517 0.581766 0.370656 0.583213 0.368726 0.583213 0.366795 0.58466 0.364865 0.58466 0.362934 0.587554 0.359073 0.587554 0.357143 0.590449 0.353282 0.590449 0.351351 0.593343 0.34749 0.603473 0.34749 0.60492 0.34556 0.613603 0.34556 0.615051 0.343629 0.616498 0.34556 0.622287 0.34556 0.623734 0.34749 0.629522 0.34749 0.63097 0.349421 0.629522 0.351351 0.626628 0.351351 0.625181 0.353282 0.623734 0.353282 0.622287 0.355212 0.619392 0.355212 0.617945 0.357143 0.615051 0.357143 0.613603 0.359073 0.610709 0.359073 0.609262 0.361004 0.607815 0.361004 0.606368 0.362934 0.603473 0.362934 0.60492 0.364865 0.60492 0.366795 0.606368 0.368726 0.606368 0.370656 0.607815 0.372587 0.607815 0.374517 0.609262 0.376448 0.610709 0.376448 0.612156 0.378378 0.613603 0.378378 0.615051 0.380309 0.617945 0.380309 0.619392 0.382239 0.620839 0.382239 0.622287 0.38417 0.623734 0.38417 0.626628 0.388031 0.628075 0.388031 0.632417 0.393822 0.633864 0.393822 0.635311 0.395753 0.654124 0.395753 0.655572 0.397683 0.719247 0.397683 0.720695 0.395753 0.726483 0.395753 0.727931 0.393822 0.732272 0.393822 0.733719 0.391892 0.738061 0.391892 0.739508 0.389961 0.761216 0.389961 0.759768 0.389961 0.758321 0.388031 0.756874 0.388031 0.755427 0.3861 0.75398 0.3861 0.751085 0.382239 0.749638 0.382239 0.748191 0.380309 0.746744 0.380309 0.745297 0.378378 0.743849 0.378378 0.742402 0.376448 0.742402 0.364865 0.743849 0.362934 0.745297 0.364865 0.771346 0.364865 0.772793 0.366795 0.800289 0.366795 0.801737 0.368726 0.804631 0.368726 0.806078 0.370656 0.807525 0.370656 0.808973 0.372587 0.811867 0.372587 0.813314 0.374517 0.816208 0.374517 0.817656 0.376448 0.83068 0.376448 0.83068 0.364865 0.832127 0.362934 0.832127 0.349421 0.833575 0.34749 0.845152 0.34749 0.846599 0.34556 0.848046 0.34556 0.852388 0.339768 0.855282 0.339768 0.856729 0.337838 0.859624 0.337838 0.861071 0.335907 0.863965 0.335907 0.863965 0.333977 0.862518 0.332046 0.862518 0.328185 0.861071 0.326255 0.861071 0.322394 0.859624 0.320463 0.859624 0.318533 0.865412 0.310811 0.871201 0.310811 0.872648 0.30888 0.87699 0.30888 0.878437 0.30695 0.884226 0.30695 0.885673 0.305019 0.88712 0.30695 0.898698 0.30695 0.900145 0.30888 0.913169 0.30888 0.914616 0.310811 0.916064 0.310811 0.918958 0.314672 0.920405 0.314672 0.9233 0.318533 0.937771 0.318533 0.939219 0.320463 0.939219 0.328185 0.940666 0.330116 0.940666 0.335907 0.939219 0.337838 0.937771 0.337838 0.936324 0.339768 0.934877 0.339768 0.931983 0.343629 0.930535 0.343629 0.929088 0.34556 0.927641 0.34556 0.927641 0.351351 0.929088 0.353282 0.929088 0.355212 0.963821 0.355212 0.965268 0.357143 0.963821 0.359073 0.963821 0.361004 0.960926 0.364865 0.960926 0.366795 0.958032 0.370656 0.958032 0.372587 0.955137 0.376448 0.95369 0.376448 0.950796 0.380309 0.949349 0.380309 0.946454 0.38417 0.945007 0.38417 0.942113 0.388031 0.914616 0.388031 0.913169 0.389961 0.904486 0.389961 0.905933 0.391892 0.905933 0.393822 0.910275 0.399614 0.910275 0.401544 0.914616 0.401544 0.916064 0.399614 0.921852 0.399614 0.9233 0.397683 0.927641 0.397683 0.929088 0.395753 0.934877 0.403475 0.934877 0.405405 0.937771 0.409266 0.936324 0.411197 0.931983 0.411197 0.930535 0.409266 0.927641 0.409266 0.926194 0.407336 0.9233 0.407336 0.9233 0.411197 0.921852 0.413127 0.921852 0.420849 0.920405 0.42278 0.918958 0.420849 0.916064 0.420849 0.914616 0.418919 0.910275 0.418919 0.908828 0.416988 0.905933 0.416988 0.904486 0.415058 0.900145 0.415058 0.898698 0.413127 0.895803 0.413127 0.894356 0.411197 0.894356 0.407336 0.863965 0.407336 0.862518 0.409266 0.861071 0.407336 0.861071 0.405405 0.859624 0.403475 0.859624 0.401544 0.858177 0.399614 0.858177 0.397683 0.856729 0.395753 0.856729 0.393822 0.855282 0.391892 0.855282 0.389961 0.855282 0.395753 0.853835 0.397683 0.853835 0.401544 0.852388 0.403475 0.839363 0.3861 0.837916 0.3861 0.837916 0.388031 0.836469 0.389961 0.836469 0.393822 0.835022 0.395753 0.835022 0.397683 0.833575 0.399614 0.833575 0.401544 0.832127 0.403475 0.832127 0.407336 0.83068 0.409266 0.83068 0.411197 0.829233 0.413127 0.829233 0.415058 0.827786 0.416988 0.826339 0.415058 0.795948 0.415058 0.795948 0.416988 0.797395 0.418919 0.797395 0.42278 0.791606 0.430502 0.791606 0.432432 0.78437 0.442085 0.781476 0.442085 0.780029 0.444015 0.778582 0.444015 0.777135 0.445946 0.77424 0.445946 0.772793 0.447876 0.771346 0.447876 0.769899 0.449807 0.768452 0.449807 0.767004 0.451737 0.765557 0.451737 0.76411 0.453668 0.762663 0.453668 0.761216 0.455598 0.759768 0.455598 0.758321 0.457529 0.756874 0.457529 0.755427 0.459459 0.75398 0.459459 0.756874 0.459459 0.758321 0.46139 0.759768 0.46139 0.761216 0.46332 0.76411 0.46332 0.765557 0.465251 0.762663 0.469112 0.761216 0.469112 0.755427 0.476834 0.75398 0.476834 0.751085 0.480695 0.751085 0.490347 0.752533 0.492278 0.752533 0.5 0.751085 0.501931 0.749638 0.5 0.738061 0.5 0.736614 0.498069 0.725036 0.498069 0.725036 0.519305 0.723589 0.521236 0.713459 0.521236 0.712012 0.523166 0.703329 0.523166 0.701881 0.525097 0.700434 0.523166 0.700434 0.521236 0.698987 0.519305 0.698987 0.513514 0.69754 0.511583 0.675832 0.511583 0.674385 0.509653 0.629522 0.509653 0.620839 0.498069 0.620839 0.496139 0.619392 0.494208 0.619392 0.492278 0.617945 0.490347 0.617945 0.488417 0.613603 0.494208 0.613603 0.496139 0.610709 0.5 0.602026 0.5 0.600579 0.498069 0.596237 0.498069 0.59479 0.496139 0.590449 0.496139 0.589001 0.494208 0.58466 0.494208 0.583213 0.492278 0.58466 0.490347 0.58466 0.488417 0.586107 0.486486 0.586107 0.484556 0.587554 0.482625 0.587554 0.480695 0.583213 0.480695 0.581766 0.482625 0.581766 0.484556 0.578871 0.488417 0.578871 0.490347 0.577424 0.492278 0.577424 0.494208 0.57453 0.498069 0.57453 0.5 0.571635 0.503861 0.567294 0.503861 0.565847 0.505792 0.562952 0.505792 0.561505 0.507722 0.557164 0.507722 0.555716 0.509653 0.554269 0.507722 0.539797 0.507722 0.53835 0.505792 0.532562 0.505792 0.531114 0.503861 0.525326 0.503861 0.523878 0.501931 0.51809 0.501931 0.516643 0.5 0.516643 0.496139 0.515195 0.494208 0.515195 0.488417 0.513748 0.486486 0.512301 0.488417 0.509407 0.488417 0.507959 0.490347 0.506512 0.490347 0.505065 0.492278 0.502171 0.492278 0.500724 0.494208 0.499276 0.494208 0.497829 0.496139 0.480463 0.496139 0.480463 0.498069 0.479016 0.5 0.479016 0.501931 0.477569 0.503861 0.477569 0.505792 0.476122 0.507722 0.476122 0.509653 0.474674 0.511583 0.474674 0.513514 0.473227 0.515444 0.47178 0.513514 0.468886 0.513514 0.467438 0.511583 0.464544 0.511583 0.463097 0.509653 0.460203 0.509653 0.460203 0.511583 0.458755 0.513514 0.458755 0.515444 0.457308 0.517375 0.457308 0.519305 0.454414 0.523166 0.450072 0.523166 0.448625 0.525097 0.445731 0.525097 0.444284 0.527027 0.439942 0.527027 0.438495 0.528958 0.432706 0.528958 0.431259 0.530888 0.426918 0.530888 0.42547 0.532819 0.419682 0.532819 0.418234 0.534749 0.413893 0.534749 0.409551 0.540541 0.409551 0.542471 0.40521 0.548263 0.400868 0.548263 0.399421 0.550193 0.39508 0.550193 0.393632 0.552124 0.387844 0.552124 0.386397 0.554054 0.382055 0.554054 0.380608 0.555985 0.376266 0.555985 0.374819 0.557915 0.370478 0.557915 0.373372 0.561776 0.397974 0.561776 0.399421 0.559846 0.400868 0.561776 0.400868 0.563707 0.399421 0.565637 0.399421 0.571429 0.397974 0.573359 0.397974 0.57722 0.396527 0.579151 0.39508 0.57722 0.383502 0.57722 0.382055 0.57529 0.371925 0.57529 0.370478 0.573359 0.360347 0.573359 0.360347 0.579151 0.371925 0.579151 0.373372 0.581081 0.384949 0.581081 0.386397 0.583012 0.397974 0.583012 0.402315 0.588803 0.403763 0.588803 0.409551 0.596525 0.410999 0.596525 0.413893 0.600386 0.416787 0.600386 0.418234 0.602317 0.421129 0.602317 0.422576 0.604247 0.42547 0.604247 0.426918 0.606178 0.429812 0.606178 0.431259 0.608108 0.434153 0.608108 0.435601 0.610039 0.438495 0.610039 0.439942 0.611969 0.442836 0.611969 0.444284 0.6139 0.447178 0.6139 0.448625 0.61583 0.45152 0.61583 0.452967 0.617761 0.455861 0.617761 0.457308 0.619691 0.460203 0.619691 0.46165 0.621622 0.46165 0.625483 0.460203 0.627413 0.460203 0.637066 0.458755 0.638996 0.458755 0.648649 0.457308 0.650579 0.457308 0.660232 0.455861 0.662162 0.455861 0.671815 0.454414 0.673745 0.454414 0.683398 0.452967 0.685328 0.452967 0.694981 0.45152 0.696911 0.45152 0.702703 0.438495 0.720077 0.438495 0.722008 0.42547 0.739382 0.421129 0.733591 0.419682 0.733591 0.416787 0.72973 0.412446 0.72973 0.410999 0.73166 0.408104 0.73166 0.406657 0.733591 0.40521 0.73166 0.399421 0.73166 0.397974 0.733591 0.39508 0.733591 0.393632 0.735521 0.392185 0.735521 0.390738 0.737452 0.387844 0.737452 0.386397 0.739382 0.384949 0.737452 0.377713 0.737452 0.376266 0.735521 0.36903 0.735521 0.367583 0.733591 0.36903 0.73166 0.370478 0.73166 0.371925 0.72973 0.373372 0.72973 0.376266 0.725869 0.377713 0.725869 0.379161 0.723938 0.380608 0.723938 0.382055 0.722008 0.383502 0.722008 0.386397 0.718147 0.387844 0.718147 0.389291 0.716216 0.390738 0.716216 0.392185 0.714286 0.393632 0.714286 0.396527 0.710425 0.397974 0.710425 0.400868 0.706564 0.402315 0.706564 0.40521 0.702703 0.406657 0.702703 0.409551 0.698842 0.410999 0.698842 0.409551 0.696911 0.408104 0.696911 0.40521 0.69305 0.402315 0.69305 0.399421 0.696911 0.397974 0.696911 0.39508 0.700772 0.393632 0.700772 0.390738 0.704633 0.389291 0.704633 0.386397 0.708494 0.384949 0.708494 0.382055 0.712355 0.379161 0.712355 0.377713 0.714286 0.373372 0.714286 0.371925 0.716216 0.36903 0.716216 0.367583 0.718147 0.364689 0.718147 0.363242 0.720077 0.361795 0.720077 0.360347 0.722008 0.3589 0.722008 0.356006 0.725869 0.354559 0.725869 0.353111 0.727799 0.351664 0.727799 0.350217 0.72973 0.34877 0.72973 0.345876 0.733591 0.344428 0.733591 0.342981 0.735521 0.341534 0.733591 0.335745 0.733591 0.334298 0.73166 0.327062 0.73166 0.325615 0.72973 0.325615 0.727799 0.327062 0.725869 0.327062 0.722008 0.328509 0.720077 0.328509 0.716216 0.329957 0.714286 0.329957 0.710425 0.331404 0.708494 0.331404 0.704633 0.332851 0.702703 0.332851 0.698842 0.334298 0.696911 0.334298 0.69305 0.335745 0.69112 0.335745 0.687259 0.337192 0.685328 0.337192 0.681467 0.33864 0.679537 0.33864 0.675676 0.340087 0.673745 0.340087 0.669884 0.341534 0.667954 0.341534 0.664093 0.342981 0.662162 0.342981 0.658301 0.344428 0.656371 0.344428 0.65251 0.345876 0.650579 0.345876 0.646718 0.347323 0.644788 0.347323 0.642857 0.329957 0.642857 0.328509 0.640927 0.287988 0.640927 0.286541 0.638996 0.286541 0.633205 0.287988 0.631274 0.287988 0.621622 0.289436 0.619691 0.289436 0.61583 0.286541 0.619691 0.285094 0.619691 0.2822 0.623552 0.280753 0.623552 0.277858 0.627413 0.276411 0.627413 0.273517 0.631274 0.272069 0.631274 0.270622 0.633205 0.247467 0.633205 0.24602 0.635135 0.244573 0.633205 0.244573 0.631274 0.243126 0.629344 0.243126 0.627413 0.241679 0.625483 0.241679 0.623552 0.240232 0.621622 0.240232 0.619691 0.230101 0.633205 0.228654 0.631274 0.212735 0.631274 0.211288 0.633205 0.206946 0.633205 0.205499 0.635135 0.202605 0.635135 0.201158 0.637066 0.196816 0.631274 0.196816 0.629344 0.192475 0.623552 0.192475 0.621622 0.18958 0.617761 0.180897 0.617761 0.17945 0.61583 0.178003 0.61583 0.176556 0.6139 0.175109 0.6139 0.172214 0.610039 0.170767 0.610039 0.16932 0.608108 0.167873 0.608108 0.166425 0.606178 0.164978 0.606178 0.163531 0.604247 0.162084 0.604247 0.160637 0.602317 0.15919 0.602317 0.157742 0.600386 0.156295 0.600386 0.154848 0.598456 0.153401 0.598456 0.151954 0.596525 0.151954 0.594595 0.153401 0.592664 0.153401 0.590734 0.154848 0.588803 0.154848 0.586873 0.156295 0.584942 0.156295 0.583012 0.157742 0.581081 0.15919 0.583012 0.164978 0.583012 0.166425 0.584942 0.170767 0.584942 0.172214 0.586873 0.178003 0.586873 0.191027 0.569498 0.191027 0.567568 0.192475 0.565637 0.192475 0.559846 0.193922 0.557915 0.180897 0.557915 0.17945 0.555985 0.178003 0.555985 0.176556 0.554054 0.175109 0.554054 0.173661 0.552124 0.172214 0.552124 0.170767 0.550193 0.16932 0.550193 0.167873 0.548263 0.16932 0.546332 0.170767 0.546332 0.173661 0.542471 0.175109 0.542471 0.178003 0.53861 0.17945 0.53861 0.182344 0.534749 0.183792 0.534749 0.185239 0.532819 0.182344 0.528958 0.180897 0.528958 0.17945 0.530888 0.178003 0.530888 0.176556 0.532819 0.175109 0.532819 0.173661 0.534749 0.172214 0.534749 0.170767 0.53668 0.166425 0.53668 0.164978 0.53861 0.162084 0.53861 0.160637 0.540541 0.156295 0.540541 0.154848 0.542471 0.151954 0.542471 0.136035 0.563707 0.13314 0.563707 0.131693 0.565637 0.128799 0.565637 0.127352 0.567568 0.120116 0.567568 0.118669 0.569498 0.109986 0.569498 0.108538 0.571429 0.101302 0.571429 0.099855 0.573359 0.096961 0.569498 0.096961 0.567568 0.095514 0.565637 0.095514 0.563707 0.089725 0.563707 0.088278 0.565637 0.082489 0.565637 0.081042 0.567568 0.073806 0.567568 0.072359 0.569498 0.06657 0.569498 0.065123 0.571429 0.059334 0.571429 0.057887 0.573359 0.052098 0.573359 0.050651 0.57529 0.049204 0.573359 0.033285 0.573359 0.033285 0.57529 0.031838 0.57722 0.031838 0.579151 0.034732 0.579151 0.036179 0.581081 0.047757 0.581081 0.049204 0.579151 0.054993 0.579151 0.05644 0.57722 0.063676 0.57722 0.065123 0.57529 0.070912 0.57529 0.072359 0.573359 0.079595 0.573359 0.081042 0.571429 0.086831 0.571429 0.088278 0.569498 0.089725 0.571429 0.094067 0.571429 0.095514 0.573359 0.094067 0.57529 0.092619 0.57529 0.091172 0.57722 0.089725 0.57722 0.088278 0.579151 0.086831 0.579151 0.085384 0.581081 0.082489 0.581081 0.081042 0.583012 0.079595 0.583012 0.078148 0.584942 0.0767 0.584942 0.075253 0.586873 0.073806 0.586873 0.072359 0.588803 0.070912 0.588803 0.069465 0.590734 0.068017 0.590734 0.06657 0.592664 0.065123 0.592664 0.063676 0.594595 0.062229 0.594595 0.060781 0.596525 0.057887 0.596525 0.05644 0.598456 0.054993 0.598456 0.053546 0.600386 0.052098 0.600386 0.050651 0.602317 0.049204 0.602317 0.047757 0.604247 0.041968 0.604247 0.040521 0.606178 0.040521 0.608108 0.039074 0.610039 0.039074 0.6139 0.037627 0.61583 0.037627 0.617761 0.036179 0.619691 0.034732 0.617761 0.031838 0.617761 0.030391 0.61583 0.027496 0.61583 0.026049 0.6139 0.023155 0.6139 0.023155 0.61583 0.021708 0.617761 0.021708 0.619691 0.02026 0.621622 0.02026 0.623552 0.018813 0.625483 0.018813 0.627413 0.017366 0.629344 0.017366 0.631274 0.013025 0.637066 0.013025 0.638996 0.011577 0.640927 0.013025 0.640927 0.014472 0.642857 0.015919 0.642857 0.017366 0.644788 0.018813 0.644788 0.021708 0.648649 0.023155 0.648649 0.024602 0.650579 0.026049 0.650579 0.027496 0.65251 0.028944 0.65251 0.030391 0.65444 0.031838 0.65444 0.033285 0.656371 0.031838 0.658301 0.030391 0.658301 0.028944 0.660232 0.026049 0.660232 0.024602 0.662162 0.023155 0.662162 0.021708 0.664093 0.02026 0.664093 0.018813 0.666023 0.015919 0.666023 0.014472 0.667954 0.013025 0.667954 0.013025 0.671815 0.015919 0.671815 0.017366 0.669884 0.02026 0.669884 0.021708 0.667954 0.039074 0.667954 0.040521 0.666023 0.041968 0.667954 0.041968 0.669884 0.043415 0.671815 0.043415 0.675676 0.044863 0.677606 0.044863 0.681467 0.04631 0.683398 0.047757 0.681467 0.049204 0.681467 0.050651 0.679537 0.052098 0.679537 0.054993 0.675676 0.05644 0.675676 0.057887 0.673745 0.059334 0.673745 0.060781 0.671815 0.060781 0.669884 0.062229 0.667954 0.062229 0.666023 0.063676 0.664093 0.063676 0.662162 0.06657 0.658301 0.069465 0.662162 0.070912 0.662162 0.073806 0.666023 0.075253 0.666023 0.078148 0.669884 0.079595 0.669884 0.081042 0.671815 0.081042 0.675676 0.079595 0.677606 0.079595 0.687259 0.078148 0.689189 0.078148 0.69305 0.0767 0.694981 0.060781 0.694981 0.059334 0.696911 0.059334 0.698842 0.05644 0.702703 0.057887 0.704633 0.057887 0.706564 0.059334 0.708494 0.059334 0.710425 0.060781 0.712355 0.060781 0.714286 0.062229 0.716216 0.060781 0.718147 0.044863 0.718147 0.043415 0.720077 0.040521 0.716216 0.039074 0.716216 0.034732 0.710425 0.033285 0.710425 0.028944 0.704633 0.027496 0.704633 0.023155 0.698842 0.023155 0.696911 0.02026 0.69305 0.02026 0.69112 0.017366 0.687259 0.015919 0.687259 0.015919 0.69305 0.014472 0.694981 0.014472 0.700772 0.013025 0.702703 0.013025 0.725869 0.011577 0.727799 0.011577 0.749035 0.014472 0.752896 0.014472 0.754826 0.015919 0.756757 0.024602 0.745174 0.026049 0.747104 0.036179 0.747104 0.037627 0.749035 0.039074 0.749035 0.040521 0.750965 0.041968 0.750965 0.043415 0.752896 0.04631 0.752896 0.047757 0.754826 0.049204 0.754826 0.050651 0.756757 0.052098 0.756757 0.053546 0.758687 0.059334 0.758687 0.060781 0.760618 0.065123 0.760618 0.06657 0.762548 0.072359 0.762548 0.073806 0.764479 0.078148 0.764479 0.079595 0.766409 0.085384 0.766409 0.086831 0.76834 0.092619 0.76834 0.094067 0.77027 0.098408 0.77027 0.099855 0.772201 0.105644 0.772201 0.107091 0.774131 0.111433 0.774131 0.11288 0.776062 0.118669 0.776062 0.120116 0.777992 0.13314 0.777992 0.134588 0.779923 0.147612 0.779923 0.149059 0.781853 0.162084 0.781853 0.163531 0.783784 0.163531 0.785714 0.164978 0.787645 0.164978 0.791506 0.166425 0.793436 0.166425 0.795367 0.167873 0.797297 0.167873 0.799228 0.166425 0.801158 0.166425 0.803089 0.164978 0.805019 0.164978 0.80695 0.163531 0.80888 0.163531 0.810811 0.162084 0.812741 0.162084 0.814672 0.15919 0.818533 0.157742 0.818533 0.151954 0.826255 0.150507 0.826255 0.146165 0.832046 0.120116 0.832046 0.118669 0.833977 0.115774 0.833977 0.114327 0.835907 0.111433 0.835907 0.109986 0.837838 0.107091 0.837838 0.105644 0.839768 0.101302 0.839768 0.099855 0.841699 0.096961 0.841699 0.095514 0.843629 0.092619 0.843629 0.091172 0.84556 0.088278 0.84556 0.086831 0.84749 0.083936 0.84749 0.082489 0.849421 0.081042 0.849421 0.079595 0.851351 0.0767 0.851351 0.075253 0.853282 0.072359 0.853282 0.070912 0.855212 0.068017 0.855212 0.06657 0.857143 0.065123 0.857143 0.063676 0.859073 0.060781 0.859073 0.059334 0.861004 0.05644 0.861004 0.054993 0.862934 0.052098 0.862934 0.050651 0.864865 0.049204 0.864865 0.047757 0.866795 0.044863 0.866795 0.043415 0.868726 0.040521 0.868726 0.039074 0.870656 0.034732 0.870656 0.033285 0.872587 0.030391 0.872587 0.028944 0.874517 0.026049 0.874517 0.024602 0.876448 0.02026 0.876448 0.018813 0.878378 0.015919 0.878378 0.014472 0.880309 0.011577 0.880309 0.01013 0.882239 0.005789 0.882239 0.004342 0.88417 0.001447 0.88417 0.0 0.8861 0.0 0.897683 0.001447 0.897683 0.002894 0.895753 0.004342 0.895753 0.005789 0.893822 0.007236 0.893822 0.008683 0.891892 0.01013 0.891892 0.011577 0.889961 0.013025 0.889961 0.015919 0.8861 0.017366 0.8861 0.018813 0.88417 0.02026 0.88417 0.021708 0.882239 0.023155 0.882239 0.024602 0.880309 0.026049 0.880309 0.027496 0.878378 0.030391 0.878378 0.031838 0.876448 0.034732 0.876448 0.036179 0.874517 0.039074 0.874517 0.040521 0.872587 0.043415 0.872587 0.044863 0.870656 0.049204 0.870656 0.050651 0.868726 0.053546 0.868726 0.054993 0.866795 0.057887 0.866795 0.059334 0.864865 0.062229 0.864865 0.063676 0.862934 0.06657 0.862934 0.068017 0.861004 0.070912 0.861004 0.072359 0.859073 0.075253 0.859073 0.0767 0.857143 0.079595 0.857143 0.081042 0.855212 0.085384 0.855212 0.086831 0.853282 0.089725 0.853282 0.091172 0.851351 0.094067 0.851351 0.095514 0.849421 0.098408 0.849421 0.099855 0.851351 0.098408 0.853282 0.096961 0.853282 0.095514 0.855212 0.094067 0.855212 0.091172 0.859073 0.089725 0.859073 0.088278 0.861004 0.086831 0.861004 0.085384 0.862934 0.083936 0.862934 0.065123 0.888031 0.062229 0.888031 0.060781 0.889961 0.057887 0.889961 0.05644 0.891892 0.052098 0.891892 0.050651 0.893822 0.047757 0.893822 0.04631 0.895753 0.043415 0.895753 0.041968 0.897683 0.039074 0.897683 0.037627 0.899614 0.033285 0.899614 0.031838 0.901544 0.028944 0.901544 0.027496 0.903475 0.024602 0.903475 0.023155 0.905405 0.02026 0.905405 0.018813 0.907336 0.015919 0.907336 0.014472 0.909266 0.01013 0.909266 0.008683 0.911197 0.005789 0.911197 0.004342 0.913127 0.001447 0.913127 0.0 0.915058 0.0 0.920849 0.002894 0.920849 0.004342 0.918919 0.007236 0.918919 0.008683 0.916988 0.01013 0.916988 0.011577 0.915058 0.014472 0.915058 0.015919 0.913127 0.018813 0.913127 0.02026 0.911197 0.023155 0.911197 0.024602 0.909266 0.027496 0.909266 0.028944 0.907336 0.031838 0.907336 0.033285 0.905405 0.034732 0.905405 0.036179 0.903475 0.039074 0.903475 0.040521 0.901544 0.043415 0.901544 0.044863 0.899614 0.047757 0.899614 0.049204 0.897683 0.052098 0.897683 0.053546 0.895753 0.054993 0.895753 0.05644 0.893822 0.059334 0.893822 0.060781 0.891892 0.063676 0.891892 0.065123 0.889961 0.0767 0.889961 0.078148 0.891892 0.054993 0.92278 0.049204 0.92278 0.047757 0.92471 0.041968 0.92471 0.040521 0.926641 0.036179 0.926641 0.034732 0.928571 0.028944 0.928571 0.027496 0.930502 0.021708 0.930502 0.02026 0.932432 0.014472 0.932432 0.013025 0.934363 0.008683 0.934363 0.007236 0.936293 0.001447 0.936293 0.0 0.938224 0.0 0.998069 0.082489 0.998069 0.092619 0.984556 0.094067 0.986486 0.109986 0.986486 0.111433 0.984556 0.117221 0.984556 0.118669 0.982625 0.125904 0.982625 0.127352 0.980695 0.130246 0.984556 0.130246 0.986486 0.131693 0.988417 0.131693 0.990347 0.13314 0.992278 0.13314 0.994208 0.134588 0.996139 0.134588 0.998069 0.188133 0.998069 0.191027 0.994208 0.192475 0.994208 0.198263 0.986486 0.204052 0.986486 0.205499 0.984556 0.212735 0.984556 0.214182 0.982625 0.219971 0.982625 0.221418 0.980695 0.228654 0.980695 0.230101 0.978764 0.23589 0.978764 0.237337 0.976834 0.238784 0.978764 0.238784 0.980695 0.237337 0.982625 0.237337 0.986486 0.23589 0.988417 0.23589 0.990347 0.234443 0.992278 0.234443 0.996139 0.232996 0.998069 0.289436 0.998069 0.287988 0.996139 0.287988 0.994208 0.286541 0.992278 0.286541 0.990347 0.285094 0.988417 0.285094 0.986486 0.283647 0.984556 0.285094 0.982625 0.286541 0.982625 0.287988 0.980695 0.289436 0.980695 0.290883 0.978764 0.29233 0.978764 0.293777 0.976834 0.295224 0.976834 0.293777 0.976834 0.29233 0.974903 0.290883 0.974903 0.289436 0.972973 0.287988 0.972973 0.286541 0.971042 0.285094 0.971042 0.283647 0.969112 0.283647 0.967181 0.285094 0.965251 0.285094 0.96332 0.286541 0.96139 0.286541 0.959459 0.287988 0.957529 0.306802 0.957529 0.308249 0.955598 0.314038 0.955598 0.315485 0.953668 0.319826 0.953668 0.322721 0.949807 0.324168 0.949807 0.327062 0.945946 0.328509 0.945946 0.332851 0.940154 0.334298 0.940154 0.337192 0.936293 0.364689 0.936293 0.373372 0.947876 0.373372 0.949807 0.374819 0.951737 0.374819 0.953668 0.376266 0.955598 0.376266 0.957529 0.377713 0.959459 0.377713 0.96139 0.379161 0.96332 0.377713 0.965251 0.377713 0.967181 0.374819 0.971042 0.374819 0.972973 0.371925 0.976834 0.371925 0.978764 0.367583 0.984556 0.367583 0.986486 0.364689 0.990347 0.364689 0.992278 0.361795 0.996139 0.361795 0.998069 0.36903 0.998069 0.370478 0.996139 0.370478 0.994208 0.374819 0.988417 0.374819 0.986486 0.380608 0.978764 0.380608 0.976834 0.387844 0.967181 0.387844 0.965251 0.392185 0.959459 0.392185 0.957529 0.396527 0.951737 0.396527 0.949807 0.400868 0.944015 0.400868 0.942085 0.403763 0.938224 0.409551 0.945946 0.409551 0.947876 0.419682 0.96139 0.419682 0.96332 0.42547 0.971042 0.422576 0.974903 0.422576 0.976834 0.416787 0.984556 0.416787 0.986486 0.410999 0.994208 0.410999 0.996139 0.409551 0.998069 0.457308 0.998069 0.458755 0.996139 0.460203 0.996139 0.46165 0.994208 0.463097 0.994208 0.465991 0.990347 0.467438 0.990347 0.468886 0.988417 0.470333 0.988417 0.47178 0.986486 0.490593 0.986486 0.492041 0.984556 0.493488 0.984556 0.494935 0.982625 0.497829 0.982625 0.499276 0.980695 0.500724 0.980695 0.502171 0.978764 0.503618 0.978764 0.505065 0.976834 0.507959 0.976834 0.509407 0.974903 0.510854 0.974903 0.520984 0.96139 0.520984 0.959459 0.525326 0.953668 0.525326 0.951737 0.52822 0.947876 0.52822 0.945946 0.531114 0.942085 0.549928 0.942085 0.551375 0.940154 0.554269 0.940154 0.555716 0.938224 0.557164 0.940154 0.586107 0.940154 0.587554 0.938224 0.599132 0.938224 0.600579 0.936293 0.602026 0.938224 0.602026 0.940154 0.603473 0.942085 0.603473 0.944015 0.60492 0.945946 0.60492 0.947876 0.606368 0.949807 0.606368 0.953668 0.607815 0.955598 0.607815 0.957529 0.609262 0.959459 0.609262 0.96139 0.610709 0.96332 0.610709 0.967181 0.609262 0.969112 0.609262 0.974903 0.607815 0.976834 0.607815 0.980695 0.606368 0.982625 0.606368 0.988417 0.60492 0.990347 0.60492 0.996139 0.603473 0.998069 0.612156 0.998069 0.615051 0.994208 0.616498 0.994208 0.622287 0.986486 0.623734 0.986486 0.626628 0.982625 0.626628 0.974903 0.625181 0.972973 0.625181 0.967181 0.623734 0.967181 0.620839 0.96332 0.619392 0.96332 0.617945 0.96139 0.616498 0.96139 0.615051 0.959459 0.615051 0.955598 0.613603 0.953668 0.613603 0.947876 0.612156 0.945946 0.612156 0.942085 0.613603 0.940154 0.613603 0.938224 0.615051 0.936293 0.615051 0.932432 0.616498 0.930502 0.616498 0.928571 0.617945 0.926641 0.623734 0.934363 0.623734 0.936293 0.63097 0.945946 0.63097 0.947876 0.635311 0.953668 0.635311 0.974903 0.633864 0.976834 0.633864 0.998069 0.6411 0.998069 0.6411 0.988417 0.642547 0.986486 0.642547 0.972973 0.643994 0.971042 0.643994 0.967181 0.645441 0.965251 0.645441 0.959459 0.646889 0.957529 0.646889 0.953668 0.648336 0.951737 0.648336 0.947876 0.649783 0.945946 0.649783 0.942085 0.65123 0.940154 0.65123 0.934363 0.652677 0.932432 0.652677 0.928571 0.654124 0.926641 0.654124 0.92471 0.655572 0.92278 0.665702 0.92278 0.667149 0.920849 0.677279 0.920849 0.675832 0.920849 0.672938 0.916988 0.671491 0.916988 0.668596 0.913127 0.667149 0.913127 0.665702 0.911197 0.665702 0.903475 0.667149 0.901544 0.667149 0.893822 0.665702 0.891892 0.664255 0.891892 0.66136 0.888031 0.659913 0.888031 0.65123 0.876448 0.65123 0.870656 0.649783 0.868726 0.649783 0.859073 0.648336 0.857143 0.648336 0.84749 0.646889 0.84556 0.646889 0.839768 0.648336 0.837838 0.655572 0.837838 0.655572 0.828185 0.657019 0.826255 0.657019 0.814672 0.658466 0.812741 0.66136 0.816602 0.66136 0.818533 0.664255 0.822394 0.664255 0.824324 0.665702 0.826255 0.665702 0.828185 0.668596 0.832046 0.668596 0.833977 0.670043 0.835907 0.680174 0.835907 0.681621 0.837838 0.69754 0.837838 0.698987 0.835907 0.703329 0.835907 0.704776 0.833977 0.709117 0.833977 0.709117 0.832046 0.710564 0.830116 0.710564 0.828185 0.712012 0.826255 0.712012 0.824324 0.713459 0.822394 0.720695 0.822394 0.722142 0.820463 0.727931 0.820463 0.730825 0.816602 0.730825 0.814672 0.732272 0.812741 0.732272 0.810811 0.730825 0.80888 0.730825 0.80695 0.729378 0.805019 0.729378 0.803089 0.727931 0.801158 0.727931 0.799228 0.726483 0.797297 0.726483 0.795367 0.725036 0.793436 0.725036 0.791506 0.723589 0.789575 0.723589 0.787645 0.722142 0.785714 0.723589 0.783784 0.725036 0.783784 0.726483 0.781853 0.727931 0.781853 0.729378 0.779923 0.730825 0.779923 0.732272 0.777992 0.733719 0.777992 0.735166 0.776062 0.736614 0.776062 0.738061 0.774131 0.739508 0.776062 0.739508 0.779923 0.738061 0.781853 0.738061 0.791506 0.739508 0.793436 0.739508 0.801158 0.740955 0.803089 0.740955 0.80888 0.742402 0.810811 0.742402 0.814672 0.743849 0.814672 0.745297 0.816602 0.755427 0.816602 0.756874 0.814672 0.765557 0.814672 0.767004 0.812741 0.77424 0.812741 0.775687 0.810811 0.777135 0.810811 0.778582 0.80888 0.780029 0.80888 0.781476 0.80695 0.782923 0.80695 0.78437 0.805019 0.785818 0.805019 0.787265 0.803089 0.788712 0.803089 0.790159 0.801158 0.793054 0.801158 0.794501 0.799228 0.795948 0.799228 0.797395 0.797297 0.798842 0.797297 0.800289 0.795367 0.801737 0.795367 0.803184 0.793436 0.804631 0.793436 0.806078 0.791506 0.807525 0.791506 0.808973 0.789575 0.81042 0.789575 0.811867 0.787645 0.817656 0.787645 0.819103 0.785714 0.824891 0.785714 0.826339 0.783784 0.832127 0.783784 0.833575 0.781853 0.835022 0.783784 0.835022 0.785714 0.833575 0.787645 0.833575 0.789575 0.832127 0.791506 0.832127 0.795367 0.83068 0.797297 0.83068 0.801158 0.829233 0.803089 0.829233 0.805019 0.827786 0.80695 0.827786 0.810811 0.826339 0.812741 0.826339 0.816602 0.824891 0.818533 0.824891 0.820463 0.823444 0.822394 0.823444 0.824324 0.814761 0.835907 0.814761 0.837838 0.804631 0.851351 0.775687 0.851351 0.77424 0.853282 0.772793 0.851351 0.758321 0.851351 0.756874 0.849421 0.742402 0.849421 0.742402 0.868726 0.743849 0.870656 0.743849 0.891892 0.742402 0.893822 0.742402 0.895753 0.740955 0.897683 0.740955 0.899614 0.739508 0.901544 0.739508 0.903475 0.738061 0.905405 0.738061 0.907336 0.736614 0.909266 0.736614 0.911197 0.735166 0.913127 0.735166 0.916988 0.733719 0.918919 0.733719 0.920849 0.732272 0.92278 0.732272 0.92471 0.730825 0.926641 0.730825 0.930502 0.729378 0.932432 0.729378 0.934363 0.727931 0.936293 0.727931 0.938224 0.726483 0.940154 0.726483 0.942085 0.725036 0.944015 0.7178 0.944015 0.716353 0.945946 0.710564 0.945946 0.709117 0.947876 0.70767 0.945946 0.704776 0.945946 0.703329 0.944015 0.698987 0.944015 0.69754 0.942085 0.694645 0.942085 0.693198 0.940154 0.688857 0.940154 0.68741 0.938224 0.685962 0.938224 0.684515 0.940154 0.684515 0.944015 0.683068 0.945946 0.683068 0.947876 0.681621 0.949807 0.668596 0.949807 0.667149 0.951737 0.665702 0.951737 0.664255 0.953668 0.662808 0.953668 0.66136 0.955598 0.659913 0.955598 0.667149 0.965251 0.671491 0.965251 0.672938 0.967181 0.677279 0.967181 0.678726 0.969112 0.683068 0.969112 0.684515 0.971042 0.688857 0.971042 0.701881 0.988417 0.704776 0.988417 0.706223 0.986486 0.70767 0.986486 0.709117 0.984556 0.712012 0.984556 0.713459 0.982625 0.716353 0.982625 0.7178 0.980695 0.720695 0.980695 0.722142 0.978764 0.723589 0.978764 0.725036 0.976834 0.727931 0.976834 0.729378 0.974903 0.736614 0.974903 0.738061 0.972973 0.745297 0.972973 0.745297 0.969112 0.743849 0.967181 0.743849 0.959459 0.742402 0.957529 0.742402 0.953668 0.743849 0.951737 0.743849 0.949807 0.748191 0.944015 0.748191 0.942085 0.749638 0.940154 0.749638 0.938224 0.751085 0.936293 0.751085 0.934363 0.752533 0.932432 0.752533 0.930502 0.75398 0.928571 0.75398 0.926641 0.768452 0.907336 0.769899 0.909266 0.775687 0.909266 0.777135 0.911197 0.781476 0.911197 0.782923 0.913127 0.788712 0.913127 0.790159 0.915058 0.791606 0.915058 0.793054 0.916988 0.795948 0.916988 0.797395 0.918919 0.798842 0.918919 0.800289 0.920849 0.803184 0.920849 0.804631 0.92278 0.806078 0.92278 0.807525 0.92471 0.81042 0.92471 0.811867 0.926641 0.827786 0.926641 0.829233 0.92471 0.83068 0.92471 0.832127 0.92278 0.833575 0.92278 0.835022 0.920849 0.836469 0.920849 0.837916 0.918919 0.839363 0.918919 0.84081 0.916988 0.842258 0.916988 0.842258 0.903475 0.843705 0.901544 0.843705 0.8861 0.827786 0.864865 0.83068 0.861004 0.832127 0.861004 0.835022 0.857143 0.836469 0.857143 0.839363 0.853282 0.84081 0.853282 0.842258 0.851351 0.84081 0.849421 0.84081 0.84749 0.836469 0.841699 0.836469 0.839768 0.835022 0.837838 0.837916 0.833977 0.837916 0.832046 0.842258 0.826255 0.842258 0.824324 0.845152 0.820463 0.845152 0.818533 0.846599 0.816602 0.846599 0.814672 0.848046 0.812741 0.848046 0.810811 0.849493 0.80888 0.849493 0.80695 0.853835 0.801158 0.853835 0.799228 0.856729 0.795367 0.859624 0.799228 0.861071 0.799228 0.86686 0.80695 0.869754 0.80695 0.869754 0.803089 0.86686 0.799228 0.86686 0.797297 0.859624 0.787645 0.859624 0.785714 0.858177 0.783784 0.859624 0.781853 0.863965 0.781853 0.865412 0.783784 0.868307 0.783784 0.869754 0.785714 0.874096 0.785714 0.879884 0.793436 0.879884 0.80695 0.881331 0.80888 0.881331 0.820463 0.879884 0.822394 0.878437 0.822394 0.875543 0.826255 0.874096 0.826255 0.871201 0.830116 0.869754 0.830116 0.86686 0.833977 0.865412 0.832046 0.861071 0.832046 0.859624 0.830116 0.856729 0.830116 0.855282 0.828185 0.850941 0.828185 0.850941 0.830116 0.849493 0.832046 0.850941 0.832046 0.852388 0.833977 0.853835 0.833977 0.855282 0.835907 0.856729 0.835907 0.858177 0.837838 0.859624 0.837838 0.861071 0.839768 0.861071 0.841699 0.862518 0.843629 0.862518 0.84749 0.863965 0.849421 0.863965 0.853282 0.865412 0.855212 0.865412 0.857143 0.86686 0.859073 0.86686 0.862934 0.868307 0.862934 0.871201 0.859073 0.872648 0.859073 0.878437 0.851351 0.881331 0.855212 0.882779 0.855212 0.885673 0.859073 0.88712 0.859073 0.891462 0.864865 0.892909 0.864865 0.89725 0.870656 0.898698 0.870656 0.901592 0.874517 0.903039 0.874517 0.907381 0.880309 0.908828 0.880309 0.911722 0.88417 0.913169 0.88417 0.916064 0.888031 0.914616 0.889961 0.88712 0.889961 0.885673 0.891892 0.885673 0.893822 0.884226 0.895753 0.884226 0.897683 0.882779 0.899614 0.890014 0.899614 0.891462 0.901544 0.898698 0.901544 0.900145 0.903475 0.907381 0.903475 0.910275 0.907336 0.910275 0.909266 0.913169 0.913127 0.913169 0.915058 0.916064 0.918919 0.916064 0.920849 0.920405 0.926641 0.920405 0.928571 0.9233 0.932432 0.9233 0.934363 0.924747 0.934363 0.926194 0.932432 0.924747 0.930502 0.924747 0.928571 0.921852 0.92471 0.921852 0.92278 0.918958 0.918919 0.918958 0.916988 0.916064 0.913127 0.916064 0.911197 0.913169 0.907336 0.913169 0.905405 0.911722 0.903475 0.916064 0.897683 0.917511 0.897683 0.921852 0.891892 0.924747 0.895753 0.926194 0.895753 0.930535 0.901544 0.931983 0.901544 0.936324 0.907336 0.937771 0.907336 0.942113 0.913127 0.94356 0.913127 0.947902 0.918919 0.949349 0.918919 0.95369 0.92471 0.955137 0.92471 0.958032 0.928571 0.956585 0.930502 0.939219 0.930502 0.936324 0.934363 0.934877 0.934363 0.931983 0.938224 0.930535 0.938224 0.927641 0.942085 0.926194 0.942085 0.924747 0.944015 0.934877 0.957529 0.936324 0.957529 0.939219 0.953668 0.940666 0.953668 0.942113 0.951737 0.94356 0.951737 0.946454 0.947876 0.947902 0.947876 0.949349 0.945946 0.950796 0.945946 0.95369 0.942085 0.955137 0.942085 0.956585 0.940154 0.962373 0.947876 0.962373 0.949807 0.971056 0.96139 0.971056 0.96332 0.975398 0.969112 0.97974 0.969112 0.981187 0.971042 0.986975 0.971042 0.988423 0.972973 0.992764 0.972973 0.994211 0.974903 0.998553 0.974903 0.998553 0.760618 0.963821 0.760618 0.962373 0.758687 0.949349 0.758687 0.947902 0.760618 0.946454 0.760618 0.94356 0.764479 0.942113 0.764479 0.940666 0.766409 0.939219 0.766409 0.937771 0.76834 0.936324 0.76834 0.93343 0.772201 0.931983 0.772201 0.930535 0.774131 0.904486 0.774131 0.903039 0.776062 0.901592 0.774131 0.900145 0.774131 0.898698 0.772201 0.89725 0.772201 0.895803 0.77027 0.894356 0.77027 0.892909 0.76834 0.891462 0.76834 0.890014 0.766409 0.888567 0.766409 0.88712 0.764479 0.885673 0.764479 0.884226 0.762548 0.882779 0.762548 0.881331 0.760618 0.879884 0.760618 0.878437 0.758687 0.87699 0.758687 0.875543 0.756757 0.874096 0.756757 0.871201 0.760618 0.882779 0.776062 0.878437 0.781853 0.875543 0.777992 0.874096 0.777992 0.871201 0.774131 0.869754 0.774131 0.86686 0.77027 0.865412 0.77027 0.862518 0.766409 0.861071 0.766409 0.858177 0.762548 0.849493 0.762548 0.848046 0.764479 0.842258 0.764479 0.84081 0.766409 0.839363 0.764479 0.839363 0.762548 0.84081 0.760618 0.84081 0.754826 0.842258 0.752896 0.842258 0.750965 0.83068 0.750965 0.829233 0.752896 0.824891 0.752896 0.823444 0.754826 0.82055 0.754826 0.819103 0.756757 0.816208 0.756757 0.814761 0.758687 0.813314 0.756757 0.813314 0.754826 0.811867 0.752896 0.811867 0.747104 0.81042 0.745174 0.81042 0.741313 0.808973 0.739382 0.807525 0.741313 0.804631 0.741313 0.803184 0.743243 0.801737 0.743243 0.800289 0.745174 0.797395 0.745174 0.795948 0.747104 0.794501 0.747104 0.793054 0.749035 0.790159 0.745174 0.790159 0.743243 0.788712 0.741313 0.788712 0.739382 0.787265 0.737452 0.787265 0.73166 0.785818 0.72973 0.785818 0.720077 0.78437 0.718147 0.78437 0.714286 0.778582 0.714286 0.778582 0.716216 0.780029 0.718147 0.780029 0.720077 0.781476 0.722008 0.781476 0.727799 0.782923 0.72973 0.782923 0.733591 0.781476 0.735521 0.780029 0.733591 0.723589 0.733591 0.722142 0.73166 0.65123 0.73166 0.649783 0.733591 0.638205 0.733591 0.636758 0.735521 0.623734 0.735521 0.622287 0.737452 0.613603 0.737452 0.612156 0.739382 0.602026 0.739382 0.600579 0.741313 0.591896 0.741313 0.590449 0.743243 0.589001 0.741313 0.578871 0.741313 0.577424 0.739382 0.561505 0.739382 0.560058 0.741313 0.552822 0.741313 0.551375 0.743243 0.545586 0.743243 0.544139 0.745174 0.53835 0.745174 0.535456 0.749035 0.534009 0.749035 0.52822 0.756757 0.526773 0.756757 0.523878 0.760618 0.522431 0.758687 0.522431 0.749035 0.520984 0.747104 0.520984 0.743243 0.519537 0.743243 0.515195 0.749035 0.513748 0.749035 0.509407 0.754826 0.507959 0.754826 0.505065 0.758687 0.503618 0.758687 0.500724 0.762548 0.499276 0.762548 0.496382 0.766409 0.494935 0.766409 0.492041 0.77027 0.47178 0.77027 0.470333 0.76834 0.455861 0.76834 0.454414 0.766409 0.454414 0.758687 0.455861 0.756757 0.455861 0.743243 0.457308 0.741313 0.457308 0.733591 0.458755 0.73166 0.474674 0.73166 0.476122 0.72973 0.490593 0.72973 0.492041 0.727799 0.507959 0.727799 0.512301 0.722008 0.493488 0.722008 0.492041 0.723938 0.47178 0.723938 0.470333 0.725869 0.468886 0.723938 0.467438 0.723938 0.465991 0.722008 0.463097 0.722008 0.46165 0.720077 0.460203 0.720077 0.458755 0.718147 0.460203 0.716216 0.467438 0.716216 0.468886 0.714286 0.476122 0.714286 0.477569 0.712355 0.484805 0.712355 0.486252 0.710425 0.493488 0.710425 0.494935 0.708494 0.502171 0.708494 0.503618 0.706564 0.509407 0.706564 0.510854 0.704633 0.515195 0.704633 0.516643 0.702703 0.523878 0.702703 0.525326 0.700772 0.531114 0.700772 0.531114 0.698842 0.532562 0.696911 0.532562 0.694981 0.534009 0.69305 0.534009 0.689189 0.535456 0.687259 0.535456 0.685328 0.534009 0.683398 0.532562 0.683398 0.529667 0.679537 0.52822 0.679537 0.525326 0.675676 0.523878 0.675676 0.520984 0.671815 0.522431 0.669884 0.534009 0.669884 0.535456 0.667954 0.545586 0.667954 0.544139 0.667954 0.541245 0.664093 0.539797 0.664093 0.53835 0.662162 0.536903 0.662162 0.534009 0.658301 0.532562 0.658301 0.531114 0.656371 0.532562 0.65444 0.534009 0.65444 0.535456 0.65251 0.536903 0.65251 0.539797 0.648649 0.541245 0.648649 0.542692 0.646718 0.544139 0.646718 0.545586 0.644788 0.547033 0.644788 0.549928 0.640927 0.551375 0.640927 0.554269 0.637066 0.555716 0.637066 0.558611 0.633205 0.560058 0.633205 0.561505 0.631274 0.562952 0.633205 0.565847 0.633205 0.567294 0.635135 0.570188 0.635135 0.571635 0.637066 0.57453 0.637066 0.575977 0.638996 0.578871 0.638996 0.580318 0.640927 0.58466 0.640927 0.586107 0.642857 0.589001 0.642857 0.590449 0.644788 0.593343 0.644788 0.59479 0.646718 0.610709 0.646718 0.612156 0.644788 0.623734 0.644788 0.625181 0.642857 0.626628 0.644788 0.63097 0.644788 0.632417 0.646718 0.636758 0.646718 0.638205 0.648649 0.642547 0.648649 0.643994 0.650579 0.648336 0.650579 0.649783 0.65251 0.652677 0.65251 0.654124 0.65444 0.658466 0.65444 0.659913 0.656371 0.664255 0.656371 0.665702 0.658301 0.670043 0.658301 0.671491 0.660232 0.675832 0.660232 0.677279 0.662162 0.678726 0.662162 0.680174 0.664093 0.681621 0.664093 0.683068 0.666023 0.685962 0.666023 0.68741 0.667954 0.688857 0.667954 0.690304 0.669884 0.691751 0.669884 0.693198 0.671815 0.694645 0.671815 0.696093 0.673745 0.698987 0.673745 0.700434 0.675676 0.701881 0.675676 0.704776 0.671815 0.704776 0.669884 0.70767 0.666023 0.701881 0.658301 0.700434 0.658301 0.693198 0.648649 0.693198 0.646718 0.690304 0.642857 0.690304 0.640927 0.68741 0.637066 0.68741 0.635135 0.688857 0.633205 0.693198 0.633205 0.694645 0.635135 0.698987 0.635135 0.700434 0.637066 0.703329 0.637066 0.704776 0.638996 0.709117 0.638996 0.710564 0.640927 0.714906 0.640927 0.716353 0.642857 0.720695 0.642857 0.722142 0.644788 0.723589 0.644788 0.725036 0.646718 0.726483 0.646718 0.727931 0.648649 0.729378 0.648649 0.730825 0.650579 0.732272 0.650579 0.733719 0.65251 0.736614 0.65251 0.738061 0.65444 0.739508 0.65444 0.740955 0.656371 0.742402 0.656371 0.743849 0.658301 0.758321 0.658301 0.759768 0.656371 0.76411 0.656371 0.765557 0.65444 0.768452 0.65444 0.769899 0.65251 0.77424 0.65251 0.775687 0.650579 0.780029 0.650579 0.781476 0.648649 0.787265 0.648649 0.788712 0.646718 0.794501 0.646718 0.795948 0.644788 0.800289 0.644788 0.801737 0.642857 0.807525 0.642857 0.808973 0.640927 0.814761 0.640927 0.816208 0.638996 0.817656 0.638996 0.82055 0.635135 0.821997 0.635135 0.824891 0.631274 0.826339 0.631274 0.829233 0.627413 0.83068 0.627413 0.833575 0.623552 0.910275 0.623552 0.911722 0.625483 0.911722 0.627413 0.913169 0.629344 0.913169 0.631274 0.914616 0.633205 0.914616 0.635135 0.916064 0.637066 0.916064 0.638996 0.917511 0.640927 0.917511 0.642857 0.918958 0.644788 0.924747 0.644788 0.9233 0.642857 0.9233 0.638996 0.921852 0.637066 0.921852 0.635135 0.920405 0.633205 0.920405 0.631274 0.921852 0.629344 0.93343 0.629344 0.934877 0.631274 0.94356 0.631274 0.945007 0.633205 0.952243 0.633205 0.95369 0.635135 0.962373 0.635135 0.963821 0.637066 0.971056 0.637066 0.972504 0.638996 0.981187 0.638996 0.982634 0.640927 0.98987 0.640927 0.991317 0.642857 0.998553 0.642857 0.998553 0.596525 0.997106 0.596525 0.994211 0.592664 0.992764 0.592664 0.991317 0.590734 0.98987 0.590734 0.988423 0.588803 0.986975 0.588803 0.984081 0.584942 0.982634 0.584942 0.981187 0.583012 0.97974 0.583012 0.978292 0.581081 0.973951 0.581081 0.972504 0.579151 0.969609 0.579151 0.968162 0.57722 0.963821 0.57722 0.962373 0.57529 0.958032 0.57529 0.956585 0.573359 0.958032 0.571429 0.960926 0.571429 0.962373 0.569498 0.963821 0.569498 0.965268 0.567568 0.968162 0.567568 0.969609 0.565637 0.972504 0.565637 0.973951 0.563707 0.975398 0.563707 0.976845 0.561776 0.97974 0.561776 0.981187 0.559846 0.982634 0.559846 0.984081 0.557915 0.986975 0.557915 0.988423 0.555985 0.991317 0.555985 0.992764 0.554054 0.994211 0.554054 0.995658 0.552124 0.998553 0.552124 0.998553 0.53861 0.997106 0.540541 0.994211 0.540541 0.992764 0.542471 0.991317 0.542471 0.98987 0.544402 0.986975 0.544402 0.985528 0.546332 0.984081 0.546332 0.982634 0.548263 0.97974 0.548263 0.978292 0.550193 0.976845 0.550193 0.975398 0.552124 0.972504 0.552124 0.971056 0.554054 0.969609 0.554054 0.968162 0.555985 0.965268 0.555985 0.963821 0.557915 0.962373 0.557915 0.960926 0.559846 0.958032 0.559846 0.956585 0.561776 0.955137 0.561776 0.95369 0.563707 0.949349 0.563707 0.947902 0.565637 0.945007 0.565637 0.94356 0.567568 0.942113 0.565637 0.936324 0.565637 0.934877 0.563707 0.929088 0.563707 0.927641 0.561776 0.920405 0.561776 0.918958 0.559846 0.913169 0.559846 0.911722 0.557915 0.903039 0.557915 0.901592 0.555985 0.891462 0.555985 0.890014 0.554054 0.87699 0.554054 0.874096 0.550193 0.872648 0.550193 0.869754 0.546332 0.868307 0.546332 0.86686 0.544402 0.842258 0.544402 0.84081 0.542471 0.84081 0.540541 0.842258 0.53861 0.842258 0.53668 0.843705 0.534749 0.843705 0.532819 0.845152 0.530888 0.86686 0.530888 0.86686 0.528958 0.869754 0.525097 0.869754 0.523166 0.872648 0.519305 0.874096 0.521236 0.875543 0.521236 0.87699 0.523166 0.878437 0.523166 0.881331 0.527027 0.882779 0.527027 0.884226 0.528958 0.885673 0.528958 0.88712 0.530888 0.888567 0.530888 0.891462 0.534749 0.892909 0.534749 0.894356 0.53668 0.895803 0.53668 0.89725 0.53861 0.898698 0.53861 0.901592 0.542471 0.903039 0.542471 0.904486 0.544402 0.905933 0.544402 0.907381 0.542471 0.908828 0.542471 0.910275 0.540541 0.908828 0.53861 0.907381 0.53861 0.903039 0.532819 0.901592 0.532819 0.89725 0.527027 0.895803 0.527027 0.892909 0.523166 0.891462 0.523166 0.88712 0.517375 0.885673 0.517375 0.882779 0.513514 0.881331 0.513514 0.878437 0.509653 0.87699 0.509653 0.874096 0.505792 0.875543 0.503861 0.881331 0.503861 0.882779 0.501931 0.888567 0.501931 0.890014 0.5 0.895803 0.5 0.89725 0.498069 0.903039 0.498069 0.904486 0.496139 0.908828 0.496139 0.910275 0.494208 0.916064 0.494208 0.917511 0.492278 0.9233 0.492278 0.924747 0.490347 0.930535 0.490347 0.931983 0.488417 0.931983 0.486486 0.93343 0.484556 0.93343 0.482625 0.934877 0.480695 0.934877 0.478764 0.936324 0.476834 0.934877 0.476834 0.93343 0.474903 0.931983 0.474903 0.929088 0.471042 0.927641 0.471042 0.926194 0.469112 0.924747 0.469112 0.9233 0.467181 0.921852 0.467181 0.920405 0.465251 0.918958 0.465251 0.917511 0.46332 0.914616 0.46332 0.913169 0.46139 0.911722 0.46139 0.910275 0.459459 0.894356 0.459459 0.892909 0.457529 0.892909 0.455598 0.891462 0.453668 0.891462 0.449807 0.890014 0.447876 0.890014 0.444015 0.888567 0.442085 0.888567 0.440154 0.890014 0.438224 0.891462 0.440154 0.898698 0.440154 0.900145 0.442085 0.907381 0.442085 0.907381 0.434363 0.908828 0.432432 0.918958 0.432432 0.921852 0.428571 0.9233 0.428571 0.926194 0.42471 0.927641 0.426641 0.931983 0.426641 0.93343 0.428571 0.939219 0.428571 0.942113 0.432432 0.942113 0.434363 0.946454 0.440154 0.946454 0.442085 0.947902 0.442085 0.947902 0.436293 0.949349 0.434363 0.949349 0.430502 0.945007 0.42471 0.945007 0.42278 0.939219 0.415058 0.940666 0.413127 0.949349 0.413127 0.950796 0.411197 0.952243 0.413127 0.973951 0.413127 0.984081 0.399614 0.991317 0.399614 0.992764 0.397683 0.998553 0.397683 0.998553 0.301158 0.997106 0.301158 0.995658 0.299228 0.992764 0.299228 0.991317 0.297297 0.98987 0.297297 0.988423 0.295367 0.986975 0.295367 0.985528 0.293436 0.982634 0.293436 0.981187 0.291506 0.97974 0.291506 0.978292 0.289575 0.972504 0.289575 0.971056 0.287645 0.962373 0.287645 0.960926 0.289575 0.956585 0.289575 0.955137 0.291506 0.952243 0.291506 0.950796 0.293436 0.949349 0.291506 0.936324 0.291506 0.934877 0.289575 0.921852 0.289575 0.920405 0.287645 0.920405 0.283784 0.921852 0.281853 0.921852 0.276062 0.9233 0.274131 0.942113 0.274131 0.940666 0.272201 0.940666 0.27027 0.939219 0.26834 0.939219 0.266409 0.937771 0.264479 0.939219 0.262548 0.988423 0.262548 0.98987 0.260618 0.98987 0.256757 0.991317 0.254826 0.991317 0.250965 0.992764 0.249035 0.992764 0.247104 0.976845 0.247104 0.975398 0.249035 0.965268 0.249035 0.963821 0.250965 0.962373 0.249035 0.960926 0.249035 0.959479 0.247104 0.958032 0.247104 0.956585 0.245174 0.955137 0.245174 0.95369 0.243243 0.950796 0.243243 0.949349 0.241313 0.947902 0.241313 0.946454 0.239382 0.945007 0.239382 0.94356 0.237452 0.937771 0.237452 0.936324 0.235521 0.930535 0.235521 0.929088 0.233591 0.9233 0.233591 0.921852 0.23166
