0 0.266487 0.806104 0.265141 0.807899 0.257066 0.807899 0.253028 0.813285 0.243607 0.813285 0.243607 0.815081 0.244953 0.816876 0.244953 0.818671 0.258412 0.818671 0.259758 0.820467 0.26245 0.820467 0.263795 0.822262 0.265141 0.822262 0.266487 0.824057 0.269179 0.824057 0.270525 0.825853 0.273217 0.825853 0.274563 0.827648 0.277254 0.824057 0.2786 0.824057 0.281292 0.820467 0.282638 0.820467 0.283984 0.818671 0.282638 0.818671 0.281292 0.816876 0.279946 0.816876 0.2786 0.815081 0.277254 0.815081 0.274563 0.81149 0.273217 0.81149 0.271871 0.809695 0.270525 0.809695 0.269179 0.807899 0.267833 0.807899
0 0.982503 0.633752 0.982503 0.635548 0.981157 0.637343 0.981157 0.639138 0.979812 0.640934 0.979812 0.64632 0.97712 0.64991 0.975774 0.64991 0.973082 0.653501 0.971736 0.653501 0.97039 0.655296 0.971736 0.657092 0.973082 0.657092 0.975774 0.660682 0.97712 0.660682 0.979812 0.664273 0.983849 0.658887 0.983849 0.657092 0.989233 0.64991 0.989233 0.644524 0.990579 0.642729 0.990579 0.639138 0.989233 0.639138 0.987887 0.637343 0.986541 0.637343 0.985195 0.635548 0.983849 0.635548
0 0.803499 0.486535 0.802153 0.48833 0.795424 0.48833 0.795424 0.491921 0.798116 0.495512 0.799462 0.495512 0.800808 0.497307 0.802153 0.497307 0.803499 0.499102 0.803499 0.497307 0.804845 0.495512 0.804845 0.493716 0.806191 0.491921 0.808883 0.491921 0.810229 0.493716 0.810229 0.491921 0.811575 0.490126 0.808883 0.490126 0.807537 0.48833 0.804845 0.48833
1 0.58681 0.989228 0.58681 0.991023 0.585464 0.992819 0.585464 0.994614 0.584118 0.996409 0.584118 0.998205 0.629879 0.998205 0.629879 0.996409 0.625841 0.991023 0.625841 0.989228
1 0.205922 0.985637 0.204576 0.987433 0.204576 0.992819 0.20323 0.994614 0.20323 0.998205 0.219381 0.998205 0.219381 0.996409 0.218035 0.994614 0.218035 0.992819 0.215343 0.989228 0.215343 0.987433 0.213997 0.985637
1 0.305518 0.976661 0.302826 0.980251 0.302826 0.989228 0.30148 0.991023 0.30148 0.998205 0.321669 0.998205 0.321669 0.996409 0.320323 0.994614 0.320323 0.989228 0.318977 0.987433 0.318977 0.983842 0.317631 0.982047 0.317631 0.980251 0.316285 0.978456 0.316285 0.976661
1 0.152086 0.967684 0.15074 0.969479 0.149394 0.969479 0.15074 0.971275 0.15074 0.97307 0.153432 0.976661 0.153432 0.978456 0.156124 0.982047 0.156124 0.983842 0.158816 0.987433 0.158816 0.989228 0.160162 0.991023 0.162853 0.987433 0.161507 0.985637 0.161507 0.983842 0.15747 0.978456 0.15747 0.976661 0.153432 0.971275 0.153432 0.969479
1 0.60969 0.935368 0.608345 0.937163 0.606999 0.937163 0.604307 0.940754 0.602961 0.940754 0.601615 0.942549 0.600269 0.942549 0.598923 0.944345 0.597577 0.944345 0.594886 0.947935 0.59354 0.947935 0.592194 0.949731 0.590848 0.949731 0.589502 0.951526 0.588156 0.951526 0.585464 0.955117 0.584118 0.955117 0.582773 0.956912 0.581427 0.956912 0.580081 0.958707 0.578735 0.958707 0.576043 0.962298 0.574697 0.962298 0.573351 0.964093 0.572005 0.964093 0.570659 0.965889 0.567968 0.965889 0.566622 0.967684 0.56393 0.967684 0.562584 0.969479 0.559892 0.969479 0.558546 0.971275 0.555855 0.971275 0.554509 0.97307 0.551817 0.97307 0.550471 0.974865 0.549125 0.974865 0.547779 0.976661 0.545087 0.976661 0.543742 0.978456 0.542396 0.978456 0.54105 0.980251 0.538358 0.980251 0.537012 0.982047 0.535666 0.982047 0.53432 0.983842 0.531629 0.983842 0.530283 0.985637 0.528937 0.985637 0.527591 0.987433 0.524899 0.987433 0.523553 0.989228 0.522207 0.989228 0.520861 0.991023 0.51817 0.991023 0.516824 0.992819 0.515478 0.992819 0.514132 0.994614 0.51144 0.994614 0.510094 0.996409 0.508748 0.996409 0.507402 0.998205 0.504711 0.998205 0.558546 0.998205 0.559892 0.996409 0.562584 0.996409 0.56393 0.994614 0.565276 0.994614 0.566622 0.992819 0.567968 0.992819 0.569314 0.991023 0.570659 0.991023 0.572005 0.989228 0.574697 0.989228 0.576043 0.987433 0.577389 0.987433 0.578735 0.985637 0.580081 0.985637 0.582773 0.982047 0.584118 0.982047 0.588156 0.976661 0.589502 0.976661 0.59354 0.971275 0.594886 0.971275 0.598923 0.965889 0.600269 0.965889 0.602961 0.962298 0.604307 0.962298 0.608345 0.956912 0.60969 0.956912 0.613728 0.951526 0.615074 0.951526 0.619112 0.94614 0.620458 0.94614 0.621803 0.944345 0.620458 0.942549 0.619112 0.942549 0.61642 0.938959 0.615074 0.938959 0.612382 0.935368
1 0.948856 0.928187 0.948856 0.929982 0.950202 0.931777 0.950202 0.933573 0.951548 0.935368 0.951548 0.937163 0.952894 0.938959 0.952894 0.940754 0.95424 0.942549 0.95424 0.944345 0.955585 0.94614 0.955585 0.947935 0.956931 0.94614 0.958277 0.94614 0.958277 0.944345 0.956931 0.942549 0.956931 0.940754 0.955585 0.938959 0.955585 0.935368 0.95424 0.933573 0.95424 0.931777 0.952894 0.929982 0.952894 0.928187
1 0.504711 0.906643 0.503365 0.908438 0.495289 0.908438 0.493943 0.910233 0.485868 0.910233 0.487214 0.910233 0.489906 0.913824 0.491252 0.913824 0.493943 0.917415 0.495289 0.917415 0.497981 0.921005 0.499327 0.921005 0.502019 0.924596 0.500673 0.926391 0.496635 0.926391 0.495289 0.928187 0.491252 0.928187 0.485868 0.935368 0.491252 0.942549 0.493943 0.938959 0.495289 0.938959 0.499327 0.933573 0.500673 0.933573 0.502019 0.931777 0.510094 0.931777 0.51144 0.933573 0.512786 0.931777 0.514132 0.931777 0.516824 0.928187 0.51817 0.928187 0.520861 0.924596 0.522207 0.924596 0.520861 0.922801 0.519515 0.922801 0.515478 0.917415 0.514132 0.917415 0.508748 0.910233 0.507402 0.910233
1 0.110363 0.895871 0.109017 0.897666 0.106326 0.897666 0.10498 0.899461 0.103634 0.899461 0.102288 0.901257 0.099596 0.901257 0.096904 0.904847 0.096904 0.906643 0.092867 0.912029 0.092867 0.913824 0.090175 0.917415 0.090175 0.91921 0.088829 0.921005 0.088829 0.922801 0.087483 0.924596 0.087483 0.926391 0.086137 0.928187 0.086137 0.929982 0.084791 0.931777 0.084791 0.933573 0.083445 0.935368 0.083445 0.937163 0.0821 0.938959 0.0821 0.940754 0.076716 0.947935 0.07537 0.947935 0.064603 0.962298 0.063257 0.962298 0.057873 0.969479 0.055182 0.965889 0.053836 0.965889 0.051144 0.962298 0.02961 0.962298 0.028264 0.960503 0.025572 0.960503 0.024226 0.958707 0.021534 0.958707 0.020188 0.956912 0.017497 0.956912 0.016151 0.955117 0.012113 0.955117 0.010767 0.953321 0.008075 0.953321 0.006729 0.951526 0.004038 0.951526 0.002692 0.949731 0.0 0.949731 0.0 0.956912 0.001346 0.958707 0.006729 0.958707 0.008075 0.960503 0.014805 0.960503 0.016151 0.962298 0.021534 0.962298 0.02288 0.964093 0.02961 0.964093 0.030956 0.965889 0.039031 0.965889 0.040377 0.967684 0.049798 0.967684 0.051144 0.969479 0.05249 0.969479 0.055182 0.97307 0.056528 0.97307 0.057873 0.974865 0.059219 0.974865 0.0821 0.944345 0.0821 0.942549 0.084791 0.938959 0.084791 0.937163 0.087483 0.933573 0.087483 0.931777 0.090175 0.928187 0.090175 0.926391 0.092867 0.922801 0.092867 0.921005 0.094213 0.91921 0.094213 0.917415 0.095559 0.915619 0.095559 0.913824 0.096904 0.912029 0.096904 0.910233 0.09825 0.908438 0.09825 0.906643 0.100942 0.903052 0.103634 0.903052 0.10498 0.901257 0.107672 0.901257 0.109017 0.899461 0.110363 0.899461 0.111709 0.897666 0.114401 0.897666 0.115747 0.895871 0.118439 0.895871
1 0.009421 0.883303 0.009421 0.885099 0.008075 0.886894 0.008075 0.89228 0.006729 0.894075 0.006729 0.895871 0.010767 0.901257 0.010767 0.903052 0.014805 0.908438 0.017497 0.904847 0.018843 0.904847 0.021534 0.901257 0.02288 0.901257 0.025572 0.897666 0.026918 0.897666 0.028264 0.895871 0.028264 0.894075 0.02961 0.89228 0.02961 0.890485 0.030956 0.888689 0.030956 0.886894 0.021534 0.886894 0.020188 0.885099 0.010767 0.885099
1 0.292059 0.86535 0.292059 0.867145 0.290713 0.868941 0.290713 0.870736 0.289367 0.872531 0.289367 0.874327 0.288022 0.876122 0.289367 0.876122 0.292059 0.879713 0.293405 0.879713 0.294751 0.881508 0.296097 0.879713 0.30821 0.879713 0.30821 0.877917 0.306864 0.876122 0.306864 0.874327 0.305518 0.872531 0.305518 0.868941 0.304172 0.867145 0.304172 0.86535
1 0.648721 0.861759 0.648721 0.86535 0.650067 0.867145 0.650067 0.872531 0.656797 0.881508 0.656797 0.883303 0.66218 0.890485 0.66218 0.888689 0.663526 0.886894 0.654105 0.874327 0.654105 0.872531 0.652759 0.870736 0.652759 0.868941 0.651413 0.867145 0.651413 0.86535
1 0.379542 0.850987 0.378197 0.852783 0.376851 0.852783 0.375505 0.854578 0.374159 0.854578 0.372813 0.856373 0.371467 0.856373 0.370121 0.858169 0.368775 0.858169 0.367429 0.859964 0.366083 0.859964 0.364738 0.861759 0.363392 0.861759 0.362046 0.863555 0.3607 0.863555 0.359354 0.86535 0.358008 0.86535 0.356662 0.867145 0.355316 0.867145 0.352624 0.870736 0.351279 0.870736 0.349933 0.872531 0.348587 0.872531 0.347241 0.874327 0.345895 0.874327 0.344549 0.876122 0.343203 0.876122 0.341857 0.877917 0.340511 0.877917 0.339166 0.879713 0.33782 0.879713 0.336474 0.881508 0.335128 0.881508 0.333782 0.883303 0.332436 0.883303 0.33109 0.885099 0.329744 0.885099 0.335128 0.885099 0.336474 0.886894 0.33782 0.885099 0.340511 0.885099 0.341857 0.883303 0.343203 0.883303 0.344549 0.881508 0.347241 0.881508 0.348587 0.879713 0.349933 0.879713 0.351279 0.877917 0.35397 0.877917 0.355316 0.876122 0.356662 0.876122 0.358008 0.874327 0.3607 0.874327 0.362046 0.872531 0.364738 0.872531 0.366083 0.870736 0.367429 0.870736 0.368775 0.868941 0.371467 0.868941 0.372813 0.867145 0.374159 0.867145 0.375505 0.86535 0.444145 0.86535 0.445491 0.867145 0.446837 0.86535 0.452221 0.86535 0.453567 0.863555 0.45895 0.863555 0.460296 0.861759 0.46568 0.861759 0.46568 0.859964 0.467026 0.858169 0.467026 0.856373 0.468371 0.854578 0.425303 0.854578 0.423957 0.852783 0.380888 0.852783
1 0.160162 0.83842 0.158816 0.840215 0.156124 0.840215 0.154778 0.842011 0.152086 0.842011 0.15074 0.843806 0.148048 0.843806 0.146703 0.845601 0.144011 0.845601 0.144011 0.847397 0.142665 0.849192 0.142665 0.850987 0.141319 0.852783 0.142665 0.852783 0.144011 0.854578 0.145357 0.854578 0.146703 0.856373 0.148048 0.856373 0.149394 0.858169 0.152086 0.858169 0.153432 0.859964 0.156124 0.859964 0.15747 0.861759 0.158816 0.859964 0.160162 0.859964 0.162853 0.856373 0.164199 0.856373 0.166891 0.852783 0.168237 0.852783 0.170929 0.849192 0.172275 0.849192 0.17362 0.850987 0.174966 0.850987 0.18035 0.858169 0.181696 0.858169 0.187079 0.86535 0.188425 0.86535 0.192463 0.870736 0.193809 0.868941 0.193809 0.867145 0.195155 0.86535 0.185734 0.852783 0.185734 0.850987 0.177658 0.840215 0.161507 0.840215
1 0.545087 0.833034 0.543742 0.834829 0.54105 0.834829 0.539704 0.836625 0.537012 0.836625 0.535666 0.83842 0.532974 0.83842 0.531629 0.840215 0.528937 0.840215 0.527591 0.842011 0.526245 0.842011 0.524899 0.843806 0.522207 0.843806 0.520861 0.845601 0.51817 0.845601 0.516824 0.847397 0.514132 0.847397 0.512786 0.849192 0.510094 0.849192 0.508748 0.847397 0.507402 0.847397 0.504711 0.843806 0.503365 0.843806 0.500673 0.840215 0.499327 0.842011 0.497981 0.842011 0.499327 0.843806 0.500673 0.843806 0.503365 0.847397 0.504711 0.847397 0.507402 0.850987 0.508748 0.850987 0.512786 0.856373 0.514132 0.856373 0.516824 0.859964 0.51817 0.859964 0.520861 0.863555 0.522207 0.863555 0.526245 0.868941 0.527591 0.868941 0.530283 0.872531 0.531629 0.872531 0.535666 0.877917 0.537012 0.877917 0.539704 0.881508 0.54105 0.881508 0.543742 0.885099 0.545087 0.885099 0.549125 0.890485 0.550471 0.890485 0.553163 0.894075 0.554509 0.894075 0.557201 0.897666 0.558546 0.897666 0.561238 0.901257 0.562584 0.899461 0.562584 0.897666 0.56393 0.895871 0.562584 0.894075 0.561238 0.894075 0.558546 0.890485 0.557201 0.890485 0.554509 0.886894 0.553163 0.886894 0.550471 0.883303 0.549125 0.883303 0.545087 0.877917 0.543742 0.877917 0.54105 0.874327 0.539704 0.874327 0.537012 0.870736 0.535666 0.870736 0.531629 0.86535 0.530283 0.86535 0.527591 0.861759 0.526245 0.861759 0.523553 0.858169 0.522207 0.858169 0.519515 0.854578 0.51817 0.854578 0.515478 0.850987 0.516824 0.849192 0.519515 0.849192 0.520861 0.847397 0.522207 0.847397 0.523553 0.845601 0.526245 0.845601 0.527591 0.843806 0.528937 0.843806 0.530283 0.842011 0.532974 0.842011 0.53432 0.840215 0.535666 0.840215 0.537012 0.83842 0.539704 0.83842 0.54105 0.836625 0.542396 0.836625 0.543742 0.834829 0.546433 0.834829
1 0.567968 0.831239 0.567968 0.833034 0.566622 0.834829 0.567968 0.834829 0.569314 0.836625 0.570659 0.836625 0.573351 0.840215 0.574697 0.840215 0.576043 0.842011 0.577389 0.842011 0.578735 0.843806 0.580081 0.843806 0.581427 0.845601 0.582773 0.845601 0.584118 0.847397 0.585464 0.847397 0.588156 0.850987 0.589502 0.850987 0.590848 0.852783 0.592194 0.852783 0.59354 0.854578 0.594886 0.854578 0.596231 0.856373 0.597577 0.856373 0.598923 0.858169 0.600269 0.858169 0.602961 0.861759 0.604307 0.861759 0.605653 0.863555 0.606999 0.863555 0.608345 0.86535 0.60969 0.863555 0.608345 0.863555 0.605653 0.859964 0.604307 0.859964 0.602961 0.858169 0.601615 0.858169 0.600269 0.856373 0.598923 0.856373 0.596231 0.852783 0.594886 0.852783 0.59354 0.850987 0.592194 0.850987 0.590848 0.849192 0.589502 0.849192 0.58681 0.845601 0.585464 0.845601 0.584118 0.843806 0.582773 0.843806 0.580081 0.840215 0.578735 0.840215 0.577389 0.83842 0.576043 0.83842 0.574697 0.836625 0.573351 0.836625 0.570659 0.833034 0.569314 0.833034
1 0.199192 0.827648 0.196501 0.831239 0.195155 0.831239 0.193809 0.833034 0.193809 0.843806 0.197847 0.843806 0.199192 0.845601 0.20323 0.845601 0.204576 0.847397 0.208614 0.847397 0.20996 0.849192 0.213997 0.849192 0.222073 0.859964 0.223419 0.859964 0.23284 0.872531 0.234186 0.870736 0.235532 0.870736 0.236878 0.868941 0.239569 0.868941 0.235532 0.863555 0.235532 0.861759 0.228802 0.852783 0.228802 0.850987 0.224764 0.845601 0.223419 0.845601 0.222073 0.843806 0.220727 0.843806 0.219381 0.842011 0.218035 0.842011 0.216689 0.840215 0.215343 0.840215 0.213997 0.83842 0.212651 0.83842 0.20996 0.834829 0.208614 0.834829 0.207268 0.833034 0.205922 0.833034 0.204576 0.831239 0.20323 0.831239 0.201884 0.829443 0.200538 0.829443
1 0.160162 0.813285 0.160162 0.818671 0.189771 0.818671 0.189771 0.815081 0.161507 0.815081
1 0.115747 0.800718 0.114401 0.802513 0.107672 0.802513 0.109017 0.804309 0.109017 0.806104 0.110363 0.804309 0.117093 0.804309 0.115747 0.802513
1 0.444145 0.780969 0.442799 0.782765 0.441454 0.782765 0.453567 0.798923 0.452221 0.800718 0.450875 0.800718 0.449529 0.802513 0.446837 0.802513 0.445491 0.804309 0.444145 0.804309 0.442799 0.806104 0.440108 0.806104 0.438762 0.807899 0.437416 0.807899 0.43607 0.809695 0.433378 0.809695 0.432032 0.81149 0.430686 0.81149 0.432032 0.813285 0.432032 0.815081 0.433378 0.816876 0.434724 0.815081 0.43607 0.815081 0.437416 0.813285 0.440108 0.813285 0.441454 0.81149 0.442799 0.81149 0.444145 0.809695 0.446837 0.809695 0.448183 0.807899 0.449529 0.807899 0.450875 0.806104 0.453567 0.806104 0.454913 0.804309 0.457604 0.804309 0.460296 0.807899 0.461642 0.807899 0.464334 0.81149 0.46568 0.81149 0.468371 0.815081 0.469717 0.815081 0.471063 0.816876 0.472409 0.815081 0.467026 0.807899 0.46568 0.807899 0.452221 0.789946 0.450875 0.789946
1 0.86541 0.779174 0.86541 0.782765 0.864065 0.78456 0.864065 0.786355 0.862719 0.788151 0.860027 0.788151 0.862719 0.791741 0.862719 0.793537 0.864065 0.795332 0.86541 0.793537 0.877524 0.793537 0.873486 0.788151 0.873486 0.786355 0.874832 0.78456 0.874832 0.782765 0.876178 0.780969 0.876178 0.779174
1 0.02961 0.754039 0.028264 0.755835 0.026918 0.755835 0.025572 0.75763 0.024226 0.75763 0.021534 0.761221 0.020188 0.761221 0.018843 0.763016 0.017497 0.763016 0.016151 0.764811 0.014805 0.764811 0.016151 0.766607 0.016151 0.768402 0.017497 0.766607 0.018843 0.766607 0.020188 0.764811 0.021534 0.764811 0.02288 0.763016 0.024226 0.763016 0.025572 0.761221 0.026918 0.761221 0.028264 0.759425 0.02961 0.759425 0.030956 0.75763 0.032301 0.75763
1 0.38358 0.746858 0.38358 0.750449 0.384926 0.750449 0.386272 0.752244 0.387618 0.752244 0.388964 0.754039 0.39031 0.754039 0.391655 0.755835 0.393001 0.755835 0.394347 0.75763 0.399731 0.75763 0.401077 0.759425 0.40646 0.759425 0.407806 0.761221 0.41319 0.761221 0.414536 0.763016 0.419919 0.763016 0.421265 0.764811 0.425303 0.764811 0.426649 0.766607 0.429341 0.766607 0.430686 0.768402 0.434724 0.768402 0.43607 0.770197 0.440108 0.770197 0.441454 0.771993 0.444145 0.771993 0.445491 0.773788 0.449529 0.773788 0.450875 0.775583 0.453567 0.775583 0.454913 0.777379 0.45895 0.777379 0.460296 0.779174 0.460296 0.773788 0.456258 0.773788 0.454913 0.771993 0.450875 0.771993 0.449529 0.770197 0.445491 0.770197 0.444145 0.768402 0.440108 0.768402 0.437416 0.764811 0.43607 0.764811 0.432032 0.759425 0.430686 0.759425 0.427995 0.755835 0.427995 0.752244 0.429341 0.750449 0.429341 0.748654 0.397039 0.748654 0.395693 0.746858
1 0.281292 0.739677 0.281292 0.748654 0.28533 0.748654 0.286676 0.750449 0.289367 0.750449 0.290713 0.752244 0.294751 0.752244 0.296097 0.754039 0.298789 0.754039 0.300135 0.755835 0.304172 0.755835 0.305518 0.75763 0.30821 0.75763 0.309556 0.759425 0.313594 0.759425 0.314939 0.761221 0.316285 0.759425 0.318977 0.759425 0.320323 0.75763 0.327052 0.75763 0.328398 0.759425 0.33109 0.759425 0.332436 0.761221 0.336474 0.761221 0.33782 0.763016 0.340511 0.763016 0.341857 0.764811 0.345895 0.764811 0.347241 0.766607 0.349933 0.766607 0.351279 0.768402 0.355316 0.768402 0.356662 0.770197 0.359354 0.770197 0.3607 0.771993 0.364738 0.766607 0.366083 0.766607 0.367429 0.764811 0.364738 0.764811 0.363392 0.763016 0.362046 0.763016 0.3607 0.761221 0.358008 0.761221 0.356662 0.759425 0.35397 0.759425 0.352624 0.75763 0.349933 0.75763 0.348587 0.755835 0.347241 0.755835 0.345895 0.754039 0.343203 0.754039 0.341857 0.752244 0.339166 0.752244 0.33782 0.750449 0.335128 0.750449 0.333782 0.748654 0.332436 0.748654 0.33109 0.746858 0.328398 0.746858 0.327052 0.745063 0.325707 0.746858 0.324361 0.746858 0.323015 0.748654 0.320323 0.748654 0.318977 0.750449 0.312248 0.750449 0.310902 0.748654 0.306864 0.748654 0.305518 0.746858 0.300135 0.746858 0.298789 0.745063 0.294751 0.745063 0.293405 0.743268 0.288022 0.743268 0.286676 0.741472 0.282638 0.741472
1 0.026918 0.736086 0.025572 0.737882 0.009421 0.737882 0.009421 0.743268 0.025572 0.743268 0.025572 0.739677 0.026918 0.737882
1 0.912517 0.718133 0.912517 0.723519 0.908479 0.728905 0.899058 0.728905 0.897712 0.72711 0.897712 0.7307 0.899058 0.732496 0.900404 0.732496 0.903096 0.736086 0.904441 0.736086 0.907133 0.739677 0.907133 0.743268 0.905787 0.745063 0.905787 0.750449 0.904441 0.752244 0.904441 0.755835 0.905787 0.755835 0.907133 0.75763 0.908479 0.75763 0.909825 0.759425 0.909825 0.755835 0.911171 0.754039 0.911171 0.746858 0.912517 0.745063 0.912517 0.743268 0.913863 0.741472 0.915209 0.743268 0.9179 0.743268 0.919246 0.745063 0.920592 0.745063 0.921938 0.746858 0.923284 0.746858 0.92463 0.748654 0.925976 0.748654 0.927322 0.750449 0.930013 0.750449 0.931359 0.752244 0.932705 0.752244 0.934051 0.754039 0.935397 0.754039 0.936743 0.755835 0.938089 0.754039 0.938089 0.752244 0.942127 0.746858 0.942127 0.745063 0.943472 0.743268 0.943472 0.737882 0.932705 0.737882 0.930013 0.734291 0.928668 0.734291 0.920592 0.723519 0.919246 0.723519 0.915209 0.718133
1 0.006729 0.718133 0.006729 0.721724 0.008075 0.723519 0.008075 0.72711 0.013459 0.72711 0.014805 0.725314 0.018843 0.725314 0.020188 0.723519 0.02288 0.723519 0.024226 0.721724 0.028264 0.721724 0.021534 0.721724 0.020188 0.719928 0.008075 0.719928
1 0.129206 0.710952 0.12786 0.712747 0.12786 0.714542 0.126514 0.716338 0.126514 0.718133 0.125168 0.719928 0.125168 0.721724 0.122476 0.725314 0.117093 0.725314 0.115747 0.72711 0.110363 0.72711 0.109017 0.728905 0.103634 0.728905 0.109017 0.736086 0.110363 0.734291 0.117093 0.734291 0.118439 0.732496 0.125168 0.732496 0.126514 0.7307 0.133244 0.7307 0.133244 0.72711 0.13459 0.725314 0.13459 0.719928 0.135935 0.718133 0.135935 0.714542 0.133244 0.714542 0.131898 0.712747 0.130552 0.712747
1 0.243607 0.701975 0.240915 0.705566 0.239569 0.705566 0.236878 0.709156 0.235532 0.709156 0.231494 0.714542 0.230148 0.714542 0.227456 0.718133 0.22611 0.718133 0.224764 0.719928 0.224764 0.721724 0.22611 0.723519 0.22611 0.728905 0.227456 0.7307 0.227456 0.732496 0.228802 0.7307 0.234186 0.7307 0.235532 0.728905 0.240915 0.728905 0.251682 0.714542 0.251682 0.712747 0.253028 0.710952 0.253028 0.709156 0.254374 0.707361 0.254374 0.705566 0.25572 0.70377 0.244953 0.70377
1 0.100942 0.696589 0.099596 0.698384 0.099596 0.70018 0.09825 0.701975 0.099596 0.701975 0.102288 0.705566 0.103634 0.705566 0.106326 0.709156 0.123822 0.709156 0.12786 0.70377 0.125168 0.70018 0.125168 0.698384 0.123822 0.696589
1 0.911171 0.694794 0.911171 0.70377 0.915209 0.70377 0.916555 0.705566 0.920592 0.705566 0.921938 0.707361 0.92463 0.707361 0.925976 0.709156 0.930013 0.709156 0.931359 0.710952 0.934051 0.707361 0.932705 0.707361 0.930013 0.70377 0.931359 0.701975 0.939435 0.701975 0.940781 0.70377 0.942127 0.70377 0.943472 0.705566 0.946164 0.705566 0.94751 0.707361 0.948856 0.707361 0.950202 0.709156 0.952894 0.709156 0.95424 0.710952 0.963661 0.710952 0.965007 0.712747 0.966353 0.712747 0.967699 0.714542 0.969044 0.714542 0.97039 0.716338 0.971736 0.716338 0.973082 0.718133 0.974428 0.718133 0.975774 0.719928 0.97712 0.719928 0.978466 0.721724 0.981157 0.718133 0.982503 0.718133 0.983849 0.716338 0.982503 0.716338 0.981157 0.714542 0.978466 0.714542 0.97712 0.712747 0.975774 0.712747 0.974428 0.710952 0.973082 0.710952 0.971736 0.709156 0.97039 0.709156 0.969044 0.707361 0.966353 0.707361 0.965007 0.705566 0.963661 0.705566 0.962315 0.70377 0.958277 0.70377 0.956931 0.701975 0.952894 0.701975 0.951548 0.70018 0.946164 0.70018 0.944818 0.698384 0.940781 0.698384 0.939435 0.696589 0.935397 0.696589 0.934051 0.694794
1 0.259758 0.682226 0.259758 0.684022 0.261104 0.685817 0.261104 0.689408 0.289367 0.689408 0.290713 0.691203 0.292059 0.689408 0.292059 0.687612 0.293405 0.685817 0.286676 0.685817 0.28533 0.684022 0.261104 0.684022
1 0.084791 0.669659 0.084791 0.671454 0.083445 0.67325 0.084791 0.67325 0.087483 0.67684 0.086137 0.678636 0.078062 0.678636 0.076716 0.67684 0.076716 0.682226 0.0821 0.682226 0.083445 0.684022 0.088829 0.684022 0.090175 0.685817 0.094213 0.685817 0.095559 0.687612 0.100942 0.687612 0.102288 0.689408 0.103634 0.687612 0.103634 0.685817 0.106326 0.682226 0.106326 0.680431 0.107672 0.678636 0.10498 0.678636 0.103634 0.67684 0.099596 0.67684 0.09825 0.675045 0.095559 0.675045 0.094213 0.67325 0.090175 0.67325 0.088829 0.671454 0.086137 0.671454
1 0.724092 0.664273 0.718708 0.671454 0.722746 0.67684 0.722746 0.678636 0.726783 0.684022 0.734859 0.684022 0.736205 0.685817 0.74428 0.685817 0.742934 0.684022 0.741588 0.684022 0.736205 0.67684 0.734859 0.67684 0.729475 0.669659 0.728129 0.669659
1 0.043069 0.662478 0.043069 0.666068 0.041723 0.667864 0.041723 0.671454 0.056528 0.671454 0.057873 0.67325 0.061911 0.667864 0.063257 0.667864 0.064603 0.666068 0.055182 0.666068 0.053836 0.664273 0.044415 0.664273
1 0.10498 0.635548 0.10498 0.642729 0.122476 0.642729 0.122476 0.635548
1 0.10498 0.621185 0.102288 0.624776 0.100942 0.624776 0.09825 0.628366 0.096904 0.628366 0.094213 0.631957 0.092867 0.631957 0.095559 0.635548 0.096904 0.633752 0.100942 0.633752 0.10498 0.628366 0.106326 0.628366 0.107672 0.626571 0.106326 0.624776 0.106326 0.62298
1 0.20996 0.608618 0.211306 0.610413 0.211306 0.612208 0.216689 0.612208 0.218035 0.614004 0.218035 0.615799 0.216689 0.617594 0.216689 0.61939 0.215343 0.621185 0.211306 0.621185 0.20996 0.61939 0.205922 0.61939 0.204576 0.617594 0.201884 0.617594 0.200538 0.615799 0.196501 0.615799 0.195155 0.614004 0.195155 0.615799 0.193809 0.617594 0.193809 0.61939 0.192463 0.621185 0.192463 0.62298 0.196501 0.62298 0.197847 0.624776 0.200538 0.624776 0.201884 0.626571 0.205922 0.626571 0.207268 0.628366 0.20996 0.628366 0.211306 0.630162 0.20996 0.631957 0.208614 0.631957 0.207268 0.633752 0.205922 0.633752 0.20323 0.637343 0.201884 0.637343 0.200538 0.639138 0.199192 0.639138 0.197847 0.640934 0.196501 0.640934 0.189771 0.631957 0.179004 0.631957 0.174966 0.637343 0.174966 0.639138 0.169583 0.64632 0.160162 0.64632 0.158816 0.648115 0.156124 0.648115 0.154778 0.64991 0.153432 0.64991 0.152086 0.651706 0.149394 0.651706 0.148048 0.653501 0.146703 0.653501 0.145357 0.655296 0.142665 0.655296 0.142665 0.660682 0.144011 0.658887 0.146703 0.658887 0.148048 0.657092 0.152086 0.657092 0.153432 0.658887 0.153432 0.660682 0.15074 0.664273 0.153432 0.667864 0.156124 0.664273 0.156124 0.662478 0.160162 0.657092 0.162853 0.657092 0.164199 0.658887 0.165545 0.658887 0.166891 0.660682 0.169583 0.660682 0.170929 0.662478 0.17362 0.662478 0.174966 0.664273 0.176312 0.664273 0.177658 0.666068 0.18035 0.666068 0.181696 0.667864 0.183042 0.667864 0.184388 0.669659 0.184388 0.667864 0.185734 0.666068 0.17362 0.64991 0.174966 0.648115 0.188425 0.648115 0.191117 0.651706 0.192463 0.64991 0.195155 0.64991 0.196501 0.648115 0.197847 0.648115 0.199192 0.64991 0.195155 0.655296 0.193809 0.655296 0.191117 0.658887 0.192463 0.658887 0.193809 0.660682 0.195155 0.660682 0.196501 0.662478 0.197847 0.662478 0.200538 0.666068 0.201884 0.666068 0.20323 0.667864 0.204576 0.667864 0.205922 0.669659 0.207268 0.669659 0.208614 0.671454 0.211306 0.667864 0.208614 0.664273 0.208614 0.662478 0.207268 0.660682 0.207268 0.653501 0.205922 0.655296 0.20323 0.655296 0.201884 0.657092 0.200538 0.657092 0.199192 0.655296 0.205922 0.64632 0.215343 0.64632 0.216689 0.648115 0.224764 0.648115 0.22611 0.64991 0.227456 0.648115 0.227456 0.64632 0.230148 0.642729 0.227456 0.642729 0.22611 0.640934 0.223419 0.640934 0.222073 0.639138 0.224764 0.635548 0.22611 0.635548 0.227456 0.633752 0.238223 0.633752 0.239569 0.635548 0.250336 0.635548 0.251682 0.637343 0.26245 0.637343 0.263795 0.639138 0.275908 0.639138 0.277254 0.640934 0.290713 0.640934 0.292059 0.642729 0.304172 0.642729 0.305518 0.644524 0.318977 0.644524 0.320323 0.64632 0.332436 0.64632 0.333782 0.648115 0.33782 0.648115 0.339166 0.64991 0.341857 0.64991 0.343203 0.651706 0.347241 0.651706 0.348587 0.653501 0.351279 0.653501 0.352624 0.655296 0.349933 0.658887 0.348587 0.658887 0.343203 0.666068 0.341857 0.666068 0.336474 0.67325 0.335128 0.67325 0.333782 0.675045 0.33782 0.675045 0.339166 0.67684 0.343203 0.671454 0.344549 0.671454 0.349933 0.664273 0.351279 0.664273 0.356662 0.657092 0.358008 0.657092 0.359354 0.655296 0.358008 0.653501 0.358008 0.651706 0.359354 0.64991 0.366083 0.64991 0.367429 0.651706 0.376851 0.651706 0.378197 0.653501 0.376851 0.655296 0.374159 0.655296 0.372813 0.657092 0.371467 0.657092 0.370121 0.658887 0.367429 0.658887 0.368775 0.658887 0.370121 0.660682 0.371467 0.660682 0.372813 0.662478 0.374159 0.662478 0.375505 0.664273 0.376851 0.664273 0.378197 0.666068 0.379542 0.666068 0.380888 0.667864 0.38358 0.667864 0.384926 0.669659 0.386272 0.669659 0.387618 0.671454 0.388964 0.671454 0.39031 0.67325 0.391655 0.67325 0.393001 0.675045 0.394347 0.675045 0.395693 0.67684 0.397039 0.67684 0.398385 0.678636 0.407806 0.678636 0.40646 0.678636 0.405114 0.67684 0.403769 0.67684 0.402423 0.675045 0.399731 0.675045 0.398385 0.67325 0.397039 0.67325 0.395693 0.671454 0.394347 0.671454 0.393001 0.669659 0.391655 0.669659 0.39031 0.667864 0.388964 0.667864 0.387618 0.666068 0.384926 0.666068 0.38358 0.664273 0.382234 0.664273 0.380888 0.662478 0.379542 0.662478 0.378197 0.660682 0.379542 0.658887 0.393001 0.658887 0.394347 0.657092 0.407806 0.657092 0.407806 0.651706 0.409152 0.64991 0.409152 0.64632 0.394347 0.64632 0.393001 0.644524 0.379542 0.644524 0.378197 0.642729 0.374159 0.642729 0.372813 0.640934 0.368775 0.640934 0.367429 0.639138 0.364738 0.639138 0.363392 0.637343 0.359354 0.637343 0.358008 0.635548 0.358008 0.628366 0.356662 0.630162 0.33782 0.630162 0.335128 0.633752 0.310902 0.633752 0.309556 0.631957 0.294751 0.631957 0.293405 0.630162 0.2786 0.630162 0.277254 0.628366 0.26245 0.628366 0.261104 0.626571 0.246299 0.626571 0.244953 0.624776 0.23284 0.624776 0.231494 0.62298 0.220727 0.62298 0.219381 0.621185 0.219381 0.617594 0.220727 0.615799 0.220727 0.614004 0.222073 0.612208 0.227456 0.612208 0.227456 0.608618
1 0.446837 0.590664 0.446837 0.59605 0.450875 0.59605 0.452221 0.597846 0.456258 0.597846 0.457604 0.599641 0.460296 0.599641 0.461642 0.601436 0.46568 0.601436 0.467026 0.603232 0.471063 0.603232 0.472409 0.605027 0.476447 0.605027 0.477793 0.606822 0.480485 0.606822 0.48183 0.608618 0.485868 0.608618 0.487214 0.610413 0.487214 0.608618 0.48856 0.606822 0.48856 0.605027 0.484522 0.605027 0.483176 0.603232 0.479139 0.603232 0.477793 0.601436 0.473755 0.601436 0.472409 0.599641 0.468371 0.599641 0.467026 0.597846 0.464334 0.597846 0.462988 0.59605 0.45895 0.59605 0.457604 0.594255 0.453567 0.594255 0.452221 0.59246 0.448183 0.59246
1 0.323015 0.588869 0.321669 0.590664 0.273217 0.590664 0.273217 0.599641 0.274563 0.597846 0.297443 0.597846 0.298789 0.59605 0.323015 0.59605
1 0.643338 0.583483 0.640646 0.587074 0.6393 0.587074 0.640646 0.587074 0.641992 0.588869 0.643338 0.588869 0.644684 0.590664 0.64603 0.590664 0.647376 0.59246 0.648721 0.59246 0.650067 0.594255 0.651413 0.594255 0.652759 0.59605 0.654105 0.59605 0.656797 0.599641 0.658143 0.599641 0.659489 0.601436 0.660834 0.601436 0.66218 0.603232 0.663526 0.603232 0.664872 0.605027 0.666218 0.605027 0.667564 0.606822 0.66891 0.606822 0.670256 0.608618 0.672948 0.605027 0.674293 0.605027 0.672948 0.605027 0.671602 0.603232 0.670256 0.603232 0.66891 0.601436 0.667564 0.601436 0.666218 0.599641 0.664872 0.599641 0.663526 0.597846 0.66218 0.597846 0.660834 0.59605 0.66218 0.594255 0.664872 0.594255 0.666218 0.59246 0.689098 0.59246 0.690444 0.594255 0.690444 0.59246 0.69179 0.590664 0.69179 0.588869 0.651413 0.588869 0.650067 0.587074 0.647376 0.587074 0.64603 0.585278 0.644684 0.585278
1 0.422611 0.581688 0.421265 0.583483 0.405114 0.583483 0.403769 0.585278 0.401077 0.585278 0.399731 0.587074 0.395693 0.587074 0.394347 0.588869 0.391655 0.588869 0.39031 0.590664 0.386272 0.590664 0.384926 0.59246 0.382234 0.59246 0.380888 0.594255 0.376851 0.594255 0.375505 0.59605 0.371467 0.59605 0.370121 0.597846 0.366083 0.597846 0.364738 0.599641 0.356662 0.599641 0.355316 0.597846 0.349933 0.597846 0.348587 0.59605 0.344549 0.59605 0.343203 0.594255 0.343203 0.601436 0.344549 0.603232 0.344549 0.605027 0.345895 0.606822 0.345895 0.608618 0.347241 0.610413 0.348587 0.610413 0.349933 0.612208 0.351279 0.612208 0.35397 0.615799 0.355316 0.615799 0.356662 0.617594 0.358008 0.617594 0.359354 0.61939 0.362046 0.615799 0.362046 0.614004 0.364738 0.610413 0.366083 0.610413 0.367429 0.612208 0.368775 0.612208 0.370121 0.614004 0.371467 0.612208 0.372813 0.612208 0.375505 0.608618 0.376851 0.608618 0.379542 0.605027 0.395693 0.605027 0.397039 0.606822 0.388964 0.59605 0.39031 0.594255 0.393001 0.594255 0.394347 0.59246 0.395693 0.59246 0.397039 0.590664 0.417227 0.590664 0.419919 0.587074 0.419919 0.585278
1 0.188425 0.581688 0.187079 0.583483 0.184388 0.583483 0.183042 0.585278 0.181696 0.585278 0.18035 0.587074 0.179004 0.587074 0.179004 0.594255 0.177658 0.59605 0.177658 0.601436 0.176312 0.603232 0.174966 0.603232 0.172275 0.606822 0.170929 0.606822 0.170929 0.610413 0.169583 0.612208 0.169583 0.615799 0.170929 0.614004 0.172275 0.614004 0.17362 0.612208 0.177658 0.612208 0.179004 0.614004 0.18035 0.614004 0.181696 0.615799 0.183042 0.614004 0.184388 0.614004 0.187079 0.610413 0.188425 0.610413 0.183042 0.603232 0.183042 0.597846 0.184388 0.59605 0.184388 0.590664 0.185734 0.588869 0.185734 0.587074 0.187079 0.585278 0.187079 0.583483
1 0.090175 0.576302 0.090175 0.578097 0.088829 0.579892 0.090175 0.579892 0.091521 0.581688 0.092867 0.581688 0.094213 0.583483 0.107672 0.583483 0.107672 0.578097 0.091521 0.578097
1 0.22611 0.556553 0.224764 0.558348 0.223419 0.558348 0.222073 0.560144 0.219381 0.560144 0.218035 0.561939 0.216689 0.561939 0.215343 0.563734 0.212651 0.563734 0.211306 0.56553 0.20996 0.56553 0.208614 0.567325 0.205922 0.567325 0.204576 0.56912 0.20323 0.56912 0.20323 0.572711 0.204576 0.570916 0.207268 0.570916 0.208614 0.56912 0.212651 0.56912 0.213997 0.567325 0.216689 0.567325 0.218035 0.56553 0.220727 0.56553 0.222073 0.563734 0.22611 0.563734 0.227456 0.561939 0.230148 0.561939
1 0.763122 0.536804 0.763122 0.5386 0.761777 0.540395 0.761777 0.54219 0.76716 0.54219 0.768506 0.543986 0.772544 0.543986 0.77389 0.545781 0.779273 0.545781 0.780619 0.547576 0.783311 0.543986 0.783311 0.54219 0.779273 0.54219 0.777927 0.540395 0.77389 0.540395 0.772544 0.5386 0.768506 0.5386 0.76716 0.536804
1 0.886945 0.524237 0.880215 0.533214 0.878869 0.533214 0.873486 0.540395 0.873486 0.54219 0.874832 0.543986 0.874832 0.549372 0.876178 0.551167 0.876178 0.552962 0.877524 0.552962 0.878869 0.554758 0.881561 0.554758 0.882907 0.556553 0.884253 0.556553 0.885599 0.558348 0.886945 0.558348 0.888291 0.560144 0.889637 0.560144 0.890983 0.561939 0.893674 0.561939 0.89502 0.563734 0.896366 0.563734 0.897712 0.56553 0.899058 0.56553 0.900404 0.567325 0.90175 0.567325 0.903096 0.56912 0.905787 0.56912 0.907133 0.570916 0.908479 0.570916 0.909825 0.572711 0.911171 0.572711 0.912517 0.574506 0.913863 0.574506 0.915209 0.576302 0.9179 0.576302 0.919246 0.578097 0.920592 0.578097 0.921938 0.579892 0.923284 0.579892 0.92463 0.581688 0.925976 0.579892 0.930013 0.579892 0.931359 0.578097 0.939435 0.578097 0.940781 0.579892 0.944818 0.579892 0.946164 0.581688 0.948856 0.581688 0.950202 0.583483 0.952894 0.583483 0.955585 0.587074 0.956931 0.587074 0.960969 0.59246 0.962315 0.59246 0.966353 0.597846 0.967699 0.597846 0.97039 0.601436 0.973082 0.597846 0.973082 0.59605 0.975774 0.59246 0.974428 0.590664 0.974428 0.588869 0.973082 0.587074 0.973082 0.585278 0.971736 0.583483 0.971736 0.578097 0.973082 0.576302 0.973082 0.574506 0.959623 0.574506 0.958277 0.572711 0.955585 0.572711 0.95424 0.570916 0.952894 0.570916 0.951548 0.56912 0.948856 0.56912 0.94751 0.567325 0.916555 0.567325 0.912517 0.561939 0.911171 0.561939 0.90175 0.549372 0.900404 0.549372 0.89502 0.54219 0.884253 0.54219 0.882907 0.540395 0.892328 0.527828 0.890983 0.527828 0.889637 0.526032 0.888291 0.526032
1 0.689098 0.522442 0.686406 0.526032 0.685061 0.526032 0.682369 0.529623 0.681023 0.529623 0.682369 0.529623 0.685061 0.533214 0.686406 0.533214 0.689098 0.536804 0.690444 0.535009 0.69852 0.535009 0.699865 0.533214 0.711978 0.533214 0.713324 0.535009 0.716016 0.535009 0.717362 0.536804 0.720054 0.536804 0.7214 0.5386 0.724092 0.5386 0.725437 0.540395 0.728129 0.536804 0.729475 0.536804 0.726783 0.536804 0.725437 0.535009 0.722746 0.535009 0.7214 0.533214 0.718708 0.533214 0.717362 0.531418 0.711978 0.531418 0.710633 0.529623 0.703903 0.529623 0.702557 0.527828 0.697174 0.527828 0.693136 0.522442
1 0.51144 0.520646 0.510094 0.522442 0.507402 0.522442 0.506057 0.524237 0.502019 0.524237 0.500673 0.526032 0.483176 0.526032 0.477793 0.533214 0.477793 0.535009 0.476447 0.536804 0.476447 0.5386 0.477793 0.540395 0.477793 0.54219 0.479139 0.543986 0.479139 0.545781 0.480485 0.543986 0.483176 0.543986 0.483176 0.54219 0.48183 0.540395 0.48183 0.5386 0.480485 0.536804 0.480485 0.535009 0.48183 0.533214 0.483176 0.533214 0.484522 0.531418 0.485868 0.531418 0.487214 0.529623 0.500673 0.529623 0.502019 0.527828 0.504711 0.527828 0.506057 0.526032 0.510094 0.526032 0.51144 0.524237 0.514132 0.524237
1 0.449529 0.468582 0.445491 0.473968 0.444145 0.473968 0.441454 0.477558 0.442799 0.479354 0.442799 0.481149 0.445491 0.477558 0.446837 0.477558 0.449529 0.473968 0.450875 0.473968 0.452221 0.472172
1 0.091521 0.468582 0.083445 0.479354 0.083445 0.481149 0.07537 0.491921 0.07537 0.493716 0.074024 0.495512 0.074024 0.497307 0.072678 0.499102 0.072678 0.502693 0.071332 0.504488 0.071332 0.506284 0.069987 0.508079 0.069987 0.51167 0.068641 0.513465 0.068641 0.517056 0.067295 0.518851 0.067295 0.520646 0.065949 0.522442 0.065949 0.526032 0.064603 0.527828 0.064603 0.529623 0.063257 0.531418 0.063257 0.533214 0.061911 0.535009 0.060565 0.535009 0.057873 0.5386 0.056528 0.5386 0.055182 0.540395 0.055182 0.547576 0.053836 0.549372 0.053836 0.558348 0.05249 0.560144 0.05249 0.561939 0.051144 0.563734 0.051144 0.56553 0.049798 0.567325 0.049798 0.572711 0.048452 0.574506 0.048452 0.579892 0.047106 0.581688 0.044415 0.581688 0.043069 0.583483 0.040377 0.583483 0.039031 0.585278 0.034993 0.585278 0.033647 0.587074 0.030956 0.587074 0.02961 0.588869 0.026918 0.588869 0.025572 0.590664 0.02288 0.590664 0.021534 0.59246 0.018843 0.59246 0.017497 0.594255 0.014805 0.594255 0.013459 0.59605 0.009421 0.59605 0.008075 0.597846 0.005384 0.597846 0.004038 0.599641 0.001346 0.599641 0.0 0.601436 0.0 0.603232 0.004038 0.603232 0.005384 0.601436 0.008075 0.601436 0.009421 0.599641 0.013459 0.599641 0.014805 0.597846 0.017497 0.597846 0.018843 0.59605 0.02288 0.59605 0.024226 0.594255 0.028264 0.594255 0.02961 0.59246 0.032301 0.59246 0.033647 0.590664 0.037685 0.590664 0.039031 0.588869 0.041723 0.588869 0.043069 0.587074 0.047106 0.587074 0.048452 0.585278 0.053836 0.59246 0.055182 0.59246 0.060565 0.599641 0.061911 0.599641 0.064603 0.603232 0.065949 0.603232 0.067295 0.605027 0.068641 0.605027 0.071332 0.608618 0.072678 0.608618 0.074024 0.610413 0.07537 0.610413 0.076716 0.612208 0.078062 0.612208 0.080754 0.615799 0.087483 0.615799 0.086137 0.615799 0.0821 0.610413 0.080754 0.610413 0.076716 0.605027 0.07537 0.605027 0.071332 0.599641 0.069987 0.599641 0.064603 0.59246 0.063257 0.59246 0.056528 0.583483 0.055182 0.583483 0.051144 0.578097 0.055182 0.572711 0.056528 0.572711 0.060565 0.567325 0.060565 0.56553 0.061911 0.563734 0.061911 0.561939 0.064603 0.558348 0.064603 0.556553 0.065949 0.554758 0.065949 0.552962 0.068641 0.549372 0.07537 0.549372 0.076716 0.547576 0.083445 0.547576 0.084791 0.545781 0.090175 0.545781 0.091521 0.543986 0.09825 0.543986 0.096904 0.54219 0.096904 0.540395 0.095559 0.5386 0.096904 0.536804 0.109017 0.536804 0.110363 0.535009 0.111709 0.536804 0.135935 0.536804 0.131898 0.536804 0.130552 0.535009 0.12786 0.535009 0.126514 0.533214 0.122476 0.533214 0.121131 0.531418 0.107672 0.531418 0.106326 0.529623 0.107672 0.527828 0.110363 0.527828 0.111709 0.526032 0.153432 0.526032 0.154778 0.524237 0.137281 0.524237 0.135935 0.526032 0.13459 0.524237 0.125168 0.524237 0.123822 0.522442 0.110363 0.522442 0.109017 0.524237 0.107672 0.524237 0.106326 0.526032 0.103634 0.526032 0.102288 0.527828 0.100942 0.527828 0.099596 0.529623 0.096904 0.529623 0.095559 0.531418 0.094213 0.531418 0.092867 0.533214 0.087483 0.533214 0.086137 0.535009 0.0821 0.535009 0.080754 0.536804 0.07537 0.536804 0.074024 0.5386 0.069987 0.5386 0.068641 0.540395 0.067295 0.5386 0.067295 0.536804 0.068641 0.535009 0.068641 0.529623 0.069987 0.527828 0.069987 0.524237 0.071332 0.522442 0.071332 0.517056 0.072678 0.51526 0.072678 0.509874 0.074024 0.508079 0.074024 0.504488 0.07537 0.502693 0.07537 0.497307 0.076716 0.495512 0.076716 0.493716 0.084791 0.482944 0.086137 0.482944 0.094213 0.472172
1 0.152086 0.398564 0.152086 0.400359 0.15074 0.402154 0.15074 0.40395 0.166891 0.40395 0.168237 0.405745 0.168237 0.400359 0.153432 0.400359
1 0.021534 0.382406 0.021534 0.384201 0.020188 0.385996 0.020188 0.387792 0.043069 0.387792 0.044415 0.389587 0.047106 0.385996 0.034993 0.385996 0.033647 0.384201 0.02288 0.384201
1 0.181696 0.351885 0.181696 0.35368 0.18035 0.355476 0.18035 0.357271 0.201884 0.357271 0.20323 0.359066 0.207268 0.359066 0.208614 0.360862 0.20996 0.359066 0.22611 0.359066 0.22611 0.355476 0.204576 0.355476 0.20323 0.35368 0.199192 0.35368 0.197847 0.351885
1 0.418573 0.348294 0.418573 0.35368 0.433378 0.35368 0.43607 0.35009 0.419919 0.35009
1 0.074024 0.348294 0.072678 0.35009 0.071332 0.35009 0.067295 0.355476 0.065949 0.355476 0.063257 0.359066 0.061911 0.359066 0.060565 0.360862 0.059219 0.359066 0.030956 0.359066 0.02961 0.360862 0.02961 0.364452 0.028264 0.366248 0.028264 0.368043 0.026918 0.369838 0.0 0.369838 0.0 0.373429 0.024226 0.373429 0.025572 0.371634 0.028264 0.371634 0.02961 0.369838 0.030956 0.369838 0.032301 0.368043 0.033647 0.368043 0.034993 0.366248 0.036339 0.368043 0.057873 0.368043 0.059219 0.366248 0.060565 0.366248 0.061911 0.364452 0.063257 0.364452 0.065949 0.360862 0.067295 0.360862 0.068641 0.359066 0.069987 0.359066 0.071332 0.357271 0.072678 0.357271 0.07537 0.35368 0.076716 0.35368 0.078062 0.351885 0.079408 0.351885 0.078062 0.351885 0.07537 0.348294
1 0.30821 0.339318 0.306864 0.341113 0.306864 0.342908 0.305518 0.344704 0.316285 0.344704 0.317631 0.346499 0.327052 0.346499 0.328398 0.348294 0.339166 0.348294 0.340511 0.35009 0.340511 0.342908 0.325707 0.342908 0.324361 0.341113 0.309556 0.341113
1 0.25572 0.339318 0.25572 0.342908 0.257066 0.342908 0.258412 0.344704 0.259758 0.344704 0.261104 0.346499 0.261104 0.342908 0.26245 0.341113 0.26245 0.339318
1 0.403769 0.337522 0.402423 0.339318 0.394347 0.339318 0.394347 0.342908 0.395693 0.341113 0.405114 0.341113 0.403769 0.339318
1 0.049798 0.32675 0.048452 0.328546 0.047106 0.328546 0.04576 0.330341 0.043069 0.330341 0.041723 0.332136 0.040377 0.332136 0.037685 0.335727 0.036339 0.335727 0.034993 0.337522 0.039031 0.337522 0.040377 0.339318 0.041723 0.337522 0.043069 0.337522 0.044415 0.335727 0.047106 0.335727 0.048452 0.333932 0.049798 0.333932 0.051144 0.332136 0.072678 0.332136 0.074024 0.333932 0.072678 0.335727 0.068641 0.335727 0.067295 0.337522 0.063257 0.337522 0.063257 0.341113 0.064603 0.339318 0.078062 0.339318 0.079408 0.337522 0.083445 0.337522 0.084791 0.335727 0.088829 0.335727 0.087483 0.335727 0.086137 0.333932 0.084791 0.333932 0.0821 0.330341 0.080754 0.330341 0.079408 0.328546 0.051144 0.328546
1 0.38358 0.307002 0.382234 0.308797 0.374159 0.308797 0.372813 0.310592 0.371467 0.310592 0.370121 0.312388 0.33782 0.312388 0.336474 0.314183 0.33109 0.314183 0.329744 0.315978 0.324361 0.315978 0.324361 0.32316 0.325707 0.321364 0.328398 0.321364 0.329744 0.319569 0.333782 0.319569 0.335128 0.317774 0.33782 0.317774 0.339166 0.315978 0.370121 0.315978 0.371467 0.314183 0.376851 0.314183 0.378197 0.312388 0.38358 0.312388
1 0.207268 0.287253 0.205922 0.289048 0.201884 0.289048 0.200538 0.290844 0.196501 0.290844 0.191117 0.298025 0.189771 0.298025 0.187079 0.301616 0.184388 0.298025 0.184388 0.29623 0.183042 0.294434 0.170929 0.294434 0.170929 0.29623 0.172275 0.298025 0.172275 0.29982 0.169583 0.303411 0.168237 0.303411 0.165545 0.307002 0.164199 0.307002 0.162853 0.308797 0.160162 0.308797 0.158816 0.310592 0.15747 0.310592 0.15747 0.315978 0.158816 0.317774 0.158816 0.32316 0.153432 0.330341 0.152086 0.330341 0.149394 0.333932 0.148048 0.333932 0.146703 0.335727 0.146703 0.337522 0.145357 0.339318 0.145357 0.341113 0.142665 0.344704 0.139973 0.344704 0.138627 0.346499 0.135935 0.346499 0.13459 0.348294 0.129206 0.348294 0.12786 0.346499 0.126514 0.346499 0.125168 0.344704 0.122476 0.344704 0.121131 0.342908 0.119785 0.342908 0.118439 0.341113 0.115747 0.341113 0.114401 0.339318 0.113055 0.341113 0.09825 0.341113 0.096904 0.339318 0.092867 0.344704 0.091521 0.344704 0.090175 0.346499 0.094213 0.351885 0.094213 0.35368 0.096904 0.357271 0.09825 0.355476 0.102288 0.355476 0.103634 0.35368 0.111709 0.35368 0.113055 0.355476 0.114401 0.355476 0.115747 0.357271 0.121131 0.357271 0.122476 0.359066 0.12786 0.359066 0.129206 0.360862 0.133244 0.360862 0.13459 0.362657 0.137281 0.362657 0.138627 0.364452 0.139973 0.362657 0.144011 0.362657 0.145357 0.360862 0.15074 0.360862 0.152086 0.359066 0.161507 0.359066 0.161507 0.35368 0.162853 0.351885 0.162853 0.348294 0.164199 0.346499 0.165545 0.346499 0.166891 0.344704 0.168237 0.344704 0.170929 0.341113 0.170929 0.339318 0.176312 0.332136 0.177658 0.332136 0.18035 0.328546 0.181696 0.328546 0.183042 0.32675 0.183042 0.32316 0.181696 0.321364 0.181696 0.317774 0.183042 0.315978 0.185734 0.315978 0.187079 0.314183 0.189771 0.314183 0.199192 0.301616 0.208614 0.301616 0.20996 0.303411 0.20996 0.29982 0.211306 0.298025 0.211306 0.294434 0.208614 0.290844 0.208614 0.289048
