0 0.40646 0.942549 0.405114 0.944345 0.402423 0.944345 0.402423 0.947935 0.399731 0.951526 0.398385 0.951526 0.395693 0.955117 0.394347 0.955117 0.395693 0.955117 0.398385 0.958707 0.402423 0.958707 0.403769 0.960503 0.403769 0.962298 0.405114 0.964093 0.405114 0.967684 0.40646 0.965889 0.410498 0.965889 0.411844 0.964093 0.411844 0.962298 0.41319 0.960503 0.41319 0.958707 0.414536 0.956912 0.414536 0.953321 0.41319 0.951526 0.41319 0.94614 0.410498 0.94614 0.409152 0.944345 0.407806 0.944345
0 0.87214 0.552962 0.876178 0.558348 0.876178 0.560144 0.878869 0.563734 0.878869 0.567325 0.876178 0.570916 0.874832 0.56912 0.87214 0.56912 0.870794 0.567325 0.869448 0.567325 0.868102 0.56553 0.866756 0.56553 0.86541 0.563734 0.864065 0.563734 0.861373 0.560144 0.860027 0.560144 0.858681 0.558348 0.857335 0.560144 0.855989 0.560144 0.854643 0.561939 0.853297 0.561939 0.851952 0.563734 0.850606 0.563734 0.84926 0.56553 0.847914 0.56553 0.846568 0.567325 0.845222 0.567325 0.843876 0.56912 0.841184 0.56912 0.839838 0.570916 0.838493 0.570916 0.837147 0.572711 0.835801 0.572711 0.834455 0.574506 0.833109 0.574506 0.831763 0.576302 0.830417 0.576302 0.831763 0.578097 0.831763 0.579892 0.833109 0.578097 0.834455 0.578097 0.835801 0.576302 0.838493 0.576302 0.839838 0.574506 0.841184 0.574506 0.84253 0.572711 0.843876 0.572711 0.845222 0.570916 0.846568 0.570916 0.847914 0.56912 0.850606 0.56912 0.851952 0.567325 0.864065 0.567325 0.86541 0.56912 0.866756 0.56912 0.868102 0.570916 0.869448 0.570916 0.870794 0.572711 0.87214 0.572711 0.873486 0.574506 0.874832 0.574506 0.876178 0.576302 0.881561 0.576302 0.881561 0.570916 0.882907 0.56912 0.882907 0.56553 0.881561 0.563734 0.881561 0.561939 0.877524 0.556553 0.877524 0.554758 0.876178 0.552962
0 0.768506 0.51526 0.76716 0.517056 0.756393 0.517056 0.755047 0.518851 0.736205 0.518851 0.734859 0.520646 0.701211 0.520646 0.699865 0.522442 0.693136 0.522442 0.69179 0.524237 0.686406 0.524237 0.685061 0.526032 0.678331 0.526032 0.678331 0.531418 0.703903 0.531418 0.705249 0.529623 0.711978 0.529623 0.713324 0.527828 0.7214 0.527828 0.722746 0.526032 0.732167 0.526032 0.733513 0.524237 0.742934 0.524237 0.74428 0.522442 0.768506 0.522442
0 0.802153 0.493716 0.800808 0.495512 0.800808 0.497307 0.799462 0.499102 0.799462 0.500898 0.798116 0.502693 0.787349 0.502693 0.784657 0.506284 0.786003 0.508079 0.786003 0.509874 0.787349 0.508079 0.795424 0.508079 0.798116 0.51167 0.799462 0.51167 0.802153 0.51526 0.807537 0.51526 0.806191 0.513465 0.806191 0.51167 0.804845 0.509874 0.804845 0.508079 0.803499 0.506284 0.804845 0.504488 0.808883 0.504488 0.810229 0.502693 0.814266 0.502693 0.814266 0.497307 0.808883 0.497307 0.807537 0.495512 0.803499 0.495512
0 0.864065 0.4614 0.862719 0.463196 0.861373 0.463196 0.858681 0.466786 0.857335 0.466786 0.858681 0.468582 0.858681 0.470377 0.860027 0.472172 0.860027 0.473968 0.861373 0.475763 0.862719 0.473968 0.87214 0.473968 0.874832 0.477558 0.877524 0.473968 0.878869 0.473968 0.873486 0.466786 0.868102 0.466786
0 0.685061 0.360862 0.685061 0.362657 0.683715 0.364452 0.683715 0.366248 0.682369 0.368043 0.682369 0.369838 0.686406 0.369838 0.687752 0.371634 0.690444 0.371634 0.69179 0.373429 0.693136 0.371634 0.702557 0.371634 0.703903 0.369838 0.705249 0.369838 0.706595 0.368043 0.707941 0.368043 0.703903 0.362657 0.695828 0.362657 0.694482 0.360862
0 0.35397 0.348294 0.352624 0.35009 0.344549 0.35009 0.343203 0.351885 0.335128 0.351885 0.335128 0.357271 0.333782 0.359066 0.333782 0.375224 0.335128 0.373429 0.341857 0.373429 0.343203 0.371634 0.351279 0.371634 0.35397 0.368043 0.355316 0.368043 0.356662 0.366248 0.356662 0.364452 0.358008 0.362657 0.358008 0.360862 0.359354 0.359066 0.359354 0.357271 0.3607 0.355476 0.359354 0.35368 0.358008 0.35368
0 0.59354 0.314183 0.592194 0.315978 0.590848 0.315978 0.589502 0.317774 0.58681 0.317774 0.58681 0.319569 0.588156 0.321364 0.588156 0.32316 0.58681 0.324955 0.578735 0.324955 0.582773 0.330341 0.582773 0.332136 0.585464 0.335727 0.58681 0.333932 0.588156 0.333932 0.589502 0.332136 0.592194 0.332136 0.59354 0.330341 0.594886 0.330341 0.598923 0.324955 0.605653 0.324955 0.606999 0.32316 0.60969 0.32316 0.608345 0.321364 0.606999 0.321364 0.602961 0.315978 0.594886 0.315978
0 0.289367 0.267504 0.290713 0.2693 0.290713 0.271095 0.292059 0.27289 0.298789 0.27289 0.300135 0.274686 0.305518 0.274686 0.306864 0.276481 0.310902 0.271095 0.30821 0.267504
0 0.267833 0.256732 0.263795 0.262118 0.263795 0.2693 0.266487 0.2693 0.267833 0.271095 0.270525 0.271095 0.271871 0.27289 0.275908 0.267504 0.275908 0.265709 0.274563 0.263914 0.274563 0.260323 0.271871 0.260323 0.270525 0.258528 0.269179 0.258528
0 0.343203 0.251346 0.341857 0.253142 0.339166 0.253142 0.339166 0.260323 0.348587 0.260323 0.348587 0.254937 0.347241 0.254937 0.345895 0.253142 0.344549 0.253142
1 0.166891 0.978456 0.166891 0.980251 0.165545 0.982047 0.166891 0.983842 0.168237 0.983842 0.170929 0.987433 0.170929 0.989228 0.17362 0.992819 0.174966 0.992819 0.177658 0.996409 0.179004 0.996409 0.18035 0.998205 0.188425 0.998205 0.188425 0.996409 0.184388 0.991023 0.184388 0.989228 0.181696 0.985637 0.18035 0.985637 0.177658 0.982047 0.176312 0.982047 0.17362 0.978456
1 0.189771 0.953321 0.185734 0.958707 0.185734 0.960503 0.187079 0.962298 0.187079 0.964093 0.191117 0.964093 0.192463 0.965889 0.192463 0.967684 0.196501 0.967684 0.196501 0.958707 0.195155 0.956912 0.195155 0.955117 0.193809 0.953321
1 0.893674 0.931777 0.886945 0.940754 0.886945 0.942549 0.884253 0.94614 0.885599 0.947935 0.885599 0.949731 0.886945 0.951526 0.889637 0.947935 0.890983 0.947935 0.893674 0.944345 0.90175 0.944345 0.89502 0.935368 0.89502 0.933573
1 0.444145 0.827648 0.442799 0.829443 0.440108 0.829443 0.441454 0.829443 0.442799 0.831239 0.444145 0.831239 0.445491 0.833034 0.446837 0.833034 0.448183 0.834829 0.449529 0.834829 0.450875 0.836625 0.452221 0.836625 0.453567 0.83842 0.454913 0.83842 0.456258 0.840215 0.457604 0.840215 0.45895 0.842011 0.460296 0.842011 0.462988 0.845601 0.464334 0.845601 0.46568 0.847397 0.467026 0.847397 0.468371 0.849192 0.46568 0.852783 0.464334 0.852783 0.461642 0.856373 0.460296 0.856373 0.457604 0.859964 0.456258 0.859964 0.453567 0.863555 0.452221 0.863555 0.450875 0.86535 0.450875 0.870736 0.452221 0.868941 0.453567 0.868941 0.454913 0.867145 0.456258 0.867145 0.45895 0.863555 0.460296 0.863555 0.461642 0.861759 0.462988 0.861759 0.46568 0.858169 0.467026 0.858169 0.469717 0.854578 0.471063 0.854578 0.473755 0.850987 0.475101 0.850987 0.477793 0.847397 0.479139 0.847397 0.48183 0.843806 0.483176 0.843806 0.484522 0.842011 0.484522 0.836625 0.483176 0.83842 0.480485 0.83842 0.479139 0.840215 0.477793 0.840215 0.476447 0.842011 0.471063 0.842011 0.469717 0.840215 0.467026 0.840215 0.46568 0.83842 0.464334 0.83842 0.462988 0.836625 0.460296 0.836625 0.45895 0.834829 0.456258 0.834829 0.454913 0.833034 0.452221 0.833034 0.450875 0.831239 0.449529 0.831239 0.448183 0.829443 0.445491 0.829443
1 0.137281 0.825853 0.135935 0.827648 0.133244 0.827648 0.131898 0.829443 0.130552 0.829443 0.129206 0.831239 0.126514 0.831239 0.125168 0.833034 0.122476 0.833034 0.121131 0.834829 0.119785 0.834829 0.118439 0.836625 0.114401 0.836625 0.113055 0.834829 0.110363 0.834829 0.109017 0.833034 0.107672 0.833034 0.106326 0.831239 0.10498 0.833034 0.102288 0.833034 0.100942 0.834829 0.09825 0.834829 0.096904 0.836625 0.094213 0.836625 0.090175 0.842011 0.088829 0.842011 0.083445 0.849192 0.0821 0.849192 0.079408 0.852783 0.080754 0.854578 0.0821 0.854578 0.084791 0.858169 0.086137 0.858169 0.088829 0.861759 0.090175 0.861759 0.092867 0.86535 0.094213 0.86535 0.096904 0.868941 0.100942 0.868941 0.102288 0.870736 0.102288 0.868941 0.103634 0.867145 0.103634 0.86535 0.10498 0.863555 0.10498 0.861759 0.106326 0.859964 0.109017 0.859964 0.110363 0.861759 0.118439 0.861759 0.119785 0.863555 0.121131 0.861759 0.122476 0.861759 0.123822 0.859964 0.125168 0.859964 0.123822 0.859964 0.122476 0.858169 0.121131 0.858169 0.118439 0.854578 0.117093 0.854578 0.115747 0.852783 0.114401 0.852783 0.113055 0.850987 0.113055 0.847397 0.114401 0.845601 0.114401 0.842011 0.115747 0.840215 0.119785 0.840215 0.121131 0.83842 0.126514 0.83842 0.12786 0.836625 0.131898 0.836625 0.133244 0.834829 0.138627 0.834829 0.138627 0.831239 0.137281 0.829443
1 0.166891 0.822262 0.168237 0.824057 0.168237 0.825853 0.169583 0.827648 0.169583 0.829443 0.170929 0.831239 0.170929 0.843806 0.176312 0.843806 0.177658 0.842011 0.179004 0.842011 0.181696 0.83842 0.183042 0.83842 0.184388 0.836625 0.187079 0.836625 0.188425 0.834829 0.191117 0.834829 0.192463 0.833034 0.195155 0.833034 0.195155 0.827648 0.193809 0.829443 0.184388 0.829443 0.18035 0.834829 0.179004 0.834829 0.177658 0.836625 0.176312 0.834829 0.176312 0.833034 0.174966 0.831239 0.174966 0.829443 0.17362 0.827648 0.17362 0.825853 0.172275 0.824057 0.168237 0.824057
1 0.024226 0.813285 0.021534 0.816876 0.020188 0.816876 0.017497 0.820467 0.016151 0.818671 0.010767 0.818671 0.009421 0.816876 0.0 0.816876 0.0 0.825853 0.005384 0.825853 0.006729 0.827648 0.02288 0.827648 0.02288 0.822262 0.024226 0.820467
1 0.02288 0.78456 0.021534 0.786355 0.017497 0.786355 0.017497 0.788151 0.016151 0.789946 0.016151 0.791741 0.02288 0.791741 0.024226 0.793537 0.024226 0.791741 0.025572 0.789946 0.024226 0.788151 0.024226 0.786355
1 0.45895 0.763016 0.456258 0.766607 0.454913 0.766607 0.452221 0.770197 0.448183 0.770197 0.450875 0.773788 0.461642 0.773788 0.462988 0.771993 0.462988 0.770197 0.464334 0.768402 0.462988 0.766607 0.461642 0.766607
1 0.297443 0.755835 0.296097 0.75763 0.292059 0.75763 0.290713 0.759425 0.286676 0.759425 0.290713 0.764811 0.292059 0.763016 0.297443 0.763016 0.298789 0.761221 0.302826 0.761221 0.30148 0.759425 0.300135 0.759425
1 0.018843 0.718133 0.016151 0.721724 0.014805 0.721724 0.012113 0.725314 0.012113 0.736086 0.010767 0.737882 0.009421 0.737882 0.008075 0.739677 0.006729 0.739677 0.005384 0.741472 0.004038 0.741472 0.002692 0.743268 0.001346 0.743268 0.0 0.745063 0.0 0.752244 0.001346 0.752244 0.002692 0.750449 0.004038 0.750449 0.005384 0.748654 0.008075 0.748654 0.009421 0.746858 0.010767 0.746858 0.012113 0.745063 0.013459 0.745063 0.014805 0.743268 0.020188 0.743268 0.021534 0.741472 0.025572 0.741472 0.026918 0.739677 0.032301 0.739677 0.032301 0.737882 0.030956 0.736086 0.030956 0.734291 0.02961 0.732496 0.02961 0.7307 0.028264 0.728905 0.028264 0.72711 0.026918 0.725314 0.026918 0.723519 0.025572 0.721724 0.024226 0.721724 0.02288 0.719928 0.021534 0.719928 0.020188 0.718133
1 0.671602 0.666068 0.671602 0.667864 0.670256 0.669659 0.670256 0.67325 0.66891 0.675045 0.66891 0.67684 0.671602 0.67684 0.672948 0.678636 0.674293 0.678636 0.675639 0.680431 0.675639 0.678636 0.676985 0.67684 0.679677 0.67684 0.681023 0.678636 0.683715 0.678636 0.685061 0.680431 0.686406 0.680431 0.687752 0.682226 0.690444 0.682226 0.69179 0.684022 0.694482 0.684022 0.697174 0.687612 0.69852 0.687612 0.701211 0.691203 0.702557 0.691203 0.706595 0.696589 0.707941 0.696589 0.710633 0.70018 0.711978 0.70018 0.71467 0.70377 0.718708 0.70377 0.720054 0.705566 0.720054 0.698384 0.7214 0.696589 0.7214 0.689408 0.710633 0.689408 0.709287 0.687612 0.707941 0.687612 0.706595 0.685817 0.705249 0.685817 0.703903 0.684022 0.702557 0.684022 0.701211 0.682226 0.699865 0.682226 0.697174 0.678636 0.695828 0.678636 0.694482 0.67684 0.693136 0.67684 0.69179 0.675045 0.690444 0.675045 0.689098 0.67325 0.687752 0.67325 0.686406 0.671454 0.685061 0.671454 0.683715 0.669659 0.678331 0.669659 0.676985 0.667864 0.672948 0.667864
1 0.024226 0.526032 0.024226 0.529623 0.02288 0.531418 0.02288 0.535009 0.028264 0.535009 0.02961 0.536804 0.032301 0.533214 0.032301 0.531418 0.030956 0.529623 0.030956 0.526032
1 0.084791 0.418312 0.083445 0.420108 0.080754 0.420108 0.079408 0.421903 0.07537 0.421903 0.076716 0.423698 0.078062 0.423698 0.080754 0.427289 0.091521 0.427289 0.091521 0.425494 0.090175 0.423698 0.090175 0.421903 0.088829 0.421903 0.087483 0.420108 0.086137 0.420108
1 0.627187 0.405745 0.625841 0.40754 0.625841 0.409336 0.624495 0.411131 0.631225 0.411131 0.632571 0.412926 0.633917 0.411131 0.636608 0.411131 0.636608 0.409336 0.635262 0.40754 0.635262 0.405745
1 0.464334 0.342908 0.464334 0.35368 0.468371 0.35368 0.469717 0.355476 0.472409 0.351885 0.473755 0.351885 0.473755 0.35009 0.472409 0.348294 0.472409 0.346499 0.471063 0.344704 0.471063 0.342908
1 0.324361 0.342908 0.321669 0.346499 0.320323 0.346499 0.318977 0.348294 0.317631 0.346499 0.316285 0.346499 0.314939 0.344704 0.313594 0.346499 0.313594 0.348294 0.310902 0.351885 0.310902 0.35368 0.309556 0.355476 0.300135 0.355476 0.300135 0.360862 0.30148 0.362657 0.30148 0.364452 0.302826 0.366248 0.302826 0.368043 0.313594 0.368043 0.314939 0.369838 0.316285 0.368043 0.324361 0.368043 0.324361 0.366248 0.325707 0.364452 0.325707 0.362657 0.327052 0.360862 0.327052 0.359066 0.325707 0.360862 0.321669 0.360862 0.320323 0.359066 0.320323 0.357271 0.324361 0.351885 0.324361 0.35009 0.327052 0.346499
1 0.080754 0.333932 0.079408 0.335727 0.074024 0.335727 0.072678 0.337522 0.067295 0.337522 0.071332 0.342908 0.072678 0.341113 0.078062 0.341113 0.079408 0.339318 0.086137 0.339318 0.086137 0.333932
1 0.041723 0.330341 0.041723 0.333932 0.039031 0.337522 0.02961 0.337522 0.028264 0.335727 0.026918 0.337522 0.025572 0.337522 0.02288 0.341113 0.021534 0.341113 0.020188 0.342908 0.018843 0.342908 0.017497 0.344704 0.016151 0.344704 0.013459 0.348294 0.012113 0.348294 0.012113 0.35009 0.010767 0.351885 0.010767 0.35368 0.009421 0.355476 0.009421 0.357271 0.021534 0.357271 0.02288 0.359066 0.02288 0.355476 0.024226 0.35368 0.024226 0.351885 0.025572 0.35009 0.030956 0.35009 0.034993 0.344704 0.04576 0.344704 0.047106 0.346499 0.048452 0.344704 0.051144 0.344704 0.05249 0.342908 0.055182 0.342908 0.055182 0.341113 0.053836 0.339318 0.053836 0.335727 0.05249 0.333932 0.05249 0.332136 0.043069 0.332136
1 0.110363 0.314183 0.109017 0.315978 0.106326 0.315978 0.106326 0.317774 0.107672 0.319569 0.107672 0.321364 0.109017 0.32316 0.109017 0.324955 0.113055 0.324955 0.114401 0.32675 0.114401 0.324955 0.113055 0.32316 0.113055 0.321364 0.111709 0.319569 0.111709 0.317774 0.110363 0.315978
1 0.975774 0.290844 0.975774 0.292639 0.974428 0.294434 0.974428 0.29623 0.973082 0.298025 0.951548 0.298025 0.951548 0.29982 0.965007 0.29982 0.966353 0.301616 0.978466 0.301616 0.978466 0.298025 0.979812 0.29623 0.981157 0.298025 0.998654 0.298025 0.998654 0.292639 0.987887 0.292639 0.986541 0.290844
1 0.670256 0.289048 0.66891 0.290844 0.66891 0.292639 0.667564 0.294434 0.66891 0.294434 0.671602 0.298025 0.674293 0.294434 0.675639 0.294434 0.674293 0.292639 0.672948 0.292639
1 0.729475 0.285458 0.728129 0.287253 0.711978 0.287253 0.711978 0.292639 0.710633 0.294434 0.710633 0.298025 0.711978 0.29623 0.736205 0.29623 0.73755 0.298025 0.746972 0.298025 0.746972 0.29623 0.748318 0.294434 0.745626 0.294434 0.74428 0.292639 0.741588 0.292639 0.740242 0.290844 0.734859 0.290844 0.733513 0.289048 0.732167 0.289048
1 0.049798 0.285458 0.047106 0.289048 0.04576 0.289048 0.043069 0.292639 0.041723 0.292639 0.041723 0.29623 0.040377 0.298025 0.040377 0.29982 0.039031 0.301616 0.037685 0.301616 0.034993 0.305206 0.033647 0.305206 0.032301 0.307002 0.030956 0.307002 0.028264 0.310592 0.026918 0.310592 0.024226 0.314183 0.024226 0.315978 0.021534 0.319569 0.026918 0.319569 0.02961 0.315978 0.030956 0.315978 0.033647 0.312388 0.040377 0.312388 0.041723 0.314183 0.04576 0.314183 0.047106 0.315978 0.05249 0.315978 0.053836 0.317774 0.055182 0.315978 0.067295 0.315978 0.065949 0.314183 0.065949 0.312388 0.064603 0.310592 0.063257 0.310592 0.060565 0.307002 0.059219 0.307002 0.05249 0.298025 0.053836 0.29623 0.063257 0.29623 0.064603 0.298025 0.064603 0.290844 0.05249 0.290844 0.049798 0.287253
1 0.376851 0.263914 0.375505 0.265709 0.372813 0.265709 0.371467 0.267504 0.367429 0.267504 0.367429 0.271095 0.368775 0.27289 0.368775 0.276481 0.372813 0.276481 0.374159 0.278276 0.376851 0.278276 0.378197 0.280072 0.379542 0.278276 0.380888 0.278276 0.382234 0.276481 0.384926 0.276481 0.386272 0.274686 0.387618 0.274686 0.387618 0.27289 0.386272 0.271095 0.386272 0.267504 0.382234 0.267504 0.380888 0.265709 0.378197 0.265709
1 0.191117 0.263914 0.189771 0.265709 0.188425 0.265709 0.187079 0.267504 0.185734 0.267504 0.184388 0.2693 0.183042 0.2693 0.181696 0.271095 0.179004 0.271095 0.177658 0.27289 0.166891 0.27289 0.165545 0.274686 0.152086 0.274686 0.15074 0.27289 0.149394 0.274686 0.129206 0.274686 0.12786 0.27289 0.126514 0.274686 0.123822 0.274686 0.122476 0.276481 0.118439 0.276481 0.117093 0.278276 0.117093 0.280072 0.114401 0.283662 0.106326 0.283662 0.10498 0.285458 0.10498 0.287253 0.103634 0.289048 0.103634 0.290844 0.102288 0.292639 0.107672 0.292639 0.109017 0.294434 0.113055 0.294434 0.114401 0.292639 0.117093 0.292639 0.118439 0.290844 0.119785 0.290844 0.121131 0.289048 0.123822 0.289048 0.125168 0.287253 0.131898 0.287253 0.133244 0.285458 0.139973 0.285458 0.141319 0.287253 0.139973 0.289048 0.139973 0.290844 0.138627 0.292639 0.138627 0.294434 0.139973 0.29623 0.139973 0.29982 0.142665 0.29623 0.144011 0.29623 0.145357 0.294434 0.145357 0.292639 0.148048 0.289048 0.148048 0.287253 0.15074 0.283662 0.152086 0.283662 0.153432 0.281867 0.154778 0.281867 0.156124 0.280072 0.162853 0.280072 0.164199 0.278276 0.181696 0.278276 0.183042 0.280072 0.184388 0.278276 0.199192 0.278276 0.201884 0.274686 0.20323 0.274686 0.204576 0.27289 0.20323 0.27289 0.200538 0.2693 0.199192 0.2693 0.197847 0.267504 0.195155 0.267504 0.193809 0.265709 0.192463 0.265709
1 0.771198 0.229803 0.769852 0.231598 0.764468 0.231598 0.763122 0.233393 0.759085 0.233393 0.757739 0.235189 0.600269 0.235189 0.598923 0.236984 0.594886 0.236984 0.59354 0.238779 0.588156 0.238779 0.58681 0.240575 0.582773 0.240575 0.581427 0.24237 0.569314 0.24237 0.567968 0.244165 0.557201 0.244165 0.555855 0.245961 0.543742 0.245961 0.56393 0.245961 0.565276 0.247756 0.585464 0.247756 0.58681 0.249551 0.608345 0.249551 0.60969 0.251346 0.629879 0.251346 0.631225 0.253142 0.652759 0.253142 0.654105 0.254937 0.674293 0.254937 0.675639 0.256732 0.671602 0.262118 0.652759 0.262118 0.651413 0.260323 0.499327 0.260323 0.497981 0.262118 0.495289 0.258528 0.495289 0.256732 0.492598 0.256732 0.491252 0.258528 0.489906 0.258528 0.48856 0.260323 0.450875 0.260323 0.449529 0.262118 0.445491 0.262118 0.444145 0.263914 0.441454 0.263914 0.441454 0.271095 0.442799 0.271095 0.444145 0.2693 0.445491 0.2693 0.446837 0.267504 0.449529 0.267504 0.450875 0.265709 0.491252 0.265709 0.492598 0.263914 0.546433 0.263914 0.547779 0.262118 0.600269 0.262118 0.601615 0.260323 0.602961 0.262118 0.664872 0.262118 0.666218 0.263914 0.69179 0.263914 0.693136 0.262118 0.705249 0.262118 0.706595 0.260323 0.707941 0.260323 0.709287 0.258528 0.710633 0.258528 0.711978 0.256732 0.713324 0.256732 0.716016 0.253142 0.717362 0.253142 0.718708 0.251346 0.720054 0.251346 0.7214 0.249551 0.749664 0.249551 0.751009 0.251346 0.749664 0.253142 0.748318 0.253142 0.746972 0.254937 0.74428 0.254937 0.779273 0.254937 0.780619 0.256732 0.815612 0.256732 0.816958 0.258528 0.851952 0.258528 0.853297 0.260323 0.888291 0.260323 0.889637 0.262118 0.907133 0.262118 0.908479 0.263914 0.92463 0.263914 0.925976 0.265709 0.943472 0.265709 0.944818 0.267504 0.962315 0.267504 0.963661 0.2693 0.979812 0.2693 0.981157 0.271095 0.998654 0.271095 0.998654 0.238779 0.986541 0.238779 0.985195 0.236984 0.971736 0.236984 0.97039 0.235189 0.969044 0.236984 0.87214 0.236984 0.870794 0.235189 0.820996 0.235189 0.81965 0.233393 0.786003 0.233393 0.784657 0.231598 0.780619 0.231598 0.779273 0.229803
