0 0.804688 0.479167 0.803125 0.48125 0.8 0.48125 0.798438 0.483333 0.79375 0.483333 0.79375 0.4875 0.795312 0.485417 0.798438 0.485417 0.8 0.4875 0.8 0.489583 0.801562 0.4875 0.8125 0.4875 0.815625 0.483333 0.810938 0.483333 0.809375 0.48125 0.80625 0.48125
0 0.903125 0.475 0.901562 0.477083 0.896875 0.477083 0.895312 0.479167 0.896875 0.48125 0.896875 0.483333 0.898438 0.48125 0.917188 0.48125 0.917188 0.479167 0.91875 0.477083 0.904688 0.477083
0 0.64375 0.402083 0.640625 0.40625 0.639062 0.40625 0.634375 0.4125 0.63125 0.4125 0.629688 0.414583 0.651562 0.414583 0.65625 0.408333 0.654688 0.40625 0.654688 0.404167 0.653125 0.402083
0 0.890625 0.1875 0.890625 0.191667 0.889062 0.19375 0.882812 0.19375 0.882812 0.197917 0.895312 0.197917 0.895312 0.19375 0.89375 0.191667 0.89375 0.1875
0 0.8625 0.1875 0.8625 0.195833 0.86875 0.195833 0.86875 0.1875
0 0.734375 0.152083 0.734375 0.158333 0.732812 0.160417 0.732812 0.166667 0.734375 0.164583 0.740625 0.164583 0.740625 0.160417 0.742188 0.158333 0.742188 0.154167 0.735938 0.154167
0 0.748438 0.1375 0.751562 0.141667 0.751562 0.14375 0.754688 0.147917 0.771875 0.147917 0.771875 0.145833 0.770312 0.14375 0.770312 0.139583 0.75 0.139583
1 0.023438 0.975 0.023438 0.977083 0.021875 0.979167 0.023438 0.979167 0.025 0.98125 0.026562 0.98125 0.029688 0.985417 0.03125 0.985417 0.032812 0.9875 0.034375 0.9875 0.035938 0.989583 0.035938 0.9875 0.0375 0.985417 0.035938 0.985417 0.034375 0.983333 0.032812 0.983333 0.029688 0.979167 0.028125 0.979167 0.026562 0.977083 0.025 0.977083
1 0.346875 0.83125 0.346875 0.84375 0.345312 0.845833 0.345312 0.85625 0.346875 0.85625 0.35 0.860417 0.353125 0.85625 0.35 0.85625 0.348438 0.854167 0.348438 0.84375 0.35 0.841667 0.35 0.833333 0.348438 0.833333
1 0.057812 0.558333 0.057812 0.5625 0.065625 0.5625 0.067188 0.564583 0.075 0.564583 0.076562 0.566667 0.076562 0.564583 0.078125 0.5625 0.06875 0.5625 0.067188 0.560417 0.059375 0.560417
1 0.982812 0.420833 0.98125 0.422917 0.979688 0.422917 0.979688 0.425 0.98125 0.427083 0.98125 0.43125 0.982812 0.433333 0.982812 0.435417 0.989062 0.44375 0.99375 0.44375 0.995312 0.445833 0.998438 0.445833 0.998438 0.439583 0.99375 0.439583 0.990625 0.435417 0.990625 0.433333 0.989062 0.43125 0.989062 0.429167 0.9875 0.427083 0.9875 0.425 0.985938 0.422917 0.985938 0.420833
1 0.703125 0.370833 0.701562 0.372917 0.701562 0.375 0.696875 0.38125 0.696875 0.383333 0.695312 0.385417 0.695312 0.389583 0.696875 0.391667 0.696875 0.4 0.698438 0.402083 0.698438 0.410417 0.7 0.4125 0.7 0.416667 0.698438 0.41875 0.695312 0.41875 0.6875 0.408333 0.664062 0.408333 0.664062 0.4125 0.6625 0.414583 0.6625 0.41875 0.68125 0.41875 0.682812 0.420833 0.715625 0.420833 0.717188 0.422917 0.751562 0.422917 0.753125 0.425 0.784375 0.425 0.778125 0.425 0.773438 0.41875 0.773438 0.416667 0.771875 0.414583 0.770312 0.414583 0.770312 0.416667 0.771875 0.41875 0.771875 0.420833 0.770312 0.422917 0.767188 0.422917 0.765625 0.425 0.764062 0.422917 0.7625 0.422917 0.760938 0.420833 0.757812 0.420833 0.75625 0.41875 0.75625 0.416667 0.757812 0.414583 0.757812 0.4125 0.759375 0.410417 0.759375 0.40625 0.760938 0.404167 0.760938 0.402083 0.7625 0.4 0.7625 0.395833 0.764062 0.39375 0.764062 0.391667 0.765625 0.389583 0.765625 0.3875 0.767188 0.385417 0.773438 0.385417 0.771875 0.383333 0.767188 0.383333 0.765625 0.385417 0.765625 0.3875 0.764062 0.389583 0.764062 0.391667 0.7625 0.39375 0.7625 0.395833 0.760938 0.397917 0.760938 0.4 0.759375 0.402083 0.759375 0.404167 0.757812 0.40625 0.757812 0.408333 0.75625 0.410417 0.75625 0.4125 0.753125 0.416667 0.751562 0.414583 0.729688 0.414583 0.728125 0.416667 0.723438 0.416667 0.721875 0.41875 0.707812 0.41875 0.70625 0.416667 0.707812 0.414583 0.709375 0.414583 0.710938 0.4125 0.7125 0.4125 0.714062 0.410417 0.715625 0.410417 0.717188 0.408333 0.71875 0.408333 0.720312 0.40625 0.721875 0.40625 0.721875 0.404167 0.717188 0.404167 0.715625 0.40625 0.714062 0.40625 0.7125 0.408333 0.709375 0.408333 0.707812 0.410417 0.70625 0.410417 0.704688 0.4125 0.703125 0.4125 0.701562 0.414583 0.7 0.4125 0.7 0.40625 0.698438 0.404167 0.698438 0.391667 0.696875 0.389583 0.696875 0.383333 0.698438 0.38125 0.698438 0.379167 0.703125 0.372917
1 0.659375 0.35625 0.657812 0.358333 0.653125 0.358333 0.651562 0.360417 0.651562 0.3625 0.648438 0.366667 0.648438 0.36875 0.64375 0.375 0.64375 0.377083 0.640625 0.38125 0.640625 0.383333 0.639062 0.385417 0.639062 0.3875 0.6375 0.389583 0.6375 0.391667 0.635938 0.39375 0.635938 0.395833 0.634375 0.397917 0.634375 0.4 0.632812 0.402083 0.632812 0.404167 0.63125 0.40625 0.63125 0.408333 0.629688 0.410417 0.629688 0.4125 0.628125 0.414583 0.63125 0.410417 0.632812 0.410417 0.632812 0.408333 0.634375 0.40625 0.634375 0.404167 0.635938 0.402083 0.635938 0.397917 0.6375 0.395833 0.6375 0.39375 0.639062 0.391667 0.639062 0.389583 0.64375 0.383333 0.645312 0.383333 0.65 0.377083 0.65 0.375 0.648438 0.377083 0.646875 0.377083 0.645312 0.375 0.648438 0.370833 0.648438 0.36875 0.653125 0.3625 0.65625 0.3625 0.657812 0.360417 0.659375 0.360417 0.660938 0.358333 0.660938 0.35625
