1 0.063257 0.982047 0.063257 0.989228 0.061911 0.991023 0.061911 0.998205 0.068641 0.998205 0.068641 0.982047
1 0.191117 0.97307 0.187079 0.978456 0.185734 0.978456 0.184388 0.980251 0.184388 0.982047 0.185734 0.983842 0.185734 0.987433 0.187079 0.985637 0.193809 0.985637 0.196501 0.982047 0.197847 0.982047 0.199192 0.980251 0.197847 0.978456 0.197847 0.976661 0.196501 0.974865 0.192463 0.974865
1 0.23284 0.964093 0.231494 0.965889 0.231494 0.967684 0.228802 0.971275 0.235532 0.980251 0.244953 0.980251 0.246299 0.978456 0.246299 0.976661 0.247645 0.974865 0.239569 0.964093
1 0.030956 0.955117 0.02961 0.956912 0.028264 0.956912 0.026918 0.958707 0.025572 0.958707 0.024226 0.960503 0.021534 0.960503 0.020188 0.962298 0.018843 0.962298 0.017497 0.964093 0.016151 0.964093 0.016151 0.965889 0.014805 0.967684 0.014805 0.969479 0.013459 0.971275 0.013459 0.97307 0.008075 0.980251 0.010767 0.983842 0.010767 0.985637 0.013459 0.989228 0.014805 0.987433 0.025572 0.987433 0.026918 0.985637 0.026918 0.983842 0.028264 0.982047 0.028264 0.978456 0.026918 0.976661 0.026918 0.97307 0.028264 0.971275 0.02961 0.971275 0.030956 0.969479 0.032301 0.969479 0.032301 0.964093 0.030956 0.962298
1 0.983849 0.938959 0.983849 0.942549 0.982503 0.944345 0.982503 0.947935 0.986541 0.947935 0.987887 0.949731 0.998654 0.949731 0.998654 0.938959
1 0.827725 0.937163 0.827725 0.938959 0.82638 0.940754 0.82638 0.942549 0.825034 0.944345 0.825034 0.94614 0.82638 0.947935 0.82638 0.949731 0.827725 0.951526 0.827725 0.953321 0.833109 0.953321 0.834455 0.955117 0.835801 0.953321 0.835801 0.951526 0.837147 0.949731 0.837147 0.947935 0.835801 0.94614 0.835801 0.940754 0.834455 0.938959 0.834455 0.937163
1 0.472409 0.915619 0.471063 0.917415 0.471063 0.91921 0.468371 0.922801 0.469717 0.922801 0.471063 0.924596 0.472409 0.924596 0.473755 0.926391 0.475101 0.924596 0.477793 0.924596 0.479139 0.922801 0.48183 0.922801 0.480485 0.921005 0.480485 0.91921 0.479139 0.917415 0.479139 0.915619
1 0.162853 0.910233 0.158816 0.915619 0.160162 0.917415 0.160162 0.91921 0.161507 0.921005 0.169583 0.921005 0.170929 0.91921 0.170929 0.917415 0.172275 0.915619 0.172275 0.913824 0.17362 0.912029 0.164199 0.912029
1 0.61642 0.856373 0.61642 0.858169 0.617766 0.859964 0.617766 0.86535 0.619112 0.867145 0.619112 0.868941 0.628533 0.868941 0.631225 0.86535 0.629879 0.863555 0.628533 0.863555 0.624495 0.858169 0.617766 0.858169
1 0.588156 0.847397 0.58681 0.849192 0.585464 0.849192 0.584118 0.850987 0.581427 0.850987 0.582773 0.852783 0.582773 0.854578 0.590848 0.854578 0.592194 0.856373 0.592194 0.850987 0.590848 0.850987
1 0.248991 0.836625 0.244953 0.842011 0.243607 0.842011 0.240915 0.845601 0.242261 0.845601 0.244953 0.849192 0.246299 0.849192 0.247645 0.850987 0.248991 0.849192 0.254374 0.849192 0.254374 0.847397 0.25572 0.845601 0.25572 0.842011 0.257066 0.840215 0.257066 0.83842 0.250336 0.83842
1 0.07537 0.831239 0.074024 0.833034 0.068641 0.833034 0.067295 0.834829 0.063257 0.834829 0.061911 0.836625 0.049798 0.836625 0.048452 0.834829 0.043069 0.834829 0.041723 0.833034 0.041723 0.834829 0.040377 0.836625 0.041723 0.836625 0.044415 0.840215 0.04576 0.840215 0.047106 0.842011 0.048452 0.842011 0.051144 0.845601 0.05249 0.845601 0.053836 0.847397 0.055182 0.847397 0.057873 0.850987 0.059219 0.850987 0.060565 0.852783 0.061911 0.850987 0.069987 0.850987 0.067295 0.847397 0.067295 0.845601 0.064603 0.842011 0.065949 0.840215 0.068641 0.840215 0.069987 0.83842 0.072678 0.83842 0.074024 0.836625 0.076716 0.836625 0.076716 0.834829 0.07537 0.833034
1 0.830417 0.816876 0.82638 0.822262 0.825034 0.822262 0.822342 0.825853 0.829071 0.834829 0.829071 0.836625 0.831763 0.840215 0.835801 0.840215 0.84253 0.831239 0.84253 0.829443 0.841184 0.827648 0.841184 0.822262 0.839838 0.820467 0.839838 0.816876
1 0.485868 0.813285 0.487214 0.815081 0.487214 0.816876 0.48856 0.818671 0.48856 0.820467 0.489906 0.822262 0.48856 0.824057 0.48856 0.825853 0.485868 0.829443 0.485868 0.831239 0.487214 0.833034 0.487214 0.836625 0.493943 0.836625 0.493943 0.834829 0.495289 0.833034 0.495289 0.831239 0.496635 0.829443 0.496635 0.827648 0.495289 0.825853 0.495289 0.822262 0.493943 0.820467 0.493943 0.816876 0.492598 0.815081 0.492598 0.813285
1 0.491252 0.771993 0.492598 0.773788 0.492598 0.775583 0.493943 0.777379 0.493943 0.779174 0.51144 0.779174 0.512786 0.780969 0.514132 0.780969 0.516824 0.78456 0.51817 0.78456 0.520861 0.788151 0.523553 0.78456 0.524899 0.78456 0.526245 0.782765 0.524899 0.782765 0.523553 0.780969 0.522207 0.780969 0.519515 0.777379 0.51817 0.777379 0.516824 0.775583 0.510094 0.775583 0.508748 0.773788 0.502019 0.773788 0.500673 0.771993
1 0.956931 0.766607 0.95424 0.770197 0.952894 0.770197 0.95424 0.771993 0.95424 0.773788 0.955585 0.775583 0.955585 0.777379 0.956931 0.775583 0.966353 0.775583 0.966353 0.773788 0.965007 0.771993 0.965007 0.768402 0.958277 0.768402
1 0.927322 0.748654 0.927322 0.750449 0.925976 0.752244 0.925976 0.754039 0.927322 0.755835 0.928668 0.755835 0.931359 0.759425 0.932705 0.75763 0.938089 0.75763 0.938089 0.754039 0.936743 0.752244 0.936743 0.748654
1 0.15747 0.737882 0.15747 0.746858 0.165545 0.746858 0.165545 0.741472 0.164199 0.741472 0.161507 0.737882
1 0.724092 0.728905 0.724092 0.732496 0.722746 0.734291 0.722746 0.736086 0.71467 0.746858 0.71467 0.748654 0.713324 0.750449 0.713324 0.752244 0.711978 0.754039 0.711978 0.755835 0.716016 0.761221 0.717362 0.759425 0.718708 0.759425 0.720054 0.75763 0.7214 0.75763 0.718708 0.754039 0.718708 0.752244 0.717362 0.750449 0.722746 0.743268 0.724092 0.743268 0.726783 0.739677 0.726783 0.728905
1 0.829071 0.696589 0.827725 0.698384 0.827725 0.70018 0.82638 0.701975 0.827725 0.70377 0.827725 0.705566 0.829071 0.707361 0.837147 0.707361 0.837147 0.705566 0.835801 0.70377 0.835801 0.70018 0.833109 0.70018 0.831763 0.698384 0.830417 0.698384
1 0.729475 0.658887 0.728129 0.660682 0.726783 0.660682 0.725437 0.662478 0.724092 0.662478 0.722746 0.664273 0.7214 0.664273 0.718708 0.667864 0.717362 0.667864 0.716016 0.669659 0.71467 0.669659 0.713324 0.671454 0.711978 0.671454 0.710633 0.67325 0.709287 0.67325 0.707941 0.675045 0.702557 0.675045 0.701211 0.67684 0.694482 0.67684 0.694482 0.680431 0.701211 0.680431 0.702557 0.682226 0.703903 0.680431 0.706595 0.680431 0.707941 0.678636 0.711978 0.678636 0.713324 0.67684 0.716016 0.67684 0.717362 0.675045 0.729475 0.675045 0.734859 0.667864 0.732167 0.664273 0.732167 0.662478
1 0.845222 0.651706 0.843876 0.653501 0.825034 0.653501 0.823688 0.655296 0.823688 0.657092 0.81965 0.662478 0.81965 0.664273 0.818304 0.666068 0.81965 0.664273 0.823688 0.664273 0.825034 0.662478 0.829071 0.662478 0.831763 0.666068 0.831763 0.667864 0.834455 0.671454 0.838493 0.671454 0.839838 0.67325 0.843876 0.67325 0.845222 0.675045 0.846568 0.67325 0.84926 0.67325 0.850606 0.671454 0.854643 0.671454 0.855989 0.669659 0.858681 0.669659 0.860027 0.667864 0.864065 0.667864 0.86541 0.666068 0.868102 0.666068 0.870794 0.662478 0.87214 0.662478 0.876178 0.657092 0.877524 0.657092 0.878869 0.655296 0.862719 0.655296 0.861373 0.653501 0.846568 0.653501
1 0.81965 0.552962 0.818304 0.554758 0.814266 0.554758 0.812921 0.556553 0.808883 0.556553 0.807537 0.558348 0.803499 0.558348 0.802153 0.560144 0.79677 0.560144 0.795424 0.561939 0.791386 0.561939 0.79004 0.563734 0.786003 0.563734 0.784657 0.56553 0.777927 0.56553 0.776581 0.567325 0.769852 0.567325 0.768506 0.56912 0.761777 0.56912 0.763122 0.570916 0.764468 0.570916 0.76716 0.574506 0.768506 0.572711 0.775236 0.572711 0.776581 0.570916 0.781965 0.570916 0.783311 0.56912 0.79004 0.56912 0.791386 0.567325 0.798116 0.567325 0.799462 0.56553 0.804845 0.56553 0.806191 0.563734 0.812921 0.563734 0.815612 0.567325 0.816958 0.567325 0.822342 0.574506 0.822342 0.587074 0.820996 0.588869 0.818304 0.588869 0.816958 0.590664 0.815612 0.590664 0.814266 0.59246 0.811575 0.59246 0.810229 0.594255 0.806191 0.594255 0.804845 0.59246 0.803499 0.59246 0.802153 0.590664 0.800808 0.590664 0.799462 0.588869 0.798116 0.588869 0.79677 0.587074 0.792732 0.59246 0.792732 0.594255 0.788694 0.599641 0.791386 0.599641 0.792732 0.601436 0.795424 0.601436 0.79677 0.603232 0.799462 0.603232 0.800808 0.605027 0.802153 0.603232 0.803499 0.603232 0.806191 0.599641 0.807537 0.599641 0.810229 0.59605 0.811575 0.59605 0.812921 0.594255 0.814266 0.594255 0.815612 0.59246 0.816958 0.59246 0.818304 0.590664 0.820996 0.590664 0.822342 0.588869 0.823688 0.588869 0.825034 0.587074 0.82638 0.587074 0.82638 0.585278 0.827725 0.583483 0.827725 0.578097 0.829071 0.576302 0.829071 0.572711 0.830417 0.570916 0.833109 0.570916 0.835801 0.574506 0.837147 0.574506 0.839838 0.578097 0.841184 0.578097 0.843876 0.581688 0.845222 0.581688 0.846568 0.583483 0.847914 0.583483 0.84926 0.585278 0.850606 0.585278 0.851952 0.587074 0.853297 0.587074 0.855989 0.590664 0.857335 0.590664 0.858681 0.59246 0.860027 0.59246 0.861373 0.594255 0.862719 0.594255 0.864065 0.59605 0.86541 0.594255 0.874832 0.594255 0.876178 0.59246 0.885599 0.59246 0.886945 0.594255 0.886945 0.59605 0.888291 0.597846 0.888291 0.599641 0.886945 0.601436 0.873486 0.601436 0.87214 0.599641 0.866756 0.606822 0.876178 0.606822 0.877524 0.608618 0.896366 0.608618 0.896366 0.606822 0.89502 0.605027 0.89502 0.601436 0.893674 0.599641 0.893674 0.597846 0.89502 0.59605 0.900404 0.59605 0.90175 0.594255 0.905787 0.594255 0.907133 0.59605 0.905787 0.597846 0.905787 0.599641 0.904441 0.601436 0.904441 0.603232 0.903096 0.605027 0.903096 0.608618 0.90175 0.610413 0.90175 0.612208 0.900404 0.614004 0.900404 0.615799 0.896366 0.621185 0.896366 0.62298 0.897712 0.624776 0.897712 0.628366 0.896366 0.630162 0.885599 0.630162 0.884253 0.628366 0.884253 0.626571 0.881561 0.62298 0.881561 0.621185 0.880215 0.61939 0.880215 0.617594 0.878869 0.615799 0.876178 0.61939 0.876178 0.621185 0.877524 0.62298 0.877524 0.624776 0.878869 0.626571 0.878869 0.628366 0.880215 0.630162 0.880215 0.631957 0.881561 0.633752 0.881561 0.635548 0.882907 0.637343 0.882907 0.639138 0.884253 0.640934 0.884253 0.642729 0.886945 0.642729 0.886945 0.637343 0.888291 0.635548 0.89502 0.635548 0.896366 0.637343 0.89502 0.639138 0.89502 0.644524 0.893674 0.64632 0.893674 0.648115 0.892328 0.64991 0.884253 0.64991 0.884253 0.657092 0.896366 0.657092 0.897712 0.658887 0.897712 0.660682 0.899058 0.662478 0.899058 0.669659 0.900404 0.671454 0.900404 0.675045 0.899058 0.67684 0.899058 0.678636 0.897712 0.680431 0.897712 0.682226 0.89502 0.685817 0.89502 0.687612 0.892328 0.691203 0.892328 0.692998 0.890983 0.694794 0.890983 0.696589 0.889637 0.698384 0.890983 0.698384 0.892328 0.70018 0.893674 0.70018 0.89502 0.701975 0.896366 0.70018 0.896366 0.698384 0.897712 0.696589 0.897712 0.694794 0.900404 0.691203 0.900404 0.689408 0.90175 0.687612 0.90175 0.685817 0.903096 0.684022 0.903096 0.67684 0.904441 0.675045 0.904441 0.662478 0.905787 0.660682 0.905787 0.653501 0.908479 0.64991 0.909825 0.64991 0.911171 0.648115 0.912517 0.64991 0.912517 0.651706 0.916555 0.657092 0.916555 0.658887 0.9179 0.660682 0.919246 0.658887 0.920592 0.658887 0.923284 0.655296 0.92463 0.655296 0.927322 0.651706 0.928668 0.651706 0.928668 0.64632 0.927322 0.644524 0.927322 0.637343 0.928668 0.635548 0.936743 0.635548 0.938089 0.633752 0.946164 0.633752 0.958277 0.64991 0.967699 0.64991 0.97039 0.653501 0.97039 0.658887 0.971736 0.660682 0.971736 0.662478 0.978466 0.662478 0.979812 0.664273 0.982503 0.660682 0.983849 0.660682 0.986541 0.657092 0.987887 0.657092 0.987887 0.655296 0.986541 0.653501 0.986541 0.651706 0.985195 0.64991 0.985195 0.648115 0.983849 0.64632 0.983849 0.644524 0.982503 0.642729 0.982503 0.640934 0.983849 0.639138 0.989233 0.639138 0.989233 0.633752 0.987887 0.631957 0.987887 0.626571 0.986541 0.624776 0.986541 0.62298 0.983849 0.61939 0.983849 0.617594 0.982503 0.615799 0.982503 0.624776 0.981157 0.626571 0.981157 0.633752 0.979812 0.635548 0.978466 0.633752 0.97712 0.633752 0.975774 0.631957 0.974428 0.631957 0.973082 0.630162 0.973082 0.631957 0.971736 0.633752 0.971736 0.635548 0.97039 0.637343 0.97039 0.639138 0.967699 0.642729 0.958277 0.642729 0.956931 0.640934 0.956931 0.639138 0.955585 0.637343 0.955585 0.635548 0.95424 0.633752 0.95424 0.631957 0.952894 0.630162 0.952894 0.628366 0.951548 0.626571 0.951548 0.624776 0.950202 0.62298 0.950202 0.621185 0.94751 0.617594 0.94751 0.615799 0.946164 0.614004 0.946164 0.612208 0.944818 0.610413 0.942127 0.614004 0.942127 0.615799 0.936743 0.62298 0.930013 0.62298 0.928668 0.624776 0.920592 0.624776 0.913863 0.615799 0.915209 0.614004 0.92463 0.614004 0.925976 0.612208 0.925976 0.610413 0.928668 0.606822 0.927322 0.605027 0.925976 0.605027 0.923284 0.601436 0.921938 0.601436 0.919246 0.597846 0.919246 0.581688 0.915209 0.581688 0.913863 0.579892 0.909825 0.579892 0.908479 0.578097 0.904441 0.578097 0.903096 0.576302 0.893674 0.576302 0.888291 0.583483 0.886945 0.583483 0.882907 0.588869 0.876178 0.588869 0.874832 0.590664 0.868102 0.590664 0.860027 0.579892 0.861373 0.578097 0.869448 0.578097 0.870794 0.579892 0.881561 0.579892 0.882907 0.581688 0.882907 0.579892 0.884253 0.578097 0.884253 0.576302 0.885599 0.574506 0.885599 0.572711 0.864065 0.572711 0.862719 0.570916 0.861373 0.570916 0.860027 0.56912 0.858681 0.56912 0.857335 0.567325 0.854643 0.567325 0.853297 0.56553 0.851952 0.56553 0.850606 0.563734 0.84926 0.563734 0.847914 0.561939 0.846568 0.561939 0.845222 0.560144 0.84253 0.560144 0.841184 0.558348 0.839838 0.558348 0.838493 0.556553 0.837147 0.556553 0.835801 0.554758 0.820996 0.554758
1 0.997308 0.540395 0.995962 0.54219 0.994616 0.54219 0.993271 0.543986 0.987887 0.543986 0.986541 0.545781 0.982503 0.545781 0.981157 0.547576 0.979812 0.547576 0.97712 0.551167 0.975774 0.551167 0.975774 0.552962 0.998654 0.552962 0.998654 0.540395
1 0.676985 0.470377 0.676985 0.472172 0.678331 0.473968 0.678331 0.475763 0.679677 0.477558 0.679677 0.481149 0.681023 0.482944 0.681023 0.48833 0.679677 0.490126 0.679677 0.499102 0.678331 0.500898 0.678331 0.504488 0.679677 0.502693 0.687752 0.502693 0.687752 0.493716 0.689098 0.491921 0.689098 0.48474 0.690444 0.482944 0.69179 0.48474 0.694482 0.48474 0.695828 0.486535 0.697174 0.486535 0.69852 0.48833 0.69852 0.491921 0.697174 0.493716 0.697174 0.500898 0.695828 0.502693 0.695828 0.506284 0.697174 0.504488 0.69852 0.504488 0.701211 0.500898 0.702557 0.500898 0.703903 0.499102 0.709287 0.499102 0.710633 0.500898 0.71467 0.500898 0.716016 0.502693 0.711978 0.508079 0.710633 0.508079 0.707941 0.51167 0.706595 0.51167 0.705249 0.513465 0.703903 0.513465 0.702557 0.51526 0.701211 0.51526 0.699865 0.517056 0.69852 0.517056 0.697174 0.518851 0.695828 0.518851 0.694482 0.520646 0.666218 0.520646 0.664872 0.518851 0.658143 0.518851 0.656797 0.517056 0.652759 0.517056 0.651413 0.51526 0.647376 0.51526 0.644684 0.51167 0.643338 0.51167 0.637954 0.504488 0.636608 0.504488 0.631225 0.497307 0.629879 0.497307 0.625841 0.491921 0.623149 0.491921 0.621803 0.490126 0.620458 0.490126 0.619112 0.48833 0.61642 0.48833 0.615074 0.486535 0.613728 0.486535 0.612382 0.48474 0.608345 0.490126 0.613728 0.490126 0.615074 0.491921 0.619112 0.491921 0.627187 0.502693 0.627187 0.504488 0.631225 0.509874 0.629879 0.51167 0.604307 0.51167 0.602961 0.509874 0.601615 0.51167 0.580081 0.51167 0.578735 0.513465 0.570659 0.513465 0.569314 0.51526 0.561238 0.51526 0.559892 0.513465 0.559892 0.51167 0.558546 0.509874 0.558546 0.508079 0.557201 0.506284 0.557201 0.504488 0.555855 0.502693 0.555855 0.500898 0.554509 0.499102 0.554509 0.497307 0.553163 0.495512 0.553163 0.493716 0.551817 0.491921 0.551817 0.490126 0.550471 0.48833 0.549125 0.490126 0.545087 0.490126 0.546433 0.491921 0.546433 0.493716 0.547779 0.495512 0.547779 0.497307 0.549125 0.499102 0.549125 0.500898 0.550471 0.502693 0.550471 0.504488 0.551817 0.506284 0.551817 0.508079 0.553163 0.509874 0.553163 0.51167 0.554509 0.513465 0.554509 0.51526 0.553163 0.517056 0.551817 0.517056 0.550471 0.51526 0.546433 0.51526 0.545087 0.513465 0.54105 0.513465 0.539704 0.51167 0.539704 0.51526 0.538358 0.517056 0.538358 0.518851 0.542396 0.518851 0.543742 0.520646 0.546433 0.520646 0.547779 0.522442 0.549125 0.522442 0.551817 0.526032 0.553163 0.526032 0.555855 0.529623 0.557201 0.529623 0.559892 0.533214 0.56393 0.533214 0.565276 0.535009 0.569314 0.535009 0.570659 0.536804 0.574697 0.536804 0.576043 0.5386 0.580081 0.5386 0.581427 0.540395 0.580081 0.54219 0.577389 0.54219 0.576043 0.543986 0.572005 0.543986 0.572005 0.551167 0.573351 0.549372 0.582773 0.549372 0.584118 0.547576 0.592194 0.547576 0.59354 0.545781 0.602961 0.545781 0.605653 0.54219 0.606999 0.54219 0.602961 0.54219 0.601615 0.540395 0.597577 0.540395 0.596231 0.5386 0.592194 0.5386 0.590848 0.536804 0.58681 0.536804 0.585464 0.535009 0.584118 0.535009 0.581427 0.531418 0.580081 0.531418 0.577389 0.527828 0.576043 0.527828 0.573351 0.524237 0.574697 0.522442 0.617766 0.522442 0.619112 0.524237 0.620458 0.522442 0.623149 0.522442 0.624495 0.520646 0.628533 0.520646 0.631225 0.524237 0.632571 0.524237 0.635262 0.527828 0.632571 0.531418 0.632571 0.533214 0.628533 0.5386 0.628533 0.54219 0.629879 0.543986 0.629879 0.549372 0.631225 0.551167 0.631225 0.554758 0.633917 0.558348 0.633917 0.560144 0.637954 0.56553 0.637954 0.567325 0.641992 0.572711 0.641992 0.574506 0.644684 0.578097 0.64603 0.576302 0.647376 0.576302 0.647376 0.574506 0.64603 0.572711 0.64603 0.570916 0.644684 0.56912 0.644684 0.56553 0.643338 0.563734 0.644684 0.561939 0.648721 0.561939 0.648721 0.558348 0.650067 0.556553 0.650067 0.552962 0.651413 0.551167 0.651413 0.545781 0.652759 0.543986 0.652759 0.536804 0.654105 0.535009 0.654105 0.529623 0.655451 0.527828 0.663526 0.527828 0.664872 0.526032 0.671602 0.526032 0.672948 0.524237 0.681023 0.524237 0.682369 0.522442 0.726783 0.522442 0.728129 0.524237 0.736205 0.524237 0.73755 0.526032 0.74428 0.526032 0.745626 0.527828 0.752355 0.527828 0.753701 0.529623 0.760431 0.529623 0.761777 0.531418 0.815612 0.531418 0.816958 0.533214 0.816958 0.531418 0.818304 0.529623 0.810229 0.529623 0.808883 0.527828 0.799462 0.527828 0.798116 0.526032 0.79004 0.526032 0.788694 0.524237 0.784657 0.524237 0.783311 0.522442 0.777927 0.522442 0.776581 0.520646 0.772544 0.520646 0.771198 0.518851 0.76716 0.518851 0.765814 0.517056 0.764468 0.517056 0.761777 0.513465 0.760431 0.513465 0.757739 0.509874 0.756393 0.509874 0.753701 0.506284 0.752355 0.506284 0.751009 0.504488 0.752355 0.502693 0.771198 0.502693 0.77389 0.499102 0.760431 0.499102 0.759085 0.497307 0.74428 0.497307 0.742934 0.495512 0.729475 0.495512 0.726783 0.491921 0.726783 0.490126 0.725437 0.48833 0.725437 0.486535 0.724092 0.48474 0.718708 0.48474 0.717362 0.482944 0.710633 0.482944 0.709287 0.481149 0.703903 0.481149 0.702557 0.479354 0.699865 0.479354 0.69852 0.477558 0.697174 0.477558 0.695828 0.475763 0.693136 0.475763 0.69179 0.473968 0.690444 0.473968 0.689098 0.472172 0.678331 0.472172
1 0.207268 0.459605 0.205922 0.4614 0.201884 0.4614 0.200538 0.463196 0.195155 0.463196 0.191117 0.468582 0.189771 0.468582 0.187079 0.472172 0.187079 0.473968 0.185734 0.475763 0.185734 0.477558 0.184388 0.479354 0.184388 0.481149 0.183042 0.482944 0.18035 0.482944 0.179004 0.48474 0.177658 0.48474 0.176312 0.482944 0.176312 0.472172 0.174966 0.473968 0.17362 0.473968 0.172275 0.475763 0.170929 0.475763 0.169583 0.477558 0.161507 0.477558 0.162853 0.479354 0.164199 0.479354 0.169583 0.486535 0.169583 0.48833 0.170929 0.490126 0.170929 0.491921 0.172275 0.490126 0.174966 0.490126 0.176312 0.48833 0.179004 0.48833 0.18035 0.486535 0.184388 0.486535 0.185734 0.48474 0.188425 0.48474 0.188425 0.482944 0.189771 0.481149 0.189771 0.479354 0.191117 0.477558 0.191117 0.475763 0.193809 0.472172 0.200538 0.472172 0.201884 0.470377 0.211306 0.470377 0.20996 0.468582 0.20996 0.466786 0.208614 0.464991 0.208614 0.463196 0.207268 0.4614
1 0.740242 0.421903 0.740242 0.429084 0.772544 0.429084 0.772544 0.423698 0.741588 0.423698
1 0.113055 0.400359 0.111709 0.402154 0.094213 0.402154 0.092867 0.40395 0.088829 0.40395 0.087483 0.405745 0.0821 0.405745 0.080754 0.40754 0.076716 0.40754 0.07537 0.409336 0.071332 0.409336 0.069987 0.411131 0.057873 0.411131 0.056528 0.409336 0.051144 0.409336 0.049798 0.40754 0.048452 0.409336 0.048452 0.411131 0.047106 0.412926 0.047106 0.414722 0.04576 0.416517 0.04576 0.418312 0.044415 0.420108 0.044415 0.421903 0.043069 0.423698 0.051144 0.423698 0.05249 0.421903 0.057873 0.421903 0.059219 0.420108 0.065949 0.420108 0.067295 0.418312 0.072678 0.418312 0.074024 0.416517 0.079408 0.416517 0.080754 0.414722 0.084791 0.414722 0.086137 0.412926 0.088829 0.412926 0.090175 0.411131 0.100942 0.411131 0.102288 0.412926 0.103634 0.411131 0.109017 0.411131 0.110363 0.409336 0.114401 0.409336 0.115747 0.40754 0.123822 0.40754 0.125168 0.409336 0.126514 0.409336 0.12786 0.411131 0.131898 0.411131 0.133244 0.412926 0.137281 0.412926 0.138627 0.414722 0.142665 0.414722 0.144011 0.416517 0.144011 0.418312 0.145357 0.420108 0.144011 0.421903 0.125168 0.421903 0.123822 0.420108 0.122476 0.421903 0.121131 0.421903 0.119785 0.423698 0.117093 0.423698 0.115747 0.425494 0.114401 0.425494 0.113055 0.427289 0.110363 0.427289 0.109017 0.429084 0.10498 0.429084 0.103634 0.43088 0.099596 0.43088 0.09825 0.432675 0.094213 0.432675 0.092867 0.43447 0.088829 0.43447 0.087483 0.436266 0.084791 0.436266 0.083445 0.438061 0.079408 0.438061 0.078062 0.439856 0.074024 0.439856 0.083445 0.439856 0.084791 0.441652 0.086137 0.439856 0.092867 0.439856 0.094213 0.438061 0.100942 0.438061 0.102288 0.436266 0.106326 0.436266 0.107672 0.43447 0.119785 0.43447 0.121131 0.436266 0.142665 0.436266 0.144011 0.438061 0.142665 0.439856 0.141319 0.439856 0.139973 0.441652 0.137281 0.441652 0.135935 0.443447 0.13459 0.443447 0.133244 0.445242 0.130552 0.445242 0.129206 0.447038 0.12786 0.447038 0.126514 0.448833 0.118439 0.448833 0.117093 0.450628 0.109017 0.450628 0.107672 0.452424 0.094213 0.452424 0.092867 0.454219 0.078062 0.454219 0.076716 0.456014 0.063257 0.456014 0.065949 0.459605 0.067295 0.45781 0.087483 0.45781 0.088829 0.456014 0.107672 0.456014 0.109017 0.45781 0.107672 0.459605 0.107672 0.463196 0.106326 0.464991 0.106326 0.466786 0.103634 0.470377 0.063257 0.470377 0.061911 0.468582 0.056528 0.468582 0.055182 0.466786 0.025572 0.466786 0.024226 0.468582 0.021534 0.468582 0.020188 0.470377 0.016151 0.470377 0.014805 0.472172 0.012113 0.472172 0.010767 0.473968 0.006729 0.473968 0.006729 0.479354 0.005384 0.481149 0.005384 0.486535 0.006729 0.48474 0.008075 0.48474 0.010767 0.481149 0.012113 0.481149 0.013459 0.479354 0.014805 0.479354 0.016151 0.477558 0.017497 0.477558 0.018843 0.475763 0.020188 0.475763 0.021534 0.473968 0.024226 0.473968 0.025572 0.475763 0.025572 0.477558 0.024226 0.479354 0.024226 0.481149 0.025572 0.481149 0.026918 0.482944 0.028264 0.482944 0.030956 0.486535 0.032301 0.486535 0.034993 0.490126 0.033647 0.491921 0.021534 0.491921 0.020188 0.493716 0.014805 0.493716 0.013459 0.495512 0.008075 0.495512 0.012113 0.495512 0.013459 0.497307 0.018843 0.497307 0.020188 0.499102 0.025572 0.499102 0.026918 0.500898 0.028264 0.499102 0.044415 0.499102 0.04576 0.497307 0.047106 0.497307 0.048452 0.495512 0.049798 0.495512 0.051144 0.493716 0.05249 0.493716 0.053836 0.491921 0.055182 0.491921 0.056528 0.490126 0.057873 0.490126 0.056528 0.490126 0.053836 0.486535 0.049798 0.486535 0.048452 0.48474 0.04576 0.48474 0.044415 0.482944 0.040377 0.482944 0.039031 0.481149 0.041723 0.477558 0.043069 0.477558 0.044415 0.475763 0.048452 0.475763 0.049798 0.477558 0.05249 0.477558 0.053836 0.479354 0.057873 0.479354 0.059219 0.481149 0.07537 0.481149 0.076716 0.482944 0.076716 0.48474 0.078062 0.486535 0.078062 0.48833 0.079408 0.490126 0.079408 0.491921 0.080754 0.490126 0.088829 0.490126 0.090175 0.48833 0.09825 0.48833 0.09825 0.479354 0.099596 0.477558 0.106326 0.477558 0.107672 0.475763 0.115747 0.475763 0.115747 0.472172 0.117093 0.470377 0.117093 0.463196 0.118439 0.4614 0.118439 0.459605 0.119785 0.45781 0.130552 0.45781 0.133244 0.454219 0.13459 0.454219 0.138627 0.448833 0.139973 0.448833 0.144011 0.443447 0.156124 0.443447 0.15747 0.445242 0.15747 0.447038 0.158816 0.448833 0.15747 0.450628 0.148048 0.450628 0.148048 0.456014 0.15074 0.456014 0.152086 0.45781 0.154778 0.45781 0.156124 0.459605 0.15747 0.45781 0.158816 0.45781 0.160162 0.456014 0.162853 0.456014 0.162853 0.441652 0.156124 0.441652 0.154778 0.439856 0.149394 0.439856 0.148048 0.438061 0.149394 0.436266 0.15074 0.436266 0.152086 0.43447 0.153432 0.43447 0.156124 0.43088 0.15747 0.43088 0.158816 0.429084 0.160162 0.429084 0.161507 0.427289 0.162853 0.427289 0.158816 0.421903 0.158816 0.420108 0.156124 0.416517 0.15747 0.414722 0.181696 0.414722 0.183042 0.416517 0.185734 0.416517 0.187079 0.418312 0.191117 0.418312 0.192463 0.420108 0.195155 0.420108 0.196501 0.421903 0.197847 0.420108 0.199192 0.420108 0.200538 0.418312 0.201884 0.418312 0.200538 0.418312 0.199192 0.416517 0.197847 0.416517 0.196501 0.414722 0.193809 0.414722 0.192463 0.412926 0.191117 0.412926 0.189771 0.411131 0.188425 0.411131 0.187079 0.409336 0.185734 0.409336 0.184388 0.40754 0.174966 0.40754 0.17362 0.405745 0.165545 0.405745 0.164199 0.40395 0.152086 0.40395 0.15074 0.402154 0.139973 0.402154 0.138627 0.400359
1 0.577389 0.394973 0.569314 0.405745 0.53432 0.405745 0.532974 0.40395 0.530283 0.40395 0.528937 0.402154 0.524899 0.402154 0.523553 0.400359 0.51817 0.400359 0.516824 0.398564 0.512786 0.398564 0.51144 0.396768 0.510094 0.398564 0.506057 0.398564 0.504711 0.400359 0.500673 0.400359 0.499327 0.402154 0.495289 0.402154 0.493943 0.40395 0.492598 0.40395 0.491252 0.405745 0.48856 0.405745 0.487214 0.40754 0.485868 0.40754 0.484522 0.409336 0.483176 0.409336 0.48183 0.411131 0.479139 0.411131 0.477793 0.412926 0.476447 0.412926 0.507402 0.412926 0.508748 0.411131 0.516824 0.411131 0.51817 0.409336 0.565276 0.409336 0.566622 0.411131 0.594886 0.411131 0.596231 0.412926 0.596231 0.409336 0.589502 0.409336 0.588156 0.40754 0.582773 0.40754 0.580081 0.40395 0.580081 0.402154 0.578735 0.400359 0.578735 0.398564 0.577389 0.396768
1 0.230148 0.389587 0.227456 0.393178 0.22611 0.393178 0.224764 0.394973 0.224764 0.396768 0.22611 0.398564 0.22611 0.400359 0.227456 0.402154 0.227456 0.40395 0.228802 0.402154 0.240915 0.402154 0.242261 0.40395 0.242261 0.405745 0.240915 0.40754 0.240915 0.409336 0.257066 0.409336 0.258412 0.40754 0.275908 0.40754 0.277254 0.409336 0.282638 0.409336 0.283984 0.411131 0.28533 0.409336 0.288022 0.409336 0.289367 0.40754 0.290713 0.40754 0.292059 0.405745 0.294751 0.405745 0.296097 0.40395 0.297443 0.40395 0.298789 0.402154 0.30148 0.402154 0.304172 0.405745 0.304172 0.40754 0.305518 0.409336 0.306864 0.40754 0.30821 0.40754 0.309556 0.405745 0.312248 0.405745 0.313594 0.40395 0.320323 0.40395 0.321669 0.405745 0.325707 0.405745 0.327052 0.40754 0.332436 0.40754 0.333782 0.409336 0.33782 0.409336 0.339166 0.411131 0.344549 0.411131 0.345895 0.412926 0.349933 0.412926 0.351279 0.414722 0.352624 0.412926 0.356662 0.412926 0.362046 0.405745 0.372813 0.405745 0.374159 0.40754 0.375505 0.405745 0.375505 0.40395 0.376851 0.402154 0.368775 0.402154 0.367429 0.400359 0.3607 0.400359 0.359354 0.398564 0.356662 0.402154 0.355316 0.402154 0.352624 0.405745 0.351279 0.40395 0.351279 0.402154 0.349933 0.400359 0.349933 0.396768 0.347241 0.396768 0.345895 0.394973 0.344549 0.394973 0.343203 0.393178 0.340511 0.393178 0.339166 0.391382 0.33782 0.393178 0.328398 0.393178 0.325707 0.396768 0.324361 0.396768 0.323015 0.398564 0.304172 0.398564 0.302826 0.396768 0.266487 0.396768 0.265141 0.398564 0.247645 0.398564 0.246299 0.396768 0.243607 0.396768 0.242261 0.394973 0.239569 0.394973 0.238223 0.393178 0.235532 0.393178 0.234186 0.391382 0.231494 0.391382
1 0.927322 0.371634 0.927322 0.373429 0.92463 0.37702 0.921938 0.37702 0.920592 0.378815 0.919246 0.378815 0.921938 0.382406 0.928668 0.382406 0.930013 0.38061 0.940781 0.394973 0.939435 0.396768 0.934051 0.396768 0.931359 0.393178 0.931359 0.391382 0.930013 0.389587 0.9179 0.389587 0.916555 0.387792 0.915209 0.387792 0.913863 0.385996 0.911171 0.385996 0.909825 0.387792 0.909825 0.389587 0.907133 0.393178 0.905787 0.391382 0.877524 0.391382 0.890983 0.391382 0.892328 0.393178 0.899058 0.393178 0.900404 0.394973 0.909825 0.394973 0.911171 0.393178 0.923284 0.393178 0.92463 0.394973 0.930013 0.394973 0.931359 0.396768 0.935397 0.396768 0.936743 0.398564 0.942127 0.398564 0.943472 0.400359 0.942127 0.402154 0.940781 0.402154 0.939435 0.40395 0.936743 0.40395 0.935397 0.405745 0.934051 0.405745 0.932705 0.40754 0.931359 0.40754 0.931359 0.409336 0.930013 0.411131 0.930013 0.412926 0.928668 0.414722 0.921938 0.414722 0.920592 0.416517 0.904441 0.416517 0.903096 0.414722 0.90175 0.414722 0.900404 0.412926 0.899058 0.412926 0.896366 0.409336 0.89502 0.409336 0.897712 0.412926 0.897712 0.414722 0.899058 0.416517 0.899058 0.420108 0.897712 0.421903 0.897712 0.427289 0.89502 0.43088 0.893674 0.43088 0.890983 0.43447 0.889637 0.43447 0.886945 0.438061 0.885599 0.436266 0.884253 0.436266 0.882907 0.43447 0.881561 0.43447 0.878869 0.43088 0.877524 0.43088 0.876178 0.429084 0.873486 0.429084 0.873486 0.43088 0.874832 0.432675 0.874832 0.43447 0.876178 0.436266 0.876178 0.438061 0.877524 0.439856 0.877524 0.441652 0.900404 0.441652 0.90175 0.439856 0.90175 0.438061 0.905787 0.432675 0.905787 0.43088 0.908479 0.427289 0.923284 0.427289 0.92463 0.425494 0.925976 0.427289 0.932705 0.427289 0.934051 0.429084 0.952894 0.429084 0.95424 0.427289 0.967699 0.427289 0.969044 0.425494 0.981157 0.425494 0.982503 0.423698 0.983849 0.425494 0.986541 0.425494 0.987887 0.427289 0.989233 0.427289 0.990579 0.429084 0.993271 0.429084 0.994616 0.43088 0.995962 0.43088 0.997308 0.432675 0.998654 0.432675 0.998654 0.416517 0.995962 0.416517 0.994616 0.418312 0.991925 0.418312 0.990579 0.420108 0.986541 0.420108 0.985195 0.421903 0.982503 0.421903 0.981157 0.423698 0.942127 0.423698 0.940781 0.421903 0.934051 0.421903 0.932705 0.420108 0.932705 0.409336 0.934051 0.40754 0.952894 0.40754 0.95424 0.409336 0.965007 0.409336 0.966353 0.411131 0.975774 0.411131 0.97712 0.412926 0.986541 0.412926 0.986541 0.411131 0.985195 0.409336 0.971736 0.409336 0.97039 0.40754 0.969044 0.40754 0.967699 0.405745 0.966353 0.405745 0.965007 0.40395 0.963661 0.40395 0.962315 0.402154 0.960969 0.402154 0.959623 0.400359 0.958277 0.400359 0.956931 0.398564 0.955585 0.398564 0.95424 0.396768 0.958277 0.391382 0.959623 0.393178 0.969044 0.393178 0.97039 0.394973 0.981157 0.394973 0.982503 0.396768 0.989233 0.396768 0.990579 0.394973 0.990579 0.393178 0.991925 0.391382 0.991925 0.387792 0.993271 0.385996 0.993271 0.384201 0.991925 0.384201 0.990579 0.382406 0.982503 0.382406 0.981157 0.384201 0.97712 0.384201 0.975774 0.385996 0.97039 0.385996 0.969044 0.387792 0.965007 0.387792 0.963661 0.389587 0.944818 0.389587 0.942127 0.385996 0.940781 0.385996 0.936743 0.38061 0.935397 0.38061 0.930013 0.373429 0.928668 0.373429
1 0.619112 0.359066 0.617766 0.360862 0.60969 0.360862 0.608345 0.362657 0.573351 0.362657 0.572005 0.364452 0.554509 0.364452 0.554509 0.366248 0.553163 0.368043 0.553163 0.369838 0.550471 0.373429 0.54105 0.373429 0.539704 0.375224 0.537012 0.375224 0.537012 0.378815 0.535666 0.38061 0.535666 0.382406 0.539704 0.382406 0.54105 0.384201 0.561238 0.384201 0.562584 0.385996 0.565276 0.385996 0.566622 0.387792 0.567968 0.387792 0.569314 0.389587 0.588156 0.389587 0.584118 0.389587 0.582773 0.387792 0.577389 0.387792 0.576043 0.385996 0.572005 0.385996 0.569314 0.382406 0.569314 0.38061 0.570659 0.378815 0.619112 0.378815 0.619112 0.375224 0.620458 0.373429 0.620458 0.371634 0.619112 0.373429 0.605653 0.373429 0.604307 0.375224 0.581427 0.375224 0.578735 0.371634 0.578735 0.369838 0.580081 0.368043 0.601615 0.368043 0.602961 0.366248 0.612382 0.366248 0.613728 0.364452 0.623149 0.364452
1 0.130552 0.344704 0.129206 0.346499 0.125168 0.346499 0.123822 0.348294 0.121131 0.348294 0.119785 0.35009 0.115747 0.35009 0.114401 0.351885 0.110363 0.351885 0.109017 0.35368 0.103634 0.35368 0.102288 0.355476 0.09825 0.355476 0.09825 0.359066 0.096904 0.360862 0.096904 0.362657 0.095559 0.364452 0.091521 0.364452 0.090175 0.366248 0.087483 0.366248 0.086137 0.368043 0.0821 0.368043 0.080754 0.369838 0.07537 0.369838 0.074024 0.371634 0.068641 0.371634 0.067295 0.373429 0.061911 0.373429 0.060565 0.375224 0.055182 0.375224 0.053836 0.37702 0.047106 0.37702 0.04576 0.378815 0.021534 0.378815 0.020188 0.38061 0.018843 0.38061 0.017497 0.382406 0.016151 0.382406 0.014805 0.384201 0.013459 0.384201 0.012113 0.385996 0.010767 0.385996 0.009421 0.387792 0.008075 0.387792 0.008075 0.391382 0.006729 0.393178 0.006729 0.394973 0.008075 0.393178 0.009421 0.393178 0.010767 0.391382 0.013459 0.391382 0.014805 0.389587 0.016151 0.389587 0.017497 0.387792 0.018843 0.387792 0.020188 0.385996 0.021534 0.385996 0.02288 0.384201 0.033647 0.384201 0.034993 0.382406 0.047106 0.382406 0.048452 0.38061 0.063257 0.38061 0.065949 0.37702 0.067295 0.37702 0.068641 0.375224 0.0821 0.375224 0.084791 0.378815 0.086137 0.378815 0.087483 0.38061 0.09825 0.38061 0.099596 0.382406 0.111709 0.366248 0.12786 0.366248 0.129206 0.368043 0.130552 0.366248 0.135935 0.366248 0.137281 0.364452 0.142665 0.364452 0.141319 0.364452 0.139973 0.362657 0.138627 0.362657 0.137281 0.360862 0.135935 0.360862 0.13459 0.359066 0.133244 0.359066 0.131898 0.357271 0.131898 0.351885 0.130552 0.35009
1 0.293405 0.341113 0.290713 0.344704 0.289367 0.344704 0.288022 0.346499 0.279946 0.346499 0.2786 0.348294 0.274563 0.348294 0.273217 0.35009 0.254374 0.35009 0.251682 0.35368 0.250336 0.35368 0.247645 0.357271 0.246299 0.357271 0.244953 0.359066 0.240915 0.359066 0.239569 0.357271 0.236878 0.357271 0.235532 0.355476 0.231494 0.355476 0.230148 0.35368 0.22611 0.359066 0.22611 0.360862 0.220727 0.368043 0.220727 0.371634 0.219381 0.373429 0.219381 0.375224 0.224764 0.375224 0.22611 0.37702 0.231494 0.37702 0.23284 0.378815 0.247645 0.378815 0.248991 0.38061 0.248991 0.37702 0.250336 0.375224 0.250336 0.371634 0.251682 0.369838 0.251682 0.368043 0.253028 0.366248 0.253028 0.364452 0.254374 0.362657 0.267833 0.362657 0.269179 0.364452 0.270525 0.362657 0.277254 0.362657 0.2786 0.360862 0.296097 0.360862 0.297443 0.359066 0.298789 0.359066 0.300135 0.357271 0.30148 0.357271 0.302826 0.355476 0.304172 0.355476 0.305518 0.35368 0.306864 0.35368 0.309556 0.35009 0.310902 0.35009 0.313594 0.346499 0.314939 0.346499 0.316285 0.344704 0.305518 0.344704 0.304172 0.342908 0.294751 0.342908
1 0.477793 0.339318 0.476447 0.341113 0.473755 0.341113 0.472409 0.342908 0.469717 0.342908 0.468371 0.344704 0.467026 0.344704 0.46568 0.346499 0.462988 0.346499 0.461642 0.348294 0.45895 0.348294 0.457604 0.35009 0.454913 0.35009 0.453567 0.351885 0.450875 0.351885 0.449529 0.35368 0.445491 0.35368 0.444145 0.355476 0.441454 0.355476 0.441454 0.362657 0.442799 0.364452 0.442799 0.375224 0.441454 0.37702 0.441454 0.38061 0.440108 0.382406 0.440108 0.385996 0.438762 0.387792 0.437416 0.387792 0.43607 0.385996 0.43607 0.384201 0.434724 0.382406 0.434724 0.369838 0.422611 0.369838 0.421265 0.371634 0.421265 0.373429 0.419919 0.375224 0.421265 0.375224 0.422611 0.37702 0.425303 0.37702 0.426649 0.378815 0.427995 0.378815 0.429341 0.38061 0.427995 0.382406 0.426649 0.382406 0.425303 0.384201 0.423957 0.384201 0.422611 0.385996 0.414536 0.385996 0.41319 0.384201 0.407806 0.384201 0.40646 0.382406 0.405114 0.384201 0.399731 0.384201 0.398385 0.385996 0.393001 0.385996 0.391655 0.384201 0.39031 0.384201 0.386272 0.378815 0.384926 0.378815 0.382234 0.375224 0.380888 0.37702 0.380888 0.378815 0.379542 0.38061 0.379542 0.382406 0.378197 0.384201 0.378197 0.385996 0.376851 0.387792 0.379542 0.391382 0.379542 0.393178 0.380888 0.394973 0.384926 0.394973 0.386272 0.396768 0.386272 0.398564 0.387618 0.400359 0.387618 0.402154 0.388964 0.40395 0.388964 0.40754 0.39031 0.409336 0.39031 0.412926 0.391655 0.414722 0.391655 0.416517 0.393001 0.416517 0.395693 0.420108 0.405114 0.420108 0.40646 0.421903 0.40646 0.416517 0.405114 0.414722 0.405114 0.409336 0.410498 0.402154 0.410498 0.400359 0.41319 0.396768 0.41319 0.394973 0.415882 0.391382 0.421265 0.391382 0.422611 0.389587 0.430686 0.389587 0.433378 0.393178 0.432032 0.394973 0.430686 0.394973 0.429341 0.396768 0.427995 0.396768 0.426649 0.398564 0.425303 0.398564 0.423957 0.400359 0.422611 0.400359 0.421265 0.402154 0.419919 0.402154 0.419919 0.409336 0.421265 0.40754 0.422611 0.40754 0.423957 0.405745 0.426649 0.405745 0.427995 0.40395 0.429341 0.40395 0.430686 0.405745 0.433378 0.405745 0.434724 0.40754 0.43607 0.40754 0.437416 0.409336 0.440108 0.409336 0.441454 0.411131 0.442799 0.409336 0.446837 0.409336 0.448183 0.40754 0.452221 0.40754 0.453567 0.405745 0.457604 0.405745 0.45895 0.40395 0.462988 0.40395 0.468371 0.396768 0.467026 0.396768 0.46568 0.394973 0.464334 0.394973 0.462988 0.393178 0.452221 0.393178 0.450875 0.391382 0.450875 0.387792 0.452221 0.385996 0.452221 0.373429 0.453567 0.371634 0.460296 0.371634 0.461642 0.369838 0.469717 0.369838 0.471063 0.368043 0.485868 0.368043 0.491252 0.360862 0.492598 0.360862 0.495289 0.357271 0.496635 0.357271 0.497981 0.359066 0.499327 0.359066 0.500673 0.360862 0.502019 0.360862 0.503365 0.362657 0.503365 0.368043 0.502019 0.369838 0.502019 0.375224 0.500673 0.37702 0.496635 0.37702 0.495289 0.378815 0.492598 0.378815 0.491252 0.38061 0.487214 0.38061 0.485868 0.382406 0.48183 0.382406 0.483176 0.382406 0.484522 0.384201 0.485868 0.382406 0.496635 0.382406 0.499327 0.385996 0.499327 0.389587 0.502019 0.389587 0.503365 0.391382 0.506057 0.391382 0.507402 0.393178 0.510094 0.389587 0.508748 0.389587 0.507402 0.387792 0.506057 0.387792 0.504711 0.385996 0.503365 0.385996 0.502019 0.384201 0.503365 0.382406 0.520861 0.382406 0.522207 0.38061 0.524899 0.38061 0.526245 0.378815 0.528937 0.378815 0.528937 0.373429 0.527591 0.375224 0.508748 0.375224 0.507402 0.373429 0.507402 0.371634 0.508748 0.369838 0.508748 0.368043 0.510094 0.366248 0.527591 0.366248 0.532974 0.359066 0.524899 0.359066 0.523553 0.357271 0.516824 0.357271 0.515478 0.355476 0.512786 0.355476 0.51144 0.35368 0.510094 0.35368 0.508748 0.351885 0.500673 0.351885 0.499327 0.35009 0.491252 0.35009 0.487214 0.344704 0.487214 0.342908 0.485868 0.341113 0.479139 0.341113
1 0.791386 0.328546 0.788694 0.332136 0.787349 0.332136 0.788694 0.332136 0.791386 0.335727 0.792732 0.335727 0.795424 0.339318 0.79677 0.339318 0.799462 0.342908 0.798116 0.344704 0.795424 0.344704 0.794078 0.346499 0.79004 0.346499 0.788694 0.348294 0.786003 0.348294 0.784657 0.35009 0.780619 0.35009 0.780619 0.357271 0.781965 0.355476 0.788694 0.355476 0.79004 0.35368 0.79677 0.35368 0.798116 0.351885 0.802153 0.351885 0.803499 0.35368 0.799462 0.359066 0.792732 0.359066 0.791386 0.360862 0.783311 0.360862 0.781965 0.362657 0.780619 0.362657 0.779273 0.364452 0.777927 0.364452 0.776581 0.366248 0.775236 0.366248 0.772544 0.369838 0.771198 0.369838 0.769852 0.371634 0.768506 0.371634 0.76716 0.373429 0.764468 0.373429 0.763122 0.371634 0.760431 0.371634 0.759085 0.369838 0.757739 0.369838 0.756393 0.368043 0.753701 0.368043 0.752355 0.366248 0.751009 0.366248 0.749664 0.364452 0.748318 0.366248 0.748318 0.368043 0.746972 0.369838 0.749664 0.369838 0.751009 0.371634 0.753701 0.371634 0.755047 0.373429 0.756393 0.373429 0.757739 0.375224 0.760431 0.375224 0.761777 0.37702 0.757739 0.382406 0.756393 0.382406 0.751009 0.389587 0.749664 0.389587 0.746972 0.393178 0.746972 0.398564 0.745626 0.400359 0.745626 0.409336 0.74428 0.411131 0.74428 0.414722 0.745626 0.412926 0.745626 0.411131 0.746972 0.409336 0.746972 0.40754 0.749664 0.40395 0.749664 0.402154 0.751009 0.400359 0.751009 0.398564 0.753701 0.394973 0.753701 0.393178 0.756393 0.389587 0.759085 0.389587 0.760431 0.387792 0.763122 0.387792 0.764468 0.385996 0.768506 0.385996 0.769852 0.384201 0.775236 0.384201 0.776581 0.385996 0.779273 0.385996 0.780619 0.387792 0.783311 0.387792 0.787349 0.393178 0.787349 0.394973 0.795424 0.405745 0.795424 0.40754 0.799462 0.412926 0.799462 0.40395 0.800808 0.402154 0.800808 0.394973 0.802153 0.393178 0.806191 0.393178 0.807537 0.394973 0.812921 0.394973 0.814266 0.396768 0.81965 0.396768 0.820996 0.398564 0.820996 0.396768 0.822342 0.394973 0.822342 0.391382 0.825034 0.387792 0.82638 0.387792 0.827725 0.389587 0.830417 0.389587 0.831763 0.391382 0.834455 0.391382 0.835801 0.393178 0.834455 0.394973 0.833109 0.394973 0.830417 0.398564 0.829071 0.398564 0.827725 0.400359 0.82638 0.400359 0.825034 0.402154 0.823688 0.402154 0.820996 0.405745 0.81965 0.405745 0.822342 0.409336 0.823688 0.40754 0.82638 0.40754 0.827725 0.405745 0.830417 0.405745 0.831763 0.40395 0.834455 0.40395 0.835801 0.402154 0.838493 0.402154 0.839838 0.400359 0.84253 0.400359 0.843876 0.398564 0.847914 0.398564 0.84926 0.400359 0.850606 0.400359 0.851952 0.402154 0.853297 0.402154 0.854643 0.40395 0.855989 0.40395 0.857335 0.405745 0.858681 0.405745 0.861373 0.409336 0.862719 0.409336 0.864065 0.411131 0.86541 0.411131 0.866756 0.412926 0.868102 0.412926 0.869448 0.414722 0.870794 0.414722 0.87214 0.416517 0.873486 0.416517 0.876178 0.420108 0.877524 0.420108 0.878869 0.421903 0.880215 0.421903 0.881561 0.423698 0.882907 0.421903 0.884253 0.421903 0.886945 0.418312 0.888291 0.418312 0.889637 0.416517 0.890983 0.416517 0.889637 0.416517 0.888291 0.414722 0.886945 0.414722 0.885599 0.412926 0.884253 0.412926 0.882907 0.411131 0.881561 0.411131 0.880215 0.409336 0.878869 0.409336 0.877524 0.40754 0.876178 0.40754 0.874832 0.405745 0.873486 0.405745 0.87214 0.40395 0.870794 0.40395 0.869448 0.402154 0.868102 0.402154 0.866756 0.400359 0.86541 0.400359 0.864065 0.398564 0.862719 0.398564 0.861373 0.396768 0.860027 0.396768 0.857335 0.393178 0.855989 0.393178 0.850606 0.385996 0.84926 0.385996 0.843876 0.378815 0.84253 0.378815 0.837147 0.371634 0.835801 0.371634 0.830417 0.364452 0.829071 0.364452 0.82638 0.360862 0.825034 0.360862 0.820996 0.355476 0.81965 0.355476 0.816958 0.351885 0.815612 0.351885 0.812921 0.348294 0.814266 0.346499 0.816958 0.346499 0.818304 0.344704 0.81965 0.344704 0.820996 0.342908 0.823688 0.342908 0.825034 0.341113 0.827725 0.341113 0.82638 0.341113 0.823688 0.337522 0.822342 0.339318 0.818304 0.339318 0.816958 0.341113 0.812921 0.341113 0.811575 0.342908 0.806191 0.342908 0.803499 0.339318 0.802153 0.339318 0.799462 0.335727 0.798116 0.335727 0.795424 0.332136 0.794078 0.332136
1 0.888291 0.258528 0.885599 0.262118 0.884253 0.262118 0.878869 0.2693 0.877524 0.2693 0.876178 0.271095 0.873486 0.271095 0.87214 0.27289 0.870794 0.27289 0.869448 0.274686 0.866756 0.274686 0.86541 0.276481 0.864065 0.276481 0.862719 0.278276 0.860027 0.278276 0.858681 0.280072 0.857335 0.280072 0.855989 0.281867 0.854643 0.280072 0.853297 0.280072 0.851952 0.278276 0.850606 0.278276 0.84926 0.276481 0.846568 0.276481 0.845222 0.274686 0.843876 0.274686 0.84253 0.27289 0.811575 0.27289 0.810229 0.274686 0.807537 0.274686 0.806191 0.276481 0.803499 0.276481 0.802153 0.278276 0.799462 0.278276 0.798116 0.280072 0.79677 0.278276 0.780619 0.278276 0.779273 0.280072 0.77389 0.280072 0.772544 0.281867 0.768506 0.281867 0.76716 0.283662 0.765814 0.281867 0.733513 0.281867 0.732167 0.283662 0.728129 0.283662 0.726783 0.285458 0.724092 0.285458 0.724092 0.290844 0.755047 0.290844 0.756393 0.289048 0.765814 0.289048 0.76716 0.287253 0.783311 0.287253 0.784657 0.289048 0.784657 0.29982 0.783311 0.301616 0.775236 0.301616 0.77389 0.303411 0.772544 0.301616 0.772544 0.29982 0.771198 0.298025 0.771198 0.29623 0.755047 0.29623 0.753701 0.298025 0.752355 0.298025 0.751009 0.29982 0.748318 0.29982 0.746972 0.301616 0.745626 0.301616 0.74428 0.303411 0.742934 0.303411 0.740242 0.307002 0.738896 0.307002 0.736205 0.310592 0.734859 0.308797 0.733513 0.308797 0.732167 0.307002 0.729475 0.307002 0.728129 0.305206 0.726783 0.305206 0.725437 0.303411 0.724092 0.303411 0.722746 0.301616 0.689098 0.301616 0.687752 0.303411 0.683715 0.303411 0.682369 0.305206 0.678331 0.305206 0.676985 0.307002 0.656797 0.307002 0.656797 0.310592 0.663526 0.310592 0.664872 0.312388 0.659489 0.319569 0.658143 0.317774 0.652759 0.317774 0.651413 0.319569 0.647376 0.319569 0.647376 0.324955 0.648721 0.324955 0.650067 0.32675 0.652759 0.32675 0.654105 0.328546 0.655451 0.328546 0.658143 0.332136 0.658143 0.333932 0.659489 0.335727 0.659489 0.337522 0.678331 0.337522 0.679677 0.335727 0.681023 0.335727 0.682369 0.333932 0.699865 0.333932 0.701211 0.332136 0.717362 0.332136 0.718708 0.330341 0.748318 0.330341 0.748318 0.328546 0.749664 0.32675 0.749664 0.324955 0.751009 0.32316 0.746972 0.317774 0.748318 0.315978 0.752355 0.315978 0.753701 0.314183 0.755047 0.315978 0.783311 0.315978 0.783311 0.312388 0.781965 0.310592 0.781965 0.307002 0.783311 0.305206 0.783311 0.303411 0.786003 0.29982 0.792732 0.29982 0.794078 0.301616 0.794078 0.303411 0.792732 0.305206 0.792732 0.310592 0.791386 0.312388 0.791386 0.314183 0.79677 0.314183 0.798116 0.315978 0.827725 0.315978 0.829071 0.314183 0.831763 0.314183 0.816958 0.314183 0.815612 0.312388 0.815612 0.307002 0.829071 0.289048 0.833109 0.294434 0.834455 0.294434 0.837147 0.298025 0.835801 0.29982 0.834455 0.29982 0.833109 0.301616 0.831763 0.301616 0.830417 0.303411 0.829071 0.303411 0.827725 0.305206 0.82638 0.305206 0.838493 0.305206 0.839838 0.307002 0.841184 0.307002 0.84253 0.308797 0.843876 0.308797 0.845222 0.310592 0.847914 0.310592 0.84926 0.312388 0.850606 0.312388 0.851952 0.314183 0.853297 0.314183 0.853297 0.312388 0.854643 0.310592 0.854643 0.307002 0.855989 0.305206 0.857335 0.307002 0.858681 0.307002 0.860027 0.308797 0.861373 0.308797 0.862719 0.310592 0.864065 0.310592 0.86541 0.312388 0.866756 0.312388 0.868102 0.314183 0.874832 0.314183 0.876178 0.315978 0.881561 0.315978 0.873486 0.305206 0.874832 0.303411 0.893674 0.303411 0.89502 0.305206 0.89502 0.307002 0.896366 0.308797 0.896366 0.310592 0.897712 0.312388 0.899058 0.312388 0.900404 0.310592 0.90175 0.310592 0.903096 0.308797 0.905787 0.308797 0.907133 0.307002 0.908479 0.307002 0.909825 0.305206 0.912517 0.305206 0.913863 0.303411 0.915209 0.303411 0.916555 0.301616 0.919246 0.305206 0.919246 0.307002 0.920592 0.308797 0.920592 0.310592 0.923284 0.314183 0.923284 0.315978 0.92463 0.317774 0.928668 0.317774 0.930013 0.315978 0.930013 0.314183 0.931359 0.312388 0.931359 0.308797 0.932705 0.307002 0.932705 0.305206 0.934051 0.303411 0.935397 0.305206 0.936743 0.305206 0.939435 0.308797 0.940781 0.308797 0.942127 0.310592 0.943472 0.310592 0.944818 0.308797 0.944818 0.307002 0.94751 0.303411 0.951548 0.308797 0.951548 0.310592 0.952894 0.312388 0.955585 0.312388 0.952894 0.308797 0.952894 0.307002 0.951548 0.305206 0.952894 0.303411 0.955585 0.303411 0.956931 0.305206 0.959623 0.305206 0.960969 0.307002 0.960969 0.308797 0.962315 0.310592 0.962315 0.314183 0.963661 0.315978 0.966353 0.312388 0.967699 0.312388 0.969044 0.310592 0.974428 0.317774 0.97712 0.317774 0.978466 0.315978 0.979812 0.315978 0.981157 0.314183 0.983849 0.314183 0.986541 0.310592 0.987887 0.310592 0.990579 0.307002 0.998654 0.307002 0.998654 0.287253 0.994616 0.287253 0.993271 0.285458 0.987887 0.285458 0.986541 0.283662 0.981157 0.283662 0.979812 0.281867 0.973082 0.281867 0.971736 0.280072 0.967699 0.280072 0.966353 0.278276 0.960969 0.278276 0.959623 0.276481 0.955585 0.276481 0.95424 0.274686 0.946164 0.274686 0.944818 0.27289 0.930013 0.27289 0.928668 0.274686 0.921938 0.274686 0.920592 0.276481 0.899058 0.276481 0.897712 0.278276 0.889637 0.278276 0.888291 0.280072 0.886945 0.278276 0.886945 0.274686 0.885599 0.27289 0.885599 0.2693 0.886945 0.267504 0.889637 0.267504 0.890983 0.265709 0.89502 0.265709 0.896366 0.263914 0.899058 0.263914 0.899058 0.260323 0.89502 0.260323 0.893674 0.258528
