0 0.148438 0.714583 0.145312 0.71875 0.14375 0.71875 0.142188 0.720833 0.134375 0.720833 0.129688 0.727083 0.13125 0.729167 0.13125 0.73125 0.132812 0.729167 0.135938 0.729167 0.1375 0.727083 0.140625 0.727083 0.142188 0.725 0.14375 0.725 0.145312 0.722917 0.146875 0.722917 0.148438 0.720833 0.151562 0.720833 0.15 0.71875 0.15 0.716667
0 0.301562 0.608333 0.298438 0.6125 0.296875 0.6125 0.29375 0.616667 0.292188 0.616667 0.289062 0.620833 0.2875 0.620833 0.285938 0.622917 0.271875 0.622917 0.270312 0.620833 0.25625 0.620833 0.254688 0.61875 0.253125 0.620833 0.251563 0.620833 0.25 0.622917 0.248438 0.622917 0.246875 0.625 0.245312 0.625 0.24375 0.627083 0.240625 0.627083 0.239062 0.629167 0.2375 0.629167 0.235938 0.63125 0.234375 0.63125 0.234375 0.633333 0.235938 0.635417 0.235938 0.6375 0.2375 0.635417 0.240625 0.635417 0.242188 0.633333 0.24375 0.633333 0.245312 0.63125 0.248438 0.63125 0.25 0.629167 0.253125 0.629167 0.254688 0.627083 0.298438 0.627083 0.3 0.629167 0.304688 0.629167 0.30625 0.63125 0.307812 0.629167 0.307812 0.627083 0.309375 0.625 0.309375 0.622917 0.3125 0.61875 0.323438 0.61875 0.325 0.616667 0.335938 0.616667 0.335938 0.610417 0.334375 0.6125 0.323438 0.6125 0.321875 0.614583 0.3125 0.614583 0.309375 0.610417 0.309375 0.608333
0 0.504687 0.497917 0.503125 0.5 0.496875 0.5 0.495312 0.502083 0.492188 0.502083 0.490625 0.504167 0.485938 0.504167 0.484375 0.50625 0.470312 0.50625 0.46875 0.508333 0.454688 0.508333 0.451562 0.5125 0.45 0.5125 0.451562 0.5125 0.453125 0.514583 0.454688 0.514583 0.45625 0.516667 0.457812 0.514583 0.470312 0.514583 0.471875 0.5125 0.484375 0.5125 0.485938 0.514583 0.485938 0.51875 0.484375 0.520833 0.484375 0.527083 0.5 0.527083 0.5 0.522917 0.501562 0.520833 0.501562 0.5125 0.504687 0.508333 0.514062 0.508333 0.515625 0.510417 0.525 0.510417 0.526562 0.5125 0.528125 0.510417 0.548438 0.510417 0.546875 0.508333 0.545312 0.508333 0.542188 0.504167 0.53125 0.504167 0.529688 0.50625 0.5125 0.50625 0.509375 0.502083 0.507812 0.502083
0 0.251563 0.489583 0.251563 0.49375 0.25 0.495833 0.25 0.497917 0.251563 0.497917 0.253125 0.5 0.254688 0.5 0.25625 0.502083 0.257812 0.5 0.259375 0.5 0.260938 0.497917 0.264062 0.497917 0.265625 0.495833 0.267188 0.495833 0.265625 0.495833 0.2625 0.491667 0.253125 0.491667
0 0.854688 0.452083 0.853125 0.454167 0.840625 0.454167 0.839062 0.45625 0.825 0.45625 0.823438 0.458333 0.814062 0.458333 0.8125 0.460417 0.789062 0.460417 0.7875 0.4625 0.785938 0.4625 0.784375 0.464583 0.78125 0.464583 0.779688 0.466667 0.776562 0.466667 0.773438 0.4625 0.771875 0.4625 0.770312 0.460417 0.76875 0.460417 0.765625 0.45625 0.764062 0.45625 0.7625 0.454167 0.759375 0.458333 0.757812 0.458333 0.754688 0.4625 0.753125 0.4625 0.754688 0.4625 0.757812 0.466667 0.759375 0.466667 0.7625 0.470833 0.764062 0.470833 0.765625 0.472917 0.767188 0.472917 0.76875 0.475 0.770312 0.475 0.771875 0.477083 0.773438 0.475 0.776562 0.475 0.778125 0.472917 0.78125 0.472917 0.782812 0.470833 0.785938 0.470833 0.7875 0.46875 0.792188 0.46875 0.79375 0.466667 0.8 0.466667 0.801562 0.464583 0.817188 0.464583 0.81875 0.466667 0.829688 0.466667 0.83125 0.46875 0.832812 0.466667 0.835938 0.466667 0.8375 0.464583 0.839062 0.464583 0.840625 0.4625 0.851562 0.4625 0.853125 0.464583 0.854688 0.464583 0.85625 0.4625 0.857812 0.464583 0.859375 0.464583 0.857812 0.4625 0.857812 0.460417 0.85625 0.458333 0.85625 0.45625 0.854688 0.454167
0 0.560938 0.43125 0.560938 0.433333 0.559375 0.435417 0.559375 0.4375 0.55625 0.441667 0.554688 0.441667 0.55625 0.44375 0.55625 0.445833 0.560938 0.445833 0.564062 0.441667 0.56875 0.441667 0.570312 0.44375 0.571875 0.44375 0.573438 0.445833 0.573438 0.4375 0.571875 0.435417 0.571875 0.43125
0 0.945312 0.422917 0.945312 0.427083 0.94375 0.429167 0.94375 0.43125 0.95 0.43125 0.951562 0.433333 0.953125 0.43125 0.953125 0.429167 0.954688 0.427083 0.954688 0.425 0.95625 0.422917
0 0.4125 0.408333 0.410938 0.410417 0.409375 0.410417 0.407812 0.4125 0.404688 0.4125 0.403125 0.414583 0.401562 0.414583 0.4 0.416667 0.392188 0.416667 0.390625 0.41875 0.38125 0.41875 0.379688 0.420833 0.379688 0.422917 0.375 0.429167 0.375 0.43125 0.373438 0.433333 0.376562 0.433333 0.378125 0.435417 0.379688 0.433333 0.385938 0.433333 0.3875 0.43125 0.395312 0.43125 0.396875 0.429167 0.398438 0.429167 0.4 0.427083 0.401562 0.427083 0.403125 0.425 0.404688 0.425 0.40625 0.422917 0.407812 0.422917 0.409375 0.420833 0.410938 0.420833 0.4125 0.41875 0.41875 0.41875 0.420312 0.420833 0.423438 0.420833 0.425 0.422917 0.429688 0.422917 0.43125 0.425 0.434375 0.425 0.435938 0.427083 0.4375 0.425 0.442188 0.425 0.44375 0.422917 0.45 0.422917 0.448438 0.422917 0.445312 0.41875 0.44375 0.41875 0.440625 0.414583 0.432812 0.414583 0.43125 0.4125 0.425 0.4125 0.423438 0.410417 0.414062 0.410417
0 0.720312 0.395833 0.71875 0.397917 0.71875 0.4 0.717188 0.402083 0.717188 0.404167 0.715625 0.40625 0.715625 0.408333 0.714062 0.410417 0.717188 0.414583 0.71875 0.4125 0.725 0.4125 0.726562 0.410417 0.734375 0.410417 0.735938 0.408333 0.776562 0.408333 0.778125 0.410417 0.778125 0.40625 0.779688 0.404167 0.779688 0.4 0.776562 0.4 0.775 0.397917 0.773438 0.397917 0.771875 0.395833 0.770312 0.397917 0.757812 0.397917 0.75625 0.4 0.726562 0.4 0.725 0.397917 0.721875 0.397917
0 0.646875 0.395833 0.646875 0.397917 0.645312 0.4 0.645312 0.402083 0.64375 0.404167 0.646875 0.404167 0.648438 0.40625 0.65 0.40625 0.651562 0.408333 0.654688 0.408333 0.65625 0.410417 0.65625 0.404167 0.654688 0.402083 0.654688 0.395833
0 0.854688 0.3875 0.853125 0.389583 0.846875 0.389583 0.845312 0.391667 0.8375 0.391667 0.8375 0.4 0.839062 0.402083 0.839062 0.4125 0.845312 0.4125 0.846875 0.414583 0.848438 0.4125 0.851562 0.4125 0.853125 0.410417 0.854688 0.410417 0.85625 0.408333 0.859375 0.408333 0.860938 0.40625 0.892188 0.40625 0.89375 0.408333 0.895312 0.40625 0.9125 0.40625 0.9125 0.404167 0.914062 0.402083 0.914062 0.4 0.915625 0.397917 0.915625 0.395833 0.917188 0.39375 0.917188 0.391667 0.910938 0.391667 0.909375 0.389583 0.904688 0.389583 0.903125 0.3875
0 0.4375 0.379167 0.435938 0.38125 0.434375 0.38125 0.432812 0.383333 0.429688 0.383333 0.429688 0.39375 0.434375 0.39375 0.435938 0.395833 0.4375 0.39375 0.442188 0.39375 0.44375 0.391667 0.45 0.391667 0.45 0.38125 0.439062 0.38125
0 0.660938 0.377083 0.659375 0.379167 0.651562 0.379167 0.65 0.38125 0.635938 0.38125 0.639062 0.385417 0.639062 0.3875 0.642188 0.391667 0.64375 0.389583 0.65 0.389583 0.651562 0.3875 0.65625 0.3875 0.657812 0.385417 0.664062 0.385417 0.6625 0.383333 0.6625 0.38125 0.660938 0.379167
0 0.601562 0.339583 0.6 0.341667 0.573438 0.341667 0.571875 0.34375 0.553125 0.34375 0.553125 0.358333 0.554688 0.358333 0.55625 0.360417 0.557812 0.360417 0.559375 0.3625 0.5625 0.3625 0.564062 0.364583 0.565625 0.364583 0.567188 0.366667 0.56875 0.366667 0.570312 0.36875 0.573438 0.36875 0.575 0.370833 0.578125 0.370833 0.579688 0.372917 0.582812 0.372917 0.584375 0.375 0.5875 0.375 0.589062 0.377083 0.596875 0.377083 0.598438 0.379167 0.60625 0.379167 0.607812 0.38125 0.607812 0.379167 0.609375 0.377083 0.609375 0.375 0.610938 0.372917 0.610938 0.370833 0.614062 0.366667 0.617188 0.366667 0.61875 0.364583 0.621875 0.364583 0.623438 0.3625 0.628125 0.3625 0.629688 0.360417 0.632812 0.360417 0.63125 0.360417 0.629688 0.358333 0.628125 0.358333 0.625 0.354167 0.623438 0.354167 0.621875 0.352083 0.620312 0.352083 0.61875 0.35 0.617188 0.35 0.615625 0.347917 0.614062 0.347917 0.6125 0.345833 0.609375 0.345833 0.607812 0.34375 0.60625 0.34375 0.604688 0.341667 0.603125 0.341667
0 0.784375 0.333333 0.782812 0.335417 0.782812 0.3375 0.779688 0.341667 0.782812 0.341667 0.784375 0.34375 0.7875 0.34375 0.789062 0.345833 0.80625 0.345833 0.807812 0.347917 0.807812 0.35 0.809375 0.352083 0.809375 0.354167 0.829688 0.354167 0.83125 0.35625 0.83125 0.35 0.826562 0.35 0.825 0.347917 0.821875 0.347917 0.820312 0.345833 0.820312 0.34375 0.81875 0.341667 0.81875 0.339583 0.815625 0.339583 0.814062 0.3375 0.8125 0.3375 0.810938 0.335417 0.809375 0.3375 0.792188 0.3375 0.790625 0.335417 0.785938 0.335417
0 0.385938 0.333333 0.384375 0.335417 0.378125 0.335417 0.376562 0.3375 0.36875 0.3375 0.367188 0.339583 0.367188 0.341667 0.365625 0.34375 0.365625 0.345833 0.364062 0.347917 0.364062 0.35 0.354688 0.3625 0.357812 0.366667 0.365625 0.366667 0.365625 0.364583 0.367188 0.3625 0.367188 0.360417 0.36875 0.358333 0.36875 0.35625 0.370312 0.354167 0.370312 0.352083 0.371875 0.35 0.371875 0.347917 0.375 0.34375 0.382812 0.34375 0.384375 0.341667 0.39375 0.341667 0.39375 0.339583 0.395312 0.3375 0.395312 0.335417 0.396875 0.333333
0 0.523438 0.30625 0.523438 0.314583 0.53125 0.314583 0.53125 0.30625
0 0.401562 0.297917 0.4 0.3 0.398438 0.3 0.396875 0.302083 0.395312 0.302083 0.396875 0.302083 0.4 0.30625 0.403125 0.30625 0.404688 0.308333 0.407812 0.308333 0.409375 0.310417 0.407812 0.3125 0.40625 0.3125 0.404688 0.314583 0.403125 0.314583 0.401562 0.316667 0.4 0.316667 0.409375 0.316667 0.410938 0.31875 0.4125 0.316667 0.415625 0.316667 0.417188 0.314583 0.420312 0.314583 0.41875 0.314583 0.417188 0.3125 0.415625 0.3125 0.414062 0.310417 0.417188 0.30625 0.41875 0.30625 0.420312 0.304167 0.415625 0.304167 0.414062 0.302083 0.409375 0.302083 0.407812 0.3 0.403125 0.3
1 0.36875 0.7875 0.365625 0.791667 0.364062 0.791667 0.36875 0.791667 0.370312 0.79375 0.373438 0.79375 0.375 0.795833 0.379688 0.795833 0.38125 0.797917 0.384375 0.797917 0.385938 0.8 0.390625 0.8 0.392188 0.802083 0.395312 0.797917 0.392188 0.797917 0.390625 0.795833 0.385938 0.795833 0.384375 0.79375 0.38125 0.79375 0.379688 0.791667 0.375 0.791667 0.373438 0.789583 0.370312 0.789583
1 0.421875 0.783333 0.423438 0.785417 0.423438 0.791667 0.425 0.79375 0.425 0.8 0.426562 0.797917 0.445312 0.797917 0.445312 0.791667 0.44375 0.79375 0.43125 0.79375 0.429688 0.791667 0.429688 0.785417 0.423438 0.785417
1 0.242188 0.675 0.240625 0.677083 0.235938 0.677083 0.2375 0.677083 0.240625 0.68125 0.242188 0.68125 0.245312 0.685417 0.246875 0.685417 0.248438 0.6875 0.251563 0.683333 0.25 0.683333 0.246875 0.679167 0.245312 0.679167
1 0.85625 0.464583 0.854688 0.466667 0.85 0.466667 0.853125 0.466667 0.854688 0.46875 0.857812 0.46875 0.859375 0.470833 0.8625 0.470833 0.864062 0.472917 0.867188 0.472917 0.86875 0.475 0.871875 0.475 0.873438 0.477083 0.876562 0.477083 0.878125 0.479167 0.88125 0.479167 0.882812 0.48125 0.885938 0.48125 0.8875 0.483333 0.892188 0.477083 0.8875 0.477083 0.885938 0.475 0.88125 0.475 0.879688 0.472917 0.875 0.472917 0.873438 0.470833 0.870312 0.470833 0.86875 0.46875 0.864062 0.46875 0.8625 0.466667 0.857812 0.466667
1 0.50625 0.425 0.504687 0.427083 0.496875 0.427083 0.495312 0.429167 0.485938 0.429167 0.485938 0.43125 0.4875 0.433333 0.4875 0.435417 0.489062 0.433333 0.496875 0.433333 0.498438 0.43125 0.521875 0.43125 0.523438 0.433333 0.523438 0.429167 0.515625 0.429167 0.514062 0.427083 0.507812 0.427083
1 0.960938 0.402083 0.960938 0.404167 0.959375 0.40625 0.9625 0.40625 0.964062 0.408333 0.967188 0.408333 0.96875 0.410417 0.971875 0.410417 0.973438 0.4125 0.976562 0.4125 0.978125 0.414583 0.98125 0.414583 0.982812 0.416667 0.9875 0.416667 0.989062 0.41875 0.99375 0.41875 0.995312 0.420833 0.998438 0.420833 0.998438 0.40625 0.99375 0.40625 0.992188 0.404167 0.985938 0.404167 0.984375 0.402083
1 0.901562 0.358333 0.901562 0.364583 0.903125 0.3625 0.9125 0.3625 0.9125 0.358333
1 0.860938 0.35625 0.860938 0.358333 0.8625 0.360417 0.8625 0.364583 0.873438 0.364583 0.870312 0.360417 0.870312 0.358333 0.86875 0.35625
1 0.539062 0.345833 0.5375 0.347917 0.50625 0.347917 0.504687 0.35 0.473438 0.35 0.471875 0.352083 0.453125 0.352083 0.451562 0.35 0.442188 0.35 0.4375 0.35625 0.4375 0.358333 0.43125 0.366667 0.435938 0.366667 0.4375 0.364583 0.439062 0.364583 0.442188 0.360417 0.44375 0.360417 0.445312 0.358333 0.459375 0.358333 0.460938 0.35625 0.489062 0.35625 0.490625 0.358333 0.504687 0.358333 0.50625 0.360417 0.507812 0.358333 0.5125 0.358333 0.514062 0.35625 0.51875 0.35625 0.520312 0.354167 0.526562 0.354167 0.528125 0.352083 0.532812 0.352083 0.534375 0.35 0.540625 0.35 0.539062 0.347917
1 0.654688 0.333333 0.654688 0.335417 0.653125 0.3375 0.653125 0.339583 0.651562 0.341667 0.651562 0.34375 0.65 0.345833 0.654688 0.352083 0.65625 0.352083 0.659375 0.35625 0.660938 0.354167 0.675 0.354167 0.676562 0.352083 0.684375 0.352083 0.685938 0.35 0.696875 0.35 0.698438 0.352083 0.701562 0.352083 0.703125 0.354167 0.704688 0.354167 0.70625 0.35625 0.709375 0.35625 0.710938 0.358333 0.717188 0.358333 0.71875 0.360417 0.723438 0.360417 0.725 0.3625 0.726562 0.360417 0.726562 0.358333 0.728125 0.35625 0.723438 0.35625 0.721875 0.354167 0.71875 0.354167 0.717188 0.352083 0.7125 0.352083 0.710938 0.35 0.704688 0.35 0.703125 0.347917 0.696875 0.347917 0.695312 0.345833 0.690625 0.345833 0.689062 0.347917 0.684375 0.347917 0.682812 0.35 0.671875 0.35 0.670312 0.347917 0.667188 0.347917 0.6625 0.341667 0.6625 0.339583 0.659375 0.335417 0.65625 0.335417
1 0.332812 0.310417 0.33125 0.3125 0.328125 0.3125 0.326562 0.314583 0.310938 0.314583 0.309375 0.316667 0.303125 0.316667 0.301562 0.31875 0.296875 0.31875 0.295312 0.320833 0.285938 0.320833 0.284375 0.322917 0.275 0.322917 0.273438 0.325 0.271875 0.325 0.270312 0.327083 0.26875 0.327083 0.267188 0.329167 0.265625 0.329167 0.2625 0.333333 0.260938 0.333333 0.259375 0.335417 0.257812 0.335417 0.25625 0.3375 0.254688 0.3375 0.260938 0.3375 0.2625 0.335417 0.265625 0.335417 0.267188 0.333333 0.26875 0.333333 0.270312 0.33125 0.273438 0.33125 0.275 0.329167 0.276562 0.329167 0.278125 0.327083 0.2875 0.327083 0.289062 0.325 0.296875 0.325 0.298438 0.322917 0.304688 0.322917 0.30625 0.320833 0.314062 0.320833 0.315625 0.31875 0.321875 0.31875 0.323438 0.316667 0.325 0.31875 0.33125 0.31875 0.332812 0.320833 0.339062 0.320833 0.340625 0.31875 0.342188 0.31875 0.34375 0.316667 0.340625 0.3125 0.339062 0.3125 0.3375 0.310417
1 0.575 0.308333 0.573438 0.310417 0.571875 0.310417 0.56875 0.314583 0.55625 0.314583 0.554688 0.3125 0.55625 0.314583 0.557812 0.314583 0.560938 0.31875 0.560938 0.322917 0.5625 0.325 0.5625 0.329167 0.564062 0.327083 0.571875 0.327083 0.575 0.322917 0.576562 0.322917 0.579688 0.31875 0.585938 0.31875 0.5875 0.320833 0.590625 0.320833 0.592188 0.322917 0.590625 0.325 0.5875 0.325 0.585938 0.327083 0.58125 0.327083 0.584375 0.33125 0.585938 0.329167 0.5875 0.329167 0.589062 0.327083 0.590625 0.327083 0.592188 0.325 0.59375 0.325 0.595312 0.322917 0.607812 0.322917 0.607812 0.316667 0.596875 0.316667 0.595312 0.314583 0.585938 0.314583 0.584375 0.3125 0.58125 0.3125 0.579688 0.310417 0.576562 0.310417
1 0.682812 0.275 0.682812 0.277083 0.684375 0.279167 0.684375 0.283333 0.717188 0.283333 0.71875 0.285417 0.71875 0.28125 0.717188 0.28125 0.714062 0.277083 0.7125 0.277083 0.710938 0.275
