1 0.954407 0.890688 0.951368 0.894737 0.948328 0.894737 0.945289 0.898785 0.957447 0.898785 0.960486 0.902834 0.969605 0.902834 0.972644 0.906883 0.984802 0.906883 0.987842 0.910931 0.99696 0.910931 0.99696 0.898785 0.975684 0.898785 0.972644 0.894737 0.966565 0.894737 0.963526 0.890688
1 0.033435 0.870445 0.030395 0.874494 0.027356 0.874494 0.027356 0.878543 0.030395 0.882591 0.030395 0.894737 0.033435 0.898785 0.033435 0.906883 0.030395 0.910931 0.024316 0.910931 0.021277 0.91498 0.018237 0.91498 0.015198 0.919028 0.009119 0.919028 0.006079 0.923077 0.0 0.923077 0.0 0.935223 0.00304 0.931174 0.009119 0.931174 0.012158 0.927126 0.018237 0.927126 0.021277 0.923077 0.027356 0.923077 0.030395 0.919028 0.036474 0.919028 0.039514 0.91498 0.079027 0.91498 0.075988 0.910931 0.075988 0.906883 0.072948 0.902834 0.069909 0.906883 0.048632 0.906883 0.042553 0.898785 0.042553 0.894737 0.039514 0.890688 0.039514 0.88664 0.036474 0.882591 0.036474 0.878543 0.033435 0.874494
1 0.951368 0.761134 0.951368 0.769231 0.954407 0.773279 0.954407 0.785425 0.960486 0.785425 0.963526 0.789474 0.972644 0.789474 0.975684 0.793522 0.99696 0.793522 0.99696 0.789474 0.984802 0.789474 0.978723 0.781377 0.978723 0.777328 0.975684 0.773279 0.975684 0.769231 0.972644 0.765182 0.963526 0.765182 0.960486 0.761134
1 0.553191 0.688259 0.550152 0.692308 0.522796 0.692308 0.519757 0.696356 0.516717 0.696356 0.513678 0.700405 0.510638 0.700405 0.507599 0.704453 0.50152 0.704453 0.49848 0.708502 0.495441 0.708502 0.49848 0.712551 0.49848 0.716599 0.50152 0.720648 0.504559 0.716599 0.507599 0.716599 0.510638 0.712551 0.516717 0.712551 0.519757 0.708502 0.522796 0.708502 0.525836 0.704453 0.534954 0.704453 0.537994 0.700405 0.547112 0.700405 0.550152 0.696356 0.550152 0.692308
1 0.264438 0.631579 0.258359 0.639676 0.255319 0.639676 0.24924 0.647773 0.246201 0.647773 0.240122 0.65587 0.237082 0.65587 0.240122 0.659919 0.243161 0.659919 0.25228 0.672065 0.267477 0.672065 0.267477 0.668016 0.264438 0.663968 0.264438 0.659919 0.261398 0.65587 0.261398 0.651822 0.264438 0.647773 0.276596 0.647773 0.279635 0.651822 0.282675 0.651822 0.285714 0.65587 0.291793 0.65587 0.294833 0.659919 0.291793 0.65587 0.291793 0.651822 0.288754 0.647773 0.288754 0.643725 0.285714 0.639676 0.276596 0.639676 0.273556 0.635628 0.267477 0.635628
1 0.088146 0.546559 0.085106 0.550607 0.082067 0.550607 0.075988 0.558704 0.072948 0.558704 0.069909 0.562753 0.066869 0.562753 0.066869 0.57085 0.069909 0.574899 0.069909 0.587045 0.079027 0.587045 0.082067 0.591093 0.082067 0.59919 0.085106 0.603239 0.085106 0.619433 0.088146 0.623482 0.088146 0.631579 0.100304 0.631579 0.103343 0.635628 0.109422 0.62753 0.109422 0.623482 0.121581 0.607287 0.121581 0.603239 0.12766 0.595142 0.12766 0.591093 0.136778 0.578947 0.139818 0.578947 0.145897 0.57085 0.148936 0.57085 0.148936 0.566802 0.145897 0.562753 0.145897 0.554656 0.100304 0.554656 0.097264 0.550607 0.091185 0.550607
1 0.316109 0.502024 0.316109 0.510121 0.31307 0.51417 0.31307 0.518219 0.364742 0.518219 0.364742 0.51417 0.367781 0.510121 0.367781 0.506073 0.319149 0.506073
1 0.261398 0.449393 0.261398 0.465587 0.288754 0.465587 0.288754 0.461538 0.291793 0.45749 0.291793 0.453441 0.264438 0.453441
1 0.863222 0.433198 0.863222 0.445344 0.87234 0.445344 0.878419 0.453441 0.878419 0.45749 0.881459 0.453441 0.881459 0.449393 0.884498 0.445344 0.881459 0.441296 0.881459 0.437247 0.878419 0.433198
1 0.443769 0.360324 0.440729 0.364372 0.440729 0.368421 0.43465 0.376518 0.43769 0.376518 0.440729 0.380567 0.446809 0.37247 0.486322 0.37247 0.489362 0.376518 0.489362 0.364372 0.446809 0.364372
1 0.264438 0.352227 0.264438 0.368421 0.316109 0.368421 0.316109 0.364372 0.319149 0.360324 0.319149 0.356275 0.267477 0.356275
1 0.544073 0.340081 0.544073 0.348178 0.586626 0.348178 0.586626 0.340081
