1 0.848024 0.870445 0.848024 0.882591 0.863222 0.882591 0.863222 0.870445
1 0.346505 0.862348 0.346505 0.874494 0.349544 0.878543 0.352584 0.878543 0.361702 0.890688 0.367781 0.890688 0.367781 0.882591 0.364742 0.878543 0.364742 0.870445 0.361702 0.870445 0.355623 0.862348
1 0.416413 0.846154 0.419453 0.850202 0.419453 0.854251 0.422492 0.8583 0.422492 0.862348 0.471125 0.862348 0.474164 0.866397 0.486322 0.866397 0.489362 0.870445 0.504559 0.870445 0.507599 0.874494 0.519757 0.874494 0.525836 0.882591 0.525836 0.88664 0.528875 0.890688 0.528875 0.894737 0.544073 0.91498 0.553191 0.91498 0.556231 0.919028 0.56231 0.919028 0.56535 0.923077 0.56535 0.906883 0.568389 0.902834 0.583587 0.902834 0.586626 0.906883 0.589666 0.906883 0.592705 0.910931 0.595745 0.910931 0.598784 0.91498 0.601824 0.91498 0.604863 0.919028 0.607903 0.919028 0.610942 0.923077 0.613982 0.923077 0.617021 0.927126 0.620061 0.927126 0.6231 0.931174 0.62614 0.931174 0.629179 0.935223 0.632219 0.935223 0.635258 0.939271 0.638298 0.939271 0.641337 0.94332 0.656535 0.94332 0.659574 0.947368 0.671733 0.947368 0.674772 0.951417 0.677812 0.947368 0.696049 0.947368 0.699088 0.951417 0.708207 0.951417 0.711246 0.955466 0.717325 0.955466 0.723404 0.963563 0.726444 0.963563 0.732523 0.97166 0.735562 0.97166 0.741641 0.979757 0.744681 0.975709 0.729483 0.955466 0.726444 0.955466 0.720365 0.947368 0.717325 0.947368 0.711246 0.939271 0.705167 0.939271 0.702128 0.935223 0.693009 0.935223 0.68997 0.931174 0.683891 0.931174 0.680851 0.927126 0.671733 0.927126 0.668693 0.923077 0.659574 0.923077 0.656535 0.919028 0.659574 0.91498 0.665653 0.91498 0.668693 0.910931 0.674772 0.910931 0.683891 0.898785 0.708207 0.898785 0.705167 0.894737 0.705167 0.890688 0.702128 0.88664 0.683891 0.88664 0.680851 0.882591 0.665653 0.882591 0.662614 0.878543 0.647416 0.878543 0.644377 0.874494 0.632219 0.874494 0.629179 0.870445 0.613982 0.870445 0.610942 0.866397 0.56231 0.866397 0.559271 0.862348 0.541033 0.862348 0.537994 0.8583 0.516717 0.8583 0.513678 0.854251 0.495441 0.854251 0.492401 0.850202 0.474164 0.850202 0.471125 0.846154
1 0.75076 0.834008 0.75076 0.850202 0.787234 0.850202 0.790274 0.854251 0.790274 0.846154 0.793313 0.842105 0.793313 0.838057 0.753799 0.838057
1 0.471125 0.809717 0.468085 0.813765 0.419453 0.813765 0.422492 0.813765 0.425532 0.817814 0.428571 0.817814 0.431611 0.821862 0.43465 0.817814 0.483283 0.817814 0.480243 0.817814 0.477204 0.813765 0.474164 0.813765
1 0.240122 0.757085 0.240122 0.773279 0.255319 0.773279 0.255319 0.757085
1 0.987842 0.720648 0.984802 0.724696 0.972644 0.724696 0.969605 0.728745 0.960486 0.728745 0.957447 0.732794 0.948328 0.732794 0.945289 0.736842 0.933131 0.736842 0.930091 0.740891 0.902736 0.740891 0.899696 0.736842 0.902736 0.740891 0.902736 0.744939 0.905775 0.748988 0.905775 0.753036 0.902736 0.757085 0.881459 0.757085 0.881459 0.761134 0.884498 0.765182 0.884498 0.769231 0.887538 0.765182 0.896657 0.765182 0.899696 0.761134 0.924012 0.761134 0.927052 0.757085 0.933131 0.757085 0.93617 0.753036 0.942249 0.753036 0.945289 0.748988 0.951368 0.748988 0.954407 0.744939 0.960486 0.744939 0.963526 0.740891 0.984802 0.740891 0.987842 0.736842 0.990881 0.736842 0.993921 0.732794 0.99696 0.732794 0.99696 0.720648
1 0.054711 0.684211 0.051672 0.688259 0.045593 0.688259 0.048632 0.692308 0.048632 0.696356 0.054711 0.704453 0.054711 0.708502 0.057751 0.712551 0.057751 0.716599 0.06383 0.724696 0.066869 0.724696 0.075988 0.736842 0.079027 0.736842 0.085106 0.744939 0.085106 0.740891 0.088146 0.736842 0.088146 0.732794 0.091185 0.728745 0.088146 0.724696 0.085106 0.724696 0.075988 0.712551 0.072948 0.712551 0.06079 0.696356 0.06079 0.692308
1 0.793313 0.489879 0.790274 0.493927 0.784195 0.493927 0.781155 0.497976 0.775076 0.497976 0.772036 0.502024 0.762918 0.502024 0.759878 0.506073 0.753799 0.506073 0.75076 0.510121 0.744681 0.510121 0.744681 0.518219 0.74772 0.51417 0.756839 0.51417 0.759878 0.510121 0.768997 0.510121 0.772036 0.506073 0.793313 0.506073 0.793313 0.502024 0.796353 0.497976 0.793313 0.493927
1 0.787234 0.45749 0.787234 0.461538 0.784195 0.465587 0.832827 0.465587 0.835866 0.469636 0.933131 0.469636 0.93617 0.473684 0.942249 0.473684 0.942249 0.461538 0.790274 0.461538
1 0.805471 0.408907 0.805471 0.417004 0.808511 0.421053 0.808511 0.42915 0.851064 0.42915 0.854103 0.433198 0.857143 0.42915 0.860182 0.42915 0.857143 0.425101 0.857143 0.421053 0.848024 0.421053 0.844985 0.417004 0.832827 0.417004 0.829787 0.412955 0.820669 0.412955 0.817629 0.408907
1 0.06079 0.40081 0.057751 0.404858 0.057751 0.408907 0.054711 0.412955 0.057751 0.412955 0.06079 0.417004 0.06383 0.417004 0.072948 0.42915 0.072948 0.433198 0.079027 0.441296 0.082067 0.437247 0.091185 0.437247 0.091185 0.42915 0.094225 0.425101 0.094225 0.412955 0.097264 0.408907 0.097264 0.404858 0.072948 0.404858 0.069909 0.40081
