0 0.302067 0.5 0.300477 0.502128 0.300477 0.504255 0.297297 0.508511 0.303657 0.508511 0.305246 0.510638 0.310016 0.510638 0.311606 0.512766 0.317965 0.512766 0.319555 0.514894 0.324324 0.514894 0.325914 0.517021 0.325914 0.512766 0.327504 0.510638 0.327504 0.506383 0.321145 0.506383 0.319555 0.504255 0.311606 0.504255 0.310016 0.502128 0.303657 0.502128
0 0.18283 0.406383 0.18124 0.408511 0.18124 0.410638 0.17965 0.412766 0.17965 0.414894 0.176471 0.419149 0.176471 0.421277 0.171701 0.42766 0.170111 0.42766 0.166932 0.431915 0.165342 0.431915 0.162162 0.43617 0.160572 0.43617 0.158983 0.438298 0.166932 0.448936 0.168521 0.446809 0.170111 0.446809 0.171701 0.444681 0.173291 0.444681 0.174881 0.442553 0.176471 0.442553 0.17806 0.440426 0.17965 0.440426 0.18124 0.438298 0.18442 0.438298 0.18601 0.440426 0.187599 0.440426 0.189189 0.442553 0.190779 0.442553 0.192369 0.444681 0.193959 0.442553 0.197138 0.442553 0.197138 0.440426 0.195548 0.438298 0.195548 0.43617 0.193959 0.434043 0.193959 0.431915 0.192369 0.429787 0.192369 0.42766 0.193959 0.425532 0.203498 0.425532 0.205087 0.423404 0.216216 0.423404 0.217806 0.425532 0.219396 0.425532 0.224165 0.431915 0.230525 0.431915 0.230525 0.425532 0.232114 0.423404 0.232114 0.412766 0.233704 0.410638 0.233704 0.406383
0 0.119237 0.402128 0.116057 0.406383 0.114467 0.406383 0.112878 0.408511 0.071542 0.408511 0.069952 0.406383 0.068362 0.408511 0.068362 0.410638 0.063593 0.417021 0.063593 0.419149 0.060413 0.423404 0.057234 0.423404 0.055644 0.425532 0.052464 0.425532 0.050874 0.42766 0.047695 0.42766 0.046105 0.429787 0.041335 0.429787 0.039746 0.431915 0.036566 0.431915 0.034976 0.434043 0.031797 0.434043 0.030207 0.43617 0.027027 0.43617 0.028617 0.438298 0.028617 0.440426 0.030207 0.442553 0.044515 0.442553 0.046105 0.440426 0.055644 0.440426 0.057234 0.438298 0.066773 0.438298 0.074722 0.448936 0.074722 0.453191 0.073132 0.455319 0.073132 0.459574 0.082671 0.459574 0.084261 0.461702 0.085851 0.459574 0.085851 0.457447 0.09062 0.451064 0.09062 0.448936 0.09221 0.446809 0.079491 0.446809 0.077901 0.444681 0.077901 0.442553 0.076312 0.440426 0.076312 0.438298 0.077901 0.43617 0.0938 0.43617 0.101749 0.425532 0.103339 0.425532 0.108108 0.419149 0.109698 0.421277 0.109698 0.42766 0.108108 0.429787 0.108108 0.438298 0.117647 0.451064 0.119237 0.448936 0.119237 0.446809 0.122417 0.442553 0.114467 0.431915 0.117647 0.42766 0.119237 0.42766 0.122417 0.423404 0.124006 0.423404 0.125596 0.421277 0.125596 0.404255 0.120827 0.404255
0 0.475358 0.36383 0.475358 0.365957 0.473768 0.368085 0.473768 0.370213 0.472178 0.37234 0.472178 0.374468 0.470588 0.376596 0.470588 0.391489 0.486486 0.391489 0.488076 0.393617 0.488076 0.391489 0.489666 0.389362 0.489666 0.387234 0.491256 0.385106 0.491256 0.382979 0.492846 0.380851 0.489666 0.376596 0.489666 0.374468 0.484897 0.368085 0.484897 0.365957 0.483307 0.36383
0 0.282989 0.359574 0.282989 0.361702 0.281399 0.36383 0.281399 0.365957 0.279809 0.368085 0.279809 0.370213 0.278219 0.37234 0.278219 0.374468 0.27663 0.376596 0.281399 0.382979 0.281399 0.387234 0.279809 0.389362 0.279809 0.391489 0.305246 0.391489 0.305246 0.376596 0.295707 0.376596 0.294118 0.374468 0.303657 0.361702 0.305246 0.361702 0.306836 0.359574
0 0.503975 0.355319 0.502385 0.357447 0.499205 0.357447 0.497615 0.359574 0.494436 0.359574 0.492846 0.361702 0.489666 0.361702 0.491256 0.36383 0.492846 0.36383 0.497615 0.370213 0.499205 0.370213 0.502385 0.374468 0.503975 0.37234 0.521463 0.37234 0.521463 0.365957 0.523052 0.36383 0.523052 0.357447 0.505564 0.357447
0 0.198728 0.340426 0.195548 0.344681 0.195548 0.346809 0.189189 0.355319 0.18442 0.355319 0.18283 0.357447 0.17806 0.357447 0.176471 0.359574 0.171701 0.359574 0.171701 0.361702 0.170111 0.36383 0.170111 0.365957 0.168521 0.368085 0.168521 0.370213 0.18601 0.370213 0.187599 0.37234 0.187599 0.378723 0.189189 0.376596 0.206677 0.376596 0.208267 0.374468 0.209857 0.374468 0.213037 0.370213 0.214626 0.370213 0.217806 0.365957 0.219396 0.365957 0.220986 0.36383 0.228935 0.36383 0.230525 0.361702 0.240064 0.361702 0.241653 0.359574 0.249603 0.359574 0.249603 0.355319 0.251192 0.353191 0.251192 0.348936 0.249603 0.351064 0.232114 0.351064 0.228935 0.346809 0.228935 0.344681 0.227345 0.342553 0.227345 0.340426
0 0.27027 0.306383 0.26868 0.308511 0.267091 0.308511 0.265501 0.310638 0.262321 0.310638 0.260731 0.312766 0.259141 0.312766 0.257552 0.314894 0.254372 0.314894 0.252782 0.317021 0.251192 0.317021 0.249603 0.319149 0.246423 0.319149 0.246423 0.323404 0.244833 0.325532 0.244833 0.32766 0.246423 0.329787 0.248013 0.329787 0.251192 0.334043 0.252782 0.331915 0.257552 0.331915 0.259141 0.329787 0.263911 0.329787 0.257552 0.321277 0.259141 0.319149 0.289348 0.319149 0.289348 0.312766 0.290938 0.310638 0.290938 0.306383
0 0.3593 0.302128 0.357711 0.304255 0.354531 0.304255 0.352941 0.306383 0.348172 0.306383 0.348172 0.314894 0.352941 0.314894 0.354531 0.317021 0.357711 0.317021 0.3593 0.319149 0.36089 0.317021 0.36725 0.317021 0.368839 0.314894 0.373609 0.314894 0.375199 0.312766 0.381558 0.312766 0.381558 0.310638 0.379968 0.308511 0.379968 0.304255 0.378378 0.306383 0.375199 0.306383 0.373609 0.308511 0.36725 0.308511 0.36566 0.306383 0.36407 0.306383 0.36248 0.304255 0.36089 0.304255
0 0.205087 0.274468 0.203498 0.276596 0.195548 0.276596 0.190779 0.282979 0.190779 0.285106 0.18442 0.293617 0.18283 0.293617 0.17965 0.289362 0.163752 0.289362 0.163752 0.291489 0.162162 0.293617 0.162162 0.295745 0.168521 0.295745 0.170111 0.297872 0.174881 0.297872 0.176471 0.3 0.17806 0.297872 0.209857 0.297872 0.209857 0.295745 0.208267 0.293617 0.208267 0.287234 0.206677 0.285106 0.206677 0.278723 0.205087 0.276596
1 0.141494 0.880851 0.139905 0.882979 0.138315 0.882979 0.136725 0.885106 0.135135 0.885106 0.133545 0.887234 0.131955 0.887234 0.130366 0.889362 0.128776 0.889362 0.127186 0.891489 0.125596 0.891489 0.124006 0.893617 0.122417 0.893617 0.120827 0.895745 0.119237 0.895745 0.116057 0.9 0.114467 0.9 0.108108 0.908511 0.106518 0.908511 0.103339 0.912766 0.101749 0.912766 0.100159 0.914894 0.098569 0.914894 0.096979 0.917021 0.0938 0.917021 0.09221 0.919149 0.09062 0.919149 0.08903 0.917021 0.09062 0.914894 0.09062 0.912766 0.09221 0.910638 0.09221 0.908511 0.0938 0.906383 0.0938 0.904255 0.09539 0.902128 0.09539 0.9 0.096979 0.897872 0.09221 0.897872 0.09062 0.895745 0.08903 0.897872 0.08903 0.9 0.08744 0.902128 0.08744 0.904255 0.085851 0.906383 0.085851 0.908511 0.084261 0.910638 0.084261 0.912766 0.082671 0.914894 0.082671 0.917021 0.079491 0.921277 0.079491 0.923404 0.077901 0.925532 0.077901 0.92766 0.076312 0.929787 0.076312 0.931915 0.074722 0.934043 0.074722 0.93617 0.071542 0.940426 0.071542 0.942553 0.069952 0.944681 0.069952 0.946809 0.068362 0.948936 0.068362 0.951064 0.066773 0.953191 0.066773 0.955319 0.065183 0.957447 0.065183 0.959574 0.063593 0.961702 0.069952 0.961702 0.071542 0.96383 0.071542 0.961702 0.073132 0.959574 0.073132 0.957447 0.074722 0.955319 0.074722 0.953191 0.076312 0.951064 0.076312 0.948936 0.077901 0.946809 0.077901 0.944681 0.079491 0.942553 0.079491 0.940426 0.081081 0.938298 0.081081 0.93617 0.082671 0.934043 0.082671 0.931915 0.084261 0.929787 0.084261 0.92766 0.085851 0.925532 0.100159 0.925532 0.103339 0.921277 0.104928 0.921277 0.108108 0.917021 0.109698 0.917021 0.119237 0.904255 0.120827 0.904255 0.122417 0.902128 0.124006 0.902128 0.127186 0.897872 0.128776 0.897872 0.130366 0.895745 0.131955 0.895745 0.133545 0.893617 0.135135 0.893617 0.138315 0.889362 0.139905 0.889362 0.141494 0.887234 0.143084 0.887234 0.143084 0.885106 0.141494 0.882979
1 0.891892 0.819149 0.879173 0.83617 0.858506 0.83617 0.855326 0.840426 0.855326 0.842553 0.848967 0.851064 0.829889 0.851064 0.828299 0.848936 0.82194 0.848936 0.82035 0.846809 0.81399 0.846809 0.812401 0.844681 0.810811 0.846809 0.807631 0.846809 0.806041 0.848936 0.801272 0.848936 0.799682 0.851064 0.796502 0.851064 0.794913 0.853191 0.790143 0.853191 0.788553 0.855319 0.785374 0.855319 0.783784 0.857447 0.779014 0.857447 0.780604 0.857447 0.782194 0.859574 0.783784 0.859574 0.785374 0.861702 0.786963 0.861702 0.788553 0.86383 0.790143 0.86383 0.791733 0.865957 0.793323 0.865957 0.794913 0.868085 0.796502 0.868085 0.798092 0.870213 0.799682 0.870213 0.801272 0.87234 0.802862 0.870213 0.826709 0.870213 0.828299 0.87234 0.829889 0.87234 0.833068 0.876596 0.834658 0.876596 0.836248 0.878723 0.837838 0.876596 0.842607 0.876596 0.844197 0.874468 0.850556 0.874468 0.852146 0.87234 0.856916 0.87234 0.858506 0.870213 0.864865 0.870213 0.864865 0.86383 0.863275 0.861702 0.863275 0.855319 0.864865 0.853191 0.871224 0.853191 0.872814 0.851064 0.895072 0.851064 0.896661 0.853191 0.896661 0.851064 0.898251 0.848936 0.898251 0.846809 0.899841 0.844681 0.899841 0.842553 0.901431 0.840426 0.901431 0.838298 0.903021 0.83617 0.896661 0.82766 0.896661 0.825532
1 0.879173 0.680851 0.874404 0.687234 0.872814 0.687234 0.869634 0.691489 0.874404 0.697872 0.874404 0.7 0.877583 0.704255 0.875994 0.706383 0.850556 0.706383 0.850556 0.710638 0.848967 0.712766 0.848967 0.714894 0.882353 0.714894 0.883943 0.717021 0.885533 0.717021 0.887122 0.719149 0.888712 0.719149 0.891892 0.723404 0.893482 0.723404 0.895072 0.725532 0.896661 0.725532 0.898251 0.72766 0.90461 0.72766 0.9062 0.729787 0.914149 0.729787 0.915739 0.731915 0.922099 0.731915 0.923688 0.734043 0.923688 0.725532 0.90938 0.725532 0.90779 0.723404 0.9062 0.723404 0.90461 0.721277 0.903021 0.721277 0.901431 0.719149 0.903021 0.717021 0.915739 0.717021 0.917329 0.719149 0.934817 0.719149 0.936407 0.721277 0.936407 0.712766 0.895072 0.712766 0.891892 0.708511 0.890302 0.708511 0.888712 0.706383 0.887122 0.706383 0.885533 0.704255 0.883943 0.704255 0.880763 0.7 0.879173 0.7 0.877583 0.697872 0.877583 0.689362 0.879173 0.687234 0.882353 0.687234 0.883943 0.689362 0.890302 0.689362 0.891892 0.691489 0.896661 0.691489 0.898251 0.693617 0.903021 0.693617 0.90461 0.695745 0.91097 0.695745 0.91256 0.697872 0.917329 0.697872 0.918919 0.7 0.920509 0.697872 0.920509 0.695745 0.922099 0.693617 0.915739 0.693617 0.914149 0.691489 0.90938 0.691489 0.90779 0.689362 0.901431 0.689362 0.899841 0.687234 0.895072 0.687234 0.893482 0.685106 0.887122 0.685106 0.885533 0.682979 0.880763 0.682979
1 0.319555 0.644681 0.317965 0.646809 0.313196 0.646809 0.311606 0.648936 0.305246 0.648936 0.305246 0.653191 0.311606 0.653191 0.313196 0.655319 0.313196 0.657447 0.314785 0.659574 0.314785 0.66383 0.335453 0.66383 0.337043 0.665957 0.341812 0.665957 0.343402 0.668085 0.349762 0.668085 0.351351 0.670213 0.356121 0.670213 0.357711 0.67234 0.36407 0.67234 0.36566 0.674468 0.370429 0.674468 0.372019 0.676596 0.373609 0.674468 0.378378 0.674468 0.375199 0.674468 0.373609 0.67234 0.370429 0.67234 0.368839 0.670213 0.36566 0.670213 0.36407 0.668085 0.3593 0.668085 0.357711 0.665957 0.354531 0.665957 0.352941 0.66383 0.349762 0.66383 0.348172 0.661702 0.344992 0.661702 0.343402 0.659574 0.344992 0.657447 0.3593 0.657447 0.3593 0.646809 0.357711 0.648936 0.352941 0.648936 0.351351 0.651064 0.344992 0.651064 0.343402 0.653191 0.338633 0.653191 0.337043 0.655319 0.319555 0.655319 0.317965 0.653191 0.317965 0.651064 0.319555 0.648936
1 0.144674 0.568085 0.144674 0.570213 0.143084 0.57234 0.143084 0.574468 0.141494 0.576596 0.144674 0.580851 0.146264 0.580851 0.152623 0.589362 0.154213 0.589362 0.155803 0.591489 0.157393 0.591489 0.158983 0.593617 0.160572 0.593617 0.162162 0.595745 0.163752 0.595745 0.165342 0.597872 0.166932 0.597872 0.168521 0.6 0.176471 0.6 0.17806 0.602128 0.18442 0.602128 0.18601 0.604255 0.193959 0.604255 0.195548 0.606383 0.195548 0.591489 0.189189 0.582979 0.187599 0.582979 0.17965 0.57234 0.171701 0.57234 0.170111 0.570213 0.163752 0.570213 0.162162 0.568085 0.158983 0.57234 0.157393 0.57234 0.154213 0.576596 0.152623 0.576596 0.151033 0.574468 0.149444 0.574468
1 0.974563 0.402128 0.972973 0.404255 0.960254 0.404255 0.958665 0.406383 0.945946 0.406383 0.944356 0.408511 0.942766 0.408511 0.941176 0.410638 0.939587 0.410638 0.936407 0.414894 0.934817 0.414894 0.933227 0.417021 0.931638 0.417021 0.930048 0.419149 0.925278 0.419149 0.923688 0.417021 0.922099 0.417021 0.920509 0.414894 0.917329 0.414894 0.915739 0.412766 0.914149 0.414894 0.90938 0.414894 0.90779 0.417021 0.903021 0.417021 0.903021 0.419149 0.901431 0.421277 0.901431 0.423404 0.899841 0.425532 0.899841 0.429787 0.898251 0.431915 0.898251 0.43617 0.896661 0.438298 0.896661 0.440426 0.895072 0.442553 0.895072 0.446809 0.893482 0.448936 0.893482 0.451064 0.891892 0.453191 0.891892 0.455319 0.896661 0.455319 0.898251 0.457447 0.90461 0.457447 0.9062 0.459574 0.91097 0.459574 0.91256 0.461702 0.91256 0.459574 0.914149 0.457447 0.914149 0.451064 0.915739 0.448936 0.915739 0.446809 0.9062 0.446809 0.90461 0.444681 0.9062 0.442553 0.9062 0.440426 0.90779 0.438298 0.90779 0.43617 0.90938 0.434043 0.90938 0.431915 0.91256 0.42766 0.914149 0.42766 0.915739 0.429787 0.918919 0.429787 0.920509 0.431915 0.923688 0.431915 0.925278 0.434043 0.925278 0.43617 0.926868 0.438298 0.926868 0.440426 0.928458 0.442553 0.928458 0.444681 0.934817 0.444681 0.936407 0.446809 0.941176 0.446809 0.942766 0.448936 0.942766 0.453191 0.941176 0.455319 0.941176 0.46383 0.939587 0.465957 0.939587 0.470213 0.958665 0.470213 0.958665 0.465957 0.957075 0.46383 0.957075 0.457447 0.955485 0.455319 0.955485 0.453191 0.957075 0.451064 0.969793 0.451064 0.971383 0.453191 0.971383 0.444681 0.965024 0.444681 0.963434 0.442553 0.957075 0.442553 0.955485 0.440426 0.949126 0.440426 0.947536 0.438298 0.941176 0.438298 0.939587 0.43617 0.939587 0.434043 0.941176 0.431915 0.941176 0.42766 0.942766 0.425532 0.942766 0.423404 0.944356 0.421277 0.944356 0.419149 0.945946 0.417021 0.950715 0.417021 0.952305 0.414894 0.963434 0.414894 0.965024 0.417021 0.968203 0.417021 0.969793 0.419149 0.974563 0.419149 0.976153 0.421277 0.979332 0.421277 0.980922 0.423404 0.980922 0.421277 0.982512 0.419149 0.982512 0.417021 0.984102 0.414894 0.984102 0.412766 0.980922 0.408511 0.979332 0.408511
1 0.050874 0.378723 0.049285 0.380851 0.025437 0.380851 0.023847 0.382979 0.0 0.382979 0.0 0.391489 0.00159 0.389362 0.025437 0.389362 0.027027 0.387234 0.050874 0.387234
1 0.36566 0.340426 0.36407 0.342553 0.354531 0.342553 0.354531 0.344681 0.352941 0.346809 0.352941 0.348936 0.351351 0.351064 0.351351 0.353191 0.356121 0.353191 0.357711 0.355319 0.36248 0.355319 0.36407 0.357447 0.36407 0.348936 0.36566 0.346809
1 0.669316 0.331915 0.669316 0.344681 0.683625 0.344681 0.685215 0.346809 0.686804 0.344681 0.689984 0.344681 0.691574 0.342553 0.694754 0.342553 0.696343 0.340426 0.699523 0.340426 0.699523 0.33617 0.701113 0.334043 0.701113 0.331915
1 0.45787 0.329787 0.45628 0.331915 0.45469 0.331915 0.4531 0.334043 0.45151 0.334043 0.448331 0.338298 0.446741 0.338298 0.445151 0.340426 0.432432 0.340426 0.430843 0.338298 0.445151 0.357447 0.446741 0.355319 0.468998 0.355319 0.468998 0.353191 0.470588 0.351064 0.470588 0.348936 0.472178 0.346809 0.472178 0.344681 0.475358 0.340426 0.483307 0.340426 0.483307 0.334043 0.472178 0.334043 0.470588 0.331915 0.459459 0.331915
1 0.850556 0.314894 0.850556 0.321277 0.852146 0.321277 0.855326 0.325532 0.856916 0.325532 0.858506 0.32766 0.861685 0.323404 0.863275 0.323404 0.861685 0.323404 0.860095 0.321277 0.858506 0.321277 0.856916 0.319149 0.855326 0.319149 0.853736 0.317021 0.852146 0.317021
1 0.901431 0.295745 0.899841 0.297872 0.899841 0.3 0.898251 0.302128 0.898251 0.304255 0.896661 0.306383 0.903021 0.306383 0.90461 0.308511 0.90461 0.310638 0.903021 0.312766 0.903021 0.314894 0.901431 0.317021 0.901431 0.319149 0.899841 0.321277 0.899841 0.323404 0.895072 0.329787 0.895072 0.331915 0.893482 0.334043 0.896661 0.338298 0.898251 0.338298 0.90461 0.346809 0.9062 0.344681 0.917329 0.344681 0.918919 0.342553 0.933227 0.342553 0.934817 0.344681 0.937997 0.344681 0.939587 0.346809 0.941176 0.346809 0.942766 0.348936 0.945946 0.348936 0.947536 0.351064 0.950715 0.351064 0.952305 0.353191 0.955485 0.353191 0.957075 0.355319 0.958665 0.355319 0.960254 0.357447 0.963434 0.357447 0.965024 0.359574 0.968203 0.359574 0.969793 0.361702 0.99841 0.361702 0.99841 0.353191 0.99682 0.351064 0.995231 0.351064 0.993641 0.348936 0.990461 0.348936 0.988871 0.346809 0.987281 0.346809 0.985692 0.344681 0.984102 0.344681 0.982512 0.342553 0.980922 0.342553 0.979332 0.340426 0.977742 0.342553 0.955485 0.342553 0.952305 0.338298 0.950715 0.338298 0.944356 0.329787 0.942766 0.329787 0.937997 0.323404 0.918919 0.323404 0.917329 0.321277 0.917329 0.304255 0.914149 0.304255 0.91256 0.302128 0.91097 0.302128 0.90938 0.3 0.9062 0.3 0.90461 0.297872 0.903021 0.297872
1 0.461049 0.274468 0.459459 0.276596 0.45787 0.276596 0.45469 0.280851 0.4531 0.280851 0.45628 0.285106 0.45787 0.285106 0.465819 0.295745 0.467409 0.295745 0.472178 0.302128 0.473768 0.3 0.480127 0.3 0.481717 0.297872 0.489666 0.297872 0.488076 0.295745 0.488076 0.293617 0.486486 0.291489 0.484897 0.291489 0.483307 0.289362 0.481717 0.289362 0.480127 0.287234 0.478537 0.287234 0.476948 0.285106 0.475358 0.285106 0.473768 0.282979 0.472178 0.282979 0.470588 0.280851 0.468998 0.280851 0.467409 0.278723 0.465819 0.278723 0.464229 0.276596 0.462639 0.276596
1 0.831479 0.248936 0.826709 0.255319 0.825119 0.255319 0.823529 0.257447 0.823529 0.259574 0.82194 0.261702 0.82194 0.26383 0.82035 0.265957 0.82035 0.268085 0.81876 0.270213 0.81876 0.27234 0.81717 0.274468 0.809221 0.274468 0.807631 0.276596 0.799682 0.276596 0.798092 0.278723 0.798092 0.280851 0.794913 0.285106 0.794913 0.287234 0.791733 0.291489 0.791733 0.293617 0.790143 0.295745 0.782194 0.295745 0.780604 0.293617 0.772655 0.293617 0.771065 0.291489 0.772655 0.289362 0.774245 0.289362 0.775835 0.287234 0.777424 0.287234 0.779014 0.285106 0.780604 0.285106 0.782194 0.282979 0.783784 0.282979 0.785374 0.280851 0.786963 0.280851 0.782194 0.274468 0.780604 0.276596 0.777424 0.276596 0.775835 0.278723 0.771065 0.278723 0.769475 0.280851 0.767886 0.280851 0.766296 0.282979 0.764706 0.282979 0.763116 0.285106 0.761526 0.285106 0.759936 0.287234 0.748808 0.287234 0.748808 0.295745 0.747218 0.297872 0.747218 0.304255 0.759936 0.304255 0.761526 0.306383 0.772655 0.306383 0.775835 0.310638 0.775835 0.312766 0.780604 0.319149 0.780604 0.321277 0.782194 0.323404 0.793323 0.323404 0.794913 0.325532 0.804452 0.325532 0.806041 0.32766 0.81717 0.32766 0.81876 0.329787 0.82194 0.325532 0.823529 0.325532 0.825119 0.323404 0.82035 0.323404 0.81876 0.321277 0.81399 0.321277 0.812401 0.319149 0.809221 0.319149 0.807631 0.317021 0.802862 0.317021 0.801272 0.314894 0.807631 0.306383 0.807631 0.304255 0.81558 0.293617 0.82194 0.293617 0.823529 0.291489 0.828299 0.291489 0.829889 0.289362 0.836248 0.289362 0.841017 0.282979 0.842607 0.282979 0.845787 0.278723 0.845787 0.27234 0.844197 0.270213 0.844197 0.259574 0.842607 0.257447 0.842607 0.251064 0.833068 0.251064
1 0.578696 0.23617 0.577107 0.238298 0.569157 0.238298 0.567568 0.240426 0.558029 0.240426 0.556439 0.242553 0.556439 0.244681 0.553259 0.248936 0.553259 0.251064 0.550079 0.255319 0.550079 0.257447 0.54849 0.259574 0.553259 0.259574 0.554849 0.261702 0.559618 0.261702 0.561208 0.26383 0.565978 0.26383 0.567568 0.265957 0.569157 0.265957 0.570747 0.268085 0.573927 0.268085 0.575517 0.270213 0.577107 0.270213 0.578696 0.27234 0.580286 0.270213 0.583466 0.270213 0.585056 0.268085 0.588235 0.268085 0.589825 0.265957 0.593005 0.265957 0.594595 0.26383 0.597774 0.26383 0.599364 0.261702 0.602544 0.261702 0.600954 0.259574 0.599364 0.259574 0.594595 0.253191 0.593005 0.255319 0.585056 0.255319 0.583466 0.257447 0.573927 0.257447 0.570747 0.253191 0.570747 0.251064 0.567568 0.246809 0.569157 0.244681 0.575517 0.244681 0.577107 0.242553 0.583466 0.242553
1 0.058824 0.219149 0.058824 0.223404 0.057234 0.225532 0.057234 0.22766 0.058824 0.225532 0.066773 0.225532 0.066773 0.223404 0.068362 0.221277 0.068362 0.219149
1 0.807631 0.210638 0.806041 0.212766 0.806041 0.214894 0.804452 0.217021 0.804452 0.219149 0.802862 0.221277 0.791733 0.221277 0.791733 0.223404 0.790143 0.225532 0.790143 0.22766 0.788553 0.229787 0.788553 0.231915 0.786963 0.234043 0.791733 0.234043 0.793323 0.23617 0.796502 0.23617 0.798092 0.238298 0.802862 0.238298 0.804452 0.240426 0.804452 0.238298 0.806041 0.23617 0.806041 0.234043 0.807631 0.231915 0.807631 0.229787 0.809221 0.22766 0.812401 0.22766 0.81399 0.225532 0.81876 0.225532
1 0.421304 0.2 0.421304 0.202128 0.419714 0.204255 0.419714 0.206383 0.418124 0.208511 0.418124 0.210638 0.416534 0.212766 0.416534 0.214894 0.413355 0.219149 0.408585 0.219149 0.405405 0.223404 0.406995 0.223404 0.408585 0.225532 0.411765 0.225532 0.413355 0.22766 0.414944 0.22766 0.416534 0.229787 0.418124 0.229787 0.419714 0.231915 0.461049 0.231915 0.461049 0.22766 0.45787 0.22766 0.45628 0.225532 0.4531 0.225532 0.449921 0.221277 0.449921 0.219149 0.445151 0.212766 0.445151 0.210638 0.441971 0.206383 0.441971 0.204255 0.440382 0.202128 0.422893 0.202128
1 0.63275 0.182979 0.63434 0.185106 0.63593 0.185106 0.6407 0.191489 0.642289 0.191489 0.645469 0.195745 0.647059 0.193617 0.661367 0.193617 0.662957 0.191489 0.697933 0.191489 0.699523 0.193617 0.697933 0.195745 0.693164 0.195745 0.691574 0.197872 0.686804 0.197872 0.685215 0.2 0.680445 0.2 0.678855 0.202128 0.661367 0.202128 0.661367 0.208511 0.659777 0.210638 0.659777 0.214894 0.664547 0.214894 0.666137 0.217021 0.669316 0.217021 0.670906 0.219149 0.675676 0.219149 0.677266 0.221277 0.694754 0.221277 0.694754 0.214894 0.693164 0.212766 0.693164 0.206383 0.694754 0.204255 0.697933 0.204255 0.699523 0.202128 0.702703 0.202128 0.704293 0.2 0.709062 0.2 0.710652 0.197872 0.713831 0.197872 0.715421 0.195745 0.744038 0.195745 0.744038 0.193617 0.745628 0.191489 0.745628 0.189362 0.747218 0.187234 0.715421 0.187234 0.713831 0.185106 0.683625 0.185106 0.682035 0.182979
1 0.54849 0.182979 0.5469 0.185106 0.54372 0.185106 0.54213 0.187234 0.537361 0.187234 0.540541 0.191489 0.54213 0.191489 0.54849 0.2 0.5469 0.202128 0.534181 0.202128 0.534181 0.208511 0.5469 0.208511 0.54849 0.210638 0.550079 0.208511 0.551669 0.208511 0.553259 0.206383 0.558029 0.206383 0.559618 0.208511 0.561208 0.208511 0.562798 0.210638 0.565978 0.210638 0.567568 0.212766 0.575517 0.212766 0.577107 0.214894 0.586645 0.214894 0.588235 0.217021 0.596184 0.217021 0.597774 0.219149 0.597774 0.208511 0.599364 0.206383 0.599364 0.197872 0.594595 0.197872 0.593005 0.195745 0.588235 0.195745 0.586645 0.193617 0.585056 0.195745 0.581876 0.195745 0.580286 0.197872 0.578696 0.197872 0.577107 0.2 0.567568 0.2 0.565978 0.197872 0.561208 0.197872 0.556439 0.191489 0.554849 0.191489
1 0.604134 0.168085 0.602544 0.170213 0.599364 0.170213 0.597774 0.17234 0.581876 0.17234 0.580286 0.170213 0.573927 0.178723 0.589825 0.178723 0.591415 0.180851 0.591415 0.182979 0.593005 0.185106 0.593005 0.187234 0.618442 0.187234 0.620032 0.185106 0.620032 0.182979 0.621622 0.180851 0.621622 0.178723 0.623211 0.176596 0.608903 0.176596 0.607313 0.174468 0.607313 0.17234 0.608903 0.170213 0.608903 0.168085
