0 0.200608 0.680162 0.200608 0.684211 0.197568 0.688259 0.197568 0.692308 0.194529 0.696356 0.194529 0.700405 0.191489 0.704453 0.191489 0.708502 0.18845 0.712551 0.18845 0.716599 0.18541 0.720648 0.18541 0.724696 0.206687 0.724696 0.209726 0.728745 0.218845 0.728745 0.221884 0.732794 0.231003 0.732794 0.234043 0.736842 0.234043 0.724696 0.231003 0.720648 0.231003 0.700405 0.227964 0.696356 0.227964 0.684211 0.203647 0.684211
0 0.12766 0.639676 0.12462 0.643725 0.12462 0.647773 0.118541 0.65587 0.112462 0.65587 0.109422 0.659919 0.103343 0.659919 0.100304 0.663968 0.094225 0.663968 0.094225 0.672065 0.097264 0.676113 0.097264 0.684211 0.100304 0.684211 0.103343 0.688259 0.106383 0.688259 0.109422 0.692308 0.112462 0.692308 0.115502 0.696356 0.118541 0.692308 0.121581 0.692308 0.12462 0.688259 0.12766 0.688259 0.133739 0.680162 0.136778 0.680162 0.139818 0.676113 0.142857 0.676113 0.145897 0.672065 0.148936 0.672065 0.148936 0.647773 0.139818 0.647773 0.136778 0.643725 0.130699 0.643725
0 0.702128 0.574899 0.702128 0.578947 0.705167 0.582996 0.705167 0.587045 0.735562 0.587045 0.738602 0.591093 0.738602 0.587045 0.735562 0.582996 0.735562 0.574899
0 0.577508 0.465587 0.574468 0.469636 0.568389 0.469636 0.56535 0.473684 0.559271 0.473684 0.559271 0.506073 0.56535 0.51417 0.56535 0.518219 0.571429 0.526316 0.595745 0.526316 0.598784 0.530364 0.604863 0.530364 0.607903 0.534413 0.610942 0.534413 0.613982 0.538462 0.620061 0.530364 0.6231 0.530364 0.629179 0.522267 0.632219 0.522267 0.638298 0.51417 0.641337 0.51417 0.641337 0.497976 0.644377 0.493927 0.644377 0.481781 0.635258 0.469636 0.632219 0.473684 0.632219 0.477733 0.6231 0.489879 0.6231 0.493927 0.617021 0.502024 0.613982 0.502024 0.607903 0.493927 0.604863 0.493927 0.598784 0.48583 0.595745 0.48583 0.586626 0.473684 0.583587 0.473684
1 0.416413 0.955466 0.413374 0.959514 0.401216 0.959514 0.401216 0.967611 0.404255 0.97166 0.404255 0.983806 0.43465 0.983806 0.425532 0.97166 0.425532 0.967611
1 0.328267 0.935223 0.325228 0.939271 0.322188 0.939271 0.316109 0.947368 0.31307 0.947368 0.31307 0.951417 0.316109 0.955466 0.316109 0.959514 0.319149 0.963563 0.319149 0.967611 0.322188 0.967611 0.328267 0.975709 0.331307 0.975709 0.334347 0.979757 0.337386 0.975709 0.349544 0.975709 0.349544 0.963563 0.346505 0.959514 0.346505 0.94332 0.340426 0.94332 0.337386 0.939271 0.331307 0.939271
1 0.617021 0.704453 0.617021 0.712551 0.613982 0.716599 0.613982 0.720648 0.638298 0.720648 0.641337 0.724696 0.644377 0.720648 0.644377 0.716599 0.647416 0.712551 0.641337 0.712551 0.638298 0.708502 0.632219 0.708502 0.629179 0.704453
1 0.817629 0.676113 0.817629 0.684211 0.81459 0.688259 0.81459 0.696356 0.844985 0.696356 0.848024 0.700405 0.851064 0.696356 0.878419 0.696356 0.878419 0.692308 0.87538 0.688259 0.87538 0.684211 0.87234 0.680162 0.87234 0.676113 0.869301 0.680162 0.863222 0.680162 0.860182 0.684211 0.851064 0.684211 0.848024 0.688259 0.835866 0.688259 0.832827 0.684211 0.829787 0.684211 0.826748 0.680162 0.820669 0.680162
1 0.069909 0.340081 0.069909 0.34413 0.072948 0.348178 0.072948 0.352227 0.075988 0.356275 0.075988 0.364372 0.079027 0.368421 0.079027 0.37247 0.094225 0.37247 0.100304 0.380567 0.103343 0.380567 0.112462 0.392713 0.115502 0.388664 0.142857 0.388664 0.148936 0.396761 0.148936 0.408907 0.151976 0.412955 0.151976 0.417004 0.155015 0.412955 0.164134 0.412955 0.167173 0.408907 0.179331 0.408907 0.182371 0.404858 0.212766 0.404858 0.212766 0.396761 0.215805 0.392713 0.215805 0.388664 0.206687 0.388664 0.203647 0.384615 0.194529 0.384615 0.191489 0.380567 0.18541 0.380567 0.182371 0.376518 0.173252 0.376518 0.170213 0.37247 0.164134 0.37247 0.161094 0.368421 0.151976 0.368421 0.148936 0.364372 0.142857 0.364372 0.139818 0.360324 0.109422 0.360324 0.103343 0.352227 0.100304 0.352227 0.094225 0.34413 0.091185 0.34413 0.088146 0.340081
1 0.273556 0.299595 0.270517 0.303644 0.270517 0.307692 0.267477 0.311741 0.270517 0.315789 0.270517 0.319838 0.273556 0.323887 0.273556 0.327935 0.279635 0.336032 0.279635 0.340081 0.282675 0.34413 0.282675 0.348178 0.288754 0.356275 0.288754 0.360324 0.291793 0.364372 0.291793 0.368421 0.294833 0.37247 0.31003 0.37247 0.306991 0.368421 0.306991 0.364372 0.303951 0.360324 0.303951 0.356275 0.297872 0.348178 0.297872 0.34413 0.294833 0.340081 0.294833 0.336032 0.297872 0.331984 0.322188 0.331984 0.319149 0.327935 0.316109 0.327935 0.31003 0.319838 0.306991 0.319838 0.300912 0.311741 0.297872 0.315789 0.288754 0.315789 0.285714 0.311741 0.282675 0.311741
1 0.851064 0.267206 0.854103 0.271255 0.854103 0.275304 0.857143 0.279352 0.857143 0.283401 0.841945 0.303644 0.841945 0.327935 0.838906 0.331984 0.790274 0.331984 0.790274 0.34413 0.793313 0.340081 0.869301 0.340081 0.869301 0.331984 0.87234 0.327935 0.87234 0.315789 0.87538 0.311741 0.87538 0.299595 0.878419 0.295547 0.878419 0.283401 0.881459 0.279352 0.881459 0.275304 0.869301 0.275304 0.866261 0.271255 0.854103 0.271255
1 0.416413 0.259109 0.401216 0.279352 0.404255 0.279352 0.407295 0.283401 0.410334 0.283401 0.413374 0.287449 0.416413 0.287449 0.419453 0.291498 0.419453 0.299595 0.422492 0.303644 0.422492 0.311741 0.425532 0.307692 0.428571 0.307692 0.428571 0.303644 0.431611 0.299595 0.431611 0.295547 0.43465 0.291498 0.458967 0.291498 0.462006 0.295547 0.483283 0.295547 0.486322 0.299595 0.510638 0.299595 0.513678 0.303644 0.513678 0.295547 0.516717 0.291498 0.516717 0.287449 0.465046 0.287449 0.462006 0.283401 0.455927 0.283401 0.452888 0.279352 0.449848 0.279352 0.446809 0.275304 0.440729 0.275304 0.43769 0.271255 0.43465 0.271255 0.431611 0.267206 0.425532 0.267206 0.422492 0.263158 0.419453 0.263158
1 0.489362 0.202429 0.489362 0.206478 0.492401 0.210526 0.492401 0.222672 0.495441 0.226721 0.495441 0.230769 0.49848 0.234818 0.50152 0.234818 0.510638 0.246964 0.510638 0.251012 0.513678 0.255061 0.513678 0.259109 0.516717 0.263158 0.516717 0.267206 0.519757 0.271255 0.519757 0.275304 0.522796 0.271255 0.525836 0.271255 0.528875 0.267206 0.531915 0.267206 0.534954 0.263158 0.537994 0.263158 0.541033 0.259109 0.544073 0.259109 0.547112 0.255061 0.592705 0.255061 0.595745 0.259109 0.595745 0.246964 0.598784 0.242915 0.598784 0.234818 0.601824 0.230769 0.613982 0.230769 0.617021 0.226721 0.62614 0.226721 0.629179 0.230769 0.629179 0.234818 0.62614 0.238866 0.62614 0.255061 0.6231 0.259109 0.6231 0.267206 0.635258 0.267206 0.638298 0.271255 0.647416 0.259109 0.650456 0.259109 0.653495 0.255061 0.665653 0.255061 0.668693 0.259109 0.644377 0.226721 0.641337 0.226721 0.635258 0.218623 0.632219 0.218623 0.62614 0.210526 0.607903 0.210526 0.604863 0.214575 0.601824 0.214575 0.598784 0.218623 0.595745 0.218623 0.592705 0.222672 0.589666 0.222672 0.586626 0.226721 0.583587 0.226721 0.580547 0.230769 0.550152 0.230769 0.547112 0.226721 0.541033 0.226721 0.537994 0.222672 0.534954 0.222672 0.531915 0.218623 0.525836 0.218623 0.522796 0.214575 0.519757 0.214575 0.516717 0.210526 0.510638 0.210526 0.507599 0.206478 0.504559 0.206478 0.50152 0.202429
