0 0.580286 0.985106 0.578696 0.987234 0.577107 0.987234 0.575517 0.989362 0.575517 0.991489 0.572337 0.995745 0.572337 0.997872 0.583466 0.997872 0.583466 0.995745 0.585056 0.993617 0.585056 0.991489 0.586645 0.989362 0.586645 0.987234 0.585056 0.987234 0.583466 0.985106
0 0.882353 0.740426 0.879173 0.744681 0.880763 0.746809 0.882353 0.746809 0.885533 0.751064 0.888712 0.751064 0.890302 0.753191 0.893482 0.753191 0.895072 0.755319 0.898251 0.751064 0.896661 0.751064 0.893482 0.746809 0.891892 0.746809 0.890302 0.744681 0.887122 0.744681 0.885533 0.742553 0.883943 0.742553
0 0.372019 0.734043 0.370429 0.73617 0.368839 0.73617 0.368839 0.738298 0.370429 0.740426 0.370429 0.742553 0.372019 0.744681 0.372019 0.748936 0.373609 0.751064 0.373609 0.753191 0.375199 0.751064 0.378378 0.751064 0.379968 0.748936 0.383148 0.748936 0.384738 0.746809 0.387917 0.746809 0.387917 0.744681 0.386328 0.742553 0.386328 0.738298 0.379968 0.738298 0.378378 0.73617 0.373609 0.73617
0 0.899841 0.646809 0.898251 0.648936 0.896661 0.648936 0.895072 0.651064 0.891892 0.651064 0.891892 0.655319 0.896661 0.661702 0.896661 0.66383 0.903021 0.67234 0.90461 0.67234 0.90938 0.678723 0.90938 0.680851 0.91256 0.685106 0.91256 0.687234 0.915739 0.691489 0.915739 0.693617 0.920509 0.7 0.922099 0.7 0.926868 0.706383 0.931638 0.706383 0.933227 0.704255 0.934817 0.704255 0.936407 0.702128 0.939587 0.702128 0.939587 0.693617 0.931638 0.693617 0.928458 0.689362 0.928458 0.687234 0.926868 0.685106 0.926868 0.682979 0.925278 0.680851 0.925278 0.678723 0.923688 0.676596 0.923688 0.67234 0.922099 0.670213 0.922099 0.668085 0.920509 0.665957 0.920509 0.66383 0.914149 0.655319 0.914149 0.653191 0.90938 0.646809
0 0.244833 0.529787 0.243243 0.531915 0.209857 0.531915 0.208267 0.534043 0.197138 0.534043 0.195548 0.53617 0.18283 0.53617 0.18124 0.538298 0.170111 0.538298 0.170111 0.540426 0.168521 0.542553 0.168521 0.555319 0.166932 0.557447 0.166932 0.565957 0.168521 0.56383 0.176471 0.56383 0.17806 0.561702 0.205087 0.561702 0.208267 0.557447 0.209857 0.557447 0.213037 0.553191 0.217806 0.553191 0.219396 0.551064 0.224165 0.551064 0.225755 0.548936 0.230525 0.548936 0.232114 0.546809 0.259141 0.546809 0.260731 0.548936 0.263911 0.548936 0.265501 0.551064 0.27504 0.551064 0.27663 0.553191 0.278219 0.551064 0.279809 0.551064 0.281399 0.548936 0.282989 0.548936 0.286169 0.544681 0.287758 0.544681 0.290938 0.540426 0.292528 0.540426 0.292528 0.538298 0.294118 0.53617 0.294118 0.531915 0.281399 0.531915 0.279809 0.529787
0 0.317965 0.457447 0.314785 0.461702 0.313196 0.461702 0.313196 0.46383 0.314785 0.465957 0.314785 0.468085 0.316375 0.465957 0.319555 0.465957 0.321145 0.46383 0.325914 0.46383 0.325914 0.459574 0.319555 0.459574
0 0.567568 0.380851 0.565978 0.382979 0.564388 0.382979 0.562798 0.385106 0.559618 0.385106 0.559618 0.393617 0.564388 0.4 0.575517 0.4 0.575517 0.397872 0.577107 0.395745 0.577107 0.393617 0.578696 0.391489 0.578696 0.389362 0.577107 0.387234 0.577107 0.385106 0.575517 0.382979 0.569157 0.382979
0 0.343402 0.3 0.341812 0.302128 0.340223 0.302128 0.338633 0.304255 0.335453 0.304255 0.332273 0.308511 0.332273 0.310638 0.327504 0.317021 0.327504 0.319149 0.324324 0.323404 0.333863 0.323404 0.335453 0.325532 0.337043 0.323404 0.338633 0.323404 0.340223 0.321277 0.343402 0.321277 0.344992 0.319149 0.346582 0.319149 0.348172 0.317021 0.349762 0.317021 0.351351 0.314894 0.352941 0.314894 0.352941 0.310638 0.351351 0.308511 0.351351 0.302128 0.344992 0.302128
0 0.081081 0.178723 0.081081 0.180851 0.079491 0.182979 0.079491 0.185106 0.085851 0.185106 0.08903 0.189362 0.08903 0.191489 0.09062 0.193617 0.09062 0.210638 0.101749 0.210638 0.101749 0.208511 0.100159 0.206383 0.100159 0.204255 0.098569 0.202128 0.098569 0.197872 0.096979 0.195745 0.096979 0.193617 0.09539 0.191489 0.09539 0.189362 0.098569 0.185106 0.100159 0.185106 0.101749 0.182979 0.098569 0.178723
1 0.806041 0.929787 0.807631 0.931915 0.807631 0.934043 0.809221 0.93617 0.809221 0.938298 0.810811 0.940426 0.810811 0.942553 0.812401 0.944681 0.81399 0.944681 0.81558 0.946809 0.81717 0.946809 0.81876 0.948936 0.82194 0.948936 0.823529 0.951064 0.825119 0.951064 0.826709 0.953191 0.828299 0.953191 0.829889 0.955319 0.833068 0.955319 0.834658 0.957447 0.836248 0.957447 0.837838 0.959574 0.839428 0.959574 0.841017 0.961702 0.844197 0.961702 0.845787 0.96383 0.847377 0.96383 0.848967 0.965957 0.850556 0.965957 0.852146 0.968085 0.855326 0.968085 0.856916 0.970213 0.868045 0.970213 0.869634 0.97234 0.871224 0.97234 0.872814 0.974468 0.874404 0.974468 0.875994 0.976596 0.877583 0.976596 0.879173 0.978723 0.880763 0.978723 0.883943 0.982979 0.885533 0.982979 0.888712 0.987234 0.890302 0.987234 0.891892 0.989362 0.893482 0.989362 0.896661 0.993617 0.898251 0.993617 0.901431 0.997872 0.91097 0.997872 0.90938 0.997872 0.90461 0.991489 0.903021 0.991489 0.898251 0.985106 0.896661 0.985106 0.893482 0.980851 0.890302 0.980851 0.888712 0.978723 0.885533 0.978723 0.882353 0.974468 0.880763 0.974468 0.877583 0.970213 0.875994 0.970213 0.874404 0.968085 0.869634 0.968085 0.868045 0.965957 0.861685 0.965957 0.860095 0.96383 0.856916 0.96383 0.855326 0.961702 0.853736 0.961702 0.852146 0.959574 0.848967 0.959574 0.847377 0.957447 0.845787 0.957447 0.844197 0.955319 0.842607 0.955319 0.841017 0.953191 0.839428 0.953191 0.837838 0.951064 0.834658 0.951064 0.833068 0.948936 0.831479 0.948936 0.829889 0.946809 0.828299 0.946809 0.826709 0.944681 0.825119 0.944681 0.82194 0.940426 0.82035 0.940426 0.81717 0.93617 0.81558 0.93617 0.812401 0.931915 0.810811 0.931915 0.809221 0.929787
1 0.937997 0.87234 0.936407 0.874468 0.928458 0.874468 0.926868 0.876596 0.917329 0.876596 0.915739 0.878723 0.90779 0.878723 0.9062 0.880851 0.896661 0.880851 0.895072 0.882979 0.887122 0.882979 0.887122 0.889362 0.888712 0.887234 0.898251 0.887234 0.899841 0.885106 0.90938 0.885106 0.91097 0.882979 0.922099 0.882979 0.923688 0.880851 0.933227 0.880851 0.934817 0.878723 0.944356 0.878723 0.944356 0.87234
1 0.238474 0.819149 0.236884 0.821277 0.235294 0.821277 0.232114 0.825532 0.230525 0.825532 0.228935 0.82766 0.227345 0.82766 0.224165 0.831915 0.222576 0.831915 0.220986 0.834043 0.219396 0.834043 0.216216 0.838298 0.214626 0.838298 0.213037 0.840426 0.211447 0.840426 0.208267 0.844681 0.206677 0.844681 0.205087 0.846809 0.203498 0.846809 0.200318 0.851064 0.198728 0.851064 0.197138 0.853191 0.195548 0.853191 0.192369 0.857447 0.190779 0.857447 0.189189 0.859574 0.187599 0.859574 0.18442 0.86383 0.18283 0.86383 0.18442 0.865957 0.18442 0.868085 0.18601 0.870213 0.18601 0.87234 0.189189 0.868085 0.190779 0.868085 0.193959 0.86383 0.195548 0.86383 0.198728 0.859574 0.200318 0.859574 0.203498 0.855319 0.205087 0.855319 0.208267 0.851064 0.209857 0.851064 0.213037 0.846809 0.214626 0.846809 0.217806 0.842553 0.219396 0.842553 0.222576 0.838298 0.224165 0.838298 0.227345 0.834043 0.228935 0.834043 0.232114 0.829787 0.233704 0.829787 0.236884 0.825532 0.238474 0.825532
1 0.468998 0.640426 0.468998 0.646809 0.470588 0.648936 0.470588 0.657447 0.472178 0.659574 0.472178 0.66383 0.473768 0.665957 0.473768 0.668085 0.475358 0.670213 0.475358 0.674468 0.476948 0.676596 0.476948 0.678723 0.478537 0.676596 0.478537 0.674468 0.480127 0.67234 0.480127 0.670213 0.478537 0.668085 0.478537 0.661702 0.476948 0.659574 0.476948 0.655319 0.475358 0.653191 0.475358 0.646809 0.473768 0.644681 0.473768 0.642553 0.470588 0.642553
1 0.257552 0.629787 0.257552 0.657447 0.260731 0.653191 0.262321 0.653191 0.262321 0.642553 0.263911 0.640426 0.278219 0.640426 0.278219 0.638298 0.27663 0.63617 0.27663 0.634043 0.27504 0.63617 0.27027 0.63617 0.26868 0.638298 0.263911 0.638298 0.260731 0.634043 0.260731 0.631915 0.259141 0.631915
1 0.098569 0.608511 0.096979 0.610638 0.08903 0.610638 0.08744 0.612766 0.08744 0.614894 0.084261 0.619149 0.084261 0.621277 0.082671 0.623404 0.082671 0.625532 0.079491 0.629787 0.079491 0.631915 0.077901 0.634043 0.077901 0.638298 0.076312 0.640426 0.076312 0.644681 0.08744 0.644681 0.08903 0.646809 0.100159 0.646809 0.101749 0.648936 0.101749 0.644681 0.09539 0.644681 0.0938 0.642553 0.08744 0.642553 0.085851 0.640426 0.09221 0.631915 0.0938 0.631915 0.096979 0.62766 0.096979 0.625532 0.098569 0.623404 0.098569 0.621277 0.100159 0.619149 0.100159 0.614894 0.098569 0.612766
1 0.343402 0.6 0.343402 0.608511 0.338633 0.614894 0.338633 0.617021 0.330684 0.62766 0.330684 0.629787 0.327504 0.634043 0.327504 0.63617 0.322734 0.642553 0.322734 0.644681 0.321145 0.646809 0.322734 0.646809 0.324324 0.648936 0.325914 0.648936 0.327504 0.651064 0.329094 0.651064 0.330684 0.653191 0.332273 0.653191 0.333863 0.655319 0.335453 0.655319 0.337043 0.657447 0.338633 0.657447 0.340223 0.659574 0.340223 0.657447 0.341812 0.655319 0.340223 0.655319 0.337043 0.651064 0.335453 0.651064 0.332273 0.646809 0.330684 0.646809 0.327504 0.642553 0.330684 0.638298 0.330684 0.63617 0.338633 0.625532 0.338633 0.623404 0.346582 0.612766 0.346582 0.610638 0.349762 0.606383 0.349762 0.604255 0.348172 0.602128 0.348172 0.6
1 0.438792 0.595745 0.438792 0.597872 0.440382 0.6 0.440382 0.606383 0.441971 0.608511 0.441971 0.614894 0.443561 0.617021 0.443561 0.623404 0.445151 0.625532 0.445151 0.631915 0.446741 0.634043 0.446741 0.640426 0.448331 0.642553 0.448331 0.644681 0.449921 0.642553 0.45151 0.642553 0.45151 0.640426 0.449921 0.638298 0.449921 0.631915 0.448331 0.629787 0.448331 0.623404 0.446741 0.621277 0.446741 0.617021 0.445151 0.614894 0.445151 0.608511 0.443561 0.606383 0.443561 0.6 0.441971 0.597872 0.441971 0.595745
1 0.448331 0.56383 0.446741 0.565957 0.440382 0.565957 0.440382 0.568085 0.438792 0.570213 0.438792 0.57234 0.440382 0.570213 0.4531 0.570213 0.468998 0.591489 0.473768 0.591489 0.476948 0.587234 0.478537 0.587234 0.481717 0.582979 0.483307 0.582979 0.483307 0.580851 0.481717 0.578723 0.481717 0.574468 0.480127 0.576596 0.480127 0.578723 0.475358 0.585106 0.470588 0.585106 0.468998 0.582979 0.468998 0.580851 0.467409 0.578723 0.467409 0.576596 0.465819 0.574468 0.464229 0.574468 0.461049 0.570213 0.459459 0.570213 0.45628 0.565957 0.449921 0.565957
1 0.887122 0.521277 0.887122 0.525532 0.899841 0.525532 0.901431 0.52766 0.90938 0.52766 0.91097 0.529787 0.91256 0.52766 0.937997 0.52766 0.933227 0.521277 0.931638 0.523404 0.928458 0.523404 0.926868 0.525532 0.899841 0.525532 0.898251 0.523404 0.888712 0.523404
1 0.0 0.504255 0.0 0.506383 0.00159 0.508511 0.004769 0.508511 0.006359 0.510638 0.009539 0.510638 0.011129 0.512766 0.015898 0.512766 0.017488 0.514894 0.020668 0.514894 0.022258 0.517021 0.025437 0.517021 0.028617 0.521277 0.028617 0.523404 0.030207 0.523404 0.030207 0.519149 0.028617 0.517021 0.028617 0.514894 0.025437 0.514894 0.023847 0.512766 0.020668 0.512766 0.019078 0.510638 0.015898 0.510638 0.014308 0.508511 0.009539 0.508511 0.007949 0.506383 0.004769 0.506383 0.00318 0.504255
1 0.249603 0.489362 0.246423 0.493617 0.244833 0.493617 0.241653 0.497872 0.240064 0.497872 0.238474 0.5 0.238474 0.508511 0.244833 0.508511 0.246423 0.506383 0.249603 0.506383 0.251192 0.504255 0.254372 0.504255 0.254372 0.502128 0.255962 0.5 0.255962 0.497872 0.257552 0.495745 0.257552 0.493617 0.254372 0.493617 0.252782 0.491489 0.251192 0.491489
1 0.631161 0.480851 0.629571 0.482979 0.627981 0.482979 0.626391 0.485106 0.624801 0.485106 0.623211 0.487234 0.621622 0.487234 0.620032 0.489362 0.618442 0.489362 0.615262 0.493617 0.613672 0.493617 0.612083 0.495745 0.610493 0.495745 0.608903 0.497872 0.607313 0.497872 0.605723 0.5 0.604134 0.5 0.604134 0.502128 0.605723 0.504255 0.605723 0.506383 0.607313 0.504255 0.608903 0.504255 0.610493 0.502128 0.612083 0.502128 0.613672 0.5 0.615262 0.5 0.616852 0.497872 0.618442 0.497872 0.620032 0.495745 0.621622 0.495745 0.623211 0.493617 0.624801 0.493617 0.626391 0.491489 0.627981 0.491489 0.629571 0.489362 0.631161 0.489362 0.63275 0.487234 0.63434 0.487234 0.63275 0.485106 0.63275 0.482979
1 0.761526 0.459574 0.759936 0.461702 0.759936 0.46383 0.758347 0.465957 0.761526 0.465957 0.763116 0.468085 0.766296 0.468085 0.767886 0.470213 0.769475 0.470213 0.771065 0.47234 0.774245 0.47234 0.775835 0.474468 0.777424 0.47234 0.780604 0.47234 0.780604 0.470213 0.779014 0.468085 0.779014 0.465957 0.774245 0.465957 0.772655 0.46383 0.769475 0.46383 0.767886 0.461702 0.763116 0.461702
1 0.6407 0.42766 0.63911 0.429787 0.63434 0.429787 0.63275 0.431915 0.629571 0.431915 0.627981 0.434043 0.623211 0.434043 0.620032 0.438298 0.618442 0.438298 0.615262 0.442553 0.613672 0.442553 0.612083 0.444681 0.613672 0.446809 0.613672 0.448936 0.615262 0.446809 0.616852 0.446809 0.618442 0.444681 0.620032 0.444681 0.621622 0.442553 0.624801 0.442553 0.626391 0.440426 0.627981 0.440426 0.629571 0.438298 0.63593 0.438298 0.63752 0.43617 0.645469 0.43617 0.647059 0.434043 0.648649 0.434043 0.647059 0.431915 0.647059 0.429787 0.645469 0.42766
1 0.895072 0.410638 0.888712 0.419149 0.890302 0.419149 0.891892 0.421277 0.893482 0.421277 0.895072 0.423404 0.898251 0.423404 0.899841 0.425532 0.901431 0.425532 0.903021 0.42766 0.90461 0.42766 0.9062 0.429787 0.90938 0.429787 0.91097 0.431915 0.914149 0.431915 0.915739 0.434043 0.918919 0.434043 0.920509 0.43617 0.923688 0.43617 0.925278 0.438298 0.928458 0.438298 0.930048 0.440426 0.933227 0.440426 0.934817 0.442553 0.934817 0.448936 0.933227 0.451064 0.933227 0.457447 0.936407 0.457447 0.937997 0.459574 0.939587 0.459574 0.941176 0.461702 0.942766 0.459574 0.945946 0.459574 0.947536 0.457447 0.950715 0.457447 0.950715 0.446809 0.952305 0.444681 0.960254 0.444681 0.960254 0.442553 0.961844 0.440426 0.960254 0.440426 0.958665 0.438298 0.955485 0.438298 0.953895 0.43617 0.952305 0.43617 0.950715 0.434043 0.949126 0.434043 0.947536 0.431915 0.939587 0.431915 0.937997 0.429787 0.931638 0.429787 0.922099 0.417021 0.917329 0.417021 0.915739 0.414894 0.91256 0.414894 0.91097 0.412766 0.9062 0.412766 0.90461 0.410638
1 0.834658 0.410638 0.833068 0.412766 0.828299 0.412766 0.829889 0.414894 0.829889 0.417021 0.831479 0.419149 0.831479 0.421277 0.833068 0.423404 0.833068 0.425532 0.837838 0.425532 0.839428 0.42766 0.842607 0.42766 0.844197 0.429787 0.848967 0.429787 0.850556 0.431915 0.852146 0.431915 0.853736 0.434043 0.856916 0.434043 0.858506 0.43617 0.860095 0.43617 0.861685 0.438298 0.863275 0.438298 0.864865 0.440426 0.874404 0.440426 0.875994 0.442553 0.875994 0.440426 0.877583 0.438298 0.877583 0.43617 0.872814 0.43617 0.868045 0.429787 0.868045 0.42766 0.869634 0.425532 0.879173 0.425532 0.874404 0.419149 0.874404 0.417021 0.871224 0.412766 0.866455 0.412766 0.864865 0.410638 0.863275 0.412766 0.858506 0.412766 0.856916 0.414894 0.848967 0.414894 0.847377 0.412766 0.845787 0.412766 0.844197 0.410638
1 0.920509 0.389362 0.918919 0.391489 0.914149 0.391489 0.914149 0.393617 0.91256 0.395745 0.91256 0.397872 0.91097 0.4 0.923688 0.4 0.925278 0.397872 0.925278 0.395745 0.926868 0.393617 0.925278 0.393617 0.923688 0.391489 0.922099 0.391489
1 0.475358 0.389362 0.475358 0.391489 0.473768 0.393617 0.473768 0.397872 0.472178 0.4 0.472178 0.406383 0.470588 0.408511 0.470588 0.412766 0.468998 0.414894 0.468998 0.419149 0.467409 0.421277 0.467409 0.42766 0.465819 0.429787 0.465819 0.434043 0.464229 0.43617 0.464229 0.438298 0.465819 0.43617 0.470588 0.43617 0.470588 0.434043 0.472178 0.431915 0.472178 0.425532 0.473768 0.423404 0.473768 0.419149 0.475358 0.417021 0.475358 0.410638 0.476948 0.408511 0.476948 0.404255 0.478537 0.402128 0.478537 0.395745 0.480127 0.393617 0.480127 0.391489 0.476948 0.391489
1 0.604134 0.380851 0.596184 0.391489 0.607313 0.406383 0.608903 0.404255 0.620032 0.404255 0.621622 0.402128 0.626391 0.402128 0.627981 0.4 0.631161 0.4 0.63275 0.397872 0.63752 0.397872 0.63911 0.395745 0.6407 0.395745 0.642289 0.393617 0.645469 0.393617 0.647059 0.391489 0.648649 0.391489 0.648649 0.387234 0.63275 0.387234 0.631161 0.389362 0.627981 0.389362 0.626391 0.391489 0.624801 0.391489 0.623211 0.393617 0.618442 0.393617 0.615262 0.389362 0.613672 0.389362 0.612083 0.387234 0.610493 0.387234 0.607313 0.382979 0.605723 0.382979
1 0.470588 0.355319 0.468998 0.357447 0.467409 0.357447 0.464229 0.361702 0.462639 0.361702 0.461049 0.36383 0.459459 0.36383 0.45628 0.368085 0.445151 0.368085 0.443561 0.370213 0.437202 0.370213 0.437202 0.374468 0.438792 0.376596 0.438792 0.380851 0.459459 0.380851 0.462639 0.376596 0.464229 0.376596 0.467409 0.37234 0.468998 0.37234 0.470588 0.370213 0.478537 0.370213 0.478537 0.368085 0.480127 0.365957 0.480127 0.361702 0.481717 0.359574 0.481717 0.357447 0.472178 0.357447
1 0.624801 0.33617 0.618442 0.344681 0.616852 0.344681 0.612083 0.351064 0.618442 0.359574 0.620032 0.357447 0.626391 0.357447 0.629571 0.361702 0.629571 0.365957 0.627981 0.368085 0.627981 0.370213 0.623211 0.376596 0.623211 0.378723 0.621622 0.380851 0.63593 0.380851 0.63593 0.378723 0.63752 0.376596 0.63752 0.374468 0.63911 0.37234 0.63911 0.370213 0.6407 0.368085 0.642289 0.368085 0.643879 0.365957 0.647059 0.365957 0.645469 0.36383 0.645469 0.361702 0.643879 0.359574 0.643879 0.357447 0.63911 0.357447 0.63752 0.355319 0.621622 0.355319 0.620032 0.353191 0.623211 0.348936 0.623211 0.346809 0.627981 0.340426
1 0.4531 0.33617 0.45151 0.338298 0.449921 0.338298 0.448331 0.340426 0.446741 0.340426 0.445151 0.342553 0.441971 0.342553 0.440382 0.344681 0.438792 0.344681 0.440382 0.346809 0.440382 0.348936 0.441971 0.351064 0.443561 0.348936 0.45469 0.348936 0.45469 0.344681 0.4531 0.342553
1 0.610493 0.168085 0.608903 0.170213 0.607313 0.170213 0.605723 0.17234 0.604134 0.17234 0.600954 0.176596 0.600954 0.178723 0.597774 0.182979 0.594595 0.182979 0.593005 0.180851 0.589825 0.180851 0.588235 0.178723 0.586645 0.180851 0.586645 0.182979 0.585056 0.185106 0.596184 0.185106 0.597774 0.187234 0.599364 0.185106 0.600954 0.185106 0.602544 0.182979 0.605723 0.182979 0.608903 0.178723 0.610493 0.178723 0.612083 0.176596 0.612083 0.174468 0.610493 0.17234
