0 0.58125 0.989583 0.578125 0.99375 0.578125 0.995833 0.576562 0.997917 0.589062 0.997917 0.589062 0.989583
0 0.973438 0.954167 0.971875 0.95625 0.970312 0.95625 0.96875 0.958333 0.967188 0.958333 0.965625 0.960417 0.9625 0.960417 0.960938 0.9625 0.959375 0.9625 0.957812 0.964583 0.95625 0.964583 0.957812 0.964583 0.959375 0.966667 0.9625 0.966667 0.964062 0.96875 0.965625 0.96875 0.967188 0.970833 0.96875 0.96875 0.970312 0.96875 0.971875 0.966667 0.973438 0.966667 0.975 0.964583 0.976562 0.964583 0.978125 0.9625 0.979688 0.9625 0.98125 0.960417 0.982812 0.960417 0.98125 0.958333 0.98125 0.95625 0.975 0.95625
0 0.282812 0.952083 0.282812 0.958333 0.29375 0.958333 0.29375 0.952083
0 0.060938 0.920833 0.057812 0.925 0.05625 0.925 0.054688 0.927083 0.054688 0.93125 0.060938 0.93125 0.0625 0.933333 0.064062 0.933333 0.067188 0.9375 0.071875 0.93125 0.071875 0.929167 0.070312 0.927083 0.070312 0.922917 0.0625 0.922917
0 0.875 0.916667 0.873438 0.91875 0.86875 0.91875 0.870312 0.920833 0.870312 0.922917 0.871875 0.925 0.871875 0.927083 0.873438 0.929167 0.873438 0.93125 0.875 0.929167 0.878125 0.929167 0.879688 0.927083 0.879688 0.925 0.88125 0.922917 0.88125 0.920833 0.879688 0.91875 0.879688 0.916667
0 0.692188 0.835417 0.692188 0.845833 0.7 0.845833 0.701562 0.847917 0.701562 0.845833 0.703125 0.84375 0.703125 0.835417
0 0.954688 0.81875 0.953125 0.820833 0.95 0.820833 0.948438 0.822917 0.945312 0.822917 0.946875 0.825 0.946875 0.827083 0.948438 0.825 0.951562 0.825 0.953125 0.822917 0.95625 0.822917 0.954688 0.820833
0 0.5 0.802083 0.5 0.804167 0.501562 0.80625 0.501562 0.808333 0.50625 0.808333 0.507812 0.810417 0.510938 0.810417 0.5125 0.8125 0.5125 0.810417 0.514062 0.808333 0.514062 0.80625 0.507812 0.80625 0.50625 0.804167 0.501562 0.804167
0 0.54375 0.791667 0.540625 0.795833 0.54375 0.8 0.54375 0.802083 0.545312 0.804167 0.546875 0.802083 0.55 0.802083 0.545312 0.795833 0.545312 0.79375 0.546875 0.791667
0 0.35 0.745833 0.35 0.75 0.348438 0.752083 0.348438 0.754167 0.35 0.75625 0.351562 0.75625 0.357812 0.764583 0.359375 0.764583 0.3625 0.76875 0.364062 0.76875 0.365625 0.770833 0.367188 0.770833 0.36875 0.772917 0.370312 0.772917 0.371875 0.775 0.376562 0.775 0.375 0.772917 0.375 0.770833 0.373438 0.76875 0.373438 0.766667 0.375 0.764583 0.376562 0.766667 0.378125 0.766667 0.379688 0.76875 0.382812 0.76875 0.384375 0.770833 0.385938 0.76875 0.385938 0.766667 0.3875 0.764583 0.3875 0.7625 0.389062 0.760417 0.389062 0.758333 0.3875 0.75625 0.3875 0.754167 0.382812 0.754167 0.38125 0.752083 0.376562 0.752083 0.375 0.75 0.371875 0.75 0.370312 0.747917 0.365625 0.747917 0.364062 0.745833
0 0.407812 0.714583 0.40625 0.716667 0.40625 0.71875 0.404688 0.720833 0.401562 0.720833 0.4 0.71875 0.398438 0.71875 0.396875 0.716667 0.396875 0.727083 0.415625 0.727083 0.417188 0.729167 0.417188 0.722917 0.4125 0.722917 0.409375 0.71875 0.409375 0.716667
0 0.404688 0.702083 0.401562 0.70625 0.4 0.70625 0.398438 0.708333 0.401562 0.708333 0.403125 0.710417 0.407812 0.704167 0.40625 0.704167
0 0.034375 0.675 0.034375 0.677083 0.032812 0.679167 0.032812 0.68125 0.03125 0.683333 0.03125 0.685417 0.032812 0.683333 0.042188 0.683333 0.042188 0.677083 0.040625 0.675
0 0.615625 0.65625 0.614062 0.658333 0.60625 0.658333 0.604688 0.660417 0.596875 0.660417 0.598438 0.6625 0.598438 0.664583 0.620312 0.664583 0.617188 0.660417 0.617188 0.658333
0 0.526562 0.65625 0.525 0.658333 0.523438 0.658333 0.521875 0.660417 0.51875 0.660417 0.523438 0.660417 0.525 0.6625 0.528125 0.6625 0.529688 0.664583 0.532812 0.664583 0.534375 0.666667 0.535938 0.664583 0.546875 0.664583 0.545312 0.6625 0.545312 0.660417 0.54375 0.658333 0.54375 0.65625
0 0.260938 0.65625 0.259375 0.658333 0.248438 0.658333 0.248438 0.666667 0.276562 0.666667 0.278125 0.66875 0.279688 0.666667 0.285938 0.666667 0.2875 0.664583 0.295312 0.664583 0.29375 0.6625 0.29375 0.660417 0.292188 0.658333 0.290625 0.660417 0.271875 0.660417 0.270312 0.658333 0.2625 0.658333
0 0.654688 0.65 0.648438 0.658333 0.659375 0.658333 0.660938 0.660417 0.6625 0.658333 0.664062 0.658333 0.665625 0.65625 0.667188 0.65625 0.667188 0.65
0 0.354688 0.645833 0.353125 0.647917 0.317188 0.647917 0.317188 0.65 0.315625 0.652083 0.315625 0.654167 0.314062 0.65625 0.314062 0.658333 0.325 0.658333 0.326562 0.65625 0.329688 0.65625 0.33125 0.654167 0.332812 0.654167 0.334375 0.652083 0.354688 0.652083 0.35625 0.654167 0.35625 0.652083 0.354688 0.65
0 0.492188 0.56875 0.495312 0.572917 0.509375 0.572917 0.5125 0.56875
0 0.195312 0.56875 0.19375 0.570833 0.139062 0.570833 0.1375 0.572917 0.08125 0.572917 0.071875 0.585417 0.071875 0.610417 0.070312 0.6125 0.064062 0.6125 0.0625 0.610417 0.0625 0.622917 0.075 0.622917 0.076562 0.625 0.078125 0.622917 0.178125 0.622917 0.179688 0.620833 0.18125 0.620833 0.182812 0.61875 0.185938 0.61875 0.1875 0.616667 0.189062 0.616667 0.190625 0.614583 0.19375 0.614583 0.195312 0.6125 0.196875 0.6125 0.196875 0.575 0.195312 0.572917
0 0.071875 0.520833 0.070312 0.522917 0.067188 0.522917 0.067188 0.527083 0.071875 0.527083 0.073438 0.529167 0.073438 0.535417 0.114062 0.535417 0.114062 0.527083 0.078125 0.527083 0.076562 0.525 0.075 0.525
0 0.748438 0.516667 0.746875 0.51875 0.734375 0.51875 0.732812 0.520833 0.715625 0.520833 0.7125 0.525 0.710938 0.525 0.721875 0.525 0.723438 0.527083 0.732812 0.527083 0.7375 0.533333 0.739062 0.533333 0.751562 0.55 0.7625 0.55 0.764062 0.552083 0.765625 0.55 0.770312 0.55 0.770312 0.539583 0.76875 0.5375 0.76875 0.535417 0.767188 0.533333 0.767188 0.53125 0.765625 0.529167 0.764062 0.529167 0.7625 0.527083 0.760938 0.527083 0.759375 0.525 0.757812 0.525 0.754688 0.520833 0.753125 0.520833 0.751562 0.51875 0.75 0.51875
0 0.104688 0.479167 0.101562 0.483333 0.08125 0.483333 0.08125 0.4875 0.120312 0.4875 0.120312 0.48125 0.114062 0.48125 0.1125 0.479167
0 0.684375 0.472917 0.682812 0.475 0.679688 0.475 0.678125 0.477083 0.678125 0.479167 0.676562 0.48125 0.676562 0.483333 0.675 0.485417 0.675 0.502083 0.696875 0.502083 0.698438 0.5 0.698438 0.497917 0.7 0.495833 0.7 0.48125 0.698438 0.48125 0.695312 0.477083 0.69375 0.477083 0.690625 0.472917
0 0.801562 0.460417 0.8 0.4625 0.798438 0.4625 0.795312 0.466667 0.79375 0.466667 0.792188 0.46875 0.790625 0.46875 0.790625 0.470833 0.792188 0.472917 0.792188 0.475 0.79375 0.472917 0.796875 0.472917 0.798438 0.470833 0.803125 0.470833 0.807812 0.477083 0.809375 0.475 0.8125 0.475 0.814062 0.472917 0.81875 0.472917 0.81875 0.470833 0.820312 0.46875 0.820312 0.466667 0.821875 0.464583 0.815625 0.464583 0.8125 0.460417
0 0.542188 0.460417 0.542188 0.4625 0.540625 0.464583 0.540625 0.466667 0.539062 0.46875 0.539062 0.470833 0.540625 0.472917 0.542188 0.472917 0.54375 0.475 0.567188 0.475 0.565625 0.472917 0.565625 0.470833 0.564062 0.46875 0.564062 0.466667 0.5625 0.464583 0.5625 0.4625 0.553125 0.4625 0.551562 0.460417
0 0.801562 0.43125 0.801562 0.433333 0.803125 0.435417 0.803125 0.44375 0.809375 0.44375 0.809375 0.439583 0.807812 0.4375 0.807812 0.433333 0.803125 0.433333
0 0.975 0.372917 0.975 0.375 0.973438 0.377083 0.973438 0.383333 0.971875 0.385417 0.971875 0.391667 0.970312 0.39375 0.970312 0.395833 0.960938 0.408333 0.959375 0.408333 0.957812 0.410417 0.960938 0.410417 0.9625 0.408333 0.96875 0.408333 0.970312 0.40625 0.971875 0.40625 0.973438 0.404167 0.975 0.404167 0.976562 0.402083 0.978125 0.402083 0.978125 0.377083
0 0.445312 0.345833 0.44375 0.347917 0.442188 0.347917 0.440625 0.35 0.439062 0.35 0.439062 0.3625 0.44375 0.3625 0.445312 0.364583 0.448438 0.364583 0.45 0.366667 0.451562 0.364583 0.451562 0.3625 0.454688 0.358333 0.453125 0.35625 0.453125 0.354167 0.451562 0.352083 0.451562 0.35 0.45 0.35 0.448438 0.347917 0.446875 0.347917
0 0.778125 0.329167 0.773438 0.335417 0.775 0.335417 0.776562 0.3375 0.779688 0.3375 0.779688 0.333333 0.78125 0.33125 0.78125 0.329167
0 0.095312 0.304167 0.095312 0.3125 0.101562 0.3125 0.103125 0.310417 0.103125 0.308333 0.104688 0.30625 0.104688 0.304167
0 0.16875 0.3 0.165625 0.304167 0.165625 0.31875 0.170312 0.31875 0.171875 0.316667 0.173438 0.316667 0.173438 0.314583 0.171875 0.3125 0.171875 0.310417 0.170312 0.308333 0.170312 0.304167 0.16875 0.302083
0 0.764062 0.295833 0.7625 0.297917 0.757812 0.297917 0.75625 0.3 0.754688 0.3 0.751562 0.304167 0.75 0.304167 0.748438 0.30625 0.746875 0.30625 0.745312 0.308333 0.745312 0.310417 0.74375 0.3125 0.760938 0.3125 0.7625 0.314583 0.7625 0.30625 0.764062 0.304167
0 0.071875 0.2875 0.071875 0.289583 0.070312 0.291667 0.070312 0.29375 0.06875 0.295833 0.06875 0.297917 0.071875 0.297917 0.073438 0.3 0.078125 0.3 0.079688 0.302083 0.08125 0.302083 0.08125 0.29375 0.079688 0.29375 0.076562 0.289583 0.075 0.289583 0.073438 0.2875
0 0.039062 0.283333 0.039062 0.291667 0.042188 0.291667 0.04375 0.289583 0.045312 0.289583 0.046875 0.2875 0.045312 0.285417 0.045312 0.283333
0 0.864062 0.25625 0.864062 0.260417 0.8625 0.2625 0.8625 0.264583 0.867188 0.270833 0.86875 0.270833 0.870312 0.272917 0.870312 0.277083 0.873438 0.277083 0.875 0.279167 0.876562 0.279167 0.878125 0.28125 0.878125 0.270833 0.879688 0.26875 0.879688 0.260417 0.870312 0.260417 0.86875 0.258333 0.865625 0.258333
0 0.678125 0.25 0.678125 0.260417 0.684375 0.260417 0.685938 0.258333 0.689062 0.258333 0.689062 0.25625 0.6875 0.254167 0.6875 0.25
0 0.004688 0.220833 0.004688 0.229167 0.0125 0.229167 0.0125 0.220833
0 0.914062 0.183333 0.914062 0.2 0.920312 0.2 0.920312 0.183333
0 0.271875 0.13125 0.270312 0.133333 0.26875 0.133333 0.26875 0.135417 0.270312 0.1375 0.270312 0.14375 0.26875 0.145833 0.26875 0.147917 0.273438 0.147917 0.275 0.15 0.278125 0.15 0.279688 0.152083 0.279688 0.145833 0.28125 0.14375 0.28125 0.139583 0.276562 0.139583 0.273438 0.135417 0.273438 0.133333
0 0.29375 0.122917 0.290625 0.127083 0.292188 0.127083 0.29375 0.129167 0.295312 0.129167 0.296875 0.13125 0.296875 0.127083 0.298438 0.125 0.298438 0.122917
1 0.626562 0.99375 0.625 0.995833 0.625 0.997917 0.628125 0.997917 0.626562 0.995833
1 0.725 0.991667 0.725 0.99375 0.723438 0.995833 0.723438 0.997917 0.732812 0.997917 0.73125 0.997917 0.728125 0.99375 0.726562 0.99375
1 0.651562 0.952083 0.651562 0.95625 0.653125 0.95625 0.654688 0.958333 0.653125 0.960417 0.648438 0.960417 0.648438 0.966667 0.65 0.964583 0.65625 0.964583 0.65625 0.960417 0.657812 0.958333 0.660938 0.958333 0.659375 0.95625 0.659375 0.954167 0.653125 0.954167
1 0.254688 0.933333 0.251563 0.9375 0.251563 0.939583 0.25 0.941667 0.25 0.94375 0.246875 0.947917 0.246875 0.95 0.245312 0.952083 0.245312 0.954167 0.24375 0.95625 0.24375 0.958333 0.240625 0.9625 0.240625 0.964583 0.239062 0.966667 0.239062 0.96875 0.235938 0.972917 0.235938 0.975 0.234375 0.977083 0.234375 0.979167 0.232812 0.98125 0.232812 0.983333 0.229688 0.9875 0.229688 0.989583 0.228125 0.991667 0.228125 0.99375 0.226562 0.995833 0.226562 0.997917 0.229688 0.997917 0.229688 0.995833 0.23125 0.99375 0.23125 0.991667 0.232812 0.989583 0.232812 0.9875 0.235938 0.983333 0.235938 0.98125 0.2375 0.979167 0.2375 0.977083 0.239062 0.975 0.239062 0.972917 0.240625 0.970833 0.240625 0.96875 0.24375 0.964583 0.24375 0.9625 0.245312 0.960417 0.245312 0.958333 0.246875 0.95625 0.246875 0.954167 0.25 0.95 0.251563 0.95 0.253125 0.947917 0.254688 0.947917 0.25625 0.945833 0.257812 0.945833 0.259375 0.94375 0.260938 0.94375 0.259375 0.941667 0.259375 0.939583 0.25625 0.935417 0.25625 0.933333
1 0.835938 0.916667 0.8375 0.91875 0.8375 0.920833 0.839062 0.922917 0.845312 0.922917 0.845312 0.920833 0.84375 0.91875 0.84375 0.916667
1 0.101562 0.916667 0.1 0.91875 0.096875 0.91875 0.095312 0.920833 0.092188 0.920833 0.0875 0.927083 0.085938 0.927083 0.084375 0.929167 0.085938 0.929167 0.089062 0.933333 0.090625 0.933333 0.09375 0.9375 0.101562 0.9375 0.101562 0.927083 0.104688 0.922917 0.10625 0.922917
1 0.898438 0.90625 0.898438 0.9125 0.907812 0.9125 0.907812 0.90625
1 0.542188 0.889583 0.540625 0.891667 0.5375 0.891667 0.534375 0.895833 0.539062 0.902083 0.539062 0.904167 0.540625 0.90625 0.540625 0.902083 0.542188 0.9 0.542188 0.897917 0.54375 0.895833 0.546875 0.895833
1 0.207812 0.8625 0.20625 0.864583 0.201562 0.864583 0.2 0.866667 0.195312 0.866667 0.19375 0.86875 0.189062 0.86875 0.189062 0.875 0.190625 0.872917 0.195312 0.872917 0.196875 0.870833 0.2 0.870833 0.201562 0.86875 0.204688 0.86875 0.20625 0.866667 0.210938 0.866667 0.2125 0.86875 0.215625 0.86875 0.217188 0.870833 0.21875 0.870833 0.220312 0.872917 0.220312 0.875 0.221875 0.877083 0.221875 0.879167 0.223438 0.88125 0.223438 0.883333 0.225 0.885417 0.225 0.889583 0.226562 0.891667 0.226562 0.89375 0.228125 0.895833 0.228125 0.904167 0.226562 0.90625 0.226562 0.9125 0.229688 0.9125 0.23125 0.914583 0.23125 0.897917 0.232812 0.895833 0.232812 0.891667 0.23125 0.889583 0.23125 0.8875 0.229688 0.885417 0.229688 0.883333 0.226562 0.879167 0.226562 0.877083 0.225 0.875 0.225 0.872917 0.21875 0.864583 0.209375 0.864583
1 0.771875 0.85 0.771875 0.854167 0.770312 0.85625 0.770312 0.858333 0.7875 0.858333 0.789062 0.860417 0.792188 0.860417 0.79375 0.8625 0.796875 0.8625 0.798438 0.864583 0.801562 0.864583 0.803125 0.866667 0.80625 0.866667 0.807812 0.86875 0.809375 0.86875 0.810938 0.870833 0.814062 0.870833 0.815625 0.872917 0.81875 0.872917 0.820312 0.875 0.823438 0.875 0.825 0.877083 0.828125 0.877083 0.83125 0.88125 0.832812 0.88125 0.835938 0.885417 0.8375 0.885417 0.840625 0.889583 0.84375 0.889583 0.845312 0.891667 0.848438 0.891667 0.85 0.89375 0.851562 0.891667 0.854688 0.891667 0.85625 0.889583 0.857812 0.889583 0.857812 0.8875 0.85625 0.885417 0.85625 0.883333 0.853125 0.883333 0.851562 0.88125 0.848438 0.88125 0.846875 0.879167 0.84375 0.879167 0.842188 0.877083 0.8375 0.877083 0.835938 0.875 0.832812 0.875 0.83125 0.872917 0.828125 0.872917 0.826562 0.870833 0.823438 0.870833 0.821875 0.86875 0.81875 0.86875 0.817188 0.866667 0.814062 0.866667 0.8125 0.864583 0.809375 0.864583 0.807812 0.8625 0.804688 0.8625 0.803125 0.860417 0.798438 0.860417 0.796875 0.858333 0.79375 0.858333 0.792188 0.85625 0.789062 0.85625 0.7875 0.854167 0.784375 0.854167 0.782812 0.852083 0.779688 0.852083 0.778125 0.85
1 0.2625 0.822917 0.2625 0.827083 0.271875 0.827083 0.273438 0.829167 0.275 0.829167 0.276562 0.83125 0.276562 0.829167 0.278125 0.827083 0.273438 0.827083 0.271875 0.825 0.264062 0.825
1 0.429688 0.816667 0.428125 0.81875 0.425 0.81875 0.420312 0.825 0.414062 0.825 0.410938 0.829167 0.409375 0.829167 0.4125 0.833333 0.420312 0.833333 0.423438 0.8375 0.423438 0.839583 0.428125 0.839583 0.429688 0.841667 0.434375 0.841667 0.435938 0.84375 0.435938 0.845833 0.4375 0.847917 0.4375 0.85 0.439062 0.852083 0.439062 0.854167 0.440625 0.85625 0.440625 0.858333 0.445312 0.858333 0.446875 0.860417 0.445312 0.8625 0.442188 0.8625 0.44375 0.864583 0.44375 0.866667 0.457812 0.866667 0.459375 0.864583 0.465625 0.864583 0.465625 0.8625 0.467188 0.860417 0.467188 0.858333 0.453125 0.858333 0.451562 0.85625 0.451562 0.854167 0.45 0.852083 0.45 0.85 0.446875 0.845833 0.446875 0.84375 0.44375 0.839583 0.44375 0.829167 0.439062 0.829167 0.4375 0.827083 0.434375 0.827083 0.43125 0.822917 0.43125 0.820833 0.429688 0.81875
1 0.0 0.785417 0.0 0.791667 0.001562 0.79375 0.004688 0.79375 0.00625 0.795833 0.009375 0.795833 0.010938 0.797917 0.0125 0.797917 0.014062 0.795833 0.014062 0.79375 0.0125 0.79375 0.010938 0.791667 0.009375 0.791667 0.007812 0.789583 0.00625 0.789583 0.004688 0.7875 0.003125 0.7875 0.001562 0.785417
1 0.996875 0.78125 0.995312 0.783333 0.992188 0.783333 0.99375 0.785417 0.995312 0.785417 0.998438 0.789583 0.998438 0.78125
1 0.8 0.78125 0.8 0.789583 0.798438 0.791667 0.798438 0.79375 0.795312 0.797917 0.796875 0.797917 0.798438 0.8 0.8 0.797917 0.8 0.795833 0.801562 0.79375 0.801562 0.791667 0.803125 0.789583 0.803125 0.783333 0.801562 0.783333
1 0.78125 0.775 0.78125 0.777083 0.779688 0.779167 0.779688 0.78125 0.778125 0.783333 0.778125 0.785417 0.776562 0.7875 0.776562 0.789583 0.778125 0.789583 0.779688 0.791667 0.78125 0.791667 0.782812 0.79375 0.7875 0.79375 0.789062 0.795833 0.789062 0.791667 0.785938 0.791667 0.784375 0.789583 0.782812 0.789583 0.78125 0.7875 0.78125 0.785417 0.782812 0.783333 0.782812 0.779167 0.784375 0.777083 0.784375 0.775
1 0.995312 0.75625 0.998438 0.760417 0.998438 0.75625
1 0.0625 0.754167 0.060938 0.75625 0.060938 0.758333 0.059375 0.760417 0.060938 0.7625 0.060938 0.764583 0.059375 0.766667 0.05625 0.766667 0.054688 0.76875 0.05 0.76875 0.05 0.770833 0.051562 0.772917 0.051562 0.777083 0.05 0.779167 0.05 0.78125 0.046875 0.785417 0.046875 0.7875 0.045312 0.789583 0.046875 0.789583 0.05 0.79375 0.05 0.791667 0.051562 0.789583 0.051562 0.7875 0.053125 0.785417 0.053125 0.783333 0.054688 0.78125 0.054688 0.779167 0.05625 0.777083 0.05625 0.775 0.059375 0.770833 0.064062 0.770833 0.065625 0.76875 0.067188 0.76875 0.06875 0.766667 0.078125 0.766667 0.079688 0.76875 0.079688 0.766667 0.078125 0.764583 0.078125 0.7625 0.076562 0.760417 0.076562 0.758333 0.067188 0.758333 0.065625 0.75625 0.064062 0.75625
1 0.228125 0.74375 0.226562 0.745833 0.225 0.745833 0.221875 0.75 0.220312 0.75 0.217188 0.754167 0.215625 0.754167 0.214062 0.75625 0.210938 0.75625 0.209375 0.758333 0.20625 0.758333 0.207812 0.760417 0.207812 0.7625 0.215625 0.7625 0.217188 0.764583 0.220312 0.760417 0.221875 0.760417 0.226562 0.754167 0.228125 0.754167 0.23125 0.75 0.232812 0.75 0.234375 0.747917 0.232812 0.747917 0.23125 0.745833 0.229688 0.745833
1 0.56875 0.741667 0.564062 0.747917 0.567188 0.747917 0.56875 0.75 0.573438 0.75 0.573438 0.74375 0.570312 0.74375
1 0.2125 0.714583 0.2125 0.71875 0.210938 0.720833 0.210938 0.727083 0.209375 0.729167 0.209375 0.733333 0.2 0.745833 0.196875 0.741667 0.196875 0.735417 0.195312 0.733333 0.195312 0.73125 0.19375 0.729167 0.19375 0.71875 0.192188 0.720833 0.192188 0.722917 0.190625 0.725 0.190625 0.727083 0.192188 0.729167 0.192188 0.73125 0.19375 0.733333 0.19375 0.7375 0.195312 0.739583 0.195312 0.747917 0.19375 0.75 0.19375 0.75625 0.192188 0.758333 0.192188 0.760417 0.190625 0.7625 0.190625 0.764583 0.189062 0.766667 0.19375 0.766667 0.2 0.758333 0.201562 0.758333 0.20625 0.752083 0.20625 0.75 0.207812 0.747917 0.207812 0.745833 0.209375 0.74375 0.217188 0.74375 0.217188 0.741667 0.21875 0.739583 0.21875 0.735417 0.220312 0.733333 0.220312 0.716667 0.21875 0.71875 0.215625 0.71875
1 0.0 0.714583 0.0 0.720833 0.001562 0.722917 0.003125 0.722917 0.004688 0.725 0.00625 0.725 0.007812 0.727083 0.009375 0.727083 0.010938 0.729167 0.0125 0.729167 0.014062 0.73125 0.014062 0.725 0.0125 0.725 0.009375 0.720833 0.007812 0.720833 0.00625 0.71875 0.004688 0.71875 0.001562 0.714583
1 0.29375 0.697917 0.292188 0.7 0.292188 0.702083 0.290625 0.704167 0.295312 0.710417 0.296875 0.710417 0.303125 0.71875 0.304688 0.71875 0.307812 0.722917 0.309375 0.722917 0.310938 0.725 0.3125 0.725 0.315625 0.729167 0.317188 0.729167 0.31875 0.73125 0.31875 0.729167 0.320312 0.727083 0.320312 0.725 0.31875 0.722917 0.31875 0.720833 0.317188 0.71875 0.317188 0.716667 0.309375 0.716667 0.303125 0.708333 0.301562 0.708333
1 0.370312 0.660417 0.370312 0.6625 0.36875 0.664583 0.36875 0.666667 0.4125 0.666667 0.414062 0.66875 0.45 0.66875 0.451562 0.670833 0.542188 0.670833 0.54375 0.672917 0.557812 0.672917 0.559375 0.675 0.571875 0.675 0.573438 0.677083 0.584375 0.677083 0.585938 0.679167 0.596875 0.679167 0.598438 0.68125 0.610938 0.68125 0.6125 0.683333 0.623438 0.683333 0.625 0.685417 0.63125 0.685417 0.632812 0.683333 0.632812 0.68125 0.635938 0.677083 0.635938 0.666667 0.598438 0.666667 0.596875 0.664583 0.548438 0.664583 0.546875 0.666667 0.535938 0.666667 0.534375 0.66875 0.532812 0.666667 0.529688 0.666667 0.528125 0.664583 0.451562 0.664583 0.45 0.6625 0.398438 0.6625 0.396875 0.660417
1 0.078125 0.658333 0.076562 0.660417 0.076562 0.6625 0.075 0.664583 0.06875 0.664583 0.067188 0.666667 0.067188 0.66875 0.065625 0.670833 0.070312 0.670833 0.073438 0.675 0.073438 0.679167 0.071875 0.68125 0.071875 0.6875 0.073438 0.689583 0.073438 0.69375 0.075 0.691667 0.075 0.689583 0.078125 0.685417 0.082812 0.691667 0.090625 0.691667 0.098438 0.702083 0.101562 0.697917 0.103125 0.697917 0.10625 0.69375 0.107812 0.69375 0.110938 0.689583 0.1125 0.689583 0.114062 0.6875 0.117188 0.6875 0.11875 0.685417 0.120312 0.685417 0.120312 0.683333 0.121875 0.68125 0.121875 0.679167 0.110938 0.679167 0.109375 0.677083 0.107812 0.679167 0.107812 0.68125 0.10625 0.683333 0.10625 0.685417 0.104688 0.6875 0.103125 0.685417 0.103125 0.683333 0.101562 0.68125 0.096875 0.68125 0.095312 0.679167 0.09375 0.679167 0.090625 0.675 0.096875 0.666667 0.0875 0.666667 0.085938 0.664583 0.084375 0.664583 0.08125 0.660417 0.079688 0.660417
1 0.75 0.65 0.753125 0.654167 0.759375 0.654167 0.760938 0.65625 0.765625 0.65625 0.767188 0.658333 0.767188 0.65625 0.76875 0.654167 0.764062 0.654167 0.7625 0.652083 0.757812 0.652083 0.75625 0.65
1 0.720312 0.647917 0.71875 0.65 0.717188 0.65 0.715625 0.652083 0.7125 0.652083 0.710938 0.654167 0.709375 0.654167 0.70625 0.658333 0.70625 0.660417 0.703125 0.664583 0.707812 0.664583 0.709375 0.666667 0.714062 0.660417 0.715625 0.660417 0.717188 0.658333 0.720312 0.6625 0.720312 0.664583 0.721875 0.666667 0.726562 0.666667 0.728125 0.66875 0.732812 0.66875 0.734375 0.670833 0.735938 0.670833 0.740625 0.677083 0.740625 0.679167 0.742188 0.68125 0.75 0.68125 0.751562 0.683333 0.753125 0.68125 0.75625 0.68125 0.757812 0.679167 0.760938 0.679167 0.7625 0.677083 0.765625 0.677083 0.765625 0.670833 0.760938 0.670833 0.759375 0.66875 0.757812 0.670833 0.75625 0.670833 0.754688 0.672917 0.751562 0.672917 0.75 0.670833 0.748438 0.670833 0.745312 0.666667 0.734375 0.666667
1 0.854688 0.620833 0.854688 0.622917 0.851562 0.627083 0.848438 0.627083 0.846875 0.625 0.839062 0.625 0.839062 0.627083 0.8375 0.629167 0.8375 0.63125 0.842188 0.63125 0.84375 0.629167 0.85625 0.629167 0.857812 0.63125 0.8625 0.625 0.8625 0.620833
1 0.825 0.620833 0.823438 0.622917 0.820312 0.622917 0.81875 0.625 0.817188 0.625 0.815625 0.627083 0.814062 0.627083 0.8125 0.629167 0.810938 0.629167 0.809375 0.63125 0.807812 0.63125 0.8125 0.63125 0.814062 0.633333 0.815625 0.63125 0.817188 0.63125 0.820312 0.627083 0.821875 0.627083 0.823438 0.625 0.825 0.625
1 0.954688 0.60625 0.953125 0.608333 0.95 0.608333 0.94375 0.616667 0.9375 0.616667 0.935938 0.61875 0.929688 0.61875 0.929688 0.620833 0.928125 0.622917 0.928125 0.627083 0.926562 0.629167 0.926562 0.63125 0.93125 0.63125 0.932812 0.629167 0.932812 0.627083 0.9375 0.620833 0.939062 0.620833 0.940625 0.622917 0.942188 0.622917 0.945312 0.627083 0.946875 0.625 0.960938 0.625 0.9625 0.622917 0.964062 0.622917 0.965625 0.620833 0.967188 0.620833 0.96875 0.61875 0.970312 0.61875 0.971875 0.616667 0.973438 0.616667 0.973438 0.60625
1 0.614062 0.591667 0.6125 0.59375 0.610938 0.59375 0.609375 0.595833 0.607812 0.595833 0.60625 0.597917 0.604688 0.597917 0.604688 0.604167 0.609375 0.604167 0.610938 0.602083 0.6125 0.602083 0.614062 0.6 0.64375 0.6 0.64375 0.591667
1 0.859375 0.589583 0.85625 0.59375 0.854688 0.59375 0.853125 0.595833 0.854688 0.597917 0.85625 0.597917 0.860938 0.604167 0.870312 0.604167 0.873438 0.6 0.865625 0.589583
1 0.379688 0.583333 0.376562 0.5875 0.371875 0.5875 0.370312 0.585417 0.370312 0.5875 0.36875 0.589583 0.36875 0.591667 0.365625 0.595833 0.353125 0.595833 0.353125 0.6125 0.35625 0.616667 0.365625 0.616667 0.367188 0.614583 0.36875 0.614583 0.370312 0.6125 0.373438 0.6125 0.375 0.610417 0.376562 0.610417 0.378125 0.608333 0.379688 0.608333 0.38125 0.60625 0.384375 0.60625 0.385938 0.604167 0.40625 0.604167 0.407812 0.60625 0.410938 0.60625 0.4125 0.608333 0.417188 0.608333 0.41875 0.610417 0.440625 0.610417 0.442188 0.6125 0.451562 0.6125 0.453125 0.614583 0.453125 0.604167 0.440625 0.604167 0.439062 0.602083 0.435938 0.602083 0.434375 0.6 0.432812 0.6 0.43125 0.597917 0.428125 0.597917 0.426562 0.595833 0.423438 0.595833 0.420312 0.591667 0.41875 0.591667 0.414062 0.585417 0.401562 0.585417 0.4 0.5875 0.395312 0.5875 0.39375 0.589583 0.3875 0.589583 0.385938 0.5875 0.384375 0.5875 0.382812 0.585417 0.38125 0.585417
1 0.9375 0.577083 0.939062 0.577083 0.942188 0.58125 0.94375 0.58125 0.946875 0.585417 0.95 0.585417 0.95 0.579167 0.946875 0.579167 0.945312 0.577083
1 0.782812 0.5625 0.78125 0.564583 0.773438 0.564583 0.771875 0.566667 0.75 0.566667 0.748438 0.56875 0.748438 0.570833 0.746875 0.572917 0.748438 0.575 0.748438 0.577083 0.779688 0.577083 0.779688 0.572917 0.78125 0.570833 0.784375 0.570833 0.784375 0.56875 0.782812 0.566667
1 0.792188 0.558333 0.792188 0.560417 0.790625 0.5625 0.792188 0.5625 0.796875 0.56875 0.796875 0.570833 0.798438 0.572917 0.8 0.570833 0.801562 0.570833 0.8 0.56875 0.8 0.566667 0.798438 0.564583 0.798438 0.5625 0.796875 0.560417 0.79375 0.560417
1 0.635938 0.552083 0.635938 0.560417 0.639062 0.560417 0.640625 0.5625 0.66875 0.5625 0.670312 0.564583 0.675 0.564583 0.676562 0.566667 0.68125 0.566667 0.682812 0.56875 0.6875 0.56875 0.689062 0.570833 0.69375 0.570833 0.695312 0.572917 0.7 0.572917 0.7 0.5625 0.69375 0.5625 0.692188 0.560417 0.685938 0.560417 0.684375 0.558333 0.679688 0.558333 0.678125 0.55625 0.671875 0.55625 0.670312 0.554167 0.664062 0.554167 0.6625 0.552083
1 0.689062 0.54375 0.690625 0.545833 0.690625 0.547917 0.696875 0.547917 0.698438 0.55 0.698438 0.54375
1 0.8625 0.5375 0.860938 0.539583 0.853125 0.539583 0.848438 0.545833 0.851562 0.55 0.857812 0.55 0.859375 0.552083 0.859375 0.558333 0.860938 0.558333 0.8625 0.560417 0.865625 0.55625 0.865625 0.554167 0.870312 0.547917 0.867188 0.547917 0.864062 0.54375 0.864062 0.541667 0.8625 0.539583
1 0.639062 0.535417 0.6375 0.5375 0.634375 0.5375 0.632812 0.539583 0.628125 0.539583 0.629688 0.539583 0.632812 0.54375 0.634375 0.54375 0.6375 0.547917 0.639062 0.545833 0.64375 0.545833 0.642188 0.54375 0.642188 0.541667 0.640625 0.539583 0.640625 0.5375
1 0.214062 0.514583 0.210938 0.51875 0.209375 0.51875 0.20625 0.522917 0.20625 0.525 0.204688 0.527083 0.204688 0.529167 0.203125 0.53125 0.203125 0.533333 0.201562 0.535417 0.201562 0.5375 0.2 0.539583 0.203125 0.539583 0.204688 0.5375 0.20625 0.5375 0.209375 0.533333 0.210938 0.533333 0.2125 0.53125 0.226562 0.53125 0.226562 0.522917 0.228125 0.520833 0.228125 0.51875 0.229688 0.516667 0.215625 0.516667
1 0.457812 0.508333 0.457812 0.520833 0.45625 0.522917 0.454688 0.522917 0.453125 0.525 0.45 0.525 0.45 0.529167 0.454688 0.529167 0.45625 0.527083 0.457812 0.527083 0.460938 0.522917 0.4625 0.522917 0.464062 0.520833 0.465625 0.520833 0.465625 0.516667 0.464062 0.516667 0.460938 0.5125 0.460938 0.510417 0.459375 0.510417
1 0.021875 0.502083 0.021875 0.50625 0.020312 0.508333 0.020312 0.5125 0.01875 0.514583 0.01875 0.516667 0.017188 0.51875 0.017188 0.520833 0.015625 0.522917 0.017188 0.525 0.01875 0.525 0.021875 0.529167 0.03125 0.529167 0.032812 0.527083 0.034375 0.527083 0.035938 0.525 0.0375 0.525 0.0375 0.522917 0.035938 0.520833 0.035938 0.51875 0.025 0.51875 0.023438 0.516667 0.023438 0.510417 0.025 0.508333 0.025 0.502083
1 0.403125 0.495833 0.4 0.5 0.398438 0.5 0.4 0.5 0.401562 0.502083 0.403125 0.502083 0.40625 0.50625 0.407812 0.50625 0.409375 0.508333 0.410938 0.508333 0.4125 0.510417 0.410938 0.5125 0.40625 0.5125 0.404688 0.514583 0.401562 0.514583 0.4 0.516667 0.395312 0.516667 0.39375 0.51875 0.367188 0.51875 0.365625 0.516667 0.367188 0.514583 0.36875 0.514583 0.370312 0.5125 0.371875 0.5125 0.373438 0.510417 0.375 0.510417 0.373438 0.508333 0.373438 0.50625 0.371875 0.508333 0.370312 0.508333 0.36875 0.510417 0.365625 0.510417 0.364062 0.5125 0.3625 0.5125 0.360938 0.514583 0.328125 0.514583 0.326562 0.5125 0.317188 0.525 0.367188 0.525 0.36875 0.527083 0.384375 0.527083 0.385938 0.529167 0.4 0.529167 0.401562 0.53125 0.417188 0.53125 0.41875 0.533333 0.421875 0.533333 0.423438 0.535417 0.426562 0.535417 0.428125 0.5375 0.43125 0.5375 0.435938 0.54375 0.435938 0.545833 0.439062 0.55 0.4625 0.55 0.464062 0.547917 0.51875 0.547917 0.51875 0.539583 0.517188 0.541667 0.457812 0.541667 0.45625 0.539583 0.453125 0.539583 0.451562 0.5375 0.45 0.5375 0.448438 0.535417 0.445312 0.535417 0.44375 0.533333 0.440625 0.533333 0.439062 0.53125 0.435938 0.53125 0.434375 0.529167 0.428125 0.529167 0.426562 0.527083 0.420312 0.527083 0.414062 0.51875 0.415625 0.516667 0.425 0.516667 0.426562 0.514583 0.4375 0.514583 0.4375 0.510417 0.41875 0.510417 0.4125 0.502083 0.410938 0.502083 0.409375 0.5 0.407812 0.5 0.40625 0.497917 0.404688 0.497917
1 0.884375 0.491667 0.882812 0.49375 0.878125 0.49375 0.876562 0.495833 0.871875 0.495833 0.870312 0.497917 0.870312 0.5 0.86875 0.502083 0.86875 0.504167 0.867188 0.50625 0.871875 0.50625 0.873438 0.508333 0.879688 0.508333 0.88125 0.510417 0.885938 0.510417 0.8875 0.5125 0.896875 0.5 0.896875 0.497917 0.898438 0.495833 0.898438 0.49375 0.885938 0.49375
1 0.254688 0.479167 0.254688 0.48125 0.253125 0.483333 0.251563 0.483333 0.25 0.48125 0.246875 0.485417 0.248438 0.485417 0.251563 0.489583 0.25625 0.489583 0.257812 0.4875 0.2625 0.4875 0.2625 0.479167
1 0.515625 0.477083 0.510938 0.483333 0.510938 0.489583 0.509375 0.491667 0.509375 0.49375 0.510938 0.491667 0.514062 0.491667 0.515625 0.489583 0.515625 0.4875 0.520312 0.48125 0.51875 0.479167 0.51875 0.477083
1 0.9875 0.4625 0.9875 0.46875 0.985938 0.470833 0.98125 0.470833 0.98125 0.472917 0.982812 0.475 0.982812 0.477083 0.979688 0.48125 0.978125 0.48125 0.973438 0.4875 0.971875 0.485417 0.970312 0.485417 0.96875 0.483333 0.96875 0.485417 0.967188 0.4875 0.965625 0.4875 0.9625 0.491667 0.960938 0.491667 0.959375 0.49375 0.959375 0.502083 0.964062 0.502083 0.965625 0.5 0.967188 0.5 0.971875 0.49375 0.973438 0.495833 0.976562 0.495833 0.978125 0.497917 0.98125 0.497917 0.985938 0.491667 0.9875 0.491667 0.99375 0.483333 0.998438 0.483333 0.998438 0.4625
1 0.3875 0.439583 0.384375 0.44375 0.378125 0.44375 0.376562 0.441667 0.375 0.44375 0.373438 0.44375 0.371875 0.445833 0.370312 0.445833 0.370312 0.447917 0.371875 0.45 0.371875 0.452083 0.373438 0.45 0.392188 0.45 0.392188 0.447917 0.39375 0.445833 0.39375 0.44375 0.395312 0.441667 0.389062 0.441667
