0 0.133739 0.975709 0.133739 0.995951 0.155015 0.995951 0.155015 0.975709
0 0.404255 0.854251 0.401216 0.8583 0.398176 0.8583 0.395137 0.862348 0.389058 0.862348 0.389058 0.866397 0.386018 0.870445 0.386018 0.874494 0.382979 0.878543 0.382979 0.882591 0.379939 0.88664 0.379939 0.894737 0.3769 0.898785 0.3769 0.910931 0.37386 0.91498 0.37386 0.927126 0.370821 0.931174 0.370821 0.935223 0.37386 0.935223 0.3769 0.939271 0.379939 0.939271 0.382979 0.94332 0.386018 0.939271 0.389058 0.939271 0.392097 0.935223 0.398176 0.935223 0.401216 0.931174 0.401216 0.927126 0.407295 0.919028 0.407295 0.91498 0.410334 0.910931 0.410334 0.898785 0.413374 0.894737 0.413374 0.870445 0.407295 0.862348 0.407295 0.8583
0 0.355623 0.809717 0.352584 0.813765 0.346505 0.813765 0.343465 0.817814 0.340426 0.817814 0.337386 0.821862 0.319149 0.821862 0.31307 0.82996 0.31307 0.834008 0.303951 0.846154 0.297872 0.846154 0.297872 0.850202 0.300912 0.854251 0.300912 0.8583 0.319149 0.8583 0.322188 0.854251 0.334347 0.854251 0.337386 0.850202 0.352584 0.850202 0.355623 0.846154 0.358663 0.846154 0.361702 0.842105 0.367781 0.842105 0.370821 0.838057 0.37386 0.838057 0.3769 0.834008 0.382979 0.834008 0.386018 0.82996 0.389058 0.82996 0.382979 0.821862 0.367781 0.821862 0.364742 0.817814 0.361702 0.817814
0 0.033435 0.724696 0.027356 0.732794 0.027356 0.736842 0.024316 0.740891 0.024316 0.744939 0.057751 0.744939 0.06079 0.748988 0.06079 0.744939 0.06383 0.740891 0.06383 0.736842 0.06079 0.732794 0.06079 0.728745 0.036474 0.728745
0 0.355623 0.643725 0.355623 0.651822 0.352584 0.65587 0.343465 0.65587 0.343465 0.668016 0.352584 0.668016 0.355623 0.672065 0.407295 0.672065 0.407295 0.668016 0.404255 0.663968 0.404255 0.659919 0.401216 0.65587 0.401216 0.651822 0.398176 0.647773 0.398176 0.643725
0 0.231003 0.643725 0.227964 0.647773 0.224924 0.647773 0.218845 0.65587 0.215805 0.65587 0.206687 0.668016 0.218845 0.668016 0.221884 0.672065 0.234043 0.672065 0.240122 0.663968 0.240122 0.65587 0.243161 0.651822 0.243161 0.643725
0 0.209726 0.526316 0.206687 0.530364 0.197568 0.530364 0.191489 0.538462 0.18845 0.538462 0.191489 0.538462 0.197568 0.546559 0.200608 0.54251 0.203647 0.54251 0.206687 0.538462 0.209726 0.538462
0 0.212766 0.384615 0.203647 0.396761 0.200608 0.396761 0.197568 0.40081 0.197568 0.404858 0.200608 0.408907 0.200608 0.412955 0.203647 0.408907 0.212766 0.408907 0.215805 0.404858 0.224924 0.404858 0.218845 0.396761 0.218845 0.392713
0 0.838906 0.368421 0.832827 0.376518 0.829787 0.376518 0.829787 0.392713 0.832827 0.392713 0.835866 0.396761 0.838906 0.392713 0.848024 0.392713 0.848024 0.388664 0.844985 0.384615 0.844985 0.380567 0.841945 0.376518 0.841945 0.37247
0 0.0 0.364372 0.0 0.392713 0.030395 0.392713 0.030395 0.388664 0.033435 0.384615 0.030395 0.380567 0.027356 0.380567 0.021277 0.37247 0.012158 0.37247 0.009119 0.368421 0.00304 0.368421
0 0.31003 0.348178 0.300912 0.360324 0.297872 0.360324 0.294833 0.364372 0.294833 0.37247 0.297872 0.376518 0.297872 0.388664 0.300912 0.384615 0.306991 0.384615 0.31003 0.380567 0.319149 0.380567 0.322188 0.376518 0.328267 0.376518 0.328267 0.37247 0.325228 0.368421 0.325228 0.360324 0.322188 0.360324 0.316109 0.352227 0.31307 0.352227
0 0.334347 0.299595 0.331307 0.303644 0.285714 0.303644 0.285714 0.311741 0.282675 0.315789 0.282675 0.319838 0.337386 0.319838 0.337386 0.311741 0.334347 0.307692
1 0.796353 0.902834 0.796353 0.906883 0.793313 0.910931 0.787234 0.910931 0.784195 0.91498 0.781155 0.91498 0.784195 0.919028 0.784195 0.923077 0.793313 0.923077 0.796353 0.927126 0.802432 0.927126 0.805471 0.931174 0.820669 0.931174 0.820669 0.923077 0.817629 0.923077 0.81155 0.91498 0.808511 0.91498 0.802432 0.906883 0.799392 0.906883
1 0.601824 0.894737 0.601824 0.923077 0.598784 0.927126 0.598784 0.935223 0.595745 0.939271 0.595745 0.94332 0.604863 0.94332 0.604863 0.935223 0.607903 0.931174 0.607903 0.91498 0.610942 0.910931 0.610942 0.902834 0.607903 0.898785 0.607903 0.894737
1 0.650456 0.854251 0.644377 0.862348 0.641337 0.862348 0.629179 0.878543 0.632219 0.882591 0.641337 0.870445 0.644377 0.870445 0.650456 0.862348
1 0.136778 0.708502 0.133739 0.712551 0.12462 0.712551 0.115502 0.724696 0.115502 0.728745 0.118541 0.732794 0.118541 0.736842 0.121581 0.736842 0.12462 0.740891 0.130699 0.740891 0.133739 0.736842 0.136778 0.736842 0.139818 0.732794 0.142857 0.732794 0.142857 0.720648 0.139818 0.716599 0.139818 0.712551
1 0.024316 0.639676 0.021277 0.643725 0.012158 0.643725 0.009119 0.647773 0.0 0.647773 0.0 0.668016 0.00304 0.663968 0.039514 0.663968 0.042553 0.668016 0.042553 0.663968 0.039514 0.659919 0.039514 0.651822 0.036474 0.651822 0.030395 0.643725 0.027356 0.643725
1 0.881459 0.57085 0.878419 0.574899 0.878419 0.578947 0.87538 0.582996 0.881459 0.582996 0.884498 0.587045 0.887538 0.587045 0.890578 0.591093 0.896657 0.591093 0.899696 0.595142 0.905775 0.595142 0.908815 0.59919 0.920973 0.59919 0.924012 0.603239 0.948328 0.603239 0.942249 0.603239 0.93921 0.59919 0.93617 0.59919 0.933131 0.595142 0.930091 0.595142 0.924012 0.587045 0.920973 0.587045 0.914894 0.578947 0.908815 0.578947 0.905775 0.574899 0.902736 0.578947 0.890578 0.578947 0.887538 0.574899 0.884498 0.574899
1 0.662614 0.48583 0.656535 0.493927 0.638298 0.493927 0.638298 0.497976 0.641337 0.502024 0.641337 0.506073 0.662614 0.506073 0.665653 0.502024 0.668693 0.502024 0.671733 0.506073 0.668693 0.510121 0.668693 0.51417 0.68693 0.51417 0.68997 0.510121 0.699088 0.510121 0.696049 0.510121 0.693009 0.506073 0.680851 0.506073 0.671733 0.493927 0.668693 0.493927
1 0.817629 0.449393 0.81155 0.45749 0.808511 0.45749 0.808511 0.461538 0.805471 0.465587 0.805471 0.469636 0.81459 0.481781 0.81459 0.48583 0.817629 0.489879 0.817629 0.497976 0.820669 0.502024 0.820669 0.506073 0.826748 0.51417 0.826748 0.518219 0.832827 0.526316 0.826748 0.534413 0.826748 0.538462 0.823708 0.54251 0.823708 0.546559 0.826748 0.546559 0.832827 0.554656 0.848024 0.554656 0.848024 0.546559 0.851064 0.54251 0.851064 0.530364 0.848024 0.526316 0.848024 0.51417 0.844985 0.510121 0.844985 0.506073 0.841945 0.502024 0.841945 0.497976 0.838906 0.493927 0.838906 0.48583 0.835866 0.481781 0.835866 0.477733 0.832827 0.473684 0.832827 0.469636 0.829787 0.465587 0.829787 0.461538 0.826748 0.45749 0.826748 0.453441 0.820669 0.453441
1 0.577508 0.449393 0.577508 0.453441 0.574468 0.45749 0.574468 0.461538 0.580547 0.469636 0.589666 0.469636 0.595745 0.461538 0.617021 0.461538 0.620061 0.465587 0.620061 0.461538 0.617021 0.45749 0.617021 0.453441 0.589666 0.453441 0.586626 0.449393
1 0.395137 0.34413 0.392097 0.348178 0.355623 0.348178 0.355623 0.356275 0.358663 0.360324 0.358663 0.368421 0.361702 0.364372 0.389058 0.364372 0.389058 0.360324 0.392097 0.356275 0.392097 0.352227 0.395137 0.348178
1 0.556231 0.194332 0.556231 0.198381 0.553191 0.202429 0.553191 0.206478 0.56535 0.206478 0.568389 0.202429 0.595745 0.202429 0.598784 0.206478 0.620061 0.206478 0.6231 0.210526 0.641337 0.210526 0.644377 0.214575 0.644377 0.202429 0.601824 0.202429 0.598784 0.198381 0.559271 0.198381
