0 0.554688 0.985417 0.553125 0.9875 0.55 0.9875 0.55 0.99375 0.548438 0.995833 0.548438 0.997917 0.557812 0.997917 0.557812 0.9875 0.55625 0.9875
0 0.559375 0.964583 0.559375 0.96875 0.575 0.96875 0.575 0.964583
0 0.409375 0.960417 0.409375 0.9625 0.407812 0.964583 0.407812 0.966667 0.40625 0.96875 0.414062 0.96875 0.414062 0.960417
0 0.979688 0.941667 0.979688 0.94375 0.978125 0.945833 0.978125 0.947917 0.982812 0.947917 0.985938 0.952083 0.985938 0.954167 0.9875 0.95625 0.989062 0.954167 0.992188 0.954167 0.995312 0.95 0.99375 0.95 0.992188 0.947917 0.990625 0.947917 0.985938 0.941667
0 0.778125 0.93125 0.778125 0.933333 0.779688 0.935417 0.779688 0.9375 0.785938 0.9375 0.785938 0.933333 0.784375 0.93125
0 0.259375 0.904167 0.259375 0.90625 0.257812 0.908333 0.257812 0.910417 0.259375 0.910417 0.260938 0.9125 0.2625 0.9125 0.264062 0.914583 0.264062 0.9125 0.265625 0.910417 0.265625 0.90625 0.267188 0.904167
0 0.135938 0.89375 0.13125 0.9 0.129688 0.9 0.128125 0.902083 0.11875 0.902083 0.117188 0.9 0.104688 0.916667 0.103125 0.916667 0.092188 0.93125 0.092188 0.935417 0.09375 0.9375 0.09375 0.941667 0.095312 0.94375 0.095312 0.945833 0.096875 0.947917 0.098438 0.945833 0.104688 0.945833 0.10625 0.94375 0.114062 0.94375 0.115625 0.941667 0.117188 0.941667 0.11875 0.939583 0.121875 0.939583 0.123438 0.9375 0.125 0.9375 0.126562 0.935417 0.129688 0.935417 0.129688 0.929167 0.13125 0.927083 0.13125 0.916667 0.132812 0.914583 0.132812 0.910417 0.134375 0.908333 0.134375 0.90625 0.139062 0.9 0.139062 0.897917 0.140625 0.895833 0.1375 0.895833
0 0.973438 0.864583 0.971875 0.866667 0.967188 0.866667 0.965625 0.86875 0.959375 0.86875 0.957812 0.870833 0.953125 0.870833 0.953125 0.877083 0.957812 0.877083 0.959375 0.879167 0.9625 0.879167 0.964062 0.88125 0.965625 0.879167 0.96875 0.879167 0.970312 0.877083 0.973438 0.877083
0 0.23125 0.820833 0.223438 0.83125 0.223438 0.833333 0.215625 0.84375 0.2125 0.839583 0.2125 0.833333 0.207812 0.833333 0.20625 0.835417 0.20625 0.8375 0.203125 0.841667 0.203125 0.84375 0.201562 0.845833 0.2 0.84375 0.198438 0.84375 0.192188 0.835417 0.190625 0.835417 0.1875 0.83125 0.182812 0.8375 0.184375 0.839583 0.185938 0.839583 0.189062 0.84375 0.190625 0.84375 0.19375 0.847917 0.195312 0.847917 0.198438 0.852083 0.196875 0.854167 0.192188 0.854167 0.190625 0.85625 0.185938 0.85625 0.184375 0.858333 0.184375 0.860417 0.182812 0.8625 0.182812 0.864583 0.18125 0.866667 0.164062 0.866667 0.164062 0.870833 0.1625 0.872917 0.1625 0.877083 0.164062 0.875 0.171875 0.875 0.173438 0.877083 0.171875 0.879167 0.170312 0.879167 0.167188 0.883333 0.165625 0.883333 0.1625 0.8875 0.160938 0.8875 0.160938 0.895833 0.1625 0.89375 0.164062 0.89375 0.165625 0.891667 0.167188 0.891667 0.170312 0.8875 0.171875 0.8875 0.173438 0.885417 0.175 0.885417 0.178125 0.88125 0.179688 0.88125 0.184375 0.875 0.185938 0.875 0.189062 0.870833 0.190625 0.870833 0.195312 0.864583 0.196875 0.864583 0.201562 0.858333 0.203125 0.858333 0.20625 0.854167 0.207812 0.854167 0.210938 0.85 0.239062 0.85 0.239062 0.839583 0.2375 0.841667 0.23125 0.841667 0.229688 0.84375 0.226562 0.84375 0.225 0.841667 0.228125 0.8375 0.228125 0.835417 0.234375 0.827083 0.232812 0.825 0.232812 0.822917
0 0.726562 0.81875 0.726562 0.825 0.729688 0.825 0.73125 0.827083 0.734375 0.827083 0.734375 0.81875
0 0.328125 0.81875 0.328125 0.822917 0.326562 0.825 0.326562 0.827083 0.33125 0.827083 0.332812 0.825 0.332812 0.81875
0 0.975 0.804167 0.975 0.810417 0.978125 0.814583 0.978125 0.816667 0.979688 0.81875 0.98125 0.816667 0.982812 0.816667 0.984375 0.81875 0.984375 0.825 0.9875 0.820833 0.989062 0.820833 0.989062 0.810417 0.9875 0.810417 0.985938 0.808333 0.98125 0.808333 0.979688 0.80625 0.976562 0.80625
0 0.660938 0.7875 0.660938 0.795833 0.659375 0.797917 0.659375 0.8 0.657812 0.802083 0.6625 0.802083 0.6625 0.797917 0.664062 0.795833 0.664062 0.79375 0.665625 0.791667 0.667188 0.791667 0.665625 0.789583 0.665625 0.7875
0 0.389062 0.78125 0.389062 0.783333 0.3875 0.785417 0.3875 0.789583 0.385938 0.791667 0.385938 0.795833 0.384375 0.797917 0.384375 0.804167 0.382812 0.80625 0.382812 0.810417 0.38125 0.8125 0.38125 0.816667 0.379688 0.81875 0.379688 0.822917 0.378125 0.825 0.378125 0.827083 0.379688 0.825 0.3875 0.825 0.389062 0.822917 0.396875 0.822917 0.396875 0.81875 0.398438 0.816667 0.398438 0.808333 0.4 0.80625 0.4 0.797917 0.401562 0.795833 0.401562 0.7875 0.403125 0.785417 0.403125 0.78125
0 0.576562 0.779167 0.58125 0.785417 0.592188 0.785417 0.592188 0.783333 0.59375 0.78125 0.59375 0.779167
0 0.76875 0.770833 0.765625 0.775 0.764062 0.775 0.757812 0.783333 0.75625 0.783333 0.754688 0.785417 0.75625 0.785417 0.759375 0.789583 0.760938 0.789583 0.7625 0.791667 0.760938 0.79375 0.757812 0.79375 0.75625 0.795833 0.751562 0.795833 0.75 0.797917 0.746875 0.797917 0.745312 0.8 0.740625 0.8 0.740625 0.80625 0.739062 0.808333 0.739062 0.814583 0.74375 0.814583 0.745312 0.816667 0.75 0.816667 0.751562 0.81875 0.757812 0.81875 0.759375 0.820833 0.764062 0.820833 0.765625 0.822917 0.770312 0.822917 0.771875 0.825 0.776562 0.825 0.778125 0.827083 0.779688 0.825 0.78125 0.825 0.784375 0.820833 0.785938 0.820833 0.7875 0.81875 0.789062 0.81875 0.792188 0.814583 0.79375 0.814583 0.795312 0.8125 0.796875 0.8125 0.8 0.808333 0.801562 0.808333 0.803125 0.80625 0.804688 0.80625 0.807812 0.802083 0.809375 0.802083 0.809375 0.8 0.810938 0.797917 0.810938 0.79375 0.8125 0.791667 0.8125 0.789583 0.807812 0.783333 0.80625 0.783333 0.798438 0.772917 0.770312 0.772917
0 0.648438 0.766667 0.645312 0.770833 0.64375 0.770833 0.64375 0.775 0.645312 0.775 0.648438 0.779167 0.65 0.777083 0.653125 0.777083 0.653125 0.772917 0.654688 0.770833 0.654688 0.76875 0.65 0.76875
0 0.314062 0.760417 0.310938 0.764583 0.309375 0.764583 0.30625 0.76875 0.295312 0.76875 0.289062 0.777083 0.2875 0.777083 0.282812 0.783333 0.28125 0.783333 0.279688 0.785417 0.276562 0.785417 0.275 0.7875 0.273438 0.7875 0.264062 0.8 0.265625 0.8 0.26875 0.804167 0.270312 0.804167 0.271875 0.80625 0.273438 0.804167 0.282812 0.804167 0.284375 0.802083 0.290625 0.802083 0.290625 0.8 0.292188 0.797917 0.292188 0.79375 0.29375 0.791667 0.29375 0.789583 0.295312 0.7875 0.296875 0.7875 0.3 0.783333 0.314062 0.783333 0.315625 0.785417 0.317188 0.783333 0.320312 0.783333 0.321875 0.78125 0.325 0.78125 0.326562 0.779167 0.326562 0.777083 0.328125 0.775 0.328125 0.772917 0.329688 0.770833 0.329688 0.76875 0.33125 0.766667 0.33125 0.764583 0.332812 0.7625 0.315625 0.7625
0 0.959375 0.754167 0.960938 0.75625 0.960938 0.758333 0.96875 0.758333 0.96875 0.754167
0 0.953125 0.722917 0.953125 0.729167 0.964062 0.729167 0.964062 0.722917
0 0.496875 0.720833 0.492188 0.727083 0.490625 0.727083 0.4875 0.73125 0.485938 0.73125 0.484375 0.733333 0.482812 0.733333 0.4875 0.733333 0.489062 0.735417 0.49375 0.729167 0.495312 0.729167 0.496875 0.727083 0.498438 0.727083 0.5 0.725 0.501562 0.725 0.5 0.722917 0.5 0.720833
0 0.68125 0.710417 0.679688 0.7125 0.675 0.7125 0.678125 0.716667 0.68125 0.716667
0 0.535938 0.710417 0.534375 0.7125 0.534375 0.714583 0.532812 0.716667 0.542188 0.716667 0.546875 0.710417
0 0.754688 0.708333 0.753125 0.710417 0.751562 0.710417 0.751562 0.714583 0.759375 0.714583 0.759375 0.708333
0 0.779688 0.704167 0.779688 0.710417 0.784375 0.710417 0.784375 0.708333 0.785938 0.70625 0.785938 0.704167
0 0.8625 0.695833 0.8625 0.702083 0.867188 0.702083 0.86875 0.704167 0.86875 0.702083 0.870312 0.7 0.870312 0.697917 0.864062 0.697917
0 0.528125 0.685417 0.526562 0.6875 0.523438 0.6875 0.521875 0.689583 0.520312 0.689583 0.51875 0.691667 0.515625 0.691667 0.517188 0.69375 0.51875 0.69375 0.521875 0.697917 0.525 0.69375 0.526562 0.69375 0.528125 0.691667
0 0.903125 0.666667 0.903125 0.66875 0.901562 0.670833 0.901562 0.672917 0.91875 0.672917 0.91875 0.666667
0 0.090625 0.65625 0.089062 0.658333 0.0875 0.658333 0.085938 0.660417 0.084375 0.660417 0.082812 0.6625 0.079688 0.6625 0.078125 0.664583 0.06875 0.664583 0.067188 0.6625 0.0625 0.66875 0.060938 0.66875 0.054688 0.677083 0.053125 0.677083 0.048438 0.683333 0.040625 0.683333 0.039062 0.685417 0.0375 0.685417 0.035938 0.6875 0.032812 0.6875 0.03125 0.689583 0.029688 0.689583 0.028125 0.691667 0.026562 0.691667 0.025 0.69375 0.023438 0.69375 0.021875 0.695833 0.01875 0.695833 0.017188 0.697917 0.015625 0.697917 0.0125 0.702083 0.0125 0.704167 0.009375 0.708333 0.021875 0.708333 0.025 0.7125 0.025 0.716667 0.026562 0.71875 0.026562 0.720833 0.028125 0.71875 0.032812 0.71875 0.034375 0.716667 0.040625 0.716667 0.039062 0.714583 0.039062 0.7125 0.034375 0.70625 0.034375 0.704167 0.032812 0.702083 0.034375 0.7 0.035938 0.7 0.0375 0.697917 0.040625 0.697917 0.042188 0.695833 0.060938 0.695833 0.073438 0.7125 0.075 0.710417 0.076562 0.710417 0.078125 0.708333 0.079688 0.708333 0.082812 0.704167 0.084375 0.704167 0.085938 0.702083 0.0875 0.702083 0.092188 0.695833 0.09375 0.695833 0.096875 0.691667 0.090625 0.691667 0.089062 0.689583 0.08125 0.689583 0.079688 0.6875 0.073438 0.6875 0.071875 0.685417 0.073438 0.683333 0.075 0.683333 0.078125 0.679167 0.079688 0.679167 0.08125 0.677083 0.082812 0.677083 0.085938 0.672917 0.0875 0.672917 0.089062 0.670833 0.090625 0.670833 0.09375 0.666667 0.095312 0.666667 0.09375 0.664583 0.09375 0.6625 0.092188 0.660417 0.092188 0.658333
0 0.50625 0.645833 0.504687 0.647917 0.501562 0.647917 0.501562 0.65 0.5 0.652083 0.501562 0.654167 0.501562 0.65625 0.50625 0.65625 0.509375 0.652083 0.510938 0.652083
0 0.91875 0.629167 0.917188 0.63125 0.909375 0.63125 0.914062 0.6375 0.915625 0.635417 0.917188 0.635417 0.917188 0.633333 0.91875 0.63125
0 0.704688 0.597917 0.703125 0.6 0.696875 0.6 0.695312 0.602083 0.689062 0.602083 0.6875 0.604167 0.685938 0.604167 0.685938 0.614583 0.690625 0.614583 0.69375 0.610417 0.69375 0.608333 0.695312 0.60625 0.695312 0.604167 0.696875 0.602083 0.704688 0.602083
0 0.65625 0.585417 0.65625 0.59375 0.664062 0.59375 0.664062 0.589583 0.660938 0.589583 0.659375 0.5875 0.657812 0.5875
0 0.625 0.566667 0.623438 0.56875 0.621875 0.56875 0.620312 0.570833 0.617188 0.570833 0.615625 0.572917 0.614062 0.572917 0.615625 0.572917 0.617188 0.575 0.61875 0.575 0.620312 0.577083 0.621875 0.575 0.625 0.575 0.628125 0.570833 0.629688 0.570833 0.629688 0.566667
0 0.79375 0.514583 0.792188 0.516667 0.790625 0.516667 0.789062 0.51875 0.7875 0.51875 0.784375 0.522917 0.7875 0.522917 0.789062 0.520833 0.790625 0.520833 0.792188 0.51875 0.79375 0.51875 0.795312 0.516667 0.796875 0.516667 0.795312 0.516667
0 0.490625 0.50625 0.489062 0.508333 0.4875 0.508333 0.485938 0.510417 0.484375 0.510417 0.4875 0.514583 0.485938 0.516667 0.484375 0.516667 0.482812 0.51875 0.48125 0.51875 0.479688 0.520833 0.478125 0.520833 0.476562 0.522917 0.473438 0.522917 0.471875 0.525 0.470312 0.525 0.46875 0.527083 0.467188 0.527083 0.470312 0.53125 0.471875 0.529167 0.475 0.529167 0.476562 0.527083 0.48125 0.527083 0.482812 0.525 0.485938 0.525 0.4875 0.522917 0.5 0.522917 0.501562 0.525 0.5 0.527083 0.495312 0.527083 0.49375 0.529167 0.4875 0.529167 0.485938 0.53125 0.48125 0.53125 0.479688 0.533333 0.473438 0.533333 0.475 0.535417 0.476562 0.535417 0.479688 0.539583 0.48125 0.5375 0.485938 0.5375 0.4875 0.535417 0.492188 0.535417 0.49375 0.533333 0.498438 0.533333 0.5 0.53125 0.510938 0.53125 0.5125 0.533333 0.51875 0.533333 0.520312 0.535417 0.521875 0.533333 0.520312 0.53125 0.51875 0.53125 0.515625 0.527083 0.514062 0.527083 0.509375 0.520833 0.507812 0.520833 0.504687 0.516667 0.504687 0.514583 0.50625 0.5125 0.50625 0.510417 0.503125 0.510417 0.501562 0.508333 0.496875 0.514583
0 0.845312 0.497917 0.845312 0.5 0.860938 0.5 0.860938 0.497917
0 0.91875 0.495833 0.91875 0.504167 0.925 0.504167 0.925 0.495833
0 0.820312 0.485417 0.81875 0.4875 0.798438 0.4875 0.796875 0.489583 0.795312 0.489583 0.79375 0.491667 0.792188 0.491667 0.792188 0.502083 0.796875 0.502083 0.798438 0.504167 0.803125 0.504167 0.804688 0.50625 0.809375 0.50625 0.810938 0.508333 0.814062 0.504167 0.815625 0.504167 0.814062 0.502083 0.814062 0.5 0.810938 0.495833 0.810938 0.49375 0.8125 0.491667 0.817188 0.491667 0.81875 0.49375 0.81875 0.489583 0.820312 0.4875
0 0.485938 0.472917 0.48125 0.479167 0.48125 0.48125 0.479688 0.483333 0.479688 0.485417 0.48125 0.4875 0.48125 0.489583 0.482812 0.491667 0.482812 0.49375 0.484375 0.495833 0.484375 0.497917 0.492188 0.497917 0.49375 0.5 0.501562 0.5 0.503125 0.502083 0.504687 0.5 0.509375 0.5 0.510938 0.497917 0.517188 0.497917 0.517188 0.491667 0.51875 0.489583 0.51875 0.485417 0.517188 0.485417 0.515625 0.483333 0.514062 0.483333 0.510938 0.479167 0.509375 0.479167 0.507812 0.477083 0.50625 0.477083 0.504687 0.475 0.4875 0.475
0 0.398438 0.43125 0.398438 0.433333 0.396875 0.435417 0.396875 0.4375 0.395312 0.439583 0.395312 0.441667 0.403125 0.441667 0.404688 0.439583 0.410938 0.439583 0.410938 0.43125
0 0.75 0.40625 0.748438 0.408333 0.742188 0.408333 0.742188 0.41875 0.74375 0.416667 0.746875 0.416667 0.748438 0.414583 0.75 0.414583 0.751562 0.4125 0.75625 0.4125 0.757812 0.414583 0.760938 0.414583 0.7625 0.416667 0.764062 0.414583 0.76875 0.414583 0.770312 0.4125 0.775 0.4125 0.775 0.410417 0.773438 0.408333 0.773438 0.40625 0.765625 0.40625 0.764062 0.408333 0.751562 0.408333
0 0.96875 0.402083 0.967188 0.404167 0.954688 0.404167 0.951562 0.408333 0.95 0.408333 0.946875 0.4125 0.945312 0.4125 0.948438 0.4125 0.95 0.414583 0.953125 0.414583 0.954688 0.416667 0.95625 0.414583 0.970312 0.414583 0.971875 0.4125 0.971875 0.410417 0.973438 0.408333
0 0.50625 0.391667 0.50625 0.395833 0.504687 0.397917 0.504687 0.402083 0.521875 0.402083 0.521875 0.4 0.520312 0.397917 0.520312 0.395833 0.51875 0.39375 0.51875 0.391667
0 0.685938 0.383333 0.684375 0.385417 0.695312 0.385417 0.695312 0.383333
0 0.920312 0.366667 0.920312 0.36875 0.921875 0.370833 0.921875 0.372917 0.923438 0.375 0.923438 0.377083 0.925 0.375 0.948438 0.375 0.946875 0.372917 0.946875 0.370833 0.945312 0.36875 0.921875 0.36875
0 0.623438 0.345833 0.623438 0.354167 0.625 0.352083 0.645312 0.352083 0.645312 0.35 0.646875 0.347917 0.646875 0.345833
0 0.514062 0.316667 0.514062 0.320833 0.5125 0.322917 0.5125 0.325 0.535938 0.325 0.5375 0.322917 0.5375 0.320833 0.540625 0.316667
0 0.454688 0.316667 0.453125 0.31875 0.448438 0.31875 0.446875 0.320833 0.44375 0.320833 0.442188 0.322917 0.4375 0.322917 0.435938 0.325 0.423438 0.325 0.421875 0.327083 0.407812 0.327083 0.40625 0.329167 0.404688 0.329167 0.403125 0.33125 0.401562 0.33125 0.398438 0.335417 0.396875 0.335417 0.395312 0.3375 0.39375 0.3375 0.392188 0.339583 0.390625 0.339583 0.392188 0.341667 0.392188 0.34375 0.396875 0.35 0.396875 0.352083 0.398438 0.354167 0.407812 0.354167 0.409375 0.35625 0.41875 0.35625 0.420312 0.358333 0.420312 0.35625 0.41875 0.354167 0.41875 0.347917 0.417188 0.345833 0.41875 0.34375 0.423438 0.34375 0.426562 0.347917 0.428125 0.347917 0.432812 0.354167 0.434375 0.352083 0.439062 0.352083 0.440625 0.35 0.445312 0.35 0.445312 0.345833 0.44375 0.34375 0.44375 0.3375 0.442188 0.335417 0.442188 0.33125 0.44375 0.329167 0.448438 0.329167 0.45 0.327083 0.454688 0.327083
0 0.403125 0.3 0.403125 0.304167 0.417188 0.304167 0.417188 0.3
0 0.878125 0.295833 0.876562 0.297917 0.876562 0.3 0.875 0.302083 0.865625 0.302083 0.864062 0.3 0.864062 0.308333 0.86875 0.308333 0.870312 0.310417 0.873438 0.310417 0.875 0.3125 0.876562 0.310417 0.89375 0.310417 0.895312 0.308333 0.901562 0.308333 0.903125 0.30625 0.910938 0.30625 0.910938 0.302083 0.89375 0.302083 0.892188 0.3 0.892188 0.297917 0.890625 0.295833
0 0.34375 0.275 0.34375 0.277083 0.342188 0.279167 0.342188 0.28125 0.340625 0.283333 0.340625 0.285417 0.339062 0.2875 0.339062 0.297917 0.345312 0.30625 0.35625 0.30625 0.357812 0.308333 0.36875 0.29375 0.367188 0.291667 0.367188 0.289583 0.365625 0.2875 0.365625 0.285417 0.364062 0.283333 0.364062 0.28125 0.3625 0.279167 0.354688 0.279167 0.353125 0.277083 0.345312 0.277083
0 0.81875 0.272917 0.817188 0.275 0.814062 0.275 0.8125 0.277083 0.807812 0.277083 0.80625 0.279167 0.803125 0.279167 0.801562 0.28125 0.796875 0.28125 0.796875 0.289583 0.798438 0.2875 0.803125 0.2875 0.804688 0.285417 0.807812 0.285417 0.809375 0.283333 0.8125 0.283333 0.814062 0.285417 0.814062 0.2875 0.815625 0.285417 0.829688 0.285417 0.829688 0.279167 0.821875 0.279167 0.81875 0.275
0 0.65 0.25625 0.648438 0.258333 0.648438 0.260417 0.646875 0.2625 0.648438 0.2625 0.65 0.264583 0.651562 0.2625 0.65625 0.2625 0.65625 0.260417 0.654688 0.258333 0.654688 0.25625
0 0.976562 0.254167 0.975 0.25625 0.971875 0.25625 0.970312 0.258333 0.967188 0.258333 0.967188 0.264583 0.965625 0.266667 0.965625 0.270833 0.967188 0.26875 0.973438 0.26875 0.975 0.266667 0.98125 0.266667 0.982812 0.264583 0.989062 0.264583 0.989062 0.2625 0.990625 0.260417 0.990625 0.258333 0.992188 0.25625 0.992188 0.254167
0 0.617188 0.241667 0.607812 0.254167 0.598438 0.254167 0.596875 0.252083 0.596875 0.260417 0.614062 0.260417 0.615625 0.2625 0.635938 0.2625 0.6375 0.264583 0.639062 0.2625 0.639062 0.260417 0.640625 0.258333 0.639062 0.25625 0.6375 0.25625 0.634375 0.252083 0.632812 0.252083 0.629688 0.247917 0.628125 0.247917 0.625 0.24375 0.61875 0.24375
0 0.38125 0.241667 0.38125 0.245833 0.379688 0.247917 0.379688 0.25 0.398438 0.25 0.4 0.252083 0.403125 0.252083 0.404688 0.254167 0.40625 0.254167 0.407812 0.25625 0.410938 0.25625 0.4125 0.258333 0.415625 0.254167 0.417188 0.254167 0.420312 0.25 0.432812 0.25 0.434375 0.247917 0.448438 0.247917 0.446875 0.245833 0.446875 0.24375 0.445312 0.241667 0.44375 0.24375 0.429688 0.24375 0.428125 0.245833 0.409375 0.245833 0.407812 0.24375 0.404688 0.24375 0.403125 0.241667
0 0.601562 0.229167 0.6 0.23125 0.596875 0.23125 0.595312 0.233333 0.590625 0.233333 0.589062 0.235417 0.585938 0.235417 0.584375 0.2375 0.579688 0.2375 0.578125 0.239583 0.576562 0.239583 0.575 0.241667 0.573438 0.241667 0.571875 0.24375 0.570312 0.24375 0.56875 0.245833 0.567188 0.245833 0.565625 0.247917 0.564062 0.247917 0.565625 0.25 0.567188 0.25 0.570312 0.254167 0.570312 0.252083 0.573438 0.247917 0.576562 0.247917 0.578125 0.245833 0.58125 0.245833 0.582812 0.24375 0.585938 0.24375 0.5875 0.241667 0.590625 0.241667 0.592188 0.239583 0.604688 0.239583 0.604688 0.2375 0.603125 0.235417 0.603125 0.233333 0.601562 0.23125
0 0.532812 0.214583 0.523438 0.227083 0.520312 0.227083 0.51875 0.229167 0.517188 0.229167 0.515625 0.23125 0.5125 0.23125 0.510938 0.233333 0.507812 0.233333 0.50625 0.235417 0.4875 0.235417 0.4875 0.239583 0.485938 0.241667 0.485938 0.24375 0.50625 0.24375 0.507812 0.241667 0.517188 0.241667 0.51875 0.24375 0.51875 0.245833 0.517188 0.247917 0.517188 0.25 0.515625 0.252083 0.515625 0.254167 0.514062 0.25625 0.515625 0.254167 0.526562 0.254167 0.526562 0.245833 0.525 0.24375 0.525 0.241667 0.523438 0.239583 0.523438 0.2375 0.526562 0.233333 0.55 0.233333 0.55 0.23125 0.551562 0.229167 0.5375 0.229167 0.535938 0.227083 0.535938 0.222917 0.5375 0.220833 0.5375 0.216667 0.534375 0.216667
0 0.328125 0.210417 0.325 0.214583 0.323438 0.214583 0.323438 0.216667 0.325 0.21875 0.325 0.220833 0.335938 0.220833 0.3375 0.222917 0.35 0.222917 0.351562 0.225 0.351562 0.216667 0.339062 0.216667 0.3375 0.214583 0.334375 0.214583 0.332812 0.2125 0.329688 0.2125
0 0.834375 0.202083 0.832812 0.204167 0.817188 0.204167 0.815625 0.20625 0.8 0.20625 0.798438 0.208333 0.798438 0.210417 0.79375 0.216667 0.79375 0.21875 0.792188 0.220833 0.798438 0.220833 0.8 0.21875 0.803125 0.21875 0.804688 0.216667 0.807812 0.216667 0.809375 0.214583 0.817188 0.214583 0.81875 0.2125 0.825 0.2125 0.826562 0.214583 0.826562 0.216667 0.825 0.21875 0.825 0.220833 0.826562 0.222917 0.826562 0.225 0.828125 0.227083 0.828125 0.229167 0.829688 0.23125 0.829688 0.233333 0.83125 0.23125 0.832812 0.23125 0.834375 0.229167 0.8375 0.229167 0.8375 0.222917 0.835938 0.220833 0.835938 0.210417 0.834375 0.208333
0 0.8875 0.185417 0.8875 0.195833 0.885938 0.197917 0.876562 0.197917 0.875 0.195833 0.875 0.2 0.873438 0.202083 0.873438 0.20625 0.885938 0.20625 0.8875 0.208333 0.8875 0.216667 0.889062 0.21875 0.889062 0.23125 0.890625 0.23125 0.892188 0.233333 0.895312 0.233333 0.896875 0.235417 0.898438 0.235417 0.9 0.2375 0.901562 0.235417 0.903125 0.235417 0.904688 0.233333 0.90625 0.233333 0.907812 0.23125 0.910938 0.23125 0.9125 0.229167 0.914062 0.229167 0.915625 0.227083 0.917188 0.227083 0.917188 0.222917 0.91875 0.220833 0.91875 0.214583 0.920312 0.2125 0.920312 0.20625 0.921875 0.204167 0.921875 0.202083 0.914062 0.202083 0.9125 0.2 0.910938 0.202083 0.90625 0.202083 0.904688 0.204167 0.9 0.204167 0.898438 0.20625 0.895312 0.20625 0.89375 0.204167 0.89375 0.202083 0.892188 0.2 0.892188 0.191667 0.890625 0.189583 0.890625 0.185417
0 0.875 0.164583 0.873438 0.166667 0.873438 0.16875 0.871875 0.170833 0.871875 0.172917 0.870312 0.175 0.871875 0.177083 0.873438 0.177083 0.876562 0.18125 0.88125 0.175 0.882812 0.175 0.884375 0.172917 0.884375 0.166667 0.876562 0.166667
0 0.792188 0.158333 0.792188 0.164583 0.79375 0.1625 0.798438 0.1625 0.798438 0.158333
1 0.20625 0.93125 0.204688 0.933333 0.204688 0.935417 0.203125 0.9375 0.198438 0.9375 0.198438 0.94375 0.196875 0.945833 0.195312 0.945833 0.19375 0.947917 0.192188 0.947917 0.192188 0.954167 0.195312 0.954167 0.201562 0.945833 0.204688 0.945833 0.20625 0.947917 0.20625 0.94375 0.207812 0.941667 0.207812 0.939583 0.209375 0.9375 0.209375 0.935417 0.210938 0.933333 0.207812 0.933333
1 0.225 0.920833 0.225 0.922917 0.221875 0.927083 0.215625 0.927083 0.215625 0.935417 0.220312 0.935417 0.226562 0.927083 0.228125 0.927083 0.226562 0.925 0.226562 0.922917
1 0.29375 0.858333 0.292188 0.860417 0.292188 0.8625 0.289062 0.866667 0.29375 0.872917 0.298438 0.872917 0.298438 0.8625 0.296875 0.8625
1 0.360938 0.679167 0.359375 0.68125 0.359375 0.683333 0.35625 0.6875 0.35625 0.689583 0.353125 0.69375 0.35 0.69375 0.348438 0.695833 0.345312 0.695833 0.34375 0.697917 0.340625 0.697917 0.339062 0.7 0.335938 0.7 0.334375 0.702083 0.332812 0.702083 0.33125 0.704167 0.329688 0.704167 0.328125 0.70625 0.326562 0.70625 0.326562 0.710417 0.328125 0.7125 0.328125 0.714583 0.326562 0.716667 0.320312 0.716667 0.321875 0.71875 0.321875 0.720833 0.323438 0.722917 0.323438 0.725 0.325 0.722917 0.335938 0.722917 0.335938 0.720833 0.3375 0.71875 0.3375 0.716667 0.339062 0.714583 0.339062 0.7125 0.342188 0.708333 0.34375 0.708333 0.345312 0.70625 0.348438 0.70625 0.35 0.704167 0.351562 0.704167 0.353125 0.702083 0.35625 0.702083 0.370312 0.683333 0.367188 0.683333 0.365625 0.68125 0.3625 0.68125
1 0.314062 0.664583 0.3125 0.666667 0.309375 0.666667 0.307812 0.66875 0.30625 0.66875 0.304688 0.670833 0.301562 0.670833 0.3 0.672917 0.296875 0.672917 0.295312 0.675 0.29375 0.675 0.292188 0.677083 0.289062 0.677083 0.2875 0.679167 0.284375 0.679167 0.282812 0.68125 0.28125 0.68125 0.279688 0.683333 0.278125 0.683333 0.276562 0.68125 0.278125 0.679167 0.278125 0.677083 0.279688 0.675 0.278125 0.677083 0.275 0.677083 0.271875 0.68125 0.271875 0.683333 0.267188 0.689583 0.251563 0.689583 0.25 0.6875 0.251563 0.685417 0.251563 0.683333 0.253125 0.68125 0.253125 0.679167 0.254688 0.677083 0.248438 0.677083 0.248438 0.679167 0.246875 0.68125 0.246875 0.683333 0.245312 0.685417 0.245312 0.6875 0.24375 0.689583 0.24375 0.691667 0.242188 0.69375 0.239062 0.69375 0.2375 0.695833 0.235938 0.695833 0.234375 0.697917 0.23125 0.697917 0.229688 0.7 0.226562 0.7 0.223438 0.695833 0.223438 0.69375 0.217188 0.685417 0.217188 0.683333 0.214062 0.679167 0.2125 0.68125 0.210938 0.68125 0.209375 0.683333 0.207812 0.683333 0.210938 0.6875 0.210938 0.689583 0.215625 0.695833 0.215625 0.697917 0.214062 0.7 0.20625 0.7 0.204688 0.697917 0.203125 0.7 0.201562 0.7 0.2 0.702083 0.198438 0.702083 0.196875 0.704167 0.19375 0.704167 0.192188 0.70625 0.190625 0.70625 0.189062 0.708333 0.1875 0.708333 0.185938 0.710417 0.18125 0.710417 0.179688 0.7125 0.175 0.7125 0.173438 0.714583 0.16875 0.714583 0.167188 0.716667 0.160938 0.716667 0.159375 0.71875 0.154688 0.71875 0.153125 0.720833 0.148438 0.720833 0.15 0.722917 0.151562 0.722917 0.15625 0.729167 0.157812 0.727083 0.171875 0.727083 0.173438 0.725 0.189062 0.725 0.190625 0.722917 0.192188 0.722917 0.19375 0.720833 0.195312 0.720833 0.196875 0.71875 0.198438 0.71875 0.2 0.716667 0.203125 0.716667 0.204688 0.714583 0.20625 0.714583 0.207812 0.7125 0.210938 0.7125 0.2125 0.714583 0.214062 0.714583 0.217188 0.71875 0.21875 0.71875 0.220312 0.720833 0.235938 0.720833 0.2375 0.71875 0.2375 0.716667 0.239062 0.714583 0.239062 0.7125 0.242188 0.708333 0.245312 0.708333 0.246875 0.70625 0.248438 0.70625 0.25 0.708333 0.25 0.7125 0.251563 0.714583 0.251563 0.722917 0.248438 0.727083 0.246875 0.727083 0.24375 0.73125 0.242188 0.73125 0.239062 0.735417 0.2375 0.735417 0.242188 0.741667 0.24375 0.739583 0.251563 0.739583 0.253125 0.7375 0.25625 0.7375 0.257812 0.739583 0.25625 0.741667 0.254688 0.741667 0.253125 0.74375 0.251563 0.74375 0.25 0.745833 0.248438 0.745833 0.246875 0.747917 0.245312 0.747917 0.242188 0.752083 0.240625 0.752083 0.239062 0.754167 0.2375 0.754167 0.235938 0.75625 0.234375 0.75625 0.232812 0.758333 0.23125 0.758333 0.229688 0.760417 0.228125 0.760417 0.226562 0.7625 0.225 0.7625 0.223438 0.764583 0.221875 0.764583 0.220312 0.766667 0.21875 0.766667 0.217188 0.76875 0.215625 0.76875 0.2125 0.772917 0.210938 0.772917 0.209375 0.775 0.207812 0.775 0.20625 0.777083 0.204688 0.777083 0.203125 0.779167 0.201562 0.779167 0.2 0.78125 0.198438 0.78125 0.196875 0.783333 0.195312 0.783333 0.19375 0.785417 0.192188 0.785417 0.189062 0.789583 0.1875 0.789583 0.185938 0.791667 0.184375 0.791667 0.182812 0.79375 0.18125 0.79375 0.179688 0.795833 0.178125 0.795833 0.176562 0.797917 0.175 0.797917 0.173438 0.8 0.171875 0.8 0.170312 0.802083 0.16875 0.802083 0.165625 0.80625 0.164062 0.80625 0.1625 0.808333 0.160938 0.808333 0.159375 0.810417 0.157812 0.810417 0.15625 0.8125 0.154688 0.8125 0.153125 0.814583 0.15 0.814583 0.148438 0.816667 0.146875 0.816667 0.145312 0.81875 0.142188 0.81875 0.140625 0.820833 0.139062 0.820833 0.1375 0.822917 0.134375 0.822917 0.132812 0.825 0.13125 0.825 0.129688 0.827083 0.126562 0.827083 0.125 0.829167 0.123438 0.829167 0.121875 0.83125 0.120312 0.83125 0.11875 0.833333 0.115625 0.833333 0.114062 0.835417 0.1125 0.835417 0.110938 0.8375 0.107812 0.8375 0.10625 0.839583 0.104688 0.839583 0.103125 0.841667 0.1 0.841667 0.098438 0.84375 0.096875 0.84375 0.095312 0.845833 0.092188 0.845833 0.090625 0.847917 0.089062 0.847917 0.085938 0.852083 0.084375 0.852083 0.079688 0.858333 0.078125 0.858333 0.075 0.8625 0.073438 0.8625 0.070312 0.866667 0.070312 0.86875 0.067188 0.872917 0.067188 0.875 0.064062 0.879167 0.064062 0.88125 0.0625 0.883333 0.065625 0.883333 0.067188 0.885417 0.06875 0.885417 0.070312 0.8875 0.075 0.88125 0.076562 0.88125 0.082812 0.872917 0.084375 0.872917 0.090625 0.864583 0.092188 0.864583 0.096875 0.858333 0.098438 0.858333 0.1 0.85625 0.101562 0.85625 0.103125 0.854167 0.104688 0.854167 0.10625 0.852083 0.107812 0.852083 0.109375 0.85 0.110938 0.85 0.1125 0.847917 0.114062 0.847917 0.115625 0.845833 0.117188 0.845833 0.11875 0.84375 0.120312 0.84375 0.121875 0.841667 0.123438 0.841667 0.125 0.839583 0.126562 0.839583 0.128125 0.8375 0.129688 0.8375 0.13125 0.835417 0.132812 0.835417 0.134375 0.833333 0.135938 0.833333 0.1375 0.83125 0.139062 0.83125 0.140625 0.829167 0.142188 0.829167 0.14375 0.827083 0.145312 0.827083 0.146875 0.825 0.148438 0.825 0.15 0.822917 0.151562 0.822917 0.153125 0.820833 0.154688 0.820833 0.15625 0.81875 0.157812 0.81875 0.159375 0.816667 0.160938 0.816667 0.1625 0.814583 0.164062 0.814583 0.165625 0.8125 0.167188 0.8125 0.16875 0.810417 0.170312 0.810417 0.171875 0.808333 0.173438 0.808333 0.175 0.80625 0.176562 0.80625 0.178125 0.804167 0.179688 0.804167 0.18125 0.802083 0.182812 0.802083 0.184375 0.8 0.185938 0.8 0.1875 0.797917 0.189062 0.797917 0.190625 0.795833 0.192188 0.795833 0.19375 0.79375 0.195312 0.79375 0.196875 0.791667 0.198438 0.791667 0.2 0.789583 0.201562 0.789583 0.203125 0.7875 0.204688 0.7875 0.20625 0.785417 0.207812 0.785417 0.209375 0.783333 0.210938 0.783333 0.2125 0.78125 0.214062 0.78125 0.215625 0.779167 0.217188 0.779167 0.21875 0.777083 0.220312 0.777083 0.221875 0.775 0.239062 0.775 0.240625 0.772917 0.24375 0.772917 0.25 0.78125 0.251563 0.78125 0.254688 0.785417 0.253125 0.7875 0.248438 0.7875 0.246875 0.789583 0.2375 0.789583 0.232812 0.795833 0.23125 0.795833 0.229688 0.797917 0.229688 0.802083 0.228125 0.804167 0.228125 0.808333 0.23125 0.8125 0.235938 0.80625 0.235938 0.804167 0.240625 0.797917 0.253125 0.797917 0.254688 0.8 0.253125 0.802083 0.253125 0.804167 0.251563 0.80625 0.251563 0.808333 0.25 0.810417 0.25 0.8125 0.248438 0.814583 0.248438 0.816667 0.246875 0.81875 0.246875 0.829167 0.248438 0.827083 0.248438 0.825 0.251563 0.820833 0.251563 0.81875 0.253125 0.816667 0.253125 0.8125 0.254688 0.810417 0.254688 0.808333 0.257812 0.804167 0.2625 0.804167 0.265625 0.808333 0.267188 0.808333 0.271875 0.814583 0.271875 0.816667 0.273438 0.81875 0.273438 0.820833 0.273438 0.81875 0.275 0.816667 0.275 0.8125 0.273438 0.810417 0.273438 0.808333 0.271875 0.808333 0.270312 0.80625 0.26875 0.80625 0.265625 0.802083 0.264062 0.802083 0.2625 0.8 0.265625 0.795833 0.264062 0.79375 0.264062 0.7875 0.265625 0.785417 0.265625 0.78125 0.26875 0.777083 0.270312 0.777083 0.273438 0.78125 0.273438 0.785417 0.273438 0.783333 0.275 0.78125 0.275 0.779167 0.276562 0.777083 0.279688 0.78125 0.279688 0.783333 0.28125 0.78125 0.28125 0.779167 0.279688 0.777083 0.279688 0.770833 0.276562 0.770833 0.271875 0.764583 0.270312 0.766667 0.26875 0.766667 0.267188 0.76875 0.264062 0.76875 0.264062 0.770833 0.2625 0.772917 0.2625 0.775 0.260938 0.777083 0.259375 0.775 0.259375 0.76875 0.257812 0.770833 0.257812 0.772917 0.254688 0.777083 0.253125 0.775 0.251563 0.775 0.246875 0.76875 0.248438 0.766667 0.25 0.766667 0.251563 0.764583 0.253125 0.764583 0.254688 0.7625 0.25625 0.7625 0.257812 0.760417 0.259375 0.760417 0.260938 0.758333 0.2625 0.758333 0.265625 0.754167 0.267188 0.754167 0.26875 0.752083 0.270312 0.752083 0.271875 0.75 0.273438 0.75 0.275 0.747917 0.276562 0.747917 0.278125 0.745833 0.279688 0.745833 0.282812 0.741667 0.284375 0.741667 0.285938 0.739583 0.2875 0.739583 0.289062 0.7375 0.290625 0.7375 0.292188 0.735417 0.29375 0.735417 0.295312 0.733333 0.296875 0.733333 0.3 0.729167 0.301562 0.729167 0.303125 0.727083 0.304688 0.727083 0.30625 0.725 0.307812 0.725 0.30625 0.722917 0.30625 0.720833 0.303125 0.716667 0.303125 0.714583 0.301562 0.7125 0.301562 0.710417 0.3 0.708333 0.295312 0.714583 0.29375 0.714583 0.2875 0.722917 0.285938 0.722917 0.282812 0.727083 0.276562 0.727083 0.275 0.725 0.270312 0.725 0.26875 0.722917 0.271875 0.71875 0.273438 0.71875 0.275 0.716667 0.260938 0.716667 0.259375 0.714583 0.260938 0.7125 0.2625 0.7125 0.264062 0.710417 0.265625 0.710417 0.267188 0.708333 0.26875 0.708333 0.270312 0.70625 0.271875 0.70625 0.273438 0.704167 0.275 0.704167 0.276562 0.702083 0.28125 0.702083 0.282812 0.704167 0.285938 0.704167 0.2875 0.70625 0.290625 0.70625 0.292188 0.708333 0.29375 0.70625 0.295312 0.70625 0.292188 0.702083 0.292188 0.7 0.290625 0.697917 0.296875 0.689583 0.303125 0.689583 0.304688 0.691667 0.3125 0.691667 0.314062 0.69375 0.320312 0.69375 0.321875 0.695833 0.321875 0.691667 0.320312 0.689583 0.320312 0.68125 0.31875 0.679167 0.31875 0.675 0.314062 0.675 0.310938 0.679167 0.309375 0.679167 0.307812 0.68125 0.304688 0.68125 0.303125 0.679167 0.3 0.679167 0.298438 0.677083 0.3 0.675 0.303125 0.675 0.304688 0.672917 0.307812 0.672917 0.309375 0.670833 0.3125 0.670833 0.314062 0.66875 0.317188 0.66875
1 0.076562 0.63125 0.075 0.633333 0.071875 0.633333 0.070312 0.635417 0.06875 0.635417 0.071875 0.639583 0.078125 0.639583 0.079688 0.6375 0.089062 0.6375 0.090625 0.639583 0.092188 0.639583 0.09375 0.641667 0.095312 0.639583 0.096875 0.639583 0.098438 0.6375 0.1 0.6375 0.098438 0.635417 0.098438 0.633333 0.090625 0.633333 0.089062 0.635417 0.08125 0.635417 0.079688 0.633333 0.078125 0.633333
1 0.4 0.61875 0.398438 0.620833 0.398438 0.622917 0.396875 0.625 0.396875 0.627083 0.39375 0.63125 0.39375 0.633333 0.392188 0.635417 0.396875 0.641667 0.395312 0.64375 0.39375 0.64375 0.392188 0.645833 0.390625 0.64375 0.390625 0.641667 0.389062 0.639583 0.389062 0.629167 0.3875 0.627083 0.3875 0.622917 0.385938 0.625 0.382812 0.625 0.382812 0.635417 0.384375 0.6375 0.384375 0.647917 0.389062 0.647917 0.390625 0.65 0.39375 0.65 0.395312 0.652083 0.396875 0.65 0.398438 0.65 0.401562 0.645833 0.403125 0.645833 0.40625 0.641667 0.407812 0.641667 0.409375 0.639583 0.410938 0.639583 0.414062 0.635417 0.415625 0.635417 0.415625 0.633333 0.417188 0.63125 0.417188 0.629167 0.41875 0.627083 0.41875 0.625 0.420312 0.622917 0.410938 0.622917 0.409375 0.620833 0.401562 0.620833
1 0.282812 0.520833 0.279688 0.525 0.278125 0.525 0.275 0.529167 0.273438 0.529167 0.270312 0.533333 0.26875 0.533333 0.267188 0.535417 0.26875 0.5375 0.26875 0.539583 0.271875 0.54375 0.271875 0.545833 0.275 0.55 0.275 0.552083 0.278125 0.55625 0.278125 0.560417 0.276562 0.5625 0.275 0.5625 0.273438 0.564583 0.270312 0.564583 0.26875 0.566667 0.267188 0.566667 0.267188 0.56875 0.265625 0.570833 0.265625 0.572917 0.264062 0.575 0.2625 0.575 0.260938 0.577083 0.259375 0.577083 0.257812 0.579167 0.254688 0.579167 0.253125 0.58125 0.251563 0.58125 0.25 0.583333 0.25625 0.591667 0.253125 0.595833 0.253125 0.597917 0.248438 0.604167 0.248438 0.60625 0.245312 0.610417 0.245312 0.6125 0.246875 0.614583 0.246875 0.616667 0.251563 0.622917 0.251563 0.625 0.254688 0.629167 0.25625 0.627083 0.259375 0.627083 0.260938 0.625 0.264062 0.625 0.265625 0.622917 0.276562 0.622917 0.279688 0.627083 0.279688 0.63125 0.278125 0.633333 0.259375 0.633333 0.257812 0.63125 0.257812 0.633333 0.25625 0.635417 0.25625 0.6375 0.254688 0.639583 0.254688 0.641667 0.253125 0.64375 0.253125 0.645833 0.25 0.65 0.240625 0.65 0.239062 0.647917 0.239062 0.65 0.240625 0.652083 0.240625 0.65625 0.242188 0.654167 0.25625 0.654167 0.260938 0.647917 0.260938 0.645833 0.265625 0.639583 0.271875 0.639583 0.273438 0.6375 0.276562 0.6375 0.278125 0.635417 0.282812 0.635417 0.284375 0.633333 0.285938 0.633333 0.2875 0.635417 0.2875 0.6375 0.289062 0.639583 0.289062 0.645833 0.2875 0.647917 0.279688 0.647917 0.278125 0.65 0.26875 0.65 0.26875 0.652083 0.267188 0.654167 0.267188 0.65625 0.26875 0.654167 0.2875 0.654167 0.289062 0.652083 0.309375 0.652083 0.310938 0.65 0.317188 0.65 0.31875 0.652083 0.31875 0.6625 0.320312 0.664583 0.320312 0.666667 0.321875 0.66875 0.321875 0.670833 0.323438 0.672917 0.323438 0.675 0.325 0.677083 0.325 0.679167 0.334375 0.679167 0.334375 0.677083 0.335938 0.675 0.335938 0.672917 0.3375 0.670833 0.3375 0.666667 0.339062 0.664583 0.339062 0.6625 0.342188 0.658333 0.345312 0.658333 0.346875 0.660417 0.351562 0.654167 0.353125 0.654167 0.354688 0.652083 0.346875 0.652083 0.345312 0.65 0.346875 0.647917 0.348438 0.647917 0.353125 0.641667 0.354688 0.641667 0.360938 0.633333 0.3625 0.633333 0.367188 0.627083 0.36875 0.627083 0.385938 0.604167 0.384375 0.602083 0.384375 0.6 0.382812 0.597917 0.382812 0.595833 0.38125 0.59375 0.38125 0.591667 0.379688 0.589583 0.379688 0.5875 0.38125 0.585417 0.38125 0.583333 0.382812 0.58125 0.382812 0.579167 0.384375 0.577083 0.384375 0.575 0.382812 0.572917 0.382812 0.570833 0.38125 0.56875 0.38125 0.566667 0.375 0.575 0.371875 0.575 0.370312 0.572917 0.365625 0.572917 0.364062 0.570833 0.360938 0.570833 0.359375 0.56875 0.35625 0.56875 0.354688 0.566667 0.354688 0.560417 0.35625 0.558333 0.35625 0.554167 0.34375 0.554167 0.342188 0.552083 0.3375 0.552083 0.335938 0.55 0.332812 0.55 0.33125 0.547917 0.326562 0.547917 0.31875 0.5375 0.31875 0.535417 0.314062 0.529167 0.304688 0.541667 0.303125 0.541667 0.296875 0.55 0.295312 0.547917 0.295312 0.545833 0.292188 0.541667 0.292188 0.539583 0.289062 0.535417 0.289062 0.533333 0.2875 0.53125 0.2875 0.529167 0.284375 0.525 0.284375 0.522917
1 0.623438 0.508333 0.621875 0.510417 0.61875 0.510417 0.617188 0.5125 0.601562 0.5125 0.6 0.514583 0.582812 0.514583 0.582812 0.51875 0.584375 0.516667 0.598438 0.516667 0.6 0.514583 0.632812 0.514583 0.632812 0.510417 0.625 0.510417
1 0.442188 0.483333 0.440625 0.485417 0.4375 0.485417 0.435938 0.4875 0.432812 0.4875 0.43125 0.489583 0.428125 0.489583 0.426562 0.491667 0.423438 0.491667 0.421875 0.49375 0.41875 0.49375 0.417188 0.495833 0.414062 0.495833 0.4125 0.497917 0.409375 0.497917 0.404688 0.504167 0.403125 0.504167 0.4 0.508333 0.407812 0.508333 0.409375 0.510417 0.4125 0.50625 0.4125 0.504167 0.417188 0.497917 0.420312 0.497917 0.421875 0.495833 0.426562 0.495833 0.428125 0.49375 0.43125 0.49375 0.432812 0.491667 0.4375 0.491667 0.439062 0.489583 0.442188 0.489583
1 0.379688 0.46875 0.378125 0.470833 0.376562 0.470833 0.373438 0.475 0.371875 0.475 0.370312 0.477083 0.36875 0.477083 0.367188 0.479167 0.367188 0.48125 0.365625 0.483333 0.365625 0.485417 0.3625 0.489583 0.3625 0.491667 0.360938 0.49375 0.360938 0.497917 0.3625 0.5 0.3625 0.504167 0.360938 0.50625 0.351562 0.50625 0.351562 0.508333 0.35 0.510417 0.35 0.5125 0.346875 0.516667 0.345312 0.516667 0.34375 0.51875 0.342188 0.51875 0.340625 0.520833 0.339062 0.520833 0.342188 0.525 0.34375 0.525 0.35 0.533333 0.351562 0.53125 0.360938 0.53125 0.3625 0.533333 0.364062 0.533333 0.365625 0.535417 0.367188 0.535417 0.36875 0.5375 0.370312 0.5375 0.371875 0.539583 0.373438 0.539583 0.375 0.541667 0.379688 0.541667 0.367188 0.525 0.367188 0.522917 0.36875 0.520833 0.370312 0.520833 0.371875 0.522917 0.373438 0.522917 0.375 0.525 0.376562 0.525 0.378125 0.527083 0.379688 0.527083 0.38125 0.529167 0.382812 0.527083 0.382812 0.525 0.384375 0.522917 0.384375 0.520833 0.385938 0.51875 0.3875 0.51875 0.389062 0.520833 0.390625 0.520833 0.392188 0.522917 0.389062 0.527083 0.3875 0.527083 0.385938 0.529167 0.3875 0.53125 0.3875 0.533333 0.389062 0.535417 0.390625 0.533333 0.4125 0.533333 0.4125 0.525 0.410938 0.522917 0.410938 0.514583 0.404688 0.514583 0.403125 0.5125 0.398438 0.5125 0.396875 0.510417 0.396875 0.508333 0.395312 0.50625 0.395312 0.504167 0.39375 0.502083 0.39375 0.5 0.398438 0.49375 0.4 0.49375 0.401562 0.491667 0.398438 0.4875 0.396875 0.489583 0.395312 0.489583 0.39375 0.491667 0.392188 0.491667 0.390625 0.49375 0.3875 0.49375 0.385938 0.495833 0.384375 0.495833 0.382812 0.497917 0.373438 0.497917 0.371875 0.495833 0.371875 0.49375 0.375 0.489583 0.375 0.4875 0.378125 0.483333 0.378125 0.48125 0.379688 0.479167 0.382812 0.479167 0.384375 0.48125 0.385938 0.48125 0.3875 0.483333 0.389062 0.48125 0.390625 0.48125 0.392188 0.479167 0.395312 0.479167 0.396875 0.477083 0.398438 0.477083 0.395312 0.472917 0.395312 0.470833 0.39375 0.46875
1 0.309375 0.46875 0.304688 0.475 0.304688 0.477083 0.3 0.483333 0.3 0.485417 0.298438 0.4875 0.298438 0.489583 0.295312 0.49375 0.290625 0.49375 0.289062 0.491667 0.2875 0.49375 0.284375 0.49375 0.282812 0.495833 0.28125 0.495833 0.279688 0.497917 0.276562 0.497917 0.275 0.5 0.25 0.5 0.25 0.504167 0.248438 0.50625 0.248438 0.508333 0.28125 0.508333 0.282812 0.510417 0.33125 0.510417 0.332812 0.5125 0.332812 0.50625 0.314062 0.50625 0.3125 0.504167 0.295312 0.504167 0.29375 0.502083 0.295312 0.5 0.298438 0.5 0.3 0.497917 0.301562 0.497917 0.303125 0.495833 0.325 0.495833 0.326562 0.497917 0.326562 0.49375 0.325 0.491667 0.325 0.4875 0.323438 0.489583 0.304688 0.489583 0.303125 0.4875 0.304688 0.485417 0.304688 0.483333 0.30625 0.48125 0.307812 0.48125 0.310938 0.477083 0.3125 0.477083 0.315625 0.472917 0.317188 0.472917 0.314062 0.472917 0.3125 0.470833 0.310938 0.470833
1 0.973438 0.45625 0.970312 0.460417 0.96875 0.460417 0.96875 0.4625 0.967188 0.464583 0.967188 0.466667 0.965625 0.46875 0.965625 0.470833 0.971875 0.470833 0.973438 0.472917 0.973438 0.479167 0.971875 0.48125 0.971875 0.483333 0.970312 0.485417 0.970312 0.4875 0.971875 0.485417 0.978125 0.485417 0.979688 0.483333 0.9875 0.483333 0.989062 0.48125 0.998438 0.48125 0.998438 0.464583 0.996875 0.4625 0.99375 0.4625 0.992188 0.460417 0.990625 0.460417 0.989062 0.458333 0.9875 0.458333 0.985938 0.45625 0.982812 0.460417 0.979688 0.460417 0.978125 0.458333 0.975 0.458333
1 0.460938 0.4 0.459375 0.402083 0.457812 0.402083 0.45625 0.404167 0.454688 0.404167 0.453125 0.40625 0.451562 0.40625 0.45 0.408333 0.4375 0.408333 0.439062 0.410417 0.439062 0.4125 0.4375 0.414583 0.434375 0.414583 0.432812 0.4125 0.428125 0.41875 0.429688 0.41875 0.43125 0.420833 0.432812 0.420833 0.434375 0.422917 0.432812 0.425 0.43125 0.425 0.429688 0.427083 0.428125 0.427083 0.426562 0.429167 0.423438 0.429167 0.421875 0.43125 0.420312 0.43125 0.420312 0.44375 0.421875 0.441667 0.428125 0.441667 0.429688 0.439583 0.440625 0.439583 0.442188 0.441667 0.44375 0.441667 0.445312 0.44375 0.448438 0.44375 0.45 0.445833 0.451562 0.445833 0.453125 0.447917 0.45625 0.447917 0.457812 0.45 0.460938 0.445833 0.4625 0.445833 0.465625 0.441667 0.467188 0.441667 0.470312 0.4375 0.471875 0.4375 0.475 0.433333 0.476562 0.433333 0.479688 0.429167 0.48125 0.429167 0.482812 0.427083 0.482812 0.425 0.484375 0.422917 0.484375 0.420833 0.485938 0.41875 0.485938 0.416667 0.4875 0.414583 0.4875 0.4125 0.485938 0.410417 0.485938 0.408333 0.482812 0.404167 0.482812 0.402083 0.48125 0.4
1 0.053125 0.3875 0.051562 0.389583 0.045312 0.389583 0.04375 0.391667 0.035938 0.391667 0.034375 0.39375 0.028125 0.39375 0.026562 0.395833 0.025 0.395833 0.023438 0.397917 0.020312 0.397917 0.01875 0.4 0.017188 0.4 0.015625 0.402083 0.014062 0.402083 0.0125 0.404167 0.010938 0.404167 0.009375 0.40625 0.00625 0.40625 0.004688 0.408333 0.003125 0.408333 0.007812 0.414583 0.007812 0.416667 0.0125 0.422917 0.015625 0.41875 0.017188 0.41875 0.020312 0.414583 0.021875 0.414583 0.025 0.410417 0.026562 0.410417 0.029688 0.40625 0.057812 0.40625 0.059375 0.408333 0.06875 0.395833 0.065625 0.395833 0.064062 0.39375 0.0625 0.39375 0.060938 0.391667 0.057812 0.391667 0.05625 0.389583 0.054688 0.389583
1 0.40625 0.358333 0.40625 0.3625 0.404688 0.364583 0.404688 0.36875 0.40625 0.366667 0.41875 0.366667 0.421875 0.370833 0.421875 0.372917 0.420312 0.375 0.415625 0.375 0.414062 0.377083 0.409375 0.377083 0.407812 0.379167 0.398438 0.379167 0.396875 0.377083 0.396875 0.375 0.395312 0.372917 0.395312 0.370833 0.39375 0.36875 0.384375 0.36875 0.382812 0.366667 0.375 0.366667 0.373438 0.364583 0.371875 0.366667 0.371875 0.36875 0.370312 0.370833 0.371875 0.370833 0.375 0.375 0.373438 0.377083 0.365625 0.377083 0.365625 0.379167 0.367188 0.38125 0.367188 0.385417 0.36875 0.3875 0.36875 0.389583 0.373438 0.395833 0.3875 0.395833 0.389062 0.397917 0.3875 0.4 0.384375 0.4 0.382812 0.402083 0.38125 0.402083 0.379688 0.404167 0.376562 0.404167 0.375 0.40625 0.373438 0.40625 0.371875 0.408333 0.36875 0.408333 0.370312 0.410417 0.371875 0.410417 0.375 0.414583 0.376562 0.4125 0.382812 0.4125 0.384375 0.410417 0.389062 0.410417 0.390625 0.408333 0.396875 0.408333 0.398438 0.40625 0.403125 0.40625 0.404688 0.404167 0.410938 0.404167 0.4125 0.402083 0.420312 0.402083 0.421875 0.4 0.43125 0.4 0.432812 0.397917 0.440625 0.397917 0.442188 0.395833 0.451562 0.395833 0.451562 0.39375 0.45 0.391667 0.45 0.389583 0.448438 0.391667 0.426562 0.391667 0.425 0.39375 0.409375 0.39375 0.407812 0.391667 0.409375 0.389583 0.4125 0.389583 0.414062 0.3875 0.41875 0.3875 0.420312 0.385417 0.423438 0.385417 0.425 0.383333 0.428125 0.383333 0.429688 0.38125 0.4625 0.38125 0.4625 0.377083 0.460938 0.375 0.460938 0.36875 0.442188 0.36875 0.440625 0.366667 0.440625 0.364583 0.439062 0.3625 0.439062 0.360417 0.407812 0.360417
1 0.673438 0.3 0.671875 0.302083 0.670312 0.302083 0.66875 0.304167 0.667188 0.304167 0.665625 0.30625 0.6625 0.30625 0.660938 0.308333 0.659375 0.308333 0.657812 0.310417 0.65625 0.310417 0.654688 0.3125 0.653125 0.3125 0.651562 0.314583 0.65 0.314583 0.648438 0.316667 0.646875 0.316667 0.645312 0.31875 0.642188 0.31875 0.640625 0.320833 0.639062 0.320833 0.6375 0.322917 0.635938 0.322917 0.634375 0.325 0.632812 0.325 0.635938 0.329167 0.653125 0.329167 0.65625 0.325 0.657812 0.325 0.664062 0.316667 0.665625 0.316667 0.670312 0.310417 0.671875 0.310417 0.673438 0.308333 0.678125 0.308333 0.679688 0.310417 0.684375 0.310417 0.685938 0.3125 0.690625 0.3125 0.692188 0.314583 0.696875 0.314583 0.698438 0.316667 0.698438 0.314583 0.7 0.3125 0.7 0.308333 0.701562 0.30625 0.701562 0.304167 0.689062 0.304167 0.6875 0.302083 0.675 0.302083
1 0.289062 0.3 0.2875 0.302083 0.285938 0.302083 0.282812 0.30625 0.275 0.30625 0.273438 0.304167 0.271875 0.30625 0.26875 0.30625 0.267188 0.308333 0.265625 0.308333 0.264062 0.310417 0.260938 0.310417 0.259375 0.3125 0.246875 0.3125 0.246875 0.322917 0.245312 0.325 0.24375 0.325 0.242188 0.322917 0.2375 0.322917 0.234375 0.31875 0.234375 0.316667 0.232812 0.314583 0.232812 0.3125 0.23125 0.314583 0.229688 0.314583 0.228125 0.316667 0.226562 0.316667 0.225 0.31875 0.221875 0.31875 0.220312 0.320833 0.21875 0.320833 0.21875 0.322917 0.220312 0.325 0.220312 0.327083 0.221875 0.325 0.23125 0.325 0.232812 0.327083 0.234375 0.327083 0.239062 0.333333 0.2375 0.335417 0.223438 0.335417 0.221875 0.333333 0.220312 0.335417 0.214062 0.335417 0.2125 0.3375 0.204688 0.3375 0.203125 0.339583 0.203125 0.341667 0.201562 0.34375 0.201562 0.345833 0.2 0.347917 0.2 0.35 0.196875 0.354167 0.18125 0.354167 0.18125 0.3625 0.2 0.3625 0.201562 0.360417 0.201562 0.358333 0.20625 0.352083 0.214062 0.352083 0.217188 0.35625 0.217188 0.358333 0.21875 0.35625 0.225 0.35625 0.225 0.352083 0.226562 0.35 0.234375 0.35 0.235938 0.347917 0.239062 0.347917 0.240625 0.345833 0.245312 0.345833 0.25 0.352083 0.24375 0.360417 0.240625 0.360417 0.239062 0.3625 0.234375 0.3625 0.234375 0.36875 0.232812 0.370833 0.232812 0.375 0.253125 0.375 0.254688 0.377083 0.253125 0.379167 0.239062 0.379167 0.23125 0.389583 0.228125 0.389583 0.226562 0.391667 0.223438 0.391667 0.229688 0.391667 0.23125 0.39375 0.235938 0.39375 0.2375 0.395833 0.24375 0.395833 0.245312 0.397917 0.24375 0.4 0.210938 0.4 0.210938 0.402083 0.209375 0.404167 0.210938 0.402083 0.260938 0.402083 0.259375 0.4 0.259375 0.397917 0.257812 0.395833 0.257812 0.39375 0.259375 0.391667 0.267188 0.391667 0.26875 0.389583 0.279688 0.389583 0.28125 0.391667 0.284375 0.391667 0.285938 0.39375 0.2875 0.39375 0.289062 0.395833 0.290625 0.395833 0.29375 0.4 0.29375 0.402083 0.296875 0.40625 0.295312 0.408333 0.292188 0.408333 0.290625 0.40625 0.289062 0.40625 0.2875 0.404167 0.279688 0.414583 0.282812 0.414583 0.284375 0.416667 0.2875 0.416667 0.289062 0.41875 0.292188 0.41875 0.29375 0.420833 0.296875 0.420833 0.298438 0.422917 0.309375 0.422917 0.309375 0.420833 0.307812 0.41875 0.307812 0.416667 0.30625 0.414583 0.30625 0.4125 0.304688 0.410417 0.304688 0.408333 0.303125 0.40625 0.303125 0.404167 0.301562 0.402083 0.301562 0.4 0.3 0.397917 0.301562 0.395833 0.307812 0.395833 0.309375 0.397917 0.309375 0.4 0.310938 0.402083 0.310938 0.404167 0.3125 0.40625 0.3125 0.408333 0.314062 0.410417 0.314062 0.4125 0.315625 0.414583 0.315625 0.416667 0.317188 0.41875 0.317188 0.420833 0.31875 0.422917 0.317188 0.425 0.315625 0.425 0.3125 0.429167 0.301562 0.429167 0.3 0.427083 0.292188 0.427083 0.290625 0.425 0.28125 0.425 0.270312 0.410417 0.24375 0.410417 0.242188 0.4125 0.207812 0.4125 0.20625 0.414583 0.203125 0.414583 0.201562 0.416667 0.196875 0.416667 0.195312 0.41875 0.192188 0.41875 0.190625 0.420833 0.185938 0.420833 0.184375 0.422917 0.18125 0.422917 0.179688 0.425 0.175 0.425 0.173438 0.427083 0.170312 0.427083 0.16875 0.429167 0.164062 0.429167 0.164062 0.435417 0.165625 0.433333 0.170312 0.433333 0.171875 0.43125 0.176562 0.43125 0.178125 0.429167 0.18125 0.429167 0.182812 0.427083 0.1875 0.427083 0.189062 0.425 0.19375 0.425 0.195312 0.422917 0.2 0.422917 0.201562 0.425 0.201562 0.427083 0.203125 0.429167 0.203125 0.43125 0.204688 0.433333 0.207812 0.433333 0.209375 0.435417 0.210938 0.435417 0.2125 0.4375 0.215625 0.4375 0.217188 0.439583 0.21875 0.4375 0.225 0.4375 0.226562 0.435417 0.23125 0.435417 0.232812 0.433333 0.239062 0.433333 0.239062 0.429167 0.240625 0.427083 0.240625 0.425 0.239062 0.427083 0.23125 0.427083 0.229688 0.429167 0.221875 0.429167 0.220312 0.43125 0.2125 0.43125 0.204688 0.420833 0.20625 0.41875 0.217188 0.41875 0.21875 0.416667 0.229688 0.416667 0.23125 0.414583 0.264062 0.414583 0.275 0.429167 0.2875 0.429167 0.289062 0.43125 0.3 0.43125 0.301562 0.433333 0.314062 0.433333 0.315625 0.435417 0.317188 0.433333 0.320312 0.433333 0.321875 0.43125 0.326562 0.43125 0.332812 0.439583 0.334375 0.4375 0.335938 0.4375 0.3375 0.435417 0.339062 0.435417 0.340625 0.433333 0.342188 0.433333 0.34375 0.43125 0.35 0.43125 0.351562 0.433333 0.35625 0.433333 0.357812 0.435417 0.357812 0.43125 0.359375 0.429167 0.359375 0.420833 0.360938 0.41875 0.360938 0.414583 0.359375 0.4125 0.357812 0.4125 0.354688 0.408333 0.353125 0.408333 0.35 0.404167 0.353125 0.4 0.354688 0.4 0.357812 0.395833 0.359375 0.395833 0.357812 0.39375 0.35625 0.39375 0.353125 0.389583 0.351562 0.391667 0.35 0.391667 0.346875 0.395833 0.345312 0.395833 0.34375 0.39375 0.34375 0.391667 0.342188 0.389583 0.342188 0.3875 0.340625 0.385417 0.340625 0.383333 0.339062 0.38125 0.339062 0.379167 0.335938 0.379167 0.334375 0.377083 0.332812 0.377083 0.33125 0.375 0.328125 0.375 0.326562 0.372917 0.328125 0.370833 0.351562 0.370833 0.353125 0.372917 0.353125 0.370833 0.354688 0.36875 0.354688 0.366667 0.35625 0.364583 0.35625 0.360417 0.357812 0.358333 0.357812 0.35625 0.359375 0.354167 0.359375 0.352083 0.360938 0.35 0.359375 0.35 0.357812 0.347917 0.35625 0.347917 0.354688 0.345833 0.353125 0.345833 0.351562 0.34375 0.353125 0.341667 0.357812 0.341667 0.359375 0.339583 0.364062 0.339583 0.3625 0.3375 0.3625 0.335417 0.360938 0.333333 0.360938 0.33125 0.359375 0.333333 0.35625 0.333333 0.354688 0.335417 0.346875 0.335417 0.345312 0.333333 0.340625 0.333333 0.339062 0.33125 0.335938 0.33125 0.334375 0.329167 0.335938 0.327083 0.3375 0.327083 0.339062 0.325 0.340625 0.325 0.342188 0.322917 0.345312 0.322917 0.346875 0.320833 0.348438 0.320833 0.35 0.31875 0.351562 0.31875 0.348438 0.31875 0.346875 0.316667 0.34375 0.316667 0.342188 0.314583 0.340625 0.314583 0.339062 0.3125 0.335938 0.3125 0.334375 0.310417 0.33125 0.310417 0.329688 0.308333 0.323438 0.316667 0.320312 0.316667 0.31875 0.314583 0.317188 0.314583 0.314062 0.310417 0.3125 0.310417 0.309375 0.30625 0.307812 0.30625 0.30625 0.304167 0.298438 0.304167 0.296875 0.302083 0.290625 0.302083
1 0.753125 0.25625 0.753125 0.264583 0.751562 0.266667 0.751562 0.275 0.753125 0.272917 0.754688 0.272917 0.75625 0.270833 0.757812 0.270833 0.759375 0.26875 0.760938 0.26875 0.7625 0.266667 0.76875 0.266667 0.770312 0.264583 0.785938 0.264583 0.7875 0.266667 0.796875 0.266667 0.798438 0.26875 0.798438 0.266667 0.8 0.264583 0.8 0.2625 0.801562 0.260417 0.801562 0.258333 0.754688 0.258333
1 0.5875 0.254167 0.585938 0.25625 0.546875 0.25625 0.542188 0.2625 0.540625 0.2625 0.5375 0.266667 0.54375 0.275 0.542188 0.277083 0.528125 0.277083 0.528125 0.285417 0.529688 0.283333 0.534375 0.283333 0.535938 0.28125 0.542188 0.28125 0.54375 0.279167 0.548438 0.279167 0.55 0.277083 0.553125 0.277083 0.554688 0.275 0.55625 0.275 0.557812 0.272917 0.56875 0.272917 0.570312 0.275 0.576562 0.275 0.578125 0.277083 0.585938 0.277083 0.5875 0.279167 0.589062 0.277083 0.589062 0.275 0.590625 0.272917 0.585938 0.272917 0.584375 0.270833 0.58125 0.270833 0.579688 0.26875 0.58125 0.266667 0.582812 0.266667 0.584375 0.264583 0.585938 0.264583 0.585938 0.260417 0.5875 0.258333
1 0.173438 0.216667 0.171875 0.21875 0.167188 0.21875 0.165625 0.220833 0.160938 0.220833 0.159375 0.222917 0.154688 0.222917 0.154688 0.225 0.15625 0.227083 0.15625 0.229167 0.157812 0.227083 0.167188 0.227083 0.16875 0.225 0.178125 0.225 0.175 0.220833 0.175 0.21875
1 0.773438 0.202083 0.771875 0.204167 0.742188 0.204167 0.734375 0.214583 0.735938 0.214583 0.739062 0.21875 0.740625 0.21875 0.74375 0.222917 0.745312 0.222917 0.746875 0.225 0.748438 0.222917 0.75 0.222917 0.751562 0.220833 0.754688 0.220833 0.75625 0.21875 0.757812 0.21875 0.759375 0.216667 0.7625 0.216667 0.764062 0.214583 0.765625 0.214583 0.767188 0.2125 0.770312 0.2125 0.771875 0.210417 0.773438 0.210417
1 0.578125 0.197917 0.575 0.202083 0.573438 0.202083 0.573438 0.204167 0.575 0.20625 0.575 0.208333 0.579688 0.208333 0.582812 0.204167 0.589062 0.204167 0.589062 0.197917 0.584375 0.197917 0.582812 0.2 0.579688 0.2
1 0.570312 0.191667 0.56875 0.19375 0.5625 0.19375 0.5625 0.195833 0.560938 0.197917 0.571875 0.197917 0.571875 0.195833 0.570312 0.19375
1 0.598438 0.170833 0.596875 0.172917 0.596875 0.175 0.595312 0.177083 0.595312 0.179167 0.59375 0.18125 0.6 0.18125 0.603125 0.185417 0.607812 0.185417 0.610938 0.18125 0.6125 0.18125 0.60625 0.18125
