0 0.889062 0.98125 0.8875 0.983333 0.884375 0.983333 0.882812 0.985417 0.88125 0.985417 0.878125 0.989583 0.867188 0.989583 0.867188 0.997917 0.901562 0.997917 0.901562 0.989583 0.895312 0.989583 0.89375 0.9875 0.89375 0.985417 0.892188 0.983333 0.892188 0.98125
0 0.609375 0.922917 0.609375 0.925 0.607812 0.927083 0.609375 0.927083 0.6125 0.93125 0.614062 0.929167 0.615625 0.929167 0.617188 0.927083 0.61875 0.927083 0.615625 0.922917
0 0.084375 0.802083 0.084375 0.804167 0.082812 0.80625 0.082812 0.810417 0.08125 0.8125 0.08125 0.814583 0.079688 0.816667 0.073438 0.816667 0.079688 0.816667 0.08125 0.81875 0.085938 0.81875 0.0875 0.820833 0.084375 0.825 0.060938 0.825 0.060938 0.827083 0.0625 0.829167 0.0625 0.83125 0.095312 0.83125 0.096875 0.833333 0.098438 0.83125 0.107812 0.83125 0.117188 0.81875 0.1125 0.81875 0.110938 0.816667 0.104688 0.816667 0.103125 0.814583 0.098438 0.814583 0.09375 0.808333 0.092188 0.808333 0.0875 0.802083
0 0.676562 0.604167 0.671875 0.610417 0.673438 0.610417 0.675 0.6125 0.676562 0.6125 0.678125 0.614583 0.679688 0.6125 0.68125 0.6125 0.68125 0.60625 0.678125 0.60625
1 0.567188 0.989583 0.567188 0.991667 0.565625 0.99375 0.567188 0.99375 0.570312 0.997917 0.578125 0.997917 0.576562 0.997917 0.575 0.995833 0.573438 0.995833 0.570312 0.991667 0.56875 0.991667
1 0.360938 0.985417 0.360938 0.9875 0.359375 0.989583 0.360938 0.989583 0.3625 0.991667 0.364062 0.991667 0.365625 0.99375 0.36875 0.99375 0.370312 0.995833 0.371875 0.995833 0.373438 0.997917 0.379688 0.997917 0.378125 0.997917 0.376562 0.995833 0.375 0.995833 0.373438 0.99375 0.371875 0.99375 0.370312 0.991667 0.36875 0.991667 0.367188 0.989583 0.365625 0.989583 0.364062 0.9875 0.3625 0.9875
1 0.910938 0.96875 0.910938 0.970833 0.9125 0.972917 0.9125 0.975 0.914062 0.977083 0.914062 0.98125 0.915625 0.983333 0.915625 0.9875 0.917188 0.989583 0.917188 0.991667 0.91875 0.99375 0.91875 0.995833 0.925 0.995833 0.925 0.989583 0.923438 0.9875 0.923438 0.985417 0.921875 0.983333 0.921875 0.98125 0.91875 0.977083 0.91875 0.975 0.917188 0.972917 0.917188 0.970833 0.915625 0.96875
1 0.601562 0.966667 0.601562 0.96875 0.6 0.970833 0.6 0.972917 0.598438 0.975 0.598438 0.977083 0.596875 0.979167 0.596875 0.98125 0.595312 0.983333 0.595312 0.9875 0.596875 0.989583 0.596875 0.99375 0.598438 0.99375 0.6 0.995833 0.6 0.991667 0.601562 0.989583 0.601562 0.983333 0.603125 0.98125 0.603125 0.977083 0.604688 0.975 0.604688 0.972917 0.60625 0.970833 0.60625 0.96875 0.603125 0.96875
1 0.645312 0.94375 0.64375 0.945833 0.639062 0.945833 0.6375 0.947917 0.632812 0.947917 0.63125 0.95 0.626562 0.95 0.632812 0.958333 0.634375 0.95625 0.6375 0.95625 0.639062 0.954167 0.642188 0.954167 0.64375 0.952083 0.646875 0.952083 0.646875 0.95 0.645312 0.947917
1 0.178125 0.925 0.178125 0.93125 0.179688 0.933333 0.179688 0.941667 0.18125 0.939583 0.1875 0.939583 0.189062 0.9375 0.196875 0.9375 0.198438 0.939583 0.2 0.939583 0.201562 0.941667 0.214062 0.941667 0.2125 0.939583 0.2125 0.9375 0.210938 0.935417 0.210938 0.933333 0.209375 0.93125 0.204688 0.93125 0.203125 0.929167 0.2 0.929167 0.198438 0.927083 0.19375 0.927083 0.192188 0.925
1 0.353125 0.910417 0.353125 0.9125 0.351562 0.914583 0.351562 0.916667 0.35 0.91875 0.35 0.920833 0.348438 0.922917 0.348438 0.925 0.346875 0.927083 0.346875 0.929167 0.345312 0.93125 0.345312 0.933333 0.34375 0.935417 0.34375 0.9375 0.342188 0.939583 0.342188 0.941667 0.340625 0.94375 0.340625 0.945833 0.339062 0.947917 0.339062 0.95 0.3375 0.952083 0.3375 0.954167 0.335938 0.95625 0.335938 0.958333 0.334375 0.960417 0.334375 0.9625 0.3375 0.966667 0.339062 0.964583 0.339062 0.9625 0.340625 0.960417 0.340625 0.958333 0.342188 0.95625 0.342188 0.954167 0.34375 0.952083 0.34375 0.95 0.345312 0.947917 0.345312 0.945833 0.346875 0.94375 0.346875 0.941667 0.35 0.9375 0.35 0.935417 0.351562 0.933333 0.351562 0.93125 0.353125 0.929167 0.353125 0.927083 0.354688 0.925 0.354688 0.922917 0.35625 0.920833 0.35625 0.91875 0.357812 0.916667 0.357812 0.914583 0.359375 0.9125 0.354688 0.9125
1 0.64375 0.908333 0.64375 0.910417 0.642188 0.9125 0.642188 0.914583 0.640625 0.916667 0.642188 0.91875 0.64375 0.916667 0.645312 0.916667 0.646875 0.914583 0.648438 0.914583 0.648438 0.910417 0.645312 0.910417
1 0.714062 0.891667 0.7125 0.89375 0.709375 0.89375 0.709375 0.895833 0.710938 0.897917 0.710938 0.9 0.7125 0.897917 0.71875 0.897917
1 0.634375 0.8875 0.629688 0.89375 0.629688 0.895833 0.625 0.902083 0.626562 0.904167 0.626562 0.90625 0.628125 0.908333 0.628125 0.910417 0.629688 0.908333 0.63125 0.908333 0.632812 0.90625 0.634375 0.90625 0.635938 0.904167 0.6375 0.904167 0.6375 0.902083 0.639062 0.9 0.639062 0.897917 0.640625 0.895833 0.640625 0.89375 0.642188 0.891667 0.642188 0.889583 0.635938 0.889583
1 0.8375 0.847917 0.835938 0.85 0.832812 0.85 0.83125 0.852083 0.826562 0.852083 0.826562 0.85625 0.825 0.858333 0.825 0.864583 0.823438 0.866667 0.823438 0.86875 0.825 0.86875 0.826562 0.870833 0.829688 0.870833 0.83125 0.872917 0.832812 0.872917 0.834375 0.875 0.835938 0.875 0.8375 0.877083 0.842188 0.870833 0.84375 0.870833 0.845312 0.86875 0.85625 0.86875 0.857812 0.870833 0.860938 0.870833 0.8625 0.872917 0.867188 0.872917 0.86875 0.875 0.871875 0.875 0.873438 0.877083 0.876562 0.877083 0.878125 0.879167 0.88125 0.879167 0.882812 0.88125 0.8875 0.88125 0.889062 0.883333 0.892188 0.883333 0.89375 0.885417 0.896875 0.885417 0.898438 0.8875 0.9 0.885417 0.9 0.883333 0.903125 0.879167 0.9 0.879167 0.898438 0.877083 0.89375 0.877083 0.892188 0.875 0.889062 0.875 0.8875 0.872917 0.884375 0.872917 0.882812 0.870833 0.878125 0.870833 0.876562 0.86875 0.873438 0.86875 0.871875 0.866667 0.86875 0.866667 0.867188 0.864583 0.8625 0.864583 0.860938 0.8625 0.857812 0.8625 0.85625 0.860417 0.854688 0.860417 0.853125 0.858333 0.851562 0.858333 0.85 0.85625 0.848438 0.85625 0.846875 0.854167 0.845312 0.854167 0.84375 0.852083 0.842188 0.852083 0.840625 0.85 0.839062 0.85
1 0.992188 0.797917 0.992188 0.8 0.99375 0.802083 0.99375 0.804167 0.995312 0.804167 0.996875 0.80625 0.998438 0.80625 0.998438 0.797917
1 0.14375 0.795833 0.14375 0.804167 0.145312 0.80625 0.145312 0.816667 0.15 0.816667 0.15 0.808333 0.148438 0.80625 0.148438 0.795833
1 0.525 0.783333 0.521875 0.7875 0.523438 0.789583 0.523438 0.791667 0.525 0.79375 0.525 0.795833 0.526562 0.79375 0.528125 0.79375 0.529688 0.791667 0.532812 0.791667 0.532812 0.789583 0.53125 0.7875 0.53125 0.785417 0.526562 0.785417
1 0.898438 0.770833 0.896875 0.772917 0.892188 0.772917 0.890625 0.775 0.884375 0.775 0.882812 0.777083 0.878125 0.777083 0.876562 0.779167 0.870312 0.779167 0.86875 0.78125 0.864062 0.78125 0.860938 0.785417 0.8625 0.785417 0.864062 0.7875 0.865625 0.7875 0.867188 0.789583 0.86875 0.7875 0.876562 0.7875 0.878125 0.785417 0.885938 0.785417 0.8875 0.783333 0.895312 0.783333 0.895312 0.78125 0.896875 0.779167 0.896875 0.775 0.898438 0.772917
1 0.59375 0.741667 0.585938 0.752083 0.589062 0.75625 0.589062 0.758333 0.592188 0.7625 0.598438 0.7625 0.598438 0.752083 0.596875 0.75 0.596875 0.747917 0.595312 0.745833 0.595312 0.74375
1 0.214062 0.7375 0.214062 0.739583 0.2125 0.741667 0.2125 0.74375 0.210938 0.745833 0.217188 0.745833 0.21875 0.747917 0.223438 0.741667 0.220312 0.741667 0.21875 0.739583 0.215625 0.739583
1 0.725 0.7125 0.721875 0.716667 0.726562 0.716667 0.728125 0.71875 0.732812 0.71875 0.734375 0.720833 0.7375 0.720833 0.739062 0.722917 0.74375 0.722917 0.745312 0.725 0.75625 0.725 0.757812 0.727083 0.757812 0.71875 0.740625 0.71875 0.739062 0.716667 0.734375 0.716667 0.732812 0.714583 0.726562 0.714583
1 0.773438 0.691667 0.771875 0.69375 0.759375 0.69375 0.759375 0.702083 0.757812 0.704167 0.757812 0.710417 0.759375 0.708333 0.760938 0.708333 0.7625 0.70625 0.765625 0.70625 0.76875 0.702083 0.770312 0.702083 0.773438 0.697917 0.775 0.697917 0.775 0.695833 0.773438 0.69375
1 0.732812 0.685417 0.73125 0.6875 0.729688 0.6875 0.729688 0.689583 0.728125 0.691667 0.734375 0.691667 0.734375 0.689583 0.732812 0.6875
1 0.676562 0.672917 0.675 0.675 0.673438 0.675 0.671875 0.677083 0.670312 0.677083 0.670312 0.68125 0.66875 0.683333 0.66875 0.6875 0.671875 0.6875 0.671875 0.685417 0.673438 0.683333 0.673438 0.68125 0.678125 0.675
1 0.43125 0.672917 0.43125 0.675 0.429688 0.677083 0.429688 0.679167 0.428125 0.68125 0.428125 0.683333 0.432812 0.683333 0.434375 0.685417 0.434375 0.683333 0.435938 0.68125 0.435938 0.679167
1 0.253125 0.66875 0.251563 0.670833 0.2375 0.670833 0.2375 0.672917 0.239062 0.675 0.239062 0.677083 0.251563 0.677083 0.251563 0.672917 0.253125 0.670833
1 0.385938 0.664583 0.38125 0.670833 0.379688 0.670833 0.376562 0.675 0.379688 0.679167 0.379688 0.68125 0.38125 0.683333 0.382812 0.68125 0.382812 0.679167 0.385938 0.675 0.385938 0.672917 0.3875 0.670833 0.3875 0.66875 0.385938 0.666667
1 0.74375 0.660417 0.74375 0.69375 0.75 0.69375 0.75 0.677083 0.751562 0.675 0.75625 0.675 0.757812 0.672917 0.764062 0.672917 0.765625 0.670833 0.770312 0.670833 0.76875 0.66875 0.76875 0.666667 0.767188 0.66875 0.759375 0.66875 0.757812 0.670833 0.751562 0.670833 0.75 0.66875 0.75 0.660417
1 0.901562 0.658333 0.898438 0.6625 0.896875 0.6625 0.895312 0.664583 0.895312 0.666667 0.89375 0.66875 0.89375 0.670833 0.898438 0.670833 0.9 0.672917 0.903125 0.66875 0.903125 0.666667 0.904688 0.664583 0.904688 0.6625
1 0.660938 0.658333 0.659375 0.660417 0.65625 0.660417 0.65625 0.664583 0.657812 0.664583 0.659375 0.666667 0.6625 0.6625 0.660938 0.660417
1 0.839062 0.654167 0.839062 0.664583 0.840625 0.666667 0.840625 0.66875 0.842188 0.670833 0.842188 0.672917 0.84375 0.675 0.84375 0.677083 0.845312 0.679167 0.845312 0.68125 0.846875 0.68125 0.848438 0.683333 0.851562 0.683333 0.853125 0.685417 0.854688 0.685417 0.85625 0.6875 0.857812 0.6875 0.859375 0.689583 0.8625 0.689583 0.864062 0.691667 0.867188 0.691667 0.86875 0.69375 0.873438 0.69375 0.875 0.695833 0.878125 0.695833 0.879688 0.697917 0.882812 0.697917 0.884375 0.7 0.885938 0.697917 0.885938 0.695833 0.8875 0.69375 0.885938 0.691667 0.884375 0.691667 0.88125 0.6875 0.879688 0.6875 0.876562 0.683333 0.875 0.685417 0.860938 0.685417 0.859375 0.683333 0.857812 0.683333 0.853125 0.677083 0.853125 0.675 0.851562 0.672917 0.851562 0.666667 0.85 0.664583 0.85 0.6625 0.848438 0.6625 0.846875 0.660417 0.845312 0.660417 0.842188 0.65625 0.840625 0.65625
1 0.771875 0.629167 0.770312 0.63125 0.7625 0.63125 0.760938 0.633333 0.748438 0.633333 0.75 0.635417 0.75 0.6375 0.751562 0.6375 0.754688 0.641667 0.75625 0.641667 0.757812 0.64375 0.759375 0.64375 0.7625 0.647917 0.764062 0.647917 0.765625 0.65 0.771875 0.641667
1 0.973438 0.589583 0.973438 0.591667 0.971875 0.59375 0.973438 0.59375 0.976562 0.597917 0.979688 0.59375 0.976562 0.589583
1 0.86875 0.577083 0.867188 0.579167 0.864062 0.579167 0.864062 0.583333 0.865625 0.585417 0.865625 0.589583 0.875 0.589583 0.873438 0.5875 0.873438 0.585417 0.870312 0.58125 0.870312 0.579167
1 0.170312 0.577083 0.170312 0.591667 0.173438 0.591667 0.173438 0.577083
1 0.851562 0.56875 0.85 0.570833 0.846875 0.570833 0.846875 0.577083 0.848438 0.575 0.853125 0.575 0.853125 0.572917 0.851562 0.570833
1 0.759375 0.566667 0.759375 0.570833 0.757812 0.572917 0.757812 0.575 0.759375 0.575 0.7625 0.579167 0.764062 0.577083 0.770312 0.577083 0.770312 0.575 0.76875 0.572917 0.76875 0.56875 0.760938 0.56875
1 0.548438 0.566667 0.548438 0.56875 0.546875 0.570833 0.546875 0.572917 0.560938 0.572917 0.5625 0.575 0.564062 0.575 0.56875 0.58125 0.570312 0.58125 0.573438 0.585417 0.575 0.585417 0.576562 0.5875 0.578125 0.5875 0.579688 0.589583 0.582812 0.589583 0.584375 0.591667 0.585938 0.591667 0.5875 0.59375 0.589062 0.59375 0.590625 0.595833 0.59375 0.591667 0.595312 0.591667 0.596875 0.589583 0.59375 0.589583 0.592188 0.5875 0.589062 0.5875 0.5875 0.585417 0.585938 0.585417 0.584375 0.583333 0.58125 0.583333 0.579688 0.58125 0.576562 0.58125 0.565625 0.566667
1 0.692188 0.560417 0.692188 0.570833 0.703125 0.570833 0.703125 0.56875 0.704688 0.566667 0.704688 0.564583 0.701562 0.564583 0.7 0.5625 0.698438 0.5625 0.696875 0.560417
1 0.289062 0.558333 0.2875 0.560417 0.285938 0.560417 0.282812 0.564583 0.28125 0.564583 0.28125 0.56875 0.282812 0.570833 0.282812 0.577083 0.2875 0.570833 0.2875 0.56875 0.29375 0.560417 0.290625 0.560417
1 0.203125 0.55625 0.203125 0.5625 0.204688 0.560417 0.220312 0.560417 0.21875 0.558333 0.21875 0.55625
1 0.89375 0.545833 0.89375 0.547917 0.892188 0.55 0.892188 0.552083 0.89375 0.554167 0.89375 0.55625 0.895312 0.554167 0.901562 0.554167 0.9 0.552083 0.9 0.55 0.898438 0.547917 0.898438 0.545833
1 0.025 0.495833 0.023438 0.497917 0.01875 0.497917 0.017188 0.5 0.0125 0.5 0.0125 0.504167 0.014062 0.50625 0.014062 0.5125 0.042188 0.5125 0.04375 0.514583 0.04375 0.504167 0.042188 0.50625 0.034375 0.50625 0.032812 0.508333 0.026562 0.508333 0.025 0.50625 0.03125 0.497917 0.026562 0.497917
1 0.720312 0.475 0.71875 0.477083 0.7125 0.477083 0.7125 0.479167 0.714062 0.48125 0.714062 0.4875 0.7125 0.489583 0.7125 0.491667 0.710938 0.49375 0.710938 0.504167 0.7125 0.502083 0.71875 0.502083 0.71875 0.497917 0.720312 0.495833 0.720312 0.4875 0.721875 0.485417 0.723438 0.485417 0.725 0.4875 0.728125 0.4875 0.729688 0.489583 0.73125 0.489583 0.732812 0.491667 0.735938 0.491667 0.7375 0.49375 0.7375 0.4875 0.735938 0.4875 0.734375 0.485417 0.732812 0.485417 0.73125 0.483333 0.729688 0.483333 0.726562 0.479167 0.725 0.479167 0.723438 0.477083 0.721875 0.477083
1 0.770312 0.472917 0.770312 0.477083 0.778125 0.477083 0.779688 0.479167 0.779688 0.475 0.771875 0.475
1 0.9875 0.46875 0.985938 0.470833 0.98125 0.470833 0.98125 0.475 0.979688 0.477083 0.979688 0.479167 0.98125 0.477083 0.982812 0.477083 0.985938 0.472917 0.9875 0.472917
1 0.867188 0.460417 0.8625 0.466667 0.864062 0.466667 0.865625 0.46875 0.867188 0.46875 0.870312 0.472917 0.871875 0.472917 0.873438 0.475 0.873438 0.483333 0.879688 0.483333 0.879688 0.48125 0.88125 0.479167 0.88125 0.477083 0.882812 0.475 0.88125 0.472917 0.879688 0.472917 0.876562 0.46875 0.875 0.46875 0.871875 0.464583 0.870312 0.464583
1 0.903125 0.454167 0.901562 0.45625 0.898438 0.45625 0.896875 0.458333 0.895312 0.458333 0.89375 0.460417 0.890625 0.460417 0.895312 0.466667 0.896875 0.464583 0.901562 0.464583 0.903125 0.4625 0.909375 0.4625
1 0.635938 0.45 0.634375 0.452083 0.629688 0.452083 0.63125 0.454167 0.632812 0.454167 0.639062 0.4625 0.640625 0.4625 0.64375 0.466667 0.645312 0.464583 0.648438 0.464583 0.65 0.4625 0.653125 0.4625 0.651562 0.4625 0.65 0.460417 0.648438 0.460417 0.646875 0.458333 0.645312 0.458333 0.642188 0.454167 0.640625 0.454167 0.639062 0.452083 0.6375 0.452083
1 0.6 0.447917 0.6 0.45 0.598438 0.452083 0.598438 0.454167 0.6 0.45625 0.6 0.458333 0.609375 0.458333 0.6125 0.454167 0.610938 0.454167 0.609375 0.452083 0.607812 0.452083 0.60625 0.45 0.601562 0.45
1 0.739062 0.441667 0.7375 0.44375 0.728125 0.44375 0.728125 0.447917 0.726562 0.45 0.726562 0.454167 0.734375 0.454167 0.7375 0.458333 0.739062 0.458333 0.740625 0.460417 0.742188 0.460417 0.74375 0.4625 0.745312 0.4625 0.748438 0.466667 0.75 0.466667 0.751562 0.46875 0.751562 0.466667 0.753125 0.464583 0.753125 0.4625 0.75625 0.458333 0.760938 0.458333 0.760938 0.454167 0.7625 0.452083 0.7625 0.45 0.759375 0.45 0.757812 0.447917 0.753125 0.454167 0.751562 0.454167 0.75 0.45625 0.746875 0.45625 0.74375 0.452083 0.74375 0.45 0.740625 0.445833 0.740625 0.44375
1 0.153125 0.429167 0.153125 0.43125 0.151562 0.433333 0.151562 0.435417 0.1625 0.435417 0.164062 0.4375 0.173438 0.4375 0.175 0.439583 0.175 0.43125 0.154688 0.43125
1 0.104688 0.427083 0.104688 0.433333 0.103125 0.435417 0.103125 0.441667 0.098438 0.447917 0.1 0.45 0.101562 0.45 0.104688 0.454167 0.1125 0.44375 0.110938 0.441667 0.110938 0.439583 0.109375 0.4375 0.109375 0.433333 0.107812 0.43125 0.107812 0.427083
1 0.878125 0.404167 0.876562 0.40625 0.875 0.40625 0.873438 0.408333 0.870312 0.408333 0.86875 0.410417 0.867188 0.410417 0.875 0.410417 0.876562 0.4125 0.884375 0.4125 0.885938 0.414583 0.89375 0.414583 0.895312 0.416667 0.928125 0.416667 0.929688 0.41875 0.951562 0.41875 0.953125 0.420833 0.954688 0.41875 0.960938 0.41875 0.959375 0.416667 0.957812 0.416667 0.953125 0.410417 0.951562 0.410417 0.948438 0.40625 0.946875 0.408333 0.945312 0.408333 0.94375 0.410417 0.942188 0.410417 0.940625 0.4125 0.90625 0.4125 0.904688 0.410417 0.896875 0.410417 0.895312 0.408333 0.889062 0.408333 0.8875 0.40625 0.879688 0.40625
1 0.040625 0.402083 0.0375 0.40625 0.035938 0.40625 0.032812 0.410417 0.03125 0.410417 0.03125 0.41875 0.0375 0.41875 0.039062 0.420833 0.039062 0.41875 0.040625 0.416667 0.040625 0.414583 0.042188 0.4125 0.042188 0.410417 0.04375 0.408333 0.04375 0.40625 0.045312 0.404167 0.045312 0.402083
1 0.746875 0.389583 0.74375 0.39375 0.751562 0.39375 0.753125 0.395833 0.760938 0.395833 0.7625 0.397917 0.765625 0.397917 0.767188 0.4 0.76875 0.4 0.770312 0.402083 0.78125 0.402083 0.782812 0.404167 0.792188 0.404167 0.79375 0.40625 0.795312 0.404167 0.809375 0.404167 0.810938 0.402083 0.835938 0.402083 0.832812 0.402083 0.83125 0.4 0.829688 0.4 0.828125 0.397917 0.807812 0.397917 0.80625 0.395833 0.7625 0.395833 0.760938 0.39375 0.754688 0.39375 0.753125 0.391667 0.748438 0.391667
1 0.935938 0.38125 0.93125 0.3875 0.934375 0.3875 0.935938 0.389583 0.9375 0.389583 0.939062 0.391667 0.942188 0.3875 0.940625 0.385417 0.939062 0.385417
1 0.714062 0.38125 0.7125 0.383333 0.707812 0.383333 0.707812 0.3875 0.717188 0.3875 0.71875 0.389583 0.721875 0.385417 0.71875 0.385417 0.717188 0.383333 0.715625 0.383333
1 0.173438 0.379167 0.167188 0.3875 0.184375 0.3875 0.185938 0.389583 0.185938 0.3875 0.184375 0.385417 0.184375 0.38125 0.175 0.38125
1 0.621875 0.375 0.625 0.379167 0.629688 0.379167 0.63125 0.38125 0.634375 0.38125 0.635938 0.383333 0.653125 0.383333 0.651562 0.383333 0.65 0.38125 0.648438 0.38125 0.646875 0.379167 0.645312 0.379167 0.64375 0.377083 0.642188 0.377083 0.640625 0.375
1 0.58125 0.36875 0.590625 0.38125 0.604688 0.38125 0.603125 0.379167 0.603125 0.377083 0.601562 0.375 0.601562 0.372917 0.59375 0.372917 0.592188 0.370833 0.582812 0.370833
1 0.646875 0.354167 0.646875 0.35625 0.645312 0.358333 0.645312 0.360417 0.64375 0.3625 0.653125 0.3625 0.654688 0.364583 0.657812 0.360417 0.654688 0.360417 0.653125 0.358333 0.651562 0.358333 0.65 0.35625 0.648438 0.35625
1 0.346875 0.34375 0.346875 0.345833 0.345312 0.347917 0.345312 0.35 0.353125 0.35 0.354688 0.352083 0.364062 0.352083 0.365625 0.354167 0.373438 0.354167 0.375 0.35625 0.376562 0.35625 0.379688 0.360417 0.382812 0.360417 0.384375 0.3625 0.389062 0.3625 0.390625 0.364583 0.39375 0.364583 0.395312 0.366667 0.420312 0.366667 0.421875 0.364583 0.421875 0.3625 0.423438 0.360417 0.417188 0.360417 0.415625 0.358333 0.410938 0.358333 0.409375 0.35625 0.392188 0.35625 0.390625 0.354167 0.385938 0.354167 0.384375 0.352083 0.379688 0.352083 0.378125 0.35 0.373438 0.35 0.371875 0.347917 0.360938 0.347917 0.359375 0.345833 0.348438 0.345833
1 0.159375 0.322917 0.159375 0.33125 0.1875 0.33125 0.190625 0.335417 0.189062 0.3375 0.164062 0.3375 0.165625 0.339583 0.165625 0.341667 0.167188 0.34375 0.167188 0.345833 0.198438 0.345833 0.2 0.34375 0.2 0.341667 0.201562 0.339583 0.198438 0.335417 0.196875 0.335417 0.192188 0.329167 0.1875 0.329167 0.185938 0.327083 0.18125 0.327083 0.179688 0.325 0.160938 0.325
1 0.0 0.322917 0.0 0.329167 0.001562 0.33125 0.007812 0.33125 0.009375 0.333333 0.015625 0.333333 0.017188 0.335417 0.023438 0.335417 0.025 0.3375 0.03125 0.3375 0.032812 0.339583 0.039062 0.339583 0.040625 0.341667 0.04375 0.341667 0.045312 0.34375 0.048438 0.34375 0.05 0.345833 0.053125 0.345833 0.054688 0.347917 0.059375 0.347917 0.060938 0.345833 0.0625 0.345833 0.064062 0.34375 0.065625 0.345833 0.107812 0.345833 0.109375 0.34375 0.109375 0.341667 0.104688 0.341667 0.103125 0.339583 0.098438 0.339583 0.096875 0.3375 0.092188 0.3375 0.090625 0.335417 0.092188 0.333333 0.110938 0.333333 0.109375 0.33125 0.109375 0.329167 0.0875 0.329167 0.085938 0.33125 0.064062 0.33125 0.0625 0.333333 0.032812 0.333333 0.03125 0.335417 0.029688 0.333333 0.026562 0.333333 0.025 0.33125 0.020312 0.33125 0.01875 0.329167 0.015625 0.329167 0.014062 0.327083 0.010938 0.327083 0.009375 0.325 0.004688 0.325 0.003125 0.322917
1 0.125 0.2875 0.125 0.289583 0.123438 0.291667 0.123438 0.29375 0.13125 0.29375 0.13125 0.289583 0.126562 0.289583
1 0.029688 0.285417 0.028125 0.2875 0.021875 0.2875 0.020312 0.289583 0.014062 0.289583 0.0125 0.291667 0.00625 0.291667 0.00625 0.302083 0.004688 0.304167 0.004688 0.314583 0.01875 0.314583 0.023438 0.308333 0.025 0.308333 0.032812 0.297917 0.034375 0.297917 0.0375 0.29375 0.040625 0.29375 0.042188 0.295833 0.04375 0.295833 0.045312 0.297917 0.048438 0.297917 0.05 0.3 0.048438 0.302083 0.046875 0.302083 0.04375 0.30625 0.042188 0.30625 0.039062 0.310417 0.0375 0.310417 0.035938 0.3125 0.04375 0.3125 0.045312 0.310417 0.059375 0.310417 0.060938 0.3125 0.064062 0.3125 0.065625 0.314583 0.06875 0.314583 0.070312 0.316667 0.075 0.310417 0.073438 0.310417 0.071875 0.308333 0.070312 0.308333 0.067188 0.304167 0.065625 0.304167 0.064062 0.302083 0.06875 0.295833 0.070312 0.295833 0.071875 0.29375 0.051562 0.29375 0.05 0.291667 0.045312 0.291667 0.04375 0.289583 0.0375 0.289583 0.035938 0.2875 0.03125 0.2875
1 0.901562 0.26875 0.898438 0.272917 0.901562 0.272917 0.903125 0.275 0.90625 0.275 0.907812 0.277083 0.909375 0.275 0.910938 0.275 0.909375 0.272917 0.909375 0.270833 0.907812 0.26875
1 0.859375 0.235417 0.859375 0.241667 0.864062 0.241667 0.864062 0.235417
1 0.745312 0.222917 0.745312 0.227083 0.754688 0.227083 0.753125 0.225 0.753125 0.222917
