0 0.275 0.991667 0.273438 0.99375 0.273438 0.995833 0.271875 0.997917 0.2875 0.997917 0.2875 0.991667
0 0.010938 0.975 0.009375 0.977083 0.003125 0.977083 0.003125 0.9875 0.004688 0.9875 0.00625 0.989583 0.009375 0.985417 0.009375 0.98125 0.010938 0.979167
0 0.214062 0.964583 0.214062 0.972917 0.215625 0.975 0.21875 0.975 0.21875 0.964583
0 0.253125 0.945833 0.251563 0.947917 0.24375 0.947917 0.240625 0.952083 0.239062 0.952083 0.235938 0.95625 0.234375 0.95625 0.235938 0.958333 0.2375 0.958333 0.242188 0.964583 0.24375 0.9625 0.24375 0.960417 0.246875 0.95625 0.246875 0.954167 0.248438 0.952083 0.253125 0.952083
0 0.120312 0.941667 0.120312 0.94375 0.11875 0.945833 0.11875 0.947917 0.117188 0.95 0.117188 0.952083 0.115625 0.954167 0.115625 0.95625 0.114062 0.958333 0.129688 0.958333 0.13125 0.95625 0.13125 0.954167 0.132812 0.952083 0.132812 0.95 0.134375 0.947917 0.134375 0.945833 0.135938 0.94375 0.121875 0.94375
0 0.06875 0.883333 0.0625 0.891667 0.05625 0.891667 0.054688 0.889583 0.054688 0.897917 0.059375 0.897917 0.060938 0.9 0.065625 0.9 0.067188 0.902083 0.071875 0.902083 0.073438 0.904167 0.073438 0.902083 0.075 0.9 0.073438 0.9 0.070312 0.895833 0.06875 0.895833 0.067188 0.89375 0.071875 0.8875
0 0.217188 0.84375 0.217188 0.858333 0.21875 0.85625 0.220312 0.85625 0.221875 0.854167 0.225 0.854167 0.226562 0.852083 0.228125 0.852083 0.228125 0.84375
0 0.220312 0.802083 0.221875 0.804167 0.221875 0.80625 0.245312 0.80625 0.246875 0.804167 0.2375 0.804167 0.235938 0.802083
0 0.210938 0.783333 0.210938 0.785417 0.209375 0.7875 0.217188 0.7875 0.21875 0.789583 0.21875 0.783333
0 0.560938 0.76875 0.560938 0.772917 0.559375 0.775 0.559375 0.779167 0.564062 0.779167 0.565625 0.78125 0.56875 0.78125 0.570312 0.783333 0.570312 0.78125 0.571875 0.779167 0.571875 0.777083 0.573438 0.775 0.573438 0.772917 0.56875 0.772917 0.567188 0.770833 0.5625 0.770833
0 0.54375 0.760417 0.542188 0.7625 0.5375 0.7625 0.535938 0.764583 0.535938 0.766667 0.534375 0.76875 0.540625 0.76875 0.542188 0.770833 0.54375 0.770833 0.545312 0.772917 0.545312 0.76875 0.54375 0.766667
0 0.423438 0.75625 0.421875 0.758333 0.421875 0.760417 0.420312 0.7625 0.429688 0.7625 0.429688 0.75625
0 0.289062 0.689583 0.289062 0.7 0.292188 0.7 0.29375 0.702083 0.295312 0.7 0.295312 0.697917 0.296875 0.695833 0.296875 0.69375 0.29375 0.69375 0.292188 0.691667 0.292188 0.689583
0 0.754688 0.6625 0.754688 0.670833 0.760938 0.670833 0.7625 0.672917 0.7625 0.66875 0.764062 0.666667 0.764062 0.6625
0 0.207812 0.654167 0.20625 0.65625 0.201562 0.65625 0.2 0.658333 0.195312 0.658333 0.19375 0.660417 0.189062 0.660417 0.189062 0.6625 0.1875 0.664583 0.1875 0.666667 0.190625 0.666667 0.192188 0.664583 0.195312 0.664583 0.196875 0.6625 0.201562 0.6625 0.203125 0.660417 0.207812 0.660417
0 0.701562 0.629167 0.698438 0.633333 0.701562 0.633333 0.703125 0.635417 0.70625 0.635417 0.707812 0.6375 0.7125 0.6375 0.710938 0.635417 0.710938 0.633333 0.70625 0.633333 0.704688 0.63125 0.703125 0.63125
0 0.590625 0.614583 0.589062 0.616667 0.55 0.616667 0.55 0.625 0.5875 0.625 0.589062 0.627083 0.589062 0.620833 0.590625 0.61875
0 0.364062 0.597917 0.3625 0.6 0.353125 0.6 0.353125 0.602083 0.351562 0.604167 0.351562 0.60625 0.354688 0.60625 0.35625 0.608333 0.359375 0.608333 0.360938 0.610417 0.364062 0.610417 0.365625 0.6125 0.367188 0.610417 0.367188 0.608333 0.36875 0.60625 0.365625 0.602083 0.365625 0.6
0 0.115625 0.579167 0.115625 0.58125 0.114062 0.583333 0.114062 0.585417 0.1125 0.5875 0.115625 0.591667 0.115625 0.59375 0.117188 0.595833 0.139062 0.595833 0.140625 0.597917 0.140625 0.595833 0.142188 0.59375 0.142188 0.591667 0.14375 0.589583 0.123438 0.589583
0 0.6375 0.570833 0.6375 0.572917 0.640625 0.572917 0.642188 0.575 0.646875 0.575 0.646875 0.570833
0 0.614062 0.5625 0.6125 0.564583 0.6125 0.566667 0.610938 0.56875 0.610938 0.570833 0.609375 0.572917 0.610938 0.572917 0.6125 0.575 0.614062 0.575 0.615625 0.577083 0.617188 0.577083 0.61875 0.579167 0.620312 0.579167 0.621875 0.58125 0.621875 0.579167 0.623438 0.577083 0.623438 0.575 0.625 0.572917 0.625 0.570833 0.626562 0.56875 0.623438 0.56875 0.621875 0.566667 0.620312 0.566667 0.61875 0.564583 0.615625 0.564583
0 0.2875 0.5625 0.285938 0.564583 0.276562 0.564583 0.276562 0.566667 0.275 0.56875 0.275 0.570833 0.278125 0.575 0.278125 0.577083 0.279688 0.579167 0.276562 0.583333 0.275 0.583333 0.273438 0.585417 0.273438 0.59375 0.279688 0.59375 0.28125 0.595833 0.284375 0.591667 0.285938 0.591667 0.289062 0.5875 0.290625 0.5875 0.292188 0.585417 0.304688 0.585417 0.30625 0.5875 0.30625 0.597917 0.314062 0.597917 0.314062 0.591667 0.315625 0.589583 0.315625 0.585417 0.307812 0.575 0.30625 0.575 0.304688 0.572917 0.301562 0.572917 0.3 0.570833 0.298438 0.570833 0.296875 0.56875 0.295312 0.56875 0.29375 0.566667 0.292188 0.56875 0.289062 0.56875 0.2875 0.566667
0 0.734375 0.545833 0.734375 0.547917 0.735938 0.55 0.735938 0.554167 0.7375 0.554167 0.739062 0.55625 0.740625 0.55625 0.742188 0.558333 0.742188 0.566667 0.74375 0.566667 0.746875 0.570833 0.748438 0.56875 0.748438 0.566667 0.751562 0.5625 0.748438 0.558333 0.748438 0.55625 0.746875 0.554167 0.746875 0.545833
0 0.13125 0.514583 0.13125 0.51875 0.129688 0.520833 0.129688 0.522917 0.132812 0.522917 0.134375 0.525 0.135938 0.525 0.1375 0.527083 0.140625 0.527083 0.142188 0.529167 0.142188 0.527083 0.14375 0.525 0.14375 0.522917 0.145312 0.520833 0.142188 0.520833 0.140625 0.51875 0.139062 0.51875 0.1375 0.516667 0.132812 0.516667
0 0.153125 0.497917 0.151562 0.5 0.146875 0.5 0.146875 0.508333 0.15625 0.508333 0.157812 0.510417 0.157812 0.508333 0.159375 0.50625 0.159375 0.504167 0.15625 0.504167 0.154688 0.502083 0.154688 0.5
0 0.8875 0.491667 0.8875 0.49375 0.889062 0.495833 0.889062 0.497917 0.898438 0.497917 0.898438 0.49375 0.895312 0.49375 0.89375 0.491667
0 0.054688 0.477083 0.053125 0.479167 0.05 0.479167 0.048438 0.48125 0.046875 0.48125 0.045312 0.483333 0.04375 0.483333 0.04375 0.489583 0.045312 0.4875 0.05 0.4875 0.053125 0.483333 0.053125 0.48125 0.054688 0.479167
0 0.954688 0.458333 0.954688 0.4625 0.9625 0.4625 0.9625 0.458333
0 0.092188 0.45625 0.092188 0.458333 0.090625 0.460417 0.090625 0.4625 0.09375 0.4625 0.095312 0.464583 0.098438 0.464583 0.1 0.466667 0.146875 0.466667 0.145312 0.464583 0.145312 0.4625 0.14375 0.460417 0.14375 0.458333 0.107812 0.458333 0.10625 0.45625
0 0.057812 0.4375 0.057812 0.441667 0.05625 0.44375 0.05625 0.445833 0.057812 0.445833 0.059375 0.447917 0.064062 0.447917 0.065625 0.445833 0.067188 0.445833 0.06875 0.44375 0.071875 0.44375 0.071875 0.439583 0.070312 0.441667 0.067188 0.441667 0.064062 0.4375
0 0.74375 0.377083 0.74375 0.383333 0.748438 0.383333 0.751562 0.379167 0.7625 0.379167 0.7625 0.377083
0 0.21875 0.366667 0.215625 0.370833 0.214062 0.370833 0.210938 0.375 0.204688 0.375 0.204688 0.377083 0.20625 0.379167 0.20625 0.383333 0.207812 0.385417 0.207812 0.389583 0.209375 0.391667 0.209375 0.39375 0.214062 0.39375 0.215625 0.391667 0.217188 0.391667 0.220312 0.3875 0.221875 0.3875 0.220312 0.385417 0.220312 0.383333 0.21875 0.38125 0.21875 0.379167 0.221875 0.375 0.223438 0.375 0.228125 0.38125 0.229688 0.379167 0.23125 0.379167 0.232812 0.377083 0.234375 0.377083 0.235938 0.375 0.239062 0.375 0.240625 0.372917 0.242188 0.372917 0.242188 0.370833 0.240625 0.36875 0.240625 0.366667 0.239062 0.36875 0.220312 0.36875
0 0.259375 0.358333 0.257812 0.360417 0.25625 0.360417 0.253125 0.364583 0.251563 0.364583 0.253125 0.366667 0.253125 0.36875 0.254688 0.370833 0.254688 0.372917 0.25625 0.370833 0.257812 0.370833 0.259375 0.36875 0.260938 0.36875 0.2625 0.366667 0.265625 0.366667 0.267188 0.364583 0.26875 0.364583 0.26875 0.358333
0 0.295312 0.35 0.29375 0.352083 0.28125 0.352083 0.28125 0.3625 0.282812 0.360417 0.285938 0.360417 0.2875 0.358333 0.290625 0.358333 0.292188 0.35625 0.295312 0.35625
0 0.628125 0.34375 0.628125 0.345833 0.626562 0.347917 0.626562 0.35 0.625 0.352083 0.625 0.354167 0.623438 0.35625 0.626562 0.360417 0.626562 0.3625 0.628125 0.364583 0.626562 0.366667 0.620312 0.366667 0.620312 0.372917 0.621875 0.370833 0.63125 0.370833 0.63125 0.358333 0.632812 0.35625 0.632812 0.34375
0 0.189062 0.3375 0.1875 0.339583 0.1875 0.341667 0.185938 0.34375 0.189062 0.34375 0.190625 0.345833 0.192188 0.345833 0.19375 0.347917 0.196875 0.347917 0.198438 0.35 0.2 0.35 0.201562 0.352083 0.204688 0.347917 0.203125 0.347917 0.201562 0.345833 0.2 0.345833 0.198438 0.34375 0.196875 0.34375 0.195312 0.341667 0.19375 0.341667 0.192188 0.339583 0.190625 0.339583
0 0.154688 0.335417 0.151562 0.339583 0.153125 0.341667 0.154688 0.341667 0.157812 0.345833 0.1625 0.339583 0.159375 0.339583 0.157812 0.3375 0.15625 0.3375
0 0.717188 0.33125 0.714062 0.335417 0.7125 0.335417 0.710938 0.3375 0.714062 0.341667 0.714062 0.34375 0.715625 0.345833 0.720312 0.339583 0.71875 0.3375 0.71875 0.335417 0.717188 0.333333
0 0.770312 0.322917 0.76875 0.325 0.767188 0.325 0.765625 0.327083 0.764062 0.327083 0.765625 0.329167 0.765625 0.33125 0.767188 0.333333 0.76875 0.33125 0.773438 0.33125 0.771875 0.329167 0.771875 0.327083 0.770312 0.325
0 0.657812 0.314583 0.65625 0.316667 0.651562 0.316667 0.651562 0.31875 0.653125 0.320833 0.653125 0.322917 0.654688 0.325 0.654688 0.327083 0.65625 0.325 0.659375 0.325 0.660938 0.322917 0.664062 0.322917
0 0.903125 0.29375 0.903125 0.297917 0.904688 0.3 0.904688 0.304167 0.909375 0.304167 0.910938 0.302083 0.9125 0.302083 0.914062 0.3 0.915625 0.3 0.915625 0.297917 0.917188 0.295833 0.917188 0.29375
0 0.695312 0.289583 0.69375 0.291667 0.689062 0.291667 0.689062 0.3 0.690625 0.297917 0.695312 0.297917 0.698438 0.29375 0.7 0.29375 0.701562 0.291667 0.696875 0.291667
0 0.45 0.285417 0.448438 0.2875 0.446875 0.2875 0.445312 0.289583 0.44375 0.289583 0.44375 0.297917 0.453125 0.297917 0.45625 0.29375 0.457812 0.29375 0.45625 0.291667 0.454688 0.291667
0 0.14375 0.266667 0.14375 0.279167 0.145312 0.277083 0.167188 0.277083 0.164062 0.272917 0.164062 0.270833 0.160938 0.266667
0 0.176562 0.264583 0.176562 0.270833 0.189062 0.270833 0.19375 0.277083 0.19375 0.279167 0.196875 0.283333 0.195312 0.285417 0.175 0.285417 0.173438 0.283333 0.173438 0.291667 0.184375 0.291667 0.185938 0.289583 0.190625 0.289583 0.192188 0.2875 0.198438 0.2875 0.2 0.285417 0.204688 0.285417 0.204688 0.279167 0.203125 0.279167 0.2 0.275 0.198438 0.275 0.195312 0.270833 0.190625 0.270833 0.189062 0.26875 0.184375 0.26875 0.182812 0.266667 0.178125 0.266667
0 0.059375 0.264583 0.059375 0.26875 0.057812 0.270833 0.057812 0.275 0.059375 0.272917 0.071875 0.272917 0.071875 0.26875 0.073438 0.266667 0.073438 0.264583
0 0.4125 0.260417 0.410938 0.2625 0.38125 0.2625 0.38125 0.26875 0.382812 0.266667 0.396875 0.266667 0.398438 0.264583 0.4125 0.264583
0 0.621875 0.239583 0.621875 0.245833 0.620312 0.247917 0.620312 0.252083 0.635938 0.252083 0.6375 0.254167 0.640625 0.25 0.642188 0.25 0.640625 0.25 0.639062 0.247917 0.635938 0.247917 0.634375 0.245833 0.632812 0.245833 0.63125 0.24375 0.629688 0.24375 0.628125 0.241667 0.623438 0.241667
0 0.532812 0.225 0.532812 0.229167 0.534375 0.23125 0.534375 0.2375 0.545312 0.2375 0.545312 0.235417 0.546875 0.233333 0.546875 0.23125 0.539062 0.23125 0.5375 0.229167 0.5375 0.225
0 0.375 0.216667 0.375 0.222917 0.379688 0.222917 0.379688 0.216667
0 0.420312 0.2125 0.420312 0.216667 0.41875 0.21875 0.41875 0.220833 0.417188 0.222917 0.410938 0.222917 0.409375 0.220833 0.40625 0.220833 0.404688 0.21875 0.403125 0.220833 0.398438 0.220833 0.396875 0.222917 0.392188 0.222917 0.3875 0.229167 0.389062 0.227083 0.407812 0.227083 0.409375 0.229167 0.4125 0.229167 0.414062 0.23125 0.415625 0.229167 0.420312 0.229167 0.421875 0.227083 0.425 0.227083 0.426562 0.225 0.43125 0.225 0.43125 0.222917 0.432812 0.220833 0.432812 0.21875 0.426562 0.21875 0.425 0.216667 0.426562 0.214583 0.426562 0.2125
0 0.08125 0.208333 0.08125 0.210417 0.079688 0.2125 0.079688 0.216667 0.078125 0.21875 0.078125 0.220833 0.082812 0.220833 0.084375 0.222917 0.0875 0.21875 0.089062 0.21875 0.092188 0.214583 0.09375 0.214583 0.09375 0.208333
0 0.4 0.195833 0.4 0.2 0.40625 0.2 0.40625 0.195833
0 0.285938 0.195833 0.284375 0.197917 0.284375 0.2 0.28125 0.204167 0.278125 0.204167 0.276562 0.202083 0.275 0.202083 0.273438 0.2 0.271875 0.202083 0.270312 0.202083 0.26875 0.204167 0.265625 0.204167 0.264062 0.20625 0.2625 0.20625 0.2625 0.208333 0.264062 0.210417 0.264062 0.214583 0.276562 0.214583 0.278125 0.2125 0.295312 0.2125 0.295312 0.20625 0.29375 0.204167 0.29375 0.197917 0.2875 0.197917
0 0.496875 0.19375 0.495312 0.195833 0.4875 0.195833 0.4875 0.202083 0.489062 0.2 0.49375 0.2 0.495312 0.197917 0.495312 0.195833
0 0.420312 0.19375 0.420312 0.2 0.426562 0.2 0.434375 0.210417 0.435938 0.208333 0.442188 0.208333 0.439062 0.204167 0.439062 0.202083 0.435938 0.197917 0.429688 0.197917 0.428125 0.195833 0.421875 0.195833
0 0.359375 0.179167 0.359375 0.18125 0.357812 0.183333 0.357812 0.185417 0.360938 0.185417 0.3625 0.1875 0.364062 0.1875 0.365625 0.189583 0.36875 0.185417 0.367188 0.183333 0.367188 0.18125 0.365625 0.179167
0 0.689062 0.1625 0.689062 0.172917 0.696875 0.172917 0.696875 0.16875 0.698438 0.166667 0.698438 0.1625
1 0.053125 0.970833 0.051562 0.972917 0.05 0.972917 0.046875 0.977083 0.045312 0.977083 0.04375 0.979167 0.042188 0.979167 0.04375 0.98125 0.045312 0.98125 0.05 0.9875 0.053125 0.983333 0.054688 0.983333 0.057812 0.979167 0.059375 0.979167 0.0625 0.975 0.064062 0.975 0.0625 0.972917 0.0625 0.970833 0.060938 0.972917 0.054688 0.972917
1 0.189062 0.96875 0.185938 0.972917 0.184375 0.972917 0.18125 0.977083 0.179688 0.977083 0.175 0.983333 0.173438 0.983333 0.170312 0.9875 0.16875 0.9875 0.165625 0.991667 0.165625 0.99375 0.164062 0.995833 0.167188 0.991667 0.16875 0.991667 0.171875 0.9875 0.173438 0.9875 0.178125 0.98125 0.179688 0.98125 0.184375 0.975 0.185938 0.975 0.189062 0.970833 0.190625 0.970833 0.192188 0.96875
1 0.8375 0.95625 0.835938 0.958333 0.83125 0.958333 0.83125 0.964583 0.829688 0.966667 0.829688 0.972917 0.828125 0.975 0.825 0.975 0.823438 0.972917 0.823438 0.970833 0.821875 0.96875 0.821875 0.966667 0.817188 0.966667 0.817188 0.975 0.815625 0.977083 0.803125 0.977083 0.801562 0.979167 0.7875 0.979167 0.789062 0.98125 0.789062 0.983333 0.790625 0.985417 0.790625 0.9875 0.792188 0.985417 0.804688 0.985417 0.80625 0.983333 0.817188 0.983333 0.81875 0.98125 0.83125 0.98125 0.832812 0.979167 0.8375 0.979167 0.839062 0.977083 0.842188 0.977083 0.84375 0.975 0.848438 0.975 0.848438 0.96875 0.840625 0.96875 0.839062 0.966667 0.839062 0.964583 0.8375 0.9625
1 0.896875 0.91875 0.889062 0.929167 0.8875 0.929167 0.88125 0.9375 0.879688 0.9375 0.878125 0.939583 0.876562 0.939583 0.875 0.941667 0.873438 0.941667 0.871875 0.94375 0.870312 0.94375 0.86875 0.945833 0.867188 0.945833 0.867188 0.947917 0.86875 0.95 0.86875 0.954167 0.876562 0.954167 0.878125 0.95625 0.884375 0.95625 0.885938 0.958333 0.890625 0.952083 0.892188 0.952083 0.898438 0.94375 0.9 0.94375 0.901562 0.941667 0.901562 0.9375 0.903125 0.935417 0.903125 0.929167 0.904688 0.927083 0.904688 0.925 0.903125 0.925 0.9 0.920833 0.898438 0.920833
1 0.120312 0.90625 0.120312 0.916667 0.125 0.916667 0.125 0.9125 0.123438 0.910417 0.123438 0.908333 0.121875 0.908333
1 0.025 0.870833 0.01875 0.879167 0.017188 0.879167 0.009375 0.889583 0.007812 0.889583 0.003125 0.895833 0.001562 0.895833 0.0 0.897917 0.0 0.904167 0.003125 0.9 0.004688 0.9 0.009375 0.89375 0.010938 0.89375 0.015625 0.8875 0.017188 0.8875 0.021875 0.88125 0.021875 0.879167 0.025 0.875
1 0.157812 0.839583 0.157812 0.841667 0.15625 0.84375 0.15625 0.85 0.154688 0.852083 0.154688 0.854167 0.15625 0.852083 0.164062 0.852083 0.165625 0.854167 0.165625 0.85625 0.167188 0.858333 0.167188 0.860417 0.16875 0.8625 0.16875 0.864583 0.167188 0.866667 0.165625 0.866667 0.164062 0.86875 0.1625 0.86875 0.160938 0.870833 0.159375 0.870833 0.157812 0.872917 0.15625 0.872917 0.154688 0.875 0.153125 0.875 0.151562 0.877083 0.15 0.877083 0.148438 0.879167 0.146875 0.879167 0.145312 0.88125 0.14375 0.88125 0.142188 0.883333 0.140625 0.883333 0.140625 0.889583 0.139062 0.891667 0.139062 0.895833 0.140625 0.89375 0.145312 0.89375 0.146875 0.891667 0.15 0.891667 0.151562 0.889583 0.15625 0.889583 0.157812 0.8875 0.160938 0.8875 0.1625 0.885417 0.165625 0.885417 0.167188 0.883333 0.171875 0.883333 0.173438 0.88125 0.176562 0.88125 0.178125 0.879167 0.182812 0.879167 0.184375 0.877083 0.1875 0.877083 0.1875 0.870833 0.185938 0.872917 0.179688 0.872917 0.178125 0.870833 0.178125 0.86875 0.175 0.864583 0.175 0.8625 0.173438 0.860417 0.173438 0.858333 0.170312 0.854167 0.170312 0.852083 0.167188 0.847917 0.167188 0.845833 0.165625 0.84375 0.165625 0.841667 0.164062 0.839583
1 0.65625 0.760417 0.654688 0.7625 0.654688 0.764583 0.651562 0.76875 0.651562 0.770833 0.65 0.772917 0.65625 0.772917 0.657812 0.775 0.659375 0.772917 0.660938 0.772917 0.664062 0.76875 0.665625 0.76875 0.665625 0.766667 0.667188 0.764583 0.667188 0.7625 0.665625 0.760417
1 0.19375 0.708333 0.192188 0.710417 0.159375 0.710417 0.157812 0.7125 0.153125 0.7125 0.151562 0.714583 0.148438 0.714583 0.146875 0.716667 0.142188 0.716667 0.140625 0.71875 0.135938 0.71875 0.1375 0.720833 0.1375 0.722917 0.139062 0.725 0.139062 0.727083 0.140625 0.725 0.154688 0.725 0.15625 0.722917 0.15625 0.720833 0.160938 0.714583 0.192188 0.714583 0.192188 0.7125 0.19375 0.710417
1 0.260938 0.7 0.259375 0.702083 0.254688 0.702083 0.254688 0.729167 0.25625 0.727083 0.2625 0.727083 0.2625 0.714583 0.260938 0.7125
1 0.08125 0.602083 0.079688 0.604167 0.079688 0.60625 0.076562 0.610417 0.078125 0.610417 0.08125 0.614583 0.08125 0.6125 0.082812 0.610417 0.082812 0.608333 0.084375 0.60625 0.084375 0.604167 0.085938 0.602083
1 0.20625 0.55 0.201562 0.55625 0.2 0.55625 0.196875 0.560417 0.2 0.564583 0.217188 0.564583 0.217188 0.55625 0.215625 0.55625 0.214062 0.554167 0.210938 0.554167 0.209375 0.552083 0.207812 0.552083
1 0.360938 0.54375 0.359375 0.545833 0.353125 0.545833 0.35625 0.55 0.357812 0.547917 0.3625 0.547917 0.364062 0.545833 0.36875 0.545833 0.367188 0.545833 0.365625 0.54375
1 0.08125 0.516667 0.079688 0.51875 0.078125 0.51875 0.076562 0.520833 0.075 0.520833 0.071875 0.525 0.070312 0.525 0.06875 0.527083 0.067188 0.527083 0.065625 0.529167 0.064062 0.529167 0.060938 0.533333 0.059375 0.533333 0.057812 0.535417 0.05625 0.535417 0.05625 0.54375 0.057812 0.541667 0.060938 0.541667 0.0625 0.539583 0.067188 0.539583 0.067188 0.5375 0.06875 0.535417 0.06875 0.533333 0.070312 0.53125 0.070312 0.529167 0.071875 0.527083 0.08125 0.527083 0.082812 0.529167 0.084375 0.529167 0.085938 0.53125 0.0875 0.529167 0.0875 0.527083 0.090625 0.522917 0.089062 0.522917 0.0875 0.520833 0.085938 0.520833 0.084375 0.51875 0.082812 0.51875
1 0.489062 0.510417 0.4875 0.5125 0.485938 0.5125 0.484375 0.514583 0.482812 0.514583 0.48125 0.516667 0.471875 0.516667 0.471875 0.520833 0.46875 0.525 0.467188 0.522917 0.467188 0.520833 0.465625 0.51875 0.465625 0.525 0.464062 0.527083 0.464062 0.53125 0.465625 0.533333 0.465625 0.535417 0.470312 0.541667 0.470312 0.54375 0.473438 0.547917 0.473438 0.55 0.478125 0.55625 0.478125 0.558333 0.482812 0.564583 0.482812 0.566667 0.484375 0.56875 0.485938 0.566667 0.489062 0.566667 0.498438 0.554167 0.5 0.554167 0.503125 0.55 0.504687 0.55 0.50625 0.547917 0.507812 0.547917 0.509375 0.545833 0.510938 0.545833 0.514062 0.541667 0.515625 0.541667 0.50625 0.541667 0.504687 0.54375 0.503125 0.54375 0.5 0.547917 0.498438 0.547917 0.495312 0.552083 0.49375 0.552083 0.485938 0.5625 0.484375 0.560417 0.484375 0.558333 0.48125 0.554167 0.48125 0.552083 0.478125 0.547917 0.478125 0.545833 0.476562 0.54375 0.476562 0.527083 0.478125 0.525 0.478125 0.522917 0.479688 0.520833 0.485938 0.529167 0.485938 0.527083 0.4875 0.525 0.4875 0.522917 0.489062 0.520833
1 0.267188 0.510417 0.267188 0.5125 0.264062 0.516667 0.260938 0.516667 0.259375 0.514583 0.257812 0.516667 0.257812 0.51875 0.25625 0.520833 0.25625 0.525 0.257812 0.527083 0.257812 0.533333 0.259375 0.53125 0.265625 0.53125 0.267188 0.529167 0.282812 0.529167 0.282812 0.527083 0.284375 0.525 0.284375 0.522917 0.278125 0.522917 0.275 0.51875 0.275 0.516667 0.271875 0.516667
1 0.34375 0.466667 0.34375 0.46875 0.342188 0.470833 0.342188 0.472917 0.340625 0.475 0.340625 0.477083 0.339062 0.479167 0.339062 0.48125 0.3375 0.483333 0.3375 0.485417 0.339062 0.485417 0.342188 0.489583 0.342188 0.4875 0.34375 0.485417 0.34375 0.483333 0.345312 0.48125 0.345312 0.479167 0.346875 0.477083 0.346875 0.475 0.348438 0.472917 0.348438 0.470833 0.35 0.46875 0.345312 0.46875
1 0.401562 0.408333 0.401562 0.410417 0.4 0.4125 0.4 0.41875 0.398438 0.420833 0.398438 0.422917 0.401562 0.422917 0.403125 0.425 0.404688 0.425 0.40625 0.427083 0.40625 0.425 0.407812 0.422917 0.407812 0.420833 0.409375 0.41875 0.417188 0.41875 0.41875 0.420833 0.423438 0.420833 0.425 0.422917 0.429688 0.422917 0.43125 0.425 0.435938 0.425 0.4375 0.427083 0.4375 0.425 0.439062 0.422917 0.439062 0.420833 0.440625 0.41875 0.434375 0.41875 0.432812 0.416667 0.426562 0.416667 0.425 0.414583 0.41875 0.414583 0.417188 0.4125 0.410938 0.4125 0.409375 0.410417 0.403125 0.410417
1 0.684375 0.385417 0.684375 0.3875 0.682812 0.389583 0.682812 0.39375 0.679688 0.397917 0.673438 0.397917 0.671875 0.395833 0.670312 0.395833 0.66875 0.39375 0.665625 0.39375 0.664062 0.391667 0.6625 0.391667 0.660938 0.389583 0.6625 0.391667 0.6625 0.39375 0.664062 0.395833 0.6625 0.397917 0.660938 0.397917 0.659375 0.4 0.657812 0.4 0.65625 0.402083 0.654688 0.402083 0.653125 0.404167 0.642188 0.404167 0.64375 0.404167 0.645312 0.40625 0.646875 0.40625 0.648438 0.408333 0.65 0.408333 0.651562 0.410417 0.654688 0.410417 0.65625 0.4125 0.657812 0.410417 0.660938 0.410417 0.667188 0.402083 0.673438 0.402083 0.675 0.404167 0.676562 0.402083 0.68125 0.402083 0.68125 0.4 0.682812 0.397917 0.682812 0.395833 0.684375 0.39375
1 0.86875 0.289583 0.865625 0.29375 0.864062 0.29375 0.860938 0.297917 0.859375 0.297917 0.854688 0.304167 0.853125 0.304167 0.848438 0.310417 0.846875 0.310417 0.84375 0.314583 0.842188 0.314583 0.840625 0.316667 0.84375 0.316667 0.846875 0.3125 0.848438 0.3125 0.851562 0.308333 0.853125 0.308333 0.85625 0.304167 0.857812 0.304167 0.860938 0.3 0.8625 0.3 0.865625 0.295833 0.867188 0.295833 0.870312 0.291667 0.871875 0.291667 0.870312 0.291667
1 0.409375 0.2875 0.407812 0.289583 0.407812 0.291667 0.409375 0.29375 0.407812 0.295833 0.404688 0.295833 0.404688 0.297917 0.403125 0.3 0.403125 0.302083 0.404688 0.3 0.421875 0.3 0.421875 0.29375 0.417188 0.29375 0.415625 0.291667 0.417188 0.289583 0.417188 0.2875
1 0.8125 0.252083 0.810938 0.254167 0.801562 0.254167 0.8 0.25625 0.789062 0.25625 0.79375 0.2625 0.79375 0.264583 0.796875 0.26875 0.826562 0.26875 0.829688 0.264583 0.867188 0.264583 0.86875 0.2625 0.86875 0.260417 0.870312 0.258333 0.86875 0.258333 0.867188 0.25625 0.864062 0.25625 0.8625 0.254167 0.860938 0.254167 0.859375 0.252083
1 0.49375 0.220833 0.492188 0.222917 0.48125 0.222917 0.479688 0.225 0.467188 0.225 0.467188 0.227083 0.46875 0.229167 0.46875 0.23125 0.478125 0.23125 0.479688 0.233333 0.479688 0.2375 0.484375 0.2375 0.485938 0.239583 0.490625 0.239583 0.492188 0.241667 0.495312 0.2375 0.496875 0.2375 0.498438 0.235417 0.504687 0.235417 0.50625 0.2375 0.510938 0.2375 0.5125 0.239583 0.51875 0.239583 0.520312 0.241667 0.520312 0.2375 0.521875 0.235417 0.521875 0.233333 0.515625 0.233333 0.514062 0.23125 0.509375 0.23125 0.507812 0.229167 0.501562 0.229167 0.498438 0.225 0.496875 0.225
1 0.792188 0.216667 0.792188 0.21875 0.790625 0.220833 0.790625 0.222917 0.789062 0.225 0.789062 0.227083 0.7875 0.229167 0.7875 0.23125 0.78125 0.239583 0.782812 0.2375 0.80625 0.2375 0.80625 0.235417 0.807812 0.233333 0.807812 0.23125 0.809375 0.229167 0.809375 0.227083 0.810938 0.225 0.810938 0.222917 0.809375 0.222917 0.807812 0.220833 0.80625 0.220833 0.804688 0.21875 0.803125 0.21875 0.801562 0.216667
1 0.4625 0.19375 0.4625 0.2 0.478125 0.2 0.479688 0.202083 0.479688 0.2 0.48125 0.197917 0.48125 0.195833 0.464062 0.195833
1 0.698438 0.189583 0.696875 0.191667 0.695312 0.191667 0.695312 0.204167 0.696875 0.202083 0.704688 0.202083 0.704688 0.2 0.70625 0.197917 0.70625 0.19375 0.707812 0.191667 0.707812 0.189583 0.703125 0.189583 0.703125 0.191667 0.7 0.195833 0.698438 0.19375
1 0.620312 0.185417 0.61875 0.1875 0.61875 0.189583 0.615625 0.19375 0.617188 0.195833 0.617188 0.197917 0.61875 0.2 0.61875 0.202083 0.620312 0.204167 0.620312 0.20625 0.621875 0.208333 0.629688 0.208333 0.628125 0.20625 0.628125 0.204167 0.626562 0.202083 0.626562 0.195833 0.628125 0.19375 0.628125 0.191667 0.626562 0.191667 0.623438 0.1875 0.621875 0.1875
1 0.845312 0.172917 0.845312 0.18125 0.846875 0.183333 0.846875 0.185417 0.857812 0.185417 0.857812 0.18125 0.859375 0.179167 0.859375 0.177083 0.853125 0.177083 0.851562 0.175 0.846875 0.175
1 0.770312 0.166667 0.76875 0.16875 0.767188 0.16875 0.765625 0.170833 0.764062 0.170833 0.7625 0.172917 0.760938 0.172917 0.757812 0.177083 0.75625 0.177083 0.75 0.185417 0.748438 0.185417 0.746875 0.1875 0.717188 0.1875 0.717188 0.19375 0.75625 0.19375 0.757812 0.195833 0.770312 0.195833 0.771875 0.197917 0.771875 0.195833 0.773438 0.19375 0.773438 0.189583 0.775 0.1875 0.775 0.183333 0.773438 0.18125 0.773438 0.177083 0.771875 0.175 0.771875 0.170833 0.770312 0.16875
1 0.845312 0.152083 0.845312 0.154167 0.84375 0.15625 0.84375 0.158333 0.842188 0.160417 0.851562 0.160417 0.853125 0.1625 0.854688 0.160417 0.854688 0.158333 0.857812 0.154167 0.846875 0.154167
1 0.829688 0.139583 0.829688 0.141667 0.828125 0.14375 0.828125 0.15 0.826562 0.152083 0.826562 0.15625 0.825 0.158333 0.825 0.160417 0.823438 0.1625 0.817188 0.1625 0.815625 0.164583 0.807812 0.164583 0.807812 0.170833 0.809375 0.16875 0.815625 0.16875 0.817188 0.166667 0.823438 0.166667 0.825 0.164583 0.83125 0.164583 0.83125 0.160417 0.832812 0.158333 0.832812 0.147917 0.834375 0.145833 0.834375 0.141667 0.83125 0.141667
1 0.779688 0.133333 0.778125 0.135417 0.778125 0.1375 0.775 0.141667 0.782812 0.141667 0.784375 0.14375 0.784375 0.139583 0.785938 0.1375 0.785938 0.135417 0.78125 0.135417
1 0.929688 0.125 0.928125 0.127083 0.925 0.127083 0.923438 0.129167 0.921875 0.129167 0.920312 0.13125 0.917188 0.13125 0.915625 0.133333 0.9125 0.133333 0.909375 0.1375 0.909375 0.139583 0.903125 0.147917 0.903125 0.15 0.898438 0.15625 0.896875 0.15625 0.895312 0.158333 0.89375 0.158333 0.892188 0.160417 0.889062 0.160417 0.8875 0.1625 0.885938 0.1625 0.876562 0.175 0.882812 0.175 0.884375 0.177083 0.890625 0.177083 0.892188 0.179167 0.892188 0.175 0.89375 0.172917 0.89375 0.16875 0.895312 0.166667 0.898438 0.166667 0.9 0.164583 0.903125 0.164583 0.904688 0.1625 0.907812 0.1625 0.909375 0.160417 0.94375 0.160417 0.94375 0.15 0.942188 0.147917 0.942188 0.135417 0.940625 0.135417 0.9375 0.13125 0.935938 0.13125 0.932812 0.127083 0.93125 0.127083
