0 0.0 0.938918 0.0 0.95986 0.001309 0.958115 0.009162 0.958115 0.009162 0.95288 0.010471 0.951134 0.010471 0.945899 0.009162 0.945899 0.007853 0.944154 0.006545 0.944154 0.005236 0.942408 0.003927 0.942408 0.002618 0.940663 0.001309 0.940663
0 0.858639 0.919721 0.85733 0.921466 0.856021 0.921466 0.853403 0.924956 0.852094 0.924956 0.849476 0.928447 0.848168 0.928447 0.84555 0.931937 0.844241 0.931937 0.841623 0.935428 0.840314 0.935428 0.837696 0.938918 0.836387 0.938918 0.83377 0.942408 0.832461 0.942408 0.829843 0.945899 0.828534 0.945899 0.825916 0.949389 0.824607 0.949389 0.82199 0.95288 0.820681 0.95288 0.824607 0.95288 0.825916 0.954625 0.827225 0.95288 0.828534 0.95288 0.831152 0.949389 0.832461 0.949389 0.835079 0.945899 0.836387 0.945899 0.837696 0.944154 0.839005 0.944154 0.841623 0.940663 0.842932 0.940663 0.844241 0.938918 0.84555 0.938918 0.848168 0.935428 0.849476 0.935428 0.850785 0.933682 0.852094 0.933682 0.853403 0.931937 0.854712 0.931937 0.85733 0.928447 0.858639 0.928447 0.859948 0.926702 0.861257 0.926702 0.859948 0.924956 0.859948 0.923211 0.858639 0.921466
0 0.620419 0.890052 0.617801 0.893543 0.616492 0.893543 0.617801 0.895288 0.617801 0.897033 0.621728 0.902269 0.621728 0.904014 0.624346 0.907504 0.624346 0.90925 0.625654 0.910995 0.632199 0.910995 0.63089 0.90925 0.63089 0.907504 0.628272 0.904014 0.628272 0.902269 0.625654 0.898778 0.625654 0.897033
0 0.090314 0.874346 0.089005 0.876091 0.08377 0.876091 0.08377 0.881326 0.086387 0.881326 0.087696 0.883072 0.092932 0.883072 0.09555 0.879581 0.096859 0.879581 0.096859 0.877836 0.09555 0.876091 0.09555 0.874346
0 0.42801 0.806283 0.426702 0.808028 0.426702 0.809773 0.425393 0.811518 0.425393 0.815009 0.424084 0.816754 0.424084 0.823735 0.425393 0.82548 0.425393 0.830716 0.426702 0.832461 0.426702 0.834206 0.42801 0.835951 0.42801 0.837696 0.429319 0.837696 0.431937 0.841187 0.433246 0.839442 0.435864 0.839442 0.437173 0.837696 0.437173 0.835951 0.438482 0.834206 0.438482 0.832461 0.439791 0.830716 0.439791 0.82897 0.441099 0.827225 0.441099 0.82548 0.439791 0.823735 0.439791 0.820244 0.438482 0.818499 0.438482 0.816754 0.437173 0.815009 0.437173 0.813264 0.435864 0.811518 0.435864 0.809773 0.434555 0.808028 0.434555 0.806283
0 0.450262 0.602094 0.450262 0.603839 0.448953 0.605585 0.448953 0.60733 0.447644 0.609075 0.447644 0.61082 0.446335 0.612565 0.446335 0.617801 0.445026 0.619546 0.445026 0.628272 0.443717 0.630017 0.443717 0.635253 0.446335 0.638743 0.446335 0.640489 0.45288 0.649215 0.45288 0.65096 0.462042 0.663176 0.462042 0.664921 0.46466 0.668412 0.46466 0.670157 0.467277 0.673647 0.467277 0.675393 0.468586 0.677138 0.468586 0.678883 0.469895 0.680628 0.469895 0.682373 0.471204 0.684119 0.471204 0.685864 0.472513 0.687609 0.472513 0.689354 0.473822 0.691099 0.473822 0.692845 0.479058 0.692845 0.480366 0.69459 0.481675 0.692845 0.484293 0.692845 0.485602 0.691099 0.48822 0.691099 0.489529 0.689354 0.502618 0.689354 0.503927 0.691099 0.513089 0.691099 0.514398 0.692845 0.519634 0.692845 0.520942 0.69459 0.524869 0.69459 0.526178 0.696335 0.558901 0.696335 0.560209 0.69808 0.568063 0.69808 0.568063 0.69459 0.569372 0.692845 0.569372 0.656195 0.568063 0.65445 0.568063 0.647469 0.558901 0.635253 0.557592 0.635253 0.54712 0.621291 0.536649 0.621291 0.53534 0.623037 0.531414 0.623037 0.530105 0.624782 0.526178 0.624782 0.524869 0.626527 0.520942 0.626527 0.519634 0.628272 0.517016 0.628272 0.515707 0.630017 0.514398 0.630017 0.513089 0.631763 0.510471 0.631763 0.509162 0.633508 0.506545 0.633508 0.505236 0.635253 0.503927 0.635253 0.502618 0.636998 0.5 0.636998 0.498691 0.638743 0.496073 0.638743 0.494764 0.640489 0.490838 0.640489 0.489529 0.642234 0.486911 0.642234 0.485602 0.643979 0.481675 0.643979 0.479058 0.640489 0.479058 0.638743 0.473822 0.631763 0.473822 0.630017 0.468586 0.623037 0.468586 0.621291 0.463351 0.614311 0.463351 0.612565 0.459424 0.60733 0.458115 0.60733 0.454188 0.602094
0 0.977749 0.568935 0.977749 0.574171 0.97644 0.575916 0.97644 0.579407 0.975131 0.581152 0.955497 0.581152 0.954188 0.582897 0.95288 0.582897 0.951571 0.584642 0.950262 0.584642 0.950262 0.586387 0.951571 0.588133 0.951571 0.589878 0.95288 0.591623 0.95288 0.593368 0.954188 0.595113 0.954188 0.596859 0.955497 0.598604 0.955497 0.600349 0.956806 0.602094 0.956806 0.603839 0.958115 0.605585 0.958115 0.60733 0.959424 0.609075 0.959424 0.61082 0.963351 0.61082 0.96466 0.612565 0.967277 0.612565 0.968586 0.614311 0.972513 0.614311 0.973822 0.616056 0.97644 0.616056 0.977749 0.617801 0.977749 0.623037 0.979058 0.624782 0.979058 0.630017 0.984293 0.630017 0.985602 0.631763 0.992147 0.631763 0.993455 0.633508 0.998691 0.633508 0.998691 0.579407 0.997382 0.577661 0.996073 0.577661 0.990838 0.570681 0.979058 0.570681
0 0.667539 0.527051 0.66623 0.528796 0.664921 0.528796 0.663613 0.530541 0.660995 0.530541 0.659686 0.532286 0.658377 0.532286 0.658377 0.535777 0.657068 0.537522 0.657068 0.541012 0.658377 0.542757 0.658377 0.544503 0.667539 0.544503 0.668848 0.542757 0.670157 0.542757 0.670157 0.539267 0.671466 0.537522 0.671466 0.535777 0.670157 0.534031 0.670157 0.532286 0.668848 0.530541 0.668848 0.528796
0 0.66623 0.492147 0.663613 0.495637 0.663613 0.497382 0.662304 0.499127 0.662304 0.500873 0.66623 0.506108 0.670157 0.506108 0.670157 0.504363 0.671466 0.502618 0.671466 0.500873 0.672775 0.499127 0.672775 0.495637 0.670157 0.492147
0 0.602094 0.417103 0.600785 0.418848 0.590314 0.418848 0.589005 0.420593 0.589005 0.422339 0.587696 0.424084 0.587696 0.425829 0.589005 0.427574 0.589005 0.43281 0.590314 0.434555 0.590314 0.438045 0.591623 0.438045 0.592932 0.439791 0.594241 0.439791 0.59555 0.441536 0.600785 0.441536 0.602094 0.439791 0.61911 0.439791 0.617801 0.438045 0.617801 0.434555 0.616492 0.43281 0.616492 0.429319 0.611257 0.422339 0.611257 0.420593 0.609948 0.418848 0.603403 0.418848
0 0.854712 0.401396 0.853403 0.403141 0.849476 0.403141 0.849476 0.404887 0.848168 0.406632 0.848168 0.410122 0.854712 0.410122 0.854712 0.408377 0.856021 0.406632 0.856021 0.404887 0.854712 0.403141
0 0.075916 0.39267 0.074607 0.394415 0.060209 0.394415 0.058901 0.396161 0.041885 0.396161 0.040576 0.397906 0.039267 0.397906 0.037958 0.399651 0.03534 0.399651 0.034031 0.401396 0.032723 0.401396 0.031414 0.403141 0.028796 0.403141 0.028796 0.410122 0.030105 0.410122 0.031414 0.411867 0.032723 0.411867 0.034031 0.413613 0.03534 0.413613 0.036649 0.415358 0.037958 0.415358 0.039267 0.417103 0.040576 0.417103 0.041885 0.418848 0.043194 0.418848 0.044503 0.420593 0.045812 0.420593 0.04712 0.422339 0.048429 0.422339 0.049738 0.424084 0.052356 0.424084 0.053665 0.425829 0.054974 0.425829 0.056283 0.427574 0.057592 0.427574 0.058901 0.429319 0.060209 0.429319 0.061518 0.431065 0.060209 0.43281 0.060209 0.434555 0.057592 0.438045 0.057592 0.439791 0.056283 0.441536 0.056283 0.443281 0.053665 0.446771 0.053665 0.448517 0.052356 0.450262 0.053665 0.448517 0.066754 0.448517 0.069372 0.445026 0.070681 0.445026 0.075916 0.452007 0.074607 0.453752 0.070681 0.453752 0.069372 0.455497 0.064136 0.455497 0.062827 0.457243 0.045812 0.457243 0.044503 0.455497 0.031414 0.455497 0.030105 0.453752 0.02356 0.453752 0.022251 0.452007 0.015707 0.452007 0.014398 0.450262 0.014398 0.453752 0.013089 0.455497 0.013089 0.460733 0.01178 0.462478 0.01178 0.467714 0.010471 0.469459 0.010471 0.474695 0.009162 0.47644 0.009162 0.481675 0.010471 0.483421 0.010471 0.490401 0.01178 0.492147 0.01178 0.495637 0.010471 0.497382 0.0 0.497382 0.0 0.549738 0.001309 0.551483 0.006545 0.551483 0.007853 0.553229 0.01178 0.553229 0.013089 0.554974 0.018325 0.554974 0.019634 0.556719 0.027487 0.556719 0.028796 0.554974 0.030105 0.554974 0.031414 0.553229 0.032723 0.553229 0.034031 0.551483 0.03534 0.551483 0.036649 0.549738 0.037958 0.549738 0.039267 0.547993 0.040576 0.547993 0.041885 0.546248 0.043194 0.546248 0.044503 0.544503 0.045812 0.544503 0.045812 0.539267 0.04712 0.537522 0.04712 0.534031 0.048429 0.532286 0.052356 0.532286 0.060209 0.542757 0.081152 0.542757 0.082461 0.544503 0.103403 0.544503 0.104712 0.546248 0.106021 0.544503 0.136126 0.544503 0.138743 0.541012 0.138743 0.539267 0.14267 0.534031 0.14267 0.532286 0.146597 0.527051 0.146597 0.525305 0.149215 0.521815 0.168848 0.521815 0.170157 0.52356 0.170157 0.521815 0.171466 0.52007 0.171466 0.516579 0.172775 0.514834 0.172775 0.513089 0.171466 0.513089 0.170157 0.511344 0.168848 0.511344 0.167539 0.509599 0.16623 0.509599 0.164921 0.507853 0.163613 0.507853 0.160995 0.504363 0.159686 0.504363 0.158377 0.502618 0.157068 0.502618 0.155759 0.500873 0.153141 0.500873 0.151832 0.502618 0.150524 0.502618 0.146597 0.507853 0.145288 0.507853 0.14267 0.511344 0.141361 0.511344 0.137435 0.516579 0.136126 0.516579 0.133508 0.52007 0.123037 0.52007 0.121728 0.518325 0.121728 0.516579 0.123037 0.514834 0.123037 0.513089 0.124346 0.511344 0.124346 0.509599 0.128272 0.504363 0.129581 0.504363 0.137435 0.493892 0.138743 0.493892 0.14267 0.488656 0.124346 0.488656 0.123037 0.486911 0.11911 0.486911 0.117801 0.485166 0.112565 0.485166 0.111257 0.483421 0.112565 0.481675 0.113874 0.481675 0.115183 0.47993 0.116492 0.47993 0.11911 0.47644 0.120419 0.47644 0.121728 0.474695 0.123037 0.474695 0.124346 0.472949 0.125654 0.472949 0.128272 0.469459 0.129581 0.469459 0.13089 0.467714 0.133508 0.471204 0.133508 0.472949 0.134817 0.474695 0.134817 0.47644 0.136126 0.478185 0.136126 0.47993 0.137435 0.478185 0.146597 0.478185 0.146597 0.472949 0.145288 0.471204 0.145288 0.464223 0.146597 0.462478 0.174084 0.462478 0.175393 0.460733 0.180628 0.460733 0.181937 0.458988 0.185864 0.458988 0.187173 0.457243 0.217277 0.457243 0.218586 0.458988 0.218586 0.450262 0.215969 0.446771 0.215969 0.445026 0.212042 0.439791 0.212042 0.438045 0.208115 0.43281 0.208115 0.431065 0.204188 0.425829 0.204188 0.424084 0.200262 0.418848 0.200262 0.417103 0.197644 0.413613 0.196335 0.415358 0.191099 0.415358 0.189791 0.417103 0.184555 0.417103 0.183246 0.418848 0.17801 0.418848 0.175393 0.422339 0.175393 0.424084 0.171466 0.429319 0.167539 0.429319 0.16623 0.427574 0.168848 0.424084 0.168848 0.422339 0.172775 0.417103 0.172775 0.415358 0.175393 0.411867 0.174084 0.411867 0.172775 0.410122 0.171466 0.410122 0.170157 0.408377 0.168848 0.408377 0.167539 0.406632 0.16623 0.406632 0.164921 0.404887 0.163613 0.404887 0.162304 0.403141 0.160995 0.403141 0.159686 0.401396 0.158377 0.403141 0.153141 0.403141 0.151832 0.404887 0.147906 0.404887 0.146597 0.406632 0.136126 0.406632 0.134817 0.404887 0.128272 0.404887 0.126963 0.403141 0.121728 0.403141 0.120419 0.401396 0.120419 0.410122 0.11911 0.411867 0.115183 0.411867 0.113874 0.413613 0.109948 0.413613 0.108639 0.415358 0.103403 0.415358 0.102094 0.417103 0.09555 0.417103 0.094241 0.415358 0.091623 0.415358 0.090314 0.413613 0.089005 0.413613 0.087696 0.411867 0.085079 0.411867 0.082461 0.408377 0.082461 0.406632 0.081152 0.404887 0.081152 0.403141 0.078534 0.399651 0.078534 0.397906 0.077225 0.396161 0.077225 0.394415
0 0.463351 0.382199 0.462042 0.383944 0.460733 0.383944 0.458115 0.387435 0.445026 0.387435 0.443717 0.38918 0.438482 0.38918 0.437173 0.390925 0.431937 0.390925 0.433246 0.39267 0.433246 0.394415 0.434555 0.396161 0.434555 0.397906 0.435864 0.397906 0.437173 0.399651 0.439791 0.399651 0.441099 0.401396 0.445026 0.401396 0.446335 0.403141 0.459424 0.403141 0.460733 0.401396 0.462042 0.403141 0.46466 0.403141 0.465969 0.404887 0.469895 0.404887 0.471204 0.406632 0.473822 0.406632 0.473822 0.404887 0.472513 0.403141 0.472513 0.396161 0.471204 0.394415 0.471204 0.39267 0.468586 0.38918 0.468586 0.387435 0.467277 0.385689 0.467277 0.383944 0.46466 0.383944
0 0.155759 0.361257 0.15445 0.363002 0.150524 0.363002 0.150524 0.368237 0.146597 0.373473 0.147906 0.375218 0.147906 0.376963 0.149215 0.378709 0.15445 0.378709 0.155759 0.376963 0.171466 0.376963 0.172775 0.375218 0.176702 0.375218 0.17801 0.376963 0.17801 0.375218 0.179319 0.373473 0.179319 0.371728 0.180628 0.369983 0.179319 0.369983 0.176702 0.366492 0.175393 0.366492 0.172775 0.363002 0.157068 0.363002
0 0.049738 0.356021 0.048429 0.357766 0.04712 0.357766 0.045812 0.359511 0.044503 0.359511 0.044503 0.363002 0.043194 0.364747 0.043194 0.366492 0.044503 0.368237 0.052356 0.368237 0.053665 0.369983 0.053665 0.368237 0.054974 0.366492 0.054974 0.363002 0.053665 0.361257 0.053665 0.357766 0.051047 0.357766
0 0.195026 0.310646 0.193717 0.312391 0.191099 0.312391 0.191099 0.315881 0.189791 0.317627 0.189791 0.319372 0.191099 0.321117 0.192408 0.321117 0.193717 0.322862 0.195026 0.322862 0.196335 0.324607 0.197644 0.324607 0.198953 0.326353 0.208115 0.326353 0.209424 0.328098 0.210733 0.326353 0.212042 0.326353 0.213351 0.324607 0.222513 0.324607 0.223822 0.326353 0.234293 0.326353 0.235602 0.324607 0.236911 0.324607 0.23822 0.322862 0.240838 0.322862 0.239529 0.322862 0.236911 0.319372 0.235602 0.319372 0.234293 0.317627 0.229058 0.317627 0.227749 0.315881 0.219895 0.315881 0.218586 0.314136 0.217277 0.315881 0.212042 0.315881 0.210733 0.314136 0.209424 0.314136 0.208115 0.312391 0.206806 0.314136 0.198953 0.314136 0.197644 0.312391 0.196335 0.312391
0 0.160995 0.307155 0.160995 0.310646 0.16623 0.310646 0.167539 0.312391 0.172775 0.312391 0.174084 0.314136 0.174084 0.308901 0.172775 0.308901 0.171466 0.307155
0 0.395288 0.300175 0.39267 0.303665 0.391361 0.303665 0.391361 0.307155 0.390052 0.308901 0.390052 0.310646 0.391361 0.310646 0.39267 0.312391 0.395288 0.308901 0.403141 0.308901 0.40445 0.310646 0.41623 0.310646 0.417539 0.312391 0.417539 0.310646 0.418848 0.308901 0.418848 0.307155 0.41623 0.303665 0.408377 0.303665 0.407068 0.30192 0.40445 0.30192 0.403141 0.300175
0 0.044503 0.296684 0.044503 0.300175 0.043194 0.30192 0.043194 0.307155 0.041885 0.308901 0.041885 0.314136 0.040576 0.315881 0.040576 0.317627 0.044503 0.317627 0.045812 0.319372 0.052356 0.319372 0.053665 0.321117 0.057592 0.315881 0.058901 0.315881 0.060209 0.314136 0.060209 0.312391 0.061518 0.310646 0.061518 0.30541 0.062827 0.303665 0.062827 0.30192 0.061518 0.30192 0.060209 0.300175 0.057592 0.300175 0.056283 0.298429 0.054974 0.298429 0.053665 0.296684
0 0.229058 0.294939 0.225131 0.300175 0.227749 0.300175 0.229058 0.30192 0.231675 0.30192 0.232984 0.303665 0.235602 0.303665 0.236911 0.30541 0.239529 0.30541 0.240838 0.307155 0.243455 0.307155 0.244764 0.308901 0.247382 0.308901 0.248691 0.310646 0.26178 0.310646 0.26178 0.30541 0.263089 0.303665 0.263089 0.300175 0.252618 0.300175 0.251309 0.298429 0.242147 0.298429 0.240838 0.296684 0.230366 0.296684
0 0.181937 0.25829 0.181937 0.260035 0.183246 0.26178 0.183246 0.263525 0.184555 0.265271 0.184555 0.267016 0.185864 0.268761 0.185864 0.270506 0.187173 0.272251 0.187173 0.273997 0.188482 0.275742 0.189791 0.275742 0.191099 0.277487 0.192408 0.277487 0.193717 0.279232 0.195026 0.279232 0.196335 0.280977 0.197644 0.280977 0.198953 0.282723 0.200262 0.282723 0.201571 0.284468 0.213351 0.284468 0.21466 0.286213 0.22644 0.286213 0.227749 0.287958 0.23822 0.287958 0.239529 0.289703 0.251309 0.289703 0.252618 0.291449 0.264398 0.291449 0.265707 0.293194 0.267016 0.293194 0.268325 0.294939 0.269634 0.294939 0.272251 0.298429 0.27356 0.298429 0.274869 0.300175 0.291885 0.300175 0.293194 0.30192 0.295812 0.30192 0.29712 0.303665 0.299738 0.303665 0.301047 0.30541 0.306283 0.30541 0.307592 0.303665 0.308901 0.303665 0.310209 0.30192 0.312827 0.30192 0.314136 0.300175 0.315445 0.30192 0.318063 0.30192 0.319372 0.303665 0.320681 0.303665 0.32199 0.30541 0.339005 0.30541 0.339005 0.303665 0.340314 0.30192 0.340314 0.293194 0.339005 0.291449 0.339005 0.289703 0.337696 0.287958 0.337696 0.286213 0.336387 0.284468 0.336387 0.282723 0.335079 0.280977 0.335079 0.277487 0.33377 0.275742 0.33377 0.273997 0.332461 0.272251 0.332461 0.270506 0.331152 0.268761 0.331152 0.267016 0.329843 0.265271 0.329843 0.263525 0.304974 0.263525 0.303665 0.26178 0.277487 0.26178 0.276178 0.260035 0.251309 0.260035 0.25 0.25829
0 0.524869 0.254799 0.524869 0.260035 0.52356 0.26178 0.52356 0.267016 0.544503 0.267016 0.544503 0.263525 0.545812 0.26178 0.545812 0.25829 0.543194 0.25829 0.541885 0.256545 0.539267 0.256545 0.537958 0.254799
0 0.391361 0.212914 0.390052 0.21466 0.387435 0.21466 0.386126 0.216405 0.384817 0.216405 0.383508 0.21815 0.38089 0.21815 0.38089 0.22164 0.379581 0.223386 0.379581 0.225131 0.38089 0.223386 0.393979 0.223386 0.393979 0.22164 0.39267 0.219895 0.39267 0.216405 0.391361 0.21466
0 0.362565 0.212914 0.361257 0.21466 0.359948 0.21466 0.35733 0.21815 0.358639 0.219895 0.358639 0.223386 0.359948 0.223386 0.361257 0.225131 0.36911 0.225131 0.370419 0.223386 0.370419 0.22164 0.371728 0.219895 0.371728 0.21815 0.370419 0.216405 0.370419 0.21466 0.36911 0.212914
0 0.304974 0.202443 0.304974 0.204188 0.303665 0.205934 0.303665 0.211169 0.304974 0.212914 0.306283 0.212914 0.307592 0.21466 0.312827 0.21466 0.312827 0.211169 0.314136 0.209424 0.314136 0.204188 0.310209 0.204188 0.308901 0.202443
0 0.270942 0.195462 0.269634 0.197208 0.269634 0.198953 0.268325 0.200698 0.268325 0.202443 0.27356 0.202443 0.274869 0.204188 0.281414 0.204188 0.282723 0.205934 0.286649 0.205934 0.286649 0.197208 0.280105 0.197208 0.278796 0.195462
1 0.794503 0.900524 0.794503 0.904014 0.793194 0.905759 0.793194 0.907504 0.790576 0.910995 0.790576 0.91274 0.78534 0.919721 0.787958 0.923211 0.787958 0.924956 0.789267 0.926702 0.784031 0.933682 0.782723 0.933682 0.781414 0.935428 0.778796 0.935428 0.777487 0.937173 0.77356 0.937173 0.772251 0.938918 0.772251 0.940663 0.770942 0.942408 0.770942 0.947644 0.769634 0.949389 0.759162 0.949389 0.757853 0.947644 0.756545 0.949389 0.755236 0.949389 0.753927 0.951134 0.751309 0.951134 0.751309 0.958115 0.752618 0.95986 0.752618 0.961606 0.753927 0.963351 0.753927 0.965096 0.756545 0.965096 0.757853 0.966841 0.759162 0.965096 0.763089 0.965096 0.764398 0.963351 0.765707 0.963351 0.767016 0.961606 0.768325 0.961606 0.769634 0.95986 0.770942 0.95986 0.772251 0.958115 0.77356 0.958115 0.774869 0.95637 0.776178 0.95637 0.777487 0.954625 0.780105 0.954625 0.781414 0.95288 0.78534 0.95288 0.786649 0.954625 0.787958 0.954625 0.789267 0.95637 0.794503 0.95637 0.795812 0.958115 0.799738 0.958115 0.801047 0.95986 0.807592 0.95986 0.808901 0.958115 0.827225 0.958115 0.828534 0.95986 0.829843 0.958115 0.841623 0.958115 0.844241 0.954625 0.844241 0.949389 0.842932 0.947644 0.842932 0.942408 0.841623 0.942408 0.839005 0.945899 0.837696 0.945899 0.836387 0.947644 0.835079 0.947644 0.832461 0.951134 0.831152 0.951134 0.828534 0.954625 0.827225 0.954625 0.825916 0.95637 0.824607 0.954625 0.820681 0.954625 0.819372 0.95288 0.820681 0.951134 0.82199 0.951134 0.824607 0.947644 0.825916 0.947644 0.828534 0.944154 0.829843 0.944154 0.832461 0.940663 0.83377 0.940663 0.836387 0.937173 0.837696 0.937173 0.840314 0.933682 0.841623 0.933682 0.844241 0.930192 0.84555 0.930192 0.848168 0.926702 0.849476 0.926702 0.852094 0.923211 0.853403 0.923211 0.856021 0.919721 0.85733 0.919721 0.854712 0.919721 0.853403 0.917976 0.848168 0.917976 0.846859 0.91623 0.842932 0.91623 0.841623 0.914485 0.837696 0.914485 0.836387 0.91274 0.835079 0.91274 0.83377 0.910995 0.831152 0.910995 0.829843 0.90925 0.828534 0.90925 0.827225 0.907504 0.824607 0.907504 0.823298 0.905759 0.819372 0.905759 0.818063 0.904014 0.815445 0.904014 0.814136 0.902269 0.795812 0.902269
1 0.098168 0.897033 0.09555 0.900524 0.09555 0.902269 0.091623 0.907504 0.109948 0.907504 0.109948 0.905759 0.108639 0.904014 0.108639 0.902269 0.10733 0.900524 0.10733 0.898778 0.099476 0.898778
1 0.0 0.551483 0.0 0.572426 0.001309 0.572426 0.002618 0.574171 0.003927 0.574171 0.006545 0.577661 0.007853 0.577661 0.009162 0.579407 0.010471 0.579407 0.01178 0.581152 0.014398 0.581152 0.015707 0.582897 0.019634 0.582897 0.020942 0.584642 0.02356 0.584642 0.024869 0.586387 0.028796 0.586387 0.030105 0.588133 0.032723 0.588133 0.034031 0.589878 0.037958 0.589878 0.039267 0.591623 0.041885 0.591623 0.043194 0.593368 0.04712 0.593368 0.048429 0.595113 0.051047 0.595113 0.052356 0.596859 0.054974 0.596859 0.056283 0.598604 0.060209 0.598604 0.061518 0.600349 0.064136 0.600349 0.065445 0.602094 0.069372 0.602094 0.070681 0.603839 0.073298 0.603839 0.074607 0.605585 0.078534 0.605585 0.079843 0.60733 0.082461 0.60733 0.08377 0.609075 0.087696 0.609075 0.089005 0.61082 0.091623 0.61082 0.092932 0.612565 0.14267 0.612565 0.14267 0.600349 0.143979 0.598604 0.143979 0.588133 0.141361 0.588133 0.140052 0.586387 0.136126 0.586387 0.134817 0.584642 0.132199 0.584642 0.13089 0.582897 0.128272 0.582897 0.126963 0.581152 0.123037 0.581152 0.121728 0.579407 0.11911 0.579407 0.117801 0.577661 0.115183 0.577661 0.113874 0.575916 0.109948 0.575916 0.108639 0.574171 0.106021 0.574171 0.104712 0.572426 0.102094 0.572426 0.100785 0.570681 0.096859 0.570681 0.09555 0.568935 0.092932 0.568935 0.091623 0.56719 0.079843 0.56719 0.078534 0.565445 0.066754 0.565445 0.065445 0.5637 0.052356 0.5637 0.051047 0.561955 0.039267 0.561955 0.037958 0.560209 0.026178 0.560209 0.024869 0.558464 0.019634 0.558464 0.018325 0.556719 0.013089 0.556719 0.01178 0.554974 0.007853 0.554974 0.006545 0.553229 0.001309 0.553229
1 0.157068 0.486911 0.155759 0.488656 0.143979 0.488656 0.138743 0.495637 0.137435 0.495637 0.129581 0.506108 0.128272 0.506108 0.125654 0.509599 0.125654 0.511344 0.124346 0.513089 0.124346 0.514834 0.123037 0.516579 0.123037 0.518325 0.121728 0.52007 0.123037 0.518325 0.133508 0.518325 0.136126 0.514834 0.137435 0.514834 0.141361 0.509599 0.14267 0.509599 0.145288 0.506108 0.146597 0.506108 0.150524 0.500873 0.151832 0.500873 0.15445 0.497382 0.157068 0.497382 0.158377 0.495637 0.159686 0.495637 0.160995 0.493892 0.163613 0.493892 0.162304 0.492147 0.160995 0.492147
1 0.812827 0.404887 0.812827 0.410122 0.820681 0.410122 0.820681 0.406632 0.819372 0.406632 0.818063 0.404887
1 0.41623 0.397906 0.41623 0.399651 0.414921 0.401396 0.414921 0.403141 0.413613 0.404887 0.41623 0.404887 0.417539 0.406632 0.418848 0.406632 0.420157 0.408377 0.425393 0.408377 0.426702 0.410122 0.431937 0.410122 0.433246 0.411867 0.431937 0.413613 0.430628 0.413613 0.429319 0.415358 0.42801 0.415358 0.426702 0.417103 0.425393 0.417103 0.424084 0.418848 0.422775 0.418848 0.421466 0.420593 0.417539 0.420593 0.41623 0.422339 0.413613 0.422339 0.412304 0.424084 0.408377 0.424084 0.408377 0.425829 0.409686 0.427574 0.409686 0.429319 0.414921 0.429319 0.41623 0.431065 0.438482 0.431065 0.439791 0.429319 0.443717 0.429319 0.446335 0.425829 0.447644 0.425829 0.447644 0.418848 0.446335 0.417103 0.446335 0.415358 0.447644 0.413613 0.456806 0.413613 0.458115 0.415358 0.472513 0.415358 0.473822 0.417103 0.475131 0.415358 0.482984 0.415358 0.482984 0.413613 0.484293 0.411867 0.484293 0.410122 0.479058 0.410122 0.477749 0.408377 0.471204 0.408377 0.469895 0.406632 0.465969 0.406632 0.46466 0.404887 0.462042 0.404887 0.460733 0.403141 0.459424 0.404887 0.446335 0.404887 0.445026 0.403141 0.441099 0.403141 0.439791 0.401396 0.437173 0.401396 0.435864 0.399651 0.420157 0.399651 0.418848 0.397906
1 0.680628 0.383944 0.679319 0.385689 0.674084 0.385689 0.672775 0.387435 0.66623 0.387435 0.663613 0.390925 0.662304 0.390925 0.659686 0.394415 0.655759 0.394415 0.65445 0.396161 0.650524 0.396161 0.650524 0.404887 0.651832 0.406632 0.651832 0.410122 0.653141 0.410122 0.65445 0.411867 0.657068 0.411867 0.658377 0.413613 0.659686 0.413613 0.660995 0.415358 0.663613 0.415358 0.664921 0.417103 0.667539 0.417103 0.668848 0.418848 0.671466 0.418848 0.672775 0.420593 0.675393 0.420593 0.676702 0.422339 0.679319 0.422339 0.680628 0.424084 0.681937 0.424084 0.683246 0.425829 0.685864 0.425829 0.687173 0.427574 0.689791 0.427574 0.691099 0.429319 0.693717 0.429319 0.695026 0.431065 0.697644 0.431065 0.698953 0.43281 0.701571 0.43281 0.70288 0.434555 0.705497 0.434555 0.706806 0.4363 0.709424 0.4363 0.710733 0.438045 0.713351 0.438045 0.71466 0.439791 0.717277 0.439791 0.718586 0.441536 0.721204 0.441536 0.722513 0.443281 0.725131 0.443281 0.72644 0.445026 0.729058 0.445026 0.730366 0.446771 0.732984 0.446771 0.734293 0.448517 0.736911 0.448517 0.73822 0.450262 0.747382 0.450262 0.748691 0.452007 0.748691 0.450262 0.75 0.448517 0.75 0.446771 0.751309 0.445026 0.751309 0.443281 0.752618 0.441536 0.752618 0.427574 0.751309 0.425829 0.751309 0.418848 0.748691 0.415358 0.747382 0.415358 0.743455 0.410122 0.740838 0.410122 0.739529 0.408377 0.73822 0.408377 0.736911 0.406632 0.734293 0.406632 0.732984 0.404887 0.731675 0.404887 0.730366 0.403141 0.727749 0.403141 0.72644 0.401396 0.725131 0.401396 0.723822 0.399651 0.722513 0.399651 0.721204 0.397906 0.719895 0.397906 0.718586 0.396161 0.717277 0.396161 0.715969 0.394415 0.71466 0.394415 0.713351 0.39267 0.712042 0.39267 0.709424 0.38918 0.708115 0.38918 0.705497 0.385689 0.692408 0.385689 0.691099 0.383944
1 0.556283 0.380454 0.554974 0.382199 0.552356 0.382199 0.549738 0.385689 0.549738 0.387435 0.551047 0.38918 0.551047 0.394415 0.552356 0.396161 0.552356 0.397906 0.551047 0.399651 0.54712 0.399651 0.545812 0.397906 0.540576 0.397906 0.539267 0.396161 0.534031 0.396161 0.532723 0.394415 0.527487 0.394415 0.526178 0.39267 0.520942 0.39267 0.519634 0.390925 0.519634 0.394415 0.518325 0.396161 0.518325 0.399651 0.519634 0.399651 0.520942 0.401396 0.522251 0.401396 0.52356 0.403141 0.530105 0.403141 0.531414 0.404887 0.536649 0.404887 0.537958 0.406632 0.556283 0.406632 0.561518 0.413613 0.561518 0.415358 0.565445 0.420593 0.565445 0.422339 0.568063 0.425829 0.568063 0.427574 0.570681 0.431065 0.570681 0.43281 0.57199 0.434555 0.57199 0.4363 0.573298 0.438045 0.573298 0.441536 0.574607 0.443281 0.574607 0.446771 0.575916 0.448517 0.575916 0.450262 0.587696 0.450262 0.587696 0.448517 0.589005 0.446771 0.589005 0.441536 0.590314 0.439791 0.589005 0.438045 0.589005 0.434555 0.587696 0.43281 0.587696 0.427574 0.586387 0.425829 0.586387 0.422339 0.585079 0.420593 0.585079 0.418848 0.574607 0.404887 0.574607 0.403141 0.562827 0.387435 0.561518 0.387435
1 0.510471 0.380454 0.509162 0.382199 0.489529 0.382199 0.48822 0.383944 0.468586 0.383944 0.468586 0.385689 0.469895 0.387435 0.469895 0.38918 0.48822 0.38918 0.489529 0.390925 0.507853 0.390925 0.509162 0.39267 0.510471 0.390925 0.510471 0.38918 0.51178 0.387435 0.51178 0.385689 0.510471 0.383944
1 0.399215 0.371728 0.397906 0.373473 0.374346 0.373473 0.373037 0.375218 0.371728 0.375218 0.370419 0.376963 0.36911 0.376963 0.366492 0.380454 0.365183 0.380454 0.365183 0.382199 0.363874 0.383944 0.365183 0.383944 0.366492 0.385689 0.383508 0.385689 0.384817 0.387435 0.386126 0.385689 0.387435 0.385689 0.388743 0.383944 0.390052 0.383944 0.391361 0.382199 0.39267 0.382199 0.393979 0.380454 0.395288 0.380454 0.397906 0.376963 0.399215 0.376963
1 0.553665 0.354276 0.552356 0.356021 0.548429 0.356021 0.54712 0.357766 0.544503 0.357766 0.543194 0.359511 0.541885 0.359511 0.540576 0.361257 0.537958 0.361257 0.537958 0.366492 0.541885 0.366492 0.543194 0.364747 0.556283 0.364747 0.557592 0.366492 0.574607 0.366492 0.575916 0.368237 0.577225 0.366492 0.578534 0.366492 0.578534 0.364747 0.577225 0.363002 0.577225 0.361257 0.565445 0.361257 0.564136 0.359511 0.556283 0.359511 0.553665 0.356021
1 0.319372 0.322862 0.318063 0.324607 0.316754 0.324607 0.315445 0.326353 0.312827 0.326353 0.310209 0.329843 0.304974 0.329843 0.303665 0.331588 0.301047 0.331588 0.298429 0.335079 0.29712 0.335079 0.295812 0.336824 0.295812 0.343805 0.298429 0.343805 0.299738 0.34555 0.301047 0.34555 0.302356 0.347295 0.310209 0.347295 0.311518 0.34904 0.318063 0.34904 0.319372 0.350785 0.327225 0.350785 0.328534 0.352531 0.352094 0.352531 0.353403 0.354276 0.382199 0.354276 0.383508 0.356021 0.391361 0.356021 0.391361 0.342059 0.361257 0.342059 0.359948 0.340314 0.361257 0.338569 0.367801 0.338569 0.367801 0.336824 0.36911 0.335079 0.362565 0.335079 0.361257 0.333333 0.350785 0.333333 0.349476 0.331588 0.34555 0.331588 0.344241 0.329843 0.342932 0.329843 0.341623 0.328098 0.340314 0.328098 0.339005 0.326353 0.337696 0.326353 0.336387 0.324607 0.329843 0.324607 0.328534 0.322862
1 0.424084 0.307155 0.424084 0.308901 0.425393 0.310646 0.425393 0.312391 0.442408 0.312391 0.443717 0.314136 0.455497 0.314136 0.454188 0.314136 0.451571 0.310646 0.448953 0.310646 0.447644 0.308901 0.425393 0.308901
1 0.375654 0.307155 0.374346 0.308901 0.371728 0.308901 0.370419 0.310646 0.361257 0.310646 0.359948 0.308901 0.35733 0.308901 0.35733 0.314136 0.367801 0.314136 0.36911 0.312391 0.373037 0.312391 0.374346 0.310646 0.379581 0.310646 0.378272 0.310646
1 0.341623 0.30192 0.340314 0.303665 0.340314 0.30541 0.339005 0.307155 0.346859 0.317627 0.348168 0.317627 0.352094 0.322862 0.363874 0.322862 0.365183 0.324607 0.375654 0.324607 0.376963 0.326353 0.442408 0.326353 0.443717 0.328098 0.455497 0.328098 0.456806 0.329843 0.468586 0.329843 0.471204 0.333333 0.472513 0.333333 0.475131 0.336824 0.492147 0.336824 0.493455 0.338569 0.510471 0.338569 0.51178 0.340314 0.513089 0.338569 0.515707 0.338569 0.517016 0.336824 0.520942 0.336824 0.522251 0.335079 0.524869 0.335079 0.524869 0.331588 0.526178 0.329843 0.526178 0.324607 0.527487 0.322862 0.527487 0.321117 0.528796 0.319372 0.528796 0.317627 0.532723 0.312391 0.532723 0.310646 0.53534 0.307155 0.531414 0.30192 0.530105 0.303665 0.530105 0.30541 0.528796 0.307155 0.528796 0.308901 0.526178 0.312391 0.526178 0.314136 0.52356 0.317627 0.52356 0.319372 0.519634 0.324607 0.519634 0.326353 0.515707 0.331588 0.482984 0.331588 0.481675 0.329843 0.479058 0.329843 0.477749 0.328098 0.47644 0.328098 0.475131 0.326353 0.472513 0.326353 0.471204 0.324607 0.450262 0.324607 0.448953 0.322862 0.438482 0.322862 0.437173 0.321117 0.42801 0.321117 0.426702 0.319372 0.354712 0.319372
1 0.276178 0.30192 0.274869 0.303665 0.274869 0.30541 0.270942 0.310646 0.263089 0.310646 0.26178 0.312391 0.248691 0.312391 0.25 0.314136 0.25 0.315881 0.251309 0.317627 0.25 0.319372 0.243455 0.319372 0.242147 0.321117 0.242147 0.322862 0.240838 0.324607 0.23822 0.324607 0.236911 0.326353 0.235602 0.326353 0.234293 0.328098 0.232984 0.328098 0.231675 0.329843 0.231675 0.336824 0.234293 0.340314 0.234293 0.342059 0.235602 0.343805 0.236911 0.342059 0.247382 0.342059 0.248691 0.343805 0.244764 0.34904 0.23822 0.34904 0.235602 0.352531 0.222513 0.352531 0.221204 0.350785 0.218586 0.350785 0.217277 0.34904 0.21466 0.34904 0.213351 0.347295 0.210733 0.347295 0.209424 0.34555 0.208115 0.347295 0.204188 0.347295 0.204188 0.34904 0.201571 0.352531 0.200262 0.352531 0.198953 0.354276 0.196335 0.354276 0.189791 0.363002 0.191099 0.364747 0.191099 0.366492 0.192408 0.368237 0.192408 0.369983 0.193717 0.371728 0.193717 0.375218 0.195026 0.376963 0.195026 0.378709 0.196335 0.380454 0.196335 0.382199 0.201571 0.38918 0.205497 0.38918 0.206806 0.390925 0.208115 0.38918 0.208115 0.387435 0.209424 0.385689 0.215969 0.385689 0.217277 0.387435 0.218586 0.385689 0.22644 0.385689 0.22644 0.382199 0.227749 0.380454 0.232984 0.380454 0.234293 0.382199 0.234293 0.385689 0.232984 0.387435 0.232984 0.38918 0.236911 0.394415 0.247382 0.394415 0.248691 0.396161 0.25 0.394415 0.252618 0.394415 0.253927 0.39267 0.259162 0.39267 0.260471 0.394415 0.270942 0.394415 0.272251 0.396161 0.282723 0.396161 0.284031 0.397906 0.284031 0.399651 0.281414 0.403141 0.277487 0.403141 0.276178 0.404887 0.27356 0.404887 0.27356 0.410122 0.272251 0.411867 0.270942 0.411867 0.269634 0.410122 0.260471 0.410122 0.259162 0.408377 0.240838 0.408377 0.239529 0.406632 0.236911 0.406632 0.235602 0.404887 0.232984 0.404887 0.231675 0.403141 0.229058 0.403141 0.227749 0.401396 0.225131 0.401396 0.223822 0.399651 0.219895 0.399651 0.218586 0.397906 0.21466 0.397906 0.213351 0.396161 0.212042 0.397906 0.205497 0.397906 0.205497 0.399651 0.206806 0.401396 0.206806 0.404887 0.210733 0.410122 0.212042 0.410122 0.213351 0.411867 0.215969 0.411867 0.217277 0.413613 0.218586 0.413613 0.219895 0.415358 0.222513 0.415358 0.223822 0.417103 0.22644 0.417103 0.227749 0.418848 0.230366 0.415358 0.248691 0.415358 0.25 0.417103 0.265707 0.417103 0.267016 0.418848 0.270942 0.418848 0.272251 0.420593 0.277487 0.420593 0.278796 0.422339 0.282723 0.422339 0.284031 0.424084 0.28534 0.422339 0.291885 0.422339 0.293194 0.420593 0.331152 0.420593 0.332461 0.422339 0.33377 0.420593 0.336387 0.420593 0.337696 0.418848 0.341623 0.418848 0.342932 0.417103 0.350785 0.417103 0.352094 0.415358 0.361257 0.415358 0.362565 0.413613 0.362565 0.411867 0.363874 0.410122 0.363874 0.408377 0.362565 0.406632 0.362565 0.403141 0.363874 0.401396 0.365183 0.401396 0.367801 0.397906 0.36911 0.397906 0.367801 0.396161 0.367801 0.394415 0.366492 0.39267 0.358639 0.39267 0.353403 0.385689 0.352094 0.385689 0.349476 0.382199 0.339005 0.382199 0.337696 0.380454 0.33377 0.385689 0.327225 0.385689 0.325916 0.383944 0.324607 0.383944 0.32199 0.380454 0.32199 0.373473 0.318063 0.373473 0.316754 0.375218 0.316754 0.376963 0.315445 0.378709 0.315445 0.380454 0.314136 0.382199 0.289267 0.382199 0.286649 0.378709 0.286649 0.376963 0.28534 0.375218 0.28534 0.373473 0.284031 0.371728 0.284031 0.369983 0.281414 0.366492 0.281414 0.364747 0.280105 0.363002 0.280105 0.361257 0.278796 0.359511 0.278796 0.357766 0.276178 0.354276 0.280105 0.34904 0.265707 0.34904 0.257853 0.338569 0.259162 0.336824 0.259162 0.335079 0.260471 0.333333 0.272251 0.333333 0.274869 0.336824 0.274869 0.338569 0.278796 0.343805 0.281414 0.340314 0.282723 0.340314 0.28534 0.336824 0.290576 0.336824 0.289267 0.335079 0.289267 0.333333 0.287958 0.331588 0.287958 0.326353 0.286649 0.324607 0.286649 0.322862 0.287958 0.321117 0.294503 0.321117 0.295812 0.322862 0.301047 0.322862 0.302356 0.321117 0.303665 0.321117 0.304974 0.319372 0.310209 0.319372 0.311518 0.317627 0.319372 0.317627 0.320681 0.315881 0.325916 0.315881 0.325916 0.310646 0.324607 0.308901 0.324607 0.307155 0.32199 0.307155 0.320681 0.30541 0.319372 0.30541 0.318063 0.303665 0.315445 0.303665 0.314136 0.30192 0.312827 0.303665 0.310209 0.303665 0.308901 0.30541 0.307592 0.30541 0.306283 0.307155 0.301047 0.307155 0.299738 0.30541 0.29712 0.30541 0.295812 0.303665 0.293194 0.303665 0.291885 0.30192
1 0.0 0.30192 0.0 0.331588 0.007853 0.331588 0.009162 0.333333 0.017016 0.333333 0.018325 0.335079 0.026178 0.335079 0.027487 0.336824 0.031414 0.336824 0.032723 0.338569 0.036649 0.338569 0.037958 0.340314 0.041885 0.340314 0.043194 0.342059 0.04712 0.342059 0.048429 0.343805 0.052356 0.343805 0.053665 0.34555 0.054974 0.343805 0.056283 0.343805 0.053665 0.343805 0.052356 0.342059 0.049738 0.342059 0.048429 0.340314 0.045812 0.340314 0.044503 0.338569 0.044503 0.336824 0.043194 0.335079 0.044503 0.333333 0.048429 0.333333 0.049738 0.335079 0.054974 0.335079 0.056283 0.336824 0.060209 0.336824 0.061518 0.338569 0.066754 0.338569 0.068063 0.340314 0.069372 0.338569 0.074607 0.338569 0.073298 0.338569 0.07199 0.336824 0.070681 0.336824 0.069372 0.335079 0.068063 0.335079 0.066754 0.333333 0.065445 0.333333 0.064136 0.331588 0.058901 0.331588 0.057592 0.329843 0.052356 0.329843 0.051047 0.328098 0.045812 0.328098 0.044503 0.326353 0.039267 0.326353 0.037958 0.324607 0.032723 0.324607 0.031414 0.322862 0.019634 0.322862 0.018325 0.321117 0.006545 0.321117 0.005236 0.319372 0.005236 0.308901
1 0.638743 0.267016 0.634817 0.272251 0.633508 0.272251 0.632199 0.273997 0.623037 0.273997 0.621728 0.272251 0.613874 0.272251 0.612565 0.270506 0.58377 0.270506 0.582461 0.268761 0.582461 0.273997 0.596859 0.273997 0.598168 0.275742 0.611257 0.275742 0.612565 0.277487 0.615183 0.277487 0.616492 0.279232 0.620419 0.279232 0.621728 0.280977 0.624346 0.280977 0.625654 0.282723 0.634817 0.282723 0.636126 0.284468 0.643979 0.284468 0.645288 0.286213 0.65445 0.286213 0.655759 0.287958 0.655759 0.284468 0.65445 0.282723 0.65445 0.273997 0.653141 0.272251 0.653141 0.268761 0.640052 0.268761
1 0.417539 0.225131 0.41623 0.226876 0.414921 0.226876 0.413613 0.228621 0.412304 0.228621 0.410995 0.230366 0.395288 0.230366 0.395288 0.233857 0.399215 0.233857 0.400524 0.235602 0.405759 0.235602 0.407068 0.237347 0.410995 0.237347 0.412304 0.239092 0.41623 0.239092 0.417539 0.240838 0.420157 0.240838 0.421466 0.242583 0.425393 0.242583 0.426702 0.244328 0.429319 0.244328 0.430628 0.246073 0.434555 0.246073 0.435864 0.247818 0.438482 0.247818 0.439791 0.249564 0.443717 0.249564 0.445026 0.251309 0.447644 0.251309 0.448953 0.253054 0.537958 0.253054 0.539267 0.251309 0.539267 0.249564 0.537958 0.249564 0.536649 0.247818 0.53534 0.247818 0.532723 0.244328 0.531414 0.244328 0.530105 0.242583 0.528796 0.242583 0.527487 0.240838 0.52356 0.246073 0.51178 0.246073 0.510471 0.244328 0.5 0.244328 0.498691 0.242583 0.486911 0.242583 0.485602 0.240838 0.475131 0.240838 0.473822 0.239092 0.469895 0.239092 0.468586 0.237347 0.463351 0.237347 0.462042 0.235602 0.458115 0.235602 0.456806 0.233857 0.45288 0.233857 0.451571 0.232112 0.447644 0.232112 0.446335 0.230366 0.442408 0.230366 0.441099 0.228621 0.439791 0.230366 0.431937 0.230366 0.430628 0.228621 0.429319 0.228621 0.42801 0.226876 0.426702 0.226876 0.425393 0.225131
1 0.349476 0.212914 0.348168 0.21466 0.348168 0.216405 0.34555 0.219895 0.344241 0.21815 0.340314 0.21815 0.339005 0.216405 0.336387 0.216405 0.335079 0.21466 0.331152 0.21466 0.325916 0.22164 0.331152 0.22164 0.332461 0.223386 0.337696 0.223386 0.339005 0.225131 0.359948 0.225131 0.358639 0.225131 0.35733 0.223386 0.35733 0.219895 0.356021 0.21815 0.356021 0.216405 0.354712 0.216405 0.353403 0.21466 0.352094 0.21466 0.350785 0.212914
