0 0.569314 0.694794 0.567968 0.696589 0.566622 0.696589 0.565276 0.698384 0.562584 0.698384 0.562584 0.701975 0.561238 0.70377 0.561238 0.709156 0.559892 0.710952 0.559892 0.712747 0.561238 0.712747 0.562584 0.714542 0.56393 0.714542 0.565276 0.716338 0.566622 0.716338 0.567968 0.718133 0.569314 0.718133 0.570659 0.719928 0.590848 0.719928 0.592194 0.721724 0.592194 0.710952 0.589502 0.707361 0.589502 0.705566 0.58681 0.701975 0.584118 0.701975 0.582773 0.70018 0.578735 0.70018 0.577389 0.698384 0.574697 0.698384 0.573351 0.696589 0.570659 0.696589
0 0.137281 0.545781 0.137281 0.551167 0.135935 0.552962 0.115747 0.552962 0.114401 0.551167 0.114401 0.556553 0.113055 0.558348 0.113055 0.561939 0.145357 0.561939 0.145357 0.560144 0.146703 0.558348 0.146703 0.552962 0.148048 0.551167 0.148048 0.549372 0.144011 0.549372 0.142665 0.547576 0.138627 0.547576
0 0.347241 0.508079 0.347241 0.51167 0.345895 0.513465 0.345895 0.51526 0.363392 0.51526 0.363392 0.513465 0.364738 0.51167 0.376851 0.51167 0.378197 0.513465 0.378197 0.51526 0.379542 0.51526 0.379542 0.513465 0.378197 0.51167 0.378197 0.508079
0 0.156124 0.48833 0.156124 0.493716 0.158816 0.493716 0.160162 0.495512 0.160162 0.491921 0.161507 0.490126 0.161507 0.48833
0 0.590848 0.439856 0.589502 0.441652 0.588156 0.441652 0.58681 0.443447 0.584118 0.443447 0.582773 0.445242 0.581427 0.445242 0.584118 0.448833 0.582773 0.450628 0.581427 0.450628 0.580081 0.452424 0.577389 0.452424 0.576043 0.454219 0.574697 0.454219 0.573351 0.456014 0.570659 0.456014 0.570659 0.459605 0.572005 0.4614 0.572005 0.464991 0.573351 0.463196 0.574697 0.463196 0.576043 0.4614 0.578735 0.4614 0.580081 0.459605 0.592194 0.459605 0.59354 0.4614 0.59354 0.45781 0.594886 0.456014 0.594886 0.450628 0.596231 0.448833 0.594886 0.447038 0.594886 0.445242
0 0.047106 0.427289 0.043069 0.432675 0.041723 0.432675 0.040377 0.43447 0.040377 0.436266 0.041723 0.438061 0.041723 0.439856 0.043069 0.441652 0.043069 0.443447 0.044415 0.445242 0.044415 0.447038 0.04576 0.448833 0.04576 0.450628 0.047106 0.448833 0.051144 0.448833 0.051144 0.447038 0.05249 0.445242 0.05249 0.441652 0.053836 0.439856 0.053836 0.438061 0.055182 0.436266 0.055182 0.43447 0.053836 0.43447 0.051144 0.43088 0.049798 0.43088
0 0.141319 0.391382 0.139973 0.393178 0.138627 0.393178 0.137281 0.394973 0.135935 0.394973 0.133244 0.398564 0.131898 0.398564 0.130552 0.400359 0.129206 0.400359 0.139973 0.400359 0.141319 0.402154 0.152086 0.402154 0.153432 0.40395 0.152086 0.402154 0.15074 0.402154 0.145357 0.394973 0.144011 0.394973
0 0.188425 0.368043 0.187079 0.369838 0.177658 0.369838 0.174966 0.373429 0.17362 0.373429 0.172275 0.375224 0.172275 0.37702 0.17362 0.378815 0.17362 0.38061 0.174966 0.382406 0.174966 0.384201 0.185734 0.384201 0.188425 0.38061 0.189771 0.38061 0.192463 0.37702 0.193809 0.37702 0.191117 0.373429 0.191117 0.371634
0 0.658143 0.348294 0.658143 0.35009 0.656797 0.351885 0.656797 0.35368 0.655451 0.355476 0.655451 0.357271 0.654105 0.359066 0.654105 0.360862 0.652759 0.362657 0.672948 0.362657 0.676985 0.357271 0.678331 0.357271 0.679677 0.355476 0.675639 0.355476 0.674293 0.35368 0.670256 0.35368 0.66891 0.351885 0.664872 0.351885 0.663526 0.35009 0.659489 0.35009
0 0.238223 0.324955 0.236878 0.32675 0.235532 0.32675 0.234186 0.328546 0.23284 0.328546 0.235532 0.332136 0.235532 0.333932 0.236878 0.335727 0.238223 0.333932 0.240915 0.333932 0.240915 0.332136 0.239569 0.330341 0.239569 0.328546 0.238223 0.32675
0 0.013459 0.308797 0.012113 0.310592 0.001346 0.310592 0.0 0.312388 0.0 0.317774 0.006729 0.317774 0.008075 0.315978 0.016151 0.315978 0.017497 0.314183 0.024226 0.314183 0.024226 0.308797
0 0.220727 0.278276 0.220727 0.283662 0.23284 0.283662 0.23284 0.281867 0.234186 0.280072 0.222073 0.280072
0 0.047106 0.278276 0.04576 0.280072 0.044415 0.280072 0.041723 0.283662 0.040377 0.283662 0.039031 0.285458 0.037685 0.285458 0.034993 0.289048 0.030956 0.289048 0.02961 0.287253 0.028264 0.287253 0.026918 0.285458 0.021534 0.285458 0.021534 0.290844 0.020188 0.292639 0.020188 0.29623 0.021534 0.29623 0.02288 0.298025 0.024226 0.298025 0.025572 0.29982 0.026918 0.298025 0.033647 0.298025 0.034993 0.29623 0.043069 0.29623 0.044415 0.294434 0.04576 0.294434 0.047106 0.292639 0.048452 0.292639 0.049798 0.290844 0.051144 0.290844 0.05249 0.289048 0.053836 0.289048 0.053836 0.281867 0.051144 0.281867 0.049798 0.280072 0.048452 0.280072
0 0.372813 0.258528 0.372813 0.271095 0.378197 0.271095 0.378197 0.258528
0 0.020188 0.249551 0.020188 0.254937 0.018843 0.256732 0.018843 0.260323 0.020188 0.258528 0.026918 0.258528 0.028264 0.256732 0.034993 0.256732 0.034993 0.249551
0 0.440108 0.247756 0.438762 0.249551 0.430686 0.249551 0.429341 0.251346 0.429341 0.253142 0.427995 0.254937 0.429341 0.254937 0.432032 0.258528 0.433378 0.258528 0.43607 0.262118 0.445491 0.262118 0.445491 0.258528 0.446837 0.256732 0.446837 0.254937 0.445491 0.253142 0.444145 0.253142
0 0.873486 0.213645 0.87214 0.21544 0.87214 0.217235 0.870794 0.219031 0.870794 0.220826 0.869448 0.222621 0.880215 0.222621 0.881561 0.224417 0.881561 0.220826 0.882907 0.219031 0.882907 0.217235 0.878869 0.217235 0.877524 0.21544 0.874832 0.21544
0 0.409152 0.197487 0.409152 0.201077 0.407806 0.202873 0.407806 0.206463 0.417227 0.206463 0.418573 0.208259 0.418573 0.204668 0.419919 0.202873 0.419919 0.199282 0.410498 0.199282
0 0.246299 0.192101 0.244953 0.193896 0.242261 0.193896 0.240915 0.195691 0.238223 0.195691 0.238223 0.201077 0.236878 0.202873 0.236878 0.206463 0.254374 0.206463 0.254374 0.195691 0.251682 0.195691 0.250336 0.193896 0.247645 0.193896
0 0.263795 0.166966 0.265141 0.168761 0.265141 0.170557 0.266487 0.172352 0.266487 0.174147 0.267833 0.175943 0.267833 0.177738 0.269179 0.175943 0.286676 0.175943 0.286676 0.172352 0.288022 0.170557 0.288022 0.168761 0.265141 0.168761
0 0.088829 0.118492 0.088829 0.122083 0.090175 0.123878 0.090175 0.127469 0.107672 0.127469 0.107672 0.118492
0 0.148048 0.105925 0.148048 0.114901 0.158816 0.114901 0.158816 0.111311 0.15747 0.109515 0.15747 0.105925
1 0.020188 0.983842 0.014805 0.991023 0.013459 0.991023 0.008075 0.998205 0.021534 0.998205 0.02288 0.996409 0.026918 0.996409 0.028264 0.994614 0.030956 0.994614 0.030956 0.992819 0.032301 0.991023 0.032301 0.987433 0.02961 0.987433 0.028264 0.985637 0.024226 0.985637 0.02288 0.983842
1 0.235532 0.938959 0.234186 0.940754 0.231494 0.940754 0.230148 0.942549 0.22611 0.942549 0.227456 0.944345 0.227456 0.94614 0.228802 0.947935 0.230148 0.94614 0.23284 0.94614 0.234186 0.944345 0.236878 0.944345 0.236878 0.942549 0.235532 0.940754
1 0.30821 0.928187 0.306864 0.929982 0.300135 0.929982 0.300135 0.933573 0.298789 0.935368 0.298789 0.937163 0.300135 0.935368 0.317631 0.935368 0.317631 0.933573 0.318977 0.931777 0.314939 0.931777 0.313594 0.929982 0.309556 0.929982
1 0.831763 0.903052 0.830417 0.904847 0.829071 0.904847 0.827725 0.906643 0.82638 0.906643 0.829071 0.910233 0.830417 0.910233 0.835801 0.917415 0.837147 0.915619 0.838493 0.915619 0.837147 0.913824 0.837147 0.912029 0.833109 0.906643 0.833109 0.904847
1 0.0 0.895871 0.0 0.910233 0.001346 0.912029 0.013459 0.912029 0.014805 0.910233 0.014805 0.904847 0.016151 0.903052 0.016151 0.899461 0.012113 0.899461 0.010767 0.897666 0.005384 0.897666 0.004038 0.895871
1 0.74428 0.881508 0.740242 0.886894 0.741588 0.886894 0.74428 0.890485 0.745626 0.890485 0.748318 0.894075 0.749664 0.894075 0.752355 0.897666 0.753701 0.897666 0.756393 0.901257 0.757739 0.899461 0.757739 0.897666 0.759085 0.895871 0.757739 0.894075 0.756393 0.894075 0.753701 0.890485 0.752355 0.890485 0.748318 0.885099 0.746972 0.885099
1 0.938089 0.863555 0.936743 0.86535 0.936743 0.885099 0.935397 0.886894 0.934051 0.885099 0.927322 0.885099 0.925976 0.883303 0.920592 0.883303 0.919246 0.881508 0.912517 0.881508 0.911171 0.879713 0.905787 0.879713 0.905787 0.883303 0.904441 0.885099 0.904441 0.904847 0.905787 0.906643 0.905787 0.908438 0.908479 0.912029 0.908479 0.913824 0.912517 0.91921 0.912517 0.921005 0.913863 0.921005 0.916555 0.917415 0.9179 0.917415 0.9179 0.915619 0.916555 0.913824 0.916555 0.908438 0.915209 0.906643 0.915209 0.903052 0.913863 0.901257 0.913863 0.895871 0.912517 0.894075 0.912517 0.89228 0.913863 0.890485 0.915209 0.89228 0.919246 0.89228 0.920592 0.894075 0.92463 0.894075 0.932705 0.904847 0.934051 0.904847 0.939435 0.912029 0.94751 0.912029 0.948856 0.910233 0.955585 0.910233 0.956931 0.908438 0.965007 0.908438 0.966353 0.906643 0.967699 0.908438 0.971736 0.908438 0.973082 0.910233 0.97712 0.910233 0.978466 0.912029 0.982503 0.912029 0.983849 0.913824 0.987887 0.913824 0.989233 0.915619 0.995962 0.915619 0.997308 0.913824 0.998654 0.913824 0.998654 0.895871 0.997308 0.894075 0.997308 0.89228 0.993271 0.886894 0.993271 0.885099 0.990579 0.885099 0.989233 0.886894 0.986541 0.886894 0.985195 0.888689 0.983849 0.888689 0.982503 0.890485 0.979812 0.890485 0.978466 0.89228 0.97712 0.890485 0.967699 0.890485 0.965007 0.886894 0.963661 0.886894 0.958277 0.879713 0.956931 0.879713 0.95424 0.876122 0.948856 0.876122 0.939435 0.863555
1 0.803499 0.859964 0.802153 0.861759 0.792732 0.861759 0.791386 0.863555 0.791386 0.86535 0.787349 0.870736 0.787349 0.872531 0.786003 0.874327 0.787349 0.876122 0.788694 0.876122 0.791386 0.879713 0.792732 0.879713 0.795424 0.883303 0.810229 0.883303 0.811575 0.885099 0.812921 0.883303 0.812921 0.881508 0.814266 0.879713 0.811575 0.879713 0.810229 0.877917 0.807537 0.877917 0.806191 0.876122 0.803499 0.876122 0.802153 0.874327 0.803499 0.872531 0.803499 0.870736 0.806191 0.867145 0.806191 0.86535 0.807537 0.863555 0.806191 0.863555
1 0.0 0.831239 0.0 0.842011 0.001346 0.843806 0.004038 0.843806 0.005384 0.845601 0.006729 0.845601 0.008075 0.847397 0.010767 0.847397 0.012113 0.849192 0.013459 0.849192 0.014805 0.850987 0.017497 0.850987 0.018843 0.849192 0.018843 0.845601 0.017497 0.843806 0.017497 0.83842 0.016151 0.836625 0.016151 0.833034 0.009421 0.833034 0.008075 0.831239
1 0.619112 0.827648 0.619112 0.829443 0.617766 0.831239 0.617766 0.836625 0.61642 0.83842 0.61642 0.840215 0.619112 0.840215 0.620458 0.842011 0.621803 0.842011 0.623149 0.843806 0.625841 0.843806 0.627187 0.845601 0.627187 0.843806 0.628533 0.842011 0.628533 0.83842 0.629879 0.836625 0.629879 0.834829 0.631225 0.833034 0.631225 0.831239 0.625841 0.831239 0.624495 0.829443 0.620458 0.829443
1 0.600269 0.807899 0.598923 0.809695 0.598923 0.81149 0.597577 0.813285 0.597577 0.815081 0.596231 0.816876 0.604307 0.827648 0.608345 0.822262 0.605653 0.818671 0.605653 0.816876 0.601615 0.81149 0.601615 0.809695
1 0.818304 0.791741 0.818304 0.795332 0.81965 0.797127 0.81965 0.802513 0.820996 0.800718 0.846568 0.800718 0.846568 0.798923 0.845222 0.797127 0.845222 0.793537 0.81965 0.793537
1 0.759085 0.791741 0.759085 0.793537 0.760431 0.795332 0.760431 0.798923 0.761777 0.800718 0.761777 0.802513 0.763122 0.800718 0.769852 0.800718 0.769852 0.791741
1 0.59354 0.770197 0.592194 0.771993 0.590848 0.771993 0.589502 0.773788 0.588156 0.773788 0.606999 0.798923 0.608345 0.797127 0.611036 0.797127 0.606999 0.791741 0.606999 0.789946 0.597577 0.777379 0.597577 0.775583
1 0.220727 0.750449 0.219381 0.752244 0.218035 0.752244 0.216689 0.754039 0.215343 0.754039 0.212651 0.75763 0.211306 0.75763 0.20996 0.759425 0.208614 0.759425 0.207268 0.761221 0.205922 0.761221 0.205922 0.770197 0.207268 0.771993 0.208614 0.771993 0.212651 0.777379 0.213997 0.775583 0.223419 0.775583 0.223419 0.773788 0.224764 0.771993 0.224764 0.768402 0.22611 0.766607 0.22611 0.763016 0.227456 0.761221 0.227456 0.759425
1 0.748318 0.7307 0.746972 0.732496 0.741588 0.732496 0.740242 0.734291 0.734859 0.734291 0.733513 0.736086 0.728129 0.736086 0.725437 0.739677 0.724092 0.739677 0.720054 0.745063 0.718708 0.745063 0.716016 0.748654 0.705249 0.748654 0.703903 0.746858 0.701211 0.746858 0.699865 0.745063 0.697174 0.745063 0.695828 0.743268 0.694482 0.745063 0.693136 0.745063 0.690444 0.748654 0.689098 0.748654 0.686406 0.752244 0.685061 0.752244 0.683715 0.754039 0.678331 0.754039 0.671602 0.763016 0.670256 0.763016 0.666218 0.768402 0.66891 0.771993 0.670256 0.771993 0.675639 0.779174 0.676985 0.779174 0.681023 0.78456 0.682369 0.782765 0.683715 0.782765 0.685061 0.780969 0.686406 0.780969 0.687752 0.779174 0.689098 0.779174 0.690444 0.777379 0.69179 0.777379 0.693136 0.775583 0.716016 0.775583 0.717362 0.777379 0.7214 0.777379 0.722746 0.779174 0.726783 0.779174 0.728129 0.780969 0.728129 0.770197 0.729475 0.768402 0.760431 0.768402 0.761777 0.770197 0.765814 0.770197 0.76716 0.771993 0.771198 0.771993 0.772544 0.773788 0.779273 0.764811 0.780619 0.764811 0.781965 0.766607 0.784657 0.766607 0.786003 0.768402 0.787349 0.768402 0.788694 0.770197 0.79004 0.770197 0.791386 0.771993 0.794078 0.771993 0.795424 0.773788 0.79677 0.773788 0.798116 0.775583 0.799462 0.773788 0.814266 0.773788 0.810229 0.768402 0.810229 0.766607 0.803499 0.75763 0.803499 0.755835 0.800808 0.752244 0.799462 0.754039 0.798116 0.754039 0.79677 0.755835 0.795424 0.755835 0.794078 0.75763 0.791386 0.75763 0.788694 0.754039 0.787349 0.754039 0.786003 0.752244 0.784657 0.752244 0.781965 0.748654 0.780619 0.748654 0.779273 0.746858 0.777927 0.746858 0.775236 0.743268 0.77389 0.743268 0.772544 0.741472 0.769852 0.741472 0.768506 0.739677 0.765814 0.739677 0.764468 0.737882 0.761777 0.737882 0.760431 0.736086 0.757739 0.736086 0.756393 0.734291 0.753701 0.734291 0.752355 0.732496 0.749664 0.732496
1 0.039031 0.709156 0.037685 0.710952 0.037685 0.712747 0.044415 0.712747 0.04576 0.714542 0.053836 0.714542 0.055182 0.716338 0.061911 0.716338 0.067295 0.723519 0.065949 0.725314 0.061911 0.725314 0.060565 0.72711 0.057873 0.72711 0.056528 0.728905 0.05249 0.728905 0.051144 0.7307 0.028264 0.7307 0.026918 0.732496 0.024226 0.732496 0.025572 0.734291 0.025572 0.736086 0.028264 0.739677 0.028264 0.741472 0.02961 0.743268 0.028264 0.745063 0.026918 0.745063 0.025572 0.746858 0.02288 0.746858 0.021534 0.748654 0.020188 0.748654 0.018843 0.750449 0.017497 0.750449 0.016151 0.752244 0.013459 0.752244 0.012113 0.754039 0.010767 0.754039 0.009421 0.755835 0.008075 0.755835 0.006729 0.75763 0.004038 0.75763 0.002692 0.759425 0.001346 0.759425 0.0 0.761221 0.0 0.782765 0.009421 0.782765 0.010767 0.780969 0.018843 0.780969 0.020188 0.779174 0.02288 0.779174 0.024226 0.777379 0.026918 0.777379 0.028264 0.775583 0.030956 0.775583 0.032301 0.773788 0.034993 0.773788 0.036339 0.771993 0.037685 0.773788 0.039031 0.773788 0.041723 0.777379 0.043069 0.777379 0.04576 0.780969 0.047106 0.780969 0.049798 0.777379 0.051144 0.777379 0.055182 0.771993 0.053836 0.770197 0.053836 0.768402 0.05249 0.766607 0.05249 0.764811 0.051144 0.763016 0.051144 0.761221 0.049798 0.759425 0.051144 0.75763 0.069987 0.75763 0.071332 0.755835 0.07537 0.755835 0.07537 0.752244 0.076716 0.750449 0.076716 0.746858 0.078062 0.745063 0.096904 0.745063 0.09825 0.743268 0.099596 0.745063 0.138627 0.745063 0.139973 0.746858 0.139973 0.748654 0.141319 0.750449 0.141319 0.752244 0.142665 0.754039 0.142665 0.755835 0.144011 0.75763 0.144011 0.759425 0.145357 0.761221 0.145357 0.766607 0.144011 0.768402 0.144011 0.770197 0.15074 0.770197 0.152086 0.768402 0.154778 0.771993 0.156124 0.771993 0.158816 0.775583 0.160162 0.775583 0.162853 0.779174 0.164199 0.779174 0.165545 0.780969 0.166891 0.780969 0.168237 0.779174 0.169583 0.779174 0.172275 0.775583 0.17362 0.775583 0.174966 0.773788 0.176312 0.773788 0.177658 0.771993 0.179004 0.771993 0.181696 0.768402 0.183042 0.768402 0.181696 0.768402 0.18035 0.766607 0.179004 0.766607 0.177658 0.764811 0.176312 0.764811 0.174966 0.763016 0.17362 0.763016 0.172275 0.761221 0.170929 0.761221 0.161507 0.748654 0.161507 0.746858 0.15074 0.732496 0.15074 0.7307 0.144011 0.721724 0.144011 0.719928 0.141319 0.716338 0.131898 0.716338 0.130552 0.714542 0.113055 0.714542 0.111709 0.716338 0.103634 0.716338 0.102288 0.718133 0.095559 0.718133 0.094213 0.719928 0.087483 0.719928 0.086137 0.721724 0.084791 0.719928 0.080754 0.719928 0.079408 0.718133 0.076716 0.718133 0.07537 0.716338 0.071332 0.716338 0.069987 0.714542 0.063257 0.714542 0.061911 0.712747 0.055182 0.712747 0.053836 0.710952 0.04576 0.710952 0.044415 0.709156
1 0.247645 0.694794 0.246299 0.696589 0.246299 0.698384 0.244953 0.70018 0.246299 0.701975 0.246299 0.70377 0.247645 0.705566 0.247645 0.707361 0.248991 0.709156 0.248991 0.710952 0.250336 0.709156 0.251682 0.709156 0.253028 0.707361 0.254374 0.707361 0.253028 0.705566 0.253028 0.70377 0.248991 0.698384 0.248991 0.696589
1 0.422611 0.692998 0.422611 0.694794 0.423957 0.696589 0.423957 0.701975 0.425303 0.70377 0.425303 0.707361 0.426649 0.705566 0.429341 0.705566 0.430686 0.70377 0.434724 0.70377 0.434724 0.692998
1 0.786003 0.662478 0.786003 0.67325 0.800808 0.67325 0.802153 0.675045 0.816958 0.675045 0.818304 0.67684 0.81965 0.675045 0.822342 0.675045 0.823688 0.67325 0.82638 0.67325 0.81965 0.664273 0.787349 0.664273
1 0.010767 0.658887 0.009421 0.660682 0.008075 0.660682 0.006729 0.662478 0.004038 0.662478 0.004038 0.666068 0.002692 0.667864 0.002692 0.67325 0.004038 0.675045 0.004038 0.67684 0.005384 0.678636 0.005384 0.680431 0.006729 0.682226 0.006729 0.684022 0.009421 0.684022 0.010767 0.685817 0.012113 0.685817 0.013459 0.687612 0.014805 0.685817 0.017497 0.685817 0.018843 0.684022 0.021534 0.684022 0.021534 0.667864 0.020188 0.667864 0.017497 0.664273 0.016151 0.664273 0.013459 0.660682 0.012113 0.660682
1 0.507402 0.644524 0.507402 0.653501 0.508748 0.651706 0.531629 0.651706 0.532974 0.64991 0.532974 0.648115 0.53432 0.64632 0.508748 0.64632
1 0.690444 0.639138 0.689098 0.640934 0.689098 0.642729 0.687752 0.644524 0.687752 0.64632 0.686406 0.648115 0.687752 0.648115 0.689098 0.64991 0.690444 0.64991 0.69179 0.651706 0.693136 0.651706 0.695828 0.655296 0.697174 0.655296 0.69852 0.657092 0.699865 0.657092 0.701211 0.658887 0.702557 0.658887 0.703903 0.660682 0.705249 0.658887 0.710633 0.658887 0.711978 0.657092 0.716016 0.657092 0.718708 0.660682 0.718708 0.664273 0.720054 0.666068 0.720054 0.667864 0.7214 0.666068 0.746972 0.666068 0.748318 0.664273 0.748318 0.662478 0.751009 0.658887 0.749664 0.658887 0.746972 0.655296 0.745626 0.655296 0.742934 0.651706 0.741588 0.651706 0.738896 0.648115 0.734859 0.648115 0.733513 0.64632 0.728129 0.64632 0.726783 0.644524 0.722746 0.644524 0.7214 0.642729 0.720054 0.644524 0.69852 0.644524 0.697174 0.642729 0.695828 0.642729 0.694482 0.640934 0.69179 0.640934
1 0.702557 0.621185 0.69852 0.626571 0.699865 0.626571 0.701211 0.628366 0.702557 0.628366 0.703903 0.630162 0.705249 0.630162 0.706595 0.631957 0.707941 0.631957 0.709287 0.633752 0.711978 0.630162 0.710633 0.628366 0.709287 0.628366 0.706595 0.624776 0.705249 0.624776
1 0.890983 0.615799 0.890983 0.624776 0.897712 0.624776 0.897712 0.617594 0.892328 0.617594
1 0.803499 0.612208 0.802153 0.614004 0.794078 0.614004 0.794078 0.61939 0.792732 0.621185 0.792732 0.624776 0.794078 0.624776 0.795424 0.626571 0.79677 0.626571 0.799462 0.630162 0.800808 0.630162 0.802153 0.631957 0.808883 0.631957 0.808883 0.630162 0.810229 0.628366 0.810229 0.62298 0.811575 0.621185 0.811575 0.61939 0.810229 0.61939 0.807537 0.615799 0.806191 0.615799
1 0.757739 0.59605 0.757739 0.597846 0.759085 0.599641 0.759085 0.601436 0.760431 0.603232 0.760431 0.605027 0.761777 0.606822 0.761777 0.608618 0.772544 0.608618 0.77389 0.610413 0.783311 0.610413 0.784657 0.612208 0.786003 0.610413 0.794078 0.610413 0.795424 0.608618 0.811575 0.608618 0.811575 0.606822 0.810229 0.605027 0.810229 0.599641 0.808883 0.597846 0.808883 0.59605 0.807537 0.597846 0.777927 0.597846 0.776581 0.59605
1 0.090175 0.588869 0.086137 0.594255 0.084791 0.594255 0.076716 0.605027 0.07537 0.605027 0.072678 0.608618 0.087483 0.608618 0.090175 0.605027 0.091521 0.605027 0.095559 0.599641 0.096904 0.599641 0.100942 0.594255 0.102288 0.594255 0.103634 0.59246 0.09825 0.59246 0.096904 0.590664 0.091521 0.590664
1 0.519515 0.587074 0.51817 0.588869 0.516824 0.588869 0.514132 0.59246 0.512786 0.59246 0.51144 0.594255 0.508748 0.594255 0.506057 0.590664 0.504711 0.590664 0.503365 0.588869 0.497981 0.59605 0.473755 0.59605 0.473755 0.606822 0.472409 0.608618 0.472409 0.617594 0.493943 0.617594 0.495289 0.61939 0.497981 0.61939 0.499327 0.621185 0.503365 0.621185 0.504711 0.62298 0.51144 0.62298 0.512786 0.624776 0.519515 0.624776 0.520861 0.626571 0.537012 0.626571 0.538358 0.628366 0.545087 0.61939 0.547779 0.61939 0.549125 0.621185 0.550471 0.621185 0.551817 0.62298 0.554509 0.62298 0.555855 0.624776 0.557201 0.62298 0.559892 0.62298 0.561238 0.621185 0.565276 0.621185 0.570659 0.614004 0.572005 0.614004 0.574697 0.610413 0.573351 0.608618 0.572005 0.608618 0.567968 0.603232 0.566622 0.605027 0.54105 0.605027 0.539704 0.603232 0.532974 0.603232 0.531629 0.601436 0.526245 0.601436 0.524899 0.599641 0.51817 0.599641 0.516824 0.597846 0.51817 0.59605 0.519515 0.59605 0.520861 0.594255 0.522207 0.594255 0.522207 0.590664
1 0.345895 0.587074 0.344549 0.588869 0.343203 0.588869 0.341857 0.590664 0.339166 0.590664 0.33782 0.59246 0.336474 0.59246 0.336474 0.59605 0.335128 0.597846 0.335128 0.601436 0.332436 0.605027 0.33109 0.605027 0.328398 0.608618 0.327052 0.608618 0.325707 0.610413 0.325707 0.615799 0.327052 0.617594 0.327052 0.624776 0.325707 0.626571 0.325707 0.628366 0.323015 0.631957 0.317631 0.631957 0.316285 0.633752 0.312248 0.633752 0.310902 0.635548 0.305518 0.635548 0.302826 0.639138 0.30148 0.639138 0.298789 0.642729 0.297443 0.642729 0.294751 0.64632 0.293405 0.64632 0.292059 0.648115 0.293405 0.648115 0.294751 0.64991 0.296097 0.64991 0.297443 0.651706 0.298789 0.651706 0.300135 0.653501 0.30148 0.651706 0.302826 0.651706 0.304172 0.64991 0.305518 0.64991 0.30821 0.64632 0.309556 0.64632 0.310902 0.644524 0.312248 0.64632 0.312248 0.660682 0.313594 0.658887 0.328398 0.658887 0.332436 0.653501 0.329744 0.64991 0.328398 0.64991 0.323015 0.642729 0.324361 0.640934 0.325707 0.640934 0.327052 0.639138 0.328398 0.639138 0.329744 0.637343 0.33109 0.637343 0.332436 0.635548 0.333782 0.635548 0.335128 0.633752 0.364738 0.633752 0.366083 0.635548 0.366083 0.633752 0.367429 0.631957 0.367429 0.630162 0.368775 0.628366 0.363392 0.628366 0.362046 0.626571 0.356662 0.626571 0.355316 0.624776 0.351279 0.624776 0.349933 0.62298 0.344549 0.62298 0.33782 0.614004 0.339166 0.612208 0.341857 0.612208 0.343203 0.610413 0.347241 0.610413 0.348587 0.608618 0.351279 0.608618 0.352624 0.606822 0.352624 0.605027 0.355316 0.601436 0.355316 0.599641 0.356662 0.597846 0.356662 0.59605 0.359354 0.59246 0.359354 0.590664 0.3607 0.588869 0.347241 0.588869
1 0.643338 0.583483 0.643338 0.587074 0.641992 0.588869 0.641992 0.590664 0.643338 0.59246 0.644684 0.59246 0.647376 0.59605 0.659489 0.59605 0.660834 0.597846 0.676985 0.597846 0.676985 0.59246 0.674293 0.59246 0.672948 0.590664 0.66891 0.590664 0.667564 0.588869 0.664872 0.588869 0.663526 0.587074 0.654105 0.587074 0.652759 0.585278 0.644684 0.585278
1 0.780619 0.579892 0.780619 0.581688 0.779273 0.583483 0.779273 0.585278 0.787349 0.585278 0.788694 0.587074 0.798116 0.587074 0.799462 0.588869 0.807537 0.588869 0.808883 0.590664 0.808883 0.585278 0.800808 0.585278 0.799462 0.583483 0.791386 0.583483 0.79004 0.581688 0.781965 0.581688
1 0.271871 0.576302 0.270525 0.578097 0.269179 0.578097 0.267833 0.579892 0.265141 0.579892 0.263795 0.581688 0.26245 0.581688 0.263795 0.583483 0.265141 0.583483 0.269179 0.588869 0.273217 0.583483 0.273217 0.581688 0.271871 0.579892
1 0.30821 0.56912 0.306864 0.570916 0.302826 0.570916 0.30148 0.572711 0.297443 0.572711 0.297443 0.574506 0.296097 0.576302 0.296097 0.579892 0.297443 0.581688 0.297443 0.587074 0.312248 0.587074 0.313594 0.588869 0.314939 0.587074 0.316285 0.587074 0.317631 0.585278 0.318977 0.585278 0.320323 0.583483 0.323015 0.583483 0.324361 0.581688 0.325707 0.581688 0.323015 0.578097 0.323015 0.576302 0.320323 0.572711 0.314939 0.572711 0.313594 0.570916 0.309556 0.570916
1 0.506057 0.567325 0.506057 0.578097 0.532974 0.578097 0.53432 0.579892 0.545087 0.579892 0.546433 0.581688 0.557201 0.581688 0.558546 0.583483 0.558546 0.587074 0.557201 0.588869 0.553163 0.588869 0.551817 0.587074 0.546433 0.587074 0.545087 0.585278 0.545087 0.587074 0.543742 0.588869 0.543742 0.59246 0.542396 0.594255 0.542396 0.59605 0.566622 0.59605 0.567968 0.597846 0.569314 0.59605 0.569314 0.594255 0.570659 0.59246 0.570659 0.590664 0.572005 0.588869 0.562584 0.576302 0.557201 0.576302 0.555855 0.574506 0.551817 0.574506 0.550471 0.572711 0.545087 0.572711 0.543742 0.570916 0.539704 0.570916 0.538358 0.56912 0.532974 0.56912 0.531629 0.567325
1 0.588156 0.558348 0.588156 0.563734 0.597577 0.563734 0.597577 0.558348
1 0.411844 0.558348 0.410498 0.560144 0.393001 0.560144 0.393001 0.561939 0.394347 0.563734 0.394347 0.56553 0.395693 0.567325 0.395693 0.570916 0.397039 0.572711 0.397039 0.574506 0.410498 0.574506 0.411844 0.572711 0.414536 0.572711 0.415882 0.570916 0.419919 0.570916 0.415882 0.56553 0.415882 0.563734
1 0.109017 0.558348 0.107672 0.560144 0.103634 0.560144 0.102288 0.561939 0.096904 0.561939 0.095559 0.563734 0.091521 0.563734 0.090175 0.56553 0.084791 0.56553 0.084791 0.574506 0.086137 0.572711 0.109017 0.572711
1 0.053836 0.552962 0.047106 0.561939 0.04576 0.561939 0.039031 0.570916 0.036339 0.570916 0.034993 0.572711 0.032301 0.572711 0.030956 0.574506 0.02961 0.574506 0.028264 0.576302 0.025572 0.576302 0.024226 0.578097 0.021534 0.578097 0.020188 0.579892 0.017497 0.579892 0.017497 0.583483 0.016151 0.585278 0.016151 0.588869 0.024226 0.588869 0.025572 0.587074 0.026918 0.587074 0.028264 0.585278 0.030956 0.585278 0.032301 0.583483 0.033647 0.583483 0.034993 0.581688 0.037685 0.581688 0.039031 0.579892 0.040377 0.579892 0.041723 0.578097 0.04576 0.578097 0.047106 0.579892 0.048452 0.579892 0.049798 0.581688 0.051144 0.579892 0.067295 0.579892 0.074024 0.570916 0.072678 0.56912 0.072678 0.567325 0.071332 0.56553 0.071332 0.563734 0.069987 0.561939 0.069987 0.560144 0.059219 0.560144
1 0.935397 0.5386 0.935397 0.543986 0.959623 0.543986 0.962315 0.547576 0.963661 0.547576 0.969044 0.554758 0.97039 0.554758 0.973082 0.558348 0.974428 0.556553 0.974428 0.554758 0.975774 0.552962 0.974428 0.552962 0.971736 0.549372 0.97039 0.549372 0.967699 0.545781 0.966353 0.545781 0.963661 0.54219 0.950202 0.54219 0.948856 0.540395 0.936743 0.540395
1 0.174966 0.5386 0.17362 0.540395 0.168237 0.540395 0.166891 0.54219 0.161507 0.54219 0.161507 0.547576 0.160162 0.549372 0.160162 0.554758 0.168237 0.554758 0.169583 0.556553 0.169583 0.554758 0.170929 0.552962 0.170929 0.551167 0.172275 0.549372 0.172275 0.545781 0.17362 0.543986 0.17362 0.54219 0.174966 0.540395
1 0.02961 0.531418 0.026918 0.535009 0.025572 0.535009 0.028264 0.5386 0.02961 0.5386 0.034993 0.545781 0.036339 0.545781 0.039031 0.549372 0.043069 0.543986 0.041723 0.54219 0.040377 0.54219 0.037685 0.5386 0.036339 0.5386 0.033647 0.535009 0.032301 0.535009
1 0.912517 0.527828 0.911171 0.529623 0.911171 0.531418 0.908479 0.535009 0.908479 0.536804 0.907133 0.5386 0.915209 0.5386 0.916555 0.540395 0.916555 0.527828
1 0.195155 0.524237 0.195155 0.526032 0.193809 0.527828 0.193809 0.529623 0.192463 0.531418 0.192463 0.535009 0.191117 0.536804 0.191117 0.540395 0.189771 0.54219 0.189771 0.543986 0.188425 0.545781 0.188425 0.547576 0.192463 0.547576 0.193809 0.549372 0.197847 0.549372 0.199192 0.551167 0.201884 0.551167 0.20323 0.552962 0.207268 0.552962 0.208614 0.554758 0.205922 0.558348 0.204576 0.558348 0.201884 0.561939 0.200538 0.561939 0.199192 0.563734 0.199192 0.56553 0.200538 0.567325 0.200538 0.572711 0.201884 0.574506 0.201884 0.576302 0.199192 0.579892 0.197847 0.579892 0.195155 0.583483 0.193809 0.583483 0.189771 0.588869 0.188425 0.588869 0.185734 0.59246 0.184388 0.59246 0.181696 0.59605 0.166891 0.59605 0.165545 0.597846 0.164199 0.597846 0.162853 0.599641 0.161507 0.599641 0.160162 0.601436 0.158816 0.601436 0.156124 0.605027 0.154778 0.605027 0.153432 0.606822 0.152086 0.606822 0.15074 0.608618 0.13459 0.608618 0.133244 0.606822 0.130552 0.606822 0.129206 0.605027 0.12786 0.605027 0.126514 0.603232 0.123822 0.603232 0.122476 0.601436 0.119785 0.605027 0.119785 0.606822 0.115747 0.612208 0.115747 0.614004 0.113055 0.617594 0.123822 0.617594 0.125168 0.61939 0.126514 0.61939 0.12786 0.621185 0.130552 0.621185 0.131898 0.62298 0.130552 0.624776 0.12786 0.624776 0.126514 0.626571 0.123822 0.626571 0.117093 0.635548 0.115747 0.635548 0.110363 0.642729 0.113055 0.64632 0.114401 0.64632 0.118439 0.651706 0.122476 0.64632 0.123822 0.64632 0.129206 0.639138 0.130552 0.639138 0.131898 0.637343 0.15074 0.637343 0.152086 0.639138 0.15074 0.640934 0.145357 0.640934 0.145357 0.642729 0.144011 0.644524 0.144011 0.64632 0.142665 0.648115 0.142665 0.64991 0.144011 0.651706 0.144011 0.653501 0.148048 0.658887 0.148048 0.660682 0.149394 0.662478 0.15074 0.660682 0.152086 0.660682 0.154778 0.657092 0.156124 0.657092 0.149394 0.648115 0.15074 0.64632 0.153432 0.64632 0.154778 0.644524 0.176312 0.644524 0.177658 0.64632 0.176312 0.648115 0.176312 0.64991 0.174966 0.651706 0.174966 0.653501 0.17362 0.655296 0.17362 0.657092 0.174966 0.655296 0.18035 0.655296 0.181696 0.653501 0.185734 0.653501 0.188425 0.657092 0.188425 0.660682 0.189771 0.662478 0.189771 0.666068 0.191117 0.667864 0.191117 0.675045 0.192463 0.67684 0.192463 0.682226 0.193809 0.680431 0.199192 0.680431 0.199192 0.675045 0.200538 0.67325 0.200538 0.669659 0.201884 0.667864 0.204576 0.667864 0.205922 0.666068 0.208614 0.666068 0.20996 0.664273 0.213997 0.664273 0.215343 0.662478 0.220727 0.662478 0.222073 0.664273 0.224764 0.664273 0.22611 0.666068 0.228802 0.666068 0.230148 0.667864 0.23284 0.667864 0.234186 0.669659 0.236878 0.669659 0.238223 0.671454 0.240915 0.671454 0.242261 0.67325 0.243607 0.671454 0.247645 0.671454 0.238223 0.658887 0.238223 0.655296 0.236878 0.653501 0.236878 0.648115 0.235532 0.648115 0.23284 0.644524 0.231494 0.644524 0.228802 0.640934 0.227456 0.642729 0.216689 0.642729 0.215343 0.640934 0.215343 0.639138 0.212651 0.635548 0.212651 0.633752 0.211306 0.631957 0.207268 0.631957 0.205922 0.630162 0.200538 0.630162 0.199192 0.628366 0.195155 0.628366 0.193809 0.626571 0.193809 0.62298 0.192463 0.621185 0.192463 0.615799 0.191117 0.614004 0.191117 0.612208 0.192463 0.610413 0.196501 0.610413 0.197847 0.612208 0.204576 0.612208 0.205922 0.614004 0.211306 0.614004 0.212651 0.615799 0.215343 0.612208 0.215343 0.610413 0.220727 0.603232 0.220727 0.601436 0.223419 0.597846 0.222073 0.59605 0.222073 0.594255 0.220727 0.59246 0.220727 0.590664 0.219381 0.588869 0.219381 0.587074 0.218035 0.585278 0.218035 0.583483 0.220727 0.579892 0.222073 0.579892 0.223419 0.578097 0.239569 0.578097 0.240915 0.576302 0.242261 0.576302 0.243607 0.574506 0.244953 0.574506 0.246299 0.572711 0.248991 0.572711 0.250336 0.570916 0.251682 0.570916 0.253028 0.56912 0.254374 0.56912 0.25572 0.567325 0.259758 0.567325 0.261104 0.56553 0.265141 0.56553 0.266487 0.563734 0.270525 0.563734 0.271871 0.561939 0.277254 0.561939 0.2786 0.560144 0.282638 0.560144 0.283984 0.558348 0.288022 0.558348 0.288022 0.556553 0.289367 0.554758 0.289367 0.551167 0.290713 0.549372 0.290713 0.545781 0.292059 0.543986 0.292059 0.54219 0.289367 0.54219 0.288022 0.540395 0.286676 0.540395 0.28533 0.5386 0.282638 0.5386 0.281292 0.536804 0.279946 0.5386 0.273217 0.5386 0.265141 0.549372 0.253028 0.549372 0.251682 0.547576 0.251682 0.545781 0.253028 0.543986 0.253028 0.540395 0.254374 0.5386 0.254374 0.535009 0.25572 0.533214 0.25572 0.531418 0.251682 0.531418 0.250336 0.529623 0.247645 0.529623 0.246299 0.527828 0.216689 0.527828 0.215343 0.526032 0.196501 0.526032
1 0.695828 0.522442 0.685061 0.536804 0.699865 0.536804 0.701211 0.5386 0.71467 0.5386 0.716016 0.540395 0.716016 0.5386 0.717362 0.536804 0.717362 0.535009 0.718708 0.533214 0.716016 0.533214 0.71467 0.531418 0.711978 0.531418 0.710633 0.529623 0.707941 0.529623 0.706595 0.527828 0.705249 0.527828 0.703903 0.526032 0.701211 0.526032 0.699865 0.524237 0.697174 0.524237
1 0.480485 0.522442 0.479139 0.524237 0.477793 0.524237 0.476447 0.526032 0.473755 0.526032 0.473755 0.527828 0.475101 0.529623 0.475101 0.531418 0.476447 0.533214 0.476447 0.535009 0.477793 0.533214 0.484522 0.533214 0.483176 0.531418 0.483176 0.529623 0.48183 0.527828 0.48183 0.526032 0.480485 0.524237
1 0.772544 0.517056 0.772544 0.520646 0.769852 0.524237 0.764468 0.524237 0.764468 0.526032 0.763122 0.527828 0.763122 0.529623 0.771198 0.529623 0.772544 0.531418 0.776581 0.526032 0.794078 0.526032 0.795424 0.527828 0.795424 0.522442 0.788694 0.522442 0.787349 0.520646 0.781965 0.520646 0.780619 0.518851 0.77389 0.518851
1 0.364738 0.513465 0.364738 0.520646 0.376851 0.520646 0.376851 0.513465
1 0.706595 0.509874 0.706595 0.517056 0.729475 0.517056 0.730821 0.518851 0.734859 0.518851 0.736205 0.520646 0.740242 0.520646 0.741588 0.522442 0.74428 0.522442 0.745626 0.524237 0.749664 0.524237 0.751009 0.526032 0.751009 0.524237 0.752355 0.522442 0.752355 0.520646 0.748318 0.520646 0.746972 0.518851 0.741588 0.518851 0.740242 0.517056 0.736205 0.517056 0.734859 0.51526 0.726783 0.51526 0.725437 0.513465 0.717362 0.513465 0.716016 0.51167 0.707941 0.51167
1 0.30148 0.509874 0.30148 0.51526 0.30821 0.51526 0.30821 0.51167 0.302826 0.51167
1 0.247645 0.502693 0.240915 0.51167 0.259758 0.51167 0.26245 0.51526 0.263795 0.51526 0.266487 0.518851 0.267833 0.518851 0.270525 0.522442 0.271871 0.522442 0.274563 0.526032 0.277254 0.522442 0.277254 0.520646 0.281292 0.51526 0.2786 0.51526 0.277254 0.513465 0.275908 0.513465 0.274563 0.51167 0.271871 0.51167 0.270525 0.509874 0.269179 0.509874 0.267833 0.508079 0.265141 0.508079 0.263795 0.506284 0.257066 0.506284 0.25572 0.504488 0.248991 0.504488
1 0.755047 0.497307 0.755047 0.504488 0.756393 0.502693 0.761777 0.502693 0.761777 0.497307
1 0.457604 0.497307 0.456258 0.499102 0.456258 0.500898 0.454913 0.502693 0.460296 0.502693 0.461642 0.504488 0.46568 0.504488 0.467026 0.506284 0.469717 0.502693 0.467026 0.502693 0.46568 0.500898 0.462988 0.500898 0.461642 0.499102 0.45895 0.499102
1 0.620458 0.495512 0.619112 0.497307 0.602961 0.497307 0.604307 0.497307 0.605653 0.499102 0.606999 0.499102 0.608345 0.500898 0.608345 0.502693 0.606999 0.504488 0.606999 0.506284 0.605653 0.508079 0.606999 0.506284 0.620458 0.506284
1 0.080754 0.495512 0.079408 0.497307 0.078062 0.497307 0.076716 0.499102 0.07537 0.499102 0.074024 0.500898 0.071332 0.500898 0.069987 0.502693 0.057873 0.502693 0.055182 0.506284 0.053836 0.506284 0.051144 0.509874 0.049798 0.509874 0.049798 0.513465 0.051144 0.51526 0.051144 0.518851 0.05249 0.517056 0.056528 0.517056 0.057873 0.51526 0.063257 0.51526 0.064603 0.513465 0.091521 0.513465 0.091521 0.51167 0.092867 0.509874 0.092867 0.508079 0.091521 0.508079 0.090175 0.506284 0.088829 0.506284 0.087483 0.504488 0.086137 0.504488 0.0821 0.499102 0.0821 0.497307
1 0.792732 0.48474 0.792732 0.486535 0.794078 0.48833 0.794078 0.493716 0.795424 0.495512 0.795424 0.499102 0.79677 0.497307 0.812921 0.497307 0.812921 0.495512 0.811575 0.493716 0.811575 0.490126 0.810229 0.490126 0.808883 0.48833 0.806191 0.48833 0.804845 0.486535 0.803499 0.486535 0.802153 0.48474
1 0.188425 0.48474 0.187079 0.486535 0.18035 0.486535 0.181696 0.486535 0.183042 0.48833 0.184388 0.48833 0.187079 0.491921 0.188425 0.491921 0.189771 0.493716 0.191117 0.493716 0.192463 0.495512 0.196501 0.495512 0.197847 0.497307 0.20323 0.497307 0.204576 0.499102 0.208614 0.499102 0.20996 0.500898 0.20996 0.495512 0.207268 0.495512 0.205922 0.493716 0.204576 0.493716 0.20323 0.491921 0.200538 0.491921 0.199192 0.490126 0.196501 0.490126 0.195155 0.48833 0.193809 0.48833 0.192463 0.486535 0.189771 0.486535
1 0.0821 0.475763 0.080754 0.477558 0.069987 0.477558 0.069987 0.482944 0.071332 0.481149 0.083445 0.481149 0.083445 0.479354 0.0821 0.477558
1 0.627187 0.472172 0.627187 0.473968 0.625841 0.475763 0.625841 0.477558 0.640646 0.477558 0.640646 0.472172
1 0.537012 0.470377 0.537012 0.48474 0.543742 0.48474 0.545087 0.486535 0.545087 0.48474 0.546433 0.482944 0.546433 0.481149 0.547779 0.479354 0.547779 0.477558 0.549125 0.475763 0.549125 0.473968 0.550471 0.472172 0.538358 0.472172
1 0.555855 0.468582 0.555855 0.477558 0.56393 0.477558 0.565276 0.479354 0.565276 0.481149 0.569314 0.481149 0.570659 0.482944 0.573351 0.482944 0.574697 0.48474 0.578735 0.48474 0.580081 0.486535 0.580081 0.479354 0.574697 0.479354 0.573351 0.477558 0.567968 0.477558 0.566622 0.475763 0.566622 0.477558 0.565276 0.479354 0.56393 0.477558 0.56393 0.470377 0.557201 0.470377
1 0.948856 0.45781 0.94751 0.459605 0.943472 0.459605 0.942127 0.4614 0.92463 0.4614 0.921938 0.464991 0.920592 0.464991 0.9179 0.468582 0.916555 0.468582 0.913863 0.472172 0.912517 0.472172 0.911171 0.473968 0.909825 0.473968 0.908479 0.475763 0.907133 0.475763 0.905787 0.477558 0.903096 0.477558 0.90175 0.479354 0.900404 0.479354 0.899058 0.481149 0.897712 0.481149 0.896366 0.482944 0.89502 0.482944 0.893674 0.48474 0.892328 0.48474 0.890983 0.486535 0.889637 0.486535 0.888291 0.48833 0.885599 0.48833 0.884253 0.490126 0.882907 0.490126 0.881561 0.491921 0.880215 0.491921 0.878869 0.493716 0.869448 0.493716 0.868102 0.491921 0.861373 0.491921 0.860027 0.490126 0.860027 0.497307 0.862719 0.497307 0.864065 0.499102 0.866756 0.499102 0.868102 0.500898 0.870794 0.500898 0.87214 0.502693 0.874832 0.502693 0.876178 0.504488 0.877524 0.502693 0.889637 0.502693 0.890983 0.500898 0.903096 0.500898 0.904441 0.499102 0.909825 0.499102 0.911171 0.497307 0.916555 0.497307 0.9179 0.495512 0.923284 0.495512 0.92463 0.493716 0.930013 0.493716 0.931359 0.491921 0.936743 0.491921 0.938089 0.490126 0.939435 0.490126 0.940781 0.48833 0.942127 0.48833 0.943472 0.486535 0.946164 0.486535 0.94751 0.48474 0.948856 0.48474 0.950202 0.482944 0.952894 0.482944 0.95424 0.48474 0.956931 0.48474 0.958277 0.486535 0.959623 0.486535 0.960969 0.48833 0.962315 0.48833 0.963661 0.490126 0.965007 0.490126 0.966353 0.491921 0.969044 0.491921 0.97039 0.493716 0.971736 0.493716 0.973082 0.495512 0.974428 0.493716 0.978466 0.493716 0.979812 0.491921 0.985195 0.491921 0.986541 0.490126 0.990579 0.490126 0.990579 0.482944 0.989233 0.481149 0.989233 0.473968 0.978466 0.473968 0.97712 0.472172 0.975774 0.472172 0.974428 0.470377 0.971736 0.470377 0.97039 0.468582 0.969044 0.468582 0.967699 0.466786 0.966353 0.466786 0.965007 0.464991 0.962315 0.464991 0.960969 0.463196 0.958277 0.463196 0.956931 0.4614 0.95424 0.4614 0.952894 0.459605 0.950202 0.459605
1 0.756393 0.450628 0.755047 0.452424 0.755047 0.454219 0.751009 0.459605 0.74428 0.459605 0.742934 0.4614 0.741588 0.4614 0.740242 0.463196 0.738896 0.463196 0.73755 0.464991 0.736205 0.464991 0.734859 0.466786 0.733513 0.466786 0.733513 0.468582 0.734859 0.470377 0.734859 0.473968 0.736205 0.472172 0.738896 0.472172 0.740242 0.470377 0.74428 0.470377 0.745626 0.472172 0.745626 0.473968 0.746972 0.475763 0.746972 0.477558 0.748318 0.479354 0.748318 0.481149 0.749664 0.482944 0.749664 0.48474 0.751009 0.482944 0.753701 0.482944 0.755047 0.481149 0.756393 0.481149 0.757739 0.479354 0.760431 0.479354 0.760431 0.477558 0.759085 0.475763 0.759085 0.472172 0.757739 0.470377 0.757739 0.466786 0.756393 0.464991 0.756393 0.463196 0.757739 0.4614 0.760431 0.4614 0.761777 0.459605 0.764468 0.459605 0.761777 0.456014 0.760431 0.456014
1 0.218035 0.450628 0.216689 0.452424 0.212651 0.452424 0.211306 0.454219 0.205922 0.454219 0.204576 0.456014 0.200538 0.456014 0.199192 0.45781 0.199192 0.459605 0.195155 0.464991 0.195155 0.466786 0.193809 0.468582 0.213997 0.468582 0.215343 0.470377 0.219381 0.470377 0.220727 0.472172 0.223419 0.472172 0.224764 0.473968 0.224764 0.466786 0.22611 0.464991 0.22611 0.45781 0.224764 0.45781 0.222073 0.454219 0.220727 0.454219
1 0.152086 0.445242 0.152086 0.447038 0.153432 0.448833 0.153432 0.450628 0.177658 0.450628 0.179004 0.452424 0.189771 0.452424 0.191117 0.454219 0.191117 0.450628 0.192463 0.448833 0.192463 0.445242
1 0.005384 0.439856 0.005384 0.441652 0.004038 0.443447 0.004038 0.445242 0.002692 0.447038 0.002692 0.450628 0.004038 0.452424 0.004038 0.456014 0.005384 0.454219 0.008075 0.454219 0.009421 0.452424 0.013459 0.452424 0.013459 0.450628 0.014805 0.448833 0.014805 0.447038 0.016151 0.445242 0.013459 0.445242 0.012113 0.443447 0.010767 0.443447 0.009421 0.441652 0.006729 0.441652
1 0.699865 0.438061 0.699865 0.443447 0.711978 0.443447 0.711978 0.438061
1 0.462988 0.436266 0.461642 0.438061 0.460296 0.438061 0.45895 0.439856 0.457604 0.439856 0.456258 0.441652 0.454913 0.441652 0.457604 0.445242 0.45895 0.443447 0.461642 0.443447 0.462988 0.441652 0.467026 0.441652
1 0.107672 0.436266 0.103634 0.441652 0.106326 0.441652 0.107672 0.443447 0.109017 0.443447 0.110363 0.445242 0.113055 0.445242 0.114401 0.447038 0.115747 0.447038 0.117093 0.448833 0.117093 0.447038 0.118439 0.445242 0.118439 0.443447 0.117093 0.443447 0.115747 0.441652 0.114401 0.441652 0.113055 0.439856 0.111709 0.439856 0.110363 0.438061 0.109017 0.438061
1 0.240915 0.43088 0.239569 0.432675 0.239569 0.43447 0.236878 0.438061 0.236878 0.439856 0.235532 0.441652 0.236878 0.439856 0.25572 0.439856 0.261104 0.432675 0.242261 0.432675
1 0.553163 0.429084 0.553163 0.439856 0.554509 0.438061 0.565276 0.438061 0.565276 0.43088 0.554509 0.43088
1 0.839838 0.427289 0.839838 0.43088 0.837147 0.43447 0.788694 0.43447 0.787349 0.436266 0.786003 0.436266 0.784657 0.438061 0.781965 0.438061 0.780619 0.439856 0.779273 0.439856 0.777927 0.441652 0.775236 0.441652 0.77389 0.443447 0.772544 0.443447 0.786003 0.443447 0.787349 0.445242 0.799462 0.445242 0.800808 0.447038 0.802153 0.447038 0.803499 0.448833 0.804845 0.448833 0.807537 0.452424 0.808883 0.452424 0.810229 0.454219 0.845222 0.454219 0.846568 0.452424 0.854643 0.452424 0.855989 0.450628 0.864065 0.450628 0.86541 0.448833 0.876178 0.448833 0.877524 0.450628 0.878869 0.450628 0.880215 0.452424 0.880215 0.45781 0.881561 0.459605 0.881561 0.464991 0.884253 0.464991 0.885599 0.466786 0.885599 0.464991 0.886945 0.463196 0.886945 0.4614 0.888291 0.459605 0.888291 0.456014 0.886945 0.454219 0.886945 0.452424 0.885599 0.450628 0.885599 0.447038 0.884253 0.445242 0.884253 0.443447 0.882907 0.443447 0.880215 0.439856 0.878869 0.439856 0.876178 0.436266 0.874832 0.436266 0.87214 0.432675 0.870794 0.432675 0.868102 0.429084 0.866756 0.429084 0.86541 0.427289
1 0.623149 0.427289 0.619112 0.432675 0.617766 0.432675 0.612382 0.439856 0.612382 0.441652 0.60969 0.445242 0.606999 0.445242 0.605653 0.443447 0.604307 0.443447 0.602961 0.441652 0.600269 0.441652 0.598923 0.439856 0.598923 0.441652 0.597577 0.443447 0.597577 0.445242 0.596231 0.447038 0.597577 0.447038 0.598923 0.448833 0.601615 0.448833 0.602961 0.450628 0.604307 0.450628 0.605653 0.452424 0.611036 0.452424 0.612382 0.454219 0.617766 0.454219 0.619112 0.456014 0.623149 0.456014 0.624495 0.45781 0.629879 0.45781 0.631225 0.459605 0.636608 0.459605 0.637954 0.4614 0.643338 0.4614 0.644684 0.463196 0.650067 0.463196 0.651413 0.464991 0.656797 0.464991 0.658143 0.466786 0.66218 0.466786 0.663526 0.468582 0.66891 0.468582 0.670256 0.470377 0.675639 0.470377 0.676985 0.472172 0.676985 0.468582 0.678331 0.466786 0.678331 0.464991 0.671602 0.456014 0.672948 0.454219 0.672948 0.452424 0.675639 0.448833 0.672948 0.445242 0.671602 0.447038 0.670256 0.447038 0.66891 0.448833 0.652759 0.448833 0.650067 0.445242 0.650067 0.441652 0.648721 0.439856 0.648721 0.438061 0.64603 0.438061 0.644684 0.436266 0.641992 0.436266 0.640646 0.43447 0.636608 0.43447 0.635262 0.432675 0.632571 0.432675 0.631225 0.43088 0.628533 0.43088 0.627187 0.429084 0.624495 0.429084
1 0.012113 0.420108 0.010767 0.421903 0.010767 0.423698 0.009421 0.425494 0.009421 0.427289 0.008075 0.429084 0.024226 0.429084 0.024226 0.420108
1 0.282638 0.416517 0.281292 0.418312 0.277254 0.418312 0.275908 0.420108 0.270525 0.420108 0.270525 0.421903 0.271871 0.423698 0.271871 0.425494 0.273217 0.427289 0.273217 0.429084 0.275908 0.429084 0.277254 0.43088 0.2786 0.43088 0.279946 0.432675 0.282638 0.432675 0.283984 0.43447 0.286676 0.43447 0.288022 0.436266 0.289367 0.436266 0.290713 0.438061 0.293405 0.438061 0.294751 0.439856 0.293405 0.441652 0.292059 0.441652 0.290713 0.443447 0.288022 0.443447 0.286676 0.445242 0.28533 0.445242 0.283984 0.447038 0.275908 0.447038 0.274563 0.448833 0.265141 0.448833 0.263795 0.450628 0.25572 0.450628 0.254374 0.452424 0.253028 0.452424 0.250336 0.456014 0.248991 0.456014 0.250336 0.45781 0.251682 0.45781 0.25572 0.463196 0.257066 0.4614 0.263795 0.4614 0.265141 0.459605 0.270525 0.459605 0.271871 0.45781 0.2786 0.45781 0.279946 0.456014 0.28533 0.456014 0.286676 0.454219 0.293405 0.454219 0.294751 0.452424 0.297443 0.452424 0.298789 0.450628 0.30148 0.450628 0.302826 0.448833 0.305518 0.448833 0.306864 0.447038 0.309556 0.447038 0.310902 0.445242 0.313594 0.445242 0.314939 0.443447 0.317631 0.443447 0.318977 0.441652 0.318977 0.439856 0.321669 0.436266 0.318977 0.436266 0.317631 0.43447 0.314939 0.43447 0.313594 0.432675 0.310902 0.432675 0.309556 0.43088 0.306864 0.43088 0.305518 0.429084 0.304172 0.429084 0.302826 0.427289 0.300135 0.427289 0.298789 0.425494 0.297443 0.425494 0.296097 0.423698 0.293405 0.423698 0.292059 0.421903 0.290713 0.421903 0.289367 0.420108 0.286676 0.420108 0.28533 0.418312 0.283984 0.418312
1 0.189771 0.416517 0.188425 0.418312 0.188425 0.420108 0.185734 0.423698 0.187079 0.425494 0.188425 0.425494 0.191117 0.429084 0.193809 0.425494 0.195155 0.425494 0.192463 0.421903 0.192463 0.420108
1 0.429341 0.412926 0.429341 0.421903 0.430686 0.420108 0.441454 0.420108 0.441454 0.412926
1 0.449529 0.411131 0.448183 0.412926 0.446837 0.412926 0.446837 0.423698 0.448183 0.421903 0.457604 0.421903 0.457604 0.418312 0.456258 0.418312 0.453567 0.414722 0.452221 0.414722
1 0.397039 0.411131 0.397039 0.418312 0.405114 0.418312 0.405114 0.411131
1 0.242261 0.411131 0.242261 0.414722 0.240915 0.416517 0.240915 0.420108 0.25572 0.420108 0.25572 0.416517 0.257066 0.414722 0.257066 0.412926 0.243607 0.412926
1 0.475101 0.409336 0.475101 0.414722 0.48856 0.414722 0.489906 0.416517 0.489906 0.414722 0.48856 0.412926 0.48856 0.409336
1 0.344549 0.405745 0.343203 0.40754 0.341857 0.40754 0.340511 0.409336 0.339166 0.409336 0.33782 0.411131 0.336474 0.411131 0.335128 0.412926 0.333782 0.412926 0.335128 0.412926 0.336474 0.414722 0.33782 0.414722 0.339166 0.416517 0.340511 0.416517 0.341857 0.418312 0.344549 0.418312 0.345895 0.420108 0.349933 0.420108 0.351279 0.421903 0.35397 0.421903 0.355316 0.423698 0.355316 0.427289 0.35397 0.429084 0.35397 0.432675 0.356662 0.432675 0.358008 0.43447 0.3607 0.43447 0.362046 0.436266 0.371467 0.436266 0.374159 0.439856 0.374159 0.441652 0.376851 0.445242 0.376851 0.447038 0.375505 0.448833 0.35397 0.448833 0.352624 0.450628 0.352624 0.452424 0.348587 0.45781 0.341857 0.45781 0.340511 0.459605 0.333782 0.459605 0.33109 0.463196 0.329744 0.463196 0.327052 0.466786 0.325707 0.466786 0.323015 0.470377 0.321669 0.470377 0.320323 0.472172 0.318977 0.472172 0.317631 0.473968 0.314939 0.473968 0.313594 0.475763 0.309556 0.475763 0.30821 0.473968 0.306864 0.473968 0.305518 0.472172 0.300135 0.472172 0.298789 0.470377 0.293405 0.470377 0.292059 0.468582 0.290713 0.470377 0.289367 0.470377 0.288022 0.472172 0.28533 0.472172 0.283984 0.473968 0.282638 0.473968 0.281292 0.475763 0.2786 0.475763 0.277254 0.477558 0.277254 0.479354 0.275908 0.481149 0.275908 0.482944 0.274563 0.48474 0.282638 0.48474 0.283984 0.482944 0.28533 0.482944 0.286676 0.481149 0.289367 0.481149 0.290713 0.479354 0.292059 0.479354 0.293405 0.477558 0.298789 0.477558 0.300135 0.479354 0.302826 0.479354 0.304172 0.481149 0.305518 0.481149 0.306864 0.482944 0.309556 0.482944 0.310902 0.48474 0.312248 0.482944 0.317631 0.482944 0.318977 0.481149 0.325707 0.481149 0.327052 0.479354 0.33109 0.479354 0.332436 0.477558 0.351279 0.477558 0.352624 0.475763 0.371467 0.475763 0.372813 0.473968 0.379542 0.473968 0.380888 0.472172 0.398385 0.472172 0.399731 0.473968 0.410498 0.473968 0.411844 0.475763 0.433378 0.475763 0.434724 0.473968 0.454913 0.473968 0.456258 0.472172 0.460296 0.472172 0.461642 0.470377 0.46568 0.470377 0.467026 0.468582 0.471063 0.468582 0.472409 0.466786 0.480485 0.466786 0.48183 0.464991 0.48856 0.464991 0.489906 0.463196 0.497981 0.463196 0.499327 0.4614 0.500673 0.4614 0.502019 0.459605 0.503365 0.459605 0.504711 0.45781 0.506057 0.45781 0.507402 0.456014 0.510094 0.456014 0.51144 0.454219 0.512786 0.454219 0.514132 0.452424 0.515478 0.452424 0.515478 0.450628 0.514132 0.448833 0.514132 0.445242 0.508748 0.445242 0.507402 0.443447 0.502019 0.443447 0.500673 0.441652 0.499327 0.443447 0.493943 0.443447 0.492598 0.445242 0.487214 0.445242 0.485868 0.447038 0.471063 0.447038 0.469717 0.448833 0.461642 0.448833 0.460296 0.450628 0.450875 0.450628 0.449529 0.452424 0.419919 0.452424 0.418573 0.450628 0.418573 0.448833 0.417227 0.447038 0.417227 0.443447 0.415882 0.441652 0.415882 0.436266 0.414536 0.43447 0.414536 0.43088 0.41319 0.429084 0.41319 0.427289 0.410498 0.427289 0.409152 0.425494 0.40646 0.425494 0.405114 0.423698 0.399731 0.43088 0.391655 0.43088 0.386272 0.423698 0.384926 0.423698 0.378197 0.414722 0.375505 0.414722 0.374159 0.412926 0.372813 0.412926 0.371467 0.411131 0.368775 0.411131 0.367429 0.409336 0.356662 0.409336 0.355316 0.40754 0.345895 0.40754
1 0.032301 0.405745 0.030956 0.40754 0.018843 0.40754 0.018843 0.411131 0.020188 0.412926 0.020188 0.416517 0.040377 0.416517 0.041723 0.418312 0.04576 0.418312 0.047106 0.420108 0.047106 0.418312 0.048452 0.416517 0.048452 0.414722 0.049798 0.412926 0.047106 0.412926 0.04576 0.411131 0.041723 0.411131 0.040377 0.409336 0.037685 0.409336 0.036339 0.40754 0.033647 0.40754
1 0.736205 0.40395 0.726783 0.416517 0.7214 0.416517 0.7214 0.420108 0.720054 0.421903 0.720054 0.423698 0.734859 0.423698 0.736205 0.425494 0.740242 0.420108 0.741588 0.420108 0.748318 0.411131 0.749664 0.411131 0.752355 0.40754 0.745626 0.40754 0.74428 0.405745 0.73755 0.405745
1 0.685061 0.40395 0.682369 0.40754 0.681023 0.40754 0.676985 0.412926 0.675639 0.412926 0.674293 0.414722 0.674293 0.418312 0.675639 0.420108 0.675639 0.425494 0.694482 0.425494 0.695828 0.427289 0.695828 0.416517 0.69179 0.411131 0.690444 0.411131
1 0.211306 0.40395 0.20996 0.405745 0.207268 0.405745 0.205922 0.40754 0.20323 0.40754 0.201884 0.409336 0.199192 0.409336 0.197847 0.411131 0.195155 0.411131 0.196501 0.412926 0.196501 0.414722 0.197847 0.416517 0.197847 0.418312 0.199192 0.420108 0.204576 0.420108 0.205922 0.421903 0.205922 0.420108 0.204576 0.418312 0.204576 0.416517 0.205922 0.414722 0.208614 0.414722 0.20996 0.412926 0.211306 0.412926 0.212651 0.411131 0.215343 0.411131 0.212651 0.40754 0.212651 0.405745
1 0.122476 0.402154 0.121131 0.40395 0.114401 0.40395 0.114401 0.409336 0.113055 0.411131 0.113055 0.414722 0.111709 0.416517 0.110363 0.416517 0.109017 0.418312 0.106326 0.418312 0.10498 0.420108 0.103634 0.420108 0.10498 0.421903 0.10498 0.423698 0.106326 0.425494 0.106326 0.427289 0.113055 0.427289 0.117093 0.421903 0.118439 0.421903 0.122476 0.416517 0.144011 0.416517 0.146703 0.420108 0.146703 0.421903 0.148048 0.423698 0.148048 0.425494 0.15747 0.425494 0.158816 0.427289 0.158816 0.423698 0.156124 0.423698 0.154778 0.421903 0.154778 0.418312 0.156124 0.416517 0.158816 0.416517 0.160162 0.418312 0.162853 0.418312 0.164199 0.420108 0.168237 0.420108 0.169583 0.421903 0.170929 0.420108 0.172275 0.420108 0.17362 0.418312 0.176312 0.418312 0.174966 0.418312 0.17362 0.416517 0.172275 0.416517 0.170929 0.414722 0.169583 0.414722 0.168237 0.412926 0.165545 0.412926 0.164199 0.411131 0.162853 0.411131 0.161507 0.409336 0.160162 0.409336 0.158816 0.40754 0.15747 0.40754 0.156124 0.405745 0.153432 0.405745 0.152086 0.40395 0.141319 0.40395 0.139973 0.402154
1 0.804845 0.400359 0.800808 0.405745 0.800808 0.40754 0.794078 0.416517 0.779273 0.416517 0.777927 0.414722 0.776581 0.414722 0.772544 0.409336 0.771198 0.411131 0.769852 0.411131 0.768506 0.412926 0.76716 0.412926 0.76716 0.427289 0.768506 0.425494 0.803499 0.425494 0.804845 0.423698 0.808883 0.423698 0.810229 0.421903 0.814266 0.421903 0.815612 0.420108 0.81965 0.420108 0.81965 0.416517 0.818304 0.414722 0.818304 0.409336 0.816958 0.40754 0.816958 0.40395 0.811575 0.40395 0.810229 0.402154 0.806191 0.402154
1 0.601615 0.396768 0.600269 0.398564 0.594886 0.398564 0.594886 0.40395 0.59354 0.405745 0.59354 0.40754 0.592194 0.409336 0.578735 0.409336 0.578735 0.412926 0.577389 0.414722 0.577389 0.418312 0.578735 0.416517 0.592194 0.416517 0.59354 0.418312 0.596231 0.418312 0.597577 0.420108 0.600269 0.420108 0.601615 0.421903 0.601615 0.423698 0.600269 0.425494 0.600269 0.427289 0.598923 0.429084 0.598923 0.43088 0.600269 0.429084 0.608345 0.429084 0.60969 0.427289 0.617766 0.427289 0.617766 0.425494 0.619112 0.423698 0.615074 0.418312 0.615074 0.416517 0.608345 0.40754 0.608345 0.405745
1 0.866756 0.391382 0.86541 0.393178 0.861373 0.393178 0.861373 0.398564 0.860027 0.400359 0.860027 0.405745 0.866756 0.405745 0.868102 0.40754 0.869448 0.405745 0.869448 0.40395 0.870794 0.402154 0.870794 0.400359 0.87214 0.398564 0.87214 0.396768 0.873486 0.394973 0.870794 0.394973 0.869448 0.393178 0.868102 0.393178
1 0.059219 0.389587 0.057873 0.391382 0.05249 0.391382 0.05249 0.40395 0.053836 0.402154 0.074024 0.402154 0.074024 0.400359 0.072678 0.398564 0.072678 0.396768 0.071332 0.394973 0.071332 0.393178 0.061911 0.393178
1 0.647376 0.387792 0.644684 0.391382 0.643338 0.391382 0.640646 0.394973 0.6393 0.394973 0.637954 0.396768 0.636608 0.396768 0.635262 0.394973 0.633917 0.394973 0.632571 0.393178 0.631225 0.394973 0.628533 0.394973 0.627187 0.396768 0.624495 0.396768 0.624495 0.400359 0.625841 0.402154 0.625841 0.405745 0.633917 0.405745 0.636608 0.409336 0.6393 0.409336 0.640646 0.411131 0.643338 0.411131 0.644684 0.412926 0.644684 0.409336 0.643338 0.40754 0.643338 0.405745 0.644684 0.40395 0.650067 0.40395 0.651413 0.405745 0.651413 0.412926 0.652759 0.411131 0.660834 0.411131 0.660834 0.394973 0.658143 0.394973 0.656797 0.393178 0.655451 0.393178 0.654105 0.391382 0.651413 0.391382 0.650067 0.389587 0.648721 0.389587
1 0.816958 0.385996 0.815612 0.387792 0.815612 0.389587 0.814266 0.391382 0.814266 0.393178 0.812921 0.394973 0.814266 0.394973 0.815612 0.396768 0.818304 0.396768 0.81965 0.398564 0.820996 0.398564 0.822342 0.400359 0.823688 0.400359 0.825034 0.402154 0.82638 0.400359 0.833109 0.400359 0.833109 0.396768 0.834455 0.394973 0.834455 0.393178 0.831763 0.393178 0.830417 0.391382 0.82638 0.391382 0.825034 0.389587 0.822342 0.389587 0.820996 0.387792 0.818304 0.387792
1 0.0 0.38061 0.0 0.396768 0.006729 0.396768 0.008075 0.394973 0.013459 0.394973 0.014805 0.393178 0.016151 0.394973 0.024226 0.394973 0.025572 0.396768 0.033647 0.396768 0.033647 0.394973 0.034993 0.393178 0.034993 0.391382 0.036339 0.389587 0.036339 0.387792 0.034993 0.387792 0.032301 0.384201 0.030956 0.384201 0.02961 0.382406 0.018843 0.382406 0.017497 0.384201 0.016151 0.382406 0.009421 0.382406 0.008075 0.38061
1 0.911171 0.378815 0.907133 0.384201 0.897712 0.384201 0.896366 0.385996 0.896366 0.387792 0.89502 0.389587 0.897712 0.389587 0.899058 0.391382 0.900404 0.391382 0.90175 0.393178 0.900404 0.394973 0.900404 0.396768 0.897712 0.400359 0.897712 0.402154 0.896366 0.40395 0.899058 0.40395 0.900404 0.405745 0.903096 0.405745 0.904441 0.40754 0.907133 0.40754 0.908479 0.409336 0.911171 0.409336 0.912517 0.411131 0.930013 0.411131 0.930013 0.40754 0.931359 0.405745 0.931359 0.402154 0.927322 0.396768 0.927322 0.394973 0.92463 0.391382 0.927322 0.387792 0.927322 0.385996 0.930013 0.382406 0.921938 0.382406 0.920592 0.38061 0.912517 0.38061
1 0.079408 0.378815 0.078062 0.38061 0.071332 0.38061 0.072678 0.382406 0.072678 0.384201 0.074024 0.385996 0.074024 0.387792 0.07537 0.389587 0.07537 0.391382 0.076716 0.389587 0.084791 0.389587 0.086137 0.387792 0.094213 0.387792 0.095559 0.385996 0.103634 0.385996 0.103634 0.384201 0.102288 0.382406 0.102288 0.38061 0.080754 0.38061
1 0.289367 0.37702 0.288022 0.378815 0.288022 0.38061 0.286676 0.382406 0.312248 0.382406 0.313594 0.384201 0.313594 0.382406 0.312248 0.38061 0.312248 0.37702
1 0.201884 0.37702 0.201884 0.38061 0.200538 0.382406 0.200538 0.384201 0.215343 0.384201 0.215343 0.37702
1 0.528937 0.375224 0.527591 0.37702 0.512786 0.37702 0.51144 0.378815 0.51144 0.38061 0.510094 0.382406 0.510094 0.384201 0.508748 0.385996 0.508748 0.387792 0.507402 0.389587 0.512786 0.396768 0.514132 0.394973 0.519515 0.394973 0.520861 0.393178 0.524899 0.393178 0.526245 0.391382 0.531629 0.391382 0.531629 0.385996 0.532974 0.384201 0.532974 0.38061
1 0.644684 0.371634 0.644684 0.373429 0.64603 0.375224 0.64603 0.37702 0.647376 0.378815 0.647376 0.38061 0.648721 0.378815 0.652759 0.378815 0.654105 0.37702 0.659489 0.37702 0.659489 0.375224 0.658143 0.373429 0.658143 0.371634
1 0.679677 0.366248 0.679677 0.368043 0.678331 0.369838 0.678331 0.371634 0.687752 0.371634 0.689098 0.373429 0.689098 0.369838 0.690444 0.368043 0.690444 0.366248
1 0.602961 0.364452 0.602961 0.369838 0.604307 0.371634 0.604307 0.37702 0.602961 0.378815 0.602961 0.38061 0.601615 0.382406 0.601615 0.384201 0.600269 0.385996 0.600269 0.387792 0.598923 0.389587 0.602961 0.389587 0.604307 0.391382 0.606999 0.391382 0.608345 0.393178 0.60969 0.391382 0.621803 0.391382 0.621803 0.387792 0.620458 0.385996 0.620458 0.38061 0.619112 0.378815 0.619112 0.375224 0.620458 0.373429 0.620458 0.371634 0.623149 0.368043 0.623149 0.366248 0.624495 0.364452
1 0.905787 0.362657 0.903096 0.366248 0.90175 0.366248 0.900404 0.368043 0.90175 0.368043 0.904441 0.371634 0.905787 0.371634 0.908479 0.375224 0.909825 0.373429 0.912517 0.373429 0.908479 0.368043 0.908479 0.366248
1 0.84926 0.362657 0.84926 0.369838 0.850606 0.368043 0.86541 0.368043 0.866756 0.366248 0.881561 0.366248 0.880215 0.364452 0.880215 0.362657
1 0.018843 0.362657 0.016151 0.366248 0.016151 0.368043 0.013459 0.371634 0.020188 0.371634 0.020188 0.369838 0.021534 0.368043 0.021534 0.366248
1 0.415882 0.359066 0.414536 0.360862 0.410498 0.360862 0.402423 0.371634 0.418573 0.371634 0.419919 0.373429 0.421265 0.371634 0.426649 0.371634 0.422611 0.366248 0.421265 0.366248
1 0.041723 0.339318 0.040377 0.341113 0.039031 0.341113 0.036339 0.344704 0.034993 0.344704 0.036339 0.346499 0.036339 0.348294 0.037685 0.35009 0.037685 0.351885 0.039031 0.35368 0.040377 0.351885 0.040377 0.35009 0.041723 0.348294 0.051144 0.348294 0.05249 0.35009 0.056528 0.35009 0.057873 0.351885 0.060565 0.351885 0.061911 0.35368 0.065949 0.35368 0.067295 0.355476 0.079408 0.355476 0.080754 0.35368 0.090175 0.35368 0.091521 0.351885 0.106326 0.351885 0.107672 0.35368 0.114401 0.35368 0.115747 0.355476 0.121131 0.355476 0.122476 0.357271 0.145357 0.357271 0.146703 0.355476 0.148048 0.355476 0.149394 0.35368 0.15074 0.35368 0.15074 0.351885 0.149394 0.35009 0.149394 0.348294 0.13459 0.348294 0.133244 0.346499 0.12786 0.346499 0.126514 0.344704 0.119785 0.344704 0.118439 0.342908 0.113055 0.342908 0.111709 0.341113 0.106326 0.341113 0.10498 0.339318 0.103634 0.341113 0.092867 0.341113 0.091521 0.342908 0.068641 0.342908 0.067295 0.341113 0.057873 0.341113 0.056528 0.339318
1 0.718708 0.337522 0.717362 0.339318 0.717362 0.341113 0.716016 0.342908 0.716016 0.344704 0.71467 0.346499 0.71467 0.348294 0.713324 0.35009 0.713324 0.351885 0.711978 0.35368 0.71467 0.35368 0.716016 0.355476 0.717362 0.355476 0.718708 0.357271 0.720054 0.355476 0.736205 0.355476 0.73755 0.357271 0.740242 0.357271 0.741588 0.359066 0.742934 0.359066 0.74428 0.360862 0.745626 0.360862 0.748318 0.364452 0.749664 0.364452 0.751009 0.366248 0.752355 0.366248 0.753701 0.368043 0.768506 0.368043 0.769852 0.369838 0.768506 0.368043 0.768506 0.366248 0.76716 0.364452 0.76716 0.362657 0.765814 0.360862 0.764468 0.360862 0.761777 0.357271 0.760431 0.357271 0.757739 0.35368 0.756393 0.35368 0.755047 0.351885 0.752355 0.351885 0.751009 0.35009 0.749664 0.35009 0.748318 0.348294 0.746972 0.348294 0.745626 0.346499 0.742934 0.346499 0.741588 0.344704 0.738896 0.344704 0.73755 0.342908 0.734859 0.342908 0.733513 0.341113 0.730821 0.341113 0.729475 0.339318 0.720054 0.339318
1 0.573351 0.308797 0.573351 0.314183 0.574697 0.312388 0.581427 0.312388 0.582773 0.314183 0.584118 0.314183 0.58681 0.317774 0.589502 0.314183 0.590848 0.314183 0.589502 0.314183 0.588156 0.312388 0.58681 0.312388 0.585464 0.310592 0.584118 0.310592 0.582773 0.308797
1 0.838493 0.307002 0.838493 0.308797 0.837147 0.310592 0.837147 0.312388 0.835801 0.314183 0.835801 0.315978 0.846568 0.315978 0.847914 0.317774 0.858681 0.317774 0.860027 0.319569 0.860027 0.317774 0.858681 0.315978 0.858681 0.312388 0.853297 0.312388 0.851952 0.310592 0.846568 0.310592 0.845222 0.308797 0.839838 0.308797
1 0.523553 0.294434 0.522207 0.29623 0.51817 0.29623 0.516824 0.298025 0.512786 0.298025 0.512786 0.29982 0.514132 0.301616 0.514132 0.305206 0.515478 0.303411 0.519515 0.303411 0.520861 0.301616 0.526245 0.301616 0.524899 0.29982 0.524899 0.298025 0.523553 0.29623
1 0.812921 0.280072 0.812921 0.281867 0.811575 0.283662 0.811575 0.285458 0.816958 0.285458 0.818304 0.287253 0.823688 0.287253 0.825034 0.289048 0.830417 0.281867 0.814266 0.281867
1 0.382234 0.280072 0.376851 0.287253 0.375505 0.287253 0.372813 0.290844 0.374159 0.290844 0.375505 0.292639 0.376851 0.292639 0.378197 0.294434 0.379542 0.294434 0.380888 0.29623 0.382234 0.294434 0.38358 0.294434 0.386272 0.290844 0.387618 0.290844 0.388964 0.289048 0.39031 0.289048 0.387618 0.285458 0.386272 0.285458
1 0.298789 0.271095 0.297443 0.27289 0.283984 0.27289 0.283984 0.274686 0.282638 0.276481 0.282638 0.278276 0.281292 0.280072 0.282638 0.278276 0.298789 0.278276
1 0.870794 0.2693 0.869448 0.271095 0.866756 0.271095 0.868102 0.27289 0.868102 0.274686 0.869448 0.276481 0.869448 0.278276 0.873486 0.278276 0.873486 0.276481 0.87214 0.274686 0.87214 0.27289 0.870794 0.271095
1 0.904441 0.245961 0.904441 0.249551 0.905787 0.251346 0.905787 0.254937 0.95424 0.254937 0.955585 0.256732 0.955585 0.251346 0.939435 0.251346 0.938089 0.249551 0.923284 0.249551 0.921938 0.247756 0.905787 0.247756
1 0.422611 0.244165 0.421265 0.245961 0.418573 0.245961 0.418573 0.247756 0.419919 0.249551 0.419919 0.251346 0.421265 0.253142 0.421265 0.254937 0.422611 0.256732 0.422611 0.260323 0.423957 0.262118 0.423957 0.263914 0.425303 0.265709 0.425303 0.267504 0.426649 0.2693 0.426649 0.271095 0.427995 0.2693 0.430686 0.2693 0.430686 0.267504 0.429341 0.265709 0.429341 0.263914 0.427995 0.262118 0.427995 0.260323 0.426649 0.258528 0.426649 0.254937 0.425303 0.253142 0.425303 0.251346 0.423957 0.249551 0.423957 0.247756 0.422611 0.245961
1 0.697174 0.233393 0.697174 0.235189 0.695828 0.236984 0.695828 0.238779 0.694482 0.240575 0.694482 0.24237 0.693136 0.244165 0.693136 0.245961 0.69179 0.247756 0.697174 0.247756 0.69852 0.249551 0.703903 0.249551 0.705249 0.251346 0.709287 0.251346 0.710633 0.253142 0.716016 0.253142 0.717362 0.254937 0.7214 0.254937 0.722746 0.256732 0.725437 0.256732 0.726783 0.258528 0.730821 0.258528 0.732167 0.260323 0.738896 0.251346 0.792732 0.251346 0.794078 0.253142 0.794078 0.245961 0.777927 0.245961 0.776581 0.244165 0.760431 0.244165 0.759085 0.24237 0.746972 0.24237 0.745626 0.240575 0.740242 0.240575 0.738896 0.238779 0.733513 0.238779 0.732167 0.236984 0.728129 0.236984 0.726783 0.235189 0.7214 0.235189 0.720054 0.233393
1 0.647376 0.233393 0.647376 0.236984 0.648721 0.238779 0.648721 0.24237 0.674293 0.24237 0.675639 0.244165 0.675639 0.240575 0.676985 0.238779 0.676985 0.235189 0.648721 0.235189
1 0.382234 0.229803 0.380888 0.231598 0.375505 0.231598 0.374159 0.233393 0.368775 0.233393 0.367429 0.235189 0.362046 0.235189 0.3607 0.236984 0.321669 0.236984 0.320323 0.238779 0.310902 0.238779 0.312248 0.240575 0.312248 0.24237 0.313594 0.244165 0.314939 0.24237 0.348587 0.24237 0.349933 0.244165 0.371467 0.244165 0.371467 0.240575 0.372813 0.238779 0.380888 0.238779 0.380888 0.235189 0.382234 0.233393
1 0.951548 0.204668 0.950202 0.206463 0.946164 0.206463 0.946164 0.210054 0.944818 0.211849 0.944818 0.217235 0.946164 0.217235 0.948856 0.220826 0.950202 0.220826 0.951548 0.222621 0.948856 0.226212 0.948856 0.228007 0.946164 0.231598 0.94751 0.231598 0.948856 0.233393 0.951548 0.233393 0.952894 0.235189 0.95424 0.235189 0.962315 0.224417 0.963661 0.226212 0.981157 0.226212 0.982503 0.228007 0.998654 0.228007 0.998654 0.206463 0.973082 0.206463 0.971736 0.204668
1 0.212651 0.193896 0.211306 0.195691 0.184388 0.195691 0.183042 0.197487 0.156124 0.197487 0.156124 0.202873 0.15747 0.201077 0.184388 0.201077 0.185734 0.199282 0.212651 0.199282
1 0.034993 0.166966 0.034993 0.174147 0.036339 0.175943 0.037685 0.175943 0.041723 0.181329 0.043069 0.179533 0.044415 0.179533 0.04576 0.177738 0.047106 0.177738 0.04576 0.177738 0.043069 0.174147 0.041723 0.174147 0.039031 0.170557 0.037685 0.170557
