0 0.234443 0.816602 0.234443 0.830116 0.241679 0.830116 0.243126 0.832046 0.244573 0.830116 0.244573 0.828185 0.248915 0.822394 0.248915 0.820463 0.251809 0.816602
0 0.209841 0.739382 0.208394 0.741313 0.206946 0.741313 0.205499 0.743243 0.204052 0.743243 0.202605 0.745174 0.201158 0.745174 0.199711 0.747104 0.198263 0.747104 0.196816 0.749035 0.195369 0.749035 0.195369 0.756757 0.193922 0.758687 0.193922 0.772201 0.192475 0.774131 0.192475 0.779923 0.195369 0.779923 0.196816 0.781853 0.199711 0.781853 0.201158 0.783784 0.204052 0.783784 0.205499 0.785714 0.208394 0.785714 0.209841 0.787645 0.212735 0.787645 0.214182 0.789575 0.217077 0.789575 0.218524 0.791506 0.221418 0.791506 0.222865 0.793436 0.22576 0.793436 0.227207 0.795367 0.231548 0.789575 0.231548 0.787645 0.237337 0.779923 0.241679 0.779923 0.243126 0.781853 0.247467 0.781853 0.248915 0.783784 0.250362 0.781853 0.253256 0.781853 0.254703 0.779923 0.257598 0.779923 0.259045 0.777992 0.260492 0.777992 0.261939 0.776062 0.264834 0.776062 0.266281 0.774131 0.269175 0.774131 0.269175 0.766409 0.267728 0.764479 0.267728 0.754826 0.264834 0.754826 0.263386 0.752896 0.260492 0.752896 0.259045 0.750965 0.256151 0.750965 0.254703 0.749035 0.247467 0.749035 0.24602 0.747104 0.238784 0.747104 0.237337 0.745174 0.230101 0.745174 0.228654 0.743243 0.219971 0.743243 0.218524 0.741313 0.211288 0.741313
0 0.667149 0.716216 0.665702 0.718147 0.665702 0.720077 0.662808 0.723938 0.664255 0.723938 0.667149 0.727799 0.668596 0.727799 0.670043 0.72973 0.672938 0.72973 0.674385 0.73166 0.677279 0.73166 0.678726 0.733591 0.681621 0.733591 0.683068 0.735521 0.684515 0.735521 0.685962 0.737452 0.688857 0.737452 0.690304 0.739382 0.693198 0.739382 0.694645 0.741313 0.696093 0.739382 0.696093 0.737452 0.69754 0.735521 0.69754 0.733591 0.698987 0.73166 0.696093 0.73166 0.694645 0.72973 0.693198 0.72973 0.691751 0.727799 0.688857 0.727799 0.68741 0.725869 0.685962 0.725869 0.684515 0.723938 0.681621 0.723938 0.680174 0.722008 0.678726 0.722008 0.677279 0.720077 0.672938 0.720077 0.671491 0.718147 0.668596 0.718147
0 0.332851 0.660232 0.331404 0.662162 0.328509 0.662162 0.327062 0.664093 0.322721 0.664093 0.321274 0.666023 0.318379 0.666023 0.316932 0.667954 0.31259 0.667954 0.316932 0.673745 0.318379 0.671815 0.321274 0.671815 0.322721 0.669884 0.325615 0.669884 0.327062 0.667954 0.331404 0.667954 0.332851 0.666023 0.335745 0.666023 0.334298 0.664093 0.334298 0.662162
0 0.667149 0.648649 0.667149 0.65251 0.665702 0.65444 0.665702 0.658301 0.681621 0.658301 0.678726 0.65444 0.678726 0.65251 0.675832 0.648649
0 0.256151 0.644788 0.254703 0.646718 0.253256 0.646718 0.251809 0.648649 0.250362 0.648649 0.244573 0.656371 0.243126 0.656371 0.238784 0.662162 0.23589 0.662162 0.234443 0.660232 0.231548 0.660232 0.230101 0.658301 0.227207 0.658301 0.22576 0.656371 0.224313 0.656371 0.222865 0.65444 0.219971 0.65444 0.218524 0.65251 0.217077 0.65251 0.21563 0.650579 0.214182 0.650579 0.212735 0.648649 0.211288 0.650579 0.211288 0.65251 0.209841 0.65444 0.218524 0.666023 0.218524 0.667954 0.22576 0.677606 0.227207 0.675676 0.240232 0.675676 0.241679 0.673745 0.243126 0.673745 0.244573 0.671815 0.24602 0.671815 0.247467 0.669884 0.250362 0.669884 0.251809 0.667954 0.253256 0.667954 0.254703 0.666023 0.256151 0.666023 0.257598 0.664093 0.259045 0.664093 0.260492 0.662162 0.263386 0.662162 0.264834 0.660232 0.266281 0.660232 0.260492 0.65251 0.260492 0.650579
0 0.315485 0.633205 0.314038 0.635135 0.31259 0.635135 0.311143 0.637066 0.308249 0.637066 0.309696 0.638996 0.309696 0.640927 0.311143 0.642857 0.311143 0.644788 0.31259 0.646718 0.31259 0.648649 0.318379 0.648649 0.319826 0.650579 0.319826 0.646718 0.322721 0.642857 0.325615 0.642857 0.327062 0.644788 0.331404 0.644788 0.332851 0.646718 0.342981 0.646718 0.335745 0.637066 0.334298 0.637066 0.331404 0.633205
0 0.024602 0.415058 0.023155 0.416988 0.023155 0.418919 0.02026 0.42278 0.021708 0.42278 0.023155 0.42471 0.026049 0.42471 0.027496 0.426641 0.028944 0.426641 0.030391 0.428571 0.033285 0.42471 0.034732 0.42471 0.036179 0.42278 0.031838 0.416988 0.026049 0.416988
0 0.195369 0.413127 0.193922 0.415058 0.188133 0.415058 0.183792 0.420849 0.185239 0.42278 0.185239 0.42471 0.186686 0.426641 0.186686 0.428571 0.188133 0.430502 0.204052 0.430502 0.205499 0.428571 0.209841 0.428571 0.208394 0.426641 0.206946 0.426641 0.205499 0.42471 0.202605 0.42471 0.201158 0.42278 0.198263 0.42278 0.196816 0.420849 0.196816 0.416988 0.195369 0.415058
0 0.079595 0.401544 0.079595 0.411197 0.092619 0.411197 0.092619 0.401544
0 0.765557 0.399614 0.76411 0.401544 0.755427 0.401544 0.755427 0.405405 0.756874 0.407336 0.756874 0.413127 0.76411 0.413127 0.765557 0.415058 0.772793 0.415058 0.77424 0.416988 0.77424 0.418919 0.775687 0.420849 0.775687 0.42471 0.778582 0.42471 0.780029 0.426641 0.808973 0.426641 0.814761 0.418919 0.814761 0.416988 0.813314 0.415058 0.814761 0.413127 0.814761 0.409266 0.813314 0.411197 0.790159 0.411197 0.787265 0.407336 0.787265 0.405405 0.785818 0.403475 0.781476 0.403475 0.780029 0.401544 0.767004 0.401544
0 0.694645 0.372587 0.691751 0.376448 0.690304 0.376448 0.691751 0.376448 0.694645 0.380309 0.696093 0.380309 0.698987 0.38417 0.700434 0.38417 0.703329 0.388031 0.723589 0.388031 0.725036 0.3861 0.726483 0.3861 0.729378 0.382239 0.730825 0.382239 0.729378 0.382239 0.727931 0.380309 0.725036 0.380309 0.723589 0.378378 0.722142 0.378378 0.720695 0.376448 0.714906 0.376448 0.713459 0.374517 0.709117 0.374517 0.70767 0.372587
1 0.131693 0.77027 0.130246 0.772201 0.12301 0.772201 0.121563 0.774131 0.11288 0.774131 0.111433 0.776062 0.104197 0.776062 0.104197 0.777992 0.105644 0.779923 0.105644 0.781853 0.107091 0.783784 0.107091 0.785714 0.108538 0.783784 0.114327 0.783784 0.115774 0.781853 0.121563 0.781853 0.12301 0.779923 0.128799 0.779923 0.128799 0.777992 0.130246 0.776062 0.130246 0.774131 0.131693 0.772201
1 0.626628 0.72973 0.625181 0.73166 0.586107 0.73166 0.58466 0.733591 0.58466 0.735521 0.583213 0.737452 0.58466 0.735521 0.60492 0.735521 0.606368 0.733591 0.628075 0.733591 0.626628 0.73166
1 0.386397 0.569498 0.382055 0.57529 0.380608 0.57529 0.379161 0.57722 0.379161 0.579151 0.380608 0.581081 0.380608 0.586873 0.382055 0.588803 0.382055 0.590734 0.376266 0.598456 0.376266 0.600386 0.370478 0.608108 0.382055 0.608108 0.383502 0.610039 0.393632 0.610039 0.39508 0.611969 0.400868 0.611969 0.402315 0.6139 0.408104 0.6139 0.409551 0.61583 0.41534 0.61583 0.416787 0.617761 0.418234 0.61583 0.457308 0.61583 0.455861 0.6139 0.455861 0.611969 0.454414 0.610039 0.454414 0.608108 0.452967 0.606178 0.450072 0.606178 0.448625 0.604247 0.447178 0.604247 0.445731 0.602317 0.442836 0.602317 0.441389 0.600386 0.439942 0.600386 0.438495 0.598456 0.438495 0.596525 0.437048 0.594595 0.437048 0.592664 0.435601 0.590734 0.435601 0.586873 0.434153 0.584942 0.434153 0.583012 0.426918 0.583012 0.42547 0.584942 0.42547 0.586873 0.422576 0.590734 0.422576 0.592664 0.419682 0.596525 0.419682 0.598456 0.418234 0.600386 0.413893 0.600386 0.412446 0.598456 0.409551 0.598456 0.408104 0.596525 0.406657 0.598456 0.384949 0.598456 0.383502 0.596525 0.384949 0.594595 0.384949 0.592664 0.389291 0.586873 0.389291 0.584942 0.392185 0.581081 0.393632 0.581081 0.396527 0.57722 0.397974 0.57722 0.399421 0.57529 0.400868 0.57529 0.399421 0.57529 0.396527 0.571429 0.39508 0.571429 0.393632 0.569498
1 0.192475 0.550193 0.191027 0.552124 0.182344 0.552124 0.180897 0.554054 0.172214 0.554054 0.162084 0.567568 0.196816 0.567568 0.198263 0.569498 0.219971 0.569498 0.222865 0.573359 0.224313 0.573359 0.22576 0.57529 0.227207 0.57529 0.228654 0.57722 0.230101 0.57722 0.232996 0.581081 0.234443 0.581081 0.23589 0.583012 0.237337 0.583012 0.240232 0.586873 0.241679 0.586873 0.243126 0.588803 0.251809 0.57722 0.247467 0.571429 0.24602 0.571429 0.240232 0.563707 0.234443 0.563707 0.232996 0.561776 0.228654 0.561776 0.227207 0.559846 0.221418 0.559846 0.219971 0.557915 0.214182 0.557915 0.212735 0.555985 0.206946 0.555985 0.205499 0.554054 0.201158 0.554054 0.199711 0.552124 0.193922 0.552124
1 0.798842 0.53861 0.798842 0.540541 0.797395 0.542471 0.797395 0.544402 0.800289 0.544402 0.801737 0.546332 0.803184 0.546332 0.804631 0.548263 0.807525 0.548263 0.808973 0.550193 0.811867 0.550193 0.813314 0.552124 0.816208 0.552124 0.817656 0.554054 0.819103 0.554054 0.82055 0.555985 0.823444 0.555985 0.824891 0.557915 0.861071 0.557915 0.862518 0.559846 0.871201 0.559846 0.872648 0.561776 0.874096 0.559846 0.879884 0.559846 0.881331 0.557915 0.88712 0.557915 0.885673 0.555985 0.885673 0.554054 0.882779 0.550193 0.882779 0.548263 0.879884 0.544402 0.879884 0.542471 0.878437 0.540541 0.859624 0.540541 0.858177 0.53861 0.848046 0.53861 0.846599 0.540541 0.836469 0.540541 0.835022 0.542471 0.833575 0.542471 0.832127 0.544402 0.83068 0.544402 0.829233 0.546332 0.814761 0.546332 0.813314 0.544402 0.81042 0.544402 0.808973 0.542471 0.804631 0.542471 0.803184 0.540541 0.800289 0.540541
1 0.11288 0.42278 0.111433 0.42471 0.105644 0.42471 0.104197 0.426641 0.10275 0.426641 0.101302 0.428571 0.099855 0.428571 0.099855 0.432432 0.107091 0.432432 0.108538 0.434363 0.108538 0.436293 0.109986 0.438224 0.109986 0.442085 0.114327 0.442085 0.115774 0.444015 0.117221 0.442085 0.120116 0.442085 0.121563 0.440154 0.12301 0.440154 0.124457 0.438224 0.127352 0.438224 0.127352 0.432432 0.128799 0.430502 0.128799 0.426641 0.121563 0.426641 0.120116 0.42471 0.114327 0.42471
1 0.232996 0.407336 0.231548 0.409266 0.230101 0.409266 0.228654 0.411197 0.227207 0.411197 0.22576 0.413127 0.206946 0.413127 0.205499 0.411197 0.204052 0.413127 0.196816 0.413127 0.196816 0.415058 0.198263 0.416988 0.198263 0.420849 0.201158 0.420849 0.202605 0.42278 0.205499 0.42278 0.206946 0.42471 0.208394 0.42471 0.209841 0.426641 0.211288 0.426641 0.212735 0.428571 0.212735 0.430502 0.214182 0.432432 0.214182 0.436293 0.218524 0.436293 0.219971 0.438224 0.230101 0.438224 0.234443 0.432432 0.234443 0.430502 0.23589 0.428571 0.23589 0.42471 0.238784 0.420849 0.257598 0.420849 0.259045 0.42278 0.259045 0.420849 0.260492 0.418919 0.256151 0.418919 0.254703 0.416988 0.248915 0.416988 0.247467 0.415058 0.243126 0.415058 0.241679 0.413127 0.240232 0.413127 0.238784 0.411197 0.237337 0.411197 0.23589 0.409266 0.234443 0.409266
1 0.011577 0.405405 0.01013 0.407336 0.005789 0.407336 0.004342 0.409266 0.001447 0.409266 0.0 0.411197 0.0 0.453668 0.01013 0.453668 0.011577 0.451737 0.013025 0.453668 0.017366 0.453668 0.018813 0.455598 0.024602 0.455598 0.026049 0.457529 0.031838 0.457529 0.034732 0.453668 0.036179 0.453668 0.039074 0.449807 0.044863 0.449807 0.04631 0.447876 0.050651 0.447876 0.053546 0.444015 0.053546 0.442085 0.054993 0.440154 0.053546 0.440154 0.052098 0.438224 0.049204 0.438224 0.047757 0.436293 0.04631 0.436293 0.044863 0.434363 0.041968 0.434363 0.040521 0.432432 0.039074 0.432432 0.037627 0.430502 0.039074 0.428571 0.060781 0.428571 0.062229 0.426641 0.065123 0.426641 0.062229 0.426641 0.060781 0.42471 0.057887 0.42471 0.05644 0.42278 0.049204 0.42278 0.047757 0.420849 0.040521 0.420849 0.039074 0.418919 0.039074 0.415058 0.037627 0.413127 0.037627 0.411197 0.036179 0.409266 0.034732 0.409266 0.033285 0.407336 0.024602 0.407336 0.023155 0.405405
1 0.846599 0.403475 0.845152 0.405405 0.845152 0.407336 0.842258 0.411197 0.84081 0.411197 0.839363 0.409266 0.837916 0.409266 0.836469 0.407336 0.835022 0.407336 0.833575 0.405405 0.832127 0.407336 0.819103 0.407336 0.817656 0.409266 0.817656 0.411197 0.814761 0.415058 0.819103 0.420849 0.850941 0.420849 0.852388 0.42278 0.852388 0.418919 0.853835 0.416988 0.853835 0.411197 0.855282 0.409266 0.855282 0.405405 0.848046 0.405405
1 0.617945 0.403475 0.616498 0.405405 0.615051 0.405405 0.613603 0.407336 0.612156 0.407336 0.610709 0.409266 0.609262 0.409266 0.607815 0.411197 0.606368 0.411197 0.60492 0.413127 0.600579 0.413127 0.599132 0.415058 0.593343 0.415058 0.597685 0.415058 0.599132 0.416988 0.603473 0.416988 0.60492 0.418919 0.607815 0.418919 0.609262 0.420849 0.613603 0.420849 0.615051 0.42278 0.613603 0.42471 0.606368 0.42471 0.60492 0.426641 0.597685 0.426641 0.596237 0.428571 0.589001 0.428571 0.589001 0.430502 0.590449 0.432432 0.590449 0.436293 0.628075 0.436293 0.629522 0.434363 0.632417 0.434363 0.633864 0.432432 0.635311 0.432432 0.636758 0.430502 0.639653 0.430502 0.6411 0.428571 0.643994 0.428571 0.645441 0.426641 0.648336 0.426641 0.649783 0.42471 0.65123 0.42471 0.652677 0.42278 0.655572 0.42278 0.657019 0.420849 0.659913 0.420849 0.655572 0.420849 0.654124 0.418919 0.65123 0.418919 0.649783 0.416988 0.645441 0.416988 0.643994 0.415058 0.6411 0.415058 0.639653 0.413127 0.628075 0.413127 0.626628 0.411197 0.625181 0.411197 0.622287 0.407336 0.620839 0.407336
1 0.677279 0.393822 0.675832 0.395753 0.674385 0.395753 0.671491 0.399614 0.670043 0.399614 0.668596 0.401544 0.657019 0.401544 0.658466 0.403475 0.658466 0.405405 0.659913 0.407336 0.667149 0.407336 0.668596 0.409266 0.670043 0.407336 0.690304 0.407336 0.690304 0.403475 0.691751 0.401544 0.691751 0.399614 0.688857 0.399614 0.68741 0.397683 0.683068 0.397683 0.681621 0.395753 0.678726 0.395753
1 0.299566 0.391892 0.295224 0.397683 0.293777 0.397683 0.290883 0.401544 0.286541 0.401544 0.285094 0.403475 0.280753 0.403475 0.280753 0.405405 0.2822 0.407336 0.2822 0.411197 0.280753 0.413127 0.280753 0.415058 0.279305 0.416988 0.279305 0.418919 0.277858 0.420849 0.277858 0.42278 0.276411 0.42471 0.295224 0.42471 0.295224 0.420849 0.296671 0.418919 0.296671 0.409266 0.298119 0.407336 0.311143 0.407336 0.31259 0.405405 0.324168 0.405405 0.325615 0.403475 0.337192 0.403475 0.337192 0.399614 0.33864 0.397683 0.33864 0.395753 0.308249 0.395753 0.306802 0.393822 0.301013 0.393822
1 0.777135 0.38417 0.775687 0.3861 0.769899 0.3861 0.769899 0.391892 0.785818 0.391892 0.787265 0.393822 0.790159 0.389961 0.790159 0.388031 0.788712 0.3861 0.788712 0.38417
1 0.512301 0.38417 0.510854 0.3861 0.510854 0.388031 0.506512 0.393822 0.500724 0.393822 0.499276 0.395753 0.464544 0.395753 0.463097 0.393822 0.460203 0.393822 0.458755 0.391892 0.455861 0.391892 0.454414 0.389961 0.448625 0.397683 0.447178 0.397683 0.442836 0.403475 0.421129 0.403475 0.416787 0.409266 0.416787 0.411197 0.410999 0.418919 0.422576 0.418919 0.431259 0.430502 0.432706 0.430502 0.434153 0.432432 0.435601 0.432432 0.437048 0.434363 0.438495 0.432432 0.465991 0.432432 0.467438 0.434363 0.470333 0.434363 0.47178 0.436293 0.473227 0.434363 0.480463 0.434363 0.48191 0.432432 0.489146 0.432432 0.490593 0.430502 0.509407 0.430502 0.510854 0.432432 0.513748 0.432432 0.515195 0.434363 0.51809 0.434363 0.519537 0.436293 0.520984 0.434363 0.525326 0.434363 0.526773 0.432432 0.532562 0.432432 0.534009 0.430502 0.53835 0.430502 0.539797 0.428571 0.542692 0.428571 0.544139 0.426641 0.54848 0.426641 0.547033 0.426641 0.544139 0.42278 0.542692 0.42278 0.541245 0.420849 0.541245 0.418919 0.539797 0.416988 0.539797 0.413127 0.541245 0.411197 0.54848 0.411197 0.549928 0.409266 0.557164 0.409266 0.549928 0.399614 0.549928 0.397683 0.54848 0.395753 0.54848 0.393822 0.53835 0.393822 0.535456 0.389961 0.535456 0.388031 0.531114 0.388031 0.529667 0.3861 0.526773 0.3861 0.525326 0.38417
1 0.188133 0.34556 0.185239 0.349421 0.183792 0.349421 0.180897 0.353282 0.17945 0.353282 0.172214 0.362934 0.178003 0.362934 0.17945 0.361004 0.191027 0.361004 0.192475 0.362934 0.199711 0.362934 0.201158 0.364865 0.202605 0.362934 0.208394 0.362934 0.206946 0.361004 0.206946 0.359073 0.202605 0.353282 0.201158 0.353282 0.196816 0.34749 0.18958 0.34749
