0 0.650456 0.360324 0.647416 0.364372 0.635258 0.364372 0.635258 0.384615 0.638298 0.380567 0.665653 0.380567 0.665653 0.37247 0.668693 0.368421 0.668693 0.364372 0.653495 0.364372
0 0.844985 0.352227 0.838906 0.360324 0.902736 0.360324 0.905775 0.364372 0.905775 0.360324 0.902736 0.356275 0.902736 0.352227
1 0.428571 0.939271 0.425532 0.94332 0.425532 0.947368 0.422492 0.951417 0.422492 0.955466 0.419453 0.959514 0.419453 0.963563 0.428571 0.963563 0.431611 0.967611 0.443769 0.967611 0.446809 0.97166 0.458967 0.97166 0.462006 0.975709 0.477204 0.975709 0.480243 0.979757 0.483283 0.979757 0.486322 0.983806 0.489362 0.983806 0.492401 0.987854 0.495441 0.987854 0.49848 0.991903 0.50152 0.991903 0.504559 0.995951 0.541033 0.995951 0.541033 0.991903 0.537994 0.987854 0.537994 0.983806 0.534954 0.979757 0.534954 0.975709 0.531915 0.97166 0.531915 0.967611 0.528875 0.963563 0.525836 0.963563 0.522796 0.959514 0.519757 0.959514 0.513678 0.951417 0.510638 0.951417 0.507599 0.947368 0.504559 0.947368 0.50152 0.94332 0.49848 0.94332 0.495441 0.939271
1 0.103343 0.894737 0.103343 0.898785 0.100304 0.902834 0.100304 0.906883 0.097264 0.910931 0.130699 0.910931 0.133739 0.91498 0.145897 0.898785 0.106383 0.898785
1 0.410334 0.712551 0.407295 0.716599 0.364742 0.716599 0.364742 0.724696 0.367781 0.720648 0.410334 0.720648
1 0.820669 0.534413 0.817629 0.538462 0.805471 0.538462 0.802432 0.54251 0.790274 0.54251 0.787234 0.546559 0.775076 0.546559 0.778116 0.546559 0.781155 0.550607 0.784195 0.550607 0.787234 0.554656 0.790274 0.550607 0.832827 0.550607 0.835866 0.546559 0.848024 0.546559 0.851064 0.550607 0.854103 0.550607 0.857143 0.554656 0.860182 0.554656 0.863222 0.558704 0.866261 0.558704 0.869301 0.562753 0.87234 0.562753 0.87538 0.566802 0.878419 0.566802 0.881459 0.57085 0.884498 0.57085 0.887538 0.574899 0.893617 0.566802 0.896657 0.566802 0.899696 0.562753 0.890578 0.550607 0.893617 0.546559 0.899696 0.546559 0.902736 0.550607 0.914894 0.550607 0.917933 0.554656 0.917933 0.550607 0.920973 0.546559 0.920973 0.54251 0.924012 0.538462 0.87234 0.538462 0.869301 0.534413
1 0.629179 0.522267 0.62614 0.526316 0.6231 0.526316 0.620061 0.530364 0.617021 0.530364 0.617021 0.534413 0.613982 0.538462 0.613982 0.54251 0.620061 0.54251 0.6231 0.546559 0.62614 0.546559 0.629179 0.550607 0.632219 0.546559 0.641337 0.546559 0.644377 0.54251 0.653495 0.54251 0.653495 0.522267
1 0.729483 0.510121 0.726444 0.51417 0.708207 0.51417 0.705167 0.518219 0.68693 0.518219 0.68693 0.538462 0.68997 0.54251 0.68997 0.546559 0.693009 0.550607 0.693009 0.554656 0.696049 0.558704 0.696049 0.562753 0.714286 0.562753 0.717325 0.566802 0.717325 0.562753 0.720365 0.558704 0.720365 0.554656 0.723404 0.550607 0.714286 0.538462 0.717325 0.534413 0.744681 0.534413 0.744681 0.518219 0.738602 0.518219 0.735562 0.51417 0.732523 0.51417
1 0.243161 0.510121 0.240122 0.51417 0.237082 0.51417 0.234043 0.518219 0.231003 0.518219 0.227964 0.522267 0.224924 0.522267 0.218845 0.530364 0.215805 0.530364 0.212766 0.534413 0.209726 0.534413 0.206687 0.538462 0.203647 0.538462 0.209726 0.546559 0.209726 0.550607 0.212766 0.554656 0.215805 0.550607 0.218845 0.550607 0.221884 0.546559 0.224924 0.546559 0.227964 0.54251 0.231003 0.54251 0.234043 0.538462 0.240122 0.538462 0.243161 0.534413 0.246201 0.534413 0.24924 0.530364 0.25228 0.530364 0.24924 0.526316 0.24924 0.522267 0.246201 0.518219 0.246201 0.51417
1 0.483283 0.502024 0.480243 0.506073 0.455927 0.506073 0.455927 0.526316 0.458967 0.530364 0.462006 0.530364 0.468085 0.538462 0.471125 0.534413 0.474164 0.534413 0.477204 0.530364 0.483283 0.530364
1 0.082067 0.461538 0.082067 0.465587 0.085106 0.469636 0.085106 0.473684 0.106383 0.473684 0.106383 0.461538
1 0.705167 0.417004 0.705167 0.421053 0.708207 0.425101 0.708207 0.42915 0.723404 0.42915 0.723404 0.417004
1 0.790274 0.412955 0.790274 0.425101 0.808511 0.425101 0.808511 0.412955
1 0.74772 0.412955 0.74772 0.425101 0.765957 0.425101 0.765957 0.412955
1 0.656535 0.412955 0.656535 0.425101 0.680851 0.425101 0.680851 0.412955
1 0.914894 0.408907 0.917933 0.412955 0.917933 0.417004 0.942249 0.417004 0.942249 0.408907
1 0.844985 0.404858 0.841945 0.408907 0.826748 0.408907 0.826748 0.417004 0.829787 0.412955 0.844985 0.412955
1 0.583587 0.404858 0.580547 0.408907 0.56231 0.408907 0.56231 0.417004 0.56535 0.412955 0.583587 0.412955
1 0.559271 0.384615 0.56231 0.388664 0.56231 0.392713 0.56535 0.396761 0.56535 0.40081 0.568389 0.396761 0.571429 0.396761 0.574468 0.392713 0.580547 0.392713 0.580547 0.384615
1 0.744681 0.380567 0.738602 0.388664 0.735562 0.388664 0.738602 0.392713 0.738602 0.396761 0.741641 0.40081 0.74772 0.392713 0.75076 0.392713 0.753799 0.388664 0.75076 0.388664
1 0.68997 0.380567 0.68997 0.384615 0.693009 0.388664 0.693009 0.392713 0.705167 0.392713 0.705167 0.380567
1 0.826748 0.34413 0.823708 0.348178 0.796353 0.348178 0.796353 0.360324 0.799392 0.356275 0.826748 0.356275
1 0.407295 0.34413 0.407295 0.348178 0.404255 0.352227 0.404255 0.356275 0.431611 0.356275 0.440729 0.368421 0.443769 0.368421 0.446809 0.37247 0.449848 0.37247 0.455927 0.380567 0.458967 0.380567 0.462006 0.384615 0.468085 0.376518 0.471125 0.376518 0.468085 0.37247 0.468085 0.368421 0.458967 0.356275 0.455927 0.356275 0.446809 0.34413
1 0.057751 0.336032 0.054711 0.340081 0.021277 0.340081 0.021277 0.34413 0.024316 0.348178 0.024316 0.352227 0.033435 0.352227 0.036474 0.348178 0.045593 0.348178 0.048632 0.34413 0.06079 0.34413 0.057751 0.340081
1 0.072948 0.331984 0.075988 0.336032 0.075988 0.340081 0.079027 0.34413 0.079027 0.348178 0.082067 0.352227 0.100304 0.352227 0.100304 0.348178 0.097264 0.34413 0.097264 0.340081 0.094225 0.336032 0.094225 0.331984
1 0.227964 0.323887 0.218845 0.336032 0.218845 0.340081 0.221884 0.34413 0.221884 0.352227 0.240122 0.352227 0.243161 0.356275 0.246201 0.352227 0.306991 0.352227 0.31003 0.356275 0.31307 0.356275 0.316109 0.360324 0.319149 0.360324 0.322188 0.364372 0.325228 0.360324 0.334347 0.360324 0.337386 0.356275 0.349544 0.356275 0.349544 0.323887 0.346505 0.327935 0.331307 0.327935 0.328267 0.331984 0.31003 0.331984 0.306991 0.336032 0.258359 0.336032 0.255319 0.331984 0.24924 0.331984 0.246201 0.327935 0.231003 0.327935
1 0.170213 0.315789 0.170213 0.319838 0.173252 0.323887 0.173252 0.331984 0.206687 0.331984 0.209726 0.336032 0.209726 0.315789
1 0.048632 0.287449 0.048632 0.299595 0.066869 0.299595 0.069909 0.303644 0.069909 0.299595 0.072948 0.295547 0.072948 0.291498 0.051672 0.291498
