0 0.718586 0.736475 0.717277 0.73822 0.717277 0.739965 0.713351 0.745201 0.713351 0.746946 0.712042 0.748691 0.71466 0.752182 0.715969 0.752182 0.719895 0.757417 0.721204 0.757417 0.722513 0.759162 0.723822 0.759162 0.725131 0.760908 0.72644 0.760908 0.727749 0.762653 0.735602 0.762653 0.736911 0.764398 0.739529 0.764398 0.740838 0.766143 0.744764 0.766143 0.746073 0.767888 0.748691 0.767888 0.75 0.769634 0.755236 0.769634 0.756545 0.771379 0.760471 0.771379 0.76178 0.773124 0.767016 0.773124 0.768325 0.774869 0.769634 0.773124 0.769634 0.771379 0.770942 0.769634 0.770942 0.767888 0.77356 0.764398 0.77356 0.762653 0.774869 0.760908 0.774869 0.759162 0.776178 0.757417 0.772251 0.757417 0.770942 0.755672 0.765707 0.755672 0.764398 0.753927 0.760471 0.753927 0.759162 0.752182 0.756545 0.752182 0.755236 0.750436 0.751309 0.750436 0.75 0.748691 0.747382 0.748691 0.746073 0.746946 0.743455 0.746946 0.742147 0.745201 0.736911 0.745201 0.735602 0.743455 0.731675 0.743455 0.730366 0.74171 0.727749 0.74171 0.72644 0.739965 0.723822 0.739965 0.722513 0.73822 0.719895 0.73822
0 0.882199 0.413613 0.88089 0.415358 0.871728 0.415358 0.871728 0.417103 0.873037 0.418848 0.873037 0.422339 0.874346 0.420593 0.883508 0.420593 0.883508 0.418848 0.882199 0.417103
1 0.667539 0.492147 0.667539 0.495637 0.670157 0.495637 0.671466 0.497382 0.672775 0.497382 0.674084 0.499127 0.683246 0.499127 0.684555 0.500873 0.692408 0.500873 0.693717 0.502618 0.693717 0.497382 0.680628 0.497382 0.679319 0.495637 0.674084 0.495637 0.672775 0.493892 0.668848 0.493892
1 0.753927 0.471204 0.753927 0.47644 0.755236 0.474695 0.768325 0.474695 0.765707 0.471204
1 0.628272 0.469459 0.628272 0.471204 0.626963 0.472949 0.626963 0.474695 0.632199 0.474695 0.633508 0.47644 0.638743 0.47644 0.640052 0.478185 0.645288 0.478185 0.646597 0.47993 0.653141 0.47993 0.65445 0.481675 0.659686 0.481675 0.660995 0.483421 0.659686 0.481675 0.659686 0.47993 0.658377 0.478185 0.65445 0.478185 0.653141 0.47644 0.650524 0.47644 0.649215 0.474695 0.643979 0.474695 0.64267 0.472949 0.636126 0.472949 0.634817 0.471204 0.629581 0.471204
1 0.581152 0.460733 0.581152 0.464223 0.59555 0.464223 0.596859 0.465969 0.612565 0.465969 0.613874 0.467714 0.613874 0.464223 0.602094 0.464223 0.600785 0.462478 0.582461 0.462478
1 0.20288 0.450262 0.201571 0.452007 0.191099 0.452007 0.191099 0.453752 0.189791 0.455497 0.189791 0.457243 0.191099 0.457243 0.192408 0.458988 0.193717 0.458988 0.195026 0.460733 0.196335 0.458988 0.197644 0.458988 0.198953 0.457243 0.201571 0.457243 0.20288 0.455497 0.204188 0.455497 0.205497 0.453752 0.208115 0.453752 0.206806 0.453752 0.205497 0.452007 0.204188 0.452007
1 0.308901 0.439791 0.307592 0.441536 0.29712 0.441536 0.295812 0.443281 0.294503 0.443281 0.293194 0.445026 0.291885 0.445026 0.304974 0.445026 0.306283 0.443281 0.314136 0.443281 0.312827 0.443281 0.311518 0.441536 0.310209 0.441536
1 0.052356 0.429319 0.051047 0.431065 0.036649 0.431065 0.03534 0.43281 0.030105 0.43281 0.028796 0.434555 0.022251 0.434555 0.020942 0.4363 0.015707 0.4363 0.017016 0.438045 0.017016 0.439791 0.018325 0.438045 0.043194 0.438045 0.044503 0.439791 0.048429 0.439791 0.049738 0.441536 0.052356 0.441536 0.053665 0.443281 0.053665 0.441536 0.054974 0.439791 0.054974 0.4363 0.056283 0.434555 0.056283 0.43281 0.054974 0.43281
1 0.149215 0.427574 0.147906 0.429319 0.132199 0.429319 0.132199 0.431065 0.133508 0.43281 0.133508 0.434555 0.160995 0.434555 0.162304 0.4363 0.162304 0.434555 0.163613 0.43281 0.163613 0.431065 0.164921 0.429319 0.164921 0.427574
1 0.264398 0.424084 0.263089 0.425829 0.257853 0.425829 0.256545 0.427574 0.251309 0.427574 0.25 0.429319 0.244764 0.429319 0.256545 0.429319 0.257853 0.431065 0.277487 0.431065 0.278796 0.43281 0.278796 0.431065 0.277487 0.429319 0.277487 0.425829 0.265707 0.425829
1 0.373037 0.420593 0.371728 0.422339 0.367801 0.422339 0.366492 0.424084 0.361257 0.424084 0.362565 0.424084 0.365183 0.427574 0.382199 0.427574 0.383508 0.425829 0.391361 0.425829 0.391361 0.424084 0.390052 0.422339 0.390052 0.420593
1 0.494764 0.418848 0.493455 0.420593 0.47644 0.420593 0.47644 0.425829 0.477749 0.424084 0.506545 0.424084 0.506545 0.422339 0.505236 0.420593 0.505236 0.418848
1 0.323298 0.418848 0.32199 0.420593 0.316754 0.420593 0.315445 0.422339 0.308901 0.422339 0.308901 0.424084 0.307592 0.425829 0.307592 0.427574 0.306283 0.429319 0.314136 0.429319 0.314136 0.427574 0.315445 0.425829 0.33377 0.425829 0.335079 0.427574 0.337696 0.427574 0.339005 0.429319 0.348168 0.429319 0.34555 0.425829 0.34555 0.424084 0.344241 0.422339 0.335079 0.422339 0.33377 0.420593 0.324607 0.420593
1 0.579843 0.417103 0.581152 0.418848 0.581152 0.420593 0.615183 0.420593 0.613874 0.418848 0.613874 0.417103
1 0.853403 0.408377 0.853403 0.410122 0.854712 0.411867 0.854712 0.415358 0.86911 0.415358 0.870419 0.413613 0.870419 0.411867 0.871728 0.410122 0.854712 0.410122
1 0.251309 0.401396 0.25 0.403141 0.248691 0.403141 0.247382 0.404887 0.246073 0.404887 0.244764 0.406632 0.243455 0.406632 0.242147 0.408377 0.240838 0.408377 0.257853 0.408377 0.259162 0.406632 0.270942 0.406632 0.269634 0.404887 0.268325 0.404887 0.265707 0.401396
1 0.367801 0.39267 0.365183 0.396161 0.363874 0.396161 0.361257 0.399651 0.359948 0.399651 0.35733 0.403141 0.356021 0.403141 0.373037 0.403141 0.373037 0.399651 0.374346 0.397906 0.382199 0.397906 0.383508 0.399651 0.382199 0.397906 0.382199 0.396161 0.38089 0.394415 0.36911 0.394415
1 0.25 0.373473 0.248691 0.375218 0.210733 0.375218 0.210733 0.382199 0.212042 0.380454 0.276178 0.380454 0.276178 0.378709 0.274869 0.376963 0.274869 0.373473
1 0.181937 0.366492 0.180628 0.368237 0.170157 0.368237 0.168848 0.369983 0.157068 0.369983 0.155759 0.371728 0.149215 0.371728 0.147906 0.373473 0.141361 0.373473 0.140052 0.375218 0.132199 0.375218 0.13089 0.376963 0.096859 0.376963 0.09555 0.375218 0.094241 0.376963 0.085079 0.376963 0.08377 0.378709 0.073298 0.378709 0.07199 0.380454 0.062827 0.380454 0.061518 0.382199 0.04712 0.382199 0.045812 0.383944 0.031414 0.383944 0.030105 0.385689 0.024869 0.385689 0.02356 0.387435 0.018325 0.387435 0.017016 0.38918 0.013089 0.38918 0.01178 0.390925 0.006545 0.390925 0.005236 0.39267 0.0 0.39267 0.0 0.397906 0.001309 0.396161 0.007853 0.396161 0.009162 0.394415 0.017016 0.394415 0.018325 0.39267 0.039267 0.39267 0.040576 0.390925 0.061518 0.390925 0.062827 0.38918 0.112565 0.38918 0.113874 0.387435 0.123037 0.387435 0.124346 0.385689 0.134817 0.385689 0.136126 0.383944 0.145288 0.383944 0.146597 0.382199 0.157068 0.382199 0.158377 0.380454 0.16623 0.380454 0.167539 0.378709 0.174084 0.378709 0.175393 0.376963 0.188482 0.376963 0.189791 0.378709 0.195026 0.378709 0.196335 0.380454 0.196335 0.369983 0.189791 0.369983 0.188482 0.368237 0.183246 0.368237
1 0.505236 0.342059 0.503927 0.343805 0.502618 0.343805 0.501309 0.34555 0.498691 0.34555 0.497382 0.347295 0.496073 0.347295 0.494764 0.34904 0.492147 0.34904 0.490838 0.350785 0.489529 0.350785 0.48822 0.352531 0.482984 0.352531 0.481675 0.354276 0.475131 0.354276 0.473822 0.356021 0.442408 0.356021 0.441099 0.357766 0.434555 0.357766 0.433246 0.359511 0.425393 0.359511 0.424084 0.361257 0.397906 0.361257 0.396597 0.359511 0.387435 0.359511 0.386126 0.357766 0.384817 0.359511 0.382199 0.359511 0.38089 0.361257 0.376963 0.361257 0.375654 0.363002 0.358639 0.363002 0.35733 0.364747 0.340314 0.364747 0.339005 0.366492 0.327225 0.366492 0.325916 0.368237 0.312827 0.368237 0.311518 0.369983 0.299738 0.369983 0.298429 0.371728 0.28534 0.371728 0.28534 0.373473 0.284031 0.375218 0.284031 0.376963 0.282723 0.378709 0.284031 0.376963 0.304974 0.376963 0.306283 0.375218 0.327225 0.375218 0.328534 0.373473 0.349476 0.373473 0.350785 0.371728 0.373037 0.371728 0.374346 0.369983 0.395288 0.369983 0.396597 0.368237 0.417539 0.368237 0.418848 0.366492 0.438482 0.366492 0.439791 0.364747 0.459424 0.364747 0.460733 0.363002 0.473822 0.363002 0.475131 0.361257 0.489529 0.361257 0.490838 0.359511 0.503927 0.359511 0.505236 0.357766 0.506545 0.357766 0.507853 0.356021 0.509162 0.356021 0.510471 0.354276 0.513089 0.354276 0.514398 0.352531 0.515707 0.352531 0.517016 0.350785 0.518325 0.350785 0.517016 0.350785 0.515707 0.34904 0.514398 0.34904 0.513089 0.347295 0.51178 0.347295 0.510471 0.34555 0.509162 0.34555 0.507853 0.343805 0.506545 0.343805
1 0.980366 0.331588 0.979058 0.333333 0.960733 0.333333 0.959424 0.335079 0.941099 0.335079 0.939791 0.336824 0.748691 0.336824 0.747382 0.338569 0.744764 0.338569 0.743455 0.340314 0.739529 0.340314 0.73822 0.342059 0.723822 0.342059 0.722513 0.343805 0.697644 0.343805 0.696335 0.342059 0.687173 0.342059 0.685864 0.340314 0.67801 0.340314 0.676702 0.338569 0.667539 0.338569 0.66623 0.336824 0.655759 0.336824 0.65445 0.338569 0.640052 0.338569 0.638743 0.340314 0.636126 0.340314 0.634817 0.342059 0.63089 0.342059 0.629581 0.343805 0.626963 0.343805 0.625654 0.34555 0.624346 0.34555 0.621728 0.34904 0.620419 0.34904 0.61911 0.350785 0.617801 0.350785 0.616492 0.352531 0.591623 0.352531 0.590314 0.354276 0.537958 0.354276 0.536649 0.352531 0.534031 0.356021 0.532723 0.356021 0.531414 0.357766 0.534031 0.357766 0.53534 0.359511 0.537958 0.359511 0.539267 0.361257 0.558901 0.361257 0.560209 0.363002 0.561518 0.361257 0.58377 0.361257 0.585079 0.359511 0.620419 0.359511 0.621728 0.357766 0.636126 0.357766 0.637435 0.356021 0.650524 0.356021 0.651832 0.354276 0.708115 0.354276 0.709424 0.352531 0.715969 0.352531 0.717277 0.350785 0.723822 0.350785 0.725131 0.34904 0.731675 0.34904 0.732984 0.347295 0.739529 0.347295 0.740838 0.34555 0.769634 0.34555 0.770942 0.347295 0.791885 0.347295 0.793194 0.34904 0.794503 0.347295 0.798429 0.347295 0.799738 0.34555 0.863874 0.34555 0.865183 0.347295 0.91623 0.347295 0.917539 0.34904 0.918848 0.347295 0.92801 0.347295 0.929319 0.34555 0.937173 0.34555 0.938482 0.343805 0.947644 0.343805 0.948953 0.342059 0.956806 0.342059 0.958115 0.340314 0.967277 0.340314 0.968586 0.338569 0.982984 0.338569 0.984293 0.336824 0.998691 0.336824 0.998691 0.331588
