1 0.617766 0.877917 0.619112 0.879713 0.617766 0.881508 0.615074 0.881508 0.613728 0.883303 0.590848 0.883303 0.589502 0.885099 0.584118 0.885099 0.582773 0.886894 0.576043 0.886894 0.578735 0.890485 0.580081 0.888689 0.588156 0.888689 0.589502 0.886894 0.601615 0.886894 0.602961 0.885099 0.644684 0.885099 0.644684 0.881508 0.64603 0.879713 0.64603 0.877917
1 0.868102 0.737882 0.868102 0.739677 0.866756 0.741472 0.873486 0.741472 0.878869 0.748654 0.882907 0.748654 0.884253 0.746858 0.892328 0.746858 0.893674 0.748654 0.89502 0.748654 0.897712 0.752244 0.90175 0.752244 0.903096 0.754039 0.90175 0.752244 0.90175 0.750449 0.899058 0.750449 0.897712 0.748654 0.896366 0.748654 0.89502 0.746858 0.892328 0.746858 0.890983 0.745063 0.888291 0.745063 0.886945 0.743268 0.884253 0.743268 0.882907 0.741472 0.876178 0.741472 0.874832 0.739677 0.869448 0.739677
1 0.208614 0.549372 0.207268 0.551167 0.196501 0.551167 0.195155 0.552962 0.193809 0.552962 0.193809 0.554758 0.192463 0.556553 0.192463 0.558348 0.195155 0.561939 0.200538 0.561939 0.201884 0.563734 0.20323 0.561939 0.220727 0.561939 0.222073 0.560144 0.223419 0.560144 0.224764 0.558348 0.227456 0.558348 0.227456 0.554758 0.224764 0.554758 0.220727 0.549372
1 0.259758 0.545781 0.258412 0.547576 0.257066 0.547576 0.25572 0.549372 0.254374 0.549372 0.253028 0.551167 0.251682 0.551167 0.250336 0.552962 0.247645 0.552962 0.246299 0.554758 0.244953 0.554758 0.248991 0.560144 0.253028 0.560144 0.254374 0.558348 0.258412 0.558348 0.259758 0.556553 0.263795 0.556553 0.265141 0.554758 0.266487 0.554758 0.267833 0.552962 0.270525 0.552962 0.270525 0.549372 0.267833 0.549372 0.266487 0.547576 0.261104 0.547576
1 0.273217 0.522442 0.270525 0.526032 0.269179 0.526032 0.267833 0.527828 0.265141 0.527828 0.263795 0.529623 0.258412 0.529623 0.25572 0.533214 0.257066 0.535009 0.258412 0.533214 0.265141 0.533214 0.266487 0.535009 0.267833 0.535009 0.269179 0.536804 0.270525 0.535009 0.274563 0.535009 0.274563 0.526032 0.275908 0.524237 0.274563 0.524237
1 0.12786 0.491921 0.125168 0.495512 0.123822 0.495512 0.122476 0.497307 0.110363 0.497307 0.111709 0.497307 0.113055 0.499102 0.117093 0.499102 0.118439 0.500898 0.119785 0.499102 0.131898 0.499102 0.131898 0.497307 0.133244 0.495512 0.133244 0.493716 0.129206 0.493716
1 0.09825 0.479354 0.096904 0.481149 0.092867 0.481149 0.091521 0.482944 0.088829 0.482944 0.084791 0.48833 0.079408 0.48833 0.079408 0.491921 0.083445 0.491921 0.084791 0.493716 0.087483 0.493716 0.088829 0.495512 0.103634 0.495512 0.102288 0.493716 0.102288 0.491921 0.106326 0.486535 0.107672 0.486535 0.109017 0.48474 0.111709 0.48474 0.110363 0.482944 0.110363 0.481149 0.109017 0.479354
1 0.02961 0.472172 0.028264 0.473968 0.014805 0.473968 0.014805 0.475763 0.013459 0.477558 0.030956 0.477558 0.032301 0.475763 0.037685 0.475763 0.037685 0.473968 0.039031 0.472172
1 0.0 0.464991 0.0 0.468582 0.020188 0.468582 0.021534 0.466786 0.021534 0.464991
1 0.088829 0.463196 0.086137 0.466786 0.084791 0.466786 0.084791 0.468582 0.083445 0.470377 0.086137 0.473968 0.087483 0.473968 0.088829 0.475763 0.090175 0.475763 0.091521 0.477558 0.092867 0.475763 0.121131 0.475763 0.122476 0.473968 0.125168 0.473968 0.126514 0.475763 0.126514 0.470377 0.125168 0.470377 0.123822 0.468582 0.125168 0.466786 0.158816 0.466786 0.158816 0.463196 0.135935 0.463196 0.13459 0.464991 0.095559 0.464991 0.094213 0.463196
1 0.078062 0.447038 0.076716 0.448833 0.067295 0.448833 0.065949 0.450628 0.064603 0.450628 0.063257 0.452424 0.057873 0.452424 0.056528 0.454219 0.053836 0.454219 0.055182 0.454219 0.056528 0.456014 0.057873 0.456014 0.059219 0.45781 0.0821 0.45781 0.083445 0.456014 0.096904 0.456014 0.096904 0.454219 0.099596 0.450628 0.102288 0.450628 0.10498 0.447038
1 0.15747 0.445242 0.156124 0.447038 0.154778 0.447038 0.153432 0.448833 0.152086 0.448833 0.15074 0.450628 0.145357 0.450628 0.144011 0.448833 0.144011 0.447038 0.138627 0.447038 0.138627 0.448833 0.137281 0.450628 0.138627 0.450628 0.139973 0.452424 0.137281 0.456014 0.162853 0.456014 0.164199 0.454219 0.170929 0.454219 0.169583 0.452424 0.169583 0.450628 0.166891 0.447038 0.161507 0.447038 0.160162 0.445242
