0 0.579355 0.703448 0.578065 0.705172 0.576774 0.705172 0.575484 0.706897 0.572903 0.706897 0.572903 0.708621 0.574194 0.710345 0.574194 0.713793 0.583226 0.713793 0.584516 0.715517 0.587097 0.712069 0.588387 0.712069 0.584516 0.706897 0.583226 0.706897 0.581935 0.705172 0.580645 0.705172
0 0.150968 0.553448 0.150968 0.555172 0.149677 0.556897 0.149677 0.560345 0.148387 0.562069 0.148387 0.563793 0.147097 0.565517 0.147097 0.567241 0.148387 0.565517 0.154839 0.565517 0.156129 0.563793 0.162581 0.563793 0.162581 0.555172 0.152258 0.555172
0 0.0 0.532759 0.0 0.577586 0.058065 0.577586 0.058065 0.574138 0.056774 0.572414 0.056774 0.568966 0.055484 0.567241 0.054194 0.567241 0.051613 0.563793 0.050323 0.563793 0.049032 0.562069 0.047742 0.562069 0.046452 0.560345 0.034839 0.560345 0.033548 0.562069 0.032258 0.560345 0.029677 0.560345 0.028387 0.558621 0.025806 0.558621 0.021935 0.553448 0.021935 0.551724 0.011613 0.537931 0.010323 0.537931 0.007742 0.534483 0.005161 0.534483 0.003871 0.532759
0 0.371613 0.522414 0.370323 0.524138 0.36129 0.524138 0.36129 0.531034 0.379355 0.531034 0.380645 0.532759 0.380645 0.531034 0.379355 0.52931 0.379355 0.527586 0.378065 0.527586 0.376774 0.525862 0.375484 0.525862 0.374194 0.524138 0.372903 0.524138
0 0.130323 0.515517 0.129032 0.517241 0.129032 0.518966 0.127742 0.52069 0.127742 0.522414 0.126452 0.524138 0.129032 0.524138 0.130323 0.525862 0.132903 0.525862 0.134194 0.527586 0.135484 0.525862 0.139355 0.525862 0.140645 0.524138 0.144516 0.524138 0.144516 0.517241 0.131613 0.517241
0 0.738065 0.494828 0.736774 0.496552 0.730323 0.496552 0.730323 0.5 0.731613 0.501724 0.731613 0.505172 0.738065 0.505172
0 0.649032 0.493103 0.647742 0.494828 0.643871 0.494828 0.64129 0.498276 0.649032 0.498276 0.650323 0.5 0.651613 0.498276 0.652903 0.498276 0.654194 0.496552 0.655484 0.496552 0.652903 0.493103
0 0.296774 0.489655 0.296774 0.493103 0.298065 0.494828 0.298065 0.5 0.308387 0.5 0.308387 0.489655
0 0.236129 0.484483 0.236129 0.491379 0.242581 0.491379 0.242581 0.484483
0 0.762581 0.481034 0.762581 0.489655 0.772903 0.489655 0.772903 0.481034
0 0.40129 0.47931 0.4 0.481034 0.388387 0.481034 0.388387 0.482759 0.389677 0.484483 0.389677 0.486207 0.40129 0.486207
0 0.647742 0.475862 0.647742 0.481034 0.646452 0.482759 0.646452 0.486207 0.655484 0.486207 0.655484 0.475862
0 0.907097 0.472414 0.905806 0.474138 0.905806 0.475862 0.904516 0.477586 0.905806 0.477586 0.908387 0.481034 0.932903 0.481034 0.934194 0.482759 0.935484 0.481034 0.935484 0.47931 0.936774 0.477586 0.934194 0.477586 0.932903 0.475862 0.922581 0.475862 0.92 0.472414
0 0.965161 0.463793 0.965161 0.467241 0.976774 0.467241 0.978065 0.468966 0.980645 0.465517 0.974194 0.465517 0.972903 0.463793
0 0.753548 0.439655 0.752258 0.441379 0.749677 0.441379 0.749677 0.443103 0.748387 0.444828 0.762581 0.444828 0.762581 0.441379 0.76 0.441379 0.75871 0.439655
1 0.956129 0.882759 0.957419 0.884483 0.957419 0.886207 0.95871 0.887931 0.966452 0.887931 0.966452 0.882759
1 0.20129 0.751724 0.2 0.753448 0.171613 0.753448 0.170323 0.755172 0.16129 0.755172 0.16 0.756897 0.149677 0.756897 0.149677 0.763793 0.150968 0.762069 0.16 0.762069 0.16129 0.760345 0.169032 0.760345 0.170323 0.758621 0.19871 0.758621 0.19871 0.756897 0.2 0.755172 0.2 0.753448
1 0.850323 0.634483 0.849032 0.636207 0.834839 0.636207 0.833548 0.637931 0.819355 0.637931 0.818065 0.639655 0.816774 0.639655 0.815484 0.641379 0.812903 0.641379 0.812903 0.644828 0.811613 0.646552 0.811613 0.648276 0.812903 0.646552 0.828387 0.646552 0.829677 0.644828 0.850323 0.644828
1 0.952258 0.6 0.950968 0.601724 0.947097 0.601724 0.947097 0.606897 0.967742 0.606897 0.969032 0.608621 0.971613 0.608621 0.972903 0.610345 0.975484 0.610345 0.976774 0.612069 0.984516 0.612069 0.984516 0.608621 0.985806 0.606897 0.985806 0.605172 0.970323 0.605172 0.969032 0.603448 0.957419 0.603448 0.956129 0.601724 0.953548 0.601724
1 0.910968 0.57931 0.909677 0.581034 0.899355 0.581034 0.896774 0.584483 0.895484 0.584483 0.894194 0.586207 0.895484 0.587931 0.896774 0.587931 0.899355 0.591379 0.900645 0.589655 0.901935 0.589655 0.903226 0.587931 0.905806 0.587931 0.907097 0.586207 0.913548 0.586207 0.914839 0.587931 0.914839 0.586207 0.916129 0.584483 0.916129 0.582759 0.914839 0.582759 0.913548 0.581034 0.912258 0.581034
1 0.819355 0.577586 0.819355 0.587931 0.828387 0.587931 0.828387 0.577586
1 0.944516 0.560345 0.944516 0.574138 0.945806 0.572414 0.957419 0.572414 0.957419 0.560345
1 0.522581 0.527586 0.52129 0.52931 0.52129 0.531034 0.52 0.532759 0.523871 0.532759 0.525161 0.534483 0.527742 0.534483 0.529032 0.536207 0.532903 0.536207 0.534194 0.537931 0.534194 0.52931 0.523871 0.52931
1 0.090323 0.508621 0.089032 0.510345 0.077419 0.510345 0.077419 0.515517 0.090323 0.515517
1 0.483871 0.498276 0.483871 0.503448 0.486452 0.503448 0.487742 0.505172 0.495484 0.505172 0.495484 0.5 0.490323 0.5 0.489032 0.498276
1 0.047742 0.498276 0.047742 0.503448 0.046452 0.505172 0.046452 0.508621 0.056774 0.508621 0.056774 0.505172 0.058065 0.503448 0.058065 0.5 0.049032 0.5
1 0.219355 0.494828 0.218065 0.496552 0.207742 0.496552 0.211613 0.501724 0.219355 0.501724
1 0.691613 0.477586 0.691613 0.487931 0.708387 0.487931 0.709677 0.489655 0.712258 0.489655 0.713548 0.491379 0.714839 0.489655 0.72129 0.489655 0.72129 0.486207 0.722581 0.484483 0.722581 0.481034 0.72129 0.481034 0.72 0.47931 0.71871 0.47931 0.717419 0.477586
1 0.327742 0.477586 0.326452 0.47931 0.316129 0.47931 0.316129 0.486207 0.326452 0.486207 0.326452 0.482759 0.327742 0.481034
1 0.483871 0.475862 0.482581 0.477586 0.482581 0.47931 0.48129 0.481034 0.48129 0.482759 0.48 0.484483 0.495484 0.484483 0.495484 0.481034 0.494194 0.47931 0.494194 0.475862
1 0.383226 0.460345 0.381935 0.462069 0.380645 0.462069 0.379355 0.463793 0.376774 0.463793 0.375484 0.465517 0.374194 0.465517 0.376774 0.465517 0.378065 0.467241 0.379355 0.467241 0.380645 0.468966 0.381935 0.467241 0.388387 0.467241 0.388387 0.460345
1 0.623226 0.422414 0.621935 0.424138 0.620645 0.424138 0.619355 0.425862 0.616774 0.425862 0.611613 0.432759 0.611613 0.436207 0.612903 0.437931 0.612903 0.439655 0.610323 0.443103 0.610323 0.444828 0.606452 0.45 0.605161 0.45 0.602581 0.453448 0.60129 0.453448 0.6 0.455172 0.59871 0.453448 0.589677 0.453448 0.588387 0.455172 0.575484 0.455172 0.575484 0.456897 0.628387 0.456897 0.624516 0.456897 0.623226 0.455172 0.619355 0.455172 0.618065 0.453448 0.619355 0.451724 0.620645 0.451724 0.623226 0.448276 0.624516 0.448276 0.627097 0.444828 0.628387 0.444828 0.630968 0.441379 0.632258 0.441379 0.633548 0.439655 0.634839 0.439655 0.637419 0.436207 0.63871 0.436207 0.637419 0.434483 0.636129 0.434483 0.633548 0.431034 0.632258 0.431034 0.625806 0.422414
