0 0.965007 0.32316 0.965007 0.32675 0.963661 0.328546 0.963661 0.333932 0.962315 0.335727 0.962315 0.337522 0.963661 0.337522 0.966353 0.341113 0.967699 0.341113 0.969044 0.342908 0.97039 0.341113 0.971736 0.341113 0.973082 0.339318 0.974428 0.339318 0.97712 0.335727 0.978466 0.335727 0.979812 0.333932 0.981157 0.333932 0.979812 0.332136 0.979812 0.330341 0.978466 0.328546 0.978466 0.32675 0.97712 0.324955 0.97712 0.32316
0 0.438762 0.308797 0.43607 0.312388 0.434724 0.312388 0.43607 0.312388 0.437416 0.314183 0.438762 0.314183 0.440108 0.315978 0.441454 0.314183 0.446837 0.314183 0.446837 0.312388 0.445491 0.310592 0.445491 0.308797
0 0.729475 0.301616 0.728129 0.303411 0.726783 0.303411 0.724092 0.307002 0.722746 0.307002 0.722746 0.308797 0.724092 0.310592 0.724092 0.312388 0.725437 0.314183 0.725437 0.315978 0.730821 0.315978 0.732167 0.317774 0.733513 0.315978 0.734859 0.315978 0.736205 0.314183 0.73755 0.314183 0.738896 0.312388 0.740242 0.312388 0.741588 0.310592 0.742934 0.310592 0.74428 0.308797 0.745626 0.308797 0.745626 0.305206 0.746972 0.303411 0.746972 0.301616
0 0.617766 0.301616 0.61642 0.303411 0.60969 0.303411 0.608345 0.305206 0.601615 0.305206 0.601615 0.314183 0.602961 0.312388 0.61642 0.312388 0.61642 0.307002 0.617766 0.305206
0 0.522207 0.285458 0.522207 0.292639 0.523553 0.294434 0.523553 0.301616 0.524899 0.29982 0.539704 0.29982 0.538358 0.298025 0.538358 0.29623 0.537012 0.294434 0.537012 0.292639 0.535666 0.290844 0.535666 0.289048 0.53432 0.287253 0.53432 0.285458
0 0.909825 0.276481 0.908479 0.278276 0.890983 0.278276 0.882907 0.289048 0.888291 0.289048 0.889637 0.290844 0.89502 0.290844 0.896366 0.292639 0.90175 0.292639 0.903096 0.294434 0.904441 0.292639 0.907133 0.292639 0.908479 0.290844 0.909825 0.290844 0.911171 0.289048 0.913863 0.289048 0.913863 0.287253 0.912517 0.285458 0.912517 0.283662 0.911171 0.281867 0.911171 0.280072 0.909825 0.278276
0 0.948856 0.27289 0.948856 0.276481 0.94751 0.278276 0.94751 0.281867 0.948856 0.283662 0.950202 0.283662 0.952894 0.287253 0.975774 0.287253 0.975774 0.283662 0.974428 0.281867 0.974428 0.276481 0.962315 0.276481 0.960969 0.274686 0.950202 0.274686
1 0.897712 0.949731 0.897712 0.969479 0.899058 0.969479 0.900404 0.971275 0.90175 0.971275 0.903096 0.97307 0.904441 0.97307 0.905787 0.974865 0.907133 0.974865 0.908479 0.976661 0.909825 0.976661 0.911171 0.978456 0.912517 0.978456 0.913863 0.980251 0.915209 0.980251 0.916555 0.982047 0.9179 0.982047 0.919246 0.983842 0.920592 0.983842 0.921938 0.985637 0.923284 0.985637 0.92463 0.987433 0.925976 0.987433 0.927322 0.989228 0.948856 0.989228 0.950202 0.991023 0.952894 0.991023 0.95424 0.992819 0.956931 0.992819 0.958277 0.994614 0.962315 0.994614 0.963661 0.996409 0.966353 0.996409 0.967699 0.998205 0.998654 0.998205 0.998654 0.985637 0.997308 0.985637 0.995962 0.983842 0.993271 0.983842 0.991925 0.982047 0.990579 0.982047 0.989233 0.980251 0.986541 0.980251 0.985195 0.978456 0.983849 0.978456 0.982503 0.976661 0.979812 0.976661 0.978466 0.974865 0.97712 0.974865 0.975774 0.97307 0.973082 0.97307 0.971736 0.971275 0.97039 0.971275 0.969044 0.969479 0.967699 0.969479 0.966353 0.967684 0.965007 0.967684 0.963661 0.965889 0.962315 0.965889 0.960969 0.964093 0.959623 0.964093 0.958277 0.962298 0.956931 0.962298 0.95424 0.958707 0.952894 0.958707 0.951548 0.956912 0.950202 0.956912 0.948856 0.955117 0.94751 0.955117 0.946164 0.953321 0.944818 0.953321 0.943472 0.951526 0.942127 0.951526 0.940781 0.949731
1 0.986541 0.858169 0.985195 0.859964 0.959623 0.859964 0.959623 0.868941 0.958277 0.870736 0.958277 0.879713 0.962315 0.885099 0.963661 0.885099 0.971736 0.895871 0.973082 0.895871 0.97712 0.901257 0.983849 0.901257 0.983849 0.899461 0.985195 0.897666 0.985195 0.89228 0.986541 0.890485 0.987887 0.89228 0.990579 0.89228 0.991925 0.894075 0.995962 0.894075 0.997308 0.895871 0.998654 0.895871 0.998654 0.858169
1 0.843876 0.7307 0.843876 0.732496 0.84253 0.734291 0.84253 0.736086 0.841184 0.737882 0.841184 0.739677 0.839838 0.741472 0.839838 0.743268 0.838493 0.745063 0.838493 0.746858 0.837147 0.748654 0.845222 0.759425 0.846568 0.759425 0.855989 0.771993 0.870794 0.771993 0.87214 0.773788 0.873486 0.773788 0.874832 0.775583 0.876178 0.775583 0.877524 0.777379 0.878869 0.777379 0.880215 0.779174 0.882907 0.779174 0.884253 0.780969 0.885599 0.780969 0.886945 0.782765 0.888291 0.782765 0.889637 0.78456 0.890983 0.78456 0.892328 0.786355 0.893674 0.786355 0.89502 0.788151 0.896366 0.786355 0.897712 0.786355 0.899058 0.78456 0.90175 0.78456 0.900404 0.782765 0.900404 0.780969 0.899058 0.779174 0.899058 0.777379 0.896366 0.773788 0.896366 0.771993 0.89502 0.770197 0.89502 0.768402 0.892328 0.764811 0.892328 0.763016 0.890983 0.761221 0.890983 0.759425 0.889637 0.75763 0.873486 0.75763 0.870794 0.754039 0.869448 0.754039 0.866756 0.750449 0.86541 0.750449 0.862719 0.746858 0.861373 0.746858 0.858681 0.743268 0.857335 0.743268 0.854643 0.739677 0.853297 0.739677 0.850606 0.736086 0.84926 0.736086 0.846568 0.732496 0.845222 0.732496
1 0.923284 0.70377 0.921938 0.705566 0.921938 0.707361 0.919246 0.710952 0.920592 0.710952 0.923284 0.714542 0.94751 0.714542 0.94751 0.712747 0.948856 0.710952 0.952894 0.710952 0.952894 0.707361 0.934051 0.707361 0.932705 0.705566 0.92463 0.705566
1 0.982503 0.687612 0.978466 0.692998 0.97712 0.692998 0.973082 0.698384 0.974428 0.698384 0.975774 0.70018 0.978466 0.70018 0.979812 0.701975 0.981157 0.701975 0.982503 0.70377 0.983849 0.70377 0.985195 0.705566 0.987887 0.705566 0.989233 0.707361 0.990579 0.707361 0.991925 0.709156 0.993271 0.709156 0.994616 0.710952 0.997308 0.710952 0.998654 0.712747 0.998654 0.694794 0.995962 0.694794 0.994616 0.692998 0.993271 0.692998 0.991925 0.691203 0.989233 0.691203 0.987887 0.689408 0.986541 0.689408 0.985195 0.687612
1 0.811575 0.606822 0.810229 0.608618 0.810229 0.610413 0.808883 0.612208 0.808883 0.614004 0.807537 0.615799 0.807537 0.617594 0.806191 0.61939 0.810229 0.61939 0.811575 0.621185 0.814266 0.621185 0.815612 0.62298 0.81965 0.62298 0.820996 0.624776 0.82638 0.624776 0.827725 0.626571 0.831763 0.626571 0.833109 0.628366 0.838493 0.628366 0.839838 0.630162 0.843876 0.630162 0.845222 0.631957 0.847914 0.628366 0.847914 0.626571 0.851952 0.621185 0.84926 0.621185 0.847914 0.61939 0.846568 0.61939 0.845222 0.617594 0.84253 0.617594 0.841184 0.615799 0.839838 0.615799 0.838493 0.614004 0.835801 0.614004 0.834455 0.612208 0.827725 0.612208 0.82638 0.610413 0.820996 0.610413 0.81965 0.608618 0.812921 0.608618
1 0.462988 0.54219 0.462988 0.543986 0.461642 0.545781 0.469717 0.545781 0.471063 0.547576 0.500673 0.547576 0.502019 0.549372 0.502019 0.545781 0.473755 0.545781 0.472409 0.543986 0.464334 0.543986
1 0.837147 0.518851 0.835801 0.520646 0.831763 0.520646 0.830417 0.522442 0.827725 0.522442 0.82638 0.524237 0.781965 0.524237 0.780619 0.522442 0.76716 0.522442 0.765814 0.520646 0.765814 0.529623 0.783311 0.529623 0.784657 0.527828 0.807537 0.527828 0.808883 0.529623 0.827725 0.529623 0.829071 0.531418 0.830417 0.529623 0.831763 0.529623 0.833109 0.527828 0.834455 0.527828 0.835801 0.526032 0.837147 0.526032 0.838493 0.524237 0.839838 0.524237 0.838493 0.522442 0.838493 0.520646
1 0.911171 0.278276 0.912517 0.280072 0.912517 0.281867 0.913863 0.283662 0.913863 0.285458 0.915209 0.287253 0.915209 0.289048 0.913863 0.290844 0.911171 0.290844 0.909825 0.292639 0.908479 0.292639 0.907133 0.294434 0.904441 0.294434 0.903096 0.29623 0.90175 0.294434 0.896366 0.294434 0.89502 0.292639 0.889637 0.292639 0.888291 0.290844 0.839838 0.290844 0.838493 0.292639 0.79677 0.292639 0.795424 0.294434 0.752355 0.294434 0.751009 0.29623 0.709287 0.29623 0.707941 0.298025 0.624495 0.298025 0.623149 0.29982 0.54105 0.29982 0.539704 0.301616 0.524899 0.301616 0.523553 0.303411 0.489906 0.303411 0.48856 0.305206 0.456258 0.305206 0.454913 0.307002 0.422611 0.307002 0.421265 0.308797 0.39031 0.308797 0.388964 0.310592 0.376851 0.310592 0.375505 0.312388 0.363392 0.312388 0.362046 0.314183 0.349933 0.314183 0.348587 0.315978 0.336474 0.315978 0.335128 0.317774 0.323015 0.317774 0.327052 0.317774 0.328398 0.319569 0.332436 0.319569 0.333782 0.321364 0.33782 0.321364 0.339166 0.32316 0.683715 0.32316 0.685061 0.321364 0.7214 0.321364 0.722746 0.32316 0.716016 0.332136 0.716016 0.333932 0.699865 0.355476 0.699865 0.357271 0.685061 0.37702 0.685061 0.378815 0.678331 0.387792 0.679677 0.385996 0.682369 0.385996 0.683715 0.384201 0.686406 0.384201 0.687752 0.382406 0.690444 0.382406 0.69179 0.38061 0.694482 0.38061 0.695828 0.378815 0.69852 0.378815 0.699865 0.37702 0.701211 0.37702 0.703903 0.373429 0.705249 0.373429 0.706595 0.371634 0.707941 0.371634 0.709287 0.369838 0.710633 0.369838 0.713324 0.366248 0.71467 0.366248 0.716016 0.364452 0.717362 0.364452 0.720054 0.360862 0.7214 0.360862 0.722746 0.359066 0.724092 0.359066 0.725437 0.357271 0.726783 0.357271 0.729475 0.35368 0.730821 0.35368 0.732167 0.351885 0.733513 0.35368 0.733513 0.357271 0.732167 0.359066 0.732167 0.368043 0.730821 0.369838 0.730821 0.375224 0.729475 0.37702 0.726783 0.37702 0.725437 0.378815 0.722746 0.378815 0.7214 0.38061 0.718708 0.38061 0.717362 0.382406 0.713324 0.382406 0.711978 0.384201 0.709287 0.384201 0.707941 0.385996 0.705249 0.385996 0.703903 0.387792 0.701211 0.387792 0.699865 0.389587 0.699865 0.391382 0.69852 0.393178 0.69852 0.394973 0.697174 0.396768 0.697174 0.398564 0.695828 0.400359 0.69852 0.400359 0.699865 0.398564 0.705249 0.398564 0.706595 0.396768 0.710633 0.396768 0.711978 0.394973 0.717362 0.394973 0.718708 0.393178 0.722746 0.393178 0.724092 0.391382 0.729475 0.391382 0.730821 0.389587 0.734859 0.389587 0.736205 0.387792 0.741588 0.387792 0.742934 0.385996 0.746972 0.385996 0.748318 0.384201 0.749664 0.384201 0.751009 0.382406 0.752355 0.382406 0.753701 0.38061 0.755047 0.38061 0.757739 0.37702 0.759085 0.37702 0.760431 0.375224 0.761777 0.375224 0.763122 0.373429 0.764468 0.373429 0.765814 0.371634 0.76716 0.371634 0.768506 0.369838 0.769852 0.369838 0.771198 0.368043 0.772544 0.368043 0.775236 0.364452 0.776581 0.364452 0.777927 0.362657 0.779273 0.362657 0.780619 0.360862 0.781965 0.360862 0.783311 0.359066 0.784657 0.359066 0.786003 0.357271 0.787349 0.357271 0.79004 0.35368 0.791386 0.35368 0.792732 0.351885 0.794078 0.351885 0.795424 0.35009 0.79677 0.35009 0.798116 0.348294 0.799462 0.348294 0.800808 0.346499 0.802153 0.346499 0.803499 0.344704 0.804845 0.344704 0.807537 0.341113 0.808883 0.341113 0.810229 0.339318 0.811575 0.339318 0.812921 0.337522 0.814266 0.337522 0.815612 0.335727 0.816958 0.337522 0.818304 0.337522 0.81965 0.339318 0.820996 0.339318 0.822342 0.341113 0.823688 0.341113 0.82638 0.344704 0.827725 0.344704 0.829071 0.346499 0.830417 0.346499 0.831763 0.348294 0.833109 0.348294 0.834455 0.35009 0.835801 0.35009 0.837147 0.351885 0.837147 0.35368 0.835801 0.355476 0.835801 0.360862 0.834455 0.362657 0.834455 0.366248 0.833109 0.368043 0.833109 0.373429 0.831763 0.375224 0.831763 0.378815 0.830417 0.38061 0.830417 0.385996 0.829071 0.387792 0.829071 0.391382 0.827725 0.393178 0.827725 0.398564 0.82638 0.400359 0.82638 0.402154 0.825034 0.40395 0.825034 0.405745 0.822342 0.409336 0.822342 0.411131 0.81965 0.414722 0.81965 0.416517 0.816958 0.420108 0.816958 0.421903 0.814266 0.425494 0.814266 0.427289 0.829071 0.427289 0.830417 0.425494 0.846568 0.425494 0.847914 0.423698 0.86541 0.423698 0.866756 0.421903 0.884253 0.421903 0.885599 0.420108 0.90175 0.420108 0.903096 0.418312 0.920592 0.418312 0.923284 0.414722 0.92463 0.414722 0.928668 0.409336 0.930013 0.409336 0.935397 0.402154 0.936743 0.402154 0.940781 0.396768 0.942127 0.396768 0.944818 0.393178 0.944818 0.391382 0.946164 0.389587 0.946164 0.387792 0.948856 0.384201 0.948856 0.382406 0.951548 0.378815 0.951548 0.37702 0.952894 0.375224 0.952894 0.373429 0.955585 0.369838 0.955585 0.368043 0.958277 0.364452 0.958277 0.362657 0.959623 0.360862 0.959623 0.359066 0.962315 0.355476 0.962315 0.35368 0.965007 0.35009 0.965007 0.348294 0.966353 0.346499 0.966353 0.344704 0.967699 0.342908 0.966353 0.342908 0.963661 0.339318 0.962315 0.339318 0.960969 0.337522 0.960969 0.335727 0.962315 0.333932 0.962315 0.328546 0.963661 0.32675 0.963661 0.32316 0.965007 0.321364 0.97712 0.321364 0.978466 0.32316 0.978466 0.324955 0.979812 0.32675 0.979812 0.328546 0.981157 0.330341 0.981157 0.332136 0.982503 0.333932 0.981157 0.335727 0.979812 0.335727 0.978466 0.337522 0.97712 0.337522 0.974428 0.341113 0.973082 0.341113 0.971736 0.342908 0.97039 0.342908 0.983849 0.342908 0.985195 0.344704 0.998654 0.344704 0.998654 0.294434 0.978466 0.294434 0.97712 0.29623 0.95424 0.29623 0.952894 0.294434 0.950202 0.294434 0.948856 0.292639 0.944818 0.292639 0.943472 0.290844 0.940781 0.290844 0.939435 0.289048 0.936743 0.289048 0.935397 0.287253 0.932705 0.287253 0.931359 0.285458 0.928668 0.285458 0.927322 0.283662 0.92463 0.283662 0.923284 0.281867 0.919246 0.281867 0.9179 0.280072 0.915209 0.280072 0.913863 0.278276
