0 0.463097 0.965251 0.457308 0.972973 0.457308 0.974903 0.448625 0.986486 0.448625 0.988417 0.447178 0.990347 0.447178 0.992278 0.445731 0.994208 0.445731 0.996139 0.444284 0.998069 0.486252 0.998069 0.486252 0.996139 0.484805 0.994208 0.484805 0.988417 0.483357 0.986486 0.483357 0.978764 0.48191 0.976834 0.48191 0.971042 0.480463 0.969112 0.480463 0.965251
0 0.120116 0.955598 0.117221 0.959459 0.115774 0.959459 0.115774 0.967181 0.118669 0.967181 0.120116 0.969112 0.121563 0.967181 0.12301 0.967181 0.124457 0.965251 0.127352 0.965251 0.127352 0.96139 0.128799 0.959459 0.128799 0.955598
0 0.098408 0.942085 0.096961 0.944015 0.095514 0.944015 0.092619 0.947876 0.092619 0.949807 0.091172 0.951737 0.091172 0.955598 0.089725 0.957529 0.089725 0.959459 0.092619 0.959459 0.094067 0.96139 0.095514 0.959459 0.096961 0.959459 0.098408 0.957529 0.099855 0.957529 0.101302 0.955598 0.10275 0.955598 0.10275 0.953668 0.104197 0.951737 0.104197 0.949807 0.105644 0.947876 0.10275 0.944015 0.099855 0.944015
0 0.652677 0.913127 0.65123 0.915058 0.65123 0.916988 0.649783 0.918919 0.649783 0.920849 0.648336 0.92278 0.648336 0.953668 0.649783 0.955598 0.649783 0.957529 0.65123 0.955598 0.688857 0.955598 0.690304 0.953668 0.693198 0.953668 0.693198 0.938224 0.694645 0.936293 0.694645 0.92278 0.677279 0.92278 0.675832 0.920849 0.672938 0.920849 0.671491 0.918919 0.670043 0.918919 0.668596 0.916988 0.665702 0.916988 0.664255 0.915058 0.654124 0.915058
0 0.238784 0.893822 0.237337 0.895753 0.232996 0.895753 0.231548 0.897683 0.227207 0.897683 0.224313 0.901544 0.222865 0.901544 0.218524 0.907336 0.217077 0.907336 0.185239 0.949807 0.185239 0.951737 0.183792 0.953668 0.183792 0.955598 0.182344 0.957529 0.182344 0.96139 0.183792 0.96332 0.183792 0.967181 0.186686 0.967181 0.188133 0.969112 0.204052 0.969112 0.205499 0.967181 0.206946 0.967181 0.208394 0.965251 0.209841 0.965251 0.212735 0.96139 0.214182 0.96139 0.21563 0.959459 0.217077 0.959459 0.218524 0.957529 0.219971 0.957529 0.222865 0.953668 0.224313 0.953668 0.227207 0.949807 0.228654 0.949807 0.231548 0.945946 0.232996 0.945946 0.23589 0.942085 0.237337 0.942085 0.240232 0.938224 0.241679 0.938224 0.244573 0.934363 0.244573 0.932432 0.24602 0.930502 0.24602 0.928571 0.247467 0.926641 0.247467 0.92471 0.248915 0.92278 0.248915 0.920849 0.250362 0.918919 0.250362 0.913127 0.251809 0.911197 0.251809 0.903475 0.250362 0.901544 0.250362 0.899614 0.248915 0.899614 0.24602 0.895753 0.240232 0.895753
0 0.211288 0.8861 0.209841 0.888031 0.208394 0.888031 0.206946 0.889961 0.204052 0.889961 0.202605 0.891892 0.201158 0.891892 0.199711 0.893822 0.198263 0.893822 0.195369 0.897683 0.193922 0.897683 0.192475 0.899614 0.191027 0.899614 0.191027 0.901544 0.18958 0.903475 0.18958 0.905405 0.196816 0.905405 0.198263 0.903475 0.201158 0.903475 0.202605 0.901544 0.206946 0.901544 0.211288 0.895753 0.212735 0.895753 0.21563 0.891892
0 0.470333 0.878378 0.467438 0.882239 0.465991 0.882239 0.464544 0.88417 0.464544 0.895753 0.465991 0.897683 0.465991 0.899614 0.467438 0.901544 0.467438 0.903475 0.468886 0.905405 0.468886 0.907336 0.473227 0.907336 0.474674 0.909266 0.477569 0.909266 0.479016 0.911197 0.48191 0.907336 0.483357 0.907336 0.487699 0.901544 0.487699 0.899614 0.490593 0.895753 0.490593 0.893822 0.489146 0.891892 0.489146 0.888031 0.483357 0.880309 0.479016 0.880309 0.477569 0.878378
0 0.086831 0.84556 0.086831 0.84749 0.085384 0.849421 0.085384 0.851351 0.083936 0.853282 0.083936 0.855212 0.079595 0.861004 0.082489 0.861004 0.083936 0.859073 0.085384 0.859073 0.086831 0.857143 0.088278 0.857143 0.089725 0.855212 0.092619 0.855212 0.094067 0.853282 0.096961 0.853282 0.099855 0.849421 0.101302 0.849421 0.098408 0.849421 0.096961 0.84749 0.095514 0.84749 0.094067 0.84556
0 0.188133 0.816602 0.188133 0.824324 0.202605 0.824324 0.202605 0.816602
0 0.3589 0.801158 0.357453 0.803089 0.353111 0.803089 0.351664 0.805019 0.347323 0.805019 0.345876 0.80695 0.341534 0.80695 0.340087 0.80888 0.335745 0.80888 0.334298 0.810811 0.329957 0.810811 0.328509 0.812741 0.324168 0.812741 0.322721 0.814672 0.318379 0.814672 0.316932 0.816602 0.314038 0.816602 0.315485 0.818533 0.315485 0.820463 0.318379 0.824324 0.318379 0.826255 0.321274 0.830116 0.321274 0.832046 0.322721 0.833977 0.322721 0.835907 0.325615 0.839768 0.325615 0.841699 0.328509 0.84556 0.328509 0.84749 0.329957 0.849421 0.329957 0.851351 0.332851 0.855212 0.332851 0.857143 0.341534 0.868726 0.341534 0.870656 0.34877 0.880309 0.34877 0.882239 0.351664 0.8861 0.353111 0.8861 0.357453 0.891892 0.357453 0.893822 0.360347 0.897683 0.367583 0.897683 0.36903 0.895753 0.376266 0.895753 0.377713 0.893822 0.383502 0.893822 0.384949 0.891892 0.390738 0.891892 0.392185 0.889961 0.399421 0.889961 0.400868 0.888031 0.406657 0.888031 0.408104 0.8861 0.408104 0.88417 0.409551 0.882239 0.40521 0.876448 0.40521 0.874517 0.397974 0.864865 0.397974 0.862934 0.390738 0.853282 0.390738 0.851351 0.383502 0.841699 0.383502 0.839768 0.376266 0.830116 0.376266 0.828185 0.36903 0.818533 0.36903 0.816602 0.361795 0.80695 0.361795 0.805019
0 0.13314 0.795367 0.131693 0.797297 0.130246 0.797297 0.128799 0.799228 0.127352 0.799228 0.125904 0.801158 0.124457 0.801158 0.121563 0.805019 0.124457 0.805019 0.125904 0.80695 0.127352 0.80695 0.128799 0.80888 0.130246 0.80695 0.13314 0.80695 0.134588 0.805019 0.138929 0.805019 0.138929 0.797297 0.134588 0.797297
0 0.219971 0.723938 0.218524 0.725869 0.217077 0.725869 0.217077 0.72973 0.218524 0.73166 0.218524 0.733591 0.219971 0.735521 0.221418 0.733591 0.227207 0.733591 0.228654 0.73166 0.231548 0.73166 0.230101 0.72973 0.230101 0.727799 0.228654 0.725869 0.228654 0.723938
0 0.244573 0.716216 0.243126 0.718147 0.238784 0.718147 0.238784 0.725869 0.251809 0.725869 0.251809 0.722008 0.250362 0.720077 0.250362 0.718147 0.248915 0.716216
0 0.263386 0.694981 0.259045 0.700772 0.257598 0.700772 0.256151 0.702703 0.257598 0.704633 0.257598 0.706564 0.259045 0.708494 0.263386 0.708494 0.264834 0.706564 0.270622 0.706564 0.273517 0.702703 0.274964 0.702703 0.273517 0.700772 0.273517 0.698842 0.272069 0.696911 0.264834 0.696911
0 0.30246 0.69112 0.299566 0.694981 0.298119 0.694981 0.298119 0.698842 0.296671 0.700772 0.296671 0.702703 0.301013 0.708494 0.319826 0.708494 0.321274 0.706564 0.321274 0.704633 0.322721 0.702703 0.321274 0.700772 0.321274 0.698842 0.319826 0.696911 0.318379 0.696911 0.316932 0.694981 0.315485 0.694981 0.314038 0.69305 0.31259 0.69305 0.311143 0.69112
0 0.387844 0.583012 0.386397 0.584942 0.382055 0.584942 0.382055 0.588803 0.380608 0.590734 0.380608 0.594595 0.383502 0.598456 0.383502 0.600386 0.384949 0.602317 0.389291 0.602317 0.390738 0.600386 0.390738 0.598456 0.392185 0.596525 0.392185 0.592664 0.390738 0.590734 0.390738 0.586873
0 0.248915 0.544402 0.247467 0.546332 0.24602 0.546332 0.244573 0.548263 0.241679 0.548263 0.247467 0.555985 0.248915 0.554054 0.256151 0.554054 0.259045 0.550193 0.259045 0.544402
0 0.128799 0.53668 0.118669 0.550193 0.118669 0.554054 0.117221 0.555985 0.117221 0.57529 0.118669 0.57722 0.118669 0.583012 0.120116 0.581081 0.124457 0.581081 0.125904 0.579151 0.125904 0.57722 0.128799 0.573359 0.128799 0.571429 0.130246 0.569498 0.130246 0.567568 0.13314 0.563707 0.13314 0.561776 0.134588 0.559846 0.134588 0.557915 0.136035 0.555985 0.136035 0.552124 0.137482 0.550193 0.137482 0.544402 0.136035 0.544402 0.13314 0.540541 0.131693 0.540541
0 0.978292 0.525097 0.978292 0.527027 0.97974 0.528958 0.998553 0.528958 0.998553 0.525097
0 0.510854 0.525097 0.507959 0.528958 0.506512 0.528958 0.499276 0.53861 0.492041 0.53861 0.489146 0.542471 0.487699 0.542471 0.484805 0.546332 0.483357 0.546332 0.480463 0.550193 0.479016 0.550193 0.479016 0.552124 0.477569 0.554054 0.477569 0.555985 0.489146 0.555985 0.490593 0.557915 0.490593 0.559846 0.489146 0.561776 0.489146 0.563707 0.487699 0.565637 0.486252 0.565637 0.484805 0.567568 0.48191 0.567568 0.484805 0.567568 0.486252 0.569498 0.487699 0.569498 0.489146 0.571429 0.496382 0.571429 0.497829 0.573359 0.505065 0.573359 0.506512 0.57529 0.513748 0.57529 0.515195 0.57722 0.516643 0.57529 0.520984 0.57529 0.522431 0.573359 0.539797 0.573359 0.541245 0.571429 0.545586 0.571429 0.547033 0.573359 0.547033 0.571429 0.54848 0.569498 0.54848 0.567568 0.549928 0.565637 0.54848 0.563707 0.54848 0.561776 0.547033 0.559846 0.547033 0.557915 0.542692 0.552124 0.542692 0.550193 0.535456 0.540541 0.534009 0.540541 0.52822 0.532819 0.526773 0.532819 0.523878 0.528958 0.522431 0.528958 0.519537 0.525097
0 0.835022 0.469112 0.832127 0.472973 0.833575 0.474903 0.833575 0.476834 0.835022 0.478764 0.843705 0.478764 0.843705 0.469112
0 0.439942 0.455598 0.437048 0.459459 0.435601 0.459459 0.429812 0.467181 0.434153 0.472973 0.435601 0.471042 0.438495 0.471042 0.439942 0.469112 0.447178 0.469112 0.448625 0.467181 0.45152 0.467181 0.45152 0.46332 0.452967 0.46139 0.452967 0.459459 0.450072 0.459459 0.448625 0.457529 0.441389 0.457529
0 0.316932 0.445946 0.315485 0.447876 0.314038 0.447876 0.31259 0.449807 0.309696 0.449807 0.30246 0.459459 0.295224 0.459459 0.295224 0.46332 0.293777 0.465251 0.293777 0.469112 0.295224 0.469112 0.296671 0.471042 0.298119 0.471042 0.301013 0.474903 0.30246 0.474903 0.303907 0.476834 0.306802 0.472973 0.308249 0.472973 0.31259 0.467181 0.314038 0.467181 0.316932 0.46332 0.318379 0.46332 0.322721 0.457529 0.322721 0.455598 0.324168 0.453668 0.324168 0.451737 0.322721 0.451737 0.319826 0.447876 0.318379 0.447876
0 0.218524 0.426641 0.217077 0.428571 0.21563 0.428571 0.214182 0.430502 0.211288 0.430502 0.205499 0.438224 0.206946 0.440154 0.206946 0.442085 0.208394 0.444015 0.212735 0.444015 0.218524 0.451737 0.219971 0.449807 0.227207 0.449807 0.228654 0.447876 0.230101 0.447876 0.231548 0.445946 0.234443 0.445946 0.238784 0.440154 0.238784 0.438224 0.237337 0.436293 0.237337 0.434363 0.23589 0.432432 0.23589 0.430502 0.234443 0.428571 0.219971 0.428571
0 0.845152 0.418919 0.843705 0.420849 0.835022 0.420849 0.833575 0.42278 0.832127 0.42278 0.83068 0.42471 0.827786 0.42471 0.827786 0.426641 0.826339 0.428571 0.846599 0.428571 0.848046 0.426641 0.849493 0.426641 0.850941 0.42471 0.853835 0.42471 0.855282 0.42278 0.856729 0.42278 0.858177 0.420849 0.861071 0.420849 0.862518 0.418919 0.863965 0.418919
0 0.659913 0.389961 0.659913 0.395753 0.66136 0.393822 0.674385 0.393822 0.675832 0.395753 0.675832 0.393822 0.677279 0.391892 0.66136 0.391892
0 0.735166 0.34749 0.735166 0.349421 0.733719 0.351351 0.739508 0.351351 0.740955 0.353282 0.746744 0.353282 0.748191 0.355212 0.756874 0.355212 0.756874 0.353282 0.758321 0.351351 0.75398 0.351351 0.752533 0.349421 0.736614 0.349421
0 0.742402 0.322394 0.739508 0.326255 0.740955 0.328185 0.740955 0.330116 0.743849 0.330116 0.745297 0.332046 0.749638 0.332046 0.751085 0.333977 0.752533 0.332046 0.75398 0.332046 0.752533 0.330116 0.752533 0.328185 0.751085 0.326255 0.749638 0.326255 0.746744 0.322394
0 0.52822 0.281853 0.526773 0.283784 0.523878 0.283784 0.51809 0.291506 0.51809 0.295367 0.522431 0.295367 0.52822 0.287645
0 0.329957 0.281853 0.328509 0.283784 0.328509 0.285714 0.325615 0.289575 0.325615 0.291506 0.324168 0.293436 0.324168 0.295367 0.322721 0.297297 0.335745 0.297297 0.335745 0.287645 0.331404 0.281853
0 0.384949 0.279923 0.383502 0.281853 0.382055 0.281853 0.379161 0.285714 0.377713 0.285714 0.374819 0.289575 0.373372 0.289575 0.371925 0.291506 0.370478 0.291506 0.36903 0.293436 0.367583 0.293436 0.366136 0.295367 0.364689 0.295367 0.364689 0.297297 0.361795 0.301158 0.361795 0.303089 0.3589 0.30695 0.357453 0.30695 0.356006 0.30888 0.354559 0.30888 0.350217 0.314672 0.351664 0.316602 0.351664 0.318533 0.353111 0.320463 0.353111 0.322394 0.351664 0.324324 0.350217 0.324324 0.347323 0.328185 0.345876 0.328185 0.345876 0.332046 0.344428 0.333977 0.344428 0.343629 0.345876 0.34556 0.344428 0.34749 0.344428 0.349421 0.341534 0.353282 0.324168 0.353282 0.324168 0.355212 0.322721 0.357143 0.322721 0.359073 0.316932 0.366795 0.315485 0.366795 0.31259 0.370656 0.309696 0.370656 0.308249 0.372587 0.299566 0.372587 0.298119 0.374517 0.296671 0.374517 0.295224 0.376448 0.29233 0.376448 0.290883 0.378378 0.289436 0.378378 0.287988 0.380309 0.286541 0.380309 0.285094 0.382239 0.283647 0.382239 0.2822 0.38417 0.280753 0.38417 0.279305 0.3861 0.277858 0.3861 0.277858 0.391892 0.276411 0.393822 0.269175 0.393822 0.269175 0.397683 0.267728 0.399614 0.267728 0.401544 0.272069 0.401544 0.273517 0.403475 0.277858 0.403475 0.279305 0.405405 0.287988 0.405405 0.289436 0.403475 0.293777 0.403475 0.295224 0.401544 0.301013 0.401544 0.305355 0.407336 0.306802 0.407336 0.309696 0.411197 0.311143 0.411197 0.314038 0.415058 0.315485 0.415058 0.316932 0.416988 0.321274 0.416988 0.322721 0.418919 0.325615 0.418919 0.327062 0.420849 0.337192 0.420849 0.33864 0.418919 0.33864 0.416988 0.340087 0.415058 0.340087 0.413127 0.341534 0.411197 0.341534 0.409266 0.342981 0.407336 0.342981 0.401544 0.344428 0.399614 0.344428 0.38417 0.345876 0.382239 0.34877 0.382239 0.350217 0.380309 0.353111 0.380309 0.354559 0.378378 0.357453 0.378378 0.366136 0.366795 0.370478 0.366795 0.371925 0.368726 0.377713 0.368726 0.379161 0.370656 0.382055 0.370656 0.383502 0.372587 0.386397 0.372587 0.387844 0.374517 0.400868 0.374517 0.400868 0.372587 0.402315 0.370656 0.402315 0.368726 0.403763 0.366795 0.403763 0.364865 0.40521 0.362934 0.40521 0.361004 0.408104 0.357143 0.409551 0.359073 0.410999 0.359073 0.412446 0.361004 0.41534 0.361004 0.416787 0.362934 0.419682 0.362934 0.419682 0.361004 0.421129 0.359073 0.421129 0.349421 0.419682 0.34749 0.419682 0.34556 0.418234 0.343629 0.418234 0.341699 0.416787 0.339768 0.416787 0.337838 0.41534 0.337838 0.412446 0.333977 0.410999 0.333977 0.408104 0.330116 0.408104 0.328185 0.403763 0.322394 0.403763 0.320463 0.400868 0.316602 0.400868 0.314672 0.402315 0.312741 0.402315 0.30695 0.403763 0.305019 0.403763 0.297297 0.402315 0.295367 0.402315 0.289575 0.39508 0.279923
0 0.209841 0.276062 0.208394 0.277992 0.205499 0.277992 0.205499 0.283784 0.211288 0.283784 0.212735 0.285714 0.214182 0.283784 0.218524 0.283784 0.218524 0.276062
0 0.664255 0.223938 0.66136 0.227799 0.659913 0.227799 0.657019 0.23166 0.655572 0.23166 0.655572 0.237452 0.665702 0.237452 0.667149 0.235521 0.668596 0.235521 0.674385 0.227799 0.675832 0.227799 0.678726 0.223938
0 0.144718 0.187259 0.143271 0.189189 0.138929 0.189189 0.138929 0.19305 0.140376 0.19305 0.141823 0.194981 0.151954 0.194981 0.151954 0.189189 0.146165 0.189189
1 0.279305 0.942085 0.276411 0.945946 0.274964 0.945946 0.273517 0.947876 0.273517 0.959459 0.272069 0.96139 0.269175 0.96139 0.269175 0.96332 0.270622 0.965251 0.270622 0.967181 0.272069 0.969112 0.270622 0.971042 0.269175 0.971042 0.267728 0.972973 0.266281 0.972973 0.263386 0.976834 0.261939 0.976834 0.257598 0.982625 0.256151 0.982625 0.253256 0.986486 0.243126 0.986486 0.243126 0.998069 0.287988 0.998069 0.287988 0.988417 0.289436 0.986486 0.289436 0.972973 0.290883 0.971042 0.295224 0.971042 0.296671 0.969112 0.296671 0.967181 0.298119 0.965251 0.295224 0.965251 0.293777 0.96332 0.289436 0.96332 0.287988 0.96139 0.289436 0.959459 0.289436 0.957529 0.290883 0.955598 0.290883 0.953668 0.293777 0.949807 0.293777 0.947876 0.295224 0.945946 0.290883 0.945946 0.289436 0.944015 0.286541 0.944015 0.285094 0.942085
1 0.531114 0.930502 0.52822 0.934363 0.526773 0.934363 0.523878 0.938224 0.522431 0.938224 0.520984 0.940154 0.519537 0.940154 0.51809 0.942085 0.516643 0.942085 0.515195 0.944015 0.513748 0.944015 0.510854 0.947876 0.509407 0.947876 0.507959 0.949807 0.506512 0.949807 0.505065 0.951737 0.503618 0.951737 0.502171 0.953668 0.500724 0.953668 0.499276 0.955598 0.497829 0.955598 0.496382 0.957529 0.494935 0.957529 0.493488 0.959459 0.492041 0.959459 0.490593 0.96139 0.489146 0.96139 0.487699 0.96332 0.486252 0.96332 0.484805 0.965251 0.483357 0.965251 0.48191 0.967181 0.48191 0.969112 0.483357 0.971042 0.483357 0.976834 0.484805 0.978764 0.484805 0.986486 0.486252 0.988417 0.486252 0.994208 0.487699 0.996139 0.487699 0.998069 0.560058 0.998069 0.560058 0.996139 0.558611 0.994208 0.558611 0.992278 0.557164 0.990347 0.557164 0.988417 0.555716 0.986486 0.555716 0.984556 0.554269 0.982625 0.554269 0.980695 0.552822 0.978764 0.554269 0.976834 0.554269 0.974903 0.555716 0.972973 0.555716 0.971042 0.557164 0.969112 0.557164 0.967181 0.558611 0.965251 0.557164 0.96332 0.557164 0.96139 0.554269 0.957529 0.554269 0.955598 0.549928 0.949807 0.549928 0.947876 0.547033 0.944015 0.547033 0.942085 0.545586 0.940154 0.544139 0.940154 0.541245 0.936293 0.539797 0.936293 0.53835 0.934363 0.536903 0.934363 0.534009 0.930502
1 0.263386 0.891892 0.259045 0.897683 0.259045 0.899614 0.254703 0.905405 0.254703 0.911197 0.259045 0.905405 0.260492 0.905405 0.264834 0.899614 0.264834 0.897683 0.267728 0.893822 0.264834 0.893822
1 0.888567 0.8861 0.885673 0.889961 0.885673 0.891892 0.88712 0.893822 0.88712 0.897683 0.888567 0.899614 0.888567 0.905405 0.890014 0.907336 0.890014 0.911197 0.891462 0.913127 0.891462 0.915058 0.892909 0.913127 0.895803 0.913127 0.895803 0.911197 0.894356 0.909266 0.894356 0.903475 0.892909 0.901544 0.892909 0.897683 0.891462 0.895753 0.891462 0.893822 0.890014 0.891892 0.890014 0.889961 0.888567 0.888031
1 0.334298 0.876448 0.332851 0.878378 0.318379 0.878378 0.318379 0.882239 0.316932 0.88417 0.316932 0.8861 0.331404 0.905405 0.337192 0.905405 0.33864 0.907336 0.344428 0.907336 0.345876 0.909266 0.345876 0.920849 0.344428 0.92278 0.342981 0.92278 0.341534 0.92471 0.340087 0.92471 0.340087 0.938224 0.345876 0.938224 0.350217 0.932432 0.360347 0.932432 0.361795 0.934363 0.363242 0.934363 0.364689 0.936293 0.366136 0.936293 0.36903 0.940154 0.370478 0.940154 0.373372 0.944015 0.374819 0.944015 0.377713 0.947876 0.376266 0.949807 0.370478 0.949807 0.36903 0.951737 0.364689 0.951737 0.363242 0.953668 0.357453 0.953668 0.356006 0.955598 0.341534 0.955598 0.340087 0.957529 0.337192 0.957529 0.335745 0.959459 0.331404 0.959459 0.318379 0.976834 0.318379 0.984556 0.321274 0.988417 0.327062 0.988417 0.328509 0.990347 0.328509 0.988417 0.327062 0.986486 0.327062 0.982625 0.325615 0.980695 0.325615 0.978764 0.324168 0.976834 0.325615 0.974903 0.327062 0.974903 0.328509 0.972973 0.329957 0.972973 0.331404 0.971042 0.332851 0.971042 0.334298 0.969112 0.344428 0.969112 0.345876 0.967181 0.356006 0.967181 0.357453 0.965251 0.36903 0.965251 0.370478 0.96332 0.373372 0.96332 0.374819 0.96139 0.377713 0.96139 0.379161 0.959459 0.39508 0.959459 0.396527 0.96139 0.396527 0.96332 0.393632 0.967181 0.393632 0.969112 0.39508 0.971042 0.39508 0.972973 0.403763 0.96139 0.406657 0.96139 0.408104 0.96332 0.408104 0.965251 0.409551 0.967181 0.409551 0.969112 0.408104 0.971042 0.406657 0.971042 0.406657 0.974903 0.408104 0.976834 0.409551 0.976834 0.412446 0.980695 0.412446 0.982625 0.413893 0.984556 0.413893 0.986486 0.422576 0.986486 0.422576 0.982625 0.421129 0.982625 0.418234 0.978764 0.418234 0.974903 0.419682 0.972973 0.435601 0.972973 0.437048 0.974903 0.439942 0.971042 0.445731 0.971042 0.447178 0.972973 0.450072 0.972973 0.45152 0.974903 0.45152 0.972973 0.452967 0.971042 0.452967 0.969112 0.454414 0.967181 0.454414 0.96332 0.455861 0.96139 0.452967 0.96139 0.45152 0.959459 0.447178 0.959459 0.445731 0.957529 0.442836 0.957529 0.441389 0.955598 0.438495 0.955598 0.437048 0.953668 0.438495 0.951737 0.439942 0.951737 0.441389 0.949807 0.442836 0.949807 0.444284 0.947876 0.447178 0.947876 0.448625 0.945946 0.450072 0.945946 0.450072 0.944015 0.45152 0.942085 0.450072 0.944015 0.410999 0.944015 0.409551 0.942085 0.408104 0.942085 0.406657 0.940154 0.406657 0.938224 0.408104 0.936293 0.409551 0.936293 0.412446 0.932432 0.413893 0.932432 0.416787 0.928571 0.418234 0.928571 0.421129 0.92471 0.422576 0.92471 0.42547 0.920849 0.426918 0.920849 0.429812 0.916988 0.431259 0.916988 0.434153 0.913127 0.435601 0.913127 0.432706 0.909266 0.431259 0.911197 0.428365 0.911197 0.426918 0.913127 0.424023 0.913127 0.421129 0.916988 0.419682 0.916988 0.416787 0.920849 0.41534 0.920849 0.410999 0.926641 0.409551 0.926641 0.406657 0.930502 0.40521 0.930502 0.402315 0.934363 0.400868 0.934363 0.396527 0.940154 0.39508 0.940154 0.392185 0.944015 0.390738 0.944015 0.387844 0.947876 0.383502 0.947876 0.382055 0.945946 0.383502 0.944015 0.383502 0.942085 0.384949 0.940154 0.384949 0.938224 0.383502 0.936293 0.382055 0.936293 0.379161 0.932432 0.377713 0.932432 0.373372 0.926641 0.371925 0.926641 0.36903 0.92278 0.367583 0.92278 0.363242 0.916988 0.361795 0.916988 0.3589 0.913127 0.357453 0.913127 0.354559 0.909266 0.357453 0.905405 0.357453 0.903475 0.360347 0.899614 0.356006 0.893822 0.356006 0.891892 0.353111 0.888031 0.351664 0.888031 0.350217 0.8861 0.34877 0.8861 0.347323 0.88417 0.344428 0.88417 0.342981 0.882239 0.341534 0.882239 0.340087 0.880309 0.33864 0.880309 0.337192 0.878378 0.335745 0.878378
1 0.560058 0.870656 0.558611 0.872587 0.554269 0.872587 0.54848 0.880309 0.54848 0.88417 0.547033 0.8861 0.547033 0.888031 0.552822 0.895753 0.554269 0.895753 0.555716 0.897683 0.557164 0.897683 0.558611 0.899614 0.560058 0.899614 0.562952 0.903475 0.564399 0.903475 0.567294 0.907336 0.570188 0.907336 0.571635 0.909266 0.573082 0.909266 0.57453 0.911197 0.581766 0.911197 0.589001 0.920849 0.589001 0.92471 0.587554 0.926641 0.587554 0.928571 0.586107 0.930502 0.58466 0.930502 0.581766 0.934363 0.575977 0.934363 0.57453 0.932432 0.570188 0.932432 0.568741 0.930502 0.567294 0.932432 0.562952 0.932432 0.558611 0.938224 0.554269 0.932432 0.551375 0.936293 0.549928 0.936293 0.551375 0.938224 0.551375 0.940154 0.555716 0.945946 0.555716 0.947876 0.557164 0.949807 0.557164 0.951737 0.558611 0.953668 0.558611 0.957529 0.560058 0.959459 0.560058 0.96139 0.561505 0.959459 0.562952 0.959459 0.562952 0.957529 0.561505 0.955598 0.561505 0.953668 0.560058 0.951737 0.560058 0.947876 0.558611 0.945946 0.558611 0.944015 0.560058 0.942085 0.562952 0.942085 0.564399 0.940154 0.570188 0.940154 0.571635 0.942085 0.57453 0.942085 0.575977 0.944015 0.577424 0.942085 0.58466 0.942085 0.587554 0.938224 0.589001 0.938224 0.591896 0.934363 0.593343 0.934363 0.596237 0.930502 0.596237 0.928571 0.600579 0.92278 0.600579 0.920849 0.603473 0.916988 0.603473 0.915058 0.606368 0.911197 0.606368 0.909266 0.607815 0.907336 0.607815 0.905405 0.609262 0.903475 0.609262 0.901544 0.607815 0.899614 0.607815 0.895753 0.603473 0.895753 0.602026 0.893822 0.602026 0.882239 0.600579 0.880309 0.600579 0.878378 0.593343 0.878378 0.591896 0.880309 0.581766 0.880309 0.580318 0.878378 0.577424 0.878378 0.575977 0.876448 0.571635 0.876448 0.570188 0.874517 0.567294 0.874517 0.565847 0.872587 0.561505 0.872587
1 0.261939 0.866795 0.257598 0.872587 0.261939 0.872587 0.263386 0.874517 0.264834 0.874517 0.266281 0.876448 0.267728 0.876448 0.269175 0.878378 0.277858 0.878378 0.279305 0.880309 0.279305 0.88417 0.277858 0.8861 0.277858 0.895753 0.276411 0.897683 0.274964 0.897683 0.273517 0.899614 0.270622 0.899614 0.270622 0.903475 0.269175 0.905405 0.269175 0.907336 0.267728 0.909266 0.266281 0.909266 0.264834 0.911197 0.263386 0.911197 0.267728 0.916988 0.273517 0.916988 0.274964 0.918919 0.276411 0.916988 0.2822 0.916988 0.286541 0.911197 0.287988 0.911197 0.289436 0.909266 0.289436 0.907336 0.290883 0.905405 0.290883 0.903475 0.29233 0.901544 0.29233 0.899614 0.293777 0.897683 0.293777 0.895753 0.296671 0.891892 0.296671 0.889961 0.305355 0.878378 0.30246 0.878378 0.301013 0.876448 0.299566 0.876448 0.298119 0.874517 0.290883 0.874517 0.289436 0.872587 0.289436 0.870656 0.287988 0.868726 0.287988 0.866795 0.283647 0.866795 0.280753 0.870656 0.264834 0.870656
1 0.193922 0.810811 0.192475 0.812741 0.185239 0.812741 0.183792 0.814672 0.180897 0.814672 0.17945 0.816602 0.175109 0.816602 0.173661 0.818533 0.172214 0.818533 0.170767 0.820463 0.167873 0.820463 0.166425 0.822394 0.166425 0.824324 0.163531 0.828185 0.149059 0.828185 0.147612 0.830116 0.138929 0.830116 0.13314 0.837838 0.131693 0.837838 0.127352 0.843629 0.125904 0.843629 0.124457 0.84556 0.12301 0.84556 0.120116 0.849421 0.12301 0.853282 0.120116 0.857143 0.118669 0.857143 0.115774 0.861004 0.114327 0.861004 0.111433 0.864865 0.109986 0.864865 0.108538 0.866795 0.108538 0.872587 0.11288 0.872587 0.114327 0.874517 0.117221 0.870656 0.120116 0.874517 0.120116 0.876448 0.131693 0.876448 0.13314 0.874517 0.154848 0.874517 0.156295 0.876448 0.156295 0.878378 0.157742 0.880309 0.157742 0.895753 0.156295 0.897683 0.156295 0.901544 0.153401 0.905405 0.151954 0.905405 0.150507 0.907336 0.147612 0.907336 0.146165 0.909266 0.143271 0.909266 0.141823 0.911197 0.138929 0.911197 0.140376 0.913127 0.140376 0.915058 0.141823 0.916988 0.143271 0.915058 0.144718 0.915058 0.146165 0.913127 0.147612 0.913127 0.149059 0.911197 0.154848 0.911197 0.156295 0.913127 0.156295 0.916988 0.15919 0.913127 0.160637 0.913127 0.162084 0.911197 0.162084 0.909266 0.163531 0.907336 0.163531 0.903475 0.164978 0.901544 0.164978 0.899614 0.166425 0.897683 0.166425 0.895753 0.172214 0.888031 0.173661 0.888031 0.176556 0.88417 0.178003 0.88417 0.176556 0.88417 0.175109 0.882239 0.172214 0.882239 0.170767 0.880309 0.16932 0.880309 0.167873 0.878378 0.170767 0.874517 0.170767 0.872587 0.172214 0.870656 0.172214 0.868726 0.173661 0.866795 0.173661 0.864865 0.175109 0.862934 0.175109 0.855212 0.176556 0.853282 0.176556 0.849421 0.178003 0.84749 0.183792 0.84749 0.185239 0.849421 0.186686 0.84749 0.188133 0.84749 0.18958 0.84556 0.191027 0.84556 0.18958 0.843629 0.18958 0.841699 0.186686 0.837838 0.186686 0.835907 0.185239 0.833977 0.175109 0.833977 0.173661 0.832046 0.173661 0.826255 0.175109 0.824324 0.176556 0.824324 0.178003 0.822394 0.180897 0.822394 0.182344 0.824324 0.183792 0.824324 0.185239 0.826255 0.188133 0.826255 0.18958 0.828185 0.191027 0.828185 0.192475 0.830116 0.204052 0.830116 0.205499 0.832046 0.208394 0.828185 0.209841 0.828185 0.209841 0.820463 0.208394 0.818533 0.208394 0.816602 0.206946 0.814672 0.206946 0.812741 0.195369 0.812741
1 0.286541 0.783784 0.2822 0.789575 0.280753 0.789575 0.279305 0.791506 0.279305 0.793436 0.277858 0.795367 0.277858 0.797297 0.276411 0.799228 0.276411 0.801158 0.274964 0.803089 0.274964 0.805019 0.273517 0.80695 0.273517 0.80888 0.269175 0.814672 0.267728 0.814672 0.266281 0.816602 0.259045 0.816602 0.257598 0.818533 0.254703 0.818533 0.253256 0.820463 0.250362 0.820463 0.247467 0.824324 0.247467 0.826255 0.24602 0.828185 0.24602 0.830116 0.244573 0.832046 0.244573 0.835907 0.243126 0.837838 0.243126 0.839768 0.244573 0.839768 0.24602 0.841699 0.247467 0.841699 0.248915 0.843629 0.250362 0.843629 0.251809 0.84556 0.253256 0.84556 0.254703 0.84749 0.257598 0.84749 0.259045 0.849421 0.261939 0.849421 0.263386 0.84749 0.264834 0.84749 0.266281 0.849421 0.267728 0.84749 0.274964 0.84749 0.276411 0.849421 0.280753 0.843629 0.285094 0.843629 0.286541 0.84556 0.286541 0.84749 0.287988 0.849421 0.29233 0.849421 0.295224 0.853282 0.295224 0.855212 0.296671 0.857143 0.298119 0.857143 0.301013 0.861004 0.30246 0.861004 0.303907 0.862934 0.305355 0.862934 0.306802 0.864865 0.308249 0.864865 0.309696 0.866795 0.31259 0.866795 0.314038 0.868726 0.316932 0.868726 0.318379 0.870656 0.321274 0.866795 0.322721 0.866795 0.322721 0.864865 0.324168 0.862934 0.324168 0.861004 0.325615 0.859073 0.325615 0.857143 0.327062 0.855212 0.327062 0.853282 0.328509 0.851351 0.328509 0.849421 0.327062 0.84749 0.327062 0.84556 0.324168 0.841699 0.324168 0.839768 0.321274 0.835907 0.321274 0.833977 0.319826 0.832046 0.319826 0.830116 0.316932 0.826255 0.316932 0.824324 0.314038 0.820463 0.314038 0.818533 0.31259 0.816602 0.303907 0.816602 0.30246 0.814672 0.301013 0.814672 0.298119 0.810811 0.296671 0.810811 0.295224 0.80888 0.295224 0.803089 0.296671 0.801158 0.296671 0.799228 0.298119 0.797297 0.298119 0.795367 0.296671 0.793436 0.296671 0.789575 0.295224 0.787645 0.295224 0.785714 0.293777 0.783784
1 0.587554 0.73166 0.586107 0.733591 0.561505 0.733591 0.561505 0.739382 0.578871 0.739382 0.580318 0.737452 0.587554 0.737452
1 0.858177 0.696911 0.856729 0.698842 0.836469 0.698842 0.835022 0.700772 0.823444 0.700772 0.821997 0.702703 0.819103 0.702703 0.817656 0.704633 0.813314 0.704633 0.811867 0.706564 0.808973 0.706564 0.807525 0.708494 0.804631 0.708494 0.803184 0.710425 0.801737 0.710425 0.800289 0.712355 0.797395 0.712355 0.795948 0.714286 0.793054 0.714286 0.790159 0.718147 0.788712 0.718147 0.785818 0.722008 0.78437 0.722008 0.782923 0.723938 0.782923 0.725869 0.781476 0.727799 0.781476 0.72973 0.780029 0.73166 0.780029 0.733591 0.778582 0.735521 0.778582 0.739382 0.777135 0.741313 0.777135 0.750965 0.775687 0.752896 0.775687 0.760618 0.78437 0.760618 0.78437 0.754826 0.785818 0.752896 0.785818 0.741313 0.787265 0.739382 0.787265 0.733591 0.791606 0.727799 0.793054 0.727799 0.797395 0.722008 0.798842 0.722008 0.800289 0.720077 0.803184 0.720077 0.804631 0.718147 0.806078 0.718147 0.807525 0.716216 0.81042 0.716216 0.811867 0.714286 0.813314 0.714286 0.814761 0.712355 0.819103 0.712355 0.82055 0.710425 0.824891 0.710425 0.826339 0.708494 0.83068 0.708494 0.832127 0.706564 0.868307 0.706564 0.869754 0.708494 0.891462 0.708494 0.891462 0.706564 0.892909 0.704633 0.88712 0.704633 0.885673 0.702703 0.878437 0.702703 0.87699 0.700772 0.871201 0.700772 0.869754 0.698842 0.859624 0.698842
1 0.936324 0.667954 0.934877 0.669884 0.93343 0.669884 0.931983 0.671815 0.929088 0.671815 0.927641 0.673745 0.926194 0.673745 0.924747 0.675676 0.9233 0.675676 0.9233 0.677606 0.924747 0.679537 0.924747 0.685328 0.926194 0.687259 0.926194 0.69305 0.927641 0.694981 0.927641 0.698842 0.929088 0.700772 0.929088 0.706564 0.930535 0.708494 0.930535 0.714286 0.931983 0.716216 0.93343 0.714286 0.934877 0.714286 0.936324 0.712355 0.939219 0.712355 0.940666 0.710425 0.942113 0.710425 0.94356 0.708494 0.945007 0.708494 0.946454 0.706564 0.950796 0.712355 0.952243 0.712355 0.958032 0.720077 0.959479 0.720077 0.965268 0.727799 0.966715 0.727799 0.973951 0.737452 0.975398 0.737452 0.981187 0.745174 0.982634 0.745174 0.988423 0.752896 0.98987 0.752896 0.995658 0.760618 0.997106 0.760618 0.998553 0.762548 0.998553 0.749035 0.995658 0.745174 0.994211 0.745174 0.985528 0.733591 0.984081 0.733591 0.976845 0.723938 0.975398 0.723938 0.966715 0.712355 0.965268 0.712355 0.960926 0.706564 0.960926 0.698842 0.962373 0.696911 0.963821 0.698842 0.981187 0.698842 0.982634 0.696911 0.982634 0.694981 0.984081 0.69305 0.984081 0.69112 0.976845 0.69112 0.975398 0.689189 0.969609 0.689189 0.968162 0.687259 0.960926 0.687259 0.959479 0.685328 0.952243 0.685328 0.945007 0.675676 0.94356 0.675676 0.937771 0.667954
1 0.552822 0.658301 0.552822 0.667954 0.555716 0.671815 0.555716 0.673745 0.557164 0.675676 0.560058 0.675676 0.561505 0.677606 0.564399 0.677606 0.565847 0.679537 0.567294 0.679537 0.568741 0.681467 0.570188 0.681467 0.571635 0.683398 0.580318 0.683398 0.581766 0.685328 0.583213 0.685328 0.586107 0.689189 0.591896 0.689189 0.59479 0.685328 0.596237 0.685328 0.599132 0.681467 0.600579 0.681467 0.597685 0.677606 0.597685 0.675676 0.596237 0.673745 0.591896 0.673745 0.590449 0.671815 0.587554 0.671815 0.586107 0.669884 0.581766 0.669884 0.580318 0.667954 0.577424 0.667954 0.575977 0.666023 0.573082 0.666023 0.571635 0.664093 0.568741 0.664093 0.567294 0.662162 0.565847 0.662162 0.564399 0.660232 0.561505 0.660232 0.560058 0.658301
1 0.183792 0.635135 0.182344 0.637066 0.180897 0.637066 0.175109 0.644788 0.173661 0.644788 0.167873 0.65251 0.166425 0.65251 0.162084 0.658301 0.15919 0.658301 0.157742 0.660232 0.156295 0.660232 0.154848 0.662162 0.151954 0.662162 0.150507 0.664093 0.147612 0.664093 0.146165 0.666023 0.143271 0.666023 0.141823 0.667954 0.140376 0.667954 0.138929 0.669884 0.136035 0.669884 0.134588 0.671815 0.131693 0.671815 0.130246 0.673745 0.127352 0.673745 0.125904 0.675676 0.124457 0.675676 0.12301 0.677606 0.120116 0.677606 0.118669 0.679537 0.115774 0.675676 0.115774 0.673745 0.11288 0.669884 0.11288 0.667954 0.109986 0.664093 0.109986 0.662162 0.108538 0.660232 0.107091 0.660232 0.104197 0.656371 0.10275 0.656371 0.101302 0.65444 0.099855 0.65444 0.098408 0.65251 0.096961 0.65251 0.094067 0.648649 0.085384 0.648649 0.083936 0.650579 0.078148 0.650579 0.0767 0.65251 0.069465 0.65251 0.068017 0.65444 0.062229 0.65444 0.060781 0.656371 0.049204 0.656371 0.047757 0.658301 0.036179 0.658301 0.034732 0.660232 0.024602 0.660232 0.023155 0.662162 0.011577 0.662162 0.01013 0.664093 0.0 0.664093 0.0 0.739382 0.002894 0.743243 0.002894 0.745174 0.007236 0.750965 0.007236 0.752896 0.011577 0.758687 0.011577 0.760618 0.015919 0.766409 0.015919 0.76834 0.02026 0.774131 0.02026 0.776062 0.024602 0.781853 0.024602 0.783784 0.027496 0.787645 0.015919 0.803089 0.018813 0.803089 0.023155 0.797297 0.024602 0.797297 0.031838 0.787645 0.031838 0.785714 0.033285 0.783784 0.033285 0.781853 0.034732 0.779923 0.034732 0.777992 0.037627 0.774131 0.037627 0.772201 0.039074 0.77027 0.039074 0.76834 0.040521 0.766409 0.040521 0.764479 0.043415 0.760618 0.047757 0.766409 0.047757 0.76834 0.050651 0.772201 0.0767 0.772201 0.0767 0.77027 0.078148 0.76834 0.078148 0.766409 0.079595 0.764479 0.079595 0.762548 0.081042 0.760618 0.081042 0.758687 0.082489 0.756757 0.082489 0.754826 0.083936 0.752896 0.083936 0.750965 0.085384 0.749035 0.085384 0.747104 0.086831 0.745174 0.086831 0.743243 0.088278 0.741313 0.088278 0.739382 0.089725 0.737452 0.089725 0.735521 0.091172 0.733591 0.088278 0.72973 0.088278 0.727799 0.082489 0.720077 0.082489 0.718147 0.079595 0.714286 0.081042 0.712355 0.111433 0.712355 0.11288 0.710425 0.115774 0.710425 0.117221 0.708494 0.121563 0.708494 0.12301 0.706564 0.125904 0.706564 0.125904 0.704633 0.127352 0.702703 0.089725 0.702703 0.088278 0.700772 0.089725 0.698842 0.094067 0.698842 0.095514 0.696911 0.099855 0.696911 0.101302 0.694981 0.107091 0.694981 0.108538 0.69305 0.11288 0.69305 0.114327 0.69112 0.118669 0.69112 0.120116 0.689189 0.124457 0.689189 0.125904 0.687259 0.131693 0.687259 0.13314 0.685328 0.137482 0.685328 0.138929 0.683398 0.143271 0.683398 0.144718 0.685328 0.143271 0.687259 0.143271 0.689189 0.137482 0.696911 0.137482 0.698842 0.140376 0.694981 0.141823 0.694981 0.143271 0.69305 0.144718 0.69305 0.146165 0.69112 0.147612 0.69112 0.150507 0.687259 0.151954 0.687259 0.153401 0.685328 0.154848 0.685328 0.156295 0.683398 0.157742 0.683398 0.15919 0.681467 0.160637 0.681467 0.163531 0.677606 0.164978 0.677606 0.166425 0.675676 0.167873 0.675676 0.16932 0.673745 0.170767 0.673745 0.173661 0.669884 0.175109 0.669884 0.176556 0.667954 0.178003 0.667954 0.17945 0.666023 0.180897 0.666023 0.183792 0.662162 0.185239 0.662162 0.186686 0.660232 0.188133 0.660232 0.186686 0.658301 0.183792 0.658301 0.182344 0.660232 0.180897 0.660232 0.17945 0.662162 0.178003 0.662162 0.175109 0.666023 0.173661 0.666023 0.172214 0.667954 0.170767 0.667954 0.16932 0.669884 0.166425 0.666023 0.166425 0.664093 0.164978 0.662162 0.170767 0.65444 0.172214 0.65444 0.180897 0.642857 0.182344 0.642857 0.186686 0.637066 0.185239 0.635135
1 0.311143 0.604247 0.309696 0.606178 0.301013 0.606178 0.299566 0.608108 0.295224 0.608108 0.293777 0.610039 0.289436 0.610039 0.287988 0.611969 0.283647 0.611969 0.2822 0.6139 0.277858 0.6139 0.276411 0.61583 0.272069 0.61583 0.270622 0.617761 0.266281 0.617761 0.266281 0.619691 0.264834 0.621622 0.266281 0.621622 0.267728 0.623552 0.269175 0.623552 0.270622 0.625483 0.272069 0.623552 0.277858 0.623552 0.279305 0.621622 0.283647 0.621622 0.285094 0.619691 0.289436 0.619691 0.290883 0.617761 0.296671 0.617761 0.298119 0.61583 0.303907 0.61583 0.305355 0.6139 0.311143 0.6139
1 0.913169 0.57529 0.911722 0.57722 0.910275 0.57722 0.908828 0.579151 0.907381 0.579151 0.904486 0.583012 0.903039 0.583012 0.901592 0.584942 0.900145 0.584942 0.903039 0.588803 0.89725 0.596525 0.89725 0.598456 0.891462 0.606178 0.891462 0.608108 0.892909 0.610039 0.892909 0.611969 0.894356 0.6139 0.894356 0.61583 0.895803 0.61583 0.89725 0.617761 0.898698 0.617761 0.900145 0.619691 0.901592 0.619691 0.903039 0.621622 0.914616 0.621622 0.916064 0.623552 0.930535 0.623552 0.931983 0.621622 0.969609 0.621622 0.971056 0.623552 0.969609 0.621622 0.968162 0.621622 0.963821 0.61583 0.958032 0.61583 0.956585 0.6139 0.949349 0.6139 0.947902 0.611969 0.942113 0.611969 0.940666 0.610039 0.949349 0.598456 0.950796 0.598456 0.95369 0.602317 0.955137 0.602317 0.958032 0.606178 0.959479 0.606178 0.962373 0.610039 0.963821 0.610039 0.966715 0.6139 0.968162 0.6139 0.971056 0.617761 0.973951 0.617761 0.975398 0.619691 0.976845 0.619691 0.978292 0.621622 0.981187 0.621622 0.982634 0.623552 0.984081 0.623552 0.985528 0.625483 0.988423 0.625483 0.98987 0.627413 0.991317 0.627413 0.992764 0.629344 0.995658 0.629344 0.997106 0.631274 0.998553 0.631274 0.998553 0.588803 0.976845 0.588803 0.975398 0.586873 0.95369 0.586873 0.952243 0.584942 0.950796 0.586873 0.940666 0.586873 0.939219 0.584942 0.937771 0.584942 0.936324 0.583012 0.93343 0.583012 0.931983 0.581081 0.930535 0.581081 0.929088 0.579151 0.926194 0.579151 0.924747 0.57722 0.914616 0.57722
1 0.086831 0.565637 0.085384 0.567568 0.079595 0.567568 0.079595 0.569498 0.078148 0.571429 0.082489 0.57722 0.081042 0.579151 0.081042 0.581081 0.0767 0.586873 0.0767 0.588803 0.073806 0.592664 0.073806 0.594595 0.065123 0.606178 0.065123 0.610039 0.063676 0.611969 0.063676 0.617761 0.065123 0.619691 0.065123 0.623552 0.068017 0.627413 0.073806 0.627413 0.075253 0.629344 0.098408 0.629344 0.099855 0.627413 0.101302 0.627413 0.101302 0.623552 0.10275 0.621622 0.10275 0.619691 0.099855 0.61583 0.099855 0.6139 0.098408 0.611969 0.096961 0.611969 0.095514 0.610039 0.094067 0.610039 0.091172 0.606178 0.091172 0.604247 0.089725 0.602317 0.089725 0.588803 0.091172 0.586873 0.091172 0.581081 0.092619 0.579151 0.092619 0.57722 0.098408 0.569498 0.096961 0.569498 0.095514 0.567568 0.094067 0.567568 0.092619 0.565637
1 0.811867 0.542471 0.81042 0.544402 0.807525 0.544402 0.806078 0.546332 0.801737 0.546332 0.800289 0.548263 0.797395 0.548263 0.797395 0.552124 0.795948 0.554054 0.795948 0.555985 0.794501 0.557915 0.778582 0.557915 0.777135 0.555985 0.777135 0.559846 0.778582 0.561776 0.778582 0.567568 0.782923 0.567568 0.78437 0.569498 0.787265 0.569498 0.788712 0.571429 0.816208 0.571429 0.817656 0.573359 0.817656 0.571429 0.816208 0.569498 0.816208 0.567568 0.814761 0.565637 0.814761 0.563707 0.811867 0.559846 0.811867 0.557915 0.81042 0.555985 0.811867 0.554054 0.813314 0.554054 0.814761 0.552124 0.816208 0.552124 0.817656 0.550193 0.819103 0.550193 0.817656 0.548263 0.816208 0.548263
1 0.037627 0.542471 0.036179 0.544402 0.031838 0.544402 0.028944 0.548263 0.027496 0.546332 0.027496 0.544402 0.026049 0.546332 0.023155 0.546332 0.021708 0.548263 0.017366 0.548263 0.015919 0.550193 0.013025 0.550193 0.01013 0.554054 0.01013 0.555985 0.007236 0.559846 0.008683 0.561776 0.01013 0.561776 0.013025 0.565637 0.017366 0.565637 0.018813 0.567568 0.02026 0.567568 0.024602 0.573359 0.024602 0.57529 0.026049 0.57722 0.026049 0.579151 0.027496 0.581081 0.027496 0.583012 0.028944 0.584942 0.028944 0.588803 0.030391 0.590734 0.030391 0.594595 0.028944 0.596525 0.023155 0.596525 0.023155 0.602317 0.033285 0.602317 0.034732 0.600386 0.034732 0.598456 0.036179 0.596525 0.04631 0.596525 0.047757 0.594595 0.054993 0.594595 0.054993 0.590734 0.05644 0.588803 0.05644 0.586873 0.053546 0.586873 0.052098 0.584942 0.044863 0.584942 0.043415 0.583012 0.043415 0.581081 0.039074 0.57529 0.041968 0.571429 0.040521 0.571429 0.036179 0.565637 0.034732 0.565637 0.030391 0.559846 0.030391 0.557915 0.031838 0.555985 0.031838 0.554054 0.034732 0.550193 0.039074 0.550193 0.039074 0.548263 0.040521 0.546332
1 0.913169 0.534749 0.911722 0.53668 0.903039 0.53668 0.901592 0.53861 0.892909 0.53861 0.891462 0.540541 0.882779 0.540541 0.882779 0.542471 0.879884 0.546332 0.872648 0.546332 0.871201 0.544402 0.862518 0.544402 0.861071 0.542471 0.858177 0.546332 0.868307 0.559846 0.869754 0.559846 0.871201 0.561776 0.874096 0.561776 0.875543 0.563707 0.87699 0.563707 0.878437 0.565637 0.879884 0.565637 0.881331 0.567568 0.882779 0.567568 0.884226 0.569498 0.88712 0.569498 0.888567 0.571429 0.890014 0.571429 0.891462 0.573359 0.892909 0.571429 0.89725 0.571429 0.898698 0.569498 0.904486 0.569498 0.905933 0.567568 0.920405 0.567568 0.921852 0.569498 0.930535 0.569498 0.931983 0.571429 0.942113 0.571429 0.94356 0.573359 0.94356 0.569498 0.945007 0.567568 0.945007 0.563707 0.942113 0.563707 0.940666 0.561776 0.937771 0.561776 0.936324 0.559846 0.93343 0.559846 0.931983 0.557915 0.930535 0.557915 0.929088 0.555985 0.926194 0.555985 0.924747 0.554054 0.921852 0.554054 0.918958 0.550193 0.918958 0.548263 0.917511 0.546332 0.917511 0.544402 0.916064 0.542471 0.916064 0.540541 0.914616 0.53861 0.914616 0.53668
1 0.463097 0.528958 0.455861 0.53861 0.454414 0.53861 0.452967 0.540541 0.428365 0.540541 0.426918 0.542471 0.42547 0.542471 0.424023 0.544402 0.421129 0.544402 0.409551 0.559846 0.409551 0.563707 0.408104 0.565637 0.408104 0.57722 0.412446 0.57722 0.413893 0.579151 0.41534 0.57722 0.418234 0.57722 0.418234 0.567568 0.42547 0.557915 0.432706 0.557915 0.434153 0.559846 0.435601 0.557915 0.441389 0.557915 0.442836 0.559846 0.442836 0.565637 0.441389 0.567568 0.441389 0.569498 0.442836 0.571429 0.442836 0.573359 0.444284 0.57529 0.448625 0.57529 0.454414 0.567568 0.457308 0.567568 0.460203 0.571429 0.46165 0.571429 0.464544 0.57529 0.468886 0.57529 0.470333 0.57722 0.46165 0.588803 0.46165 0.592664 0.460203 0.594595 0.460203 0.600386 0.46165 0.602317 0.46165 0.606178 0.463097 0.608108 0.463097 0.610039 0.464544 0.610039 0.467438 0.6139 0.473227 0.6139 0.474674 0.61583 0.474674 0.617761 0.476122 0.619691 0.476122 0.621622 0.479016 0.621622 0.480463 0.623552 0.48191 0.621622 0.489146 0.621622 0.490593 0.619691 0.492041 0.619691 0.493488 0.617761 0.496382 0.617761 0.500724 0.611969 0.502171 0.611969 0.506512 0.606178 0.506512 0.604247 0.510854 0.598456 0.510854 0.596525 0.512301 0.594595 0.510854 0.592664 0.510854 0.590734 0.509407 0.588803 0.509407 0.586873 0.505065 0.581081 0.505065 0.579151 0.502171 0.57529 0.497829 0.57529 0.496382 0.573359 0.486252 0.573359 0.484805 0.57529 0.479016 0.57529 0.477569 0.57722 0.470333 0.57722 0.468886 0.57529 0.473227 0.569498 0.473227 0.567568 0.474674 0.565637 0.474674 0.561776 0.476122 0.559846 0.476122 0.554054 0.474674 0.552124 0.474674 0.546332 0.473227 0.544402 0.473227 0.53861 0.47178 0.53668 0.47178 0.532819 0.468886 0.528958
1 0.085384 0.5 0.075253 0.513514 0.075253 0.515444 0.069465 0.523166 0.069465 0.525097 0.06657 0.528958 0.06657 0.532819 0.065123 0.534749 0.065123 0.53668 0.068017 0.53668 0.069465 0.534749 0.070912 0.534749 0.072359 0.532819 0.073806 0.532819 0.075253 0.530888 0.078148 0.530888 0.079595 0.528958 0.081042 0.528958 0.082489 0.527027 0.082489 0.525097 0.083936 0.523166 0.083936 0.521236 0.086831 0.517375 0.086831 0.515444 0.088278 0.513514 0.088278 0.511583 0.089725 0.509653 0.089725 0.507722 0.091172 0.505792 0.091172 0.503861 0.092619 0.501931 0.092619 0.5
1 0.023155 0.492278 0.021708 0.494208 0.02026 0.494208 0.018813 0.496139 0.017366 0.496139 0.015919 0.498069 0.014472 0.498069 0.014472 0.503861 0.015919 0.505792 0.015919 0.507722 0.02026 0.513514 0.026049 0.513514 0.027496 0.515444 0.027496 0.517375 0.028944 0.519305 0.028944 0.521236 0.044863 0.521236 0.044863 0.507722 0.043415 0.505792 0.043415 0.503861 0.040521 0.5 0.040521 0.498069 0.039074 0.498069 0.036179 0.494208 0.033285 0.494208 0.031838 0.492278
1 0.0 0.409266 0.0 0.457529 0.002894 0.457529 0.004342 0.455598 0.007236 0.455598 0.008683 0.453668 0.01013 0.453668 0.011577 0.451737 0.014472 0.451737 0.015919 0.449807 0.018813 0.449807 0.02026 0.447876 0.023155 0.447876 0.024602 0.445946 0.026049 0.445946 0.027496 0.444015 0.030391 0.444015 0.030391 0.409266
1 0.70767 0.401544 0.704776 0.405405 0.704776 0.407336 0.701881 0.411197 0.698987 0.411197 0.69754 0.409266 0.693198 0.409266 0.691751 0.407336 0.688857 0.407336 0.68741 0.405405 0.684515 0.405405 0.683068 0.403475 0.681621 0.405405 0.671491 0.405405 0.670043 0.407336 0.659913 0.407336 0.659913 0.413127 0.671491 0.413127 0.672938 0.415058 0.677279 0.415058 0.678726 0.416988 0.681621 0.416988 0.683068 0.418919 0.68741 0.418919 0.688857 0.420849 0.691751 0.420849 0.693198 0.42278 0.694645 0.420849 0.69754 0.420849 0.698987 0.418919 0.701881 0.418919 0.703329 0.416988 0.70767 0.416988 0.709117 0.415058 0.712012 0.415058 0.713459 0.413127 0.725036 0.413127 0.726483 0.411197 0.739508 0.411197 0.739508 0.401544
1 0.166425 0.391892 0.164978 0.393822 0.162084 0.393822 0.15919 0.397683 0.157742 0.397683 0.156295 0.399614 0.160637 0.405405 0.162084 0.403475 0.170767 0.403475 0.172214 0.401544 0.172214 0.399614 0.173661 0.397683 0.173661 0.391892
1 0.606368 0.389961 0.60492 0.391892 0.603473 0.391892 0.602026 0.393822 0.599132 0.393822 0.596237 0.397683 0.596237 0.399614 0.593343 0.403475 0.59479 0.405405 0.59479 0.407336 0.599132 0.407336 0.600579 0.409266 0.615051 0.409266 0.616498 0.411197 0.623734 0.411197 0.623734 0.401544 0.613603 0.401544 0.612156 0.399614 0.612156 0.395753 0.610709 0.393822 0.610709 0.391892 0.607815 0.391892
1 0.186686 0.368726 0.183792 0.372587 0.182344 0.372587 0.180897 0.374517 0.17945 0.374517 0.178003 0.376448 0.175109 0.376448 0.172214 0.380309 0.175109 0.380309 0.176556 0.382239 0.178003 0.382239 0.17945 0.38417 0.180897 0.38417 0.182344 0.3861 0.185239 0.3861 0.186686 0.388031 0.188133 0.388031 0.18958 0.389961 0.195369 0.389961 0.196816 0.391892 0.198263 0.391892 0.201158 0.395753 0.202605 0.395753 0.205499 0.399614 0.206946 0.399614 0.208394 0.401544 0.211288 0.401544 0.212735 0.403475 0.212735 0.399614 0.214182 0.397683 0.214182 0.395753 0.21563 0.393822 0.219971 0.393822 0.221418 0.395753 0.221418 0.397683 0.222865 0.399614 0.227207 0.399614 0.234443 0.409266 0.23589 0.407336 0.240232 0.407336 0.247467 0.397683 0.253256 0.397683 0.254703 0.395753 0.259045 0.395753 0.260492 0.393822 0.264834 0.393822 0.266281 0.391892 0.267728 0.391892 0.267728 0.3861 0.264834 0.3861 0.263386 0.38417 0.253256 0.38417 0.251809 0.382239 0.231548 0.382239 0.228654 0.378378 0.227207 0.378378 0.224313 0.374517 0.222865 0.374517 0.221418 0.372587 0.218524 0.372587 0.217077 0.370656 0.214182 0.370656 0.212735 0.368726
1 0.408104 0.359073 0.406657 0.361004 0.406657 0.362934 0.40521 0.364865 0.40521 0.366795 0.403763 0.368726 0.403763 0.370656 0.402315 0.372587 0.402315 0.374517 0.400868 0.376448 0.387844 0.376448 0.386397 0.374517 0.383502 0.374517 0.382055 0.372587 0.379161 0.372587 0.377713 0.370656 0.371925 0.370656 0.370478 0.368726 0.366136 0.368726 0.357453 0.380309 0.354559 0.380309 0.353111 0.382239 0.350217 0.382239 0.34877 0.38417 0.345876 0.38417 0.345876 0.399614 0.344428 0.401544 0.344428 0.407336 0.342981 0.409266 0.342981 0.411197 0.341534 0.413127 0.341534 0.415058 0.340087 0.416988 0.340087 0.418919 0.33864 0.420849 0.344428 0.420849 0.345876 0.42278 0.347323 0.42278 0.34877 0.42471 0.350217 0.42471 0.351664 0.426641 0.354559 0.42278 0.356006 0.42278 0.3589 0.418919 0.367583 0.418919 0.36903 0.420849 0.36903 0.42278 0.361795 0.432432 0.360347 0.432432 0.357453 0.436293 0.353111 0.436293 0.351664 0.434363 0.34877 0.434363 0.347323 0.432432 0.344428 0.432432 0.342981 0.430502 0.334298 0.430502 0.332851 0.428571 0.321274 0.428571 0.319826 0.430502 0.318379 0.430502 0.316932 0.432432 0.308249 0.432432 0.306802 0.430502 0.299566 0.430502 0.298119 0.428571 0.29233 0.428571 0.290883 0.426641 0.287988 0.426641 0.286541 0.42471 0.283647 0.42471 0.2822 0.42278 0.2822 0.420849 0.280753 0.418919 0.280753 0.416988 0.279305 0.418919 0.277858 0.418919 0.276411 0.420849 0.274964 0.420849 0.273517 0.42278 0.232996 0.42278 0.231548 0.420849 0.22576 0.420849 0.224313 0.418919 0.222865 0.420849 0.182344 0.420849 0.180897 0.418919 0.170767 0.418919 0.16932 0.420849 0.160637 0.420849 0.15919 0.42278 0.157742 0.42278 0.154848 0.426641 0.153401 0.426641 0.153401 0.432432 0.151954 0.434363 0.151954 0.438224 0.153401 0.440154 0.153401 0.442085 0.154848 0.444015 0.154848 0.445946 0.15919 0.445946 0.160637 0.447876 0.164978 0.447876 0.166425 0.449807 0.17945 0.449807 0.180897 0.447876 0.188133 0.447876 0.191027 0.451737 0.192475 0.451737 0.196816 0.457529 0.193922 0.46139 0.193922 0.469112 0.201158 0.469112 0.202605 0.471042 0.204052 0.469112 0.21563 0.469112 0.217077 0.471042 0.218524 0.471042 0.222865 0.476834 0.240232 0.476834 0.241679 0.478764 0.244573 0.478764 0.24602 0.480695 0.250362 0.480695 0.253256 0.484556 0.253256 0.486486 0.254703 0.488417 0.254703 0.490347 0.256151 0.492278 0.256151 0.494208 0.257598 0.496139 0.257598 0.498069 0.259045 0.5 0.257598 0.501931 0.256151 0.501931 0.254703 0.503861 0.251809 0.503861 0.251809 0.509653 0.250362 0.511583 0.250362 0.515444 0.248915 0.517375 0.248915 0.519305 0.247467 0.521236 0.247467 0.523166 0.24602 0.525097 0.24602 0.527027 0.244573 0.528958 0.248915 0.528958 0.253256 0.523166 0.254703 0.523166 0.256151 0.521236 0.260492 0.521236 0.261939 0.523166 0.264834 0.523166 0.266281 0.525097 0.272069 0.525097 0.273517 0.527027 0.280753 0.527027 0.2822 0.528958 0.287988 0.528958 0.289436 0.530888 0.296671 0.530888 0.298119 0.532819 0.305355 0.532819 0.306802 0.534749 0.314038 0.534749 0.315485 0.53668 0.314038 0.53861 0.30246 0.53861 0.30246 0.540541 0.301013 0.542471 0.301013 0.544402 0.299566 0.546332 0.298119 0.546332 0.295224 0.550193 0.293777 0.550193 0.29233 0.552124 0.290883 0.552124 0.289436 0.554054 0.287988 0.554054 0.285094 0.557915 0.283647 0.557915 0.2822 0.559846 0.280753 0.559846 0.279305 0.561776 0.279305 0.563707 0.277858 0.565637 0.280753 0.565637 0.2822 0.567568 0.283647 0.565637 0.289436 0.565637 0.290883 0.563707 0.293777 0.563707 0.295224 0.561776 0.299566 0.561776 0.30246 0.557915 0.305355 0.557915 0.308249 0.561776 0.309696 0.561776 0.311143 0.563707 0.314038 0.563707 0.315485 0.565637 0.318379 0.565637 0.319826 0.567568 0.322721 0.567568 0.329957 0.57722 0.337192 0.57722 0.33864 0.57529 0.341534 0.57529 0.342981 0.573359 0.345876 0.573359 0.34877 0.569498 0.350217 0.569498 0.353111 0.565637 0.354559 0.565637 0.356006 0.563707 0.363242 0.563707 0.364689 0.561776 0.376266 0.561776 0.377713 0.559846 0.382055 0.559846 0.383502 0.557915 0.387844 0.557915 0.389291 0.555985 0.396527 0.555985 0.397974 0.554054 0.40521 0.554054 0.40521 0.542471 0.402315 0.542471 0.400868 0.540541 0.399421 0.540541 0.397974 0.53861 0.377713 0.53861 0.376266 0.53668 0.371925 0.53668 0.370478 0.534749 0.367583 0.534749 0.366136 0.532819 0.363242 0.532819 0.361795 0.530888 0.3589 0.530888 0.357453 0.528958 0.354559 0.528958 0.353111 0.527027 0.34877 0.527027 0.347323 0.525097 0.344428 0.525097 0.342981 0.523166 0.337192 0.523166 0.335745 0.521236 0.329957 0.521236 0.328509 0.519305 0.322721 0.519305 0.321274 0.517375 0.315485 0.517375 0.314038 0.515444 0.309696 0.515444 0.308249 0.513514 0.303907 0.513514 0.30246 0.511583 0.299566 0.511583 0.298119 0.509653 0.293777 0.509653 0.29233 0.507722 0.287988 0.507722 0.286541 0.505792 0.280753 0.505792 0.279305 0.503861 0.273517 0.503861 0.270622 0.5 0.270622 0.498069 0.267728 0.494208 0.267728 0.492278 0.266281 0.490347 0.266281 0.488417 0.264834 0.486486 0.264834 0.482625 0.263386 0.480695 0.263386 0.478764 0.264834 0.476834 0.274964 0.476834 0.274964 0.472973 0.273517 0.471042 0.273517 0.457529 0.274964 0.455598 0.277858 0.455598 0.279305 0.457529 0.283647 0.457529 0.285094 0.459459 0.293777 0.459459 0.295224 0.457529 0.30246 0.457529 0.309696 0.447876 0.31259 0.447876 0.314038 0.445946 0.315485 0.445946 0.316932 0.444015 0.318379 0.445946 0.319826 0.445946 0.322721 0.449807 0.324168 0.449807 0.325615 0.451737 0.331404 0.451737 0.332851 0.453668 0.340087 0.453668 0.341534 0.455598 0.34877 0.455598 0.350217 0.457529 0.363242 0.457529 0.364689 0.459459 0.371925 0.459459 0.373372 0.46139 0.380608 0.46139 0.382055 0.46332 0.380608 0.465251 0.379161 0.465251 0.376266 0.469112 0.374819 0.469112 0.373372 0.471042 0.36903 0.471042 0.370478 0.471042 0.373372 0.474903 0.374819 0.474903 0.376266 0.476834 0.379161 0.472973 0.380608 0.472973 0.390738 0.459459 0.392185 0.459459 0.393632 0.457529 0.384949 0.457529 0.379161 0.449807 0.377713 0.449807 0.374819 0.445946 0.373372 0.445946 0.370478 0.442085 0.371925 0.440154 0.371925 0.438224 0.373372 0.436293 0.373372 0.434363 0.376266 0.430502 0.377713 0.430502 0.379161 0.428571 0.380608 0.428571 0.383502 0.42471 0.384949 0.42471 0.384949 0.420849 0.386397 0.418919 0.386397 0.415058 0.387844 0.413127 0.389291 0.413127 0.390738 0.411197 0.392185 0.411197 0.392185 0.409266 0.393632 0.407336 0.393632 0.405405 0.39508 0.403475 0.409551 0.403475 0.412446 0.407336 0.413893 0.407336 0.416787 0.411197 0.421129 0.411197 0.424023 0.415058 0.42547 0.415058 0.428365 0.418919 0.428365 0.420849 0.429812 0.42278 0.429812 0.426641 0.439942 0.426641 0.441389 0.428571 0.441389 0.426641 0.442836 0.42471 0.442836 0.42278 0.444284 0.420849 0.444284 0.416988 0.445731 0.415058 0.445731 0.413127 0.447178 0.411197 0.447178 0.409266 0.450072 0.405405 0.450072 0.403475 0.452967 0.399614 0.452967 0.397683 0.455861 0.393822 0.455861 0.391892 0.458755 0.388031 0.460203 0.388031 0.46165 0.3861 0.463097 0.3861 0.464544 0.38417 0.465991 0.38417 0.465991 0.378378 0.464544 0.378378 0.46165 0.374517 0.457308 0.374517 0.455861 0.372587 0.452967 0.372587 0.45152 0.370656 0.441389 0.370656 0.439942 0.372587 0.432706 0.372587 0.431259 0.370656 0.429812 0.370656 0.428365 0.368726 0.424023 0.368726 0.422576 0.366795 0.419682 0.366795 0.418234 0.364865 0.416787 0.364865 0.41534 0.362934 0.412446 0.362934 0.410999 0.361004 0.409551 0.361004
1 0.688857 0.34749 0.68741 0.349421 0.683068 0.349421 0.681621 0.351351 0.675832 0.351351 0.674385 0.353282 0.670043 0.353282 0.668596 0.355212 0.662808 0.355212 0.66136 0.357143 0.657019 0.357143 0.657019 0.361004 0.658466 0.362934 0.658466 0.366795 0.665702 0.366795 0.667149 0.368726 0.674385 0.368726 0.675832 0.370656 0.677279 0.368726 0.680174 0.368726 0.681621 0.366795 0.685962 0.366795 0.68741 0.364865 0.693198 0.364865 0.694645 0.366795 0.69754 0.366795 0.698987 0.368726 0.703329 0.368726 0.704776 0.370656 0.70767 0.370656 0.709117 0.372587 0.712012 0.372587 0.713459 0.374517 0.716353 0.374517 0.7178 0.376448 0.720695 0.372587 0.722142 0.372587 0.723589 0.370656 0.720695 0.370656 0.719247 0.368726 0.716353 0.368726 0.714906 0.366795 0.712012 0.366795 0.709117 0.362934 0.709117 0.361004 0.706223 0.357143 0.706223 0.355212 0.704776 0.353282 0.704776 0.351351 0.703329 0.349421 0.690304 0.349421
1 0.322721 0.330116 0.321274 0.332046 0.316932 0.332046 0.315485 0.333977 0.315485 0.335907 0.314038 0.337838 0.321274 0.337838 0.322721 0.339768 0.319826 0.343629 0.315485 0.343629 0.314038 0.341699 0.29233 0.341699 0.290883 0.339768 0.280753 0.339768 0.279305 0.337838 0.277858 0.339768 0.273517 0.339768 0.272069 0.341699 0.260492 0.341699 0.259045 0.339768 0.251809 0.339768 0.250362 0.341699 0.250362 0.343629 0.248915 0.34556 0.248915 0.349421 0.247467 0.351351 0.247467 0.353282 0.253256 0.353282 0.253256 0.34749 0.254703 0.34556 0.259045 0.34556 0.260492 0.34749 0.260492 0.349421 0.261939 0.351351 0.263386 0.351351 0.266281 0.355212 0.264834 0.357143 0.260492 0.357143 0.259045 0.359073 0.256151 0.359073 0.256151 0.362934 0.254703 0.364865 0.254703 0.366795 0.257598 0.366795 0.259045 0.368726 0.283647 0.368726 0.285094 0.366795 0.293777 0.366795 0.296671 0.362934 0.314038 0.362934 0.316932 0.359073 0.293777 0.359073 0.29233 0.357143 0.29233 0.355212 0.293777 0.353282 0.309696 0.353282 0.311143 0.351351 0.341534 0.351351 0.342981 0.349421 0.342981 0.34749 0.344428 0.34556 0.342981 0.343629 0.341534 0.343629 0.337192 0.337838 0.337192 0.335907 0.331404 0.335907 0.328509 0.332046 0.324168 0.332046
1 0.178003 0.328185 0.178003 0.332046 0.17945 0.333977 0.193922 0.333977 0.196816 0.337838 0.196816 0.339768 0.198263 0.341699 0.199711 0.339768 0.212735 0.339768 0.214182 0.337838 0.228654 0.337838 0.228654 0.332046 0.205499 0.332046 0.204052 0.330116 0.186686 0.330116 0.185239 0.328185
1 0.643994 0.314672 0.642547 0.316602 0.6411 0.316602 0.638205 0.320463 0.636758 0.320463 0.638205 0.320463 0.639653 0.322394 0.646889 0.322394 0.648336 0.320463 0.652677 0.320463 0.654124 0.322394 0.654124 0.330116 0.658466 0.330116 0.659913 0.332046 0.657019 0.335907 0.658466 0.335907 0.66136 0.339768 0.668596 0.339768 0.670043 0.337838 0.685962 0.337838 0.68741 0.335907 0.688857 0.335907 0.688857 0.330116 0.68741 0.328185 0.685962 0.328185 0.683068 0.324324 0.681621 0.324324 0.680174 0.322394 0.678726 0.322394 0.677279 0.320463 0.662808 0.320463 0.659913 0.316602 0.659913 0.314672
1 0.276411 0.293436 0.274964 0.295367 0.273517 0.295367 0.272069 0.297297 0.270622 0.297297 0.269175 0.299228 0.269175 0.305019 0.267728 0.30695 0.267728 0.30888 0.266281 0.310811 0.269175 0.310811 0.270622 0.312741 0.285094 0.312741 0.285094 0.301158 0.283647 0.299228 0.283647 0.295367 0.277858 0.295367
1 0.479016 0.291506 0.477569 0.293436 0.47178 0.293436 0.470333 0.295367 0.424023 0.295367 0.422576 0.297297 0.418234 0.297297 0.418234 0.299228 0.416787 0.301158 0.416787 0.312741 0.418234 0.310811 0.431259 0.310811 0.432706 0.30888 0.437048 0.30888 0.438495 0.310811 0.438495 0.312741 0.437048 0.314672 0.437048 0.316602 0.434153 0.320463 0.432706 0.320463 0.431259 0.322394 0.428365 0.322394 0.424023 0.328185 0.42547 0.330116 0.426918 0.330116 0.428365 0.332046 0.429812 0.330116 0.447178 0.330116 0.448625 0.332046 0.452967 0.332046 0.452967 0.330116 0.455861 0.326255 0.464544 0.326255 0.465991 0.328185 0.468886 0.328185 0.470333 0.330116 0.476122 0.330116 0.477569 0.328185 0.48191 0.328185 0.483357 0.326255 0.500724 0.326255 0.500724 0.324324 0.502171 0.322394 0.500724 0.322394 0.499276 0.320463 0.497829 0.320463 0.496382 0.318533 0.492041 0.318533 0.490593 0.316602 0.492041 0.314672 0.503618 0.314672 0.505065 0.312741 0.510854 0.312741 0.513748 0.30888 0.515195 0.30888 0.51809 0.305019 0.519537 0.305019 0.516643 0.305019 0.515195 0.303089 0.483357 0.303089 0.48191 0.301158 0.48191 0.299228 0.483357 0.297297 0.503618 0.297297 0.503618 0.291506
1 0.568741 0.220077 0.567294 0.222008 0.560058 0.222008 0.558611 0.223938 0.551375 0.223938 0.549928 0.225869 0.541245 0.225869 0.539797 0.227799 0.53835 0.227799 0.536903 0.22973 0.535456 0.22973 0.535456 0.241313 0.534009 0.243243 0.534009 0.245174 0.532562 0.247104 0.532562 0.252896 0.531114 0.254826 0.531114 0.258687 0.53835 0.258687 0.539797 0.260618 0.545586 0.260618 0.547033 0.262548 0.571635 0.262548 0.573082 0.264479 0.622287 0.264479 0.623734 0.262548 0.646889 0.262548 0.638205 0.250965 0.639653 0.249035 0.6411 0.249035 0.642547 0.250965 0.643994 0.250965 0.645441 0.252896 0.645441 0.250965 0.646889 0.249035 0.636758 0.235521 0.635311 0.235521 0.633864 0.233591 0.632417 0.233591 0.63097 0.23166 0.629522 0.23166 0.628075 0.22973 0.622287 0.22973 0.620839 0.227799 0.615051 0.227799 0.613603 0.225869 0.607815 0.225869 0.606368 0.223938 0.599132 0.223938 0.597685 0.222008 0.590449 0.222008 0.589001 0.220077
1 0.439942 0.220077 0.438495 0.222008 0.432706 0.222008 0.429812 0.225869 0.428365 0.225869 0.428365 0.22973 0.429812 0.22973 0.431259 0.23166 0.435601 0.23166 0.437048 0.22973 0.438495 0.22973 0.439942 0.227799 0.445731 0.227799 0.447178 0.22973 0.448625 0.22973 0.450072 0.23166 0.45152 0.23166 0.452967 0.233591 0.452967 0.225869 0.45152 0.225869 0.448625 0.222008 0.447178 0.222008 0.445731 0.220077
1 0.952243 0.214286 0.950796 0.216216 0.945007 0.216216 0.94356 0.218147 0.939219 0.218147 0.939219 0.225869 0.940666 0.225869 0.942113 0.227799 0.947902 0.227799 0.949349 0.22973 0.955137 0.22973 0.956585 0.23166 0.959479 0.23166 0.960926 0.233591 0.962373 0.233591 0.963821 0.235521 0.966715 0.235521 0.968162 0.237452 0.978292 0.237452 0.97974 0.239382 0.981187 0.239382 0.984081 0.243243 0.986975 0.243243 0.988423 0.245174 0.98987 0.245174 0.991317 0.247104 0.994211 0.243243 0.995658 0.243243 0.995658 0.241313 0.994211 0.239382 0.994211 0.237452 0.991317 0.237452 0.98987 0.235521 0.988423 0.235521 0.986975 0.233591 0.984081 0.233591 0.982634 0.23166 0.985528 0.227799 0.986975 0.227799 0.988423 0.225869 0.98987 0.225869 0.991317 0.223938 0.992764 0.223938 0.994211 0.222008 0.995658 0.222008 0.98987 0.222008 0.988423 0.220077 0.982634 0.220077 0.981187 0.222008 0.966715 0.222008 0.965268 0.220077 0.962373 0.220077 0.960926 0.218147 0.958032 0.218147 0.956585 0.216216 0.95369 0.216216
1 0.31259 0.214286 0.308249 0.220077 0.29233 0.220077 0.290883 0.222008 0.286541 0.222008 0.285094 0.223938 0.2822 0.223938 0.280753 0.225869 0.276411 0.225869 0.276411 0.227799 0.274964 0.22973 0.2822 0.22973 0.283647 0.23166 0.287988 0.23166 0.289436 0.233591 0.29233 0.233591 0.293777 0.235521 0.295224 0.235521 0.296671 0.237452 0.299566 0.237452 0.301013 0.239382 0.306802 0.239382 0.308249 0.237452 0.314038 0.237452 0.311143 0.233591 0.311143 0.23166 0.309696 0.22973 0.311143 0.227799 0.321274 0.227799 0.321274 0.223938 0.318379 0.220077 0.316932 0.220077
1 0.445731 0.198842 0.444284 0.200772 0.435601 0.200772 0.434153 0.202703 0.419682 0.202703 0.419682 0.204633 0.418234 0.206564 0.418234 0.208494 0.450072 0.208494 0.450072 0.204633 0.45152 0.202703 0.45152 0.200772 0.447178 0.200772
1 0.327062 0.189189 0.327062 0.19112 0.325615 0.19305 0.325615 0.194981 0.321274 0.200772 0.319826 0.200772 0.318379 0.202703 0.316932 0.202703 0.315485 0.204633 0.314038 0.204633 0.314038 0.208494 0.315485 0.206564 0.322721 0.206564 0.324168 0.204633 0.329957 0.204633 0.331404 0.202703 0.331404 0.200772 0.334298 0.196911 0.337192 0.196911 0.337192 0.194981 0.33864 0.19305 0.33864 0.19112 0.337192 0.19112 0.335745 0.189189
1 0.45152 0.187259 0.45152 0.189189 0.450072 0.19112 0.473227 0.19112 0.474674 0.19305 0.476122 0.19112 0.480463 0.19112 0.480463 0.187259
1 0.264834 0.187259 0.263386 0.189189 0.24602 0.189189 0.244573 0.19112 0.243126 0.19112 0.241679 0.19305 0.238784 0.19305 0.237337 0.194981 0.23589 0.194981 0.234443 0.196911 0.232996 0.196911 0.23589 0.200772 0.237337 0.198842 0.240232 0.198842 0.241679 0.196911 0.253256 0.196911 0.254703 0.194981 0.261939 0.194981 0.263386 0.196911 0.264834 0.196911 0.267728 0.200772 0.273517 0.200772 0.274964 0.198842 0.277858 0.198842 0.277858 0.189189 0.274964 0.189189 0.273517 0.187259
1 0.384949 0.185328 0.383502 0.187259 0.370478 0.187259 0.370478 0.19305 0.371925 0.194981 0.371925 0.196911 0.374819 0.196911 0.376266 0.198842 0.376266 0.200772 0.377713 0.202703 0.382055 0.202703 0.383502 0.204633 0.386397 0.204633 0.387844 0.206564 0.390738 0.206564 0.392185 0.208494 0.393632 0.206564 0.402315 0.206564 0.403763 0.208494 0.403763 0.206564 0.40521 0.204633 0.402315 0.200772 0.400868 0.200772 0.399421 0.198842 0.397974 0.198842 0.39508 0.194981 0.393632 0.194981 0.389291 0.189189 0.387844 0.189189
1 0.30246 0.185328 0.301013 0.187259 0.296671 0.187259 0.295224 0.189189 0.293777 0.189189 0.29233 0.19112 0.290883 0.19112 0.287988 0.194981 0.289436 0.194981 0.290883 0.196911 0.306802 0.196911 0.308249 0.194981 0.309696 0.194981 0.311143 0.19305 0.31259 0.19305 0.314038 0.19112 0.311143 0.187259 0.306802 0.187259 0.305355 0.185328
1 0.564399 0.183398 0.564399 0.185328 0.565847 0.187259 0.565847 0.19112 0.578871 0.19112 0.578871 0.183398
1 0.69754 0.167954 0.696093 0.169884 0.688857 0.169884 0.68741 0.171815 0.678726 0.171815 0.680174 0.171815 0.683068 0.175676 0.684515 0.175676 0.685962 0.177606 0.700434 0.177606 0.701881 0.179537 0.703329 0.179537 0.704776 0.181467 0.70767 0.181467 0.709117 0.183398 0.712012 0.183398 0.713459 0.185328 0.714906 0.183398 0.726483 0.183398 0.727931 0.181467 0.745297 0.181467 0.746744 0.183398 0.768452 0.183398 0.769899 0.185328 0.769899 0.187259 0.768452 0.189189 0.769899 0.19112 0.769899 0.19305 0.771346 0.19305 0.772793 0.194981 0.781476 0.194981 0.782923 0.19305 0.785818 0.19305 0.785818 0.19112 0.78437 0.189189 0.785818 0.187259 0.788712 0.187259 0.797395 0.198842 0.797395 0.200772 0.798842 0.202703 0.800289 0.200772 0.823444 0.200772 0.824891 0.202703 0.826339 0.202703 0.827786 0.204633 0.829233 0.204633 0.83068 0.206564 0.833575 0.206564 0.835022 0.208494 0.846599 0.208494 0.848046 0.210425 0.853835 0.210425 0.855282 0.212355 0.859624 0.212355 0.861071 0.214286 0.865412 0.214286 0.86686 0.216216 0.87699 0.216216 0.878437 0.218147 0.88712 0.218147 0.888567 0.220077 0.890014 0.218147 0.901592 0.218147 0.903039 0.220077 0.913169 0.220077 0.913169 0.218147 0.914616 0.216216 0.901592 0.216216 0.900145 0.214286 0.898698 0.214286 0.89725 0.212355 0.892909 0.212355 0.891462 0.214286 0.884226 0.214286 0.882779 0.212355 0.881331 0.212355 0.879884 0.210425 0.879884 0.206564 0.87699 0.202703 0.875543 0.204633 0.874096 0.204633 0.872648 0.206564 0.871201 0.206564 0.869754 0.208494 0.86686 0.208494 0.863965 0.204633 0.862518 0.204633 0.861071 0.202703 0.846599 0.202703 0.845152 0.200772 0.833575 0.200772 0.832127 0.198842 0.829233 0.198842 0.827786 0.196911 0.811867 0.196911 0.81042 0.194981 0.81042 0.19112 0.811867 0.189189 0.824891 0.189189 0.824891 0.185328 0.797395 0.185328 0.795948 0.183398 0.787265 0.183398 0.785818 0.181467 0.782923 0.181467 0.781476 0.179537 0.778582 0.179537 0.777135 0.177606 0.732272 0.177606 0.730825 0.175676 0.729378 0.175676 0.726483 0.171815 0.703329 0.171815 0.701881 0.169884 0.698987 0.169884
1 0.104197 0.137066 0.10275 0.138996 0.028944 0.138996 0.027496 0.140927 0.026049 0.140927 0.024602 0.142857 0.023155 0.142857 0.021708 0.144788 0.02026 0.144788 0.018813 0.146718 0.017366 0.146718 0.015919 0.148649 0.014472 0.148649 0.013025 0.150579 0.011577 0.150579 0.01013 0.15251 0.008683 0.15251 0.007236 0.15444 0.005789 0.15444 0.004342 0.156371 0.002894 0.156371 0.001447 0.158301 0.0 0.158301 0.0 0.212355 0.024602 0.212355 0.026049 0.210425 0.049204 0.210425 0.049204 0.204633 0.050651 0.202703 0.050651 0.196911 0.052098 0.194981 0.073806 0.194981 0.075253 0.19305 0.083936 0.19305 0.085384 0.19112 0.085384 0.189189 0.086831 0.187259 0.086831 0.185328 0.088278 0.183398 0.088278 0.181467 0.089725 0.179537 0.109986 0.179537 0.111433 0.177606 0.11288 0.177606 0.115774 0.173745 0.117221 0.173745 0.118669 0.171815 0.121563 0.175676 0.121563 0.177606 0.12301 0.179537 0.124457 0.179537 0.125904 0.177606 0.127352 0.177606 0.130246 0.173745 0.131693 0.173745 0.13314 0.171815 0.134588 0.171815 0.136035 0.169884 0.150507 0.169884 0.151954 0.167954 0.166425 0.167954 0.167873 0.166023 0.16932 0.167954 0.16932 0.173745 0.167873 0.175676 0.167873 0.181467 0.166425 0.183398 0.141823 0.183398 0.140376 0.185328 0.136035 0.185328 0.134588 0.187259 0.128799 0.187259 0.127352 0.189189 0.104197 0.189189 0.096961 0.198842 0.118669 0.198842 0.120116 0.200772 0.120116 0.202703 0.118669 0.204633 0.118669 0.208494 0.117221 0.210425 0.117221 0.214286 0.115774 0.216216 0.115774 0.220077 0.114327 0.222008 0.114327 0.223938 0.125904 0.223938 0.127352 0.225869 0.141823 0.225869 0.143271 0.223938 0.147612 0.223938 0.149059 0.222008 0.151954 0.222008 0.153401 0.220077 0.156295 0.220077 0.157742 0.218147 0.157742 0.216216 0.162084 0.210425 0.162084 0.208494 0.164978 0.204633 0.166425 0.206564 0.172214 0.206564 0.173661 0.208494 0.173661 0.210425 0.172214 0.212355 0.172214 0.216216 0.170767 0.218147 0.170767 0.222008 0.16932 0.223938 0.16932 0.225869 0.167873 0.227799 0.166425 0.227799 0.164978 0.22973 0.163531 0.22973 0.160637 0.233591 0.15919 0.233591 0.157742 0.235521 0.156295 0.235521 0.154848 0.237452 0.153401 0.235521 0.13314 0.235521 0.131693 0.233591 0.072359 0.233591 0.070912 0.23166 0.070912 0.22973 0.069465 0.227799 0.069465 0.225869 0.068017 0.223938 0.068017 0.220077 0.06657 0.218147 0.06657 0.216216 0.065123 0.214286 0.05644 0.214286 0.054993 0.216216 0.054993 0.220077 0.053546 0.222008 0.053546 0.227799 0.052098 0.22973 0.052098 0.23166 0.059334 0.23166 0.060781 0.233591 0.068017 0.233591 0.069465 0.235521 0.068017 0.237452 0.065123 0.237452 0.063676 0.239382 0.062229 0.239382 0.060781 0.241313 0.057887 0.241313 0.05644 0.243243 0.054993 0.243243 0.054993 0.247104 0.053546 0.249035 0.053546 0.258687 0.052098 0.260618 0.052098 0.262548 0.065123 0.262548 0.06657 0.260618 0.068017 0.262548 0.068017 0.264479 0.069465 0.266409 0.069465 0.27027 0.070912 0.272201 0.070912 0.274131 0.069465 0.276062 0.05644 0.276062 0.054993 0.277992 0.054993 0.283784 0.053546 0.285714 0.053546 0.287645 0.05644 0.287645 0.057887 0.289575 0.062229 0.289575 0.063676 0.291506 0.06657 0.291506 0.068017 0.293436 0.081042 0.293436 0.081042 0.291506 0.082489 0.289575 0.082489 0.287645 0.083936 0.285714 0.083936 0.283784 0.085384 0.281853 0.086831 0.283784 0.088278 0.283784 0.089725 0.285714 0.091172 0.285714 0.092619 0.287645 0.094067 0.287645 0.095514 0.289575 0.095514 0.291506 0.094067 0.293436 0.094067 0.297297 0.092619 0.299228 0.108538 0.299228 0.115774 0.30888 0.130246 0.30888 0.131693 0.30695 0.146165 0.30695 0.147612 0.305019 0.162084 0.305019 0.163531 0.303089 0.164978 0.303089 0.166425 0.301158 0.167873 0.301158 0.16932 0.299228 0.170767 0.299228 0.172214 0.297297 0.173661 0.297297 0.175109 0.295367 0.176556 0.295367 0.178003 0.293436 0.17945 0.293436 0.180897 0.291506 0.182344 0.291506 0.183792 0.289575 0.185239 0.289575 0.186686 0.287645 0.188133 0.287645 0.18958 0.285714 0.204052 0.285714 0.205499 0.287645 0.205499 0.289575 0.206946 0.291506 0.206946 0.293436 0.219971 0.293436 0.219971 0.287645 0.221418 0.285714 0.222865 0.287645 0.23589 0.287645 0.237337 0.289575 0.324168 0.289575 0.327062 0.285714 0.327062 0.283784 0.329957 0.279923 0.331404 0.279923 0.337192 0.287645 0.337192 0.293436 0.366136 0.293436 0.367583 0.291506 0.36903 0.291506 0.370478 0.289575 0.371925 0.289575 0.373372 0.287645 0.374819 0.287645 0.377713 0.283784 0.379161 0.283784 0.380608 0.281853 0.36903 0.281853 0.367583 0.283784 0.350217 0.283784 0.34877 0.281853 0.347323 0.281853 0.345876 0.279923 0.328509 0.279923 0.327062 0.277992 0.324168 0.277992 0.322721 0.276062 0.321274 0.276062 0.319826 0.274131 0.316932 0.274131 0.315485 0.272201 0.314038 0.272201 0.311143 0.26834 0.311143 0.266409 0.306802 0.260618 0.306802 0.258687 0.298119 0.258687 0.296671 0.260618 0.287988 0.260618 0.286541 0.262548 0.276411 0.262548 0.274964 0.264479 0.266281 0.264479 0.264834 0.266409 0.256151 0.266409 0.254703 0.26834 0.24602 0.26834 0.244573 0.27027 0.183792 0.27027 0.182344 0.272201 0.180897 0.27027 0.17945 0.27027 0.178003 0.26834 0.176556 0.26834 0.173661 0.264479 0.172214 0.264479 0.170767 0.262548 0.16932 0.262548 0.167873 0.260618 0.16932 0.258687 0.191027 0.258687 0.191027 0.254826 0.18958 0.252896 0.18958 0.247104 0.191027 0.245174 0.192475 0.245174 0.195369 0.241313 0.196816 0.241313 0.198263 0.239382 0.199711 0.241313 0.202605 0.241313 0.204052 0.243243 0.206946 0.243243 0.208394 0.245174 0.211288 0.245174 0.212735 0.247104 0.230101 0.247104 0.230101 0.243243 0.224313 0.243243 0.222865 0.241313 0.218524 0.241313 0.217077 0.239382 0.211288 0.239382 0.209841 0.237452 0.211288 0.235521 0.212735 0.235521 0.21563 0.23166 0.217077 0.23166 0.218524 0.22973 0.219971 0.22973 0.222865 0.225869 0.224313 0.225869 0.224313 0.223938 0.222865 0.222008 0.222865 0.218147 0.221418 0.216216 0.221418 0.212355 0.219971 0.210425 0.219971 0.206564 0.218524 0.204633 0.218524 0.198842 0.217077 0.196911 0.217077 0.19112 0.21563 0.189189 0.21563 0.183398 0.214182 0.181467 0.208394 0.181467 0.206946 0.183398 0.201158 0.183398 0.199711 0.185328 0.192475 0.185328 0.191027 0.187259 0.18958 0.185328 0.18958 0.181467 0.191027 0.179537 0.191027 0.173745 0.18958 0.173745 0.188133 0.171815 0.185239 0.171815 0.183792 0.169884 0.183792 0.160232 0.134588 0.160232 0.13314 0.162162 0.12301 0.162162
1 0.396527 0.121622 0.396527 0.135135 0.397974 0.133205 0.421129 0.133205 0.421129 0.129344 0.419682 0.127413 0.419682 0.121622
1 0.141823 0.104247 0.141823 0.108108 0.140376 0.110039 0.140376 0.1139 0.153401 0.1139 0.154848 0.11583 0.166425 0.11583 0.167873 0.117761 0.180897 0.117761 0.182344 0.119691 0.195369 0.119691 0.196816 0.121622 0.208394 0.121622 0.209841 0.123552 0.222865 0.123552 0.224313 0.125483 0.237337 0.125483 0.238784 0.127413 0.251809 0.127413 0.253256 0.129344 0.264834 0.129344 0.266281 0.131274 0.279305 0.131274 0.280753 0.133205 0.293777 0.133205 0.295224 0.135135 0.306802 0.135135 0.308249 0.137066 0.321274 0.137066 0.322721 0.138996 0.324168 0.137066 0.379161 0.137066 0.379161 0.135135 0.380608 0.133205 0.380608 0.129344 0.382055 0.127413 0.382055 0.125483 0.361795 0.125483 0.360347 0.123552 0.340087 0.123552 0.33864 0.121622 0.319826 0.121622 0.318379 0.119691 0.298119 0.119691 0.296671 0.117761 0.276411 0.117761 0.274964 0.11583 0.241679 0.11583 0.240232 0.1139 0.237337 0.1139 0.23589 0.111969 0.234443 0.111969 0.232996 0.110039 0.230101 0.110039 0.228654 0.108108 0.227207 0.108108 0.22576 0.106178 0.143271 0.106178
