0 0.058224 0.702335 0.056769 0.70428 0.053857 0.70428 0.052402 0.706226 0.050946 0.706226 0.049491 0.708171 0.046579 0.708171 0.045124 0.710117 0.042213 0.710117 0.042213 0.712062 0.043668 0.714008 0.043668 0.717899 0.045124 0.717899 0.046579 0.719844 0.048035 0.719844 0.049491 0.72179 0.050946 0.72179 0.052402 0.723735 0.053857 0.72179 0.056769 0.72179 0.058224 0.719844 0.061135 0.719844 0.062591 0.717899 0.065502 0.717899 0.065502 0.714008 0.066958 0.712062 0.066958 0.710117 0.065502 0.710117 0.062591 0.706226 0.061135 0.706226
0 0.377001 0.632296 0.375546 0.634241 0.371179 0.634241 0.369723 0.636187 0.353712 0.636187 0.352256 0.634241 0.352256 0.638132 0.350801 0.640078 0.350801 0.643969 0.352256 0.645914 0.352256 0.64786 0.353712 0.649805 0.353712 0.651751 0.355167 0.653696 0.355167 0.655642 0.356623 0.653696 0.365357 0.653696 0.366812 0.651751 0.390102 0.651751 0.391557 0.653696 0.391557 0.643969 0.390102 0.643969 0.387191 0.640078 0.385735 0.640078 0.384279 0.638132 0.382824 0.638132 0.379913 0.634241 0.378457 0.634241
0 0.471616 0.595331 0.471616 0.607004 0.473071 0.608949 0.473071 0.620623 0.474527 0.620623 0.475983 0.622568 0.478894 0.622568 0.480349 0.624514 0.481805 0.624514 0.483261 0.626459 0.484716 0.624514 0.491994 0.624514 0.49345 0.622568 0.499272 0.622568 0.500728 0.620623 0.508006 0.620623 0.508006 0.614786 0.50655 0.61284 0.50655 0.603113 0.505095 0.601167 0.505095 0.595331
0 0.688501 0.538911 0.681223 0.548638 0.676856 0.548638 0.678311 0.550584 0.678311 0.552529 0.679767 0.554475 0.679767 0.55642 0.681223 0.554475 0.694323 0.554475 0.695779 0.552529 0.708879 0.552529 0.708879 0.550584 0.707424 0.548638 0.707424 0.542802 0.705968 0.540856 0.705968 0.538911
0 0.783115 0.531128 0.781659 0.533074 0.775837 0.533074 0.774381 0.535019 0.767103 0.535019 0.765648 0.536965 0.759825 0.536965 0.775837 0.558366 0.777293 0.55642 0.778748 0.55642 0.781659 0.552529 0.783115 0.552529 0.784571 0.550584 0.786026 0.550584 0.786026 0.546693 0.784571 0.544747 0.784571 0.536965 0.783115 0.535019
0 0.043668 0.515564 0.042213 0.51751 0.040757 0.51751 0.039301 0.519455 0.03639 0.519455 0.034934 0.521401 0.033479 0.521401 0.032023 0.523346 0.030568 0.523346 0.029112 0.525292 0.026201 0.525292 0.024745 0.527237 0.02329 0.527237 0.021834 0.529183 0.018923 0.529183 0.017467 0.531128 0.016012 0.531128 0.014556 0.533074 0.0131 0.533074 0.011645 0.535019 0.008734 0.535019 0.007278 0.536965 0.005822 0.536965 0.005822 0.554475 0.007278 0.55642 0.008734 0.55642 0.0131 0.562257 0.014556 0.562257 0.018923 0.568093 0.020378 0.568093 0.024745 0.57393 0.026201 0.57393 0.029112 0.577821 0.030568 0.575875 0.050946 0.575875 0.058224 0.566148 0.05968 0.566148 0.064047 0.560311 0.062591 0.558366 0.062591 0.55642 0.061135 0.554475 0.061135 0.552529 0.05968 0.550584 0.05968 0.548638 0.058224 0.546693 0.058224 0.544747 0.056769 0.542802 0.056769 0.540856 0.055313 0.538911 0.055313 0.536965 0.053857 0.535019 0.053857 0.533074 0.052402 0.531128 0.052402 0.529183 0.050946 0.527237 0.050946 0.525292 0.049491 0.523346 0.049491 0.521401 0.048035 0.519455 0.046579 0.519455
0 0.636099 0.431907 0.634643 0.433852 0.628821 0.433852 0.628821 0.437743 0.627365 0.439689 0.627365 0.445525 0.62591 0.447471 0.62591 0.449416 0.628821 0.449416 0.630277 0.451362 0.633188 0.451362 0.634643 0.453307 0.637555 0.453307 0.63901 0.455253 0.641921 0.455253 0.643377 0.457198 0.646288 0.457198 0.647744 0.459144 0.650655 0.459144 0.652111 0.461089 0.655022 0.461089 0.656477 0.463035 0.657933 0.461089 0.660844 0.461089 0.6623 0.459144 0.663755 0.459144 0.665211 0.457198 0.668122 0.457198 0.665211 0.453307 0.663755 0.453307 0.659389 0.447471 0.660844 0.445525 0.671033 0.445525 0.671033 0.44358 0.672489 0.441634 0.671033 0.44358 0.649199 0.44358 0.646288 0.439689 0.644833 0.439689 0.643377 0.437743 0.641921 0.437743 0.63901 0.433852 0.637555 0.433852
0 0.355167 0.428016 0.352256 0.431907 0.352256 0.433852 0.349345 0.437743 0.349345 0.445525 0.347889 0.447471 0.347889 0.453307 0.349345 0.453307 0.350801 0.455253 0.353712 0.455253 0.355167 0.457198 0.356623 0.457198 0.358079 0.459144 0.36099 0.459144 0.362445 0.461089 0.363901 0.461089 0.365357 0.463035 0.366812 0.463035 0.368268 0.464981 0.371179 0.464981 0.372635 0.466926 0.37409 0.466926 0.375546 0.468872 0.377001 0.466926 0.378457 0.466926 0.379913 0.464981 0.381368 0.464981 0.382824 0.463035 0.384279 0.463035 0.385735 0.461089 0.387191 0.461089 0.388646 0.459144 0.387191 0.457198 0.387191 0.439689 0.385735 0.437743 0.385735 0.435798 0.384279 0.433852 0.384279 0.431907 0.371179 0.431907 0.369723 0.429961 0.356623 0.429961
0 0.678311 0.379377 0.676856 0.381323 0.636099 0.381323 0.634643 0.383268 0.628821 0.383268 0.628821 0.422179 0.652111 0.422179 0.653566 0.424125 0.6754 0.424125 0.676856 0.42607 0.676856 0.424125 0.678311 0.422179 0.678311 0.420233 0.679767 0.418288 0.679767 0.406615 0.681223 0.404669 0.681223 0.392996 0.679767 0.391051 0.679767 0.385214 0.678311 0.383268
0 0.282387 0.315175 0.282387 0.322957 0.280932 0.324903 0.280932 0.330739 0.279476 0.332685 0.279476 0.33463 0.276565 0.338521 0.276565 0.340467 0.275109 0.342412 0.279476 0.342412 0.280932 0.344358 0.285298 0.344358 0.286754 0.346304 0.289665 0.346304 0.291121 0.348249 0.295488 0.348249 0.296943 0.350195 0.296943 0.346304 0.298399 0.344358 0.298399 0.338521 0.299854 0.336576 0.299854 0.332685 0.30131 0.330739 0.30131 0.328794 0.302766 0.326848 0.302766 0.324903 0.304221 0.322957 0.304221 0.321012 0.298399 0.321012 0.296943 0.319066 0.291121 0.319066 0.289665 0.317121 0.283843 0.317121
0 0.3246 0.305447 0.3246 0.309339 0.323144 0.311284 0.323144 0.315175 0.321689 0.317121 0.320233 0.317121 0.318777 0.319066 0.315866 0.319066 0.315866 0.321012 0.317322 0.322957 0.317322 0.324903 0.318777 0.322957 0.326055 0.322957 0.330422 0.328794 0.339156 0.328794 0.339156 0.309339 0.333333 0.309339 0.331878 0.307393 0.326055 0.307393
0 0.160116 0.29572 0.158661 0.297665 0.154294 0.297665 0.152838 0.299611 0.148472 0.299611 0.148472 0.301556 0.149927 0.303502 0.149927 0.309339 0.151383 0.311284 0.151383 0.31323 0.152838 0.311284 0.15575 0.311284 0.157205 0.309339 0.158661 0.309339 0.160116 0.307393 0.163028 0.307393 0.163028 0.305447 0.161572 0.303502 0.161572 0.299611 0.160116 0.297665
0 0.908297 0.293774 0.906841 0.29572 0.893741 0.29572 0.895197 0.297665 0.895197 0.299611 0.896652 0.301556 0.896652 0.303502 0.898108 0.301556 0.908297 0.301556
0 0.413392 0.282101 0.411936 0.284047 0.407569 0.284047 0.406114 0.285992 0.400291 0.285992 0.400291 0.287938 0.401747 0.289883 0.401747 0.291829 0.403202 0.289883 0.413392 0.289883
0 0.467249 0.276265 0.465793 0.27821 0.452693 0.27821 0.451237 0.280156 0.451237 0.282101 0.449782 0.284047 0.449782 0.285992 0.448326 0.287938 0.448326 0.289883 0.44687 0.291829 0.44687 0.293774 0.445415 0.29572 0.445415 0.301556 0.44687 0.303502 0.44687 0.311284 0.45706 0.311284 0.458515 0.31323 0.468705 0.31323 0.47016 0.315175 0.471616 0.31323 0.471616 0.311284 0.473071 0.309339 0.473071 0.307393 0.475983 0.303502 0.475983 0.301556 0.477438 0.299611 0.477438 0.297665 0.475983 0.29572 0.475983 0.293774 0.474527 0.291829 0.474527 0.287938 0.473071 0.285992 0.473071 0.284047
0 0.787482 0.272374 0.783115 0.27821 0.783115 0.280156 0.778748 0.285992 0.781659 0.285992 0.783115 0.287938 0.787482 0.287938 0.788937 0.289883 0.791849 0.289883 0.793304 0.291829 0.797671 0.291829 0.799127 0.293774 0.802038 0.293774 0.803493 0.29572 0.803493 0.285992 0.802038 0.284047 0.802038 0.272374
0 0.724891 0.270428 0.723435 0.272374 0.72198 0.272374 0.720524 0.274319 0.719068 0.274319 0.716157 0.27821 0.714702 0.27821 0.713246 0.280156 0.71179 0.280156 0.71179 0.284047 0.713246 0.285992 0.713246 0.289883 0.714702 0.287938 0.717613 0.287938 0.719068 0.285992 0.720524 0.285992 0.72198 0.284047 0.726346 0.284047 0.727802 0.285992 0.729258 0.285992 0.730713 0.287938 0.732169 0.287938 0.733624 0.289883 0.73508 0.289883 0.736536 0.291829 0.737991 0.291829 0.739447 0.293774 0.742358 0.289883 0.742358 0.287938 0.745269 0.284047 0.743814 0.284047 0.742358 0.282101 0.740902 0.282101 0.739447 0.280156 0.737991 0.280156 0.736536 0.27821 0.73508 0.27821 0.733624 0.276265 0.732169 0.276265 0.730713 0.274319 0.729258 0.274319 0.727802 0.272374 0.726346 0.272374
0 0.262009 0.268482 0.260553 0.270428 0.259098 0.270428 0.257642 0.272374 0.256186 0.272374 0.254731 0.274319 0.25182 0.274319 0.250364 0.276265 0.248908 0.276265 0.250364 0.276265 0.25182 0.27821 0.254731 0.27821 0.256186 0.280156 0.257642 0.280156 0.259098 0.282101 0.260553 0.280156 0.262009 0.280156 0.263464 0.27821 0.266376 0.27821 0.267831 0.276265 0.269287 0.276265 0.270742 0.274319 0.273654 0.274319 0.270742 0.274319 0.269287 0.272374 0.267831 0.272374 0.266376 0.270428 0.263464 0.270428
0 0.163028 0.252918 0.163028 0.258755 0.161572 0.2607 0.161572 0.264591 0.16885 0.264591 0.170306 0.266537 0.176128 0.266537 0.177584 0.268482 0.177584 0.264591 0.176128 0.262646 0.176128 0.256809 0.170306 0.256809 0.16885 0.254864 0.164483 0.254864
0 0.657933 0.140078 0.657933 0.14786 0.659389 0.145914 0.665211 0.145914 0.665211 0.140078
1 0.206696 0.933852 0.20524 0.935798 0.20524 0.937743 0.202329 0.941634 0.202329 0.94358 0.200873 0.945525 0.206696 0.945525 0.208151 0.947471 0.209607 0.945525 0.216885 0.945525 0.218341 0.94358 0.224163 0.94358 0.225619 0.941634 0.232897 0.941634 0.232897 0.937743 0.22853 0.937743 0.227074 0.935798 0.225619 0.937743 0.221252 0.937743 0.219796 0.939689 0.212518 0.939689 0.209607 0.935798 0.208151 0.935798
1 0.174672 0.90856 0.174672 0.912451 0.173217 0.914397 0.173217 0.922179 0.171761 0.924125 0.171761 0.928016 0.16885 0.931907 0.167394 0.931907 0.164483 0.935798 0.163028 0.935798 0.161572 0.937743 0.161572 0.939689 0.163028 0.941634 0.163028 0.94358 0.164483 0.945525 0.164483 0.949416 0.165939 0.951362 0.165939 0.955253 0.167394 0.957198 0.167394 0.959144 0.16885 0.961089 0.16885 0.964981 0.170306 0.966926 0.170306 0.970817 0.171761 0.972763 0.171761 0.974708 0.173217 0.976654 0.173217 0.988327 0.174672 0.990272 0.174672 0.998054 0.209607 0.998054 0.211063 0.996109 0.211063 0.992218 0.212518 0.990272 0.212518 0.986381 0.213974 0.984436 0.213974 0.980545 0.215429 0.978599 0.215429 0.976654 0.203785 0.976654 0.202329 0.974708 0.190684 0.974708 0.189229 0.972763 0.189229 0.963035 0.187773 0.961089 0.187773 0.945525 0.186317 0.94358 0.186317 0.937743 0.184862 0.935798 0.184862 0.929961 0.183406 0.928016 0.183406 0.922179 0.181951 0.920233 0.181951 0.914397 0.180495 0.912451 0.180495 0.90856
1 0.401747 0.894942 0.400291 0.896887 0.39738 0.896887 0.395924 0.898833 0.394469 0.898833 0.393013 0.900778 0.37409 0.900778 0.37409 0.904669 0.372635 0.906615 0.372635 0.90856 0.379913 0.90856 0.381368 0.910506 0.381368 0.920233 0.384279 0.920233 0.385735 0.922179 0.388646 0.922179 0.390102 0.924125 0.390102 0.92607 0.388646 0.928016 0.388646 0.931907 0.387191 0.933852 0.387191 0.935798 0.382824 0.941634 0.381368 0.941634 0.378457 0.945525 0.394469 0.966926 0.393013 0.968872 0.390102 0.968872 0.388646 0.970817 0.387191 0.970817 0.385735 0.972763 0.382824 0.972763 0.381368 0.974708 0.379913 0.974708 0.378457 0.976654 0.375546 0.976654 0.37409 0.978599 0.372635 0.978599 0.371179 0.980545 0.368268 0.980545 0.366812 0.98249 0.365357 0.98249 0.363901 0.984436 0.36099 0.984436 0.359534 0.986381 0.358079 0.986381 0.356623 0.988327 0.353712 0.988327 0.352256 0.990272 0.350801 0.990272 0.349345 0.992218 0.346434 0.992218 0.344978 0.994163 0.343523 0.994163 0.342067 0.996109 0.339156 0.996109 0.3377 0.998054 0.336245 0.998054 0.406114 0.998054 0.406114 0.996109 0.409025 0.992218 0.409025 0.990272 0.41048 0.988327 0.41048 0.986381 0.413392 0.98249 0.413392 0.980545 0.416303 0.976654 0.416303 0.974708 0.417758 0.972763 0.417758 0.970817 0.42067 0.966926 0.42067 0.964981 0.422125 0.963035 0.42067 0.961089 0.419214 0.961089 0.416303 0.957198 0.414847 0.957198 0.411936 0.953307 0.41048 0.953307 0.406114 0.947471 0.404658 0.947471 0.401747 0.94358 0.400291 0.94358 0.39738 0.939689 0.39738 0.937743 0.398836 0.935798 0.398836 0.933852 0.400291 0.931907 0.400291 0.929961 0.401747 0.928016 0.401747 0.92607 0.404658 0.922179 0.406114 0.922179 0.409025 0.918288 0.41048 0.918288 0.413392 0.914397 0.414847 0.914397 0.414847 0.898833 0.409025 0.898833 0.407569 0.896887 0.403202 0.896887
1 0.601164 0.88716 0.599709 0.889105 0.590975 0.889105 0.590975 0.891051 0.58952 0.892996 0.58952 0.896887 0.588064 0.898833 0.588064 0.902724 0.586608 0.904669 0.586608 0.906615 0.592431 0.914397 0.592431 0.916342 0.596798 0.922179 0.595342 0.924125 0.593886 0.924125 0.592431 0.92607 0.590975 0.92607 0.58952 0.928016 0.588064 0.928016 0.585153 0.931907 0.583697 0.931907 0.582242 0.933852 0.580786 0.933852 0.57933 0.935798 0.577875 0.935798 0.576419 0.937743 0.574964 0.937743 0.573508 0.939689 0.572052 0.939689 0.569141 0.94358 0.567686 0.94358 0.56623 0.945525 0.564774 0.945525 0.563319 0.947471 0.556041 0.947471 0.554585 0.945525 0.547307 0.945525 0.545852 0.94358 0.540029 0.94358 0.538574 0.941634 0.537118 0.94358 0.535662 0.94358 0.534207 0.945525 0.532751 0.945525 0.531295 0.947471 0.52984 0.947471 0.528384 0.949416 0.526929 0.949416 0.525473 0.951362 0.524017 0.951362 0.522562 0.953307 0.521106 0.953307 0.519651 0.955253 0.518195 0.955253 0.516739 0.957198 0.515284 0.957198 0.513828 0.959144 0.512373 0.959144 0.512373 0.961089 0.513828 0.963035 0.513828 0.968872 0.515284 0.970817 0.515284 0.974708 0.513828 0.976654 0.513828 0.978599 0.512373 0.980545 0.512373 0.98249 0.510917 0.984436 0.510917 0.988327 0.509461 0.990272 0.509461 0.992218 0.508006 0.994163 0.508006 0.996109 0.50655 0.998054 0.550218 0.998054 0.551674 0.996109 0.55313 0.996109 0.556041 0.992218 0.557496 0.992218 0.560408 0.988327 0.561863 0.988327 0.564774 0.984436 0.56623 0.984436 0.569141 0.980545 0.570597 0.980545 0.573508 0.984436 0.573508 0.994163 0.574964 0.996109 0.574964 0.998054 0.598253 0.998054 0.599709 0.996109 0.599709 0.994163 0.604076 0.988327 0.604076 0.986381 0.608443 0.980545 0.608443 0.978599 0.612809 0.972763 0.612809 0.970817 0.617176 0.964981 0.621543 0.964981 0.622999 0.963035 0.627365 0.963035 0.628821 0.961089 0.631732 0.961089 0.633188 0.959144 0.637555 0.959144 0.63901 0.957198 0.643377 0.957198 0.644833 0.955253 0.649199 0.955253 0.655022 0.947471 0.655022 0.945525 0.660844 0.937743 0.656477 0.931907 0.656477 0.929961 0.649199 0.920233 0.649199 0.918288 0.641921 0.90856 0.641921 0.906615 0.637555 0.900778 0.636099 0.902724 0.621543 0.902724 0.620087 0.900778 0.618632 0.900778 0.617176 0.898833 0.615721 0.898833 0.614265 0.896887 0.612809 0.896887 0.609898 0.892996 0.608443 0.892996 0.606987 0.891051 0.605531 0.891051 0.604076 0.889105 0.60262 0.889105
1 0.256186 0.747082 0.248908 0.756809 0.247453 0.756809 0.240175 0.766537 0.238719 0.766537 0.237263 0.768482 0.235808 0.768482 0.234352 0.770428 0.232897 0.770428 0.231441 0.772374 0.229985 0.772374 0.22853 0.774319 0.227074 0.774319 0.225619 0.776265 0.224163 0.776265 0.222707 0.77821 0.221252 0.77821 0.219796 0.780156 0.218341 0.780156 0.216885 0.782101 0.215429 0.782101 0.213974 0.784047 0.212518 0.784047 0.211063 0.785992 0.209607 0.785992 0.208151 0.787938 0.206696 0.787938 0.20524 0.789883 0.203785 0.789883 0.202329 0.791829 0.200873 0.791829 0.199418 0.793774 0.197962 0.793774 0.196507 0.79572 0.195051 0.79572 0.193595 0.797665 0.19214 0.797665 0.190684 0.799611 0.189229 0.799611 0.187773 0.801556 0.186317 0.801556 0.184862 0.803502 0.183406 0.803502 0.181951 0.805447 0.180495 0.805447 0.179039 0.807393 0.177584 0.807393 0.176128 0.809339 0.170306 0.809339 0.16885 0.811284 0.163028 0.811284 0.161572 0.81323 0.148472 0.81323 0.147016 0.811284 0.141194 0.811284 0.139738 0.809339 0.13246 0.809339 0.131004 0.807393 0.129549 0.809339 0.125182 0.809339 0.123726 0.811284 0.11936 0.811284 0.117904 0.81323 0.113537 0.81323 0.112082 0.815175 0.107715 0.815175 0.106259 0.817121 0.101892 0.817121 0.09607 0.824903 0.09607 0.826848 0.090247 0.83463 0.075691 0.83463 0.071325 0.840467 0.071325 0.842412 0.064047 0.85214 0.062591 0.85214 0.05968 0.856031 0.058224 0.856031 0.055313 0.859922 0.053857 0.859922 0.050946 0.863813 0.049491 0.863813 0.048035 0.865759 0.046579 0.865759 0.045124 0.867704 0.043668 0.867704 0.042213 0.86965 0.040757 0.86965 0.039301 0.871595 0.03639 0.871595 0.034934 0.873541 0.033479 0.873541 0.032023 0.875486 0.030568 0.875486 0.030568 0.879377 0.032023 0.881323 0.032023 0.88716 0.033479 0.885214 0.034934 0.885214 0.03639 0.883268 0.037846 0.883268 0.039301 0.881323 0.042213 0.881323 0.043668 0.879377 0.045124 0.879377 0.046579 0.877432 0.048035 0.877432 0.052402 0.883268 0.053857 0.883268 0.05968 0.891051 0.05968 0.892996 0.058224 0.894942 0.058224 0.900778 0.056769 0.902724 0.056769 0.906615 0.055313 0.90856 0.055313 0.910506 0.056769 0.910506 0.058224 0.912451 0.05968 0.912451 0.062591 0.916342 0.064047 0.916342 0.065502 0.918288 0.065502 0.916342 0.066958 0.914397 0.066958 0.912451 0.068413 0.910506 0.068413 0.906615 0.069869 0.904669 0.069869 0.902724 0.071325 0.900778 0.071325 0.898833 0.07278 0.896887 0.07278 0.894942 0.074236 0.892996 0.075691 0.892996 0.077147 0.891051 0.078603 0.891051 0.080058 0.889105 0.081514 0.889105 0.084425 0.885214 0.085881 0.885214 0.087336 0.883268 0.088792 0.883268 0.090247 0.881323 0.091703 0.881323 0.093159 0.879377 0.094614 0.879377 0.09607 0.877432 0.098981 0.877432 0.100437 0.875486 0.103348 0.875486 0.104803 0.873541 0.10917 0.873541 0.110626 0.871595 0.113537 0.871595 0.114993 0.86965 0.117904 0.86965 0.11936 0.867704 0.126638 0.867704 0.128093 0.865759 0.136827 0.865759 0.138282 0.863813 0.183406 0.863813 0.184862 0.861868 0.184862 0.859922 0.189229 0.854086 0.189229 0.85214 0.190684 0.850195 0.190684 0.848249 0.189229 0.846304 0.189229 0.844358 0.187773 0.842412 0.187773 0.838521 0.186317 0.836576 0.186317 0.83463 0.184862 0.832685 0.184862 0.828794 0.183406 0.826848 0.183406 0.824903 0.181951 0.822957 0.181951 0.821012 0.183406 0.819066 0.184862 0.819066 0.187773 0.815175 0.189229 0.815175 0.190684 0.81323 0.19214 0.81323 0.193595 0.811284 0.195051 0.811284 0.197962 0.807393 0.199418 0.807393 0.200873 0.805447 0.202329 0.805447 0.20524 0.801556 0.206696 0.801556 0.208151 0.799611 0.209607 0.799611 0.211063 0.797665 0.212518 0.797665 0.215429 0.793774 0.216885 0.793774 0.218341 0.791829 0.221252 0.791829 0.222707 0.789883 0.225619 0.789883 0.227074 0.787938 0.229985 0.787938 0.231441 0.785992 0.234352 0.785992 0.235808 0.784047 0.240175 0.784047 0.24163 0.782101 0.244541 0.782101 0.245997 0.780156 0.248908 0.780156 0.250364 0.77821 0.253275 0.77821 0.254731 0.776265 0.256186 0.776265 0.257642 0.774319 0.260553 0.774319 0.262009 0.772374 0.263464 0.772374 0.26492 0.770428 0.266376 0.770428 0.267831 0.768482 0.270742 0.768482 0.272198 0.766537 0.273654 0.766537 0.275109 0.764591 0.27802 0.764591 0.279476 0.762646 0.280932 0.762646 0.280932 0.7607 0.282387 0.758755 0.282387 0.752918 0.283843 0.750973 0.283843 0.749027 0.257642 0.749027
1 0.199418 0.684825 0.199418 0.68677 0.197962 0.688716 0.197962 0.690661 0.195051 0.694553 0.184862 0.694553 0.183406 0.692607 0.171761 0.692607 0.170306 0.690661 0.16885 0.692607 0.165939 0.692607 0.164483 0.694553 0.161572 0.694553 0.160116 0.696498 0.157205 0.696498 0.15575 0.698444 0.152838 0.698444 0.151383 0.700389 0.148472 0.700389 0.148472 0.70428 0.147016 0.706226 0.147016 0.708171 0.173217 0.708171 0.174672 0.710117 0.186317 0.710117 0.187773 0.712062 0.197962 0.712062 0.199418 0.714008 0.200873 0.712062 0.211063 0.712062 0.212518 0.710117 0.224163 0.710117 0.225619 0.708171 0.235808 0.708171 0.240175 0.702335 0.240175 0.700389 0.244541 0.694553 0.24163 0.694553 0.240175 0.692607 0.237263 0.692607 0.235808 0.690661 0.232897 0.690661 0.231441 0.688716 0.22853 0.688716 0.227074 0.68677 0.200873 0.68677
1 0.129549 0.684825 0.128093 0.68677 0.103348 0.68677 0.093159 0.700389 0.085881 0.700389 0.084425 0.698444 0.075691 0.698444 0.074236 0.696498 0.066958 0.696498 0.065502 0.694553 0.058224 0.694553 0.056769 0.692607 0.048035 0.692607 0.046579 0.690661 0.039301 0.690661 0.037846 0.688716 0.034934 0.692607 0.034934 0.694553 0.029112 0.702335 0.029112 0.70428 0.02329 0.712062 0.02329 0.714008 0.020378 0.717899 0.030568 0.731518 0.032023 0.729572 0.039301 0.729572 0.040757 0.727626 0.046579 0.727626 0.048035 0.725681 0.055313 0.725681 0.056769 0.723735 0.05968 0.723735 0.061135 0.725681 0.058224 0.729572 0.056769 0.729572 0.053857 0.733463 0.052402 0.733463 0.050946 0.735409 0.049491 0.735409 0.046579 0.7393 0.045124 0.7393 0.042213 0.743191 0.040757 0.743191 0.039301 0.745136 0.037846 0.745136 0.034934 0.749027 0.033479 0.749027 0.030568 0.752918 0.029112 0.752918 0.029112 0.7607 0.030568 0.758755 0.062591 0.758755 0.064047 0.756809 0.065502 0.756809 0.066958 0.754864 0.068413 0.754864 0.069869 0.752918 0.071325 0.752918 0.07278 0.750973 0.074236 0.750973 0.075691 0.749027 0.078603 0.749027 0.080058 0.747082 0.081514 0.747082 0.082969 0.745136 0.084425 0.745136 0.085881 0.743191 0.087336 0.743191 0.088792 0.741245 0.090247 0.741245 0.091703 0.7393 0.093159 0.7393 0.094614 0.737354 0.09607 0.737354 0.097525 0.735409 0.098981 0.735409 0.100437 0.733463 0.101892 0.733463 0.103348 0.731518 0.104803 0.731518 0.106259 0.729572 0.10917 0.729572 0.110626 0.727626 0.112082 0.727626 0.113537 0.725681 0.114993 0.725681 0.116448 0.723735 0.117904 0.723735 0.11936 0.72179 0.120815 0.72179 0.120815 0.719844 0.122271 0.717899 0.122271 0.714008 0.123726 0.712062 0.123726 0.708171 0.125182 0.706226 0.125182 0.700389 0.126638 0.698444 0.126638 0.694553 0.128093 0.692607 0.128093 0.688716 0.129549 0.68677
1 0.279476 0.64786 0.27802 0.649805 0.273654 0.649805 0.272198 0.651751 0.267831 0.651751 0.266376 0.653696 0.262009 0.653696 0.260553 0.655642 0.256186 0.655642 0.254731 0.657588 0.250364 0.657588 0.248908 0.659533 0.245997 0.659533 0.244541 0.657588 0.244541 0.655642 0.245997 0.653696 0.245997 0.651751 0.234352 0.651751 0.229985 0.657588 0.22853 0.657588 0.225619 0.661479 0.225619 0.673152 0.227074 0.673152 0.22853 0.675097 0.229985 0.675097 0.231441 0.677043 0.232897 0.677043 0.234352 0.678988 0.235808 0.678988 0.237263 0.680934 0.237263 0.678988 0.238719 0.677043 0.238719 0.675097 0.240175 0.673152 0.240175 0.671206 0.243086 0.667315 0.245997 0.667315 0.247453 0.66537 0.25182 0.66537 0.253275 0.663424 0.256186 0.663424 0.257642 0.661479 0.262009 0.661479 0.263464 0.659533 0.266376 0.659533 0.267831 0.657588 0.272198 0.657588 0.273654 0.655642 0.276565 0.655642 0.27802 0.653696 0.282387 0.653696 0.280932 0.651751 0.280932 0.649805
1 0.046579 0.632296 0.045124 0.634241 0.043668 0.634241 0.040757 0.638132 0.039301 0.638132 0.039301 0.645914 0.040757 0.643969 0.055313 0.643969 0.056769 0.645914 0.05968 0.645914 0.061135 0.64786 0.064047 0.64786 0.065502 0.649805 0.068413 0.649805 0.069869 0.651751 0.07278 0.651751 0.074236 0.653696 0.077147 0.653696 0.078603 0.655642 0.081514 0.655642 0.082969 0.657588 0.082969 0.653696 0.084425 0.651751 0.084425 0.649805 0.082969 0.649805 0.081514 0.64786 0.078603 0.64786 0.077147 0.645914 0.075691 0.645914 0.074236 0.643969 0.071325 0.643969 0.069869 0.642023 0.068413 0.642023 0.066958 0.640078 0.064047 0.640078 0.062591 0.638132 0.061135 0.638132 0.05968 0.636187 0.053857 0.636187 0.052402 0.634241 0.048035 0.634241
1 0.180495 0.616732 0.179039 0.618677 0.177584 0.618677 0.174672 0.622568 0.173217 0.622568 0.184862 0.638132 0.184862 0.645914 0.183406 0.64786 0.183406 0.653696 0.195051 0.653696 0.196507 0.651751 0.197962 0.651751 0.199418 0.649805 0.200873 0.649805 0.203785 0.645914 0.20524 0.645914 0.206696 0.643969 0.208151 0.643969 0.208151 0.636187 0.209607 0.634241 0.209607 0.626459 0.206696 0.622568 0.20524 0.622568 0.200873 0.616732 0.199418 0.618677 0.181951 0.618677
1 0.327511 0.603113 0.327511 0.607004 0.3246 0.610895 0.31441 0.610895 0.312955 0.608949 0.312955 0.614786 0.31441 0.616732 0.31441 0.624514 0.315866 0.626459 0.315866 0.628405 0.318777 0.632296 0.318777 0.634241 0.321689 0.638132 0.321689 0.640078 0.323144 0.642023 0.3246 0.640078 0.326055 0.640078 0.327511 0.638132 0.330422 0.638132 0.331878 0.636187 0.333333 0.636187 0.331878 0.634241 0.330422 0.634241 0.327511 0.63035 0.326055 0.63035 0.323144 0.626459 0.327511 0.620623 0.327511 0.618677 0.328967 0.616732 0.336245 0.616732 0.3377 0.618677 0.340611 0.618677 0.342067 0.620623 0.343523 0.620623 0.344978 0.622568 0.347889 0.622568 0.349345 0.624514 0.353712 0.618677 0.344978 0.607004 0.3377 0.607004 0.336245 0.605058 0.328967 0.605058
1 0.291121 0.595331 0.289665 0.597276 0.286754 0.597276 0.285298 0.599222 0.282387 0.599222 0.280932 0.601167 0.276565 0.601167 0.275109 0.603113 0.272198 0.603113 0.270742 0.605058 0.231441 0.605058 0.231441 0.610895 0.269287 0.610895 0.270742 0.61284 0.272198 0.610895 0.275109 0.610895 0.276565 0.608949 0.279476 0.608949 0.280932 0.607004 0.285298 0.607004 0.286754 0.605058 0.289665 0.605058 0.291121 0.603113 0.294032 0.603113 0.292576 0.601167 0.292576 0.599222 0.291121 0.597276
1 0.061135 0.595331 0.05968 0.597276 0.058224 0.597276 0.055313 0.601167 0.053857 0.601167 0.052402 0.603113 0.050946 0.603113 0.048035 0.607004 0.037846 0.607004 0.03639 0.605058 0.03639 0.608949 0.034934 0.610895 0.034934 0.614786 0.037846 0.614786 0.039301 0.616732 0.042213 0.616732 0.043668 0.618677 0.049491 0.618677 0.050946 0.620623 0.055313 0.620623 0.056769 0.622568 0.062591 0.622568 0.064047 0.624514 0.065502 0.622568 0.066958 0.622568 0.069869 0.618677 0.071325 0.618677 0.069869 0.618677 0.066958 0.614786 0.065502 0.614786 0.062591 0.610895 0.061135 0.610895 0.05968 0.608949 0.069869 0.595331
1 0.892285 0.587549 0.89083 0.589494 0.876274 0.589494 0.876274 0.59144 0.874818 0.593385 0.874818 0.595331 0.873362 0.597276 0.873362 0.601167 0.874818 0.603113 0.874818 0.608949 0.909753 0.608949 0.915575 0.601167 0.914119 0.599222 0.914119 0.597276 0.911208 0.593385 0.911208 0.59144 0.909753 0.589494 0.893741 0.589494
1 0.69869 0.585603 0.69869 0.593385 0.701601 0.593385 0.703057 0.595331 0.705968 0.595331 0.707424 0.597276 0.710335 0.597276 0.71179 0.599222 0.713246 0.597276 0.713246 0.595331 0.714702 0.593385 0.71179 0.589494 0.71179 0.587549 0.710335 0.585603
1 0.68559 0.583658 0.684134 0.585603 0.663755 0.585603 0.6623 0.587549 0.641921 0.587549 0.641921 0.589494 0.640466 0.59144 0.640466 0.595331 0.63901 0.597276 0.63901 0.599222 0.637555 0.601167 0.631732 0.601167 0.630277 0.603113 0.624454 0.603113 0.622999 0.605058 0.622999 0.607004 0.621543 0.608949 0.621543 0.610895 0.618632 0.614786 0.618632 0.616732 0.617176 0.618677 0.617176 0.620623 0.615721 0.622568 0.611354 0.622568 0.609898 0.620623 0.605531 0.620623 0.604076 0.618677 0.601164 0.618677 0.599709 0.616732 0.595342 0.616732 0.593886 0.614786 0.590975 0.614786 0.58952 0.61284 0.585153 0.61284 0.583697 0.610895 0.580786 0.610895 0.57933 0.608949 0.576419 0.608949 0.574964 0.607004 0.572052 0.607004 0.570597 0.605058 0.569141 0.605058 0.567686 0.603113 0.564774 0.603113 0.563319 0.601167 0.561863 0.601167 0.560408 0.599222 0.557496 0.599222 0.556041 0.597276 0.554585 0.597276 0.55313 0.595331 0.551674 0.597276 0.545852 0.597276 0.535662 0.610895 0.535662 0.61284 0.534207 0.614786 0.534207 0.618677 0.532751 0.620623 0.532751 0.622568 0.540029 0.622568 0.541485 0.624514 0.541485 0.626459 0.540029 0.628405 0.540029 0.63035 0.537118 0.634241 0.537118 0.636187 0.535662 0.638132 0.537118 0.638132 0.538574 0.640078 0.540029 0.640078 0.541485 0.642023 0.544396 0.642023 0.545852 0.643969 0.547307 0.643969 0.548763 0.645914 0.550218 0.645914 0.551674 0.64786 0.55313 0.64786 0.554585 0.649805 0.554585 0.64786 0.556041 0.645914 0.556041 0.643969 0.557496 0.642023 0.557496 0.640078 0.558952 0.638132 0.558952 0.636187 0.560408 0.634241 0.560408 0.632296 0.563319 0.628405 0.564774 0.63035 0.567686 0.63035 0.569141 0.632296 0.570597 0.632296 0.572052 0.634241 0.573508 0.634241 0.574964 0.636187 0.576419 0.636187 0.577875 0.638132 0.580786 0.638132 0.582242 0.640078 0.583697 0.640078 0.585153 0.642023 0.593886 0.642023 0.595342 0.643969 0.60262 0.643969 0.604076 0.645914 0.605531 0.643969 0.611354 0.643969 0.612809 0.642023 0.618632 0.642023 0.620087 0.640078 0.62591 0.640078 0.62591 0.638132 0.627365 0.636187 0.627365 0.634241 0.628821 0.632296 0.628821 0.63035 0.633188 0.624514 0.634643 0.624514 0.637555 0.620623 0.663755 0.620623 0.665211 0.622568 0.669578 0.622568 0.671033 0.624514 0.673945 0.624514 0.6754 0.626459 0.679767 0.626459 0.681223 0.628405 0.694323 0.628405 0.697234 0.632296 0.69869 0.632296 0.704512 0.640078 0.704512 0.63035 0.708879 0.624514 0.710335 0.624514 0.71179 0.622568 0.71179 0.610895 0.704512 0.610895 0.703057 0.608949 0.697234 0.608949 0.694323 0.605058 0.694323 0.603113 0.692868 0.601167 0.692868 0.599222 0.689956 0.595331 0.689956 0.593385 0.688501 0.59144 0.688501 0.589494 0.687045 0.587549 0.687045 0.585603
1 0.740902 0.566148 0.739447 0.568093 0.739447 0.570039 0.73508 0.575875 0.73508 0.577821 0.732169 0.581712 0.733624 0.581712 0.73508 0.583658 0.736536 0.583658 0.739447 0.587549 0.740902 0.587549 0.742358 0.589494 0.742358 0.587549 0.743814 0.585603 0.743814 0.583658 0.745269 0.581712 0.745269 0.577821 0.746725 0.575875 0.746725 0.57393 0.74818 0.571984 0.74818 0.570039 0.745269 0.570039 0.743814 0.568093 0.742358 0.568093
1 0.957787 0.498054 0.957787 0.5 0.956332 0.501946 0.956332 0.503891 0.954876 0.505837 0.954876 0.507782 0.953421 0.509728 0.953421 0.511673 0.951965 0.513619 0.951965 0.515564 0.953421 0.513619 0.956332 0.513619 0.957787 0.511673 0.960699 0.511673 0.962154 0.509728 0.965066 0.509728 0.966521 0.507782 0.991266 0.507782 0.991266 0.503891 0.992722 0.501946 0.992722 0.5 0.959243 0.5
1 0.500728 0.476654 0.500728 0.484436 0.522562 0.484436 0.522562 0.480545 0.512373 0.480545 0.510917 0.478599 0.502183 0.478599
1 0.097525 0.449416 0.09607 0.451362 0.094614 0.451362 0.093159 0.453307 0.091703 0.453307 0.090247 0.455253 0.087336 0.455253 0.085881 0.457198 0.084425 0.457198 0.084425 0.461089 0.085881 0.459144 0.100437 0.459144 0.100437 0.457198 0.098981 0.455253 0.098981 0.453307 0.097525 0.451362
1 0.441048 0.447471 0.436681 0.453307 0.435226 0.453307 0.43377 0.455253 0.441048 0.455253 0.442504 0.457198 0.449782 0.457198 0.451237 0.459144 0.454148 0.455253 0.452693 0.455253 0.451237 0.453307 0.448326 0.453307 0.44687 0.451362 0.445415 0.451362 0.443959 0.449416 0.442504 0.449416
1 0.045124 0.447471 0.043668 0.449416 0.040757 0.449416 0.039301 0.451362 0.037846 0.451362 0.03639 0.453307 0.033479 0.453307 0.033479 0.455253 0.034934 0.457198 0.034934 0.459144 0.03639 0.461089 0.03639 0.464981 0.037846 0.466926 0.037846 0.468872 0.039301 0.470817 0.039301 0.472763 0.040757 0.474708 0.040757 0.478599 0.042213 0.480545 0.042213 0.48249 0.043668 0.484436 0.043668 0.488327 0.045124 0.490272 0.045124 0.492218 0.046579 0.494163 0.046579 0.496109 0.045124 0.498054 0.043668 0.498054 0.040757 0.501946 0.034934 0.494163 0.034934 0.492218 0.032023 0.488327 0.001456 0.488327 0.0 0.486381 0.0 0.515564 0.001456 0.513619 0.016012 0.513619 0.017467 0.511673 0.046579 0.511673 0.048035 0.513619 0.065502 0.513619 0.066958 0.515564 0.075691 0.515564 0.077147 0.51751 0.084425 0.51751 0.085881 0.519455 0.094614 0.519455 0.09607 0.521401 0.103348 0.521401 0.104803 0.523346 0.103348 0.525292 0.101892 0.525292 0.098981 0.529183 0.097525 0.529183 0.09607 0.531128 0.094614 0.531128 0.091703 0.535019 0.090247 0.535019 0.090247 0.536965 0.088792 0.538911 0.088792 0.540856 0.087336 0.542802 0.087336 0.546693 0.085881 0.548638 0.085881 0.550584 0.084425 0.552529 0.084425 0.554475 0.082969 0.55642 0.074236 0.55642 0.07278 0.558366 0.064047 0.558366 0.065502 0.560311 0.05968 0.568093 0.058224 0.568093 0.050946 0.577821 0.030568 0.577821 0.029112 0.579767 0.026201 0.575875 0.024745 0.575875 0.021834 0.571984 0.018923 0.571984 0.017467 0.570039 0.0 0.570039 0.0 0.601167 0.001456 0.599222 0.010189 0.599222 0.011645 0.597276 0.021834 0.597276 0.02329 0.595331 0.024745 0.595331 0.026201 0.593385 0.029112 0.593385 0.030568 0.59144 0.032023 0.59144 0.033479 0.589494 0.034934 0.589494 0.03639 0.587549 0.037846 0.587549 0.039301 0.585603 0.042213 0.585603 0.043668 0.583658 0.045124 0.583658 0.046579 0.581712 0.058224 0.581712 0.05968 0.579767 0.074236 0.579767 0.075691 0.581712 0.077147 0.581712 0.080058 0.585603 0.081514 0.585603 0.082969 0.587549 0.084425 0.587549 0.085881 0.589494 0.087336 0.589494 0.088792 0.59144 0.090247 0.59144 0.091703 0.593385 0.093159 0.59144 0.098981 0.59144 0.100437 0.589494 0.107715 0.589494 0.112082 0.595331 0.112082 0.601167 0.110626 0.603113 0.110626 0.61284 0.10917 0.614786 0.10917 0.618677 0.114993 0.618677 0.116448 0.620623 0.122271 0.620623 0.123726 0.622568 0.129549 0.622568 0.13246 0.626459 0.129549 0.63035 0.128093 0.63035 0.126638 0.632296 0.123726 0.632296 0.123726 0.634241 0.122271 0.636187 0.122271 0.638132 0.120815 0.640078 0.120815 0.642023 0.123726 0.642023 0.125182 0.643969 0.126638 0.643969 0.128093 0.645914 0.131004 0.645914 0.13246 0.64786 0.133916 0.645914 0.138282 0.645914 0.139738 0.643969 0.142649 0.643969 0.144105 0.642023 0.167394 0.642023 0.16885 0.643969 0.16885 0.642023 0.170306 0.640078 0.170306 0.638132 0.16885 0.638132 0.167394 0.636187 0.164483 0.636187 0.163028 0.634241 0.161572 0.634241 0.160116 0.632296 0.158661 0.634241 0.144105 0.634241 0.138282 0.626459 0.139738 0.624514 0.142649 0.624514 0.144105 0.622568 0.147016 0.622568 0.148472 0.620623 0.152838 0.620623 0.154294 0.618677 0.157205 0.618677 0.158661 0.616732 0.161572 0.616732 0.163028 0.614786 0.164483 0.614786 0.167394 0.610895 0.16885 0.610895 0.170306 0.608949 0.171761 0.608949 0.174672 0.605058 0.176128 0.605058 0.177584 0.603113 0.179039 0.603113 0.181951 0.599222 0.183406 0.599222 0.181951 0.597276 0.180495 0.597276 0.177584 0.593385 0.176128 0.593385 0.173217 0.589494 0.171761 0.589494 0.167394 0.583658 0.165939 0.583658 0.163028 0.579767 0.161572 0.579767 0.158661 0.575875 0.15575 0.575875 0.154294 0.57393 0.152838 0.57393 0.151383 0.571984 0.148472 0.571984 0.147016 0.570039 0.144105 0.570039 0.142649 0.568093 0.139738 0.568093 0.138282 0.566148 0.136827 0.566148 0.135371 0.564202 0.13246 0.564202 0.131004 0.562257 0.13246 0.560311 0.133916 0.560311 0.135371 0.558366 0.138282 0.558366 0.139738 0.55642 0.141194 0.55642 0.142649 0.554475 0.144105 0.554475 0.14556 0.552529 0.148472 0.552529 0.149927 0.550584 0.151383 0.550584 0.152838 0.548638 0.154294 0.548638 0.15575 0.546693 0.158661 0.546693 0.160116 0.544747 0.163028 0.544747 0.164483 0.546693 0.165939 0.546693 0.16885 0.550584 0.170306 0.550584 0.171761 0.552529 0.173217 0.552529 0.176128 0.55642 0.177584 0.55642 0.181951 0.562257 0.183406 0.562257 0.187773 0.568093 0.189229 0.568093 0.193595 0.57393 0.195051 0.57393 0.197962 0.577821 0.199418 0.575875 0.206696 0.575875 0.208151 0.577821 0.209607 0.577821 0.211063 0.579767 0.212518 0.579767 0.213974 0.581712 0.215429 0.581712 0.216885 0.583658 0.219796 0.583658 0.221252 0.585603 0.222707 0.585603 0.224163 0.587549 0.225619 0.587549 0.227074 0.589494 0.22853 0.589494 0.229985 0.59144 0.231441 0.59144 0.232897 0.593385 0.238719 0.593385 0.240175 0.595331 0.245997 0.595331 0.247453 0.597276 0.253275 0.597276 0.254731 0.599222 0.262009 0.589494 0.263464 0.589494 0.270742 0.579767 0.3246 0.579767 0.3246 0.577821 0.326055 0.575875 0.326055 0.57393 0.327511 0.571984 0.327511 0.568093 0.328967 0.566148 0.328967 0.564202 0.330422 0.562257 0.330422 0.560311 0.333333 0.55642 0.334789 0.558366 0.336245 0.558366 0.3377 0.560311 0.339156 0.560311 0.342067 0.564202 0.343523 0.564202 0.344978 0.566148 0.346434 0.566148 0.347889 0.568093 0.347889 0.570039 0.346434 0.571984 0.346434 0.575875 0.344978 0.577821 0.344978 0.579767 0.343523 0.581712 0.343523 0.585603 0.342067 0.587549 0.342067 0.589494 0.355167 0.589494 0.356623 0.59144 0.359534 0.587549 0.36099 0.587549 0.363901 0.583658 0.365357 0.583658 0.368268 0.579767 0.369723 0.579767 0.371179 0.577821 0.372635 0.577821 0.37409 0.579767 0.375546 0.579767 0.378457 0.583658 0.379913 0.583658 0.381368 0.585603 0.382824 0.585603 0.384279 0.587549 0.385735 0.587549 0.388646 0.59144 0.390102 0.59144 0.391557 0.593385 0.393013 0.59144 0.409025 0.59144 0.41048 0.589494 0.480349 0.589494 0.481805 0.59144 0.500728 0.59144 0.502183 0.593385 0.503639 0.59144 0.508006 0.59144 0.509461 0.589494 0.513828 0.589494 0.515284 0.587549 0.519651 0.587549 0.521106 0.585603 0.525473 0.585603 0.526929 0.583658 0.531295 0.583658 0.532751 0.581712 0.544396 0.581712 0.545852 0.579767 0.556041 0.579767 0.557496 0.577821 0.577875 0.577821 0.57933 0.579767 0.588064 0.579767 0.58952 0.581712 0.598253 0.581712 0.599709 0.583658 0.608443 0.583658 0.609898 0.585603 0.611354 0.583658 0.612809 0.583658 0.615721 0.579767 0.617176 0.579767 0.618632 0.577821 0.620087 0.577821 0.621543 0.575875 0.622999 0.575875 0.62591 0.571984 0.650655 0.571984 0.652111 0.570039 0.653566 0.570039 0.655022 0.568093 0.656477 0.568093 0.657933 0.566148 0.660844 0.566148 0.6623 0.564202 0.663755 0.564202 0.665211 0.562257 0.666667 0.562257 0.668122 0.560311 0.669578 0.560311 0.671033 0.558366 0.673945 0.558366 0.6754 0.55642 0.676856 0.55642 0.678311 0.554475 0.676856 0.552529 0.676856 0.550584 0.6754 0.548638 0.676856 0.546693 0.681223 0.546693 0.688501 0.536965 0.700146 0.536965 0.701601 0.535019 0.707424 0.535019 0.710335 0.538911 0.71179 0.538911 0.714702 0.542802 0.716157 0.540856 0.754003 0.540856 0.755459 0.538911 0.759825 0.538911 0.75837 0.536965 0.759825 0.535019 0.765648 0.535019 0.767103 0.533074 0.774381 0.533074 0.775837 0.531128 0.781659 0.531128 0.783115 0.529183 0.784571 0.531128 0.784571 0.535019 0.786026 0.536965 0.786026 0.544747 0.787482 0.546693 0.787482 0.550584 0.786026 0.552529 0.784571 0.552529 0.783115 0.554475 0.781659 0.554475 0.767103 0.57393 0.768559 0.571984 0.791849 0.571984 0.793304 0.57393 0.793304 0.579767 0.791849 0.581712 0.791849 0.587549 0.790393 0.589494 0.788937 0.589494 0.787482 0.59144 0.786026 0.59144 0.784571 0.593385 0.781659 0.593385 0.780204 0.595331 0.778748 0.595331 0.793304 0.595331 0.79476 0.597276 0.791849 0.601167 0.790393 0.601167 0.784571 0.608949 0.783115 0.608949 0.781659 0.610895 0.767103 0.610895 0.768559 0.61284 0.770015 0.61284 0.772926 0.616732 0.774381 0.616732 0.777293 0.620623 0.778748 0.618677 0.780204 0.618677 0.783115 0.614786 0.784571 0.614786 0.787482 0.610895 0.788937 0.610895 0.791849 0.607004 0.793304 0.607004 0.796215 0.603113 0.797671 0.603113 0.800582 0.599222 0.802038 0.599222 0.804949 0.595331 0.806405 0.595331 0.809316 0.59144 0.810771 0.59144 0.813683 0.587549 0.815138 0.587549 0.818049 0.583658 0.819505 0.583658 0.810771 0.571984 0.809316 0.571984 0.799127 0.558366 0.799127 0.55642 0.800582 0.554475 0.800582 0.550584 0.802038 0.548638 0.802038 0.544747 0.803493 0.542802 0.806405 0.542802 0.809316 0.546693 0.810771 0.546693 0.815138 0.552529 0.816594 0.552529 0.819505 0.55642 0.820961 0.55642 0.823872 0.560311 0.842795 0.560311 0.84425 0.562257 0.863173 0.562257 0.864629 0.564202 0.882096 0.564202 0.883552 0.566148 0.885007 0.566148 0.886463 0.568093 0.889374 0.568093 0.89083 0.570039 0.892285 0.570039 0.893741 0.571984 0.896652 0.571984 0.898108 0.57393 0.899563 0.57393 0.901019 0.575875 0.917031 0.575875 0.918486 0.57393 0.921397 0.57393 0.922853 0.571984 0.92722 0.571984 0.928675 0.570039 0.931587 0.570039 0.933042 0.568093 0.937409 0.568093 0.938865 0.566148 0.941776 0.566148 0.943231 0.564202 0.951965 0.564202 0.953421 0.566148 0.957787 0.566148 0.959243 0.568093 0.962154 0.568093 0.96361 0.570039 0.967977 0.570039 0.969432 0.571984 0.973799 0.571984 0.975255 0.57393 0.97671 0.571984 0.978166 0.571984 0.979622 0.570039 0.982533 0.570039 0.983988 0.568093 0.985444 0.568093 0.9869 0.566148 0.989811 0.566148 0.991266 0.564202 0.992722 0.564202 0.992722 0.55642 0.991266 0.558366 0.989811 0.558366 0.988355 0.560311 0.9869 0.560311 0.985444 0.562257 0.983988 0.562257 0.982533 0.564202 0.979622 0.560311 0.979622 0.554475 0.978166 0.552529 0.978166 0.548638 0.97671 0.548638 0.975255 0.546693 0.973799 0.546693 0.972344 0.544747 0.970888 0.544747 0.967977 0.540856 0.966521 0.540856 0.965066 0.538911 0.96361 0.538911 0.962154 0.536965 0.959243 0.540856 0.957787 0.540856 0.954876 0.544747 0.953421 0.544747 0.950509 0.548638 0.949054 0.548638 0.946143 0.552529 0.943231 0.552529 0.941776 0.550584 0.94032 0.550584 0.938865 0.548638 0.937409 0.548638 0.935953 0.546693 0.934498 0.546693 0.933042 0.544747 0.931587 0.544747 0.930131 0.542802 0.928675 0.542802 0.92722 0.540856 0.925764 0.542802 0.924309 0.542802 0.922853 0.544747 0.921397 0.544747 0.919942 0.546693 0.917031 0.546693 0.915575 0.548638 0.914119 0.548638 0.912664 0.550584 0.911208 0.550584 0.909753 0.552529 0.908297 0.552529 0.906841 0.554475 0.90393 0.554475 0.902475 0.55642 0.895197 0.55642 0.893741 0.554475 0.889374 0.554475 0.887918 0.552529 0.882096 0.552529 0.88064 0.550584 0.876274 0.550584 0.874818 0.548638 0.868996 0.548638 0.86754 0.546693 0.868996 0.544747 0.870451 0.544747 0.871907 0.542802 0.873362 0.542802 0.874818 0.540856 0.877729 0.540856 0.879185 0.538911 0.88064 0.538911 0.882096 0.536965 0.883552 0.536965 0.887918 0.531128 0.889374 0.531128 0.896652 0.521401 0.898108 0.521401 0.901019 0.51751 0.898108 0.51751 0.896652 0.515564 0.895197 0.515564 0.893741 0.513619 0.89083 0.513619 0.889374 0.511673 0.887918 0.511673 0.886463 0.509728 0.886463 0.511673 0.885007 0.513619 0.885007 0.51751 0.883552 0.519455 0.883552 0.521401 0.882096 0.523346 0.879185 0.523346 0.877729 0.525292 0.874818 0.525292 0.873362 0.527237 0.870451 0.527237 0.868996 0.529183 0.866084 0.529183 0.864629 0.531128 0.861718 0.531128 0.860262 0.533074 0.857351 0.533074 0.855895 0.535019 0.847162 0.535019 0.842795 0.529183 0.842795 0.527237 0.835517 0.51751 0.835517 0.515564 0.83115 0.509728 0.834061 0.505837 0.835517 0.505837 0.839884 0.5 0.841339 0.5 0.84425 0.496109 0.845706 0.496109 0.850073 0.490272 0.851528 0.490272 0.852984 0.488327 0.855895 0.488327 0.857351 0.490272 0.858806 0.490272 0.860262 0.492218 0.863173 0.492218 0.864629 0.494163 0.866084 0.494163 0.86754 0.496109 0.870451 0.496109 0.871907 0.498054 0.873362 0.498054 0.874818 0.5 0.877729 0.5 0.879185 0.501946 0.88064 0.501946 0.882096 0.503891 0.882096 0.501946 0.883552 0.5 0.883552 0.498054 0.882096 0.498054 0.879185 0.494163 0.877729 0.494163 0.876274 0.492218 0.874818 0.492218 0.873362 0.490272 0.871907 0.490272 0.868996 0.486381 0.86754 0.486381 0.866084 0.484436 0.864629 0.484436 0.861718 0.480545 0.860262 0.480545 0.858806 0.478599 0.858806 0.470817 0.857351 0.470817 0.855895 0.468872 0.852984 0.472763 0.851528 0.472763 0.847162 0.478599 0.845706 0.478599 0.841339 0.484436 0.839884 0.484436 0.835517 0.490272 0.834061 0.490272 0.829694 0.496109 0.828239 0.496109 0.810771 0.519455 0.788937 0.519455 0.787482 0.51751 0.786026 0.519455 0.786026 0.521401 0.783115 0.525292 0.77147 0.525292 0.770015 0.523346 0.768559 0.523346 0.767103 0.521401 0.764192 0.521401 0.762737 0.519455 0.761281 0.519455 0.759825 0.51751 0.75837 0.51751 0.756914 0.515564 0.755459 0.51751 0.746725 0.51751 0.745269 0.519455 0.737991 0.519455 0.736536 0.51751 0.736536 0.513619 0.73508 0.511673 0.73508 0.503891 0.726346 0.503891 0.724891 0.501946 0.723435 0.503891 0.720524 0.503891 0.719068 0.505837 0.716157 0.505837 0.714702 0.507782 0.71179 0.507782 0.710335 0.509728 0.708879 0.509728 0.707424 0.511673 0.704512 0.511673 0.703057 0.513619 0.700146 0.513619 0.69869 0.515564 0.688501 0.515564 0.687045 0.513619 0.679767 0.513619 0.678311 0.511673 0.671033 0.511673 0.669578 0.509728 0.644833 0.509728 0.643377 0.507782 0.630277 0.507782 0.628821 0.505837 0.615721 0.505837 0.614265 0.503891 0.612809 0.505837 0.596798 0.505837 0.593886 0.501946 0.593886 0.5 0.58952 0.494163 0.58952 0.492218 0.588064 0.490272 0.586608 0.492218 0.585153 0.492218 0.583697 0.494163 0.582242 0.494163 0.580786 0.496109 0.57933 0.496109 0.577875 0.498054 0.572052 0.498054 0.570597 0.496109 0.56623 0.496109 0.564774 0.494163 0.561863 0.494163 0.560408 0.492218 0.556041 0.492218 0.554585 0.490272 0.551674 0.494163 0.550218 0.494163 0.547307 0.498054 0.545852 0.498054 0.54294 0.501946 0.541485 0.501946 0.540029 0.503891 0.535662 0.503891 0.534207 0.505837 0.528384 0.505837 0.526929 0.507782 0.524017 0.507782 0.521106 0.503891 0.521106 0.5 0.519651 0.501946 0.518195 0.501946 0.516739 0.503891 0.515284 0.503891 0.512373 0.507782 0.510917 0.507782 0.509461 0.509728 0.508006 0.509728 0.503639 0.503891 0.502183 0.503891 0.496361 0.496109 0.481805 0.496109 0.475983 0.503891 0.474527 0.503891 0.468705 0.511673 0.461426 0.511673 0.458515 0.507782 0.458515 0.505837 0.45706 0.503891 0.45706 0.501946 0.455604 0.5 0.455604 0.498054 0.454148 0.496109 0.454148 0.494163 0.452693 0.496109 0.422125 0.496109 0.42067 0.498054 0.42067 0.5 0.417758 0.503891 0.436681 0.503891 0.438137 0.505837 0.436681 0.507782 0.430859 0.507782 0.429403 0.509728 0.425036 0.509728 0.423581 0.511673 0.417758 0.511673 0.416303 0.513619 0.409025 0.513619 0.407569 0.511673 0.404658 0.511673 0.403202 0.509728 0.401747 0.509728 0.400291 0.507782 0.398836 0.507782 0.39738 0.505837 0.394469 0.505837 0.393013 0.503891 0.391557 0.503891 0.390102 0.501946 0.390102 0.5 0.391557 0.498054 0.391557 0.494163 0.393013 0.492218 0.393013 0.490272 0.394469 0.488327 0.394469 0.486381 0.393013 0.486381 0.391557 0.484436 0.390102 0.484436 0.388646 0.48249 0.387191 0.484436 0.382824 0.484436 0.381368 0.486381 0.375546 0.486381 0.372635 0.490272 0.371179 0.490272 0.368268 0.494163 0.366812 0.494163 0.359534 0.503891 0.359534 0.505837 0.353712 0.513619 0.340611 0.496109 0.340611 0.498054 0.339156 0.5 0.339156 0.501946 0.3377 0.503891 0.3377 0.505837 0.336245 0.507782 0.336245 0.509728 0.334789 0.511673 0.334789 0.513619 0.331878 0.51751 0.330422 0.51751 0.328967 0.515564 0.3246 0.515564 0.323144 0.513619 0.320233 0.513619 0.318777 0.511673 0.315866 0.511673 0.31441 0.509728 0.310044 0.509728 0.308588 0.507782 0.305677 0.507782 0.304221 0.505837 0.30131 0.505837 0.299854 0.503891 0.295488 0.503891 0.294032 0.501946 0.291121 0.501946 0.289665 0.5 0.286754 0.5 0.285298 0.498054 0.285298 0.5 0.283843 0.501946 0.283843 0.503891 0.282387 0.505837 0.282387 0.507782 0.280932 0.509728 0.280932 0.511673 0.279476 0.513619 0.27802 0.513619 0.276565 0.511673 0.275109 0.511673 0.270742 0.505837 0.269287 0.507782 0.267831 0.507782 0.266376 0.509728 0.26492 0.509728 0.263464 0.511673 0.262009 0.511673 0.259098 0.515564 0.257642 0.515564 0.256186 0.51751 0.254731 0.51751 0.253275 0.519455 0.25182 0.519455 0.250364 0.521401 0.248908 0.521401 0.247453 0.519455 0.247453 0.51751 0.244541 0.513619 0.244541 0.511673 0.243086 0.509728 0.243086 0.507782 0.240175 0.503891 0.240175 0.501946 0.238719 0.5 0.232897 0.5 0.231441 0.498054 0.225619 0.498054 0.224163 0.496109 0.218341 0.496109 0.216885 0.494163 0.216885 0.496109 0.215429 0.498054 0.215429 0.5 0.213974 0.501946 0.213974 0.503891 0.212518 0.505837 0.211063 0.505837 0.209607 0.503891 0.208151 0.503891 0.203785 0.498054 0.200873 0.498054 0.199418 0.496109 0.195051 0.496109 0.193595 0.494163 0.190684 0.494163 0.189229 0.492218 0.186317 0.492218 0.184862 0.490272 0.184862 0.453307 0.179039 0.453307 0.177584 0.451362 0.177584 0.478599 0.176128 0.480545 0.171761 0.474708 0.170306 0.474708 0.163028 0.464981 0.161572 0.466926 0.160116 0.466926 0.158661 0.468872 0.15575 0.468872 0.154294 0.470817 0.154294 0.472763 0.149927 0.478599 0.149927 0.480545 0.148472 0.48249 0.10917 0.48249 0.107715 0.480545 0.103348 0.480545 0.101892 0.478599 0.097525 0.478599 0.09607 0.476654 0.093159 0.476654 0.091703 0.474708 0.087336 0.474708 0.085881 0.472763 0.081514 0.472763 0.080058 0.470817 0.075691 0.470817 0.074236 0.468872 0.071325 0.468872 0.069869 0.466926 0.065502 0.466926 0.062591 0.463035 0.061135 0.463035 0.058224 0.459144 0.056769 0.459144 0.053857 0.455253 0.052402 0.455253 0.049491 0.451362 0.048035 0.451362
1 0.164483 0.44358 0.163028 0.445525 0.160116 0.445525 0.158661 0.447471 0.154294 0.447471 0.15575 0.449416 0.15575 0.451362 0.157205 0.453307 0.157205 0.455253 0.158661 0.453307 0.163028 0.453307 0.164483 0.451362 0.16885 0.451362 0.165939 0.447471 0.165939 0.445525
1 0.113537 0.44358 0.112082 0.445525 0.106259 0.445525 0.106259 0.447471 0.107715 0.449416 0.107715 0.455253 0.10917 0.457198 0.10917 0.459144 0.114993 0.459144 0.116448 0.457198 0.123726 0.457198 0.125182 0.455253 0.133916 0.455253 0.133916 0.451362 0.117904 0.451362 0.114993 0.447471 0.114993 0.445525
1 0.388646 0.441634 0.388646 0.457198 0.390102 0.459144 0.391557 0.459144 0.394469 0.463035 0.39738 0.463035 0.398836 0.464981 0.403202 0.464981 0.404658 0.466926 0.407569 0.466926 0.409025 0.468872 0.411936 0.464981 0.413392 0.464981 0.416303 0.461089 0.417758 0.461089 0.42067 0.457198 0.422125 0.457198 0.425036 0.453307 0.425036 0.451362 0.427948 0.447471 0.425036 0.44358 0.423581 0.445525 0.422125 0.445525 0.42067 0.447471 0.419214 0.447471 0.417758 0.449416 0.41048 0.449416 0.409025 0.447471 0.403202 0.447471 0.401747 0.445525 0.39738 0.445525 0.395924 0.44358 0.390102 0.44358
1 0.509461 0.428016 0.508006 0.429961 0.50655 0.429961 0.505095 0.431907 0.503639 0.431907 0.500728 0.435798 0.499272 0.435798 0.497817 0.437743 0.496361 0.437743 0.497817 0.439689 0.497817 0.441634 0.499272 0.44358 0.499272 0.445525 0.508006 0.445525 0.509461 0.447471 0.512373 0.44358 0.512373 0.441634 0.515284 0.437743 0.512373 0.433852 0.512373 0.431907
1 0.19214 0.428016 0.190684 0.429961 0.187773 0.429961 0.186317 0.431907 0.183406 0.431907 0.183406 0.437743 0.181951 0.439689 0.181951 0.44358 0.187773 0.44358 0.189229 0.445525 0.196507 0.445525 0.197962 0.447471 0.203785 0.447471 0.20524 0.449416 0.254731 0.449416 0.254731 0.447471 0.256186 0.445525 0.256186 0.44358 0.259098 0.439689 0.263464 0.439689 0.26492 0.441634 0.270742 0.441634 0.272198 0.44358 0.27802 0.44358 0.279476 0.445525 0.276565 0.441634 0.276565 0.439689 0.275109 0.437743 0.272198 0.437743 0.270742 0.435798 0.269287 0.435798 0.267831 0.433852 0.26492 0.433852 0.263464 0.431907 0.211063 0.431907 0.209607 0.429961 0.193595 0.429961
1 0.486172 0.422179 0.484716 0.424125 0.477438 0.424125 0.478894 0.42607 0.478894 0.428016 0.480349 0.429961 0.478894 0.431907 0.477438 0.431907 0.475983 0.433852 0.452693 0.433852 0.452693 0.447471 0.458515 0.447471 0.459971 0.449416 0.467249 0.449416 0.468705 0.451362 0.474527 0.451362 0.475983 0.453307 0.475983 0.447471 0.477438 0.445525 0.477438 0.441634 0.478894 0.439689 0.480349 0.439689 0.481805 0.437743 0.484716 0.437743 0.486172 0.435798 0.487627 0.435798 0.487627 0.429961 0.486172 0.428016
1 0.516739 0.404669 0.513828 0.40856 0.513828 0.410506 0.510917 0.414397 0.513828 0.414397 0.515284 0.416342 0.516739 0.416342 0.518195 0.418288 0.521106 0.418288 0.522562 0.420233 0.524017 0.420233 0.525473 0.422179 0.528384 0.422179 0.52984 0.424125 0.531295 0.424125 0.532751 0.42607 0.534207 0.424125 0.537118 0.424125 0.538574 0.422179 0.541485 0.422179 0.54294 0.424125 0.544396 0.424125 0.547307 0.428016 0.548763 0.428016 0.551674 0.431907 0.55313 0.431907 0.556041 0.435798 0.557496 0.433852 0.558952 0.433852 0.560408 0.431907 0.561863 0.431907 0.563319 0.429961 0.564774 0.429961 0.564774 0.422179 0.561863 0.422179 0.560408 0.420233 0.556041 0.420233 0.554585 0.418288 0.551674 0.418288 0.550218 0.416342 0.545852 0.416342 0.544396 0.414397 0.541485 0.414397 0.540029 0.412451 0.526929 0.412451 0.525473 0.410506 0.524017 0.410506 0.522562 0.40856 0.521106 0.40856 0.519651 0.406615 0.518195 0.406615
1 0.850073 0.394942 0.848617 0.396887 0.820961 0.396887 0.820961 0.400778 0.822416 0.402724 0.822416 0.404669 0.820961 0.406615 0.799127 0.406615 0.797671 0.40856 0.797671 0.410506 0.796215 0.412451 0.797671 0.412451 0.800582 0.416342 0.802038 0.416342 0.804949 0.420233 0.818049 0.420233 0.819505 0.422179 0.832606 0.422179 0.834061 0.424125 0.835517 0.422179 0.838428 0.422179 0.839884 0.420233 0.842795 0.420233 0.842795 0.416342 0.841339 0.414397 0.841339 0.40856 0.845706 0.402724 0.845706 0.400778
1 0.997089 0.391051 0.995633 0.392996 0.994178 0.392996 0.992722 0.394942 0.991266 0.394942 0.989811 0.396887 0.988355 0.396887 0.9869 0.398833 0.985444 0.398833 0.983988 0.400778 0.982533 0.400778 0.981077 0.402724 0.979622 0.402724 0.978166 0.404669 0.965066 0.404669 0.96361 0.402724 0.953421 0.402724 0.951965 0.400778 0.938865 0.400778 0.937409 0.398833 0.925764 0.398833 0.924309 0.396887 0.922853 0.398833 0.921397 0.398833 0.919942 0.400778 0.918486 0.400778 0.915575 0.404669 0.914119 0.404669 0.912664 0.406615 0.906841 0.406615 0.905386 0.404669 0.899563 0.404669 0.898108 0.402724 0.893741 0.402724 0.892285 0.400778 0.886463 0.400778 0.885007 0.398833 0.88064 0.398833 0.879185 0.396887 0.873362 0.396887 0.871907 0.394942 0.86754 0.394942 0.866084 0.392996 0.864629 0.394942 0.863173 0.394942 0.861718 0.396887 0.860262 0.396887 0.857351 0.400778 0.855895 0.400778 0.85444 0.402724 0.852984 0.402724 0.852984 0.404669 0.85444 0.406615 0.85444 0.40856 0.855895 0.410506 0.855895 0.412451 0.857351 0.414397 0.857351 0.416342 0.855895 0.418288 0.85444 0.418288 0.852984 0.420233 0.851528 0.420233 0.850073 0.422179 0.848617 0.422179 0.847162 0.424125 0.845706 0.424125 0.85444 0.435798 0.847162 0.445525 0.847162 0.447471 0.838428 0.459144 0.851528 0.459144 0.852984 0.457198 0.85444 0.457198 0.855895 0.455253 0.857351 0.455253 0.858806 0.453307 0.860262 0.453307 0.861718 0.451362 0.863173 0.451362 0.864629 0.449416 0.86754 0.449416 0.868996 0.447471 0.870451 0.447471 0.871907 0.445525 0.873362 0.445525 0.874818 0.44358 0.876274 0.44358 0.876274 0.441634 0.877729 0.439689 0.877729 0.437743 0.879185 0.435798 0.879185 0.433852 0.88064 0.431907 0.88064 0.429961 0.883552 0.42607 0.885007 0.42607 0.886463 0.428016 0.887918 0.428016 0.889374 0.429961 0.892285 0.429961 0.893741 0.431907 0.895197 0.431907 0.896652 0.433852 0.899563 0.433852 0.901019 0.435798 0.902475 0.435798 0.90393 0.437743 0.906841 0.437743 0.908297 0.439689 0.909753 0.437743 0.934498 0.437743 0.935953 0.439689 0.930131 0.447471 0.928675 0.447471 0.921397 0.457198 0.919942 0.457198 0.915575 0.463035 0.914119 0.463035 0.912664 0.464981 0.917031 0.464981 0.918486 0.466926 0.922853 0.466926 0.924309 0.468872 0.928675 0.468872 0.930131 0.470817 0.934498 0.470817 0.935953 0.472763 0.937409 0.470817 0.972344 0.470817 0.973799 0.468872 0.985444 0.468872 0.9869 0.466926 0.998544 0.466926 0.998544 0.391051
1 0.304221 0.340467 0.304221 0.350195 0.311499 0.350195 0.312955 0.35214 0.320233 0.35214 0.321689 0.354086 0.321689 0.350195 0.323144 0.348249 0.323144 0.344358 0.31441 0.344358 0.312955 0.342412 0.305677 0.342412
1 0.365357 0.326848 0.365357 0.328794 0.363901 0.330739 0.363901 0.336576 0.362445 0.338521 0.362445 0.340467 0.387191 0.340467 0.387191 0.338521 0.388646 0.336576 0.388646 0.33463 0.390102 0.332685 0.390102 0.330739 0.378457 0.330739 0.377001 0.328794 0.366812 0.328794
1 0.232897 0.31323 0.232897 0.324903 0.231441 0.326848 0.231441 0.328794 0.229985 0.330739 0.229985 0.332685 0.22853 0.33463 0.22853 0.336576 0.227074 0.338521 0.22853 0.338521 0.229985 0.340467 0.231441 0.340467 0.234352 0.344358 0.235808 0.344358 0.237263 0.346304 0.240175 0.342412 0.240175 0.340467 0.244541 0.33463 0.244541 0.332685 0.247453 0.328794 0.243086 0.322957 0.243086 0.321012 0.238719 0.315175 0.234352 0.315175
1 0.183406 0.311284 0.183406 0.315175 0.181951 0.317121 0.181951 0.322957 0.180495 0.324903 0.180495 0.328794 0.181951 0.330739 0.181951 0.332685 0.183406 0.330739 0.184862 0.330739 0.186317 0.328794 0.189229 0.328794 0.190684 0.326848 0.19214 0.326848 0.193595 0.324903 0.196507 0.324903 0.196507 0.322957 0.197962 0.321012 0.197962 0.319066 0.199418 0.317121 0.199418 0.315175 0.19214 0.315175 0.190684 0.31323 0.184862 0.31323
1 0.710335 0.303502 0.710335 0.307393 0.71179 0.309339 0.71179 0.31323 0.710335 0.315175 0.676856 0.315175 0.6754 0.317121 0.617176 0.317121 0.615721 0.315175 0.590975 0.315175 0.58952 0.31323 0.576419 0.31323 0.574964 0.311284 0.561863 0.311284 0.560408 0.309339 0.560408 0.317121 0.558952 0.319066 0.558952 0.324903 0.560408 0.322957 0.570597 0.322957 0.572052 0.321012 0.596798 0.321012 0.598253 0.322957 0.612809 0.322957 0.614265 0.324903 0.627365 0.324903 0.628821 0.326848 0.630277 0.324903 0.660844 0.324903 0.6623 0.326848 0.6623 0.330739 0.660844 0.332685 0.660844 0.338521 0.673945 0.338521 0.6754 0.340467 0.6754 0.336576 0.676856 0.33463 0.676856 0.330739 0.678311 0.328794 0.679767 0.328794 0.681223 0.326848 0.682678 0.326848 0.684134 0.324903 0.687045 0.324903 0.688501 0.322957 0.694323 0.322957 0.695779 0.324903 0.700146 0.324903 0.701601 0.326848 0.705968 0.326848 0.707424 0.328794 0.708879 0.326848 0.724891 0.326848 0.724891 0.324903 0.727802 0.321012 0.74818 0.321012 0.74818 0.315175 0.724891 0.315175 0.716157 0.303502
1 0.355167 0.289883 0.353712 0.291829 0.352256 0.291829 0.350801 0.293774 0.349345 0.293774 0.347889 0.29572 0.346434 0.29572 0.344978 0.297665 0.343523 0.297665 0.342067 0.299611 0.340611 0.299611 0.352256 0.315175 0.355167 0.311284 0.356623 0.311284 0.359534 0.307393 0.36099 0.307393 0.36099 0.305447 0.359534 0.303502 0.359534 0.301556 0.358079 0.299611 0.358079 0.297665 0.356623 0.29572 0.356623 0.293774 0.355167 0.291829
1 0.605531 0.266537 0.604076 0.268482 0.583697 0.268482 0.583697 0.27821 0.585153 0.276265 0.593886 0.276265 0.595342 0.274319 0.605531 0.274319
1 0.398836 0.250973 0.379913 0.276265 0.379913 0.27821 0.37409 0.285992 0.37409 0.287938 0.371179 0.291829 0.371179 0.29572 0.372635 0.297665 0.372635 0.305447 0.37409 0.307393 0.37409 0.311284 0.375546 0.309339 0.393013 0.309339 0.398836 0.301556 0.398836 0.299611 0.404658 0.291829 0.403202 0.291829 0.401747 0.293774 0.400291 0.291829 0.400291 0.289883 0.398836 0.287938 0.398836 0.285992 0.400291 0.284047 0.401747 0.284047 0.394469 0.274319 0.395924 0.272374 0.395924 0.270428 0.398836 0.266537 0.398836 0.264591 0.401747 0.2607 0.401747 0.258755 0.403202 0.256809
1 0.818049 0.2393 0.818049 0.247082 0.819505 0.249027 0.819505 0.256809 0.826783 0.256809 0.828239 0.258755 0.835517 0.258755 0.836972 0.2607 0.84425 0.2607 0.847162 0.264591 0.847162 0.266537 0.851528 0.272374 0.851528 0.274319 0.852984 0.276265 0.852984 0.27821 0.851528 0.280156 0.851528 0.285992 0.850073 0.287938 0.850073 0.289883 0.851528 0.289883 0.85444 0.293774 0.855895 0.293774 0.857351 0.29572 0.857351 0.293774 0.858806 0.291829 0.858806 0.285992 0.860262 0.284047 0.860262 0.282101 0.861718 0.280156 0.863173 0.280156 0.864629 0.27821 0.866084 0.27821 0.86754 0.276265 0.868996 0.276265 0.868996 0.274319 0.86754 0.272374 0.86754 0.268482 0.866084 0.266537 0.86754 0.264591 0.868996 0.264591 0.870451 0.266537 0.874818 0.266537 0.876274 0.268482 0.879185 0.268482 0.88064 0.270428 0.883552 0.270428 0.885007 0.272374 0.886463 0.272374 0.887918 0.274319 0.89083 0.274319 0.892285 0.276265 0.893741 0.276265 0.895197 0.27821 0.898108 0.27821 0.899563 0.280156 0.901019 0.280156 0.902475 0.282101 0.905386 0.282101 0.906841 0.284047 0.928675 0.284047 0.930131 0.282101 0.935953 0.282101 0.937409 0.280156 0.949054 0.280156 0.950509 0.282101 0.956332 0.282101 0.957787 0.284047 0.960699 0.284047 0.962154 0.285992 0.960699 0.287938 0.954876 0.287938 0.954876 0.291829 0.953421 0.293774 0.953421 0.29572 0.96361 0.29572 0.96361 0.291829 0.962154 0.289883 0.962154 0.285992 0.96361 0.284047 0.965066 0.285992 0.970888 0.285992 0.972344 0.287938 0.978166 0.287938 0.979622 0.289883 0.978166 0.291829 0.978166 0.293774 0.97671 0.29572 0.97671 0.297665 0.975255 0.299611 0.978166 0.303502 0.979622 0.301556 0.982533 0.301556 0.983988 0.299611 0.985444 0.299611 0.9869 0.297665 0.989811 0.297665 0.989811 0.29572 0.991266 0.293774 0.991266 0.289883 0.992722 0.287938 0.992722 0.285992 0.9869 0.285992 0.985444 0.284047 0.981077 0.284047 0.979622 0.282101 0.973799 0.282101 0.972344 0.280156 0.966521 0.280156 0.965066 0.27821 0.959243 0.27821 0.957787 0.276265 0.953421 0.276265 0.951965 0.274319 0.946143 0.274319 0.944687 0.272374 0.937409 0.272374 0.935953 0.270428 0.928675 0.270428 0.92722 0.268482 0.925764 0.270428 0.921397 0.270428 0.919942 0.272374 0.912664 0.272374 0.911208 0.270428 0.909753 0.270428 0.908297 0.268482 0.906841 0.268482 0.905386 0.266537 0.902475 0.266537 0.901019 0.264591 0.899563 0.264591 0.898108 0.262646 0.896652 0.262646 0.895197 0.2607 0.893741 0.2607 0.892285 0.258755 0.89083 0.258755 0.889374 0.256809 0.864629 0.256809 0.863173 0.254864 0.861718 0.254864 0.858806 0.250973 0.857351 0.250973 0.855895 0.249027 0.85444 0.249027 0.851528 0.245136 0.850073 0.245136 0.848617 0.243191 0.847162 0.245136 0.841339 0.245136 0.839884 0.247082 0.83115 0.247082 0.829694 0.245136 0.826783 0.245136 0.825328 0.243191 0.823872 0.243191 0.822416 0.241245 0.819505 0.241245
1 0.724891 0.231518 0.724891 0.233463 0.723435 0.235409 0.723435 0.237354 0.72198 0.2393 0.72198 0.241245 0.720524 0.243191 0.720524 0.245136 0.719068 0.247082 0.719068 0.249027 0.729258 0.249027 0.730713 0.250973 0.730713 0.249027 0.732169 0.247082 0.732169 0.241245 0.733624 0.2393 0.733624 0.237354 0.732169 0.237354 0.730713 0.235409 0.729258 0.235409 0.727802 0.233463 0.726346 0.233463
1 0.669578 0.190661 0.666667 0.194553 0.665211 0.194553 0.659389 0.202335 0.657933 0.202335 0.653566 0.208171 0.652111 0.208171 0.650655 0.210117 0.655022 0.210117 0.656477 0.212062 0.660844 0.212062 0.6623 0.214008 0.668122 0.206226 0.669578 0.206226 0.673945 0.200389 0.672489 0.198444 0.672489 0.196498 0.671033 0.194553 0.671033 0.192607
