0 0.845222 0.739677 0.84253 0.743268 0.841184 0.743268 0.841184 0.750449 0.845222 0.750449 0.846568 0.752244 0.847914 0.750449 0.850606 0.750449 0.851952 0.748654 0.853297 0.748654 0.854643 0.746858 0.857335 0.746858 0.855989 0.745063 0.84926 0.745063 0.847914 0.743268 0.847914 0.739677
0 0.764468 0.624776 0.763122 0.626571 0.760431 0.626571 0.759085 0.628366 0.755047 0.628366 0.753701 0.630162 0.751009 0.630162 0.749664 0.631957 0.746972 0.631957 0.745626 0.633752 0.741588 0.633752 0.740242 0.635548 0.73755 0.635548 0.736205 0.637343 0.736205 0.639138 0.734859 0.640934 0.738896 0.64632 0.740242 0.644524 0.742934 0.644524 0.74428 0.642729 0.746972 0.642729 0.748318 0.640934 0.751009 0.640934 0.752355 0.639138 0.753701 0.639138 0.755047 0.637343 0.757739 0.637343 0.759085 0.635548 0.761777 0.635548 0.763122 0.633752 0.765814 0.633752 0.765814 0.630162 0.764468 0.628366
0 0.041723 0.578097 0.039031 0.581688 0.037685 0.581688 0.034993 0.585278 0.033647 0.585278 0.030956 0.588869 0.02961 0.588869 0.026918 0.59246 0.025572 0.59246 0.02288 0.59605 0.021534 0.59605 0.018843 0.599641 0.017497 0.599641 0.014805 0.603232 0.013459 0.603232 0.010767 0.606822 0.009421 0.606822 0.006729 0.610413 0.005384 0.610413 0.002692 0.614004 0.001346 0.614004 0.0 0.615799 0.0 0.635548 0.006729 0.635548 0.008075 0.637343 0.008075 0.642729 0.009421 0.644524 0.009421 0.655296 0.010767 0.657092 0.010767 0.666068 0.012113 0.667864 0.012113 0.678636 0.013459 0.680431 0.013459 0.684022 0.02288 0.684022 0.02288 0.678636 0.024226 0.67684 0.024226 0.660682 0.025572 0.658887 0.025572 0.644524 0.026918 0.642729 0.026918 0.626571 0.028264 0.624776 0.028264 0.617594 0.02961 0.615799 0.030956 0.617594 0.041723 0.617594 0.043069 0.61939 0.053836 0.61939 0.055182 0.621185 0.068641 0.621185 0.069987 0.61939 0.072678 0.61939 0.074024 0.617594 0.076716 0.617594 0.078062 0.615799 0.084791 0.615799 0.086137 0.614004 0.094213 0.614004 0.095559 0.612208 0.102288 0.612208 0.103634 0.610413 0.110363 0.610413 0.111709 0.608618 0.119785 0.608618 0.121131 0.606822 0.12786 0.606822 0.123822 0.606822 0.122476 0.605027 0.119785 0.605027 0.118439 0.603232 0.114401 0.603232 0.113055 0.601436 0.114401 0.599641 0.115747 0.599641 0.118439 0.59605 0.119785 0.59605 0.121131 0.594255 0.122476 0.594255 0.125168 0.590664 0.126514 0.590664 0.129206 0.587074 0.130552 0.587074 0.103634 0.587074 0.102288 0.588869 0.095559 0.588869 0.094213 0.590664 0.088829 0.590664 0.087483 0.59246 0.080754 0.59246 0.079408 0.594255 0.074024 0.594255 0.072678 0.59605 0.065949 0.59605 0.064603 0.597846 0.059219 0.597846 0.057873 0.599641 0.051144 0.599641 0.049798 0.601436 0.044415 0.601436 0.043069 0.603232 0.041723 0.601436
0 0.873486 0.552962 0.869448 0.558348 0.868102 0.558348 0.866756 0.560144 0.868102 0.561939 0.868102 0.563734 0.869448 0.56553 0.882907 0.56553 0.882907 0.558348 0.884253 0.556553 0.884253 0.554758 0.874832 0.554758
0 0.749664 0.420108 0.749664 0.425494 0.748318 0.427289 0.748318 0.43088 0.755047 0.43088 0.755047 0.429084 0.756393 0.427289 0.756393 0.421903 0.751009 0.421903
0 0.592194 0.333932 0.590848 0.335727 0.589502 0.335727 0.588156 0.337522 0.58681 0.337522 0.585464 0.339318 0.584118 0.339318 0.582773 0.341113 0.581427 0.341113 0.580081 0.342908 0.578735 0.342908 0.578735 0.35368 0.58681 0.35368 0.588156 0.355476 0.589502 0.35368 0.592194 0.35368 0.59354 0.351885 0.596231 0.351885 0.596231 0.348294 0.597577 0.346499 0.597577 0.342908 0.594886 0.339318 0.594886 0.337522
0 0.716016 0.332136 0.71467 0.333932 0.706595 0.333932 0.706595 0.341113 0.720054 0.341113 0.720054 0.337522 0.7214 0.335727 0.7214 0.333932 0.717362 0.333932
0 0.632571 0.315978 0.632571 0.319569 0.64603 0.319569 0.64603 0.315978
0 0.757739 0.308797 0.757739 0.314183 0.756393 0.315978 0.756393 0.319569 0.764468 0.319569 0.764468 0.310592 0.759085 0.310592
0 0.79677 0.301616 0.795424 0.303411 0.795424 0.305206 0.794078 0.307002 0.794078 0.308797 0.795424 0.310592 0.795424 0.312388 0.79677 0.314183 0.79677 0.315978 0.807537 0.315978 0.808883 0.314183 0.808883 0.312388 0.810229 0.310592 0.810229 0.308797 0.808883 0.307002 0.808883 0.305206 0.807537 0.303411 0.807537 0.301616
0 0.749664 0.281867 0.748318 0.283662 0.742934 0.283662 0.742934 0.287253 0.741588 0.289048 0.741588 0.290844 0.749664 0.290844
1 0.336474 0.964093 0.336474 0.967684 0.339166 0.967684 0.340511 0.969479 0.340511 0.97307 0.339166 0.974865 0.339166 0.976661 0.33782 0.978456 0.340511 0.982047 0.340511 0.983842 0.343203 0.987433 0.348587 0.980251 0.348587 0.978456 0.351279 0.974865 0.351279 0.97307 0.352624 0.971275 0.349933 0.967684 0.347241 0.971275 0.344549 0.967684 0.344549 0.965889 0.343203 0.964093
1 0.97712 0.924596 0.975774 0.926391 0.974428 0.926391 0.969044 0.933573 0.967699 0.933573 0.965007 0.937163 0.966353 0.938959 0.966353 0.940754 0.97039 0.940754 0.971736 0.938959 0.974428 0.938959 0.975774 0.937163 0.979812 0.937163 0.981157 0.935368 0.983849 0.935368 0.985195 0.933573 0.986541 0.935368 0.991925 0.935368 0.993271 0.937163 0.998654 0.937163 0.998654 0.924596
1 0.904441 0.921005 0.904441 0.928187 0.9179 0.928187 0.919246 0.929982 0.921938 0.929982 0.923284 0.931777 0.92463 0.931777 0.925976 0.933573 0.928668 0.933573 0.930013 0.935368 0.932705 0.935368 0.934051 0.937163 0.936743 0.937163 0.938089 0.938959 0.939435 0.938959 0.940781 0.940754 0.943472 0.940754 0.944818 0.942549 0.944818 0.938959 0.942127 0.938959 0.940781 0.937163 0.939435 0.937163 0.938089 0.935368 0.935397 0.935368 0.934051 0.933573 0.931359 0.933573 0.930013 0.931777 0.927322 0.931777 0.925976 0.929982 0.923284 0.929982 0.921938 0.928187 0.919246 0.928187 0.9179 0.926391 0.915209 0.926391 0.913863 0.924596 0.909825 0.924596 0.908479 0.922801 0.905787 0.922801
1 0.950202 0.897666 0.94751 0.901257 0.946164 0.901257 0.946164 0.903052 0.944818 0.904847 0.944818 0.906643 0.943472 0.908438 0.943472 0.910233 0.940781 0.913824 0.938089 0.913824 0.936743 0.912029 0.932705 0.912029 0.931359 0.910233 0.925976 0.910233 0.92463 0.908438 0.920592 0.908438 0.919246 0.906643 0.915209 0.906643 0.913863 0.904847 0.913863 0.906643 0.915209 0.908438 0.915209 0.912029 0.928668 0.912029 0.930013 0.913824 0.932705 0.913824 0.934051 0.915619 0.936743 0.915619 0.938089 0.917415 0.940781 0.917415 0.942127 0.91921 0.946164 0.91921 0.946164 0.917415 0.94751 0.915619 0.94751 0.913824 0.948856 0.912029 0.950202 0.912029 0.951548 0.910233 0.959623 0.910233 0.960969 0.908438 0.960969 0.906643 0.962315 0.904847 0.959623 0.901257 0.955585 0.901257 0.95424 0.899461 0.951548 0.899461
1 0.58681 0.895871 0.584118 0.899461 0.582773 0.899461 0.581427 0.901257 0.581427 0.912029 0.588156 0.912029 0.588156 0.904847 0.58681 0.903052
1 0.713324 0.867145 0.713324 0.868941 0.711978 0.870736 0.711978 0.872531 0.710633 0.874327 0.711978 0.876122 0.713324 0.876122 0.717362 0.881508 0.718708 0.881508 0.7214 0.885099 0.722746 0.885099 0.726783 0.890485 0.728129 0.890485 0.730821 0.894075 0.733513 0.890485 0.734859 0.890485 0.732167 0.886894 0.730821 0.886894 0.725437 0.879713 0.724092 0.879713 0.718708 0.872531 0.717362 0.872531
1 0.963661 0.843806 0.962315 0.845601 0.956931 0.845601 0.955585 0.847397 0.950202 0.847397 0.948856 0.849192 0.943472 0.849192 0.942127 0.850987 0.936743 0.850987 0.936743 0.852783 0.938089 0.854578 0.950202 0.854578 0.951548 0.852783 0.965007 0.852783 0.966353 0.850987 0.998654 0.850987 0.998654 0.843806
1 0.351279 0.7307 0.348587 0.734291 0.351279 0.737882 0.351279 0.739677 0.355316 0.745063 0.355316 0.746858 0.358008 0.750449 0.359354 0.750449 0.362046 0.754039 0.363392 0.754039 0.366083 0.75763 0.367429 0.75763 0.371467 0.763016 0.371467 0.764811 0.375505 0.770197 0.375505 0.771993 0.376851 0.773788 0.378197 0.771993 0.380888 0.771993 0.380888 0.768402 0.375505 0.761221 0.374159 0.761221
1 0.939435 0.723519 0.932705 0.732496 0.932705 0.736086 0.931359 0.737882 0.931359 0.741472 0.95424 0.741472 0.955585 0.739677 0.960969 0.746858 0.960969 0.748654 0.966353 0.755835 0.973082 0.755835 0.974428 0.75763 0.982503 0.75763 0.983849 0.759425 0.990579 0.759425 0.991925 0.761221 0.998654 0.761221 0.998654 0.739677 0.997308 0.739677 0.995962 0.737882 0.994616 0.737882 0.993271 0.736086 0.990579 0.736086 0.989233 0.734291 0.987887 0.734291 0.986541 0.732496 0.985195 0.732496 0.983849 0.7307 0.982503 0.7307 0.981157 0.728905 0.979812 0.728905 0.978466 0.72711 0.975774 0.72711 0.974428 0.725314 0.973082 0.725314 0.971736 0.723519
1 0.855989 0.723519 0.855989 0.734291 0.857335 0.734291 0.860027 0.737882 0.861373 0.737882 0.864065 0.741472 0.86541 0.741472 0.868102 0.745063 0.864065 0.739677 0.864065 0.737882 0.861373 0.734291 0.862719 0.732496 0.864065 0.732496 0.866756 0.728905 0.868102 0.728905 0.86541 0.728905 0.864065 0.72711 0.861373 0.72711 0.860027 0.725314 0.857335 0.725314
1 0.201884 0.698384 0.199192 0.701975 0.197847 0.701975 0.195155 0.705566 0.193809 0.705566 0.191117 0.709156 0.189771 0.709156 0.187079 0.712747 0.174966 0.712747 0.176312 0.714542 0.176312 0.716338 0.177658 0.718133 0.179004 0.716338 0.183042 0.716338 0.184388 0.714542 0.189771 0.714542 0.191117 0.712747 0.195155 0.712747 0.201884 0.70377
1 0.991925 0.675045 0.991925 0.67684 0.990579 0.678636 0.990579 0.680431 0.989233 0.682226 0.991925 0.685817 0.991925 0.687612 0.998654 0.696589 0.998654 0.698384 0.998654 0.684022
1 0.10498 0.671454 0.10498 0.67325 0.106326 0.675045 0.106326 0.67684 0.107672 0.678636 0.107672 0.680431 0.109017 0.682226 0.109017 0.684022 0.110363 0.685817 0.110363 0.687612 0.113055 0.687612 0.114401 0.689408 0.115747 0.689408 0.117093 0.691203 0.117093 0.689408 0.118439 0.687612 0.118439 0.685817 0.119785 0.684022 0.119785 0.682226 0.121131 0.680431 0.121131 0.67684 0.122476 0.675045 0.122476 0.671454
1 0.909825 0.667864 0.907133 0.671454 0.908479 0.671454 0.911171 0.675045 0.912517 0.675045 0.915209 0.678636 0.916555 0.678636 0.919246 0.682226 0.920592 0.682226 0.921938 0.684022 0.92463 0.684022 0.925976 0.685817 0.930013 0.685817 0.931359 0.687612 0.934051 0.687612 0.935397 0.689408 0.938089 0.689408 0.939435 0.691203 0.939435 0.687612 0.936743 0.687612 0.935397 0.685817 0.932705 0.685817 0.931359 0.684022 0.930013 0.684022 0.928668 0.682226 0.925976 0.682226 0.92463 0.680431 0.923284 0.680431 0.920592 0.67684 0.919246 0.67684 0.916555 0.67325 0.915209 0.67325 0.912517 0.669659 0.911171 0.669659
1 0.803499 0.648115 0.802153 0.64991 0.795424 0.64991 0.794078 0.651706 0.786003 0.651706 0.784657 0.653501 0.749664 0.653501 0.749664 0.658887 0.765814 0.680431 0.764468 0.682226 0.764468 0.684022 0.761777 0.687612 0.772544 0.687612 0.775236 0.684022 0.775236 0.666068 0.777927 0.662478 0.779273 0.662478 0.788694 0.675045 0.791386 0.675045 0.792732 0.67684 0.795424 0.67684 0.79677 0.678636 0.799462 0.678636 0.807537 0.689408 0.810229 0.689408 0.811575 0.691203 0.814266 0.691203 0.815612 0.692998 0.81965 0.692998 0.820996 0.694794 0.823688 0.694794 0.825034 0.696589 0.827725 0.696589 0.829071 0.698384 0.831763 0.698384 0.833109 0.70018 0.834455 0.698384 0.834455 0.696589 0.835801 0.694794 0.835801 0.691203 0.837147 0.689408 0.837147 0.687612 0.829071 0.687612 0.827725 0.685817 0.825034 0.689408 0.816958 0.689408 0.815612 0.687612 0.814266 0.687612 0.812921 0.685817 0.811575 0.685817 0.810229 0.684022 0.808883 0.684022 0.807537 0.682226 0.807537 0.680431 0.811575 0.675045 0.812921 0.675045 0.814266 0.67325 0.812921 0.675045 0.800808 0.675045 0.799462 0.67325 0.798116 0.67325 0.795424 0.669659 0.794078 0.669659 0.792732 0.667864 0.792732 0.660682 0.794078 0.658887 0.79677 0.658887 0.798116 0.660682 0.800808 0.660682 0.802153 0.662478 0.804845 0.662478 0.806191 0.664273 0.810229 0.664273 0.811575 0.666068 0.814266 0.666068 0.815612 0.667864 0.818304 0.667864 0.81965 0.669659 0.820996 0.669659 0.822342 0.671454 0.823688 0.671454 0.825034 0.67325 0.82638 0.67325 0.827725 0.675045 0.829071 0.675045 0.830417 0.67684 0.831763 0.67684 0.833109 0.678636 0.834455 0.678636 0.835801 0.680431 0.837147 0.678636 0.838493 0.678636 0.841184 0.675045 0.845222 0.675045 0.846568 0.67684 0.84926 0.67684 0.850606 0.678636 0.851952 0.678636 0.853297 0.680431 0.855989 0.680431 0.857335 0.682226 0.857335 0.680431 0.855989 0.678636 0.855989 0.675045 0.854643 0.67325 0.853297 0.67325 0.850606 0.669659 0.84926 0.669659 0.846568 0.666068 0.845222 0.667864 0.825034 0.667864 0.823688 0.666068 0.820996 0.666068 0.81965 0.664273 0.815612 0.664273 0.814266 0.662478 0.811575 0.662478 0.810229 0.660682 0.807537 0.660682 0.806191 0.658887 0.806191 0.657092 0.804845 0.655296 0.804845 0.651706 0.803499 0.64991
1 0.969044 0.644524 0.973082 0.64991 0.974428 0.64991 0.978466 0.655296 0.987887 0.655296 0.989233 0.657092 0.998654 0.657092 0.998654 0.648115 0.994616 0.648115 0.993271 0.64632 0.989233 0.64632 0.987887 0.644524
1 0.907133 0.633752 0.904441 0.637343 0.905787 0.637343 0.907133 0.639138 0.908479 0.639138 0.909825 0.640934 0.912517 0.640934 0.913863 0.642729 0.915209 0.642729 0.916555 0.644524 0.9179 0.644524 0.919246 0.64632 0.920592 0.64632 0.925976 0.653501 0.925976 0.655296 0.932705 0.664273 0.932705 0.666068 0.936743 0.671454 0.938089 0.669659 0.942127 0.669659 0.943472 0.671454 0.943472 0.67325 0.944818 0.675045 0.944818 0.67684 0.940781 0.682226 0.942127 0.682226 0.944818 0.685817 0.946164 0.685817 0.94751 0.687612 0.94751 0.689408 0.948856 0.691203 0.948856 0.692998 0.950202 0.694794 0.950202 0.696589 0.951548 0.696589 0.952894 0.698384 0.95424 0.698384 0.955585 0.70018 0.956931 0.70018 0.958277 0.701975 0.963661 0.701975 0.965007 0.70377 0.97039 0.70377 0.971736 0.705566 0.97712 0.705566 0.978466 0.707361 0.978466 0.70018 0.975774 0.70018 0.974428 0.698384 0.97039 0.698384 0.969044 0.696589 0.966353 0.696589 0.965007 0.694794 0.962315 0.694794 0.960969 0.692998 0.960969 0.691203 0.959623 0.689408 0.959623 0.685817 0.958277 0.684022 0.958277 0.680431 0.959623 0.678636 0.959623 0.67684 0.960969 0.675045 0.960969 0.67325 0.962315 0.671454 0.962315 0.662478 0.960969 0.664273 0.951548 0.664273 0.948856 0.660682 0.94751 0.660682 0.944818 0.657092 0.943472 0.657092 0.939435 0.651706 0.938089 0.651706 0.935397 0.648115 0.934051 0.648115 0.931359 0.644524 0.928668 0.644524 0.927322 0.642729 0.92463 0.642729 0.923284 0.640934 0.920592 0.640934 0.919246 0.639138 0.916555 0.639138 0.915209 0.637343 0.912517 0.637343 0.911171 0.635548 0.908479 0.635548
1 0.870794 0.574506 0.869448 0.576302 0.853297 0.576302 0.853297 0.578097 0.854643 0.579892 0.854643 0.581688 0.855989 0.583483 0.854643 0.585278 0.846568 0.585278 0.845222 0.583483 0.837147 0.583483 0.835801 0.581688 0.830417 0.581688 0.829071 0.579892 0.825034 0.579892 0.823688 0.578097 0.818304 0.578097 0.816958 0.576302 0.815612 0.578097 0.806191 0.578097 0.807537 0.579892 0.807537 0.581688 0.808883 0.583483 0.808883 0.585278 0.811575 0.585278 0.812921 0.587074 0.816958 0.587074 0.818304 0.588869 0.820996 0.588869 0.822342 0.590664 0.825034 0.590664 0.82638 0.59246 0.827725 0.590664 0.845222 0.590664 0.847914 0.594255 0.847914 0.597846 0.846568 0.599641 0.845222 0.599641 0.843876 0.601436 0.84253 0.601436 0.839838 0.605027 0.838493 0.605027 0.837147 0.606822 0.835801 0.606822 0.839838 0.606822 0.841184 0.608618 0.845222 0.608618 0.846568 0.610413 0.850606 0.610413 0.851952 0.612208 0.853297 0.610413 0.881561 0.610413 0.882907 0.612208 0.896366 0.612208 0.899058 0.615799 0.900404 0.615799 0.903096 0.61939 0.904441 0.61939 0.907133 0.62298 0.9179 0.62298 0.919246 0.624776 0.928668 0.624776 0.930013 0.626571 0.940781 0.626571 0.942127 0.628366 0.942127 0.626571 0.943472 0.624776 0.939435 0.624776 0.936743 0.621185 0.935397 0.621185 0.931359 0.615799 0.930013 0.617594 0.921938 0.617594 0.920592 0.615799 0.916555 0.615799 0.915209 0.614004 0.911171 0.614004 0.909825 0.612208 0.911171 0.610413 0.912517 0.610413 0.913863 0.608618 0.916555 0.608618 0.9179 0.606822 0.919246 0.606822 0.913863 0.606822 0.912517 0.605027 0.908479 0.605027 0.907133 0.603232 0.886945 0.603232 0.884253 0.599641 0.884253 0.59605 0.882907 0.594255 0.882907 0.59246 0.874832 0.59246 0.873486 0.590664 0.86541 0.590664 0.864065 0.588869 0.864065 0.587074 0.862719 0.585278 0.862719 0.583483 0.864065 0.581688 0.874832 0.581688 0.876178 0.583483 0.876178 0.581688 0.877524 0.579892 0.877524 0.578097 0.874832 0.578097 0.873486 0.576302 0.87214 0.576302
1 0.625841 0.5386 0.625841 0.54219 0.627187 0.543986 0.627187 0.547576 0.625841 0.549372 0.624495 0.549372 0.623149 0.551167 0.620458 0.551167 0.619112 0.552962 0.617766 0.552962 0.619112 0.552962 0.620458 0.554758 0.625841 0.554758 0.627187 0.552962 0.628533 0.552962 0.631225 0.549372 0.632571 0.549372 0.632571 0.545781 0.631225 0.543986 0.631225 0.5386
1 0.788694 0.536804 0.786003 0.540395 0.784657 0.540395 0.783311 0.54219 0.784657 0.543986 0.784657 0.545781 0.786003 0.547576 0.786003 0.549372 0.784657 0.551167 0.783311 0.551167 0.781965 0.549372 0.780619 0.549372 0.779273 0.547576 0.776581 0.547576 0.775236 0.545781 0.77389 0.545781 0.772544 0.543986 0.769852 0.543986 0.771198 0.545781 0.771198 0.547576 0.772544 0.549372 0.772544 0.551167 0.776581 0.551167 0.777927 0.552962 0.780619 0.552962 0.781965 0.554758 0.788694 0.554758 0.79004 0.556553 0.79004 0.558348 0.787349 0.561939 0.780619 0.561939 0.780619 0.563734 0.779273 0.56553 0.783311 0.56553 0.786003 0.56912 0.786003 0.570916 0.784657 0.572711 0.777927 0.572711 0.777927 0.578097 0.794078 0.578097 0.795424 0.579892 0.79677 0.578097 0.799462 0.578097 0.799462 0.576302 0.798116 0.574506 0.798116 0.572711 0.792732 0.572711 0.791386 0.570916 0.791386 0.567325 0.792732 0.56553 0.802153 0.56553 0.803499 0.567325 0.807537 0.567325 0.808883 0.56912 0.807537 0.567325 0.807537 0.56553 0.806191 0.56553 0.804845 0.563734 0.802153 0.563734 0.800808 0.561939 0.799462 0.561939 0.798116 0.560144 0.79677 0.560144 0.795424 0.558348 0.795424 0.556553 0.79677 0.554758 0.803499 0.554758 0.804845 0.556553 0.806191 0.554758 0.806191 0.552962 0.804845 0.551167 0.804845 0.547576 0.803499 0.545781 0.803499 0.543986 0.800808 0.543986 0.799462 0.54219 0.79677 0.54219 0.795424 0.540395 0.794078 0.540395 0.792732 0.5386 0.79004 0.5386
1 0.900404 0.526032 0.899058 0.527828 0.893674 0.527828 0.892328 0.529623 0.885599 0.529623 0.886945 0.531418 0.886945 0.533214 0.899058 0.533214 0.900404 0.535009 0.9179 0.535009 0.919246 0.536804 0.921938 0.533214 0.923284 0.533214 0.923284 0.529623 0.908479 0.529623 0.907133 0.527828 0.90175 0.527828
1 0.833109 0.504488 0.831763 0.506284 0.829071 0.506284 0.827725 0.508079 0.825034 0.508079 0.823688 0.509874 0.820996 0.509874 0.820996 0.51167 0.822342 0.513465 0.822342 0.51526 0.823688 0.517056 0.823688 0.518851 0.825034 0.520646 0.825034 0.522442 0.82638 0.524237 0.82638 0.526032 0.827725 0.527828 0.827725 0.529623 0.829071 0.531418 0.829071 0.533214 0.831763 0.533214 0.833109 0.535009 0.835801 0.535009 0.837147 0.536804 0.860027 0.536804 0.860027 0.535009 0.861373 0.533214 0.860027 0.533214 0.857335 0.529623 0.855989 0.529623 0.854643 0.527828 0.855989 0.526032 0.861373 0.526032 0.862719 0.524237 0.868102 0.524237 0.862719 0.524237 0.861373 0.522442 0.860027 0.522442 0.858681 0.520646 0.855989 0.520646 0.854643 0.518851 0.853297 0.518851 0.851952 0.517056 0.839838 0.517056 0.838493 0.51526 0.838493 0.513465 0.834455 0.508079 0.834455 0.506284
1 0.741588 0.504488 0.741588 0.509874 0.742934 0.51167 0.742934 0.518851 0.74428 0.517056 0.746972 0.517056 0.748318 0.518851 0.748318 0.526032 0.759085 0.526032 0.760431 0.527828 0.760431 0.524237 0.759085 0.522442 0.759085 0.520646 0.757739 0.518851 0.757739 0.51526 0.759085 0.513465 0.759085 0.504488
1 0.857335 0.486535 0.857335 0.490126 0.855989 0.491921 0.855989 0.493716 0.877524 0.493716 0.878869 0.495512 0.880215 0.495512 0.881561 0.497307 0.884253 0.497307 0.885599 0.499102 0.886945 0.499102 0.888291 0.500898 0.889637 0.500898 0.890983 0.502693 0.893674 0.499102 0.89502 0.499102 0.897712 0.495512 0.899058 0.495512 0.897712 0.495512 0.896366 0.493716 0.893674 0.493716 0.892328 0.491921 0.890983 0.491921 0.889637 0.490126 0.888291 0.490126 0.886945 0.48833 0.858681 0.48833
1 0.810229 0.470377 0.810229 0.482944 0.808883 0.48474 0.808883 0.48833 0.806191 0.491921 0.804845 0.491921 0.802153 0.495512 0.800808 0.495512 0.798116 0.499102 0.79677 0.499102 0.794078 0.502693 0.792732 0.502693 0.795424 0.502693 0.79677 0.504488 0.798116 0.504488 0.799462 0.506284 0.802153 0.506284 0.803499 0.508079 0.807537 0.502693 0.808883 0.502693 0.812921 0.497307 0.814266 0.497307 0.818304 0.491921 0.81965 0.491921 0.820996 0.490126 0.820996 0.486535 0.822342 0.48474 0.822342 0.477558 0.823688 0.475763 0.823688 0.472172 0.811575 0.472172
1 0.900404 0.441652 0.909825 0.454219 0.909825 0.452424 0.911171 0.450628 0.911171 0.448833 0.912517 0.447038 0.912517 0.445242 0.913863 0.443447 0.90175 0.443447
1 0.77389 0.423698 0.772544 0.425494 0.769852 0.425494 0.768506 0.427289 0.765814 0.427289 0.76716 0.427289 0.769852 0.43088 0.771198 0.43088 0.77389 0.43447 0.775236 0.43447 0.776581 0.436266 0.776581 0.448833 0.775236 0.450628 0.772544 0.450628 0.771198 0.452424 0.769852 0.452424 0.768506 0.454219 0.765814 0.454219 0.765814 0.45781 0.76716 0.45781 0.768506 0.459605 0.771198 0.459605 0.772544 0.4614 0.77389 0.4614 0.775236 0.463196 0.777927 0.463196 0.779273 0.464991 0.780619 0.464991 0.781965 0.466786 0.781965 0.470377 0.783311 0.472172 0.783311 0.481149 0.784657 0.482944 0.784657 0.48833 0.791386 0.48833 0.792732 0.490126 0.799462 0.481149 0.799462 0.479354 0.803499 0.473968 0.803499 0.472172 0.804845 0.470377 0.804845 0.468582 0.803499 0.468582 0.802153 0.466786 0.800808 0.466786 0.799462 0.464991 0.798116 0.464991 0.79677 0.463196 0.794078 0.463196 0.792732 0.4614 0.791386 0.4614 0.79004 0.459605 0.788694 0.459605 0.787349 0.45781 0.786003 0.45781 0.784657 0.456014 0.783311 0.456014 0.781965 0.454219 0.781965 0.448833 0.783311 0.447038 0.786003 0.450628 0.787349 0.450628 0.79004 0.454219 0.791386 0.452424 0.794078 0.452424 0.795424 0.450628 0.798116 0.450628 0.798116 0.448833 0.79677 0.447038 0.79677 0.445242 0.798116 0.443447 0.803499 0.443447 0.804845 0.441652 0.811575 0.441652 0.810229 0.439856 0.810229 0.438061 0.808883 0.436266 0.808883 0.43447 0.807537 0.436266 0.79677 0.436266 0.795424 0.43447 0.79004 0.43447 0.788694 0.432675 0.783311 0.432675 0.781965 0.43088 0.780619 0.43088 0.777927 0.427289 0.776581 0.427289
1 0.79677 0.421903 0.79677 0.429084 0.808883 0.429084 0.808883 0.421903
1 0.656797 0.411131 0.654105 0.414722 0.652759 0.414722 0.651413 0.416517 0.648721 0.416517 0.647376 0.414722 0.644684 0.414722 0.643338 0.412926 0.643338 0.414722 0.641992 0.416517 0.641992 0.418312 0.644684 0.418312 0.64603 0.420108 0.647376 0.420108 0.648721 0.421903 0.651413 0.421903 0.652759 0.423698 0.652759 0.421903 0.654105 0.420108 0.654105 0.418312 0.655451 0.416517 0.659489 0.416517 0.658143 0.414722 0.658143 0.412926
1 0.687752 0.40395 0.685061 0.40754 0.683715 0.40754 0.682369 0.405745 0.679677 0.405745 0.681023 0.40754 0.681023 0.409336 0.682369 0.411131 0.682369 0.412926 0.690444 0.412926 0.690444 0.411131 0.693136 0.40754 0.697174 0.40754 0.695828 0.405745 0.695828 0.40395
1 0.710633 0.393178 0.710633 0.394973 0.711978 0.396768 0.711978 0.400359 0.728129 0.400359 0.729475 0.398564 0.729475 0.396768 0.732167 0.393178
1 0.931359 0.384201 0.931359 0.385996 0.932705 0.387792 0.932705 0.391382 0.940781 0.391382 0.942127 0.393178 0.948856 0.393178 0.951548 0.396768 0.951548 0.398564 0.950202 0.400359 0.950202 0.402154 0.94751 0.405745 0.934051 0.405745 0.932705 0.40395 0.932705 0.402154 0.931359 0.400359 0.931359 0.398564 0.925976 0.398564 0.92463 0.396768 0.92463 0.405745 0.921938 0.409336 0.920592 0.409336 0.9179 0.412926 0.916555 0.412926 0.915209 0.414722 0.904441 0.414722 0.903096 0.416517 0.880215 0.416517 0.884253 0.421903 0.899058 0.421903 0.90175 0.425494 0.90175 0.427289 0.903096 0.429084 0.903096 0.425494 0.904441 0.423698 0.904441 0.421903 0.905787 0.420108 0.915209 0.420108 0.916555 0.418312 0.940781 0.418312 0.942127 0.420108 0.942127 0.418312 0.943472 0.416517 0.943472 0.414722 0.946164 0.411131 0.950202 0.411131 0.950202 0.409336 0.951548 0.40754 0.951548 0.405745 0.952894 0.40395 0.959623 0.40395 0.960969 0.405745 0.966353 0.405745 0.967699 0.40754 0.966353 0.409336 0.965007 0.409336 0.962315 0.412926 0.960969 0.412926 0.962315 0.414722 0.963661 0.414722 0.966353 0.418312 0.967699 0.416517 0.982503 0.416517 0.983849 0.414722 0.985195 0.414722 0.987887 0.411131 0.989233 0.411131 0.989233 0.400359 0.982503 0.400359 0.981157 0.398564 0.974428 0.398564 0.973082 0.396768 0.971736 0.396768 0.97039 0.394973 0.967699 0.394973 0.966353 0.393178 0.965007 0.393178 0.963661 0.391382 0.960969 0.391382 0.959623 0.389587 0.958277 0.389587 0.956931 0.387792 0.95424 0.387792 0.952894 0.385996 0.951548 0.385996 0.950202 0.384201
1 0.829071 0.373429 0.827725 0.375224 0.822342 0.375224 0.822342 0.37702 0.820996 0.378815 0.820996 0.38061 0.81965 0.382406 0.81965 0.384201 0.888291 0.384201 0.888291 0.38061 0.843876 0.38061 0.84253 0.378815 0.839838 0.378815 0.838493 0.37702 0.834455 0.37702 0.833109 0.375224 0.830417 0.375224
1 0.697174 0.373429 0.697174 0.37702 0.695828 0.378815 0.695828 0.38061 0.703903 0.38061 0.705249 0.378815 0.706595 0.378815 0.707941 0.37702 0.710633 0.37702 0.711978 0.375224 0.713324 0.375224 0.69852 0.375224
1 0.341857 0.373429 0.341857 0.38061 0.358008 0.38061 0.355316 0.37702 0.349933 0.37702 0.348587 0.375224 0.343203 0.375224
1 0.666218 0.366248 0.666218 0.369838 0.667564 0.371634 0.667564 0.375224 0.66891 0.373429 0.686406 0.373429 0.690444 0.368043 0.667564 0.368043
1 0.876178 0.359066 0.874832 0.360862 0.873486 0.360862 0.87214 0.362657 0.869448 0.362657 0.87214 0.362657 0.873486 0.364452 0.877524 0.364452 0.878869 0.366248 0.881561 0.366248 0.882907 0.368043
1 0.880215 0.319569 0.876178 0.324955 0.874832 0.324955 0.868102 0.333932 0.866756 0.332136 0.857335 0.332136 0.855989 0.330341 0.846568 0.330341 0.845222 0.328546 0.834455 0.328546 0.833109 0.32675 0.786003 0.32675 0.786003 0.328546 0.787349 0.330341 0.787349 0.332136 0.788694 0.333932 0.807537 0.333932 0.808883 0.335727 0.827725 0.335727 0.829071 0.337522 0.829071 0.344704 0.84253 0.344704 0.843876 0.346499 0.882907 0.346499 0.884253 0.344704 0.885599 0.346499 0.896366 0.346499 0.897712 0.348294 0.909825 0.348294 0.911171 0.35009 0.921938 0.35009 0.936743 0.369838 0.965007 0.369838 0.966353 0.371634 0.97039 0.371634 0.971736 0.373429 0.974428 0.373429 0.975774 0.375224 0.979812 0.375224 0.981157 0.37702 0.985195 0.37702 0.986541 0.378815 0.990579 0.378815 0.991925 0.38061 0.994616 0.38061 0.995962 0.382406 0.998654 0.382406 0.998654 0.351885 0.987887 0.351885 0.986541 0.35009 0.975774 0.35009 0.974428 0.348294 0.962315 0.348294 0.960969 0.346499 0.950202 0.346499 0.948856 0.344704 0.938089 0.344704 0.936743 0.342908 0.935397 0.342908 0.934051 0.341113 0.932705 0.341113 0.930013 0.337522 0.928668 0.337522 0.927322 0.335727 0.925976 0.335727 0.92463 0.333932 0.923284 0.333932 0.921938 0.332136 0.920592 0.332136 0.919246 0.330341 0.9179 0.330341 0.915209 0.32675 0.913863 0.32675 0.912517 0.324955 0.911171 0.324955 0.909825 0.32316 0.908479 0.32316 0.907133 0.321364 0.89502 0.321364 0.893674 0.319569
1 0.77389 0.258528 0.772544 0.260323 0.768506 0.260323 0.76716 0.262118 0.761777 0.262118 0.760431 0.263914 0.756393 0.263914 0.755047 0.265709 0.742934 0.265709 0.741588 0.267504 0.730821 0.267504 0.738896 0.267504 0.740242 0.2693 0.746972 0.2693 0.748318 0.271095 0.756393 0.271095 0.769852 0.289048 0.783311 0.289048 0.784657 0.290844 0.798116 0.290844 0.799462 0.292639 0.812921 0.292639 0.814266 0.294434 0.82638 0.294434 0.827725 0.29623 0.841184 0.29623 0.84253 0.298025 0.851952 0.298025 0.853297 0.29982 0.861373 0.29982 0.862719 0.301616 0.87214 0.301616 0.873486 0.303411 0.892328 0.303411 0.893674 0.305206 0.911171 0.305206 0.912517 0.307002 0.932705 0.307002 0.934051 0.305206 0.935397 0.305206 0.938089 0.301616 0.939435 0.301616 0.940781 0.29982 0.942127 0.29982 0.943472 0.298025 0.944818 0.29982 0.948856 0.29982 0.950202 0.301616 0.95424 0.301616 0.955585 0.303411 0.959623 0.303411 0.960969 0.305206 0.965007 0.305206 0.966353 0.307002 0.97039 0.307002 0.971736 0.308797 0.974428 0.308797 0.975774 0.310592 0.97712 0.310592 0.978466 0.312388 0.981157 0.312388 0.982503 0.314183 0.985195 0.314183 0.986541 0.315978 0.989233 0.315978 0.990579 0.317774 0.991925 0.317774 0.993271 0.319569 0.995962 0.319569 0.997308 0.321364 0.998654 0.321364 0.998654 0.258528
