0 0.921938 0.815081 0.919246 0.818671 0.919246 0.820467 0.916555 0.824057 0.919246 0.824057 0.920592 0.825853 0.923284 0.825853 0.92463 0.827648 0.927322 0.827648 0.928668 0.829443 0.931359 0.829443 0.932705 0.831239 0.934051 0.831239 0.935397 0.833034 0.938089 0.833034 0.939435 0.834829 0.942127 0.834829 0.943472 0.836625 0.946164 0.836625 0.94751 0.83842 0.950202 0.83842 0.951548 0.840215 0.95424 0.840215 0.955585 0.842011 0.958277 0.842011 0.959623 0.843806 0.962315 0.843806 0.963661 0.845601 0.966353 0.845601 0.967699 0.847397 0.97039 0.847397 0.971736 0.849192 0.971736 0.847397 0.973082 0.845601 0.971736 0.845601 0.97039 0.843806 0.969044 0.843806 0.967699 0.842011 0.965007 0.842011 0.963661 0.840215 0.962315 0.840215 0.960969 0.83842 0.959623 0.83842 0.958277 0.836625 0.956931 0.836625 0.955585 0.834829 0.952894 0.834829 0.951548 0.833034 0.950202 0.833034 0.948856 0.831239 0.94751 0.831239 0.946164 0.829443 0.944818 0.829443 0.943472 0.827648 0.940781 0.827648 0.939435 0.825853 0.938089 0.825853 0.936743 0.824057 0.935397 0.824057 0.934051 0.822262 0.932705 0.822262 0.931359 0.820467 0.928668 0.820467 0.927322 0.818671 0.925976 0.818671 0.92463 0.816876 0.923284 0.816876
0 0.448183 0.572711 0.446837 0.574506 0.444145 0.574506 0.444145 0.576302 0.445491 0.578097 0.445491 0.579892 0.446837 0.578097 0.449529 0.578097 0.449529 0.576302 0.448183 0.574506
0 0.0 0.558348 0.0 0.56912 0.006729 0.56912 0.008075 0.570916 0.014805 0.570916 0.016151 0.572711 0.016151 0.570916 0.014805 0.56912 0.014805 0.567325 0.013459 0.56553 0.013459 0.563734 0.010767 0.563734 0.009421 0.561939 0.005384 0.561939 0.004038 0.560144 0.001346 0.560144
0 0.77389 0.54219 0.772544 0.543986 0.771198 0.543986 0.769852 0.545781 0.768506 0.545781 0.76716 0.547576 0.765814 0.547576 0.768506 0.551167 0.768506 0.552962 0.769852 0.554758 0.771198 0.552962 0.772544 0.552962 0.775236 0.549372 0.776581 0.549372 0.775236 0.547576 0.775236 0.545781 0.77389 0.543986
0 0.843876 0.500898 0.843876 0.502693 0.84253 0.504488 0.84253 0.506284 0.841184 0.508079 0.841184 0.509874 0.839838 0.51167 0.839838 0.513465 0.838493 0.51526 0.838493 0.517056 0.841184 0.517056 0.84253 0.518851 0.843876 0.518851 0.845222 0.520646 0.847914 0.520646 0.84926 0.522442 0.850606 0.520646 0.851952 0.520646 0.854643 0.517056 0.855989 0.517056 0.858681 0.513465 0.860027 0.513465 0.858681 0.513465 0.855989 0.509874 0.854643 0.509874 0.853297 0.508079 0.851952 0.508079 0.850606 0.506284 0.84926 0.506284 0.846568 0.502693 0.845222 0.502693
0 0.631225 0.477558 0.629879 0.479354 0.617766 0.479354 0.615074 0.482944 0.613728 0.482944 0.60969 0.48833 0.608345 0.48833 0.606999 0.490126 0.606999 0.491921 0.605653 0.493716 0.605653 0.497307 0.604307 0.499102 0.604307 0.502693 0.602961 0.504488 0.602961 0.517056 0.604307 0.518851 0.604307 0.531418 0.605653 0.531418 0.608345 0.535009 0.60969 0.535009 0.612382 0.5386 0.613728 0.5386 0.61642 0.54219 0.617766 0.540395 0.636608 0.540395 0.637954 0.5386 0.6393 0.5386 0.640646 0.536804 0.641992 0.536804 0.644684 0.533214 0.64603 0.533214 0.647376 0.531418 0.648721 0.531418 0.650067 0.529623 0.651413 0.529623 0.651413 0.518851 0.650067 0.517056 0.650067 0.506284 0.648721 0.504488 0.648721 0.502693 0.647376 0.500898 0.647376 0.499102 0.64603 0.497307 0.64603 0.495512 0.644684 0.493716 0.644684 0.491921 0.643338 0.490126 0.643338 0.48833 0.641992 0.486535 0.641992 0.48474 0.640646 0.48474 0.6393 0.482944 0.637954 0.482944 0.636608 0.481149 0.635262 0.481149 0.633917 0.479354 0.632571 0.479354
0 0.897712 0.470377 0.892328 0.477558 0.893674 0.479354 0.89502 0.479354 0.897712 0.482944 0.899058 0.481149 0.899058 0.479354 0.900404 0.477558 0.900404 0.475763 0.90175 0.473968 0.900404 0.473968
0 0.810229 0.454219 0.808883 0.456014 0.798116 0.456014 0.799462 0.45781 0.799462 0.459605 0.800808 0.4614 0.800808 0.463196 0.802153 0.464991 0.803499 0.463196 0.816958 0.463196
0 0.757739 0.438061 0.753701 0.443447 0.755047 0.443447 0.756393 0.445242 0.759085 0.445242 0.760431 0.447038 0.761777 0.447038 0.763122 0.448833 0.764468 0.447038 0.764468 0.445242 0.765814 0.443447 0.764468 0.443447 0.763122 0.441652 0.761777 0.441652 0.760431 0.439856 0.759085 0.439856
0 0.156124 0.425494 0.152086 0.43088 0.152086 0.43447 0.15074 0.436266 0.15074 0.439856 0.154778 0.439856 0.156124 0.441652 0.160162 0.441652 0.161507 0.443447 0.166891 0.443447 0.168237 0.445242 0.172275 0.445242 0.17362 0.447038 0.177658 0.447038 0.179004 0.448833 0.183042 0.448833 0.184388 0.450628 0.184388 0.447038 0.185734 0.445242 0.185734 0.443447 0.184388 0.443447 0.183042 0.441652 0.181696 0.441652 0.18035 0.439856 0.177658 0.439856 0.176312 0.438061 0.174966 0.438061 0.17362 0.436266 0.172275 0.436266 0.170929 0.43447 0.169583 0.43447 0.168237 0.432675 0.166891 0.432675 0.165545 0.43088 0.162853 0.43088 0.161507 0.429084 0.160162 0.429084 0.158816 0.427289 0.15747 0.427289
0 0.705249 0.423698 0.703903 0.425494 0.699865 0.425494 0.699865 0.43088 0.701211 0.429084 0.705249 0.429084
0 0.612382 0.411131 0.606999 0.418312 0.608345 0.418312 0.611036 0.421903 0.612382 0.421903 0.615074 0.425494 0.61642 0.425494 0.617766 0.427289 0.619112 0.425494 0.621803 0.425494 0.623149 0.423698 0.627187 0.423698 0.627187 0.412926 0.613728 0.412926
0 0.920592 0.394973 0.919246 0.396768 0.916555 0.396768 0.915209 0.398564 0.911171 0.398564 0.912517 0.400359 0.912517 0.402154 0.913863 0.40395 0.913863 0.405745 0.915209 0.40395 0.92463 0.40395 0.923284 0.402154 0.923284 0.400359 0.921938 0.398564 0.921938 0.396768
0 0.592194 0.319569 0.588156 0.324955 0.581427 0.324955 0.584118 0.328546 0.585464 0.32675 0.594886 0.32675 0.597577 0.32316 0.598923 0.32316 0.600269 0.321364 0.59354 0.321364
0 0.621803 0.315978 0.620458 0.317774 0.613728 0.317774 0.613728 0.321364 0.612382 0.32316 0.612382 0.32675 0.620458 0.32675 0.620458 0.321364 0.621803 0.319569
0 0.281292 0.308797 0.2786 0.312388 0.277254 0.312388 0.292059 0.332136 0.293405 0.330341 0.304172 0.330341 0.305518 0.328546 0.317631 0.328546 0.317631 0.321364 0.318977 0.319569 0.318977 0.314183 0.317631 0.314183 0.316285 0.312388 0.313594 0.312388 0.312248 0.310592 0.310902 0.310592 0.309556 0.308797
0 0.368775 0.290844 0.367429 0.292639 0.366083 0.292639 0.364738 0.294434 0.363392 0.294434 0.362046 0.29623 0.359354 0.29623 0.358008 0.298025 0.356662 0.298025 0.352624 0.292639 0.351279 0.294434 0.348587 0.294434 0.347241 0.29623 0.343203 0.29623 0.33782 0.303411 0.325707 0.303411 0.324361 0.301616 0.312248 0.301616 0.310902 0.29982 0.310902 0.301616 0.309556 0.303411 0.309556 0.305206 0.314939 0.305206 0.316285 0.307002 0.321669 0.307002 0.323015 0.308797 0.328398 0.308797 0.329744 0.310592 0.328398 0.312388 0.325707 0.312388 0.324361 0.314183 0.321669 0.314183 0.323015 0.315978 0.323015 0.317774 0.324361 0.319569 0.324361 0.321364 0.325707 0.319569 0.328398 0.319569 0.329744 0.317774 0.333782 0.317774 0.335128 0.315978 0.339166 0.315978 0.340511 0.317774 0.341857 0.317774 0.343203 0.319569 0.344549 0.319569 0.345895 0.321364 0.347241 0.321364 0.348587 0.32316 0.349933 0.32316 0.351279 0.324955 0.352624 0.324955 0.35397 0.32675 0.370121 0.32675 0.371467 0.324955 0.376851 0.324955 0.378197 0.32316 0.384926 0.32316 0.384926 0.314183 0.38358 0.312388 0.38358 0.303411 0.382234 0.305206 0.380888 0.305206 0.378197 0.308797 0.376851 0.307002 0.376851 0.305206 0.375505 0.303411 0.375505 0.298025 0.374159 0.29623 0.374159 0.292639 0.370121 0.292639
0 0.395693 0.260323 0.394347 0.262118 0.391655 0.262118 0.39031 0.263914 0.388964 0.263914 0.387618 0.265709 0.384926 0.265709 0.38358 0.267504 0.3607 0.267504 0.359354 0.2693 0.355316 0.2693 0.35397 0.271095 0.351279 0.271095 0.349933 0.27289 0.345895 0.27289 0.344549 0.274686 0.340511 0.274686 0.340511 0.276481 0.341857 0.278276 0.341857 0.280072 0.343203 0.278276 0.352624 0.278276 0.35397 0.276481 0.363392 0.276481 0.364738 0.274686 0.368775 0.274686 0.370121 0.27289 0.374159 0.27289 0.375505 0.271095 0.382234 0.271095 0.38358 0.27289 0.384926 0.27289 0.386272 0.274686 0.388964 0.274686 0.39031 0.276481 0.388964 0.278276 0.387618 0.278276 0.386272 0.280072 0.38358 0.280072 0.382234 0.281867 0.380888 0.281867 0.382234 0.281867 0.38358 0.283662 0.384926 0.283662 0.386272 0.285458 0.387618 0.285458 0.388964 0.287253 0.39031 0.285458 0.403769 0.285458 0.405114 0.283662 0.40646 0.283662 0.409152 0.280072 0.410498 0.280072 0.411844 0.278276 0.41319 0.278276 0.415882 0.274686 0.417227 0.274686 0.411844 0.274686 0.410498 0.27289 0.40646 0.27289 0.402423 0.267504 0.401077 0.267504
0 0.854643 0.247756 0.854643 0.254937 0.866756 0.254937 0.866756 0.253142 0.86541 0.251346 0.86541 0.247756
0 0.427995 0.244165 0.425303 0.247756 0.423957 0.247756 0.421265 0.251346 0.419919 0.251346 0.421265 0.251346 0.423957 0.254937 0.425303 0.253142 0.426649 0.253142 0.429341 0.249551 0.430686 0.249551 0.429341 0.247756 0.429341 0.245961
0 0.535666 0.199282 0.53432 0.201077 0.524899 0.201077 0.524899 0.206463 0.526245 0.204668 0.535666 0.204668
0 0.257066 0.172352 0.257066 0.175943 0.258412 0.177738 0.258412 0.183124 0.259758 0.181329 0.265141 0.181329 0.265141 0.179533 0.263795 0.177738 0.263795 0.174147 0.258412 0.174147
0 0.956931 0.170557 0.955585 0.172352 0.95424 0.172352 0.951548 0.175943 0.950202 0.175943 0.95424 0.181329 0.955585 0.179533 0.958277 0.179533 0.959623 0.177738 0.962315 0.177738
0 0.907133 0.13465 0.905787 0.136445 0.896366 0.136445 0.896366 0.140036 0.89502 0.141831 0.89502 0.145422 0.896366 0.145422 0.897712 0.147217 0.899058 0.147217 0.900404 0.149013 0.90175 0.149013 0.903096 0.150808 0.905787 0.147217 0.905787 0.141831 0.907133 0.140036
1 0.30821 0.937163 0.30821 0.949731 0.312248 0.949731 0.313594 0.951526 0.313594 0.944345 0.314939 0.942549 0.314939 0.937163
1 0.838493 0.908438 0.837147 0.910233 0.837147 0.912029 0.834455 0.915619 0.835801 0.915619 0.837147 0.917415 0.838493 0.917415 0.839838 0.91921 0.841184 0.91921 0.84253 0.921005 0.843876 0.921005 0.845222 0.922801 0.846568 0.922801 0.847914 0.924596 0.860027 0.924596 0.860027 0.921005 0.861373 0.91921 0.861373 0.917415 0.850606 0.917415 0.84926 0.915619 0.847914 0.915619 0.846568 0.913824 0.845222 0.913824 0.843876 0.912029 0.84253 0.912029 0.841184 0.910233 0.839838 0.910233
1 0.81965 0.842011 0.81965 0.847397 0.820996 0.847397 0.822342 0.849192 0.823688 0.849192 0.825034 0.850987 0.82638 0.850987 0.829071 0.854578 0.830417 0.854578 0.831763 0.856373 0.833109 0.856373 0.834455 0.858169 0.835801 0.856373 0.837147 0.856373 0.835801 0.856373 0.833109 0.852783 0.831763 0.852783 0.830417 0.850987 0.829071 0.850987 0.82638 0.847397 0.825034 0.847397 0.822342 0.843806 0.820996 0.843806
1 0.952894 0.813285 0.951548 0.815081 0.943472 0.815081 0.944818 0.816876 0.946164 0.816876 0.948856 0.820467 0.950202 0.820467 0.952894 0.824057 0.95424 0.822262 0.956931 0.822262 0.958277 0.820467 0.962315 0.820467 0.960969 0.820467 0.959623 0.818671 0.958277 0.818671 0.955585 0.815081 0.95424 0.815081
1 0.788694 0.788151 0.784657 0.793537 0.786003 0.795332 0.786003 0.797127 0.787349 0.798923 0.787349 0.800718 0.788694 0.802513 0.788694 0.804309 0.79004 0.806104 0.79004 0.807899 0.791386 0.809695 0.791386 0.81149 0.792732 0.813285 0.792732 0.815081 0.794078 0.816876 0.794078 0.818671 0.795424 0.820467 0.795424 0.822262 0.79677 0.824057 0.79677 0.825853 0.799462 0.829443 0.799462 0.831239 0.803499 0.836625 0.803499 0.83842 0.807537 0.843806 0.807537 0.845601 0.811575 0.850987 0.811575 0.852783 0.815612 0.858169 0.815612 0.859964 0.816958 0.861759 0.818304 0.859964 0.818304 0.858169 0.81965 0.856373 0.818304 0.854578 0.818304 0.852783 0.815612 0.849192 0.815612 0.847397 0.812921 0.843806 0.812921 0.842011 0.810229 0.83842 0.810229 0.836625 0.807537 0.833034 0.807537 0.831239 0.804845 0.827648 0.804845 0.825853 0.802153 0.822262 0.802153 0.820467 0.800808 0.818671 0.800808 0.816876 0.799462 0.815081 0.799462 0.813285 0.798116 0.81149 0.798116 0.809695 0.795424 0.806104 0.795424 0.804309 0.794078 0.802513 0.794078 0.800718 0.792732 0.798923 0.792732 0.797127 0.791386 0.795332 0.791386 0.793537 0.79004 0.791741 0.79004 0.789946
1 0.979812 0.698384 0.979812 0.701975 0.978466 0.70377 0.978466 0.707361 0.979812 0.707361 0.981157 0.709156 0.983849 0.709156 0.985195 0.710952 0.986541 0.710952 0.987887 0.712747 0.989233 0.712747 0.990579 0.714542 0.991925 0.714542 0.993271 0.716338 0.995962 0.716338 0.997308 0.718133 0.998654 0.718133 0.998654 0.712747 0.997308 0.710952 0.995962 0.710952 0.994616 0.709156 0.993271 0.709156 0.991925 0.707361 0.990579 0.707361 0.987887 0.70377 0.986541 0.70377 0.985195 0.701975 0.983849 0.701975 0.982503 0.70018 0.981157 0.70018
1 0.497981 0.689408 0.499327 0.691203 0.499327 0.692998 0.500673 0.694794 0.500673 0.696589 0.495289 0.70377 0.495289 0.705566 0.487214 0.716338 0.475101 0.716338 0.473755 0.718133 0.461642 0.718133 0.461642 0.725314 0.462988 0.723519 0.471063 0.723519 0.472409 0.725314 0.472409 0.72711 0.471063 0.728905 0.471063 0.7307 0.468371 0.734291 0.468371 0.736086 0.46568 0.739677 0.46568 0.741472 0.464334 0.743268 0.464334 0.745063 0.461642 0.748654 0.461642 0.750449 0.45895 0.754039 0.45895 0.755835 0.457604 0.75763 0.457604 0.759425 0.456258 0.761221 0.456258 0.763016 0.457604 0.764811 0.457604 0.768402 0.45895 0.770197 0.45895 0.775583 0.460296 0.777379 0.460296 0.779174 0.467026 0.779174 0.468371 0.780969 0.473755 0.780969 0.475101 0.782765 0.48183 0.782765 0.483176 0.78456 0.484522 0.782765 0.489906 0.782765 0.489906 0.780969 0.48856 0.779174 0.48856 0.775583 0.487214 0.773788 0.487214 0.771993 0.485868 0.770197 0.485868 0.766607 0.484522 0.764811 0.484522 0.755835 0.483176 0.754039 0.483176 0.746858 0.484522 0.745063 0.484522 0.743268 0.48856 0.737882 0.48856 0.736086 0.491252 0.732496 0.496635 0.732496 0.497981 0.734291 0.503365 0.734291 0.506057 0.737882 0.506057 0.739677 0.507402 0.741472 0.507402 0.743268 0.508748 0.745063 0.508748 0.746858 0.510094 0.748654 0.510094 0.750449 0.51144 0.752244 0.51144 0.754039 0.514132 0.75763 0.514132 0.759425 0.51817 0.764811 0.51817 0.766607 0.522207 0.771993 0.522207 0.773788 0.523553 0.775583 0.526245 0.775583 0.527591 0.777379 0.531629 0.777379 0.532974 0.779174 0.535666 0.779174 0.537012 0.780969 0.539704 0.780969 0.54105 0.782765 0.547779 0.782765 0.549125 0.78456 0.549125 0.780969 0.550471 0.779174 0.550471 0.777379 0.551817 0.775583 0.56393 0.775583 0.565276 0.777379 0.566622 0.775583 0.569314 0.775583 0.570659 0.773788 0.574697 0.773788 0.576043 0.771993 0.578735 0.771993 0.578735 0.766607 0.577389 0.764811 0.577389 0.759425 0.576043 0.75763 0.576043 0.755835 0.570659 0.748654 0.569314 0.750449 0.569314 0.752244 0.567968 0.754039 0.567968 0.755835 0.565276 0.759425 0.555855 0.759425 0.551817 0.754039 0.551817 0.752244 0.547779 0.746858 0.546433 0.746858 0.543742 0.743268 0.542396 0.743268 0.539704 0.739677 0.538358 0.739677 0.531629 0.7307 0.531629 0.728905 0.522207 0.716338 0.523553 0.714542 0.527591 0.714542 0.527591 0.710952 0.528937 0.709156 0.528937 0.705566 0.527591 0.705566 0.526245 0.70377 0.524899 0.70377 0.523553 0.701975 0.520861 0.701975 0.519515 0.70018 0.51817 0.70018 0.516824 0.698384 0.515478 0.698384 0.514132 0.696589 0.512786 0.696589 0.51144 0.694794 0.508748 0.694794 0.507402 0.692998 0.506057 0.692998 0.504711 0.691203 0.503365 0.691203 0.502019 0.689408
1 0.39031 0.687612 0.388964 0.689408 0.387618 0.689408 0.386272 0.691203 0.38358 0.691203 0.382234 0.692998 0.380888 0.692998 0.379542 0.694794 0.376851 0.694794 0.375505 0.696589 0.374159 0.696589 0.372813 0.698384 0.370121 0.698384 0.368775 0.70018 0.367429 0.70018 0.368775 0.701975 0.368775 0.70377 0.370121 0.705566 0.370121 0.707361 0.371467 0.705566 0.372813 0.705566 0.374159 0.70377 0.375505 0.70377 0.376851 0.701975 0.378197 0.701975 0.379542 0.70018 0.380888 0.70018 0.382234 0.698384 0.384926 0.698384 0.386272 0.696589 0.387618 0.696589 0.388964 0.694794 0.39031 0.694794 0.391655 0.692998 0.393001 0.692998 0.394347 0.691203 0.395693 0.691203 0.394347 0.691203 0.393001 0.689408 0.391655 0.689408
1 0.512786 0.671454 0.51144 0.67325 0.508748 0.67325 0.508748 0.67684 0.510094 0.678636 0.510094 0.682226 0.514132 0.682226 0.514132 0.678636 0.512786 0.67684
1 0.402423 0.660682 0.399731 0.664273 0.401077 0.666068 0.401077 0.667864 0.405114 0.67325 0.405114 0.675045 0.40646 0.67684 0.410498 0.67684 0.411844 0.678636 0.415882 0.678636 0.417227 0.680431 0.417227 0.678636 0.418573 0.67684 0.418573 0.675045 0.415882 0.675045 0.414536 0.67325 0.411844 0.67325
1 0.600269 0.64991 0.600269 0.651706 0.598923 0.653501 0.598923 0.655296 0.597577 0.657092 0.597577 0.658887 0.596231 0.660682 0.596231 0.662478 0.594886 0.664273 0.594886 0.666068 0.59354 0.667864 0.59354 0.669659 0.597577 0.669659 0.598923 0.671454 0.602961 0.671454 0.604307 0.67325 0.604307 0.671454 0.605653 0.669659 0.605653 0.667864 0.601615 0.667864 0.600269 0.666068 0.600269 0.664273 0.601615 0.662478 0.601615 0.658887 0.602961 0.657092 0.602961 0.655296 0.604307 0.653501 0.604307 0.651706 0.601615 0.651706
1 0.40646 0.615799 0.403769 0.61939 0.405114 0.621185 0.405114 0.62298 0.407806 0.626571 0.407806 0.628366 0.410498 0.631957 0.410498 0.633752 0.414536 0.639138 0.414536 0.640934 0.415882 0.642729 0.417227 0.640934 0.422611 0.640934 0.423957 0.639138 0.429341 0.639138 0.429341 0.630162 0.427995 0.631957 0.422611 0.631957 0.421265 0.630162 0.418573 0.630162 0.41319 0.62298 0.411844 0.62298
1 0.472409 0.603232 0.471063 0.605027 0.469717 0.605027 0.471063 0.606822 0.471063 0.608618 0.472409 0.610413 0.472409 0.612208 0.473755 0.614004 0.473755 0.615799 0.475101 0.617594 0.475101 0.61939 0.476447 0.621185 0.476447 0.62298 0.477793 0.624776 0.477793 0.628366 0.476447 0.630162 0.476447 0.633752 0.479139 0.637343 0.479139 0.639138 0.480485 0.640934 0.48183 0.639138 0.484522 0.639138 0.485868 0.637343 0.48856 0.637343 0.487214 0.635548 0.487214 0.633752 0.485868 0.631957 0.485868 0.630162 0.484522 0.628366 0.484522 0.626571 0.483176 0.624776 0.483176 0.62298 0.480485 0.61939 0.480485 0.617594 0.476447 0.612208 0.476447 0.610413 0.473755 0.606822 0.473755 0.605027
1 0.437416 0.590664 0.43607 0.59246 0.434724 0.59246 0.433378 0.594255 0.432032 0.594255 0.432032 0.59605 0.433378 0.597846 0.433378 0.603232 0.434724 0.605027 0.434724 0.610413 0.43607 0.612208 0.43607 0.615799 0.437416 0.614004 0.442799 0.614004 0.442799 0.612208 0.441454 0.610413 0.441454 0.606822 0.440108 0.605027 0.440108 0.599641 0.438762 0.597846 0.438762 0.594255 0.437416 0.59246
1 0.628533 0.563734 0.627187 0.56553 0.625841 0.56553 0.623149 0.56912 0.621803 0.56912 0.620458 0.570916 0.619112 0.570916 0.61642 0.574506 0.613728 0.574506 0.611036 0.570916 0.60969 0.570916 0.606999 0.567325 0.605653 0.56912 0.597577 0.56912 0.596231 0.570916 0.58681 0.570916 0.585464 0.572711 0.577389 0.572711 0.576043 0.574506 0.547779 0.574506 0.546433 0.572711 0.527591 0.572711 0.526245 0.570916 0.522207 0.570916 0.520861 0.56912 0.51817 0.56912 0.516824 0.567325 0.516824 0.570916 0.515478 0.572711 0.515478 0.574506 0.522207 0.574506 0.523553 0.576302 0.528937 0.576302 0.530283 0.578097 0.537012 0.578097 0.538358 0.579892 0.543742 0.579892 0.545087 0.581688 0.551817 0.581688 0.553163 0.583483 0.554509 0.581688 0.562584 0.581688 0.56393 0.579892 0.570659 0.579892 0.572005 0.578097 0.580081 0.578097 0.581427 0.576302 0.59354 0.576302 0.594886 0.578097 0.597577 0.578097 0.602961 0.585278 0.602961 0.587074 0.608345 0.594255 0.608345 0.59605 0.611036 0.599641 0.611036 0.601436 0.612382 0.603232 0.612382 0.605027 0.613728 0.606822 0.615074 0.605027 0.619112 0.605027 0.620458 0.603232 0.625841 0.603232 0.627187 0.601436 0.631225 0.601436 0.632571 0.599641 0.6393 0.599641 0.640646 0.597846 0.648721 0.597846 0.650067 0.59605 0.656797 0.59605 0.656797 0.590664 0.655451 0.588869 0.655451 0.583483 0.636608 0.583483 0.633917 0.579892 0.632571 0.579892 0.628533 0.574506 0.631225 0.570916 0.632571 0.570916 0.633917 0.56912 0.632571 0.567325 0.631225 0.567325
1 0.975774 0.561939 0.974428 0.563734 0.966353 0.563734 0.965007 0.56553 0.963661 0.56553 0.960969 0.56912 0.959623 0.56912 0.960969 0.570916 0.960969 0.572711 0.962315 0.574506 0.962315 0.576302 0.963661 0.574506 0.974428 0.574506 0.97712 0.570916 0.978466 0.570916 0.978466 0.56912 0.97712 0.567325 0.97712 0.56553 0.975774 0.563734
1 0.397039 0.552962 0.386272 0.567325 0.380888 0.567325 0.379542 0.56912 0.375505 0.56912 0.374159 0.570916 0.368775 0.570916 0.368775 0.572711 0.370121 0.574506 0.370121 0.578097 0.371467 0.576302 0.375505 0.576302 0.376851 0.574506 0.379542 0.574506 0.380888 0.572711 0.384926 0.572711 0.386272 0.570916 0.39031 0.570916 0.397039 0.561939 0.398385 0.561939 0.402423 0.556553 0.401077 0.556553 0.399731 0.554758 0.398385 0.554758
1 0.738896 0.545781 0.738896 0.547576 0.73755 0.549372 0.73755 0.551167 0.736205 0.552962 0.736205 0.554758 0.734859 0.556553 0.734859 0.558348 0.733513 0.560144 0.736205 0.560144 0.73755 0.561939 0.740242 0.561939 0.741588 0.563734 0.74428 0.563734 0.745626 0.56553 0.748318 0.56553 0.749664 0.567325 0.755047 0.567325 0.756393 0.56912 0.760431 0.56912 0.761777 0.570916 0.76716 0.570916 0.768506 0.572711 0.769852 0.570916 0.77389 0.570916 0.775236 0.56912 0.779273 0.56912 0.780619 0.567325 0.79004 0.567325 0.791386 0.56553 0.802153 0.56553 0.803499 0.563734 0.804845 0.563734 0.806191 0.561939 0.807537 0.561939 0.808883 0.560144 0.810229 0.560144 0.811575 0.558348 0.812921 0.558348 0.812921 0.551167 0.802153 0.551167 0.800808 0.549372 0.780619 0.549372 0.775236 0.556553 0.769852 0.556553 0.768506 0.554758 0.76716 0.554758 0.764468 0.551167 0.764468 0.549372 0.763122 0.547576 0.763122 0.545781
1 0.380888 0.486535 0.380888 0.490126 0.382234 0.491921 0.382234 0.495512 0.401077 0.495512 0.401077 0.48833 0.382234 0.48833
1 0.363392 0.482944 0.363392 0.486535 0.362046 0.48833 0.362046 0.495512 0.3607 0.497307 0.3607 0.508079 0.359354 0.509874 0.359354 0.517056 0.3607 0.51526 0.362046 0.51526 0.362046 0.509874 0.363392 0.508079 0.363392 0.502693 0.364738 0.500898 0.364738 0.497307 0.366083 0.495512 0.366083 0.493716 0.367429 0.491921 0.367429 0.48833 0.368775 0.486535 0.368775 0.48474 0.364738 0.48474
1 0.087483 0.468582 0.087483 0.470377 0.088829 0.472172 0.088829 0.473968 0.096904 0.473968 0.096904 0.468582
1 0.135935 0.452424 0.13459 0.454219 0.12786 0.454219 0.12786 0.4614 0.129206 0.459605 0.135935 0.459605
1 0.569314 0.438061 0.569314 0.439856 0.570659 0.441652 0.570659 0.445242 0.572005 0.443447 0.577389 0.443447 0.576043 0.441652 0.576043 0.439856 0.570659 0.439856
1 0.799462 0.427289 0.795424 0.432675 0.794078 0.432675 0.792732 0.43447 0.798116 0.441652 0.800808 0.438061 0.814266 0.438061 0.814266 0.432675 0.810229 0.432675 0.808883 0.43088 0.806191 0.43088 0.804845 0.429084 0.800808 0.429084
1 0.736205 0.420108 0.734859 0.421903 0.734859 0.423698 0.733513 0.425494 0.733513 0.427289 0.732167 0.429084 0.732167 0.43088 0.730821 0.432675 0.73755 0.432675 0.738896 0.43447 0.742934 0.43447 0.74428 0.436266 0.746972 0.432675 0.748318 0.432675 0.745626 0.432675 0.74428 0.43088 0.742934 0.43088 0.738896 0.425494 0.738896 0.423698
1 0.928668 0.416517 0.927322 0.418312 0.925976 0.418312 0.92463 0.420108 0.921938 0.420108 0.920592 0.421903 0.919246 0.421903 0.9179 0.423698 0.915209 0.423698 0.913863 0.425494 0.912517 0.425494 0.909825 0.429084 0.908479 0.429084 0.907133 0.43088 0.888291 0.43088 0.886945 0.432675 0.866756 0.432675 0.86541 0.43088 0.860027 0.43088 0.858681 0.429084 0.854643 0.429084 0.853297 0.427289 0.84926 0.427289 0.847914 0.425494 0.847914 0.429084 0.84926 0.43088 0.84926 0.43447 0.851952 0.43447 0.853297 0.436266 0.857335 0.436266 0.858681 0.438061 0.861373 0.438061 0.862719 0.439856 0.862719 0.448833 0.861373 0.450628 0.858681 0.450628 0.857335 0.452424 0.854643 0.452424 0.853297 0.454219 0.851952 0.454219 0.850606 0.456014 0.847914 0.456014 0.846568 0.45781 0.843876 0.45781 0.84253 0.459605 0.839838 0.459605 0.838493 0.4614 0.816958 0.4614 0.818304 0.463196 0.816958 0.464991 0.803499 0.464991 0.802153 0.466786 0.799462 0.463196 0.799462 0.4614 0.798116 0.459605 0.798116 0.45781 0.795424 0.454219 0.77389 0.454219 0.772544 0.452424 0.772544 0.459605 0.77389 0.4614 0.77389 0.468582 0.776581 0.468582 0.777927 0.470377 0.780619 0.470377 0.781965 0.472172 0.791386 0.472172 0.792732 0.473968 0.802153 0.473968 0.803499 0.475763 0.818304 0.475763 0.81965 0.477558 0.834455 0.477558 0.835801 0.479354 0.84926 0.479354 0.850606 0.481149 0.853297 0.481149 0.854643 0.482944 0.858681 0.482944 0.860027 0.48474 0.862719 0.48474 0.864065 0.486535 0.866756 0.486535 0.868102 0.48833 0.868102 0.490126 0.866756 0.491921 0.866756 0.495512 0.86541 0.497307 0.86541 0.499102 0.866756 0.499102 0.868102 0.500898 0.869448 0.500898 0.870794 0.502693 0.87214 0.502693 0.873486 0.504488 0.874832 0.502693 0.876178 0.502693 0.877524 0.500898 0.878869 0.500898 0.881561 0.497307 0.882907 0.497307 0.884253 0.495512 0.885599 0.495512 0.886945 0.493716 0.888291 0.493716 0.889637 0.491921 0.899058 0.491921 0.900404 0.490126 0.912517 0.490126 0.913863 0.491921 0.9179 0.491921 0.919246 0.493716 0.921938 0.493716 0.923284 0.495512 0.925976 0.495512 0.927322 0.497307 0.928668 0.497307 0.930013 0.499102 0.931359 0.499102 0.934051 0.502693 0.935397 0.502693 0.936743 0.504488 0.938089 0.504488 0.939435 0.506284 0.940781 0.506284 0.943472 0.509874 0.944818 0.509874 0.946164 0.51167 0.94751 0.51167 0.948856 0.513465 0.959623 0.513465 0.960969 0.51526 0.97039 0.51526 0.971736 0.517056 0.973082 0.51526 0.974428 0.51526 0.975774 0.513465 0.97712 0.513465 0.978466 0.51167 0.979812 0.51167 0.981157 0.509874 0.982503 0.509874 0.983849 0.508079 0.985195 0.508079 0.986541 0.506284 0.989233 0.506284 0.990579 0.504488 0.991925 0.504488 0.993271 0.502693 0.994616 0.502693 0.995962 0.500898 0.997308 0.500898 0.998654 0.499102 0.998654 0.463196 0.994616 0.45781 0.994616 0.456014 0.990579 0.450628 0.990579 0.448833 0.989233 0.447038 0.987887 0.448833 0.986541 0.448833 0.985195 0.450628 0.983849 0.450628 0.982503 0.452424 0.981157 0.452424 0.979812 0.454219 0.978466 0.454219 0.97712 0.456014 0.975774 0.456014 0.973082 0.459605 0.969044 0.459605 0.967699 0.45781 0.966353 0.45781 0.965007 0.456014 0.962315 0.456014 0.960969 0.454219 0.959623 0.454219 0.958277 0.452424 0.934051 0.452424 0.932705 0.450628 0.930013 0.450628 0.928668 0.448833 0.92463 0.448833 0.923284 0.447038 0.923284 0.43447 0.92463 0.432675 0.928668 0.432675 0.930013 0.43088 0.934051 0.43088 0.935397 0.429084 0.938089 0.429084 0.939435 0.427289 0.943472 0.427289 0.944818 0.425494 0.948856 0.425494 0.950202 0.423698 0.985195 0.423698 0.986541 0.425494 0.986541 0.418312 0.930013 0.418312
1 0.417227 0.40754 0.417227 0.414722 0.423957 0.414722 0.423957 0.409336 0.418573 0.409336
1 0.460296 0.400359 0.45895 0.402154 0.457604 0.402154 0.456258 0.40395 0.453567 0.40395 0.453567 0.405745 0.452221 0.40754 0.452221 0.409336 0.450875 0.411131 0.450875 0.412926 0.452221 0.414722 0.453567 0.414722 0.456258 0.418312 0.462988 0.418312 0.464334 0.420108 0.471063 0.420108 0.473755 0.423698 0.473755 0.425494 0.475101 0.427289 0.473755 0.429084 0.468371 0.429084 0.467026 0.427289 0.460296 0.427289 0.45895 0.425494 0.444145 0.425494 0.442799 0.423698 0.427995 0.423698 0.426649 0.421903 0.411844 0.421903 0.410498 0.420108 0.409152 0.421903 0.407806 0.421903 0.40646 0.423698 0.405114 0.423698 0.402423 0.427289 0.401077 0.427289 0.399731 0.429084 0.398385 0.429084 0.399731 0.43088 0.399731 0.432675 0.401077 0.43447 0.401077 0.436266 0.402423 0.438061 0.402423 0.439856 0.403769 0.438061 0.432032 0.438061 0.433378 0.439856 0.440108 0.439856 0.441454 0.441652 0.448183 0.441652 0.449529 0.443447 0.480485 0.443447 0.48183 0.445242 0.483176 0.445242 0.484522 0.447038 0.485868 0.447038 0.487214 0.448833 0.48856 0.448833 0.491252 0.452424 0.492598 0.452424 0.493943 0.454219 0.495289 0.454219 0.496635 0.456014 0.514132 0.456014 0.515478 0.45781 0.516824 0.45781 0.51817 0.459605 0.519515 0.459605 0.520861 0.4614 0.522207 0.4614 0.523553 0.463196 0.524899 0.463196 0.526245 0.464991 0.526245 0.463196 0.527591 0.4614 0.527591 0.45781 0.528937 0.456014 0.528937 0.450628 0.530283 0.448833 0.530283 0.445242 0.531629 0.443447 0.531629 0.439856 0.530283 0.438061 0.530283 0.43447 0.528937 0.432675 0.528937 0.427289 0.527591 0.425494 0.527591 0.421903 0.526245 0.420108 0.526245 0.418312 0.524899 0.418312 0.523553 0.416517 0.522207 0.416517 0.519515 0.412926 0.51817 0.412926 0.516824 0.411131 0.515478 0.411131 0.514132 0.409336 0.512786 0.411131 0.508748 0.411131 0.507402 0.412926 0.503365 0.412926 0.502019 0.414722 0.487214 0.414722 0.485868 0.412926 0.48183 0.412926 0.480485 0.411131 0.476447 0.411131 0.475101 0.409336 0.473755 0.409336 0.472409 0.40754 0.471063 0.40754 0.469717 0.405745 0.467026 0.405745 0.46568 0.40395 0.464334 0.40395 0.462988 0.402154 0.461642 0.402154
1 0.257066 0.391382 0.25572 0.393178 0.253028 0.393178 0.251682 0.394973 0.247645 0.394973 0.247645 0.398564 0.248991 0.400359 0.248991 0.409336 0.250336 0.411131 0.250336 0.414722 0.251682 0.416517 0.251682 0.418312 0.253028 0.420108 0.253028 0.421903 0.254374 0.423698 0.25572 0.421903 0.261104 0.421903 0.26245 0.423698 0.261104 0.425494 0.261104 0.427289 0.259758 0.429084 0.259758 0.441652 0.273217 0.441652 0.274563 0.443447 0.288022 0.443447 0.289367 0.445242 0.289367 0.438061 0.286676 0.438061 0.28533 0.436266 0.282638 0.436266 0.281292 0.43447 0.277254 0.43447 0.275908 0.432675 0.273217 0.432675 0.271871 0.43088 0.273217 0.429084 0.320323 0.429084 0.321669 0.427289 0.323015 0.427289 0.324361 0.425494 0.325707 0.425494 0.327052 0.423698 0.328398 0.423698 0.328398 0.421903 0.327052 0.420108 0.327052 0.416517 0.323015 0.416517 0.321669 0.414722 0.317631 0.414722 0.314939 0.411131 0.316285 0.409336 0.321669 0.409336 0.323015 0.411131 0.324361 0.409336 0.325707 0.409336 0.323015 0.405745 0.323015 0.40395 0.321669 0.402154 0.316285 0.402154 0.314939 0.400359 0.313594 0.402154 0.30821 0.402154 0.30821 0.411131 0.306864 0.412926 0.297443 0.412926 0.296097 0.411131 0.294751 0.411131 0.292059 0.40754 0.289367 0.40754 0.288022 0.405745 0.283984 0.405745 0.282638 0.40395 0.279946 0.40395 0.2786 0.402154 0.267833 0.402154 0.265141 0.398564 0.263795 0.398564 0.261104 0.394973 0.259758 0.394973
1 0.030956 0.387792 0.02961 0.389587 0.017497 0.389587 0.016151 0.391382 0.009421 0.391382 0.009421 0.393178 0.008075 0.394973 0.008075 0.396768 0.014805 0.396768 0.016151 0.394973 0.039031 0.394973 0.040377 0.396768 0.041723 0.394973 0.047106 0.394973 0.04576 0.393178 0.04576 0.391382 0.044415 0.389587 0.044415 0.387792
1 0.275908 0.371634 0.275908 0.375224 0.274563 0.37702 0.274563 0.38061 0.281292 0.38061 0.281292 0.373429 0.277254 0.373429
1 0.903096 0.321364 0.90175 0.32316 0.899058 0.32316 0.897712 0.324955 0.896366 0.324955 0.89502 0.32675 0.892328 0.32675 0.890983 0.328546 0.888291 0.328546 0.886945 0.330341 0.885599 0.330341 0.884253 0.332136 0.881561 0.332136 0.880215 0.333932 0.874832 0.333932 0.873486 0.335727 0.868102 0.335727 0.866756 0.337522 0.861373 0.337522 0.860027 0.339318 0.854643 0.339318 0.853297 0.341113 0.851952 0.341113 0.84926 0.344704 0.847914 0.344704 0.846568 0.346499 0.845222 0.346499 0.843876 0.348294 0.84253 0.348294 0.839838 0.351885 0.838493 0.351885 0.837147 0.35368 0.835801 0.35368 0.834455 0.355476 0.830417 0.355476 0.829071 0.357271 0.823688 0.357271 0.822342 0.359066 0.818304 0.359066 0.816958 0.360862 0.812921 0.360862 0.811575 0.362657 0.806191 0.362657 0.804845 0.364452 0.777927 0.364452 0.776581 0.362657 0.753701 0.362657 0.752355 0.360862 0.751009 0.362657 0.746972 0.362657 0.745626 0.364452 0.740242 0.364452 0.738896 0.366248 0.732167 0.366248 0.730821 0.368043 0.725437 0.368043 0.724092 0.369838 0.717362 0.369838 0.716016 0.371634 0.695828 0.371634 0.694482 0.369838 0.681023 0.369838 0.679677 0.368043 0.676985 0.368043 0.675639 0.366248 0.672948 0.366248 0.671602 0.364452 0.66891 0.364452 0.667564 0.362657 0.666218 0.362657 0.664872 0.360862 0.66218 0.360862 0.660834 0.359066 0.658143 0.359066 0.656797 0.357271 0.654105 0.357271 0.652759 0.355476 0.650067 0.355476 0.648721 0.35368 0.64603 0.35368 0.644684 0.351885 0.641992 0.351885 0.640646 0.35009 0.637954 0.35009 0.636608 0.348294 0.635262 0.348294 0.633917 0.346499 0.631225 0.346499 0.629879 0.344704 0.627187 0.344704 0.625841 0.342908 0.623149 0.342908 0.621803 0.341113 0.620458 0.342908 0.61642 0.342908 0.615074 0.344704 0.612382 0.344704 0.611036 0.346499 0.606999 0.346499 0.605653 0.348294 0.601615 0.348294 0.600269 0.35009 0.58681 0.35009 0.585464 0.351885 0.573351 0.351885 0.572005 0.35368 0.558546 0.35368 0.557201 0.355476 0.503365 0.355476 0.502019 0.35368 0.496635 0.35368 0.495289 0.351885 0.489906 0.351885 0.48856 0.35009 0.483176 0.35009 0.479139 0.344704 0.479139 0.342908 0.475101 0.337522 0.475101 0.335727 0.473755 0.333932 0.469717 0.339318 0.468371 0.339318 0.462988 0.346499 0.461642 0.346499 0.45895 0.35009 0.45895 0.351885 0.460296 0.35368 0.460296 0.355476 0.461642 0.357271 0.461642 0.359066 0.462988 0.360862 0.462988 0.362657 0.464334 0.364452 0.464334 0.366248 0.46568 0.364452 0.48183 0.364452 0.483176 0.362657 0.539704 0.362657 0.54105 0.364452 0.543742 0.364452 0.545087 0.366248 0.561238 0.366248 0.562584 0.368043 0.570659 0.368043 0.572005 0.369838 0.574697 0.369838 0.576043 0.371634 0.580081 0.371634 0.581427 0.373429 0.584118 0.373429 0.585464 0.375224 0.588156 0.375224 0.589502 0.37702 0.592194 0.37702 0.59354 0.378815 0.59354 0.37702 0.594886 0.375224 0.594886 0.371634 0.596231 0.369838 0.596231 0.368043 0.592194 0.368043 0.590848 0.366248 0.58681 0.366248 0.585464 0.364452 0.582773 0.364452 0.581427 0.362657 0.577389 0.362657 0.576043 0.360862 0.577389 0.359066 0.602961 0.359066 0.605653 0.362657 0.605653 0.364452 0.611036 0.371634 0.611036 0.373429 0.613728 0.37702 0.615074 0.37702 0.61642 0.378815 0.617766 0.378815 0.619112 0.38061 0.619112 0.375224 0.620458 0.373429 0.620458 0.371634 0.621803 0.369838 0.624495 0.369838 0.625841 0.371634 0.628533 0.371634 0.629879 0.373429 0.633917 0.373429 0.635262 0.375224 0.636608 0.373429 0.636608 0.371634 0.637954 0.369838 0.637954 0.368043 0.6393 0.366248 0.651413 0.366248 0.652759 0.368043 0.654105 0.368043 0.655451 0.369838 0.658143 0.369838 0.659489 0.371634 0.660834 0.371634 0.66218 0.373429 0.663526 0.373429 0.664872 0.375224 0.666218 0.375224 0.667564 0.37702 0.670256 0.37702 0.671602 0.378815 0.672948 0.378815 0.674293 0.38061 0.675639 0.38061 0.676985 0.382406 0.675639 0.384201 0.666218 0.384201 0.666218 0.385996 0.667564 0.387792 0.667564 0.389587 0.66891 0.391382 0.66891 0.393178 0.682369 0.393178 0.683715 0.394973 0.697174 0.394973 0.69852 0.396768 0.710633 0.396768 0.711978 0.398564 0.725437 0.398564 0.726783 0.400359 0.73755 0.400359 0.738896 0.402154 0.749664 0.402154 0.751009 0.40395 0.761777 0.40395 0.763122 0.405745 0.77389 0.405745 0.775236 0.40754 0.786003 0.40754 0.787349 0.409336 0.798116 0.409336 0.799462 0.411131 0.808883 0.411131 0.810229 0.412926 0.820996 0.412926 0.822342 0.414722 0.831763 0.414722 0.833109 0.416517 0.843876 0.416517 0.845222 0.418312 0.854643 0.418312 0.855989 0.420108 0.873486 0.420108 0.874832 0.421903 0.892328 0.421903 0.893674 0.423698 0.89502 0.421903 0.896366 0.421903 0.899058 0.418312 0.900404 0.418312 0.90175 0.416517 0.903096 0.416517 0.897712 0.409336 0.897712 0.40754 0.885599 0.391382 0.884253 0.391382 0.876178 0.38061 0.874832 0.382406 0.850606 0.382406 0.84926 0.384201 0.827725 0.384201 0.82638 0.385996 0.685061 0.385996 0.682369 0.382406 0.682369 0.38061 0.683715 0.378815 0.705249 0.378815 0.706595 0.38061 0.707941 0.378815 0.716016 0.378815 0.717362 0.37702 0.725437 0.37702 0.726783 0.375224 0.736205 0.375224 0.73755 0.373429 0.804845 0.373429 0.806191 0.371634 0.810229 0.371634 0.811575 0.369838 0.815612 0.369838 0.816958 0.368043 0.820996 0.368043 0.822342 0.366248 0.825034 0.366248 0.82638 0.364452 0.830417 0.364452 0.831763 0.362657 0.835801 0.362657 0.837147 0.360862 0.841184 0.360862 0.84253 0.359066 0.843876 0.359066 0.845222 0.357271 0.846568 0.357271 0.84926 0.35368 0.850606 0.35368 0.851952 0.351885 0.853297 0.351885 0.854643 0.35009 0.855989 0.35009 0.857335 0.348294 0.858681 0.348294 0.861373 0.344704 0.862719 0.344704 0.864065 0.342908 0.86541 0.342908 0.866756 0.341113 0.869448 0.341113 0.870794 0.339318 0.874832 0.339318 0.876178 0.337522 0.878869 0.337522 0.880215 0.335727 0.884253 0.335727 0.885599 0.333932 0.888291 0.333932 0.889637 0.332136 0.893674 0.332136 0.89502 0.330341 0.897712 0.330341 0.899058 0.328546 0.903096 0.328546
1 0.935397 0.319569 0.934051 0.321364 0.932705 0.321364 0.931359 0.32316 0.930013 0.32316 0.928668 0.324955 0.925976 0.324955 0.92463 0.32675 0.923284 0.32675 0.921938 0.328546 0.9179 0.328546 0.916555 0.32675 0.913863 0.32675 0.912517 0.324955 0.912517 0.337522 0.915209 0.341113 0.915209 0.342908 0.916555 0.344704 0.9179 0.342908 0.919246 0.342908 0.920592 0.341113 0.923284 0.341113 0.92463 0.339318 0.925976 0.339318 0.927322 0.337522 0.928668 0.337522 0.930013 0.335727 0.932705 0.335727 0.934051 0.333932 0.935397 0.333932 0.936743 0.332136 0.939435 0.332136 0.940781 0.330341 0.942127 0.330341 0.942127 0.32316 0.939435 0.32316 0.938089 0.321364 0.936743 0.321364
1 0.643338 0.314183 0.640646 0.317774 0.6393 0.317774 0.6393 0.32316 0.637954 0.324955 0.628533 0.324955 0.628533 0.332136 0.640646 0.332136 0.641992 0.333932 0.652759 0.333932 0.654105 0.335727 0.655451 0.333932 0.682369 0.333932 0.683715 0.332136 0.705249 0.332136 0.705249 0.319569 0.703903 0.321364 0.686406 0.321364 0.685061 0.319569 0.682369 0.319569 0.681023 0.317774 0.679677 0.317774 0.678331 0.315978 0.644684 0.315978
1 0.81965 0.301616 0.81965 0.307002 0.835801 0.307002 0.837147 0.308797 0.837147 0.307002 0.838493 0.305206 0.838493 0.303411 0.820996 0.303411
1 0.749664 0.294434 0.748318 0.29623 0.742934 0.29623 0.741588 0.298025 0.734859 0.298025 0.733513 0.29982 0.728129 0.29982 0.7214 0.308797 0.722746 0.310592 0.722746 0.312388 0.724092 0.314183 0.724092 0.315978 0.725437 0.317774 0.73755 0.317774 0.738896 0.319569 0.740242 0.317774 0.746972 0.317774 0.748318 0.315978 0.764468 0.315978 0.765814 0.317774 0.776581 0.317774 0.777927 0.319569 0.787349 0.319569 0.788694 0.321364 0.800808 0.321364 0.800808 0.319569 0.802153 0.317774 0.802153 0.315978 0.791386 0.315978 0.79004 0.314183 0.783311 0.314183 0.781965 0.312388 0.777927 0.312388 0.776581 0.310592 0.772544 0.310592 0.771198 0.308797 0.768506 0.308797 0.76716 0.307002 0.763122 0.307002 0.761777 0.305206 0.760431 0.305206 0.757739 0.301616 0.756393 0.301616 0.753701 0.298025 0.752355 0.298025
1 0.476447 0.292639 0.477793 0.292639 0.480485 0.29623 0.48183 0.29623 0.484522 0.29982 0.485868 0.29982 0.487214 0.301616 0.48856 0.301616 0.491252 0.305206 0.492598 0.305206 0.495289 0.308797 0.496635 0.308797 0.497981 0.310592 0.497981 0.305206 0.499327 0.303411 0.499327 0.29982 0.496635 0.29623 0.496635 0.294434 0.495289 0.292639
1 0.161507 0.290844 0.160162 0.292639 0.152086 0.292639 0.15074 0.294434 0.142665 0.294434 0.138627 0.29982 0.138627 0.301616 0.13459 0.307002 0.135935 0.308797 0.137281 0.308797 0.141319 0.314183 0.184388 0.314183 0.185734 0.315978 0.197847 0.315978 0.199192 0.317774 0.200538 0.315978 0.208614 0.315978 0.20996 0.314183 0.230148 0.314183 0.231494 0.312388 0.251682 0.312388 0.251682 0.305206 0.235532 0.305206 0.234186 0.303411 0.218035 0.303411 0.216689 0.301616 0.212651 0.301616 0.211306 0.29982 0.208614 0.29982 0.207268 0.298025 0.20323 0.298025 0.201884 0.29623 0.199192 0.29623 0.197847 0.294434 0.193809 0.294434 0.192463 0.292639 0.162853 0.292639
1 0.405114 0.285458 0.405114 0.289048 0.402423 0.292639 0.401077 0.292639 0.399731 0.294434 0.387618 0.294434 0.387618 0.303411 0.397039 0.303411 0.398385 0.301616 0.401077 0.301616 0.402423 0.29982 0.405114 0.29982 0.40646 0.298025 0.411844 0.298025 0.41319 0.29982 0.415882 0.29982 0.417227 0.301616 0.418573 0.301616 0.419919 0.303411 0.422611 0.303411 0.423957 0.305206 0.425303 0.303411 0.427995 0.303411 0.429341 0.301616 0.433378 0.301616 0.433378 0.29982 0.432032 0.298025 0.432032 0.294434 0.429341 0.294434 0.427995 0.292639 0.425303 0.292639 0.423957 0.290844 0.421265 0.290844 0.419919 0.289048 0.415882 0.289048 0.414536 0.287253 0.411844 0.287253 0.410498 0.285458
1 0.094213 0.271095 0.091521 0.274686 0.090175 0.274686 0.087483 0.278276 0.074024 0.278276 0.074024 0.281867 0.072678 0.283662 0.072678 0.285458 0.090175 0.285458 0.091521 0.283662 0.092867 0.283662 0.094213 0.281867 0.095559 0.281867 0.096904 0.280072 0.09825 0.280072 0.096904 0.278276 0.096904 0.276481 0.095559 0.274686 0.095559 0.27289
1 0.761777 0.265709 0.761777 0.267504 0.760431 0.2693 0.760431 0.271095 0.761777 0.271095 0.763122 0.27289 0.764468 0.27289 0.765814 0.274686 0.76716 0.274686 0.768506 0.276481 0.771198 0.276481 0.772544 0.278276 0.77389 0.278276 0.775236 0.280072 0.776581 0.280072 0.777927 0.281867 0.779273 0.281867 0.780619 0.283662 0.781965 0.283662 0.783311 0.285458 0.783311 0.278276 0.781965 0.278276 0.780619 0.276481 0.777927 0.276481 0.776581 0.274686 0.775236 0.274686 0.77389 0.27289 0.772544 0.27289 0.771198 0.271095 0.769852 0.271095 0.768506 0.2693 0.765814 0.2693 0.764468 0.267504 0.763122 0.267504
1 0.012113 0.263914 0.010767 0.265709 0.004038 0.265709 0.004038 0.267504 0.005384 0.2693 0.005384 0.27289 0.006729 0.274686 0.006729 0.276481 0.008075 0.274686 0.010767 0.274686 0.012113 0.27289 0.016151 0.27289 0.014805 0.271095 0.014805 0.2693 0.013459 0.267504 0.013459 0.265709
1 0.84253 0.258528 0.841184 0.260323 0.808883 0.260323 0.807537 0.262118 0.77389 0.262118 0.775236 0.263914 0.776581 0.263914 0.779273 0.267504 0.780619 0.267504 0.783311 0.271095 0.784657 0.2693 0.798116 0.2693 0.799462 0.267504 0.811575 0.267504 0.812921 0.265709 0.82638 0.265709 0.827725 0.263914 0.841184 0.263914 0.841184 0.262118 0.84253 0.260323
1 0.955585 0.256732 0.951548 0.262118 0.960969 0.262118 0.962315 0.263914 0.971736 0.263914 0.973082 0.265709 0.981157 0.265709 0.982503 0.267504 0.991925 0.267504 0.993271 0.2693 0.994616 0.267504 0.994616 0.265709 0.995962 0.263914 0.986541 0.263914 0.985195 0.262118 0.97712 0.262118 0.975774 0.260323 0.966353 0.260323 0.965007 0.258528 0.956931 0.258528
1 0.289367 0.253142 0.288022 0.254937 0.28533 0.254937 0.283984 0.256732 0.281292 0.256732 0.279946 0.258528 0.277254 0.258528 0.2786 0.258528 0.281292 0.262118 0.282638 0.260323 0.290713 0.260323 0.290713 0.258528 0.289367 0.256732
1 0.192463 0.253142 0.191117 0.254937 0.188425 0.254937 0.187079 0.256732 0.184388 0.256732 0.183042 0.258528 0.18035 0.258528 0.183042 0.262118 0.183042 0.263914 0.185734 0.267504 0.188425 0.267504 0.189771 0.2693 0.192463 0.2693 0.193809 0.271095 0.197847 0.271095 0.199192 0.27289 0.201884 0.27289 0.20323 0.274686 0.205922 0.274686 0.207268 0.276481 0.20996 0.276481 0.211306 0.278276 0.213997 0.278276 0.215343 0.280072 0.218035 0.280072 0.219381 0.281867 0.220727 0.281867 0.222073 0.283662 0.224764 0.283662 0.22611 0.285458 0.228802 0.285458 0.230148 0.287253 0.235532 0.280072 0.234186 0.278276 0.23284 0.278276 0.230148 0.274686 0.228802 0.274686 0.224764 0.2693 0.223419 0.2693 0.219381 0.263914 0.218035 0.263914 0.215343 0.260323 0.213997 0.260323 0.211306 0.256732 0.20323 0.256732 0.201884 0.254937 0.193809 0.254937
1 0.076716 0.245961 0.07537 0.247756 0.072678 0.247756 0.072678 0.249551 0.074024 0.251346 0.074024 0.254937 0.084791 0.254937 0.084791 0.253142 0.086137 0.251346 0.086137 0.249551 0.0821 0.249551 0.080754 0.247756 0.078062 0.247756
1 0.889637 0.244165 0.888291 0.245961 0.885599 0.245961 0.884253 0.247756 0.880215 0.247756 0.888291 0.258528 0.889637 0.256732 0.892328 0.256732 0.892328 0.254937 0.890983 0.253142 0.890983 0.247756 0.889637 0.245961
1 0.051144 0.24237 0.049798 0.244165 0.041723 0.244165 0.040377 0.245961 0.032301 0.245961 0.030956 0.247756 0.021534 0.247756 0.020188 0.249551 0.012113 0.249551 0.012113 0.251346 0.013459 0.253142 0.013459 0.256732 0.014805 0.254937 0.021534 0.254937 0.02288 0.253142 0.030956 0.253142 0.032301 0.251346 0.039031 0.251346 0.040377 0.249551 0.048452 0.249551 0.049798 0.247756 0.056528 0.247756 0.055182 0.245961 0.053836 0.245961
1 0.983849 0.231598 0.982503 0.233393 0.960969 0.233393 0.960969 0.236984 0.962315 0.238779 0.962315 0.244165 0.963661 0.24237 0.982503 0.24237 0.982503 0.236984 0.983849 0.235189
1 0.527591 0.222621 0.523553 0.228007 0.524899 0.229803 0.526245 0.229803 0.528937 0.233393 0.530283 0.233393 0.532974 0.236984 0.53432 0.236984 0.537012 0.240575 0.539704 0.236984 0.54105 0.236984 0.542396 0.235189 0.54105 0.235189 0.538358 0.231598 0.537012 0.231598 0.53432 0.228007 0.532974 0.228007 0.530283 0.224417 0.528937 0.224417
1 0.502019 0.220826 0.500673 0.222621 0.499327 0.222621 0.497981 0.224417 0.495289 0.224417 0.496635 0.226212 0.496635 0.228007 0.497981 0.229803 0.499327 0.228007 0.500673 0.228007 0.502019 0.226212 0.504711 0.226212 0.503365 0.224417 0.503365 0.222621
1 0.878869 0.219031 0.878869 0.222621 0.880215 0.224417 0.880215 0.229803 0.89502 0.229803 0.896366 0.231598 0.897712 0.229803 0.897712 0.228007 0.899058 0.226212 0.896366 0.226212 0.89502 0.224417 0.893674 0.224417 0.892328 0.222621 0.889637 0.222621 0.888291 0.220826 0.880215 0.220826
1 0.660834 0.213645 0.659489 0.21544 0.643338 0.21544 0.643338 0.217235 0.644684 0.219031 0.644684 0.222621 0.64603 0.220826 0.652759 0.220826 0.654105 0.219031 0.660834 0.219031
1 0.915209 0.206463 0.913863 0.208259 0.892328 0.208259 0.89502 0.211849 0.89502 0.213645 0.896366 0.21544 0.911171 0.21544 0.912517 0.213645 0.931359 0.213645 0.932705 0.21544 0.940781 0.21544 0.942127 0.217235 0.942127 0.21544 0.940781 0.213645 0.940781 0.211849 0.939435 0.210054 0.939435 0.208259 0.916555 0.208259
1 0.746972 0.197487 0.745626 0.199282 0.74428 0.199282 0.742934 0.201077 0.741588 0.201077 0.740242 0.202873 0.738896 0.202873 0.73755 0.204668 0.736205 0.204668 0.738896 0.208259 0.738896 0.210054 0.740242 0.211849 0.742934 0.208259 0.74428 0.208259 0.745626 0.206463 0.752355 0.206463 0.756393 0.211849 0.757739 0.211849 0.759085 0.213645 0.760431 0.211849 0.761777 0.211849 0.764468 0.208259 0.765814 0.208259 0.76716 0.206463 0.768506 0.206463 0.76716 0.204668 0.76716 0.202873 0.765814 0.201077 0.757739 0.201077 0.756393 0.199282 0.748318 0.199282
1 0.076716 0.193896 0.07537 0.195691 0.074024 0.195691 0.072678 0.197487 0.071332 0.197487 0.078062 0.206463 0.079408 0.204668 0.0821 0.204668 0.080754 0.202873 0.080754 0.201077 0.079408 0.199282 0.080754 0.197487 0.094213 0.197487 0.092867 0.195691 0.092867 0.193896
1 0.667564 0.183124 0.667564 0.190305 0.682369 0.190305 0.682369 0.18851 0.683715 0.186715 0.683715 0.184919 0.66891 0.184919
1 0.551817 0.183124 0.551817 0.186715 0.550471 0.18851 0.550471 0.192101 0.551817 0.193896 0.553163 0.193896 0.555855 0.197487 0.565276 0.197487 0.566622 0.199282 0.574697 0.199282 0.576043 0.201077 0.577389 0.199282 0.584118 0.199282 0.584118 0.192101 0.578735 0.192101 0.577389 0.190305 0.572005 0.190305 0.570659 0.18851 0.566622 0.18851 0.565276 0.186715 0.559892 0.186715 0.558546 0.184919 0.553163 0.184919
1 0.224764 0.179533 0.223419 0.181329 0.220727 0.181329 0.219381 0.183124 0.215343 0.183124 0.213997 0.184919 0.211306 0.184919 0.20996 0.186715 0.205922 0.186715 0.204576 0.18851 0.201884 0.18851 0.20323 0.190305 0.20323 0.192101 0.204576 0.193896 0.205922 0.192101 0.212651 0.192101 0.213997 0.190305 0.219381 0.190305 0.220727 0.18851 0.227456 0.18851 0.227456 0.186715 0.22611 0.184919 0.22611 0.183124 0.224764 0.181329
1 0.138627 0.177738 0.137281 0.179533 0.13459 0.179533 0.133244 0.181329 0.129206 0.181329 0.12786 0.183124 0.125168 0.183124 0.125168 0.186715 0.126514 0.18851 0.126514 0.192101 0.12786 0.190305 0.129206 0.190305 0.130552 0.18851 0.131898 0.18851 0.133244 0.186715 0.153432 0.186715 0.15747 0.181329 0.149394 0.181329 0.148048 0.179533 0.139973 0.179533
1 0.64603 0.175943 0.648721 0.179533 0.648721 0.181329 0.650067 0.183124 0.648721 0.184919 0.6393 0.184919 0.644684 0.192101 0.64603 0.190305 0.651413 0.190305 0.652759 0.18851 0.658143 0.18851 0.654105 0.183124 0.654105 0.181329 0.651413 0.177738 0.647376 0.177738
1 0.417227 0.166966 0.415882 0.168761 0.395693 0.168761 0.395693 0.177738 0.411844 0.177738 0.41319 0.175943 0.433378 0.175943 0.434724 0.177738 0.446837 0.177738 0.448183 0.179533 0.460296 0.179533 0.461642 0.181329 0.471063 0.181329 0.471063 0.174147 0.46568 0.174147 0.464334 0.172352 0.457604 0.172352 0.456258 0.170557 0.450875 0.170557 0.449529 0.168761 0.418573 0.168761
1 0.772544 0.163375 0.772544 0.165171 0.77389 0.166966 0.77389 0.170557 0.781965 0.170557 0.781965 0.168761 0.783311 0.166966 0.783311 0.165171 0.77389 0.165171
1 0.788694 0.157989 0.788694 0.159785 0.79004 0.16158 0.79004 0.163375 0.794078 0.163375 0.794078 0.157989
1 0.671602 0.157989 0.671602 0.163375 0.672948 0.165171 0.672948 0.170557 0.694482 0.170557 0.695828 0.172352 0.716016 0.172352 0.717362 0.174147 0.717362 0.175943 0.718708 0.177738 0.718708 0.181329 0.720054 0.183124 0.720054 0.186715 0.7214 0.18851 0.7214 0.190305 0.722746 0.18851 0.726783 0.18851 0.726783 0.179533 0.725437 0.177738 0.725437 0.168761 0.724092 0.168761 0.722746 0.166966 0.7214 0.166966 0.718708 0.163375 0.717362 0.163375 0.716016 0.16158 0.701211 0.16158 0.699865 0.159785 0.686406 0.159785 0.685061 0.157989
1 0.537012 0.132855 0.53432 0.136445 0.532974 0.136445 0.537012 0.141831 0.539704 0.141831 0.54105 0.143627 0.543742 0.143627 0.545087 0.145422 0.547779 0.145422 0.549125 0.147217 0.553163 0.147217 0.554509 0.149013 0.557201 0.149013 0.558546 0.150808 0.562584 0.150808 0.56393 0.152603 0.565276 0.152603 0.566622 0.154399 0.567968 0.154399 0.569314 0.156194 0.570659 0.156194 0.572005 0.157989 0.573351 0.157989 0.574697 0.159785 0.577389 0.159785 0.578735 0.16158 0.580081 0.16158 0.581427 0.163375 0.582773 0.163375 0.584118 0.165171 0.585464 0.165171 0.58681 0.166966 0.588156 0.166966 0.589502 0.168761 0.594886 0.168761 0.596231 0.170557 0.600269 0.170557 0.601615 0.172352 0.601615 0.166966 0.597577 0.166966 0.596231 0.165171 0.592194 0.165171 0.590848 0.163375 0.589502 0.163375 0.588156 0.16158 0.58681 0.16158 0.585464 0.159785 0.584118 0.159785 0.582773 0.157989 0.580081 0.157989 0.578735 0.156194 0.577389 0.156194 0.576043 0.154399 0.574697 0.154399 0.573351 0.152603 0.572005 0.152603 0.570659 0.150808 0.569314 0.150808 0.567968 0.149013 0.565276 0.149013 0.56393 0.147217 0.562584 0.147217 0.561238 0.145422 0.558546 0.145422 0.557201 0.143627 0.555855 0.143627 0.554509 0.141831 0.551817 0.141831 0.550471 0.140036 0.549125 0.140036 0.547779 0.138241 0.545087 0.138241 0.543742 0.136445 0.542396 0.136445 0.54105 0.13465 0.538358 0.13465
1 0.238223 0.114901 0.235532 0.118492 0.234186 0.118492 0.235532 0.120287 0.235532 0.122083 0.236878 0.123878 0.236878 0.125673 0.238223 0.127469 0.239569 0.125673 0.239569 0.123878 0.240915 0.122083 0.239569 0.120287 0.239569 0.118492 0.238223 0.116697
