0 0.351351 0.802128 0.349762 0.804255 0.348172 0.804255 0.346582 0.806383 0.344992 0.806383 0.343402 0.808511 0.341812 0.808511 0.340223 0.810638 0.338633 0.810638 0.337043 0.812766 0.335453 0.812766 0.332273 0.817021 0.330684 0.817021 0.327504 0.821277 0.325914 0.821277 0.319555 0.829787 0.317965 0.829787 0.311606 0.838298 0.310016 0.838298 0.308426 0.840426 0.308426 0.848936 0.310016 0.851064 0.310016 0.859574 0.316375 0.859574 0.317965 0.861702 0.324324 0.861702 0.325914 0.86383 0.332273 0.86383 0.333863 0.865957 0.338633 0.865957 0.340223 0.868085 0.346582 0.868085 0.348172 0.870213 0.352941 0.870213 0.354531 0.87234 0.36089 0.86383 0.36248 0.86383 0.368839 0.855319 0.370429 0.855319 0.373609 0.851064 0.375199 0.851064 0.378378 0.846809 0.379968 0.846809 0.383148 0.842553 0.384738 0.842553 0.384738 0.838298 0.386328 0.83617 0.386328 0.831915 0.384738 0.829787 0.384738 0.82766 0.383148 0.825532 0.383148 0.823404 0.381558 0.821277 0.381558 0.819149 0.379968 0.817021 0.376789 0.817021 0.375199 0.814894 0.372019 0.814894 0.370429 0.812766 0.368839 0.812766 0.36725 0.810638 0.36407 0.810638 0.36248 0.808511 0.36089 0.808511 0.3593 0.806383 0.356121 0.806383 0.354531 0.804255 0.352941 0.804255
0 0.677266 0.761702 0.677266 0.768085 0.675676 0.770213 0.675676 0.780851 0.674086 0.782979 0.674086 0.789362 0.677266 0.789362 0.678855 0.791489 0.682035 0.791489 0.683625 0.793617 0.709062 0.793617 0.710652 0.795745 0.72655 0.795745 0.72814 0.797872 0.72337 0.791489 0.72337 0.789362 0.718601 0.782979 0.718601 0.780851 0.715421 0.776596 0.715421 0.774468 0.713831 0.77234 0.713831 0.770213 0.712242 0.768085 0.704293 0.768085 0.702703 0.765957 0.693164 0.765957 0.691574 0.76383 0.678855 0.76383
0 0.785374 0.661702 0.783784 0.66383 0.782194 0.66383 0.779014 0.668085 0.777424 0.668085 0.774245 0.67234 0.772655 0.67234 0.771065 0.674468 0.771065 0.676596 0.769475 0.678723 0.769475 0.680851 0.767886 0.682979 0.767886 0.685106 0.766296 0.687234 0.766296 0.689362 0.764706 0.691489 0.764706 0.693617 0.763116 0.695745 0.763116 0.697872 0.761526 0.7 0.761526 0.702128 0.759936 0.704255 0.759936 0.706383 0.761526 0.706383 0.763116 0.708511 0.764706 0.708511 0.766296 0.710638 0.767886 0.710638 0.769475 0.712766 0.774245 0.712766 0.775835 0.714894 0.780604 0.714894 0.782194 0.717021 0.783784 0.714894 0.788553 0.714894 0.790143 0.712766 0.794913 0.712766 0.796502 0.710638 0.806041 0.710638 0.810811 0.704255 0.812401 0.704255 0.82194 0.691489 0.823529 0.691489 0.826709 0.687234 0.826709 0.685106 0.828299 0.682979 0.828299 0.680851 0.829889 0.678723 0.829889 0.676596 0.831479 0.674468 0.828299 0.674468 0.826709 0.67234 0.823529 0.67234 0.82194 0.670213 0.81876 0.670213 0.81717 0.668085 0.810811 0.668085 0.809221 0.665957 0.802862 0.665957 0.801272 0.66383 0.786963 0.66383
0 0.54372 0.634043 0.54372 0.63617 0.54213 0.638298 0.54213 0.640426 0.540541 0.642553 0.540541 0.646809 0.538951 0.648936 0.538951 0.653191 0.537361 0.655319 0.537361 0.657447 0.535771 0.659574 0.535771 0.661702 0.553259 0.661702 0.554849 0.66383 0.556439 0.661702 0.556439 0.659574 0.558029 0.657447 0.558029 0.655319 0.561208 0.651064 0.561208 0.648936 0.562798 0.646809 0.562798 0.644681 0.564388 0.642553 0.562798 0.640426 0.562798 0.638298 0.561208 0.63617 0.561208 0.634043
0 0.891892 0.6 0.890302 0.602128 0.874404 0.602128 0.874404 0.612766 0.880763 0.612766 0.882353 0.614894 0.888712 0.614894 0.890302 0.617021 0.891892 0.614894 0.903021 0.614894 0.903021 0.612766 0.901431 0.610638 0.901431 0.606383 0.899841 0.606383 0.898251 0.604255 0.896661 0.604255 0.895072 0.602128 0.893482 0.602128
0 0.955485 0.542553 0.953895 0.544681 0.952305 0.544681 0.950715 0.546809 0.949126 0.546809 0.949126 0.553191 0.947536 0.555319 0.947536 0.561702 0.966614 0.561702 0.968203 0.56383 0.972973 0.56383 0.974563 0.565957 0.977742 0.565957 0.979332 0.568085 0.979332 0.553191 0.969793 0.553191 0.965024 0.546809 0.961844 0.546809 0.960254 0.544681 0.957075 0.544681
0 0.621622 0.478723 0.621622 0.485106 0.620032 0.487234 0.620032 0.493617 0.621622 0.493617 0.624801 0.497872 0.63434 0.497872 0.63593 0.495745 0.63752 0.495745 0.63911 0.493617 0.642289 0.493617 0.643879 0.491489 0.645469 0.491489 0.643879 0.491489 0.6407 0.487234 0.63911 0.487234 0.63593 0.482979 0.63434 0.482979 0.631161 0.478723
1 0.562798 0.97234 0.561208 0.974468 0.559618 0.974468 0.556439 0.978723 0.554849 0.978723 0.551669 0.982979 0.550079 0.982979 0.54849 0.985106 0.54849 0.991489 0.550079 0.993617 0.550079 0.997872 0.567568 0.997872 0.567568 0.995745 0.565978 0.993617 0.565978 0.987234 0.564388 0.985106 0.564388 0.980851 0.565978 0.978723 0.565978 0.976596 0.567568 0.974468 0.567568 0.97234
1 0.887122 0.93617 0.887122 0.948936 0.888712 0.951064 0.888712 0.953191 0.893482 0.959574 0.893482 0.961702 0.9062 0.978723 0.9062 0.980851 0.91097 0.987234 0.91097 0.989362 0.915739 0.995745 0.915739 0.997872 0.922099 0.997872 0.922099 0.995745 0.918919 0.991489 0.918919 0.989362 0.914149 0.982979 0.914149 0.980851 0.91256 0.978723 0.91097 0.978723 0.90779 0.974468 0.9062 0.974468 0.890302 0.953191 0.890302 0.948936 0.888712 0.946809 0.888712 0.942553 0.890302 0.940426 0.890302 0.938298 0.888712 0.938298
1 0.837838 0.93617 0.837838 0.974468 0.839428 0.976596 0.839428 0.997872 0.841017 0.997872 0.841017 0.955319 0.839428 0.953191 0.839428 0.938298
1 0.483307 0.882979 0.481717 0.885106 0.480127 0.885106 0.478537 0.887234 0.476948 0.887234 0.473768 0.891489 0.472178 0.891489 0.470588 0.893617 0.468998 0.893617 0.467409 0.895745 0.465819 0.895745 0.465819 0.908511 0.467409 0.906383 0.478537 0.906383 0.481717 0.910638 0.481717 0.917021 0.483307 0.919149 0.483307 0.925532 0.484897 0.92766 0.484897 0.931915 0.492846 0.931915 0.492846 0.929787 0.494436 0.92766 0.494436 0.925532 0.496025 0.923404 0.496025 0.921277 0.497615 0.919149 0.505564 0.919149 0.507154 0.921277 0.507154 0.923404 0.508744 0.925532 0.508744 0.931915 0.510334 0.934043 0.510334 0.938298 0.521463 0.938298 0.524642 0.942553 0.526232 0.942553 0.532591 0.951064 0.534181 0.948936 0.54372 0.948936 0.54531 0.946809 0.556439 0.946809 0.556439 0.942553 0.554849 0.940426 0.554849 0.93617 0.553259 0.93617 0.551669 0.934043 0.550079 0.934043 0.54849 0.931915 0.5469 0.931915 0.54531 0.929787 0.54372 0.929787 0.54213 0.92766 0.538951 0.92766 0.537361 0.925532 0.535771 0.925532 0.534181 0.923404 0.532591 0.923404 0.531002 0.921277 0.529412 0.921277 0.527822 0.919149 0.526232 0.919149 0.524642 0.917021 0.513514 0.917021 0.511924 0.914894 0.511924 0.912766 0.510334 0.910638 0.510334 0.904255 0.508744 0.902128 0.508744 0.895745 0.507154 0.893617 0.507154 0.889362 0.505564 0.887234 0.505564 0.885106 0.484897 0.885106
1 0.437202 0.817021 0.432432 0.823404 0.430843 0.823404 0.427663 0.82766 0.430843 0.831915 0.430843 0.834043 0.434022 0.838298 0.435612 0.83617 0.440382 0.83617 0.441971 0.834043 0.445151 0.834043 0.446741 0.831915 0.45151 0.831915 0.4531 0.829787 0.45787 0.829787 0.45787 0.821277 0.448331 0.821277 0.446741 0.819149 0.438792 0.819149
1 0.119237 0.714894 0.117647 0.717021 0.106518 0.717021 0.103339 0.721277 0.103339 0.723404 0.098569 0.729787 0.098569 0.731915 0.0938 0.738298 0.0938 0.740426 0.08903 0.746809 0.08903 0.748936 0.084261 0.755319 0.084261 0.757447 0.079491 0.76383 0.077901 0.761702 0.076312 0.761702 0.073132 0.757447 0.071542 0.757447 0.069952 0.755319 0.068362 0.755319 0.065183 0.751064 0.063593 0.751064 0.062003 0.748936 0.060413 0.748936 0.057234 0.744681 0.055644 0.744681 0.054054 0.742553 0.052464 0.742553 0.049285 0.738298 0.047695 0.738298 0.046105 0.73617 0.042925 0.73617 0.041335 0.734043 0.036566 0.734043 0.034976 0.731915 0.031797 0.731915 0.030207 0.729787 0.027027 0.729787 0.025437 0.72766 0.020668 0.72766 0.019078 0.725532 0.015898 0.725532 0.014308 0.723404 0.011129 0.723404 0.009539 0.721277 0.004769 0.721277 0.00318 0.719149 0.0 0.719149 0.0 0.744681 0.00159 0.746809 0.00318 0.746809 0.004769 0.748936 0.007949 0.748936 0.009539 0.751064 0.011129 0.751064 0.012719 0.753191 0.015898 0.753191 0.017488 0.755319 0.019078 0.755319 0.020668 0.753191 0.020668 0.751064 0.025437 0.744681 0.027027 0.746809 0.028617 0.746809 0.030207 0.748936 0.031797 0.748936 0.033386 0.751064 0.034976 0.751064 0.036566 0.753191 0.038156 0.753191 0.039746 0.755319 0.041335 0.755319 0.042925 0.757447 0.044515 0.757447 0.046105 0.759574 0.047695 0.759574 0.049285 0.761702 0.050874 0.761702 0.052464 0.76383 0.054054 0.76383 0.055644 0.765957 0.057234 0.765957 0.058824 0.768085 0.060413 0.768085 0.062003 0.770213 0.063593 0.770213 0.065183 0.77234 0.066773 0.77234 0.068362 0.774468 0.068362 0.797872 0.074722 0.789362 0.076312 0.789362 0.077901 0.787234 0.081081 0.787234 0.082671 0.785106 0.084261 0.785106 0.085851 0.782979 0.08903 0.782979 0.09062 0.780851 0.09221 0.780851 0.0938 0.778723 0.096979 0.778723 0.098569 0.776596 0.100159 0.776596 0.101749 0.774468 0.104928 0.774468 0.106518 0.77234 0.108108 0.77234 0.109698 0.770213 0.109698 0.768085 0.111288 0.765957 0.111288 0.76383 0.112878 0.761702 0.112878 0.759574 0.114467 0.757447 0.114467 0.755319 0.116057 0.753191 0.116057 0.751064 0.119237 0.746809 0.128776 0.746809 0.130366 0.744681 0.138315 0.744681 0.139905 0.742553 0.149444 0.742553 0.151033 0.740426 0.158983 0.740426 0.160572 0.738298 0.162162 0.740426 0.18124 0.740426 0.18283 0.742553 0.201908 0.742553 0.203498 0.744681 0.224165 0.744681 0.225755 0.746809 0.244833 0.746809 0.246423 0.744681 0.248013 0.744681 0.249603 0.742553 0.246423 0.742553 0.244833 0.740426 0.240064 0.740426 0.238474 0.738298 0.235294 0.738298 0.233704 0.73617 0.230525 0.73617 0.228935 0.734043 0.224165 0.734043 0.222576 0.731915 0.219396 0.731915 0.217806 0.729787 0.208267 0.729787 0.206677 0.72766 0.197138 0.72766 0.195548 0.725532 0.18601 0.725532 0.18442 0.723404 0.176471 0.723404 0.174881 0.721277 0.165342 0.721277 0.163752 0.719149 0.154213 0.719149 0.152623 0.717021 0.143084 0.717021 0.141494 0.714894
