0 0.288564 0.725177 0.287234 0.72695 0.283245 0.72695 0.280585 0.730496 0.279255 0.730496 0.276596 0.734043 0.275266 0.734043 0.272606 0.737589 0.271277 0.737589 0.273936 0.741135 0.281915 0.741135 0.283245 0.739362 0.283245 0.737589 0.284574 0.735816 0.284574 0.734043 0.285904 0.73227 0.285904 0.730496 0.287234 0.728723 0.287234 0.72695
0 0.573138 0.695035 0.573138 0.700355 0.574468 0.702128 0.574468 0.707447 0.575798 0.705674 0.583777 0.705674 0.586436 0.702128 0.586436 0.696809 0.574468 0.696809
0 0.787234 0.590426 0.787234 0.592199 0.785904 0.593972 0.785904 0.595745 0.787234 0.595745 0.788564 0.597518 0.789894 0.597518 0.791223 0.599291 0.792553 0.597518 0.799202 0.597518 0.800532 0.599291 0.804521 0.599291 0.805851 0.601064 0.808511 0.601064 0.80984 0.602837 0.81117 0.601064 0.808511 0.601064 0.807181 0.599291 0.805851 0.599291 0.804521 0.597518 0.801862 0.597518 0.800532 0.595745 0.799202 0.595745 0.797872 0.593972 0.793883 0.593972 0.792553 0.592199 0.788564 0.592199
0 0.734043 0.423759 0.732713 0.425532 0.728723 0.425532 0.730053 0.427305 0.730053 0.429078 0.731383 0.430851 0.731383 0.432624 0.732713 0.430851 0.740691 0.430851 0.740691 0.425532 0.735372 0.425532
1 0.332447 0.987589 0.329787 0.991135 0.328457 0.991135 0.325798 0.994681 0.324468 0.994681 0.321809 0.998227 0.320479 0.998227 0.325798 0.998227 0.327128 0.996454 0.328457 0.996454 0.331117 0.992908 0.332447 0.992908 0.333777 0.991135 0.332447 0.989362
1 0.231383 0.987589 0.230053 0.989362 0.224734 0.989362 0.223404 0.991135 0.216755 0.991135 0.218085 0.992908 0.218085 0.994681 0.230053 0.994681 0.230053 0.991135 0.231383 0.989362
1 0.331117 0.946809 0.329787 0.948582 0.328457 0.948582 0.325798 0.952128 0.324468 0.952128 0.323138 0.953901 0.327128 0.953901 0.328457 0.952128 0.335106 0.952128
1 0.954787 0.897163 0.954787 0.925532 0.961436 0.925532 0.961436 0.920213 0.960106 0.91844 0.960106 0.906028 0.958777 0.904255 0.958777 0.897163
1 0.304521 0.852837 0.303191 0.85461 0.300532 0.85461 0.299202 0.856383 0.296543 0.856383 0.295213 0.858156 0.291223 0.858156 0.289894 0.859929 0.287234 0.859929 0.285904 0.861702 0.281915 0.861702 0.280585 0.863475 0.276596 0.863475 0.275266 0.865248 0.271277 0.865248 0.271277 0.868794 0.272606 0.867021 0.283245 0.867021 0.284574 0.865248 0.287234 0.865248 0.288564 0.863475 0.291223 0.863475 0.292553 0.861702 0.295213 0.861702 0.296543 0.859929 0.297872 0.859929 0.299202 0.858156 0.300532 0.858156 0.301862 0.856383 0.303191 0.856383 0.304521 0.85461 0.305851 0.85461
1 0.305851 0.76773 0.304521 0.769504 0.301862 0.769504 0.300532 0.771277 0.296543 0.771277 0.293883 0.774823 0.292553 0.774823 0.295213 0.778369 0.296543 0.776596 0.299202 0.776596 0.300532 0.774823 0.304521 0.774823 0.304521 0.771277 0.305851 0.769504
1 0.505319 0.735816 0.505319 0.739362 0.506649 0.741135 0.506649 0.75 0.507979 0.751773 0.507979 0.755319 0.505319 0.758865 0.503989 0.758865 0.50266 0.757092 0.50266 0.755319 0.50133 0.753546 0.50133 0.751773 0.490691 0.737589 0.484043 0.737589 0.484043 0.739362 0.485372 0.741135 0.485372 0.746454 0.486702 0.748227 0.486702 0.753546 0.488032 0.755319 0.488032 0.757092 0.493351 0.764184 0.493351 0.765957 0.49867 0.77305 0.49867 0.774823 0.50266 0.780142 0.50266 0.781915 0.503989 0.783688 0.505319 0.781915 0.507979 0.781915 0.509309 0.780142 0.510638 0.780142 0.511968 0.778369 0.514628 0.778369 0.515957 0.776596 0.517287 0.776596 0.518617 0.774823 0.521277 0.774823 0.523936 0.771277 0.525266 0.771277 0.527926 0.76773 0.529255 0.76773 0.530585 0.769504 0.530585 0.774823 0.529255 0.776596 0.529255 0.806738 0.527926 0.808511 0.527926 0.829787 0.530585 0.829787 0.531915 0.83156 0.531915 0.796099 0.533245 0.794326 0.533245 0.778369 0.534574 0.776596 0.534574 0.765957 0.533245 0.764184 0.533245 0.760638 0.531915 0.762411 0.526596 0.762411 0.525266 0.764184 0.518617 0.764184 0.517287 0.762411 0.517287 0.760638 0.515957 0.758865 0.515957 0.757092 0.517287 0.755319 0.517287 0.753546 0.518617 0.751773 0.518617 0.748227 0.519947 0.746454 0.519947 0.744681 0.521277 0.742908 0.521277 0.741135 0.514628 0.741135 0.513298 0.739362 0.511968 0.739362 0.510638 0.737589 0.509309 0.737589 0.507979 0.735816
1 0.174202 0.689716 0.172872 0.691489 0.170213 0.691489 0.168883 0.693262 0.164894 0.693262 0.164894 0.698582 0.166223 0.700355 0.166223 0.707447 0.168883 0.710993 0.168883 0.712766 0.170213 0.714539 0.176862 0.714539 0.178191 0.712766 0.179521 0.712766 0.180851 0.710993 0.182181 0.710993 0.18484 0.707447 0.18617 0.707447 0.1875 0.705674 0.18883 0.705674 0.1875 0.703901 0.1875 0.702128 0.18617 0.700355 0.18617 0.689716
1 0.069149 0.68617 0.069149 0.695035 0.070479 0.693262 0.071809 0.693262 0.071809 0.68617
1 0.284574 0.682624 0.283245 0.684397 0.281915 0.684397 0.279255 0.687943 0.277926 0.687943 0.276596 0.689716 0.275266 0.689716 0.281915 0.689716 0.283245 0.691489 0.288564 0.684397 0.292553 0.684397 0.285904 0.684397
1 0.320479 0.650709 0.320479 0.657801 0.327128 0.657801 0.328457 0.656028 0.329787 0.656028 0.329787 0.654255 0.328457 0.652482 0.328457 0.650709
1 0.933511 0.601064 0.932181 0.602837 0.932181 0.60461 0.930851 0.606383 0.944149 0.606383 0.944149 0.601064
1 0.530585 0.599291 0.529255 0.601064 0.529255 0.602837 0.526596 0.606383 0.527926 0.608156 0.527926 0.609929 0.529255 0.611702 0.537234 0.601064 0.531915 0.601064
1 0.31117 0.58156 0.31117 0.585106 0.3125 0.586879 0.3125 0.592199 0.316489 0.592199 0.317819 0.593972 0.321809 0.593972 0.323138 0.595745 0.325798 0.592199 0.327128 0.592199 0.325798 0.592199 0.324468 0.590426 0.321809 0.590426 0.320479 0.588652 0.319149 0.588652 0.316489 0.585106 0.316489 0.583333 0.31516 0.58156
1 0.420213 0.560284 0.418883 0.562057 0.417553 0.562057 0.416223 0.56383 0.413564 0.56383 0.412234 0.565603 0.410904 0.565603 0.410904 0.570922 0.412234 0.569149 0.413564 0.569149 0.414894 0.567376 0.416223 0.567376 0.417553 0.565603 0.418883 0.565603 0.420213 0.56383 0.421543 0.56383 0.424202 0.560284
1 0.253989 0.551418 0.25266 0.553191 0.25133 0.553191 0.25 0.554965 0.24867 0.554965 0.24734 0.556738 0.246011 0.556738 0.246011 0.560284 0.24734 0.558511 0.24867 0.558511 0.25 0.556738 0.25133 0.556738 0.25266 0.554965 0.253989 0.554965
1 0.507979 0.512411 0.506649 0.514184 0.503989 0.514184 0.50266 0.515957 0.49867 0.515957 0.49867 0.51773 0.49734 0.519504 0.49734 0.521277 0.49867 0.519504 0.507979 0.519504
1 0.635638 0.487589 0.635638 0.491135 0.634309 0.492908 0.634309 0.494681 0.638298 0.494681 0.639628 0.496454 0.642287 0.496454 0.643617 0.498227 0.643617 0.496454 0.642287 0.494681 0.642287 0.491135 0.639628 0.491135 0.638298 0.489362 0.636968 0.489362
1 0.392287 0.487589 0.390957 0.489362 0.382979 0.489362 0.384309 0.491135 0.384309 0.492908 0.385638 0.494681 0.389628 0.494681 0.390957 0.492908 0.392287 0.492908
1 0.378989 0.425532 0.378989 0.432624 0.380319 0.430851 0.381649 0.430851 0.382979 0.429078 0.384309 0.429078 0.385638 0.427305 0.386968 0.427305 0.380319 0.427305
1 0.468085 0.228723 0.466755 0.230496 0.464096 0.230496 0.464096 0.235816 0.470745 0.235816 0.470745 0.234043 0.472074 0.23227 0.470745 0.23227
