0 0.193809 0.816876 0.192463 0.818671 0.191117 0.818671 0.189771 0.820467 0.188425 0.820467 0.188425 0.824057 0.189771 0.825853 0.189771 0.829443 0.193809 0.829443 0.195155 0.831239 0.199192 0.831239 0.200538 0.833034 0.204576 0.833034 0.205922 0.834829 0.207268 0.833034 0.207268 0.831239 0.20996 0.827648 0.20996 0.825853 0.211306 0.824057 0.208614 0.824057 0.207268 0.822262 0.20323 0.822262 0.201884 0.820467 0.199192 0.820467 0.197847 0.818671 0.195155 0.818671
0 0.419919 0.766607 0.418573 0.768402 0.415882 0.768402 0.414536 0.770197 0.410498 0.770197 0.410498 0.775583 0.409152 0.777379 0.409152 0.780969 0.422611 0.780969 0.423957 0.782765 0.425303 0.780969 0.43607 0.780969 0.437416 0.779174 0.437416 0.777379 0.438762 0.775583 0.437416 0.775583 0.43607 0.773788 0.434724 0.773788 0.433378 0.771993 0.432032 0.771993 0.430686 0.770197 0.426649 0.770197 0.425303 0.768402 0.421265 0.768402
0 0.647376 0.743268 0.64603 0.745063 0.640646 0.745063 0.633917 0.754039 0.633917 0.75763 0.632571 0.759425 0.632571 0.764811 0.631225 0.766607 0.631225 0.768402 0.629879 0.770197 0.617766 0.770197 0.617766 0.779174 0.629879 0.779174 0.631225 0.777379 0.643338 0.777379 0.643338 0.770197 0.644684 0.768402 0.644684 0.763016 0.648721 0.75763 0.648721 0.755835 0.652759 0.750449
0 0.928668 0.561939 0.927322 0.563734 0.925976 0.563734 0.92463 0.56553 0.923284 0.56553 0.921938 0.567325 0.920592 0.567325 0.920592 0.570916 0.921938 0.572711 0.921938 0.576302 0.930013 0.576302 0.931359 0.578097 0.939435 0.578097 0.940781 0.576302 0.940781 0.574506 0.942127 0.572711 0.940781 0.570916 0.939435 0.570916 0.935397 0.56553 0.932705 0.56553 0.931359 0.563734 0.930013 0.563734
0 0.997308 0.552962 0.994616 0.556553 0.993271 0.556553 0.989233 0.561939 0.987887 0.561939 0.985195 0.56553 0.983849 0.563734 0.979812 0.563734 0.979812 0.56912 0.978466 0.570916 0.978466 0.578097 0.979812 0.578097 0.981157 0.579892 0.998654 0.579892 0.998654 0.552962
0 0.259758 0.450628 0.258412 0.452424 0.257066 0.452424 0.25572 0.454219 0.253028 0.454219 0.251682 0.456014 0.247645 0.456014 0.247645 0.463196 0.253028 0.463196 0.254374 0.4614 0.263795 0.4614 0.26245 0.459605 0.26245 0.45781 0.261104 0.456014 0.261104 0.454219 0.259758 0.452424
0 0.84926 0.411131 0.847914 0.412926 0.84253 0.412926 0.841184 0.414722 0.834455 0.414722 0.838493 0.420108 0.839838 0.418312 0.846568 0.418312 0.847914 0.416517 0.854643 0.416517 0.853297 0.414722 0.851952 0.414722
0 0.983849 0.398564 0.983849 0.40754 0.998654 0.40754 0.998654 0.398564
0 0.732167 0.375224 0.725437 0.384201 0.722746 0.384201 0.722746 0.391382 0.724092 0.389587 0.726783 0.389587 0.728129 0.387792 0.732167 0.387792 0.734859 0.384201 0.736205 0.384201 0.73755 0.382406 0.73755 0.38061 0.738896 0.378815 0.738896 0.37702 0.733513 0.37702
0 0.756393 0.35009 0.755047 0.351885 0.755047 0.35368 0.752355 0.357271 0.752355 0.359066 0.753701 0.360862 0.753701 0.362657 0.755047 0.364452 0.755047 0.366248 0.769852 0.366248 0.769852 0.355476 0.761777 0.355476 0.759085 0.351885 0.757739 0.351885
0 0.816958 0.301616 0.816958 0.303411 0.815612 0.305206 0.815612 0.307002 0.814266 0.308797 0.814266 0.310592 0.81965 0.310592 0.820996 0.312388 0.835801 0.312388 0.829071 0.303411 0.818304 0.303411
0 0.0 0.29982 0.0 0.305206 0.014805 0.305206 0.014805 0.303411 0.013459 0.301616 0.013459 0.29982
0 0.792732 0.289048 0.792732 0.292639 0.791386 0.294434 0.791386 0.29623 0.800808 0.29623 0.800808 0.294434 0.802153 0.292639 0.798116 0.292639 0.79677 0.290844 0.794078 0.290844
0 0.77389 0.280072 0.77389 0.285458 0.776581 0.285458 0.777927 0.287253 0.779273 0.287253 0.780619 0.289048 0.783311 0.285458 0.783311 0.283662 0.786003 0.280072
0 0.437416 0.278276 0.43607 0.280072 0.421265 0.280072 0.419919 0.281867 0.419919 0.283662 0.418573 0.285458 0.422611 0.290844 0.423957 0.289048 0.433378 0.289048 0.434724 0.287253 0.438762 0.287253 0.438762 0.283662 0.437416 0.281867
0 0.130552 0.260323 0.129206 0.262118 0.122476 0.262118 0.121131 0.263914 0.113055 0.263914 0.113055 0.2693 0.125168 0.2693 0.126514 0.267504 0.135935 0.267504
0 0.162853 0.256732 0.161507 0.258528 0.158816 0.258528 0.15747 0.260323 0.156124 0.260323 0.154778 0.262118 0.152086 0.262118 0.152086 0.263914 0.15074 0.265709 0.15074 0.267504 0.179004 0.267504 0.18035 0.2693 0.18035 0.267504 0.181696 0.265709 0.181696 0.263914 0.179004 0.260323 0.165545 0.260323
0 0.938089 0.192101 0.936743 0.193896 0.936743 0.195691 0.935397 0.197487 0.935397 0.199282 0.934051 0.201077 0.944818 0.201077 0.944818 0.192101
0 0.231494 0.174147 0.231494 0.177738 0.230148 0.179533 0.230148 0.183124 0.239569 0.183124 0.239569 0.181329 0.238223 0.179533 0.238223 0.175943 0.23284 0.175943
0 0.884253 0.172352 0.884253 0.181329 0.89502 0.181329 0.89502 0.172352
0 0.519515 0.159785 0.519515 0.168761 0.527591 0.168761 0.527591 0.159785
0 0.670256 0.073609 0.66891 0.075404 0.667564 0.075404 0.666218 0.077199 0.663526 0.077199 0.663526 0.08079 0.664872 0.082585 0.664872 0.086176 0.66891 0.086176 0.670256 0.084381 0.670256 0.082585 0.672948 0.078995 0.672948 0.075404 0.671602 0.073609
1 0.024226 0.870736 0.02288 0.872531 0.021534 0.872531 0.020188 0.874327 0.018843 0.874327 0.017497 0.876122 0.016151 0.876122 0.013459 0.879713 0.012113 0.879713 0.010767 0.881508 0.009421 0.879713 0.0 0.879713 0.0 0.895871 0.008075 0.895871 0.009421 0.894075 0.017497 0.894075 0.018843 0.89228 0.024226 0.89228 0.025572 0.894075 0.026918 0.894075 0.028264 0.895871 0.02961 0.895871 0.02961 0.894075 0.032301 0.890485 0.033647 0.89228 0.039031 0.89228 0.040377 0.894075 0.057873 0.894075 0.057873 0.89228 0.056528 0.890485 0.056528 0.888689 0.055182 0.886894 0.055182 0.885099 0.053836 0.883303 0.05249 0.883303 0.04576 0.874327 0.043069 0.874327 0.041723 0.872531 0.039031 0.872531 0.037685 0.870736
1 0.207268 0.840215 0.205922 0.842011 0.20323 0.842011 0.201884 0.843806 0.197847 0.843806 0.197847 0.845601 0.196501 0.847397 0.183042 0.847397 0.181696 0.849192 0.181696 0.850987 0.177658 0.856373 0.168237 0.856373 0.166891 0.858169 0.162853 0.858169 0.161507 0.859964 0.156124 0.859964 0.154778 0.861759 0.15074 0.861759 0.149394 0.863555 0.148048 0.863555 0.146703 0.86535 0.145357 0.86535 0.142665 0.868941 0.141319 0.868941 0.139973 0.870736 0.138627 0.870736 0.137281 0.872531 0.135935 0.872531 0.13459 0.874327 0.133244 0.874327 0.131898 0.876122 0.130552 0.876122 0.129206 0.877917 0.12786 0.877917 0.126514 0.879713 0.125168 0.879713 0.123822 0.881508 0.121131 0.881508 0.119785 0.883303 0.118439 0.883303 0.117093 0.885099 0.115747 0.885099 0.114401 0.886894 0.113055 0.886894 0.111709 0.888689 0.110363 0.888689 0.109017 0.890485 0.106326 0.890485 0.10498 0.89228 0.100942 0.89228 0.100942 0.895871 0.102288 0.897666 0.102288 0.901257 0.103634 0.899461 0.106326 0.899461 0.107672 0.897666 0.110363 0.897666 0.111709 0.895871 0.114401 0.895871 0.115747 0.894075 0.118439 0.894075 0.119785 0.89228 0.122476 0.89228 0.122476 0.886894 0.123822 0.885099 0.125168 0.885099 0.126514 0.883303 0.12786 0.883303 0.129206 0.881508 0.130552 0.881508 0.133244 0.877917 0.13459 0.877917 0.135935 0.876122 0.137281 0.876122 0.138627 0.874327 0.139973 0.874327 0.141319 0.872531 0.144011 0.872531 0.145357 0.870736 0.149394 0.870736 0.15074 0.868941 0.153432 0.868941 0.154778 0.867145 0.15747 0.867145 0.158816 0.86535 0.161507 0.86535 0.162853 0.863555 0.166891 0.863555 0.168237 0.861759 0.170929 0.861759 0.172275 0.859964 0.174966 0.859964 0.176312 0.858169 0.177658 0.858169 0.179004 0.856373 0.181696 0.856373 0.183042 0.854578 0.189771 0.854578 0.191117 0.852783 0.193809 0.852783 0.195155 0.850987 0.196501 0.850987 0.197847 0.852783 0.197847 0.854578 0.199192 0.856373 0.199192 0.859964 0.201884 0.863555 0.20323 0.863555 0.207268 0.868941 0.208614 0.867145 0.20996 0.867145 0.20996 0.86535 0.208614 0.863555 0.208614 0.861759 0.207268 0.859964 0.207268 0.856373 0.205922 0.854578 0.205922 0.852783 0.208614 0.849192 0.20996 0.849192 0.20996 0.847397 0.211306 0.845601 0.211306 0.843806 0.212651 0.842011 0.208614 0.842011
1 0.290713 0.748654 0.289367 0.750449 0.288022 0.750449 0.286676 0.752244 0.279946 0.752244 0.2786 0.750449 0.274563 0.755835 0.274563 0.761221 0.273217 0.763016 0.267833 0.763016 0.266487 0.764811 0.265141 0.764811 0.263795 0.766607 0.26245 0.766607 0.261104 0.768402 0.257066 0.768402 0.25572 0.766607 0.254374 0.766607 0.253028 0.764811 0.250336 0.768402 0.253028 0.771993 0.253028 0.773788 0.25572 0.777379 0.270525 0.777379 0.281292 0.763016 0.282638 0.763016 0.286676 0.75763 0.288022 0.75763 0.290713 0.754039 0.292059 0.754039 0.293405 0.752244
1 0.943472 0.745063 0.943472 0.746858 0.939435 0.752244 0.939435 0.754039 0.938089 0.755835 0.938089 0.779174 0.940781 0.779174 0.942127 0.780969 0.946164 0.780969 0.94751 0.782765 0.950202 0.782765 0.951548 0.78456 0.971736 0.78456 0.973082 0.786355 0.967699 0.793537 0.966353 0.793537 0.958277 0.804309 0.956931 0.804309 0.95424 0.807899 0.952894 0.807899 0.950202 0.81149 0.948856 0.81149 0.946164 0.815081 0.944818 0.815081 0.942127 0.818671 0.940781 0.818671 0.938089 0.822262 0.936743 0.822262 0.934051 0.825853 0.934051 0.827648 0.930013 0.833034 0.930013 0.834829 0.925976 0.840215 0.925976 0.842011 0.92463 0.843806 0.92463 0.845601 0.925976 0.847397 0.925976 0.850987 0.927322 0.852783 0.927322 0.854578 0.928668 0.856373 0.928668 0.859964 0.930013 0.861759 0.948856 0.861759 0.950202 0.859964 0.950202 0.858169 0.951548 0.856373 0.951548 0.854578 0.952894 0.852783 0.952894 0.850987 0.95424 0.849192 0.95424 0.847397 0.955585 0.845601 0.955585 0.843806 0.958277 0.840215 0.969044 0.840215 0.97039 0.83842 0.979812 0.83842 0.981157 0.836625 0.982503 0.836625 0.983849 0.834829 0.985195 0.834829 0.986541 0.833034 0.987887 0.833034 0.989233 0.831239 0.990579 0.831239 0.991925 0.829443 0.993271 0.829443 0.994616 0.827648 0.995962 0.827648 0.997308 0.825853 0.998654 0.825853 0.998654 0.761221 0.993271 0.761221 0.991925 0.759425 0.985195 0.759425 0.983849 0.75763 0.978466 0.75763 0.97712 0.755835 0.975774 0.755835 0.974428 0.754039 0.971736 0.754039 0.97039 0.752244 0.969044 0.752244 0.967699 0.750449 0.965007 0.750449 0.963661 0.748654 0.962315 0.748654 0.960969 0.746858 0.958277 0.746858 0.956931 0.745063
1 0.208614 0.739677 0.207268 0.741472 0.201884 0.741472 0.200538 0.743268 0.199192 0.743268 0.197847 0.745063 0.195155 0.745063 0.193809 0.746858 0.192463 0.746858 0.191117 0.748654 0.188425 0.748654 0.187079 0.750449 0.185734 0.750449 0.184388 0.752244 0.181696 0.752244 0.18035 0.750449 0.18035 0.745063 0.181696 0.743268 0.181696 0.741472 0.177658 0.741472 0.165545 0.75763 0.164199 0.755835 0.162853 0.755835 0.160162 0.752244 0.158816 0.752244 0.156124 0.748654 0.154778 0.748654 0.152086 0.745063 0.15074 0.746858 0.144011 0.746858 0.135935 0.75763 0.135935 0.759425 0.131898 0.764811 0.131898 0.766607 0.130552 0.768402 0.130552 0.770197 0.12786 0.773788 0.123822 0.773788 0.122476 0.775583 0.122476 0.777379 0.121131 0.779174 0.121131 0.780969 0.119785 0.782765 0.121131 0.78456 0.121131 0.786355 0.123822 0.789946 0.123822 0.791741 0.125168 0.793537 0.125168 0.795332 0.131898 0.804309 0.131898 0.816876 0.158816 0.816876 0.160162 0.818671 0.161507 0.816876 0.166891 0.816876 0.169583 0.813285 0.169583 0.802513 0.166891 0.798923 0.152086 0.798923 0.15074 0.797127 0.148048 0.797127 0.146703 0.795332 0.145357 0.795332 0.144011 0.793537 0.145357 0.791741 0.146703 0.791741 0.148048 0.789946 0.149394 0.789946 0.149394 0.788151 0.148048 0.786355 0.148048 0.782765 0.146703 0.780969 0.146703 0.777379 0.145357 0.775583 0.145357 0.773788 0.146703 0.771993 0.148048 0.771993 0.15074 0.775583 0.15074 0.780969 0.152086 0.782765 0.152086 0.786355 0.156124 0.791741 0.164199 0.791741 0.165545 0.789946 0.169583 0.789946 0.17362 0.795332 0.17362 0.797127 0.176312 0.800718 0.179004 0.797127 0.177658 0.795332 0.177658 0.793537 0.174966 0.789946 0.174966 0.788151 0.17362 0.786355 0.17362 0.782765 0.174966 0.780969 0.174966 0.779174 0.17362 0.777379 0.172275 0.777379 0.169583 0.773788 0.168237 0.773788 0.165545 0.770197 0.166891 0.768402 0.174966 0.768402 0.176312 0.770197 0.177658 0.770197 0.179004 0.771993 0.18035 0.771993 0.181696 0.773788 0.181696 0.779174 0.18035 0.780969 0.18035 0.78456 0.181696 0.786355 0.181696 0.788151 0.183042 0.789946 0.183042 0.791741 0.184388 0.793537 0.184388 0.795332 0.185734 0.793537 0.192463 0.793537 0.192463 0.78456 0.188425 0.779174 0.189771 0.777379 0.191117 0.777379 0.192463 0.779174 0.193809 0.779174 0.195155 0.780969 0.197847 0.780969 0.199192 0.782765 0.200538 0.782765 0.201884 0.78456 0.222073 0.78456 0.223419 0.782765 0.224764 0.782765 0.224764 0.780969 0.223419 0.779174 0.223419 0.777379 0.208614 0.777379 0.207268 0.775583 0.208614 0.773788 0.208614 0.771993 0.207268 0.770197 0.207268 0.768402 0.205922 0.766607 0.195155 0.766607 0.193809 0.764811 0.193809 0.763016 0.195155 0.761221 0.195155 0.759425 0.196501 0.75763 0.195155 0.75763 0.192463 0.754039 0.193809 0.752244 0.195155 0.752244 0.197847 0.748654 0.199192 0.748654 0.200538 0.750449 0.201884 0.750449 0.204576 0.754039 0.205922 0.754039 0.208614 0.75763 0.20996 0.755835 0.211306 0.755835 0.212651 0.754039 0.213997 0.754039 0.215343 0.752244 0.216689 0.752244 0.218035 0.750449 0.220727 0.750449 0.222073 0.748654 0.223419 0.748654 0.224764 0.746858 0.22611 0.746858 0.22611 0.745063 0.224764 0.743268 0.224764 0.741472 0.223419 0.743268 0.212651 0.743268 0.211306 0.741472 0.20996 0.741472
1 0.393001 0.732496 0.391655 0.734291 0.372813 0.734291 0.371467 0.736086 0.351279 0.736086 0.348587 0.739677 0.349933 0.737882 0.362046 0.737882 0.363392 0.739677 0.363392 0.741472 0.362046 0.743268 0.362046 0.748654 0.363392 0.750449 0.363392 0.752244 0.367429 0.752244 0.368775 0.754039 0.372813 0.754039 0.374159 0.755835 0.375505 0.754039 0.386272 0.754039 0.386272 0.746858 0.384926 0.745063 0.38358 0.745063 0.379542 0.739677 0.380888 0.737882 0.388964 0.737882 0.39031 0.736086 0.398385 0.736086 0.398385 0.732496
1 0.432032 0.692998 0.426649 0.70018 0.425303 0.70018 0.421265 0.705566 0.422611 0.705566 0.423957 0.707361 0.426649 0.70377 0.427995 0.70377 0.430686 0.70018 0.433378 0.70018 0.434724 0.701975 0.43607 0.701975 0.437416 0.70377 0.438762 0.70377 0.440108 0.705566 0.441454 0.705566 0.442799 0.707361 0.441454 0.709156 0.440108 0.709156 0.438762 0.710952 0.43607 0.710952 0.434724 0.712747 0.432032 0.712747 0.430686 0.714542 0.426649 0.714542 0.425303 0.716338 0.422611 0.716338 0.421265 0.718133 0.418573 0.718133 0.417227 0.719928 0.41319 0.719928 0.411844 0.721724 0.403769 0.721724 0.403769 0.728905 0.405114 0.72711 0.407806 0.72711 0.409152 0.725314 0.417227 0.725314 0.418573 0.723519 0.421265 0.723519 0.422611 0.721724 0.423957 0.721724 0.425303 0.719928 0.427995 0.719928 0.429341 0.718133 0.434724 0.718133 0.43607 0.716338 0.442799 0.716338 0.444145 0.714542 0.444145 0.712747 0.446837 0.709156 0.446837 0.707361 0.448183 0.705566 0.452221 0.705566 0.456258 0.710952 0.456258 0.712747 0.462988 0.721724 0.462988 0.723519 0.46568 0.72711 0.468371 0.723519 0.469717 0.723519 0.467026 0.719928 0.467026 0.718133 0.462988 0.712747 0.462988 0.710952 0.460296 0.707361 0.460296 0.705566 0.454913 0.698384 0.452221 0.698384 0.450875 0.696589 0.449529 0.696589 0.448183 0.694794 0.445491 0.694794 0.444145 0.692998
1 0.213997 0.658887 0.212651 0.660682 0.208614 0.660682 0.207268 0.662478 0.201884 0.662478 0.200538 0.664273 0.199192 0.664273 0.196501 0.667864 0.195155 0.667864 0.193809 0.669659 0.183042 0.669659 0.188425 0.67684 0.188425 0.678636 0.187079 0.680431 0.187079 0.682226 0.200538 0.682226 0.201884 0.684022 0.199192 0.687612 0.197847 0.687612 0.195155 0.691203 0.195155 0.692998 0.193809 0.694794 0.193809 0.696589 0.192463 0.698384 0.192463 0.70018 0.191117 0.701975 0.205922 0.701975 0.207268 0.70377 0.20996 0.70377 0.211306 0.705566 0.212651 0.705566 0.213997 0.707361 0.216689 0.707361 0.218035 0.709156 0.222073 0.709156 0.223419 0.710952 0.227456 0.710952 0.228802 0.712747 0.238223 0.712747 0.239569 0.714542 0.248991 0.714542 0.250336 0.716338 0.251682 0.714542 0.254374 0.714542 0.254374 0.707361 0.251682 0.70377 0.251682 0.70018 0.253028 0.698384 0.266487 0.698384 0.267833 0.70018 0.270525 0.70018 0.271871 0.701975 0.275908 0.701975 0.277254 0.70377 0.281292 0.70377 0.282638 0.705566 0.283984 0.70377 0.304172 0.70377 0.304172 0.694794 0.294751 0.694794 0.293405 0.692998 0.289367 0.698384 0.288022 0.698384 0.286676 0.70018 0.282638 0.70018 0.281292 0.698384 0.277254 0.698384 0.275908 0.696589 0.275908 0.694794 0.277254 0.692998 0.277254 0.691203 0.2786 0.689408 0.281292 0.689408 0.282638 0.687612 0.28533 0.687612 0.286676 0.685817 0.289367 0.685817 0.290713 0.684022 0.293405 0.684022 0.294751 0.682226 0.325707 0.682226 0.327052 0.684022 0.328398 0.684022 0.329744 0.685817 0.332436 0.685817 0.333782 0.687612 0.335128 0.685817 0.340511 0.685817 0.340511 0.684022 0.339166 0.682226 0.339166 0.680431 0.332436 0.680431 0.33109 0.678636 0.325707 0.678636 0.324361 0.67684 0.318977 0.67684 0.317631 0.675045 0.316285 0.67684 0.304172 0.67684 0.302826 0.678636 0.297443 0.678636 0.296097 0.680431 0.292059 0.680431 0.290713 0.682226 0.28533 0.682226 0.283984 0.684022 0.281292 0.684022 0.279946 0.685817 0.275908 0.685817 0.274563 0.687612 0.269179 0.687612 0.267833 0.685817 0.265141 0.685817 0.263795 0.684022 0.258412 0.684022 0.257066 0.682226 0.257066 0.680431 0.258412 0.678636 0.258412 0.67325 0.257066 0.671454 0.257066 0.667864 0.253028 0.667864 0.253028 0.669659 0.251682 0.671454 0.251682 0.675045 0.253028 0.67684 0.253028 0.680431 0.251682 0.682226 0.250336 0.682226 0.248991 0.684022 0.247645 0.684022 0.246299 0.685817 0.243607 0.685817 0.242261 0.687612 0.22611 0.687612 0.224764 0.685817 0.219381 0.685817 0.216689 0.682226 0.218035 0.680431 0.218035 0.678636 0.219381 0.67684 0.219381 0.675045 0.220727 0.67325 0.219381 0.67325 0.218035 0.671454 0.215343 0.671454 0.213997 0.669659 0.212651 0.669659 0.211306 0.667864 0.211306 0.666068 0.212651 0.664273 0.212651 0.660682
1 0.780619 0.651706 0.779273 0.653501 0.777927 0.653501 0.775236 0.657092 0.77389 0.657092 0.772544 0.658887 0.771198 0.658887 0.769852 0.660682 0.768506 0.660682 0.765814 0.664273 0.764468 0.664273 0.763122 0.666068 0.755047 0.666068 0.753701 0.667864 0.745626 0.667864 0.74428 0.669659 0.7214 0.669659 0.720054 0.667864 0.718708 0.667864 0.717362 0.666068 0.71467 0.666068 0.713324 0.664273 0.703903 0.664273 0.702557 0.666068 0.697174 0.666068 0.695828 0.667864 0.690444 0.667864 0.690444 0.67325 0.69179 0.675045 0.69179 0.680431 0.718708 0.680431 0.720054 0.682226 0.720054 0.680431 0.7214 0.678636 0.7214 0.67684 0.724092 0.67325 0.748318 0.67325 0.749664 0.675045 0.746972 0.678636 0.745626 0.678636 0.74428 0.680431 0.742934 0.680431 0.740242 0.684022 0.738896 0.684022 0.736205 0.687612 0.734859 0.687612 0.732167 0.691203 0.730821 0.691203 0.734859 0.691203 0.736205 0.692998 0.73755 0.691203 0.738896 0.691203 0.740242 0.689408 0.742934 0.689408 0.74428 0.687612 0.745626 0.687612 0.746972 0.685817 0.749664 0.685817 0.751009 0.684022 0.752355 0.684022 0.753701 0.682226 0.755047 0.682226 0.756393 0.680431 0.759085 0.680431 0.760431 0.678636 0.761777 0.678636 0.763122 0.67684 0.765814 0.67684 0.76716 0.675045 0.768506 0.675045 0.769852 0.67325 0.77389 0.67325 0.775236 0.671454 0.777927 0.671454 0.779273 0.669659 0.786003 0.669659 0.787349 0.671454 0.791386 0.671454 0.792732 0.67325 0.795424 0.67325 0.79677 0.675045 0.799462 0.671454 0.799462 0.669659 0.803499 0.664273 0.791386 0.664273 0.79004 0.662478 0.788694 0.664273 0.776581 0.664273 0.775236 0.662478 0.779273 0.657092 0.780619 0.657092 0.783311 0.653501 0.781965 0.653501
1 0.640646 0.639138 0.637954 0.642729 0.636608 0.642729 0.633917 0.64632 0.632571 0.64632 0.629879 0.64991 0.628533 0.64991 0.624495 0.655296 0.623149 0.655296 0.620458 0.658887 0.619112 0.658887 0.61642 0.662478 0.615074 0.662478 0.613728 0.664273 0.620458 0.664273 0.623149 0.660682 0.624495 0.660682 0.629879 0.653501 0.631225 0.653501 0.636608 0.64632 0.637954 0.64632 0.6393 0.644524 0.641992 0.644524 0.643338 0.64632 0.644684 0.64632 0.64603 0.648115 0.64603 0.651706 0.644684 0.653501 0.644684 0.657092 0.64603 0.657092 0.647376 0.658887 0.648721 0.658887 0.650067 0.660682 0.658143 0.660682 0.659489 0.658887 0.663526 0.658887 0.664872 0.657092 0.66891 0.657092 0.670256 0.655296 0.671602 0.655296 0.672948 0.653501 0.675639 0.653501 0.676985 0.651706 0.678331 0.651706 0.678331 0.64991 0.679677 0.648115 0.679677 0.64632 0.675639 0.64632 0.674293 0.644524 0.663526 0.644524 0.66218 0.642729 0.660834 0.642729 0.658143 0.639138 0.656797 0.640934 0.654105 0.640934 0.652759 0.642729 0.64603 0.642729 0.644684 0.640934 0.641992 0.640934
1 0.321669 0.40754 0.318977 0.411131 0.317631 0.411131 0.314939 0.414722 0.313594 0.414722 0.314939 0.414722 0.317631 0.418312 0.318977 0.416517 0.329744 0.416517 0.327052 0.412926 0.325707 0.412926
1 0.347241 0.373429 0.345895 0.375224 0.336474 0.375224 0.335128 0.37702 0.324361 0.37702 0.324361 0.378815 0.323015 0.38061 0.323015 0.382406 0.324361 0.38061 0.363392 0.38061 0.363392 0.378815 0.362046 0.37702 0.362046 0.373429
1 0.201884 0.342908 0.200538 0.344704 0.195155 0.344704 0.193809 0.346499 0.187079 0.346499 0.185734 0.348294 0.18035 0.348294 0.179004 0.35009 0.179004 0.351885 0.177658 0.35368 0.184388 0.35368 0.185734 0.355476 0.187079 0.35368 0.197847 0.35368 0.199192 0.351885 0.201884 0.351885 0.20323 0.35009 0.207268 0.35009 0.208614 0.348294 0.211306 0.348294 0.211306 0.342908
1 0.318977 0.315978 0.317631 0.317774 0.313594 0.317774 0.312248 0.319569 0.312248 0.321364 0.310902 0.32316 0.310902 0.324955 0.309556 0.32675 0.333782 0.32675 0.335128 0.328546 0.335128 0.32675 0.333782 0.324955 0.333782 0.321364 0.332436 0.321364 0.329744 0.317774 0.328398 0.317774 0.327052 0.315978
1 0.655451 0.087971 0.654105 0.089767 0.654105 0.093357 0.652759 0.095153 0.652759 0.102334 0.651413 0.104129 0.651413 0.10772 0.650067 0.109515 0.644684 0.109515 0.644684 0.114901 0.64603 0.116697 0.64603 0.129264 0.647376 0.131059 0.647376 0.140036 0.648721 0.141831 0.648721 0.143627 0.650067 0.145422 0.650067 0.147217 0.651413 0.149013 0.651413 0.150808 0.652759 0.152603 0.652759 0.154399 0.654105 0.156194 0.652759 0.157989 0.652759 0.159785 0.651413 0.16158 0.651413 0.163375 0.650067 0.165171 0.650067 0.166966 0.648721 0.168761 0.648721 0.170557 0.647376 0.172352 0.647376 0.174147 0.64603 0.175943 0.64603 0.177738 0.644684 0.179533 0.644684 0.181329 0.643338 0.183124 0.643338 0.184919 0.640646 0.18851 0.6393 0.186715 0.6393 0.174147 0.640646 0.172352 0.640646 0.156194 0.641992 0.154399 0.641992 0.150808 0.640646 0.152603 0.640646 0.16158 0.6393 0.163375 0.6393 0.168761 0.637954 0.170557 0.637954 0.175943 0.636608 0.177738 0.636608 0.181329 0.635262 0.183124 0.625841 0.170557 0.624495 0.172352 0.6393 0.192101 0.637954 0.193896 0.637954 0.195691 0.633917 0.201077 0.633917 0.202873 0.631225 0.206463 0.631225 0.208259 0.629879 0.210054 0.629879 0.211849 0.628533 0.213645 0.628533 0.217235 0.627187 0.219031 0.611036 0.219031 0.60969 0.217235 0.605653 0.217235 0.604307 0.21544 0.576043 0.21544 0.577389 0.217235 0.577389 0.222621 0.578735 0.224417 0.578735 0.228007 0.580081 0.229803 0.602961 0.229803 0.604307 0.228007 0.631225 0.228007 0.632571 0.226212 0.635262 0.226212 0.636608 0.224417 0.647376 0.224417 0.648721 0.222621 0.658143 0.222621 0.659489 0.220826 0.660834 0.222621 0.667564 0.222621 0.66891 0.224417 0.676985 0.224417 0.678331 0.226212 0.685061 0.226212 0.687752 0.222621 0.686406 0.222621 0.685061 0.220826 0.683715 0.220826 0.682369 0.219031 0.681023 0.219031 0.678331 0.21544 0.676985 0.21544 0.675639 0.213645 0.674293 0.213645 0.672948 0.211849 0.671602 0.211849 0.670256 0.210054 0.672948 0.206463 0.674293 0.206463 0.676985 0.202873 0.678331 0.202873 0.681023 0.199282 0.682369 0.199282 0.683715 0.197487 0.685061 0.197487 0.686406 0.195691 0.687752 0.195691 0.689098 0.193896 0.690444 0.193896 0.693136 0.190305 0.694482 0.190305 0.695828 0.18851 0.697174 0.18851 0.69852 0.186715 0.699865 0.186715 0.701211 0.184919 0.702557 0.184919 0.701211 0.183124 0.701211 0.181329 0.699865 0.179533 0.699865 0.177738 0.69852 0.177738 0.695828 0.181329 0.694482 0.181329 0.69179 0.184919 0.690444 0.184919 0.687752 0.18851 0.686406 0.18851 0.685061 0.190305 0.683715 0.190305 0.682369 0.192101 0.681023 0.192101 0.679677 0.193896 0.678331 0.193896 0.675639 0.197487 0.674293 0.197487 0.672948 0.199282 0.671602 0.199282 0.670256 0.201077 0.66891 0.201077 0.666218 0.204668 0.664872 0.204668 0.663526 0.206463 0.66218 0.206463 0.659489 0.210054 0.658143 0.210054 0.656797 0.211849 0.647376 0.211849 0.64603 0.210054 0.64603 0.199282 0.647376 0.197487 0.647376 0.184919 0.648721 0.183124 0.648721 0.179533 0.650067 0.177738 0.650067 0.174147 0.651413 0.172352 0.651413 0.170557 0.652759 0.168761 0.652759 0.165171 0.654105 0.163375 0.654105 0.159785 0.655451 0.157989 0.655451 0.156194 0.660834 0.149013 0.660834 0.147217 0.66891 0.136445 0.670256 0.136445 0.674293 0.131059 0.675639 0.131059 0.678331 0.127469 0.679677 0.127469 0.683715 0.122083 0.685061 0.122083 0.689098 0.116697 0.690444 0.116697 0.69179 0.114901 0.69179 0.111311 0.689098 0.111311 0.686406 0.114901 0.685061 0.114901 0.682369 0.118492 0.681023 0.118492 0.678331 0.122083 0.676985 0.122083 0.674293 0.125673 0.672948 0.125673 0.670256 0.129264 0.66891 0.129264 0.666218 0.132855 0.664872 0.131059 0.664872 0.125673 0.663526 0.123878 0.663526 0.114901 0.66218 0.113106 0.66218 0.10772 0.663526 0.105925 0.663526 0.102334 0.664872 0.100539 0.664872 0.096948 0.666218 0.095153 0.666218 0.091562 0.667564 0.089767 0.667564 0.087971 0.664872 0.087971 0.664872 0.089767 0.663526 0.091562 0.663526 0.100539 0.66218 0.102334 0.66218 0.122083 0.663526 0.123878 0.663526 0.138241 0.659489 0.143627 0.659489 0.145422 0.654105 0.152603 0.652759 0.150808 0.652759 0.149013 0.651413 0.147217 0.651413 0.143627 0.650067 0.141831 0.650067 0.140036 0.648721 0.138241 0.648721 0.132855 0.647376 0.131059 0.647376 0.125673 0.64603 0.123878 0.64603 0.122083 0.647376 0.120287 0.647376 0.118492 0.648721 0.116697 0.648721 0.114901 0.650067 0.113106 0.650067 0.111311 0.651413 0.109515 0.651413 0.10772 0.652759 0.105925 0.652759 0.102334 0.654105 0.100539 0.654105 0.096948 0.655451 0.095153 0.655451 0.093357 0.656797 0.091562 0.656797 0.087971
