0 0.967699 0.949731 0.963661 0.955117 0.97039 0.964093 0.975774 0.964093 0.97712 0.965889 0.97712 0.962298 0.978466 0.960503 0.978466 0.956912 0.97712 0.956912 0.975774 0.955117 0.974428 0.955117 0.973082 0.953321 0.971736 0.953321 0.97039 0.951526 0.969044 0.951526
0 0.495289 0.791741 0.495289 0.798923 0.507402 0.798923 0.507402 0.795332 0.508748 0.793537 0.508748 0.791741
0 0.86541 0.763016 0.864065 0.764811 0.84926 0.764811 0.84926 0.766607 0.850606 0.768402 0.850606 0.770197 0.864065 0.770197 0.86541 0.771993
1 0.130552 0.955117 0.12786 0.958707 0.12786 0.960503 0.123822 0.965889 0.131898 0.965889 0.133244 0.967684 0.139973 0.967684 0.141319 0.969479 0.142665 0.969479 0.144011 0.971275 0.146703 0.971275 0.148048 0.97307 0.149394 0.97307 0.15074 0.974865 0.154778 0.974865 0.156124 0.976661 0.158816 0.976661 0.160162 0.978456 0.160162 0.97307 0.156124 0.967684 0.154778 0.967684 0.148048 0.958707 0.139973 0.958707 0.138627 0.956912 0.131898 0.956912
1 0.79004 0.949731 0.79004 0.958707 0.788694 0.960503 0.788694 0.969479 0.792732 0.969479 0.794078 0.971275 0.794078 0.951526 0.791386 0.951526
1 0.475101 0.94614 0.475101 0.955117 0.48856 0.955117 0.489906 0.956912 0.487214 0.953321 0.487214 0.951526 0.484522 0.947935 0.476447 0.947935
1 0.017497 0.888689 0.016151 0.890485 0.012113 0.890485 0.012113 0.894075 0.010767 0.895871 0.010767 0.901257 0.009421 0.903052 0.009421 0.904847 0.008075 0.906643 0.008075 0.908438 0.005384 0.912029 0.012113 0.912029 0.012113 0.910233 0.013459 0.908438 0.013459 0.904847 0.014805 0.903052 0.014805 0.897666 0.016151 0.895871 0.016151 0.89228 0.017497 0.890485
1 0.312248 0.782765 0.310902 0.78456 0.309556 0.78456 0.30821 0.786355 0.306864 0.786355 0.305518 0.788151 0.302826 0.788151 0.30148 0.789946 0.300135 0.789946 0.298789 0.791741 0.297443 0.791741 0.298789 0.793537 0.298789 0.795332 0.300135 0.793537 0.30148 0.793537 0.302826 0.791741 0.305518 0.791741 0.306864 0.789946 0.30821 0.789946 0.309556 0.788151 0.312248 0.788151 0.313594 0.786355 0.314939 0.786355
1 0.197847 0.72711 0.195155 0.7307 0.196501 0.7307 0.197847 0.732496 0.199192 0.732496 0.200538 0.734291 0.201884 0.734291 0.20323 0.736086 0.204576 0.736086 0.205922 0.737882 0.207268 0.737882 0.208614 0.739677 0.20996 0.739677 0.211306 0.741472 0.212651 0.741472 0.213997 0.743268 0.215343 0.743268 0.216689 0.745063 0.216689 0.743268 0.218035 0.741472 0.218035 0.739677 0.216689 0.739677 0.215343 0.737882 0.213997 0.737882 0.212651 0.736086 0.211306 0.736086 0.20996 0.734291 0.207268 0.734291 0.205922 0.732496 0.204576 0.732496 0.20323 0.7307 0.201884 0.7307 0.200538 0.728905 0.199192 0.728905
1 0.707941 0.5386 0.706595 0.540395 0.702557 0.540395 0.701211 0.54219 0.697174 0.54219 0.695828 0.543986 0.69179 0.543986 0.690444 0.545781 0.686406 0.545781 0.685061 0.547576 0.681023 0.547576 0.681023 0.549372 0.682369 0.551167 0.682369 0.554758 0.69852 0.554758 0.699865 0.552962 0.701211 0.552962 0.702557 0.551167 0.703903 0.551167 0.705249 0.549372 0.706595 0.549372 0.707941 0.547576 0.709287 0.547576 0.710633 0.545781 0.713324 0.545781 0.71467 0.543986 0.716016 0.543986 0.717362 0.54219 0.729475 0.54219 0.730821 0.543986 0.732167 0.543986 0.736205 0.549372 0.73755 0.549372 0.740242 0.552962 0.749664 0.552962 0.749664 0.551167 0.748318 0.549372 0.748318 0.547576 0.746972 0.545781 0.746972 0.543986 0.745626 0.54219 0.745626 0.540395 0.738896 0.540395 0.73755 0.5386
1 0.068641 0.527828 0.064603 0.533214 0.063257 0.533214 0.060565 0.536804 0.074024 0.536804 0.071332 0.533214 0.071332 0.531418
1 0.329744 0.520646 0.329744 0.522442 0.328398 0.524237 0.328398 0.529623 0.327052 0.531418 0.327052 0.533214 0.325707 0.535009 0.324361 0.535009 0.323015 0.536804 0.321669 0.536804 0.320323 0.5386 0.317631 0.5386 0.316285 0.540395 0.314939 0.540395 0.325707 0.540395 0.327052 0.54219 0.33782 0.54219 0.339166 0.543986 0.349933 0.543986 0.351279 0.545781 0.352624 0.543986 0.355316 0.543986 0.356662 0.54219 0.3607 0.54219 0.359354 0.540395 0.359354 0.5386 0.358008 0.536804 0.358008 0.535009 0.349933 0.535009 0.348587 0.533214 0.341857 0.533214 0.340511 0.531418 0.340511 0.524237 0.336474 0.524237 0.335128 0.522442 0.33109 0.522442
1 0.472409 0.51526 0.469717 0.518851 0.468371 0.518851 0.467026 0.520646 0.475101 0.520646 0.476447 0.522442 0.48183 0.51526
1 0.621803 0.51167 0.620458 0.513465 0.620458 0.51526 0.619112 0.517056 0.619112 0.518851 0.617766 0.520646 0.632571 0.520646 0.632571 0.51167
1 0.56393 0.51167 0.562584 0.513465 0.562584 0.51526 0.561238 0.517056 0.562584 0.518851 0.56393 0.518851 0.566622 0.522442 0.567968 0.522442 0.570659 0.526032 0.585464 0.526032 0.58681 0.527828 0.588156 0.526032 0.602961 0.526032 0.600269 0.522442 0.600269 0.520646 0.597577 0.517056 0.596231 0.518851 0.573351 0.518851 0.572005 0.517056 0.570659 0.517056 0.569314 0.51526 0.567968 0.51526 0.566622 0.513465 0.565276 0.513465
1 0.13459 0.499102 0.133244 0.500898 0.121131 0.500898 0.119785 0.502693 0.106326 0.502693 0.10498 0.504488 0.084791 0.504488 0.084791 0.506284 0.086137 0.508079 0.086137 0.509874 0.087483 0.51167 0.087483 0.513465 0.099596 0.513465 0.100942 0.51526 0.111709 0.51526 0.113055 0.517056 0.114401 0.51526 0.119785 0.51526 0.121131 0.513465 0.126514 0.513465 0.12786 0.51167 0.133244 0.51167 0.133244 0.506284 0.13459 0.504488
1 0.166891 0.490126 0.166891 0.491921 0.168237 0.493716 0.168237 0.495512 0.176312 0.495512 0.177658 0.497307 0.184388 0.497307 0.185734 0.499102 0.187079 0.497307 0.188425 0.497307 0.189771 0.495512 0.192463 0.495512 0.193809 0.493716 0.195155 0.493716 0.187079 0.493716 0.185734 0.491921 0.179004 0.491921 0.177658 0.490126
1 0.706595 0.468582 0.705249 0.470377 0.689098 0.470377 0.687752 0.472172 0.670256 0.472172 0.675639 0.479354 0.675639 0.481149 0.679677 0.486535 0.685061 0.486535 0.686406 0.48833 0.69179 0.48833 0.693136 0.490126 0.693136 0.491921 0.69179 0.493716 0.69179 0.499102 0.690444 0.500898 0.690444 0.504488 0.689098 0.506284 0.689098 0.508079 0.701211 0.508079 0.706595 0.500898 0.707941 0.500898 0.711978 0.495512 0.713324 0.497307 0.713324 0.499102 0.71467 0.500898 0.71467 0.502693 0.716016 0.504488 0.7214 0.504488 0.722746 0.506284 0.725437 0.502693 0.726783 0.502693 0.729475 0.499102 0.730821 0.499102 0.732167 0.497307 0.732167 0.495512 0.736205 0.490126 0.753701 0.490126 0.752355 0.48833 0.752355 0.486535 0.751009 0.48474 0.751009 0.482944 0.749664 0.481149 0.749664 0.479354 0.748318 0.481149 0.742934 0.481149 0.741588 0.482944 0.734859 0.482944 0.733513 0.48474 0.730821 0.48474 0.729475 0.486535 0.725437 0.486535 0.724092 0.48833 0.7214 0.48833 0.720054 0.486535 0.720054 0.48474 0.717362 0.481149 0.717362 0.479354 0.71467 0.475763 0.71467 0.473968 0.713324 0.472172 0.710633 0.472172 0.709287 0.470377 0.707941 0.470377
1 0.355316 0.466786 0.371467 0.48833 0.388964 0.48833 0.39031 0.490126 0.407806 0.490126 0.409152 0.491921 0.409152 0.482944 0.410498 0.481149 0.410498 0.472172 0.409152 0.472172 0.40646 0.468582 0.405114 0.468582 0.403769 0.466786 0.395693 0.477558 0.368775 0.477558 0.367429 0.475763 0.366083 0.475763 0.362046 0.470377 0.3607 0.470377 0.358008 0.466786
1 0.515478 0.414722 0.515478 0.423698 0.523553 0.423698 0.520861 0.420108 0.519515 0.420108
