1 0.70997 0.645161 0.706949 0.649194 0.697885 0.649194 0.694864 0.653226 0.682779 0.653226 0.679758 0.657258 0.670695 0.657258 0.670695 0.665323 0.673716 0.669355 0.673716 0.681452 0.676737 0.685484 0.676737 0.693548 0.682779 0.693548 0.685801 0.697581 0.691843 0.697581 0.694864 0.701613 0.697885 0.701613 0.700906 0.705645 0.703927 0.705645 0.706949 0.709677 0.712991 0.709677 0.716012 0.71371 0.719033 0.71371 0.722054 0.717742 0.725076 0.717742 0.728097 0.721774 0.731118 0.717742 0.755287 0.717742 0.758308 0.71371 0.782477 0.71371 0.782477 0.693548 0.779456 0.689516 0.779456 0.665323 0.76435 0.645161
1 0.087613 0.629032 0.084592 0.633065 0.081571 0.633065 0.07855 0.637097 0.072508 0.637097 0.069486 0.641129 0.066465 0.641129 0.063444 0.645161 0.015106 0.645161 0.012085 0.641129 0.003021 0.641129 0.0 0.637097 0.0 0.673387 0.015106 0.673387 0.018127 0.677419 0.036254 0.677419 0.039275 0.681452 0.054381 0.681452 0.057402 0.685484 0.057402 0.673387 0.054381 0.669355 0.054381 0.657258 0.057402 0.653226 0.117825 0.653226 0.114804 0.653226 0.108761 0.645161 0.10574 0.645161 0.102719 0.641129 0.099698 0.641129 0.093656 0.633065 0.090634 0.633065
1 0.55287 0.612903 0.549849 0.616935 0.543807 0.616935 0.540785 0.620968 0.534743 0.620968 0.531722 0.625 0.52568 0.625 0.522659 0.629032 0.516616 0.629032 0.507553 0.641129 0.504532 0.641129 0.498489 0.649194 0.549849 0.649194 0.55287 0.645161 0.555891 0.645161 0.558912 0.641129 0.561934 0.641129 0.564955 0.637097 0.567976 0.637097 0.570997 0.633065 0.574018 0.633065 0.577039 0.629032 0.619335 0.629032 0.619335 0.616935 0.555891 0.616935
1 0.02719 0.568548 0.018127 0.580645 0.015106 0.580645 0.012085 0.584677 0.012085 0.592742 0.015106 0.596774 0.015106 0.604839 0.048338 0.604839 0.054381 0.596774 0.057402 0.596774 0.063444 0.58871 0.066465 0.58871 0.069486 0.584677 0.060423 0.584677 0.057402 0.580645 0.05136 0.580645 0.048338 0.576613 0.039275 0.576613 0.036254 0.572581 0.030211 0.572581
1 0.099698 0.508065 0.099698 0.520161 0.096677 0.524194 0.096677 0.540323 0.093656 0.544355 0.093656 0.552419 0.090634 0.556452 0.090634 0.564516 0.093656 0.568548 0.093656 0.572581 0.096677 0.576613 0.096677 0.580645 0.099698 0.584677 0.099698 0.58871 0.102719 0.584677 0.129909 0.584677 0.132931 0.580645 0.244713 0.580645 0.247734 0.584677 0.256798 0.572581 0.259819 0.572581 0.268882 0.560484 0.268882 0.556452 0.271903 0.552419 0.26284 0.552419 0.259819 0.548387 0.253776 0.548387 0.250755 0.544355 0.247734 0.548387 0.196375 0.548387 0.18429 0.532258 0.181269 0.532258 0.166163 0.512097 0.102719 0.512097
1 0.682779 0.471774 0.682779 0.479839 0.679758 0.483871 0.679758 0.487903 0.776435 0.487903 0.779456 0.491935 0.78852 0.479839 0.749245 0.479839 0.746224 0.475806 0.685801 0.475806
1 0.540785 0.447581 0.534743 0.455645 0.531722 0.455645 0.52568 0.46371 0.522659 0.46371 0.516616 0.471774 0.507553 0.471774 0.504532 0.467742 0.498489 0.467742 0.495468 0.46371 0.489426 0.46371 0.486405 0.459677 0.483384 0.46371 0.477341 0.46371 0.47432 0.467742 0.465257 0.467742 0.462236 0.471774 0.441088 0.471774 0.441088 0.479839 0.438066 0.483871 0.438066 0.495968 0.435045 0.5 0.435045 0.512097 0.432024 0.516129 0.432024 0.524194 0.483384 0.524194 0.489426 0.532258 0.489426 0.53629 0.495468 0.544355 0.492447 0.548387 0.465257 0.548387 0.462236 0.552419 0.435045 0.552419 0.435045 0.556452 0.438066 0.560484 0.438066 0.568548 0.441088 0.572581 0.441088 0.576613 0.492447 0.576613 0.495468 0.580645 0.567976 0.580645 0.570997 0.584677 0.574018 0.580645 0.583082 0.580645 0.586103 0.576613 0.595166 0.576613 0.598187 0.572581 0.607251 0.572581 0.610272 0.568548 0.622356 0.568548 0.625378 0.564516 0.634441 0.564516 0.637462 0.560484 0.646526 0.560484 0.646526 0.556452 0.643505 0.552419 0.643505 0.548387 0.640483 0.544355 0.640483 0.53629 0.637462 0.532258 0.637462 0.524194 0.634441 0.520161 0.634441 0.516129 0.63142 0.512097 0.63142 0.508065 0.610272 0.479839 0.607251 0.479839 0.60423 0.475806 0.601208 0.475806 0.595166 0.467742 0.592145 0.467742 0.589124 0.46371 0.586103 0.46371 0.583082 0.459677 0.58006 0.459677 0.574018 0.451613 0.570997 0.451613 0.567976 0.447581
1 0.954683 0.423387 0.94864 0.431452 0.945619 0.431452 0.942598 0.435484 0.94864 0.443548 0.94864 0.447581 0.951662 0.451613 0.969789 0.451613 0.97281 0.455645 0.996979 0.455645 0.996979 0.431452 0.978852 0.431452 0.975831 0.427419 0.957704 0.427419
1 0.716012 0.407258 0.712991 0.41129 0.70997 0.41129 0.703927 0.419355 0.700906 0.419355 0.700906 0.423387 0.697885 0.427419 0.697885 0.435484 0.694864 0.439516 0.694864 0.443548 0.767372 0.443548 0.770393 0.447581 0.770393 0.435484 0.773414 0.431452 0.773414 0.423387 0.770393 0.423387 0.767372 0.419355 0.761329 0.419355 0.758308 0.415323 0.755287 0.415323 0.752266 0.41129 0.719033 0.41129
1 0.640483 0.383065 0.637462 0.387097 0.616314 0.387097 0.613293 0.391129 0.589124 0.391129 0.586103 0.395161 0.583082 0.395161 0.577039 0.403226 0.574018 0.403226 0.570997 0.407258 0.567976 0.407258 0.577039 0.407258 0.58006 0.41129 0.586103 0.41129 0.589124 0.415323 0.607251 0.415323 0.610272 0.419355 0.610272 0.435484 0.619335 0.435484 0.622356 0.439516 0.63142 0.439516 0.634441 0.443548 0.634441 0.435484 0.63142 0.431452 0.63142 0.423387 0.634441 0.419355 0.637462 0.419355 0.643505 0.41129 0.646526 0.41129 0.649547 0.407258 0.655589 0.407258 0.65861 0.403226 0.664653 0.403226 0.667674 0.399194 0.673716 0.399194 0.670695 0.399194 0.667674 0.395161 0.664653 0.395161 0.65861 0.387097 0.655589 0.387097 0.652568 0.383065
1 0.34139 0.350806 0.34139 0.358871 0.344411 0.362903 0.344411 0.379032 0.347432 0.383065 0.347432 0.391129 0.36858 0.419355 0.377644 0.419355 0.380665 0.423387 0.392749 0.423387 0.39577 0.427419 0.404834 0.427419 0.407855 0.431452 0.435045 0.431452 0.44713 0.447581 0.44713 0.451613 0.456193 0.46371 0.462236 0.455645 0.465257 0.455645 0.471299 0.447581 0.47432 0.447581 0.480363 0.439516 0.483384 0.439516 0.486405 0.435484 0.486405 0.415323 0.489426 0.41129 0.489426 0.391129 0.486405 0.391129 0.483384 0.387097 0.480363 0.387097 0.477341 0.383065 0.47432 0.383065 0.471299 0.379032 0.468278 0.379032 0.465257 0.375 0.465257 0.366935 0.462236 0.362903 0.462236 0.350806 0.459215 0.354839 0.383686 0.354839 0.380665 0.350806
1 0.861027 0.28629 0.858006 0.290323 0.854985 0.290323 0.851964 0.294355 0.848943 0.294355 0.845921 0.298387 0.8429 0.298387 0.839879 0.302419 0.836858 0.302419 0.833837 0.306452 0.830816 0.306452 0.827795 0.310484 0.824773 0.310484 0.821752 0.314516 0.818731 0.314516 0.81571 0.318548 0.812689 0.318548 0.809668 0.322581 0.806647 0.322581 0.803625 0.326613 0.791541 0.326613 0.78852 0.322581 0.782477 0.322581 0.779456 0.318548 0.770393 0.318548 0.767372 0.314516 0.761329 0.314516 0.758308 0.310484 0.749245 0.310484 0.746224 0.306452 0.734139 0.306452 0.731118 0.302419 0.719033 0.302419 0.716012 0.298387 0.703927 0.298387 0.700906 0.294355 0.694864 0.302419 0.694864 0.306452 0.685801 0.318548 0.688822 0.322581 0.688822 0.326613 0.697885 0.33871 0.697885 0.342742 0.700906 0.346774 0.734139 0.346774 0.73716 0.350806 0.743202 0.350806 0.746224 0.354839 0.749245 0.354839 0.752266 0.358871 0.758308 0.358871 0.761329 0.362903 0.767372 0.362903 0.770393 0.366935 0.773414 0.366935 0.776435 0.370968 0.782477 0.370968 0.78852 0.379032 0.78852 0.383065 0.791541 0.387097 0.794562 0.387097 0.797583 0.391129 0.800604 0.391129 0.806647 0.399194 0.809668 0.399194 0.812689 0.403226 0.81571 0.399194 0.818731 0.399194 0.824773 0.391129 0.870091 0.391129 0.873112 0.395161 0.882175 0.395161 0.885196 0.399194 0.89426 0.399194 0.897281 0.403226 0.900302 0.399194 0.918429 0.399194 0.92145 0.395161 0.996979 0.395161 0.996979 0.334677 0.993958 0.330645 0.993958 0.322581 0.990937 0.318548 0.990937 0.310484 0.987915 0.306452 0.987915 0.302419 0.984894 0.306452 0.981873 0.306452 0.978852 0.310484 0.975831 0.310484 0.97281 0.314516 0.969789 0.314516 0.966767 0.318548 0.963746 0.318548 0.960725 0.322581 0.957704 0.322581 0.954683 0.326613 0.951662 0.326613 0.94864 0.330645 0.945619 0.330645 0.942598 0.334677 0.939577 0.334677 0.936556 0.33871 0.933535 0.33871 0.924471 0.326613 0.924471 0.322581 0.909366 0.302419 0.909366 0.298387 0.900302 0.28629
1 0.163142 0.274194 0.160121 0.278226 0.148036 0.278226 0.145015 0.282258 0.129909 0.282258 0.126888 0.28629 0.114804 0.28629 0.114804 0.294355 0.111782 0.298387 0.111782 0.310484 0.108761 0.314516 0.108761 0.322581 0.120846 0.33871 0.120846 0.342742 0.132931 0.358871 0.129909 0.362903 0.126888 0.362903 0.120846 0.370968 0.117825 0.370968 0.111782 0.379032 0.108761 0.379032 0.102719 0.387097 0.099698 0.387097 0.099698 0.391129 0.102719 0.395161 0.102719 0.407258 0.10574 0.41129 0.10574 0.415323 0.108761 0.419355 0.111782 0.419355 0.117825 0.427419 0.120846 0.427419 0.126888 0.435484 0.129909 0.435484 0.135952 0.443548 0.1571 0.443548 0.160121 0.447581 0.178248 0.447581 0.181269 0.451613 0.18429 0.447581 0.187311 0.447581 0.193353 0.439516 0.196375 0.439516 0.202417 0.431452 0.208459 0.439516 0.208459 0.447581 0.21148 0.451613 0.21148 0.459677 0.214502 0.46371 0.214502 0.467742 0.217523 0.46371 0.241692 0.46371 0.244713 0.459677 0.271903 0.459677 0.283988 0.443548 0.287009 0.443548 0.293051 0.435484 0.293051 0.431452 0.296073 0.427419 0.296073 0.423387 0.299094 0.419355 0.299094 0.415323 0.302115 0.41129 0.302115 0.407258 0.305136 0.403226 0.305136 0.399194 0.314199 0.387097 0.317221 0.387097 0.323263 0.379032 0.326284 0.379032 0.332326 0.370968 0.335347 0.370968 0.335347 0.346774 0.329305 0.33871 0.326284 0.33871 0.314199 0.322581 0.308157 0.322581 0.305136 0.318548 0.299094 0.318548 0.296073 0.314516 0.293051 0.314516 0.29003 0.310484 0.283988 0.310484 0.280967 0.306452 0.274924 0.306452 0.271903 0.302419 0.268882 0.302419 0.265861 0.298387 0.259819 0.298387 0.256798 0.294355 0.253776 0.294355 0.250755 0.290323 0.241692 0.290323 0.238671 0.28629 0.229607 0.28629 0.226586 0.282258 0.217523 0.282258 0.214502 0.278226 0.166163 0.278226
1 0.848943 0.237903 0.848943 0.254032 0.864048 0.254032 0.864048 0.237903
