0 0.114401 0.842011 0.114401 0.856373 0.115747 0.854578 0.12786 0.854578 0.12786 0.842011
0 0.200538 0.72711 0.200538 0.732496 0.199192 0.734291 0.199192 0.739677 0.212651 0.739677 0.213997 0.741472 0.213997 0.728905 0.201884 0.728905
0 0.878869 0.721724 0.877524 0.723519 0.870794 0.723519 0.868102 0.72711 0.866756 0.72711 0.86541 0.728905 0.860027 0.728905 0.858681 0.72711 0.851952 0.72711 0.850606 0.725314 0.845222 0.725314 0.843876 0.723519 0.84253 0.725314 0.84253 0.72711 0.838493 0.732496 0.838493 0.734291 0.837147 0.736086 0.837147 0.737882 0.835801 0.739677 0.835801 0.745063 0.834455 0.746858 0.834455 0.750449 0.833109 0.752244 0.833109 0.75763 0.831763 0.759425 0.831763 0.761221 0.843876 0.777379 0.845222 0.775583 0.845222 0.773788 0.847914 0.770197 0.847914 0.768402 0.84926 0.766607 0.84926 0.764811 0.851952 0.761221 0.851952 0.759425 0.854643 0.755835 0.854643 0.754039 0.855989 0.752244 0.855989 0.750449 0.858681 0.746858 0.858681 0.745063 0.861373 0.741472 0.873486 0.741472 0.874832 0.743268 0.876178 0.743268 0.877524 0.745063 0.880215 0.745063 0.881561 0.746858 0.882907 0.746858 0.884253 0.748654 0.885599 0.748654 0.886945 0.750449 0.888291 0.750449 0.889637 0.752244 0.890983 0.750449 0.892328 0.750449 0.893674 0.748654 0.89502 0.748654 0.897712 0.745063 0.899058 0.745063 0.900404 0.743268 0.90175 0.743268 0.900404 0.741472 0.899058 0.741472 0.896366 0.737882 0.89502 0.737882 0.892328 0.734291 0.890983 0.734291 0.886945 0.728905 0.885599 0.728905 0.882907 0.725314 0.881561 0.725314
0 0.219381 0.560144 0.219381 0.563734 0.218035 0.56553 0.218035 0.570916 0.216689 0.572711 0.216689 0.574506 0.222073 0.574506 0.223419 0.576302 0.223419 0.574506 0.224764 0.572711 0.224764 0.56912 0.22611 0.567325 0.22611 0.56553 0.227456 0.563734 0.227456 0.561939 0.220727 0.561939
0 0.637954 0.543986 0.637954 0.549372 0.6393 0.551167 0.6393 0.558348 0.648721 0.558348 0.650067 0.560144 0.650067 0.543986
0 0.161507 0.527828 0.160162 0.529623 0.160162 0.531418 0.158816 0.533214 0.158816 0.535009 0.156124 0.5386 0.156124 0.540395 0.154778 0.54219 0.15747 0.54219 0.158816 0.543986 0.160162 0.543986 0.161507 0.545781 0.162853 0.543986 0.162853 0.54219 0.166891 0.536804 0.166891 0.535009 0.168237 0.533214 0.166891 0.533214 0.164199 0.529623 0.162853 0.529623
0 0.682369 0.518851 0.681023 0.520646 0.675639 0.520646 0.675639 0.526032 0.674293 0.527828 0.674293 0.531418 0.675639 0.529623 0.683715 0.529623 0.683715 0.526032 0.682369 0.524237
0 0.858681 0.48474 0.857335 0.486535 0.837147 0.486535 0.835801 0.48833 0.835801 0.490126 0.834455 0.491921 0.834455 0.493716 0.833109 0.495512 0.835801 0.495512 0.837147 0.497307 0.838493 0.497307 0.839838 0.499102 0.862719 0.499102 0.864065 0.497307 0.878869 0.497307 0.880215 0.495512 0.882907 0.495512 0.884253 0.493716 0.886945 0.493716 0.888291 0.491921 0.890983 0.491921 0.876178 0.491921 0.874832 0.490126 0.861373 0.490126 0.858681 0.486535
0 0.748318 0.477558 0.748318 0.479354 0.746972 0.481149 0.746972 0.486535 0.745626 0.48833 0.745626 0.490126 0.753701 0.490126 0.755047 0.491921 0.768506 0.491921 0.768506 0.48474 0.769852 0.482944 0.769852 0.477558
0 0.204576 0.470377 0.204576 0.479354 0.211306 0.479354 0.211306 0.470377
0 0.184388 0.470377 0.184388 0.475763 0.195155 0.475763 0.195155 0.470377
0 0.257066 0.466786 0.25572 0.468582 0.254374 0.468582 0.253028 0.470377 0.251682 0.470377 0.250336 0.472172 0.250336 0.473968 0.248991 0.475763 0.254374 0.475763 0.25572 0.477558 0.259758 0.472172 0.261104 0.472172 0.263795 0.468582 0.258412 0.468582
0 0.35397 0.459605 0.3607 0.468582 0.3607 0.470377 0.367429 0.479354 0.368775 0.477558 0.387618 0.477558 0.380888 0.468582 0.380888 0.466786 0.375505 0.459605
0 0.030956 0.439856 0.02961 0.441652 0.02288 0.441652 0.021534 0.443447 0.016151 0.443447 0.016151 0.454219 0.018843 0.45781 0.018843 0.459605 0.025572 0.468582 0.025572 0.470377 0.028264 0.473968 0.037685 0.473968 0.039031 0.472172 0.048452 0.472172 0.049798 0.470377 0.051144 0.472172 0.051144 0.482944 0.064603 0.482944 0.065949 0.481149 0.068641 0.481149 0.069987 0.479354 0.074024 0.479354 0.07537 0.477558 0.078062 0.477558 0.079408 0.475763 0.0821 0.475763 0.083445 0.473968 0.086137 0.473968 0.087483 0.472172 0.090175 0.472172 0.091521 0.470377 0.094213 0.470377 0.095559 0.468582 0.09825 0.468582 0.099596 0.466786 0.100942 0.466786 0.102288 0.464991 0.10498 0.464991 0.106326 0.463196 0.109017 0.463196 0.107672 0.4614 0.107672 0.459605 0.103634 0.454219 0.103634 0.452424 0.099596 0.447038 0.099596 0.445242 0.096904 0.445242 0.095559 0.447038 0.091521 0.447038 0.090175 0.448833 0.087483 0.448833 0.086137 0.450628 0.083445 0.450628 0.0821 0.452424 0.078062 0.452424 0.076716 0.454219 0.074024 0.454219 0.072678 0.456014 0.071332 0.454219 0.057873 0.454219 0.056528 0.452424 0.043069 0.452424 0.040377 0.448833 0.040377 0.447038 0.036339 0.441652 0.036339 0.439856
0 0.741588 0.438061 0.741588 0.445242 0.751009 0.445242 0.752355 0.447038 0.761777 0.447038 0.761777 0.441652 0.752355 0.441652 0.751009 0.439856 0.742934 0.439856
0 0.274563 0.438061 0.274563 0.439856 0.275908 0.441652 0.275908 0.443447 0.277254 0.445242 0.277254 0.447038 0.2786 0.448833 0.2786 0.450628 0.283984 0.450628 0.283984 0.448833 0.282638 0.447038 0.282638 0.445242 0.281292 0.443447 0.281292 0.441652 0.2786 0.438061
0 0.215343 0.436266 0.212651 0.439856 0.211306 0.439856 0.207268 0.445242 0.205922 0.445242 0.204576 0.447038 0.204576 0.452424 0.205922 0.454219 0.205922 0.4614 0.22611 0.4614 0.227456 0.463196 0.228802 0.4614 0.246299 0.4614 0.247645 0.459605 0.248991 0.459605 0.25572 0.450628 0.254374 0.450628 0.253028 0.448833 0.251682 0.448833 0.248991 0.445242 0.247645 0.445242 0.246299 0.443447 0.244953 0.443447 0.243607 0.441652 0.242261 0.443447 0.240915 0.443447 0.239569 0.445242 0.235532 0.445242 0.234186 0.443447 0.23284 0.443447 0.231494 0.441652 0.228802 0.441652 0.227456 0.439856 0.222073 0.439856 0.220727 0.438061 0.216689 0.438061
0 0.799462 0.418312 0.799462 0.423698 0.806191 0.423698 0.806191 0.418312
0 0.261104 0.40754 0.254374 0.416517 0.254374 0.418312 0.248991 0.425494 0.259758 0.425494 0.259758 0.423698 0.263795 0.418312 0.263795 0.416517 0.265141 0.414722 0.26245 0.411131 0.26245 0.409336
0 0.847914 0.341113 0.846568 0.342908 0.846568 0.348294 0.845222 0.35009 0.845222 0.355476 0.843876 0.357271 0.843876 0.360862 0.845222 0.362657 0.846568 0.362657 0.850606 0.368043 0.874832 0.368043 0.876178 0.366248 0.876178 0.348294 0.873486 0.344704 0.87214 0.344704 0.869448 0.341113
1 0.166891 0.89228 0.165545 0.894075 0.164199 0.894075 0.162853 0.895871 0.161507 0.895871 0.160162 0.897666 0.158816 0.897666 0.15747 0.899461 0.156124 0.899461 0.154778 0.901257 0.153432 0.901257 0.152086 0.903052 0.133244 0.903052 0.131898 0.904847 0.130552 0.904847 0.129206 0.906643 0.12786 0.906643 0.126514 0.908438 0.125168 0.908438 0.123822 0.910233 0.122476 0.910233 0.121131 0.912029 0.119785 0.912029 0.118439 0.913824 0.117093 0.913824 0.115747 0.915619 0.096904 0.915619 0.095559 0.917415 0.094213 0.915619 0.090175 0.915619 0.088829 0.913824 0.083445 0.913824 0.0821 0.912029 0.078062 0.912029 0.076716 0.910233 0.07537 0.910233 0.074024 0.908438 0.072678 0.908438 0.071332 0.906643 0.069987 0.906643 0.068641 0.904847 0.056528 0.904847 0.055182 0.906643 0.055182 0.908438 0.051144 0.913824 0.049798 0.913824 0.048452 0.915619 0.04576 0.915619 0.044415 0.917415 0.043069 0.917415 0.041723 0.91921 0.040377 0.91921 0.039031 0.921005 0.037685 0.91921 0.034993 0.91921 0.033647 0.917415 0.030956 0.917415 0.02961 0.915619 0.026918 0.915619 0.025572 0.913824 0.026918 0.912029 0.034993 0.912029 0.036339 0.910233 0.043069 0.910233 0.043069 0.906643 0.041723 0.904847 0.017497 0.904847 0.016151 0.906643 0.014805 0.904847 0.0 0.904847 0.0 0.935368 0.030956 0.935368 0.032301 0.937163 0.033647 0.937163 0.034993 0.938959 0.036339 0.938959 0.039031 0.942549 0.040377 0.942549 0.041723 0.944345 0.078062 0.944345 0.079408 0.942549 0.080754 0.942549 0.0821 0.940754 0.083445 0.940754 0.084791 0.938959 0.087483 0.938959 0.088829 0.937163 0.090175 0.937163 0.091521 0.935368 0.092867 0.935368 0.094213 0.933573 0.095559 0.933573 0.096904 0.931777 0.09825 0.931777 0.099596 0.929982 0.102288 0.929982 0.103634 0.928187 0.10498 0.928187 0.106326 0.926391 0.107672 0.926391 0.109017 0.924596 0.110363 0.924596 0.111709 0.922801 0.113055 0.922801 0.114401 0.921005 0.115747 0.921005 0.117093 0.91921 0.118439 0.91921 0.119785 0.917415 0.121131 0.917415 0.122476 0.915619 0.12786 0.915619 0.129206 0.913824 0.133244 0.913824 0.13459 0.912029 0.139973 0.912029 0.141319 0.910233 0.146703 0.910233 0.148048 0.908438 0.152086 0.908438 0.153432 0.906643 0.158816 0.906643 0.160162 0.904847 0.164199 0.904847 0.165545 0.903052 0.170929 0.903052 0.170929 0.899461 0.172275 0.897666 0.172275 0.89228
1 0.585464 0.867145 0.584118 0.868941 0.581427 0.868941 0.580081 0.870736 0.577389 0.870736 0.576043 0.872531 0.573351 0.872531 0.572005 0.874327 0.569314 0.874327 0.567968 0.876122 0.56393 0.876122 0.562584 0.877917 0.557201 0.877917 0.555855 0.879713 0.555855 0.881508 0.554509 0.883303 0.554509 0.885099 0.551817 0.888689 0.551817 0.890485 0.550471 0.89228 0.550471 0.915619 0.554509 0.915619 0.555855 0.917415 0.559892 0.917415 0.561238 0.91921 0.56393 0.91921 0.565276 0.921005 0.569314 0.921005 0.577389 0.931777 0.577389 0.933573 0.584118 0.942549 0.584118 0.94614 0.585464 0.947935 0.585464 0.953321 0.58681 0.955117 0.58681 0.958707 0.588156 0.960503 0.588156 0.962298 0.592194 0.967684 0.592194 0.969479 0.59354 0.971275 0.624495 0.971275 0.625841 0.97307 0.627187 0.97307 0.628533 0.974865 0.629879 0.974865 0.631225 0.976661 0.632571 0.976661 0.633917 0.978456 0.635262 0.978456 0.636608 0.980251 0.6393 0.980251 0.640646 0.982047 0.644684 0.982047 0.64603 0.983842 0.648721 0.983842 0.650067 0.985637 0.654105 0.985637 0.655451 0.987433 0.658143 0.987433 0.659489 0.989228 0.660834 0.987433 0.671602 0.987433 0.672948 0.985637 0.71467 0.985637 0.716016 0.987433 0.73755 0.987433 0.738896 0.985637 0.761777 0.985637 0.76716 0.992819 0.76716 0.994614 0.769852 0.998205 0.799462 0.998205 0.800808 0.996409 0.803499 0.996409 0.804845 0.994614 0.807537 0.994614 0.808883 0.992819 0.810229 0.992819 0.811575 0.991023 0.814266 0.991023 0.815612 0.989228 0.818304 0.989228 0.81965 0.987433 0.822342 0.987433 0.823688 0.985637 0.82638 0.985637 0.827725 0.983842 0.827725 0.982047 0.831763 0.976661 0.831763 0.974865 0.834455 0.971275 0.841184 0.971275 0.84253 0.969479 0.843876 0.969479 0.845222 0.967684 0.847914 0.967684 0.84926 0.965889 0.850606 0.965889 0.851952 0.964093 0.854643 0.964093 0.855989 0.962298 0.857335 0.962298 0.860027 0.958707 0.860027 0.956912 0.864065 0.951526 0.864065 0.949731 0.868102 0.944345 0.870794 0.944345 0.87214 0.942549 0.873486 0.942549 0.874832 0.940754 0.877524 0.940754 0.878869 0.938959 0.882907 0.938959 0.884253 0.937163 0.888291 0.937163 0.889637 0.935368 0.893674 0.935368 0.89502 0.933573 0.899058 0.933573 0.90175 0.929982 0.903096 0.929982 0.907133 0.924596 0.908479 0.924596 0.909825 0.922801 0.909825 0.921005 0.908479 0.91921 0.908479 0.913824 0.907133 0.912029 0.907133 0.906643 0.905787 0.904847 0.905787 0.903052 0.903096 0.906643 0.90175 0.906643 0.897712 0.912029 0.896366 0.912029 0.893674 0.915619 0.892328 0.915619 0.889637 0.91921 0.882907 0.91921 0.881561 0.921005 0.857335 0.921005 0.855989 0.91921 0.853297 0.922801 0.851952 0.922801 0.84926 0.926391 0.847914 0.926391 0.845222 0.929982 0.843876 0.929982 0.84253 0.931777 0.812921 0.931777 0.811575 0.929982 0.808883 0.929982 0.807537 0.928187 0.803499 0.928187 0.802153 0.926391 0.799462 0.926391 0.798116 0.924596 0.795424 0.924596 0.794078 0.922801 0.794078 0.924596 0.792732 0.926391 0.792732 0.928187 0.791386 0.929982 0.795424 0.929982 0.79677 0.931777 0.799462 0.931777 0.800808 0.933573 0.804845 0.933573 0.806191 0.935368 0.806191 0.940754 0.804845 0.942549 0.804845 0.94614 0.803499 0.947935 0.802153 0.947935 0.799462 0.951526 0.798116 0.951526 0.79677 0.953321 0.792732 0.953321 0.791386 0.955117 0.787349 0.955117 0.786003 0.956912 0.780619 0.956912 0.779273 0.958707 0.775236 0.958707 0.77389 0.960503 0.769852 0.960503 0.768506 0.962298 0.765814 0.962298 0.764468 0.964093 0.760431 0.964093 0.759085 0.965889 0.690444 0.965889 0.689098 0.964093 0.683715 0.964093 0.682369 0.962298 0.678331 0.962298 0.676985 0.960503 0.672948 0.960503 0.671602 0.958707 0.670256 0.958707 0.66891 0.956912 0.667564 0.956912 0.666218 0.955117 0.664872 0.955117 0.663526 0.953321 0.660834 0.953321 0.659489 0.951526 0.658143 0.951526 0.656797 0.949731 0.655451 0.949731 0.654105 0.947935 0.652759 0.947935 0.651413 0.94614 0.650067 0.94614 0.647376 0.942549 0.647376 0.940754 0.64603 0.938959 0.64603 0.937163 0.644684 0.935368 0.644684 0.933573 0.643338 0.931777 0.641992 0.933573 0.632571 0.933573 0.631225 0.935368 0.621803 0.935368 0.617766 0.929982 0.61642 0.929982 0.60969 0.921005 0.608345 0.921005 0.605653 0.917415 0.604307 0.917415 0.601615 0.913824 0.600269 0.913824 0.597577 0.910233 0.596231 0.910233 0.594886 0.908438 0.59354 0.908438 0.592194 0.906643 0.590848 0.906643 0.589502 0.904847 0.588156 0.904847 0.58681 0.903052 0.585464 0.903052 0.584118 0.901257 0.582773 0.901257 0.581427 0.899461 0.580081 0.899461 0.578735 0.897666 0.578735 0.894075 0.580081 0.89228 0.580081 0.885099 0.581427 0.883303 0.581427 0.881508 0.582773 0.879713 0.598923 0.879713 0.597577 0.877917 0.596231 0.877917 0.59354 0.874327 0.592194 0.874327 0.589502 0.870736 0.588156 0.870736
1 0.558546 0.833034 0.554509 0.83842 0.553163 0.83842 0.551817 0.840215 0.551817 0.843806 0.553163 0.845601 0.553163 0.850987 0.554509 0.852783 0.554509 0.856373 0.555855 0.854578 0.565276 0.854578 0.566622 0.852783 0.577389 0.852783 0.578735 0.850987 0.581427 0.850987 0.582773 0.849192 0.58681 0.849192 0.58681 0.83842 0.578735 0.83842 0.577389 0.836625 0.569314 0.836625 0.567968 0.834829 0.559892 0.834829
1 0.998654 0.829443 0.997308 0.831239 0.995962 0.831239 0.994616 0.833034 0.993271 0.833034 0.991925 0.834829 0.990579 0.834829 0.989233 0.836625 0.987887 0.836625 0.985195 0.840215 0.983849 0.840215 0.982503 0.842011 0.981157 0.842011 0.979812 0.843806 0.978466 0.843806 0.97712 0.845601 0.975774 0.845601 0.974428 0.847397 0.973082 0.845601 0.971736 0.845601 0.97039 0.843806 0.969044 0.843806 0.967699 0.842011 0.966353 0.842011 0.965007 0.840215 0.963661 0.840215 0.962315 0.83842 0.960969 0.83842 0.959623 0.836625 0.958277 0.836625 0.956931 0.834829 0.944818 0.834829 0.944818 0.836625 0.940781 0.842011 0.940781 0.843806 0.938089 0.847397 0.938089 0.849192 0.936743 0.850987 0.936743 0.861759 0.938089 0.863555 0.938089 0.872531 0.946164 0.883303 0.948856 0.883303 0.950202 0.881508 0.95424 0.881508 0.955585 0.879713 0.958277 0.879713 0.959623 0.877917 0.962315 0.877917 0.963661 0.876122 0.965007 0.877917 0.966353 0.877917 0.967699 0.879713 0.969044 0.879713 0.97039 0.881508 0.971736 0.881508 0.973082 0.883303 0.975774 0.883303 0.97712 0.885099 0.978466 0.885099 0.979812 0.886894 0.981157 0.886894 0.982503 0.888689 0.990579 0.888689 0.991925 0.890485 0.998654 0.890485
1 0.267833 0.75763 0.266487 0.759425 0.266487 0.761221 0.26245 0.766607 0.26245 0.768402 0.259758 0.771993 0.253028 0.771993 0.251682 0.773788 0.250336 0.773788 0.248991 0.775583 0.247645 0.775583 0.247645 0.786355 0.283984 0.786355 0.28533 0.78456 0.289367 0.78456 0.290713 0.782765 0.294751 0.782765 0.296097 0.780969 0.300135 0.780969 0.30148 0.779174 0.30821 0.779174 0.309556 0.777379 0.316285 0.777379 0.317631 0.775583 0.324361 0.775583 0.324361 0.771993 0.325707 0.770197 0.325707 0.766607 0.324361 0.768402 0.316285 0.768402 0.314939 0.770197 0.305518 0.770197 0.304172 0.771993 0.296097 0.771993 0.294751 0.773788 0.286676 0.773788 0.28533 0.771993 0.283984 0.771993 0.281292 0.768402 0.279946 0.768402 0.277254 0.764811 0.275908 0.764811 0.274563 0.763016 0.273217 0.763016 0.270525 0.759425 0.269179 0.759425
1 0.53432 0.737882 0.532974 0.739677 0.531629 0.739677 0.530283 0.741472 0.528937 0.741472 0.527591 0.743268 0.526245 0.743268 0.524899 0.745063 0.523553 0.745063 0.523553 0.748654 0.524899 0.750449 0.524899 0.754039 0.526245 0.752244 0.531629 0.752244 0.532974 0.750449 0.538358 0.750449 0.539704 0.748654 0.546433 0.748654 0.547779 0.746858 0.553163 0.746858 0.553163 0.743268 0.554509 0.741472 0.554509 0.737882
1 0.807537 0.698384 0.806191 0.70018 0.803499 0.70018 0.802153 0.701975 0.799462 0.701975 0.800808 0.70377 0.800808 0.705566 0.803499 0.709156 0.803499 0.710952 0.804845 0.712747 0.804845 0.714542 0.806191 0.716338 0.807537 0.714542 0.811575 0.714542 0.812921 0.712747 0.816958 0.712747 0.818304 0.710952 0.820996 0.710952 0.822342 0.709156 0.82638 0.709156 0.82638 0.707361 0.825034 0.705566 0.825034 0.701975 0.823688 0.70018 0.823688 0.698384
1 0.388964 0.671454 0.387618 0.67325 0.376851 0.67325 0.375505 0.675045 0.371467 0.675045 0.370121 0.67684 0.364738 0.67684 0.363392 0.678636 0.359354 0.678636 0.358008 0.680431 0.352624 0.680431 0.351279 0.682226 0.348587 0.682226 0.347241 0.684022 0.345895 0.684022 0.344549 0.685817 0.341857 0.685817 0.341857 0.687612 0.340511 0.689408 0.340511 0.691203 0.339166 0.692998 0.339166 0.694794 0.33782 0.696589 0.33782 0.698384 0.336474 0.70018 0.336474 0.701975 0.335128 0.70377 0.336474 0.70377 0.33782 0.705566 0.339166 0.705566 0.341857 0.709156 0.343203 0.709156 0.344549 0.710952 0.345895 0.710952 0.347241 0.712747 0.359354 0.712747 0.363392 0.707361 0.364738 0.707361 0.370121 0.70018 0.371467 0.70018 0.372813 0.698384 0.386272 0.698384 0.388964 0.694794 0.39031 0.694794 0.393001 0.691203 0.394347 0.691203 0.397039 0.687612 0.398385 0.687612 0.395693 0.684022 0.395693 0.682226 0.391655 0.67684 0.391655 0.675045
1 0.889637 0.648115 0.889637 0.660682 0.890983 0.658887 0.899058 0.658887 0.900404 0.657092 0.908479 0.657092 0.908479 0.653501 0.909825 0.651706 0.909825 0.648115
1 0.711978 0.635548 0.710633 0.637343 0.687752 0.637343 0.685061 0.640934 0.685061 0.642729 0.682369 0.64632 0.683715 0.648115 0.683715 0.64991 0.685061 0.651706 0.685061 0.653501 0.686406 0.655296 0.686406 0.657092 0.687752 0.658887 0.687752 0.660682 0.689098 0.662478 0.693136 0.662478 0.694482 0.664273 0.69852 0.664273 0.699865 0.666068 0.702557 0.666068 0.703903 0.667864 0.707941 0.667864 0.709287 0.669659 0.707941 0.671454 0.706595 0.671454 0.705249 0.67325 0.702557 0.67325 0.701211 0.675045 0.699865 0.675045 0.69852 0.67684 0.695828 0.67684 0.694482 0.678636 0.693136 0.678636 0.69179 0.680431 0.689098 0.680431 0.689098 0.682226 0.687752 0.684022 0.687752 0.689408 0.686406 0.691203 0.686406 0.692998 0.69179 0.70018 0.693136 0.70018 0.701211 0.710952 0.716016 0.710952 0.720054 0.716338 0.720054 0.718133 0.726783 0.72711 0.726783 0.728905 0.729475 0.732496 0.733513 0.72711 0.734859 0.72711 0.736205 0.725314 0.730821 0.718133 0.730821 0.716338 0.7214 0.70377 0.7214 0.701975 0.718708 0.698384 0.720054 0.696589 0.724092 0.696589 0.732167 0.707361 0.732167 0.709156 0.738896 0.718133 0.742934 0.718133 0.74428 0.719928 0.748318 0.719928 0.749664 0.721724 0.753701 0.721724 0.755047 0.723519 0.755047 0.718133 0.756393 0.716338 0.756393 0.712747 0.755047 0.712747 0.752355 0.709156 0.751009 0.709156 0.748318 0.705566 0.746972 0.705566 0.74428 0.701975 0.742934 0.701975 0.740242 0.698384 0.738896 0.698384 0.73755 0.696589 0.73755 0.687612 0.734859 0.684022 0.734859 0.682226 0.730821 0.67684 0.730821 0.675045 0.728129 0.671454 0.732167 0.666068 0.733513 0.666068 0.73755 0.660682 0.738896 0.660682 0.742934 0.655296 0.74428 0.655296 0.746972 0.651706 0.748318 0.651706 0.749664 0.64991 0.749664 0.648115 0.751009 0.64632 0.751009 0.644524 0.752355 0.642729 0.752355 0.640934 0.753701 0.639138 0.753701 0.637343 0.752355 0.639138 0.748318 0.639138 0.746972 0.640934 0.745626 0.640934 0.74428 0.642729 0.742934 0.642729 0.740242 0.64632 0.738896 0.64632 0.73755 0.648115 0.736205 0.648115 0.734859 0.64991 0.733513 0.64991 0.732167 0.651706 0.729475 0.651706 0.728129 0.653501 0.726783 0.653501 0.725437 0.655296 0.716016 0.655296 0.71467 0.653501 0.709287 0.653501 0.707941 0.651706 0.709287 0.64991 0.709287 0.648115 0.711978 0.644524
1 0.897712 0.578097 0.896366 0.579892 0.89502 0.579892 0.893674 0.581688 0.892328 0.581688 0.889637 0.585278 0.888291 0.585278 0.886945 0.587074 0.885599 0.587074 0.884253 0.588869 0.882907 0.588869 0.881561 0.590664 0.878869 0.590664 0.877524 0.59246 0.874832 0.59246 0.873486 0.594255 0.87214 0.594255 0.870794 0.59605 0.868102 0.59605 0.868102 0.597846 0.869448 0.599641 0.882907 0.599641 0.885599 0.603232 0.885599 0.605027 0.886945 0.606822 0.886945 0.608618 0.888291 0.610413 0.888291 0.612208 0.889637 0.614004 0.889637 0.615799 0.890983 0.617594 0.890983 0.61939 0.892328 0.621185 0.915209 0.621185 0.916555 0.61939 0.939435 0.61939 0.940781 0.617594 0.944818 0.617594 0.946164 0.615799 0.971736 0.615799 0.973082 0.614004 0.998654 0.614004 0.998654 0.599641 0.97712 0.599641 0.975774 0.597846 0.952894 0.597846 0.951548 0.59605 0.942127 0.59605 0.940781 0.594255 0.934051 0.594255 0.932705 0.59246 0.92463 0.59246 0.919246 0.585278 0.919246 0.583483 0.915209 0.578097
1 0.250336 0.545781 0.248991 0.547576 0.23284 0.547576 0.231494 0.549372 0.228802 0.549372 0.227456 0.551167 0.224764 0.551167 0.223419 0.552962 0.215343 0.552962 0.213997 0.551167 0.208614 0.551167 0.207268 0.549372 0.205922 0.551167 0.181696 0.551167 0.181696 0.558348 0.183042 0.560144 0.183042 0.567325 0.208614 0.567325 0.20996 0.56912 0.216689 0.56912 0.216689 0.56553 0.218035 0.563734 0.218035 0.560144 0.219381 0.558348 0.220727 0.560144 0.23284 0.560144 0.234186 0.558348 0.238223 0.558348 0.239569 0.556553 0.244953 0.556553 0.246299 0.554758 0.250336 0.554758
1 0.629879 0.535009 0.628533 0.536804 0.625841 0.536804 0.624495 0.5386 0.623149 0.5386 0.621803 0.540395 0.619112 0.540395 0.619112 0.543986 0.620458 0.545781 0.620458 0.551167 0.623149 0.551167 0.624495 0.552962 0.625841 0.552962 0.627187 0.554758 0.629879 0.554758 0.631225 0.556553 0.633917 0.556553 0.635262 0.558348 0.636608 0.558348 0.637954 0.560144 0.640646 0.560144 0.641992 0.561939 0.647376 0.561939 0.648721 0.563734 0.652759 0.563734 0.654105 0.56553 0.659489 0.56553 0.66218 0.56912 0.663526 0.56912 0.666218 0.572711 0.667564 0.572711 0.671602 0.578097 0.672948 0.578097 0.675639 0.581688 0.678331 0.581688 0.679677 0.583483 0.682369 0.583483 0.683715 0.585278 0.686406 0.585278 0.687752 0.587074 0.690444 0.587074 0.69179 0.588869 0.694482 0.588869 0.695828 0.590664 0.697174 0.588869 0.716016 0.588869 0.717362 0.587074 0.724092 0.587074 0.725437 0.585278 0.733513 0.585278 0.734859 0.583483 0.741588 0.583483 0.742934 0.581688 0.742934 0.579892 0.74428 0.578097 0.741588 0.578097 0.740242 0.576302 0.738896 0.576302 0.73755 0.574506 0.734859 0.574506 0.733513 0.572711 0.732167 0.572711 0.730821 0.570916 0.732167 0.56912 0.734859 0.56912 0.736205 0.567325 0.740242 0.567325 0.741588 0.56553 0.74428 0.56553 0.74428 0.558348 0.742934 0.560144 0.728129 0.560144 0.726783 0.561939 0.722746 0.561939 0.7214 0.563734 0.717362 0.563734 0.716016 0.56553 0.711978 0.56553 0.710633 0.567325 0.702557 0.567325 0.701211 0.56553 0.69852 0.56553 0.697174 0.563734 0.693136 0.563734 0.69179 0.561939 0.690444 0.561939 0.689098 0.560144 0.686406 0.560144 0.685061 0.558348 0.683715 0.558348 0.682369 0.556553 0.679677 0.556553 0.678331 0.554758 0.676985 0.554758 0.675639 0.552962 0.672948 0.552962 0.671602 0.551167 0.670256 0.551167 0.66891 0.549372 0.667564 0.549372 0.664872 0.545781 0.663526 0.545781 0.66218 0.543986 0.660834 0.543986 0.659489 0.54219 0.658143 0.54219 0.655451 0.5386 0.654105 0.5386 0.652759 0.536804 0.631225 0.536804
1 0.15747 0.509874 0.156124 0.51167 0.145357 0.51167 0.144011 0.513465 0.133244 0.513465 0.131898 0.51526 0.121131 0.51526 0.121131 0.517056 0.122476 0.518851 0.122476 0.520646 0.123822 0.522442 0.123822 0.524237 0.125168 0.522442 0.15074 0.522442 0.152086 0.520646 0.153432 0.520646 0.154778 0.518851 0.15747 0.518851 0.158816 0.517056 0.160162 0.517056 0.158816 0.51526 0.158816 0.513465 0.15747 0.51167
1 0.310902 0.499102 0.309556 0.500898 0.30821 0.500898 0.306864 0.502693 0.305518 0.502693 0.304172 0.504488 0.302826 0.504488 0.300135 0.508079 0.298789 0.508079 0.297443 0.509874 0.296097 0.509874 0.294751 0.51167 0.265141 0.51167 0.263795 0.509874 0.263795 0.524237 0.294751 0.524237 0.296097 0.526032 0.297443 0.524237 0.300135 0.524237 0.30148 0.522442 0.304172 0.522442 0.305518 0.520646 0.309556 0.520646 0.310902 0.518851 0.313594 0.518851 0.314939 0.517056 0.317631 0.517056 0.325707 0.506284 0.323015 0.506284 0.321669 0.504488 0.318977 0.504488 0.317631 0.502693 0.316285 0.502693 0.314939 0.500898 0.312248 0.500898
1 0.414536 0.497307 0.414536 0.500898 0.411844 0.504488 0.401077 0.504488 0.399731 0.502693 0.398385 0.504488 0.394347 0.504488 0.393001 0.506284 0.388964 0.506284 0.39031 0.508079 0.39031 0.509874 0.394347 0.51526 0.394347 0.517056 0.397039 0.520646 0.397039 0.522442 0.398385 0.524237 0.399731 0.522442 0.402423 0.522442 0.403769 0.520646 0.434724 0.520646 0.43607 0.522442 0.437416 0.520646 0.446837 0.520646 0.448183 0.518851 0.450875 0.518851 0.452221 0.517056 0.453567 0.517056 0.454913 0.51526 0.457604 0.51526 0.45895 0.513465 0.461642 0.513465 0.45895 0.509874 0.45895 0.508079 0.457604 0.506284 0.446837 0.506284 0.445491 0.504488 0.434724 0.504488 0.433378 0.502693 0.430686 0.502693 0.429341 0.500898 0.427995 0.500898 0.426649 0.499102 0.423957 0.499102 0.422611 0.497307
1 0.531629 0.495512 0.531629 0.504488 0.530283 0.506284 0.530283 0.513465 0.528937 0.51526 0.527591 0.51526 0.526245 0.513465 0.523553 0.513465 0.522207 0.51167 0.520861 0.513465 0.51817 0.513465 0.516824 0.51526 0.514132 0.51526 0.512786 0.517056 0.51144 0.517056 0.510094 0.518851 0.507402 0.518851 0.506057 0.520646 0.503365 0.520646 0.503365 0.526032 0.504711 0.527828 0.504711 0.533214 0.506057 0.533214 0.507402 0.535009 0.510094 0.535009 0.51144 0.536804 0.512786 0.536804 0.514132 0.5386 0.515478 0.5386 0.516824 0.540395 0.519515 0.536804 0.520861 0.536804 0.523553 0.533214 0.524899 0.533214 0.527591 0.529623 0.528937 0.529623 0.531629 0.526032 0.535666 0.526032 0.537012 0.527828 0.54105 0.527828 0.542396 0.529623 0.545087 0.529623 0.546433 0.531418 0.547779 0.529623 0.562584 0.529623 0.562584 0.526032 0.561238 0.524237 0.561238 0.51526 0.559892 0.513465 0.559892 0.509874 0.555855 0.504488 0.554509 0.504488 0.547779 0.495512
1 0.893674 0.490126 0.890983 0.493716 0.888291 0.493716 0.886945 0.495512 0.884253 0.495512 0.882907 0.497307 0.880215 0.497307 0.878869 0.499102 0.877524 0.499102 0.876178 0.500898 0.874832 0.500898 0.87214 0.504488 0.870794 0.504488 0.869448 0.506284 0.868102 0.506284 0.869448 0.506284 0.870794 0.508079 0.87214 0.508079 0.873486 0.509874 0.874832 0.509874 0.876178 0.51167 0.877524 0.51167 0.878869 0.513465 0.892328 0.513465 0.893674 0.51526 0.897712 0.51526 0.899058 0.517056 0.904441 0.517056 0.905787 0.518851 0.904441 0.520646 0.904441 0.522442 0.903096 0.524237 0.903096 0.531418 0.907133 0.531418 0.908479 0.533214 0.911171 0.533214 0.912517 0.535009 0.916555 0.535009 0.9179 0.536804 0.919246 0.536804 0.920592 0.5386 0.921938 0.5386 0.923284 0.540395 0.923284 0.5386 0.921938 0.536804 0.921938 0.529623 0.920592 0.527828 0.920592 0.524237 0.921938 0.522442 0.923284 0.524237 0.92463 0.524237 0.925976 0.526032 0.927322 0.526032 0.928668 0.527828 0.931359 0.527828 0.932705 0.529623 0.934051 0.529623 0.935397 0.531418 0.935397 0.533214 0.936743 0.535009 0.936743 0.536804 0.938089 0.5386 0.938089 0.540395 0.939435 0.54219 0.943472 0.54219 0.944818 0.543986 0.948856 0.543986 0.950202 0.545781 0.95424 0.545781 0.955585 0.547576 0.960969 0.547576 0.962315 0.549372 0.966353 0.549372 0.967699 0.551167 0.971736 0.551167 0.974428 0.554758 0.974428 0.556553 0.97712 0.560144 0.987887 0.560144 0.989233 0.561939 0.998654 0.561939 0.998654 0.535009 0.997308 0.533214 0.997308 0.529623 0.995962 0.527828 0.995962 0.526032 0.994616 0.524237 0.994616 0.520646 0.993271 0.518851 0.993271 0.517056 0.991925 0.517056 0.989233 0.513465 0.987887 0.513465 0.985195 0.509874 0.983849 0.509874 0.979812 0.51526 0.979812 0.517056 0.974428 0.524237 0.973082 0.522442 0.969044 0.522442 0.967699 0.520646 0.962315 0.520646 0.960969 0.518851 0.956931 0.518851 0.955585 0.517056 0.950202 0.517056 0.948856 0.51526 0.94751 0.51526 0.944818 0.51167 0.943472 0.51167 0.940781 0.508079 0.939435 0.508079 0.938089 0.506284 0.921938 0.506284 0.920592 0.504488 0.919246 0.504488 0.9179 0.502693 0.916555 0.502693 0.915209 0.500898 0.913863 0.500898 0.912517 0.499102 0.911171 0.499102 0.909825 0.497307 0.908479 0.497307 0.907133 0.495512 0.905787 0.495512 0.904441 0.493716 0.90175 0.493716 0.900404 0.491921 0.899058 0.491921 0.897712 0.490126
1 0.652759 0.482944 0.652759 0.486535 0.651413 0.48833 0.651413 0.493716 0.650067 0.495512 0.650067 0.497307 0.652759 0.497307 0.654105 0.499102 0.655451 0.499102 0.656797 0.500898 0.659489 0.500898 0.660834 0.502693 0.675639 0.502693 0.676985 0.504488 0.679677 0.504488 0.681023 0.506284 0.683715 0.506284 0.685061 0.508079 0.687752 0.508079 0.689098 0.509874 0.690444 0.508079 0.701211 0.508079 0.702557 0.506284 0.71467 0.506284 0.716016 0.508079 0.717362 0.508079 0.720054 0.51167 0.718708 0.513465 0.716016 0.513465 0.71467 0.51526 0.713324 0.51526 0.711978 0.517056 0.697174 0.517056 0.695828 0.51526 0.694482 0.517056 0.693136 0.517056 0.690444 0.520646 0.689098 0.520646 0.69852 0.533214 0.699865 0.533214 0.701211 0.535009 0.702557 0.535009 0.703903 0.536804 0.706595 0.536804 0.707941 0.5386 0.709287 0.5386 0.710633 0.540395 0.711978 0.540395 0.713324 0.54219 0.720054 0.54219 0.7214 0.543986 0.726783 0.543986 0.728129 0.545781 0.738896 0.545781 0.738896 0.54219 0.740242 0.540395 0.740242 0.535009 0.741588 0.533214 0.741588 0.527828 0.742934 0.526032 0.742934 0.522442 0.74428 0.520646 0.746972 0.520646 0.748318 0.518851 0.749664 0.518851 0.751009 0.517056 0.753701 0.517056 0.755047 0.51526 0.756393 0.51526 0.757739 0.513465 0.760431 0.513465 0.761777 0.51167 0.761777 0.509874 0.764468 0.506284 0.760431 0.506284 0.759085 0.504488 0.756393 0.504488 0.755047 0.502693 0.751009 0.502693 0.749664 0.500898 0.746972 0.500898 0.745626 0.499102 0.742934 0.499102 0.741588 0.497307 0.738896 0.497307 0.73755 0.495512 0.736205 0.495512 0.734859 0.493716 0.732167 0.493716 0.730821 0.491921 0.706595 0.491921 0.705249 0.490126 0.69179 0.490126 0.690444 0.48833 0.676985 0.48833 0.675639 0.486535 0.664872 0.486535 0.663526 0.48474 0.654105 0.48474
1 0.559892 0.473968 0.559892 0.475763 0.558546 0.477558 0.558546 0.479354 0.557201 0.481149 0.557201 0.482944 0.565276 0.482944 0.566622 0.48474 0.574697 0.48474 0.576043 0.486535 0.577389 0.48474 0.588156 0.48474 0.588156 0.477558 0.574697 0.477558 0.573351 0.475763 0.561238 0.475763
1 0.213997 0.466786 0.212651 0.468582 0.204576 0.468582 0.20323 0.470377 0.196501 0.470377 0.196501 0.475763 0.195155 0.477558 0.184388 0.477558 0.183042 0.475763 0.183042 0.470377 0.177658 0.470377 0.176312 0.472172 0.131898 0.472172 0.130552 0.470377 0.129206 0.472172 0.129206 0.473968 0.12786 0.475763 0.12786 0.477558 0.125168 0.481149 0.125168 0.482944 0.123822 0.48474 0.138627 0.48474 0.139973 0.486535 0.154778 0.486535 0.156124 0.48833 0.187079 0.48833 0.188425 0.486535 0.196501 0.486535 0.197847 0.48474 0.204576 0.48474 0.205922 0.482944 0.213997 0.482944 0.220727 0.473968 0.222073 0.473968 0.227456 0.466786
1 0.340511 0.459605 0.340511 0.472172 0.343203 0.472172 0.344549 0.473968 0.347241 0.473968 0.348587 0.475763 0.349933 0.475763 0.351279 0.477558 0.35397 0.477558 0.355316 0.479354 0.35397 0.481149 0.349933 0.481149 0.348587 0.482944 0.345895 0.482944 0.344549 0.48474 0.340511 0.48474 0.341857 0.48474 0.343203 0.486535 0.345895 0.486535 0.347241 0.48833 0.348587 0.48833 0.349933 0.490126 0.351279 0.490126 0.352624 0.491921 0.35397 0.490126 0.364738 0.490126 0.366083 0.48833 0.378197 0.48833 0.379542 0.486535 0.39031 0.486535 0.391655 0.48474 0.405114 0.48474 0.40646 0.482944 0.421265 0.482944 0.421265 0.481149 0.419919 0.479354 0.419919 0.477558 0.418573 0.475763 0.418573 0.473968 0.419919 0.472172 0.421265 0.472172 0.426649 0.479354 0.442799 0.479354 0.444145 0.481149 0.468371 0.481149 0.469717 0.482944 0.473755 0.482944 0.475101 0.48474 0.479139 0.48474 0.480485 0.486535 0.51817 0.486535 0.519515 0.48833 0.520861 0.486535 0.523553 0.486535 0.524899 0.48474 0.527591 0.48474 0.528937 0.482944 0.531629 0.482944 0.532974 0.481149 0.535666 0.481149 0.535666 0.475763 0.530283 0.475763 0.528937 0.473968 0.524899 0.473968 0.523553 0.472172 0.51817 0.472172 0.516824 0.470377 0.51144 0.470377 0.510094 0.468582 0.506057 0.468582 0.504711 0.466786 0.499327 0.466786 0.497981 0.464991 0.496635 0.466786 0.493943 0.466786 0.492598 0.468582 0.491252 0.468582 0.489906 0.470377 0.48183 0.470377 0.480485 0.468582 0.476447 0.468582 0.475101 0.466786 0.461642 0.466786 0.460296 0.464991 0.445491 0.464991 0.444145 0.466786 0.432032 0.466786 0.430686 0.468582 0.417227 0.468582 0.415882 0.470377 0.409152 0.470377 0.407806 0.472172 0.401077 0.472172 0.399731 0.473968 0.391655 0.473968 0.39031 0.472172 0.387618 0.472172 0.386272 0.470377 0.384926 0.470377 0.38358 0.468582 0.382234 0.468582 0.388964 0.477558 0.387618 0.479354 0.368775 0.479354 0.367429 0.481149 0.359354 0.470377 0.359354 0.468582 0.352624 0.459605
1 0.300135 0.459605 0.298789 0.4614 0.289367 0.4614 0.288022 0.463196 0.2786 0.463196 0.277254 0.464991 0.258412 0.464991 0.257066 0.463196 0.248991 0.463196 0.247645 0.4614 0.246299 0.463196 0.236878 0.463196 0.235532 0.464991 0.234186 0.464991 0.23284 0.466786 0.230148 0.466786 0.230148 0.472172 0.231494 0.473968 0.231494 0.479354 0.234186 0.479354 0.235532 0.481149 0.238223 0.481149 0.239569 0.482944 0.242261 0.482944 0.243607 0.48474 0.246299 0.48474 0.247645 0.486535 0.25572 0.486535 0.257066 0.48474 0.279946 0.48474 0.281292 0.482944 0.281292 0.481149 0.282638 0.479354 0.282638 0.477558 0.28533 0.473968 0.288022 0.473968 0.289367 0.472172 0.293405 0.472172 0.294751 0.473968 0.296097 0.473968 0.30148 0.481149 0.302826 0.481149 0.305518 0.48474 0.306864 0.482944 0.306864 0.481149 0.309556 0.477558 0.30821 0.475763 0.30821 0.473968 0.304172 0.468582 0.304172 0.466786 0.30148 0.463196 0.30148 0.4614
1 0.958277 0.456014 0.956931 0.45781 0.950202 0.45781 0.948856 0.459605 0.942127 0.459605 0.940781 0.4614 0.939435 0.4614 0.938089 0.463196 0.935397 0.463196 0.934051 0.464991 0.932705 0.464991 0.932705 0.473968 0.939435 0.473968 0.940781 0.475763 0.94751 0.475763 0.948856 0.477558 0.969044 0.477558 0.97039 0.475763 0.971736 0.475763 0.974428 0.472172 0.975774 0.472172 0.97712 0.470377 0.978466 0.470377 0.978466 0.463196 0.974428 0.463196 0.973082 0.4614 0.969044 0.4614 0.967699 0.459605 0.965007 0.459605 0.963661 0.45781 0.959623 0.45781
1 0.557201 0.443447 0.557201 0.445242 0.555855 0.447038 0.555855 0.450628 0.554509 0.452424 0.554509 0.456014 0.553163 0.45781 0.553163 0.459605 0.567968 0.459605 0.569314 0.4614 0.569314 0.454219 0.570659 0.452424 0.570659 0.445242 0.558546 0.445242
1 0.97039 0.441652 0.97039 0.445242 0.969044 0.447038 0.969044 0.450628 0.982503 0.450628 0.983849 0.452424 0.983849 0.445242 0.982503 0.445242 0.981157 0.443447 0.979812 0.443447 0.978466 0.441652
1 0.282638 0.441652 0.282638 0.443447 0.283984 0.445242 0.283984 0.447038 0.28533 0.448833 0.28533 0.450628 0.294751 0.450628 0.296097 0.448833 0.304172 0.448833 0.304172 0.445242 0.302826 0.443447 0.302826 0.441652
1 0.802153 0.438061 0.802153 0.450628 0.81965 0.450628 0.81965 0.448833 0.820996 0.447038 0.820996 0.445242 0.815612 0.438061
1 0.606999 0.411131 0.606999 0.414722 0.605653 0.416517 0.605653 0.423698 0.604307 0.425494 0.602961 0.425494 0.601615 0.427289 0.600269 0.427289 0.598923 0.429084 0.598923 0.43088 0.597577 0.432675 0.601615 0.432675 0.602961 0.43088 0.604307 0.43088 0.608345 0.425494 0.60969 0.425494 0.611036 0.423698 0.611036 0.411131
1 0.258412 0.393178 0.257066 0.394973 0.254374 0.394973 0.253028 0.396768 0.248991 0.396768 0.247645 0.398564 0.244953 0.398564 0.243607 0.400359 0.239569 0.400359 0.238223 0.402154 0.231494 0.402154 0.230148 0.40395 0.223419 0.40395 0.222073 0.405745 0.220727 0.405745 0.218035 0.409336 0.216689 0.409336 0.215343 0.411131 0.213997 0.411131 0.212651 0.412926 0.211306 0.412926 0.208614 0.416517 0.207268 0.416517 0.207268 0.418312 0.208614 0.420108 0.208614 0.421903 0.20996 0.423698 0.234186 0.423698 0.235532 0.425494 0.247645 0.425494 0.253028 0.418312 0.253028 0.416517 0.261104 0.405745 0.263795 0.409336 0.263795 0.411131 0.266487 0.414722 0.265141 0.416517 0.265141 0.418312 0.261104 0.423698 0.261104 0.425494 0.270525 0.425494 0.271871 0.423698 0.283984 0.423698 0.28533 0.421903 0.292059 0.421903 0.292059 0.402154 0.288022 0.402154 0.286676 0.400359 0.282638 0.400359 0.281292 0.398564 0.2786 0.398564 0.277254 0.396768 0.273217 0.396768 0.271871 0.394973 0.267833 0.394973 0.266487 0.393178
1 0.02961 0.387792 0.028264 0.389587 0.024226 0.389587 0.02288 0.391382 0.017497 0.391382 0.016151 0.393178 0.012113 0.393178 0.010767 0.394973 0.006729 0.394973 0.006729 0.412926 0.008075 0.412926 0.009421 0.414722 0.012113 0.414722 0.013459 0.416517 0.014805 0.416517 0.016151 0.418312 0.018843 0.418312 0.020188 0.420108 0.021534 0.420108 0.02288 0.421903 0.021534 0.423698 0.006729 0.423698 0.006729 0.43447 0.008075 0.43447 0.009421 0.436266 0.014805 0.436266 0.016151 0.43447 0.018843 0.43447 0.020188 0.432675 0.02288 0.432675 0.024226 0.43088 0.025572 0.43088 0.026918 0.429084 0.02961 0.429084 0.030956 0.427289 0.033647 0.427289 0.034993 0.425494 0.037685 0.425494 0.039031 0.423698 0.041723 0.423698 0.043069 0.421903 0.04576 0.421903 0.047106 0.420108 0.048452 0.421903 0.05249 0.421903 0.053836 0.423698 0.059219 0.423698 0.060565 0.425494 0.064603 0.425494 0.067295 0.421903 0.068641 0.421903 0.071332 0.418312 0.071332 0.414722 0.069987 0.412926 0.069987 0.40395 0.068641 0.402154 0.068641 0.398564 0.067295 0.398564 0.065949 0.396768 0.063257 0.396768 0.061911 0.394973 0.059219 0.394973 0.057873 0.393178 0.055182 0.393178 0.053836 0.391382 0.05249 0.391382 0.051144 0.389587 0.048452 0.389587 0.047106 0.387792
1 0.64603 0.351885 0.64603 0.357271 0.644684 0.359066 0.644684 0.366248 0.617766 0.402154 0.627187 0.414722 0.629879 0.414722 0.631225 0.412926 0.632571 0.412926 0.635262 0.409336 0.636608 0.409336 0.6393 0.405745 0.640646 0.405745 0.643338 0.402154 0.644684 0.402154 0.647376 0.398564 0.648721 0.400359 0.671602 0.400359 0.672948 0.398564 0.687752 0.398564 0.689098 0.396768 0.693136 0.402154 0.694482 0.402154 0.701211 0.411131 0.702557 0.411131 0.705249 0.414722 0.720054 0.414722 0.717362 0.411131 0.716016 0.411131 0.705249 0.396768 0.703903 0.396768 0.693136 0.382406 0.69179 0.382406 0.686406 0.375224 0.686406 0.371634 0.685061 0.369838 0.685061 0.364452 0.683715 0.362657 0.683715 0.360862 0.678331 0.360862 0.676985 0.359066 0.671602 0.359066 0.670256 0.357271 0.664872 0.357271 0.663526 0.355476 0.658143 0.355476 0.656797 0.35368 0.651413 0.35368 0.650067 0.351885
1 0.432032 0.351885 0.430686 0.35368 0.426649 0.35368 0.425303 0.355476 0.419919 0.355476 0.418573 0.357271 0.414536 0.357271 0.41319 0.359066 0.409152 0.359066 0.409152 0.360862 0.407806 0.362657 0.407806 0.364452 0.40646 0.366248 0.40646 0.368043 0.430686 0.368043 0.432032 0.369838 0.430686 0.371634 0.429341 0.371634 0.426649 0.375224 0.425303 0.375224 0.422611 0.378815 0.421265 0.378815 0.418573 0.382406 0.417227 0.382406 0.414536 0.385996 0.41319 0.385996 0.410498 0.389587 0.409152 0.389587 0.40646 0.393178 0.405114 0.393178 0.403769 0.394973 0.407806 0.394973 0.409152 0.396768 0.411844 0.396768 0.41319 0.398564 0.417227 0.398564 0.419919 0.402154 0.421265 0.402154 0.423957 0.405745 0.423957 0.40754 0.425303 0.409336 0.425303 0.411131 0.426649 0.412926 0.425303 0.414722 0.425303 0.416517 0.422611 0.420108 0.422611 0.421903 0.419919 0.425494 0.415882 0.425494 0.414536 0.427289 0.409152 0.427289 0.407806 0.429084 0.403769 0.429084 0.402423 0.43088 0.398385 0.43088 0.399731 0.432675 0.399731 0.43447 0.401077 0.436266 0.401077 0.438061 0.403769 0.441652 0.403769 0.443447 0.405114 0.445242 0.409152 0.445242 0.410498 0.447038 0.41319 0.447038 0.414536 0.448833 0.422611 0.448833 0.423957 0.447038 0.427995 0.447038 0.429341 0.445242 0.433378 0.445242 0.434724 0.443447 0.43607 0.443447 0.437416 0.441652 0.438762 0.441652 0.441454 0.438061 0.442799 0.438061 0.444145 0.436266 0.445491 0.436266 0.446837 0.43447 0.448183 0.436266 0.464334 0.436266 0.462988 0.43447 0.462988 0.432675 0.461642 0.43088 0.461642 0.429084 0.450875 0.429084 0.449529 0.427289 0.437416 0.427289 0.43607 0.425494 0.437416 0.423698 0.441454 0.423698 0.442799 0.421903 0.445491 0.421903 0.446837 0.420108 0.450875 0.420108 0.452221 0.418312 0.454913 0.418312 0.456258 0.416517 0.457604 0.416517 0.45895 0.414722 0.461642 0.414722 0.462988 0.412926 0.46568 0.412926 0.467026 0.411131 0.469717 0.411131 0.471063 0.409336 0.473755 0.409336 0.475101 0.40754 0.477793 0.40754 0.479139 0.405745 0.48183 0.405745 0.483176 0.40395 0.484522 0.405745 0.485868 0.405745 0.48856 0.409336 0.489906 0.409336 0.492598 0.412926 0.493943 0.412926 0.496635 0.416517 0.497981 0.416517 0.499327 0.414722 0.497981 0.412926 0.497981 0.411131 0.493943 0.405745 0.493943 0.40395 0.492598 0.402154 0.493943 0.400359 0.495289 0.400359 0.496635 0.398564 0.497981 0.398564 0.499327 0.396768 0.500673 0.396768 0.500673 0.385996 0.499327 0.384201 0.499327 0.35368 0.472409 0.35368 0.471063 0.351885
1 0.904441 0.332136 0.904441 0.339318 0.903096 0.341113 0.903096 0.357271 0.90175 0.359066 0.90175 0.368043 0.900404 0.369838 0.890983 0.357271 0.884253 0.357271 0.874832 0.369838 0.850606 0.369838 0.846568 0.364452 0.845222 0.364452 0.841184 0.359066 0.834455 0.359066 0.833109 0.357271 0.82638 0.357271 0.825034 0.355476 0.816958 0.355476 0.815612 0.35368 0.810229 0.35368 0.810229 0.368043 0.815612 0.375224 0.816958 0.375224 0.81965 0.378815 0.81965 0.37702 0.820996 0.375224 0.820996 0.369838 0.822342 0.368043 0.823688 0.369838 0.829071 0.369838 0.830417 0.371634 0.837147 0.371634 0.838493 0.373429 0.843876 0.373429 0.845222 0.375224 0.845222 0.37702 0.843876 0.378815 0.843876 0.384201 0.84253 0.385996 0.84253 0.389587 0.843876 0.389587 0.846568 0.393178 0.847914 0.393178 0.84926 0.394973 0.850606 0.394973 0.853297 0.398564 0.854643 0.398564 0.855989 0.400359 0.857335 0.400359 0.860027 0.40395 0.862719 0.40395 0.864065 0.402154 0.86541 0.402154 0.868102 0.398564 0.869448 0.398564 0.870794 0.396768 0.87214 0.396768 0.873486 0.394973 0.874832 0.396768 0.876178 0.396768 0.878869 0.400359 0.880215 0.400359 0.881561 0.402154 0.900404 0.402154 0.90175 0.400359 0.903096 0.402154 0.904441 0.402154 0.905787 0.40395 0.907133 0.40395 0.908479 0.405745 0.909825 0.405745 0.911171 0.40754 0.913863 0.40754 0.915209 0.409336 0.916555 0.409336 0.9179 0.411131 0.919246 0.411131 0.920592 0.412926 0.925976 0.412926 0.927322 0.414722 0.934051 0.414722 0.935397 0.416517 0.940781 0.416517 0.942127 0.418312 0.962315 0.418312 0.963661 0.416517 0.965007 0.418312 0.967699 0.418312 0.969044 0.420108 0.971736 0.420108 0.973082 0.421903 0.975774 0.421903 0.97712 0.423698 0.979812 0.423698 0.981157 0.425494 0.983849 0.425494 0.985195 0.427289 0.986541 0.427289 0.989233 0.43088 0.990579 0.43088 0.991925 0.432675 0.993271 0.432675 0.994616 0.43447 0.995962 0.43447 0.998654 0.438061 0.998654 0.429084 0.997308 0.429084 0.995962 0.427289 0.993271 0.427289 0.991925 0.425494 0.990579 0.425494 0.989233 0.423698 0.986541 0.423698 0.982503 0.418312 0.981157 0.418312 0.97712 0.412926 0.975774 0.412926 0.973082 0.409336 0.971736 0.409336 0.969044 0.405745 0.967699 0.405745 0.966353 0.40395 0.965007 0.40395 0.962315 0.400359 0.960969 0.400359 0.958277 0.396768 0.956931 0.396768 0.955585 0.394973 0.951548 0.394973 0.950202 0.393178 0.944818 0.393178 0.943472 0.391382 0.939435 0.391382 0.938089 0.389587 0.934051 0.389587 0.932705 0.387792 0.927322 0.387792 0.925976 0.385996 0.921938 0.385996 0.920592 0.384201 0.919246 0.384201 0.9179 0.382406 0.916555 0.382406 0.915209 0.38061 0.912517 0.38061 0.911171 0.378815 0.909825 0.378815 0.908479 0.37702 0.907133 0.37702 0.905787 0.375224 0.905787 0.371634 0.907133 0.369838 0.907133 0.360862 0.908479 0.359066 0.908479 0.342908 0.907133 0.341113 0.907133 0.332136
