0 0.534772 0.949045 0.529976 0.955414 0.527578 0.955414 0.527578 0.977707 0.532374 0.977707 0.534772 0.980892 0.53717 0.980892 0.539568 0.984076 0.546763 0.974522 0.546763 0.971338 0.553957 0.961783 0.551559 0.961783 0.549161 0.958599 0.546763 0.958599 0.544365 0.955414 0.541966 0.955414 0.539568 0.952229 0.53717 0.952229
0 0.964029 0.929936 0.961631 0.933121 0.952038 0.933121 0.952038 0.936306 0.954436 0.93949 0.954436 0.94586 0.959233 0.94586 0.961631 0.949045 0.964029 0.949045 0.966427 0.952229 0.966427 0.949045 0.968825 0.94586 0.968825 0.942675 0.966427 0.93949 0.966427 0.936306 0.964029 0.933121
0 0.18705 0.914013 0.182254 0.920382 0.182254 0.923567 0.17506 0.933121 0.177458 0.933121 0.179856 0.936306 0.182254 0.936306 0.184652 0.93949 0.194245 0.926752 0.194245 0.917197 0.189448 0.917197
0 0.709832 0.910828 0.709832 0.933121 0.729017 0.933121 0.729017 0.914013 0.71223 0.914013
0 0.791367 0.888535 0.788969 0.89172 0.776978 0.89172 0.776978 0.901274 0.779376 0.904459 0.779376 0.917197 0.805755 0.917197 0.822542 0.93949 0.82494 0.936306 0.827338 0.936306 0.829736 0.933121 0.834532 0.933121 0.841727 0.923567 0.844125 0.923567 0.846523 0.920382 0.846523 0.904459 0.841727 0.904459 0.839329 0.901274 0.81295 0.901274 0.810552 0.898089 0.805755 0.898089 0.803357 0.894904 0.800959 0.894904 0.798561 0.89172 0.793765 0.89172
0 0.707434 0.869427 0.707434 0.88535 0.717026 0.88535 0.717026 0.869427
0 0.393285 0.859873 0.386091 0.869427 0.383693 0.869427 0.378897 0.875796 0.378897 0.878981 0.381295 0.882166 0.381295 0.88535 0.383693 0.882166 0.390887 0.882166 0.393285 0.878981 0.40048 0.878981 0.40048 0.863057 0.395683 0.863057
0 0.529976 0.840764 0.529976 0.869427 0.546763 0.869427 0.546763 0.840764
0 0.148681 0.773885 0.146283 0.77707 0.141487 0.77707 0.139089 0.780255 0.134293 0.780255 0.131894 0.783439 0.1247 0.783439 0.122302 0.786624 0.117506 0.786624 0.115108 0.789809 0.110312 0.789809 0.110312 0.796178 0.107914 0.799363 0.107914 0.812102 0.105516 0.815287 0.105516 0.824841 0.107914 0.828025 0.107914 0.83121 0.110312 0.834395 0.110312 0.83758 0.11271 0.840764 0.11271 0.843949 0.115108 0.840764 0.117506 0.840764 0.122302 0.834395 0.1247 0.834395 0.129496 0.828025 0.131894 0.828025 0.134293 0.824841 0.136691 0.824841 0.141487 0.818471 0.143885 0.818471 0.148681 0.812102 0.151079 0.812102 0.151079 0.808917 0.153477 0.805732 0.153477 0.796178 0.155875 0.792994 0.155875 0.789809 0.153477 0.786624 0.153477 0.783439 0.151079 0.780255 0.151079 0.77707
0 0.196643 0.770701 0.196643 0.773885 0.194245 0.77707 0.194245 0.783439 0.191847 0.786624 0.203837 0.786624 0.203837 0.780255 0.206235 0.77707 0.206235 0.770701
0 0.446043 0.764331 0.441247 0.770701 0.438849 0.770701 0.434053 0.77707 0.431655 0.77707 0.443645 0.77707 0.446043 0.780255 0.448441 0.780255 0.450839 0.783439 0.453237 0.783439 0.455635 0.786624 0.46283 0.786624 0.465228 0.789809 0.472422 0.789809 0.47482 0.792994 0.482014 0.792994 0.484412 0.796178 0.489209 0.796178 0.491607 0.799363 0.494005 0.799363 0.496403 0.802548 0.498801 0.802548 0.498801 0.799363 0.496403 0.796178 0.496403 0.786624 0.494005 0.783439 0.494005 0.77707 0.491607 0.77707 0.489209 0.773885 0.486811 0.773885 0.484412 0.770701 0.479616 0.770701 0.477218 0.767516 0.47482 0.767516 0.472422 0.764331
0 0.808153 0.738854 0.800959 0.748408 0.800959 0.751592 0.803357 0.754777 0.803357 0.764331 0.805755 0.767516 0.805755 0.770701 0.817746 0.786624 0.832134 0.786624 0.834532 0.783439 0.83693 0.783439 0.841727 0.77707 0.844125 0.77707 0.846523 0.773885 0.856115 0.786624 0.856115 0.796178 0.853717 0.799363 0.853717 0.808917 0.856115 0.812102 0.856115 0.815287 0.872902 0.792994 0.880096 0.802548 0.882494 0.802548 0.88729 0.808917 0.88729 0.812102 0.884892 0.815287 0.884892 0.818471 0.882494 0.821656 0.882494 0.828025 0.880096 0.83121 0.880096 0.834395 0.877698 0.83758 0.877698 0.843949 0.8753 0.847134 0.8753 0.850318 0.872902 0.853503 0.870504 0.850318 0.868106 0.850318 0.865707 0.847134 0.863309 0.847134 0.860911 0.843949 0.858513 0.843949 0.856115 0.840764 0.853717 0.843949 0.853717 0.847134 0.851319 0.850318 0.848921 0.847134 0.846523 0.847134 0.844125 0.843949 0.839329 0.843949 0.834532 0.83758 0.834532 0.834395 0.832134 0.83121 0.832134 0.828025 0.829736 0.824841 0.827338 0.824841 0.82494 0.821656 0.822542 0.821656 0.820144 0.818471 0.815348 0.818471 0.81295 0.815287 0.810552 0.815287 0.808153 0.812102 0.784173 0.812102 0.769784 0.83121 0.767386 0.828025 0.76259 0.828025 0.760192 0.824841 0.757794 0.824841 0.755396 0.821656 0.755396 0.824841 0.760192 0.83121 0.760192 0.834395 0.767386 0.843949 0.767386 0.847134 0.772182 0.853503 0.772182 0.856688 0.776978 0.856688 0.779376 0.853503 0.781775 0.853503 0.784173 0.850318 0.788969 0.850318 0.791367 0.847134 0.793765 0.847134 0.796163 0.843949 0.798561 0.847134 0.798561 0.850318 0.800959 0.853503 0.800959 0.856688 0.803357 0.859873 0.803357 0.863057 0.805755 0.866242 0.805755 0.869427 0.810552 0.869427 0.81295 0.872611 0.817746 0.872611 0.820144 0.875796 0.82494 0.875796 0.827338 0.878981 0.832134 0.878981 0.834532 0.882166 0.839329 0.882166 0.841727 0.88535 0.846523 0.88535 0.856115 0.898089 0.858513 0.898089 0.868106 0.910828 0.880096 0.910828 0.882494 0.914013 0.894484 0.914013 0.894484 0.910828 0.892086 0.907643 0.892086 0.898089 0.889688 0.894904 0.889688 0.88535 0.88729 0.882166 0.88729 0.875796 0.889688 0.872611 0.892086 0.872611 0.894484 0.869427 0.896882 0.869427 0.899281 0.866242 0.901679 0.866242 0.901679 0.863057 0.904077 0.859873 0.904077 0.853503 0.906475 0.850318 0.906475 0.843949 0.908873 0.840764 0.908873 0.834395 0.911271 0.83121 0.911271 0.824841 0.913669 0.821656 0.913669 0.818471 0.916067 0.815287 0.918465 0.818471 0.928058 0.818471 0.930456 0.821656 0.942446 0.821656 0.944844 0.824841 0.954436 0.824841 0.956835 0.828025 0.968825 0.828025 0.971223 0.83121 0.971223 0.856688 0.968825 0.859873 0.968825 0.863057 0.966427 0.866242 0.966427 0.869427 0.964029 0.872611 0.964029 0.875796 0.961631 0.878981 0.961631 0.882166 0.968825 0.89172 0.971223 0.89172 0.978417 0.901274 0.983213 0.901274 0.985612 0.898089 0.990408 0.898089 0.992806 0.894904 0.992806 0.89172 0.995204 0.888535 0.995204 0.88535 0.997602 0.882166 0.997602 0.818471 0.976019 0.818471 0.973621 0.815287 0.973621 0.812102 0.971223 0.808917 0.971223 0.805732 0.968825 0.802548 0.968825 0.796178 0.966427 0.792994 0.966427 0.786624 0.964029 0.783439 0.964029 0.780255 0.961631 0.77707 0.961631 0.773885 0.956835 0.773885 0.954436 0.770701 0.94964 0.770701 0.947242 0.767516 0.94964 0.764331 0.952038 0.764331 0.956835 0.757962 0.959233 0.757962 0.961631 0.754777 0.964029 0.754777 0.966427 0.751592 0.968825 0.751592 0.973621 0.745223 0.976019 0.745223 0.944844 0.745223 0.942446 0.742038 0.865707 0.742038 0.863309 0.745223 0.858513 0.745223 0.856115 0.748408 0.848921 0.748408 0.846523 0.751592 0.841727 0.751592 0.839329 0.754777 0.83693 0.751592 0.832134 0.751592 0.829736 0.748408 0.827338 0.748408 0.82494 0.745223 0.820144 0.745223 0.817746 0.742038 0.815348 0.742038 0.81295 0.738854
0 0.601918 0.719745 0.59952 0.72293 0.594724 0.72293 0.592326 0.726115 0.589928 0.726115 0.58753 0.729299 0.585132 0.729299 0.580336 0.735669 0.577938 0.735669 0.573141 0.742038 0.570743 0.742038 0.565947 0.748408 0.563549 0.748408 0.561151 0.751592 0.551559 0.751592 0.549161 0.754777 0.541966 0.754777 0.541966 0.767516 0.539568 0.770701 0.539568 0.783439 0.544365 0.783439 0.546763 0.786624 0.553957 0.786624 0.556355 0.789809 0.561151 0.789809 0.565947 0.796178 0.565947 0.799363 0.570743 0.805732 0.570743 0.808917 0.57554 0.815287 0.57554 0.818471 0.577938 0.821656 0.577938 0.824841 0.580336 0.828025 0.580336 0.83758 0.582734 0.840764 0.582734 0.847134 0.585132 0.850318 0.585132 0.853503 0.582734 0.856688 0.577938 0.856688 0.57554 0.859873 0.570743 0.859873 0.568345 0.863057 0.565947 0.863057 0.563549 0.866242 0.558753 0.866242 0.558753 0.878981 0.556355 0.882166 0.556355 0.894904 0.589928 0.894904 0.594724 0.888535 0.597122 0.888535 0.601918 0.882166 0.604317 0.882166 0.609113 0.875796 0.611511 0.875796 0.611511 0.869427 0.613909 0.866242 0.613909 0.856688 0.616307 0.853503 0.616307 0.808917 0.618705 0.805732 0.618705 0.796178 0.621103 0.792994 0.621103 0.783439 0.618705 0.780255 0.618705 0.773885 0.616307 0.770701 0.616307 0.761146 0.613909 0.757962 0.613909 0.751592 0.611511 0.748408 0.611511 0.742038 0.609113 0.738854 0.609113 0.735669 0.606715 0.732484 0.606715 0.729299 0.604317 0.726115 0.604317 0.72293
0 0.997602 0.713376 0.995204 0.716561 0.995204 0.719745 0.983213 0.735669 0.983213 0.738854 0.980815 0.742038 0.980815 0.745223 0.983213 0.748408 0.985612 0.748408 0.995204 0.761146 0.997602 0.761146
0 0.278177 0.694268 0.275779 0.697452 0.270983 0.697452 0.268585 0.700637 0.266187 0.700637 0.263789 0.703822 0.258993 0.703822 0.256595 0.707006 0.251799 0.707006 0.2494 0.710191 0.247002 0.710191 0.244604 0.713376 0.239808 0.713376 0.215827 0.745223 0.215827 0.754777 0.218225 0.757962 0.218225 0.767516 0.239808 0.767516 0.239808 0.764331 0.242206 0.761146 0.242206 0.751592 0.244604 0.748408 0.244604 0.745223 0.2494 0.738854 0.251799 0.738854 0.256595 0.732484 0.275779 0.732484 0.278177 0.729299 0.278177 0.726115 0.282974 0.719745 0.282974 0.716561 0.285372 0.713376 0.282974 0.710191 0.282974 0.707006 0.280576 0.703822 0.280576 0.700637 0.278177 0.697452
0 0.306954 0.66879 0.304556 0.671975 0.304556 0.675159 0.29976 0.681529 0.29976 0.684713 0.297362 0.687898 0.297362 0.694268 0.29976 0.697452 0.29976 0.703822 0.302158 0.700637 0.328537 0.700637 0.328537 0.691083 0.330935 0.687898 0.330935 0.678344 0.326139 0.678344 0.323741 0.675159 0.316547 0.675159 0.314149 0.671975 0.309353 0.671975
0 0.64988 0.471338 0.645084 0.477707 0.642686 0.477707 0.640288 0.480892 0.642686 0.484076 0.642686 0.487261 0.647482 0.493631 0.647482 0.496815 0.652278 0.503185 0.652278 0.506369 0.657074 0.512739 0.657074 0.515924 0.661871 0.522293 0.661871 0.525478 0.664269 0.528662 0.664269 0.531847 0.666667 0.535032 0.666667 0.538217 0.669065 0.541401 0.669065 0.544586 0.671463 0.547771 0.671463 0.550955 0.673861 0.55414 0.673861 0.557325 0.676259 0.56051 0.676259 0.566879 0.678657 0.570064 0.678657 0.573248 0.681055 0.576433 0.681055 0.579618 0.683453 0.582803 0.683453 0.585987 0.685851 0.589172 0.685851 0.595541 0.688249 0.598726 0.688249 0.601911 0.690647 0.605096 0.690647 0.60828 0.693046 0.611465 0.693046 0.61465 0.695444 0.617834 0.695444 0.621019 0.697842 0.624204 0.697842 0.627389 0.70024 0.630573 0.70024 0.633758 0.707434 0.643312 0.707434 0.646497 0.714628 0.656051 0.714628 0.659236 0.721823 0.66879 0.721823 0.671975 0.729017 0.681529 0.729017 0.684713 0.736211 0.694268 0.736211 0.697452 0.733813 0.700637 0.731415 0.700637 0.729017 0.697452 0.724221 0.697452 0.721823 0.694268 0.719424 0.694268 0.717026 0.691083 0.71223 0.691083 0.70024 0.675159 0.697842 0.675159 0.688249 0.66242 0.678657 0.66242 0.676259 0.659236 0.666667 0.659236 0.647482 0.684713 0.64988 0.687898 0.64988 0.691083 0.652278 0.694268 0.652278 0.697452 0.654676 0.700637 0.654676 0.703822 0.657074 0.707006 0.685851 0.707006 0.688249 0.710191 0.719424 0.710191 0.721823 0.707006 0.724221 0.707006 0.726619 0.703822 0.729017 0.703822 0.731415 0.700637 0.733813 0.700637 0.741007 0.691083 0.743405 0.691083 0.748201 0.684713 0.743405 0.678344 0.743405 0.675159 0.733813 0.66242 0.733813 0.659236 0.724221 0.646497 0.724221 0.643312 0.717026 0.633758 0.717026 0.630573 0.707434 0.617834 0.707434 0.61465 0.697842 0.601911 0.697842 0.598726 0.693046 0.592357 0.693046 0.585987 0.690647 0.582803 0.690647 0.573248 0.688249 0.570064 0.688249 0.557325 0.685851 0.55414 0.685851 0.544586 0.683453 0.541401 0.683453 0.528662 0.681055 0.525478 0.681055 0.515924 0.678657 0.512739 0.678657 0.506369 0.652278 0.471338
1 0.683453 0.949045 0.683453 0.996815 0.707434 0.996815 0.707434 0.955414 0.709832 0.952229 0.709832 0.949045
1 0.776978 0.936306 0.772182 0.942675 0.769784 0.942675 0.769784 0.952229 0.772182 0.955414 0.772182 0.968153 0.784173 0.984076 0.815348 0.984076 0.815348 0.961783 0.808153 0.952229 0.805755 0.952229 0.796163 0.93949 0.779376 0.93949
1 0.654676 0.818471 0.654676 0.83121 0.659472 0.83121 0.661871 0.834395 0.669065 0.834395 0.671463 0.83758 0.683453 0.83758 0.683453 0.834395 0.685851 0.83121 0.685851 0.824841 0.678657 0.824841 0.676259 0.821656 0.669065 0.821656 0.666667 0.818471
1 0.429257 0.780255 0.429257 0.783439 0.426859 0.786624 0.426859 0.789809 0.42446 0.792994 0.42446 0.796178 0.422062 0.799363 0.422062 0.802548 0.419664 0.805732 0.419664 0.808917 0.417266 0.812102 0.417266 0.815287 0.414868 0.818471 0.414868 0.821656 0.41247 0.824841 0.410072 0.824841 0.407674 0.828025 0.402878 0.828025 0.40048 0.83121 0.398082 0.83121 0.395683 0.834395 0.393285 0.834395 0.390887 0.83758 0.388489 0.83758 0.383693 0.843949 0.381295 0.843949 0.378897 0.847134 0.376499 0.847134 0.374101 0.850318 0.371703 0.850318 0.369305 0.853503 0.366906 0.853503 0.364508 0.856688 0.36211 0.856688 0.357314 0.863057 0.354916 0.863057 0.352518 0.866242 0.35012 0.866242 0.35012 0.869427 0.347722 0.872611 0.347722 0.878981 0.345324 0.882166 0.352518 0.882166 0.354916 0.878981 0.364508 0.878981 0.366906 0.875796 0.376499 0.875796 0.383693 0.866242 0.386091 0.866242 0.393285 0.856688 0.395683 0.859873 0.40048 0.859873 0.402878 0.863057 0.402878 0.875796 0.405276 0.875796 0.407674 0.872611 0.41247 0.872611 0.414868 0.869427 0.419664 0.869427 0.422062 0.866242 0.42446 0.869427 0.42446 0.872611 0.422062 0.875796 0.422062 0.882166 0.419664 0.88535 0.419664 0.89172 0.417266 0.894904 0.417266 0.898089 0.422062 0.898089 0.422062 0.894904 0.426859 0.888535 0.426859 0.88535 0.431655 0.878981 0.431655 0.875796 0.436451 0.869427 0.450839 0.869427 0.453237 0.866242 0.455635 0.869427 0.455635 0.872611 0.453237 0.875796 0.453237 0.88535 0.450839 0.888535 0.450839 0.898089 0.448441 0.901274 0.448441 0.910828 0.450839 0.914013 0.450839 0.923567 0.453237 0.926752 0.453237 0.936306 0.458034 0.929936 0.458034 0.926752 0.465228 0.917197 0.465228 0.914013 0.467626 0.910828 0.465228 0.907643 0.46283 0.907643 0.458034 0.901274 0.460432 0.898089 0.460432 0.894904 0.46283 0.89172 0.46283 0.888535 0.465228 0.88535 0.465228 0.882166 0.47482 0.869427 0.47482 0.866242 0.486811 0.850318 0.486811 0.847134 0.494005 0.83758 0.494005 0.83121 0.496403 0.828025 0.496403 0.815287 0.498801 0.812102 0.498801 0.805732 0.496403 0.805732 0.494005 0.802548 0.491607 0.802548 0.489209 0.799363 0.484412 0.799363 0.482014 0.796178 0.47482 0.796178 0.472422 0.792994 0.465228 0.792994 0.46283 0.789809 0.455635 0.789809 0.453237 0.786624 0.450839 0.786624 0.448441 0.783439 0.446043 0.783439 0.443645 0.780255
1 0.978417 0.745223 0.976019 0.748408 0.973621 0.748408 0.968825 0.754777 0.966427 0.754777 0.964029 0.757962 0.961631 0.757962 0.959233 0.761146 0.956835 0.761146 0.952038 0.767516 0.94964 0.767516 0.954436 0.767516 0.956835 0.770701 0.961631 0.770701 0.964029 0.773885 0.964029 0.77707 0.966427 0.780255 0.966427 0.783439 0.968825 0.786624 0.968825 0.792994 0.971223 0.796178 0.971223 0.802548 0.973621 0.805732 0.973621 0.808917 0.976019 0.812102 0.976019 0.815287 0.997602 0.815287 0.997602 0.764331 0.995204 0.764331 0.985612 0.751592 0.983213 0.751592
1 0.398082 0.742038 0.383693 0.761146 0.383693 0.773885 0.393285 0.773885 0.395683 0.770701 0.395683 0.767516 0.398082 0.764331 0.398082 0.761146 0.40048 0.757962 0.405276 0.757962 0.405276 0.754777 0.407674 0.751592 0.407674 0.748408 0.405276 0.748408 0.40048 0.742038
1 0.7506 0.684713 0.743405 0.694268 0.741007 0.694268 0.736211 0.700637 0.743405 0.710191 0.745803 0.710191 0.76259 0.732484 0.76259 0.735669 0.772182 0.748408 0.772182 0.751592 0.776978 0.757962 0.776978 0.767516 0.77458 0.770701 0.77458 0.780255 0.769784 0.786624 0.769784 0.789809 0.757794 0.805732 0.757794 0.808917 0.7506 0.818471 0.755396 0.818471 0.757794 0.821656 0.760192 0.821656 0.76259 0.824841 0.767386 0.824841 0.769784 0.828025 0.784173 0.808917 0.808153 0.808917 0.810552 0.812102 0.81295 0.812102 0.815348 0.815287 0.820144 0.815287 0.822542 0.818471 0.82494 0.818471 0.827338 0.821656 0.829736 0.821656 0.834532 0.828025 0.834532 0.83121 0.83693 0.834395 0.83693 0.83758 0.839329 0.840764 0.844125 0.840764 0.846523 0.843949 0.848921 0.843949 0.851319 0.847134 0.851319 0.843949 0.856115 0.83758 0.858513 0.840764 0.860911 0.840764 0.863309 0.843949 0.865707 0.843949 0.868106 0.847134 0.870504 0.847134 0.872902 0.850318 0.872902 0.847134 0.8753 0.843949 0.8753 0.83758 0.877698 0.834395 0.877698 0.83121 0.880096 0.828025 0.880096 0.821656 0.882494 0.818471 0.882494 0.815287 0.884892 0.812102 0.884892 0.808917 0.882494 0.805732 0.880096 0.805732 0.872902 0.796178 0.856115 0.818471 0.853717 0.815287 0.853717 0.812102 0.851319 0.808917 0.851319 0.799363 0.853717 0.796178 0.853717 0.786624 0.846523 0.77707 0.844125 0.780255 0.841727 0.780255 0.83693 0.786624 0.834532 0.786624 0.832134 0.789809 0.817746 0.789809 0.803357 0.770701 0.803357 0.767516 0.800959 0.764331 0.800959 0.754777 0.798561 0.751592 0.798561 0.748408 0.808153 0.735669 0.81295 0.735669 0.815348 0.738854 0.817746 0.738854 0.820144 0.742038 0.82494 0.742038 0.827338 0.745223 0.829736 0.745223 0.832134 0.748408 0.83693 0.748408 0.839329 0.751592 0.841727 0.748408 0.846523 0.748408 0.848921 0.745223 0.856115 0.745223 0.858513 0.742038 0.863309 0.742038 0.860911 0.742038 0.858513 0.738854 0.853717 0.738854 0.851319 0.735669 0.848921 0.735669 0.846523 0.732484 0.841727 0.732484 0.839329 0.729299 0.83693 0.729299 0.834532 0.726115 0.829736 0.726115 0.827338 0.72293 0.82494 0.72293 0.822542 0.719745 0.815348 0.719745 0.81295 0.716561 0.805755 0.716561 0.803357 0.713376 0.796163 0.713376 0.793765 0.710191 0.786571 0.710191 0.784173 0.707006 0.776978 0.707006 0.77458 0.703822 0.772182 0.703822 0.767386 0.697452 0.764988 0.697452 0.76259 0.694268 0.760192 0.694268 0.755396 0.687898 0.752998 0.687898
