0 0.413702 0.579225 0.40975 0.584507 0.40975 0.589789 0.41502 0.589789 0.41502 0.588028 0.416337 0.586268 0.416337 0.582746 0.417655 0.580986 0.417655 0.579225
0 0.444005 0.528169 0.444005 0.52993 0.442688 0.53169 0.442688 0.535211 0.44664 0.535211 0.449275 0.538732 0.45191 0.538732 0.454545 0.535211 0.454545 0.533451 0.453228 0.533451 0.450593 0.52993 0.449275 0.52993 0.447958 0.528169
0 0.368906 0.473592 0.368906 0.477113 0.367589 0.478873 0.367589 0.480634 0.368906 0.480634 0.371542 0.484155 0.383399 0.484155 0.383399 0.482394 0.384717 0.480634 0.384717 0.478873 0.380764 0.473592
0 0.259552 0.364437 0.259552 0.375 0.27141 0.375 0.27141 0.364437
1 0.980237 0.808099 0.97892 0.809859 0.97892 0.81338 0.977602 0.815141 0.977602 0.818662 0.976285 0.820423 0.976285 0.822183 0.974967 0.823944 0.974967 0.825704 0.97365 0.827465 0.97365 0.829225 0.972332 0.830986 0.972332 0.839789 0.971014 0.841549 0.971014 0.850352 0.969697 0.852113 0.97365 0.852113 0.97365 0.84331 0.972332 0.841549 0.972332 0.832746 0.97365 0.830986 0.97365 0.829225 0.976285 0.825704 0.976285 0.823944 0.977602 0.822183 0.977602 0.820423 0.980237 0.816901 0.980237 0.815141 0.981555 0.81338 0.981555 0.808099
1 0.972332 0.482394 0.971014 0.484155 0.964427 0.484155 0.963109 0.485915 0.938076 0.485915 0.936759 0.487676 0.916996 0.487676 0.915679 0.489437 0.890646 0.489437 0.889328 0.491197 0.886693 0.491197 0.885375 0.492958 0.88274 0.492958 0.884058 0.494718 0.885375 0.494718 0.889328 0.5 0.922266 0.5 0.923584 0.501761 0.924901 0.5 0.926219 0.5 0.927536 0.498239 0.928854 0.498239 0.930171 0.496479 0.957839 0.496479 0.959157 0.494718 0.968379 0.494718 0.969697 0.492958 0.980237 0.492958 0.981555 0.491197 0.981555 0.489437 0.982872 0.487676 0.981555 0.485915 0.981555 0.484155 0.980237 0.482394
1 0.296443 0.478873 0.295125 0.480634 0.289855 0.480634 0.288538 0.482394 0.283267 0.482394 0.28195 0.484155 0.27668 0.484155 0.27668 0.487676 0.275362 0.489437 0.275362 0.492958 0.27668 0.491197 0.29776 0.491197 0.299078 0.489437 0.301713 0.489437 0.30303 0.487676 0.31357 0.487676 0.314888 0.489437 0.322793 0.489437 0.324111 0.491197 0.335968 0.491197 0.337286 0.492958 0.337286 0.489437 0.335968 0.487676 0.335968 0.482394 0.333333 0.482394 0.332016 0.480634 0.29776 0.480634
1 0.928854 0.461268 0.927536 0.463028 0.919631 0.463028 0.918314 0.464789 0.910408 0.464789 0.913043 0.46831 0.911726 0.47007 0.903821 0.47007 0.902503 0.471831 0.895916 0.471831 0.894598 0.473592 0.886693 0.473592 0.885375 0.475352 0.860343 0.475352 0.862978 0.478873 0.862978 0.480634 0.865613 0.484155 0.86693 0.482394 0.881423 0.482394 0.88274 0.480634 0.898551 0.480634 0.899868 0.478873 0.907773 0.478873 0.909091 0.477113 0.934124 0.477113 0.935441 0.478873 0.944664 0.466549 0.945982 0.466549 0.947299 0.464789 0.949934 0.464789 0.949934 0.463028 0.951252 0.461268
1 0.945982 0.419014 0.944664 0.420775 0.939394 0.420775 0.938076 0.422535 0.924901 0.422535 0.922266 0.426056 0.923584 0.426056 0.924901 0.427817 0.926219 0.427817 0.927536 0.429577 0.935441 0.429577 0.936759 0.431338 0.953887 0.431338 0.953887 0.429577 0.955204 0.427817 0.955204 0.426056 0.956522 0.424296 0.956522 0.422535 0.952569 0.422535 0.951252 0.420775 0.947299 0.420775
1 0.870883 0.40669 0.868248 0.410211 0.868248 0.411972 0.865613 0.415493 0.864295 0.413732 0.862978 0.413732 0.860343 0.410211 0.859025 0.411972 0.85639 0.411972 0.855072 0.413732 0.85112 0.413732 0.848485 0.417254 0.847167 0.417254 0.847167 0.419014 0.84585 0.420775 0.84585 0.422535 0.844532 0.424296 0.83004 0.424296 0.827404 0.420775 0.832675 0.413732 0.831357 0.413732 0.83004 0.411972 0.827404 0.415493 0.826087 0.415493 0.823452 0.419014 0.822134 0.419014 0.820817 0.420775 0.819499 0.420775 0.818182 0.422535 0.815547 0.422535 0.814229 0.424296 0.806324 0.424296 0.803689 0.427817 0.802372 0.427817 0.801054 0.429577 0.805007 0.429577 0.806324 0.431338 0.808959 0.431338 0.810277 0.433099 0.814229 0.433099 0.818182 0.43838 0.818182 0.440141 0.819499 0.441901 0.826087 0.441901 0.832675 0.450704 0.83531 0.450704 0.836627 0.452465 0.837945 0.452465 0.839262 0.454225 0.84058 0.452465 0.862978 0.452465 0.864295 0.450704 0.888011 0.450704 0.889328 0.452465 0.889328 0.448944 0.880105 0.448944 0.878788 0.447183 0.880105 0.445423 0.881423 0.445423 0.88274 0.443662 0.885375 0.443662 0.885375 0.43838 0.886693 0.43662 0.889328 0.440141 0.891963 0.43662 0.891963 0.434859 0.894598 0.431338 0.891963 0.431338 0.890646 0.429577 0.891963 0.427817 0.899868 0.427817 0.899868 0.424296 0.901186 0.422535 0.903821 0.422535 0.906456 0.419014 0.907773 0.419014 0.909091 0.417254 0.909091 0.415493 0.907773 0.413732 0.907773 0.411972 0.901186 0.411972 0.899868 0.413732 0.88274 0.413732 0.881423 0.415493 0.870883 0.415493 0.869565 0.413732 0.869565 0.411972 0.870883 0.410211
1 0.988142 0.401408 0.986825 0.403169 0.98419 0.403169 0.982872 0.40493 0.97892 0.40493 0.977602 0.40669 0.974967 0.40669 0.97365 0.408451 0.972332 0.408451 0.971014 0.410211 0.971014 0.411972 0.972332 0.413732 0.992095 0.413732 0.992095 0.411972 0.993412 0.410211 0.993412 0.40669 0.99473 0.40493 0.998682 0.40493 0.998682 0.401408
1 0.223979 0.369718 0.223979 0.385563 0.226614 0.385563 0.226614 0.383803 0.229249 0.380282 0.237154 0.380282 0.238472 0.378521 0.241107 0.378521 0.242424 0.376761 0.243742 0.376761 0.242424 0.375 0.241107 0.375 0.238472 0.371479 0.227931 0.371479 0.226614 0.369718
1 0.285903 0.359155 0.284585 0.360915 0.279315 0.360915 0.277997 0.362676 0.27668 0.362676 0.275362 0.364437 0.272727 0.364437 0.272727 0.375 0.274045 0.373239 0.275362 0.373239 0.27668 0.371479 0.277997 0.371479 0.279315 0.369718 0.28195 0.369718 0.283267 0.367958 0.29249 0.367958 0.293808 0.369718 0.293808 0.366197 0.295125 0.364437 0.295125 0.362676 0.29249 0.362676 0.291173 0.360915 0.28722 0.360915
