0 0.188425 0.938959 0.187079 0.940754 0.184388 0.940754 0.183042 0.942549 0.179004 0.942549 0.179004 0.951526 0.188425 0.951526 0.189771 0.953321 0.191117 0.951526 0.200538 0.951526 0.200538 0.949731 0.199192 0.947935 0.199192 0.944345 0.196501 0.944345 0.195155 0.942549 0.193809 0.942549 0.192463 0.940754 0.189771 0.940754
0 0.705249 0.872531 0.705249 0.879713 0.716016 0.879713 0.716016 0.872531
0 0.183042 0.445242 0.18035 0.448833 0.184388 0.454219 0.185734 0.452424 0.195155 0.452424 0.193809 0.450628 0.193809 0.448833 0.192463 0.447038 0.192463 0.445242
0 0.158816 0.40395 0.158816 0.40754 0.15747 0.409336 0.15747 0.411131 0.166891 0.411131 0.168237 0.412926 0.168237 0.409336 0.169583 0.40754 0.169583 0.40395
0 0.82638 0.369838 0.831763 0.37702 0.831763 0.378815 0.839838 0.389587 0.839838 0.391382 0.843876 0.396768 0.845222 0.394973 0.857335 0.394973 0.857335 0.38061 0.855989 0.38061 0.854643 0.378815 0.853297 0.378815 0.851952 0.37702 0.850606 0.37702 0.84926 0.375224 0.847914 0.375224 0.846568 0.373429 0.837147 0.373429 0.835801 0.371634 0.827725 0.371634
0 0.095559 0.366248 0.094213 0.368043 0.087483 0.368043 0.086137 0.369838 0.079408 0.369838 0.079408 0.37702 0.080754 0.375224 0.087483 0.375224 0.088829 0.373429 0.096904 0.373429 0.096904 0.371634 0.095559 0.369838
0 0.467026 0.364452 0.467026 0.375224 0.468371 0.373429 0.477793 0.373429 0.477793 0.364452
0 0.522207 0.360862 0.520861 0.362657 0.519515 0.362657 0.51817 0.364452 0.515478 0.364452 0.515478 0.373429 0.53432 0.373429 0.535666 0.375224 0.537012 0.373429 0.537012 0.371634 0.54105 0.366248 0.54105 0.362657 0.539704 0.360862
0 0.017497 0.35368 0.017497 0.362657 0.032301 0.362657 0.032301 0.359066 0.030956 0.357271 0.030956 0.35368
0 0.17362 0.341113 0.172275 0.342908 0.170929 0.342908 0.169583 0.344704 0.166891 0.344704 0.165545 0.346499 0.164199 0.346499 0.162853 0.348294 0.160162 0.348294 0.160162 0.351885 0.158816 0.35368 0.158816 0.355476 0.170929 0.355476 0.17362 0.359066 0.17362 0.360862 0.174966 0.359066 0.177658 0.359066 0.179004 0.357271 0.183042 0.357271 0.187079 0.362657 0.187079 0.364452 0.191117 0.369838 0.191117 0.368043 0.192463 0.366248 0.192463 0.364452 0.193809 0.362657 0.193809 0.357271 0.192463 0.355476 0.192463 0.35009 0.189771 0.35009 0.188425 0.348294 0.185734 0.348294 0.184388 0.346499 0.183042 0.346499 0.181696 0.344704 0.179004 0.344704 0.177658 0.342908 0.174966 0.342908
0 0.562584 0.335727 0.562584 0.337522 0.56393 0.339318 0.56393 0.344704 0.565276 0.346499 0.565276 0.348294 0.578735 0.348294 0.580081 0.346499 0.580081 0.344704 0.582773 0.341113 0.582773 0.339318 0.584118 0.337522 0.567968 0.337522 0.566622 0.335727
0 0.059219 0.333932 0.057873 0.335727 0.04576 0.335727 0.044415 0.337522 0.043069 0.337522 0.040377 0.341113 0.039031 0.341113 0.040377 0.342908 0.041723 0.342908 0.044415 0.346499 0.04576 0.344704 0.051144 0.344704 0.05249 0.342908 0.059219 0.342908
0 0.59354 0.312388 0.590848 0.315978 0.589502 0.315978 0.58681 0.319569 0.585464 0.319569 0.592194 0.328546 0.589502 0.332136 0.588156 0.332136 0.58681 0.333932 0.588156 0.335727 0.588156 0.337522 0.589502 0.339318 0.590848 0.337522 0.59354 0.337522 0.594886 0.335727 0.597577 0.335727 0.598923 0.333932 0.602961 0.333932 0.604307 0.335727 0.606999 0.335727 0.608345 0.337522 0.60969 0.337522 0.611036 0.339318 0.612382 0.339318 0.613728 0.341113 0.615074 0.341113 0.617766 0.344704 0.619112 0.344704 0.620458 0.346499 0.633917 0.346499 0.633917 0.344704 0.632571 0.342908 0.632571 0.337522 0.631225 0.335727 0.631225 0.330341 0.629879 0.328546 0.629879 0.32675 0.627187 0.32675 0.625841 0.324955 0.624495 0.324955 0.623149 0.32316 0.620458 0.32316 0.619112 0.321364 0.617766 0.321364 0.61642 0.319569 0.613728 0.319569 0.612382 0.317774 0.606999 0.317774 0.605653 0.315978 0.601615 0.315978 0.600269 0.314183 0.594886 0.314183
0 0.156124 0.307002 0.156124 0.317774 0.168237 0.317774 0.168237 0.307002
0 0.041723 0.292639 0.039031 0.29623 0.037685 0.29623 0.034993 0.29982 0.033647 0.29982 0.032301 0.301616 0.024226 0.301616 0.02288 0.303411 0.02288 0.305206 0.021534 0.307002 0.047106 0.307002 0.048452 0.305206 0.051144 0.305206 0.05249 0.303411 0.056528 0.303411 0.056528 0.301616 0.057873 0.29982 0.057873 0.298025 0.059219 0.29623 0.059219 0.294434 0.043069 0.294434
0 0.967699 0.281867 0.960969 0.290844 0.960969 0.292639 0.962315 0.294434 0.962315 0.298025 0.963661 0.29982 0.963661 0.301616 0.965007 0.303411 0.965007 0.305206 0.97039 0.312388 0.979812 0.312388 0.981157 0.310592 0.990579 0.310592 0.994616 0.305206 0.994616 0.303411 0.998654 0.298025 0.998654 0.285458 0.994616 0.285458 0.993271 0.283662 0.990579 0.283662 0.989233 0.281867
0 0.117093 0.265709 0.115747 0.267504 0.111709 0.267504 0.110363 0.2693 0.107672 0.2693 0.106326 0.271095 0.102288 0.271095 0.100942 0.27289 0.096904 0.27289 0.092867 0.278276 0.091521 0.278276 0.088829 0.281867 0.092867 0.287253 0.094213 0.285458 0.095559 0.285458 0.096904 0.283662 0.09825 0.283662 0.100942 0.280072 0.102288 0.280072 0.103634 0.278276 0.10498 0.278276 0.106326 0.276481 0.107672 0.276481 0.109017 0.274686 0.118439 0.274686 0.118439 0.271095 0.117093 0.2693
0 0.694482 0.260323 0.693136 0.262118 0.678331 0.262118 0.675639 0.265709 0.675639 0.267504 0.672948 0.271095 0.672948 0.274686 0.674293 0.276481 0.674293 0.280072 0.675639 0.278276 0.686406 0.278276 0.686406 0.274686 0.685061 0.27289 0.685061 0.2693 0.686406 0.267504 0.695828 0.267504 0.695828 0.265709 0.694482 0.263914
0 0.566622 0.258528 0.566622 0.260323 0.567968 0.262118 0.567968 0.265709 0.577389 0.265709 0.577389 0.260323 0.567968 0.260323
0 0.05249 0.256732 0.051144 0.258528 0.048452 0.258528 0.047106 0.260323 0.04576 0.260323 0.044415 0.262118 0.041723 0.262118 0.040377 0.263914 0.039031 0.263914 0.037685 0.265709 0.034993 0.265709 0.033647 0.267504 0.032301 0.267504 0.030956 0.2693 0.028264 0.2693 0.028264 0.274686 0.037685 0.274686 0.039031 0.276481 0.040377 0.274686 0.086137 0.274686 0.086137 0.267504 0.0821 0.267504 0.080754 0.265709 0.076716 0.265709 0.07537 0.263914 0.071332 0.263914 0.069987 0.262118 0.065949 0.262118 0.064603 0.260323 0.059219 0.260323 0.057873 0.258528 0.053836 0.258528
0 0.078062 0.251346 0.078062 0.253142 0.076716 0.254937 0.076716 0.256732 0.078062 0.256732 0.079408 0.258528 0.080754 0.258528 0.0821 0.260323 0.083445 0.258528 0.092867 0.258528 0.092867 0.253142 0.079408 0.253142
0 0.549125 0.247756 0.549125 0.249551 0.547779 0.251346 0.547779 0.256732 0.549125 0.258528 0.549125 0.263914 0.554509 0.263914 0.555855 0.262118 0.557201 0.262118 0.559892 0.258528 0.561238 0.258528 0.562584 0.256732 0.56393 0.256732 0.562584 0.254937 0.562584 0.253142 0.561238 0.251346 0.561238 0.249551 0.559892 0.247756
0 0.476447 0.238779 0.469717 0.247756 0.471063 0.247756 0.473755 0.251346 0.475101 0.251346 0.476447 0.253142 0.477793 0.251346 0.479139 0.251346 0.480485 0.249551 0.483176 0.249551 0.484522 0.247756 0.485868 0.247756 0.485868 0.244165 0.484522 0.24237 0.484522 0.238779
0 0.141319 0.238779 0.139973 0.240575 0.13459 0.240575 0.133244 0.24237 0.131898 0.24237 0.130552 0.244165 0.129206 0.244165 0.129206 0.245961 0.12786 0.247756 0.12786 0.253142 0.126514 0.254937 0.126514 0.256732 0.130552 0.256732 0.131898 0.258528 0.13459 0.258528 0.135935 0.260323 0.137281 0.258528 0.139973 0.258528 0.141319 0.256732 0.144011 0.256732 0.145357 0.254937 0.148048 0.254937 0.149394 0.253142 0.152086 0.253142
0 0.440108 0.236984 0.438762 0.238779 0.438762 0.240575 0.437416 0.24237 0.437416 0.244165 0.43607 0.245961 0.43607 0.247756 0.434724 0.249551 0.425303 0.249551 0.425303 0.254937 0.438762 0.254937 0.440108 0.253142 0.441454 0.253142 0.442799 0.251346 0.444145 0.251346 0.445491 0.249551 0.446837 0.249551 0.448183 0.247756 0.449529 0.247756 0.448183 0.245961 0.448183 0.244165 0.446837 0.24237 0.446837 0.240575 0.444145 0.240575 0.442799 0.238779 0.441454 0.238779
0 0.374159 0.236984 0.374159 0.240575 0.375505 0.24237 0.375505 0.245961 0.376851 0.244165 0.382234 0.244165 0.382234 0.236984
0 0.0 0.235189 0.0 0.247756 0.017497 0.247756 0.017497 0.24237 0.018843 0.240575 0.018843 0.235189
0 0.152086 0.220826 0.152086 0.229803 0.162853 0.229803 0.162853 0.220826
0 0.114401 0.217235 0.113055 0.219031 0.103634 0.219031 0.103634 0.228007 0.121131 0.228007 0.121131 0.224417 0.119785 0.222621 0.119785 0.219031 0.115747 0.219031
0 0.76716 0.204668 0.76716 0.213645 0.772544 0.213645 0.77389 0.21544 0.779273 0.21544 0.780619 0.217235 0.780619 0.210054 0.777927 0.210054 0.776581 0.208259 0.772544 0.208259 0.771198 0.206463 0.768506 0.206463
0 0.605653 0.204668 0.605653 0.222621 0.602961 0.226212 0.601615 0.226212 0.600269 0.228007 0.598923 0.228007 0.597577 0.229803 0.596231 0.229803 0.594886 0.231598 0.59354 0.231598 0.592194 0.233393 0.590848 0.233393 0.589502 0.235189 0.588156 0.235189 0.58681 0.236984 0.585464 0.236984 0.585464 0.238779 0.58681 0.240575 0.58681 0.244165 0.588156 0.245961 0.588156 0.247756 0.589502 0.245961 0.592194 0.245961 0.59354 0.244165 0.596231 0.244165 0.597577 0.24237 0.598923 0.24237 0.600269 0.240575 0.602961 0.240575 0.604307 0.238779 0.606999 0.238779 0.608345 0.236984 0.60969 0.236984 0.612382 0.233393 0.613728 0.233393 0.615074 0.231598 0.61642 0.231598 0.617766 0.229803 0.619112 0.229803 0.621803 0.226212 0.635262 0.226212 0.635262 0.210054 0.633917 0.210054 0.632571 0.208259 0.629879 0.208259 0.628533 0.206463 0.627187 0.206463 0.625841 0.204668
0 0.904441 0.202873 0.904441 0.217235 0.9179 0.217235 0.9179 0.21544 0.916555 0.213645 0.916555 0.211849 0.915209 0.210054 0.915209 0.206463 0.913863 0.204668 0.913863 0.202873
0 0.687752 0.193896 0.687752 0.195691 0.686406 0.197487 0.686406 0.201077 0.685061 0.202873 0.685061 0.206463 0.683715 0.208259 0.683715 0.211849 0.682369 0.213645 0.682369 0.21544 0.683715 0.21544 0.686406 0.219031 0.687752 0.219031 0.689098 0.220826 0.690444 0.220826 0.693136 0.224417 0.694482 0.224417 0.695828 0.226212 0.695828 0.235189 0.697174 0.235189 0.699865 0.238779 0.701211 0.236984 0.702557 0.236984 0.703903 0.235189 0.705249 0.235189 0.706595 0.233393 0.709287 0.233393 0.710633 0.231598 0.711978 0.231598 0.713324 0.229803 0.71467 0.229803 0.71467 0.226212 0.716016 0.224417 0.716016 0.217235 0.717362 0.21544 0.717362 0.211849 0.709287 0.201077 0.706595 0.201077 0.705249 0.199282 0.702557 0.199282 0.701211 0.197487 0.69852 0.197487 0.697174 0.195691 0.689098 0.195691
0 0.559892 0.159785 0.558546 0.16158 0.551817 0.16158 0.550471 0.163375 0.550471 0.165171 0.547779 0.168761 0.559892 0.168761
1 0.497981 0.770197 0.496635 0.771993 0.495289 0.771993 0.493943 0.773788 0.492598 0.773788 0.491252 0.775583 0.489906 0.775583 0.48856 0.777379 0.487214 0.777379 0.485868 0.779174 0.484522 0.779174 0.483176 0.780969 0.48183 0.780969 0.480485 0.782765 0.479139 0.782765 0.477793 0.78456 0.476447 0.78456 0.475101 0.786355 0.473755 0.786355 0.479139 0.793537 0.480485 0.791741 0.48183 0.791741 0.483176 0.789946 0.484522 0.789946 0.485868 0.788151 0.487214 0.788151 0.48856 0.786355 0.489906 0.786355 0.492598 0.782765 0.493943 0.782765 0.495289 0.780969 0.496635 0.780969 0.497981 0.779174 0.499327 0.779174 0.500673 0.777379 0.502019 0.777379 0.502019 0.775583 0.503365 0.773788 0.503365 0.771993 0.499327 0.771993
1 0.729475 0.736086 0.728129 0.737882 0.722746 0.737882 0.7214 0.739677 0.717362 0.739677 0.716016 0.741472 0.710633 0.741472 0.709287 0.743268 0.703903 0.743268 0.702557 0.745063 0.701211 0.745063 0.699865 0.746858 0.69852 0.746858 0.697174 0.748654 0.694482 0.748654 0.693136 0.750449 0.69179 0.750449 0.690444 0.752244 0.689098 0.752244 0.687752 0.754039 0.686406 0.754039 0.685061 0.755835 0.683715 0.755835 0.682369 0.75763 0.681023 0.75763 0.679677 0.759425 0.676985 0.759425 0.675639 0.761221 0.674293 0.761221 0.672948 0.763016 0.671602 0.763016 0.655451 0.78456 0.656797 0.782765 0.689098 0.782765 0.69179 0.779174 0.693136 0.779174 0.697174 0.773788 0.69852 0.773788 0.702557 0.768402 0.703903 0.768402 0.706595 0.764811 0.709287 0.764811 0.710633 0.763016 0.711978 0.763016 0.713324 0.761221 0.716016 0.761221 0.717362 0.759425 0.720054 0.759425 0.7214 0.75763 0.724092 0.75763 0.725437 0.755835 0.726783 0.755835 0.728129 0.754039 0.746972 0.754039 0.748318 0.755835 0.761777 0.755835 0.763122 0.75763 0.775236 0.75763 0.77389 0.755835 0.772544 0.755835 0.769852 0.752244 0.768506 0.752244 0.765814 0.748654 0.764468 0.748654 0.763122 0.746858 0.761777 0.746858 0.760431 0.745063 0.757739 0.745063 0.756393 0.743268 0.755047 0.743268 0.753701 0.741472 0.752355 0.741472 0.751009 0.739677 0.749664 0.739677 0.748318 0.737882 0.730821 0.737882
1 0.212651 0.675045 0.211306 0.67684 0.20996 0.67684 0.208614 0.678636 0.205922 0.678636 0.204576 0.680431 0.20323 0.680431 0.201884 0.682226 0.199192 0.682226 0.199192 0.684022 0.200538 0.685817 0.200538 0.687612 0.201884 0.685817 0.204576 0.685817 0.205922 0.684022 0.208614 0.684022 0.20996 0.682226 0.213997 0.682226 0.215343 0.680431 0.218035 0.680431 0.218035 0.675045
1 0.069987 0.59605 0.068641 0.597846 0.064603 0.597846 0.063257 0.599641 0.059219 0.599641 0.057873 0.601436 0.055182 0.601436 0.053836 0.603232 0.049798 0.603232 0.048452 0.605027 0.044415 0.605027 0.043069 0.606822 0.039031 0.606822 0.037685 0.608618 0.033647 0.608618 0.032301 0.610413 0.028264 0.610413 0.026918 0.612208 0.024226 0.612208 0.02288 0.614004 0.018843 0.614004 0.017497 0.615799 0.013459 0.615799 0.014805 0.617594 0.014805 0.61939 0.016151 0.621185 0.016151 0.62298 0.017497 0.621185 0.020188 0.621185 0.021534 0.61939 0.025572 0.61939 0.026918 0.617594 0.02961 0.617594 0.030956 0.615799 0.034993 0.615799 0.036339 0.614004 0.039031 0.614004 0.040377 0.612208 0.044415 0.612208 0.04576 0.610413 0.048452 0.610413 0.049798 0.608618 0.053836 0.608618 0.055182 0.606822 0.057873 0.606822 0.059219 0.605027 0.063257 0.605027 0.064603 0.603232 0.067295 0.603232 0.068641 0.601436 0.072678 0.601436 0.071332 0.599641 0.071332 0.597846
1 0.0 0.588869 0.0 0.603232 0.026918 0.603232 0.026918 0.594255 0.025572 0.594255 0.02288 0.590664 0.021534 0.590664 0.020188 0.588869
1 0.0 0.385996 0.0 0.412926 0.014805 0.412926 0.016151 0.411131 0.030956 0.411131 0.030956 0.40395 0.032301 0.402154 0.032301 0.393178 0.026918 0.393178 0.025572 0.391382 0.020188 0.391382 0.018843 0.389587 0.013459 0.389587 0.012113 0.387792 0.006729 0.387792 0.005384 0.385996
1 0.546433 0.339318 0.549125 0.342908 0.549125 0.344704 0.550471 0.346499 0.550471 0.359066 0.551817 0.357271 0.555855 0.357271 0.555855 0.355476 0.554509 0.35368 0.554509 0.35009 0.555855 0.348294 0.555855 0.346499 0.557201 0.344704 0.554509 0.344704 0.553163 0.342908 0.551817 0.342908 0.550471 0.341113 0.547779 0.341113
1 0.539704 0.339318 0.538358 0.341113 0.531629 0.341113 0.537012 0.348294 0.537012 0.35009 0.535666 0.351885 0.535666 0.35368 0.53432 0.355476 0.535666 0.355476 0.538358 0.359066 0.539704 0.359066 0.542396 0.362657 0.542396 0.355476 0.543742 0.35368 0.543742 0.346499 0.54105 0.342908 0.54105 0.341113
1 0.48183 0.335727 0.48183 0.337522 0.480485 0.339318 0.480485 0.341113 0.479139 0.342908 0.479139 0.346499 0.480485 0.348294 0.480485 0.351885 0.48183 0.35368 0.48183 0.355476 0.483176 0.35368 0.483176 0.351885 0.485868 0.348294 0.487214 0.348294 0.48856 0.35009 0.491252 0.35009 0.492598 0.351885 0.493943 0.351885 0.495289 0.35368 0.496635 0.351885 0.497981 0.351885 0.499327 0.35009 0.500673 0.35009 0.499327 0.35009 0.497981 0.348294 0.496635 0.348294 0.493943 0.344704 0.492598 0.344704 0.491252 0.342908 0.489906 0.342908 0.48856 0.341113 0.487214 0.341113 0.484522 0.337522 0.483176 0.337522
1 0.351279 0.32675 0.349933 0.328546 0.348587 0.328546 0.347241 0.330341 0.345895 0.330341 0.344549 0.332136 0.341857 0.332136 0.340511 0.333932 0.339166 0.333932 0.341857 0.333932 0.343203 0.335727 0.344549 0.335727 0.345895 0.337522 0.348587 0.337522 0.349933 0.339318 0.351279 0.337522 0.352624 0.337522 0.355316 0.333932 0.356662 0.333932
1 0.473755 0.314183 0.472409 0.315978 0.471063 0.315978 0.469717 0.317774 0.467026 0.317774 0.469717 0.321364 0.469717 0.32316 0.472409 0.32675 0.473755 0.324955 0.477793 0.324955 0.479139 0.32316 0.483176 0.32316 0.484522 0.321364 0.485868 0.321364 0.487214 0.319569 0.48856 0.319569 0.489906 0.317774 0.491252 0.317774 0.489906 0.317774 0.487214 0.314183
1 0.403769 0.310592 0.402423 0.312388 0.401077 0.312388 0.399731 0.314183 0.397039 0.314183 0.397039 0.315978 0.398385 0.317774 0.398385 0.321364 0.397039 0.32316 0.397039 0.32675 0.395693 0.328546 0.395693 0.330341 0.397039 0.328546 0.401077 0.328546 0.402423 0.32675 0.407806 0.32675 0.417227 0.339318 0.419919 0.335727 0.421265 0.335727 0.419919 0.335727 0.417227 0.332136 0.419919 0.328546 0.421265 0.328546 0.423957 0.324955 0.425303 0.324955 0.426649 0.32316 0.426649 0.321364 0.427995 0.319569 0.427995 0.317774 0.429341 0.315978 0.429341 0.314183 0.427995 0.315978 0.425303 0.315978 0.423957 0.317774 0.421265 0.317774 0.418573 0.321364 0.417227 0.321364 0.414536 0.324955 0.411844 0.321364 0.411844 0.319569 0.410498 0.317774 0.410498 0.315978 0.409152 0.315978 0.40646 0.312388 0.405114 0.312388
1 0.635262 0.305206 0.636608 0.307002 0.636608 0.308797 0.637954 0.310592 0.637954 0.312388 0.6393 0.314183 0.6393 0.315978 0.641992 0.315978 0.643338 0.317774 0.640646 0.321364 0.640646 0.32316 0.636608 0.328546 0.637954 0.32675 0.64603 0.32675 0.648721 0.32316 0.650067 0.32316 0.651413 0.321364 0.654105 0.321364 0.655451 0.32316 0.656797 0.32316 0.659489 0.32675 0.660834 0.32675 0.66218 0.328546 0.66218 0.32316 0.656797 0.315978 0.658143 0.314183 0.666218 0.314183 0.667564 0.315978 0.66891 0.314183 0.66891 0.312388 0.670256 0.310592 0.663526 0.310592 0.66218 0.308797 0.656797 0.308797 0.655451 0.307002 0.648721 0.307002 0.647376 0.305206
1 0.290713 0.305206 0.289367 0.307002 0.288022 0.307002 0.286676 0.308797 0.28533 0.308797 0.283984 0.310592 0.267833 0.310592 0.266487 0.308797 0.265141 0.310592 0.244953 0.310592 0.244953 0.312388 0.246299 0.314183 0.246299 0.315978 0.2786 0.315978 0.279946 0.317774 0.279946 0.319569 0.281292 0.321364 0.281292 0.324955 0.282638 0.32316 0.28533 0.32316 0.286676 0.321364 0.289367 0.321364 0.290713 0.319569 0.293405 0.319569 0.294751 0.317774 0.314939 0.317774 0.314939 0.312388 0.313594 0.314183 0.304172 0.314183 0.302826 0.312388 0.30148 0.312388 0.300135 0.310592 0.297443 0.310592 0.296097 0.308797 0.294751 0.308797 0.293405 0.307002 0.292059 0.307002
1 0.69852 0.292639 0.69852 0.298025 0.695828 0.301616 0.695828 0.303411 0.69179 0.308797 0.694482 0.308797 0.695828 0.310592 0.69852 0.310592 0.699865 0.312388 0.703903 0.307002 0.705249 0.307002 0.707941 0.310592 0.709287 0.310592 0.711978 0.314183 0.713324 0.314183 0.71467 0.315978 0.713324 0.317774 0.695828 0.317774 0.693136 0.321364 0.69179 0.321364 0.689098 0.324955 0.687752 0.324955 0.701211 0.324955 0.702557 0.32675 0.706595 0.32675 0.707941 0.328546 0.710633 0.328546 0.711978 0.330341 0.713324 0.328546 0.724092 0.328546 0.724092 0.32675 0.722746 0.324955 0.722746 0.32316 0.7214 0.321364 0.7214 0.319569 0.720054 0.317774 0.720054 0.315978 0.7214 0.314183 0.722746 0.314183 0.724092 0.312388 0.725437 0.312388 0.726783 0.310592 0.729475 0.310592 0.730821 0.308797 0.733513 0.308797 0.734859 0.307002 0.752355 0.307002 0.752355 0.303411 0.751009 0.301616 0.751009 0.298025 0.745626 0.298025 0.74428 0.29623 0.742934 0.298025 0.710633 0.298025 0.709287 0.29623 0.705249 0.29623 0.703903 0.294434 0.699865 0.294434
1 0.606999 0.290844 0.605653 0.292639 0.601615 0.292639 0.600269 0.294434 0.597577 0.294434 0.596231 0.29623 0.592194 0.29623 0.590848 0.298025 0.589502 0.298025 0.588156 0.29982 0.602961 0.29982 0.604307 0.301616 0.60969 0.301616 0.611036 0.303411 0.620458 0.303411 0.621803 0.305206 0.621803 0.310592 0.623149 0.312388 0.623149 0.317774 0.625841 0.314183 0.625841 0.308797 0.624495 0.307002 0.624495 0.301616 0.623149 0.301616 0.621803 0.29982 0.620458 0.29982 0.619112 0.298025 0.617766 0.298025 0.61642 0.29623 0.615074 0.29623 0.613728 0.294434 0.611036 0.294434 0.60969 0.292639 0.608345 0.292639
1 0.913863 0.274686 0.913863 0.280072 0.912517 0.281867 0.912517 0.287253 0.911171 0.289048 0.911171 0.290844 0.909825 0.292639 0.905787 0.292639 0.904441 0.290844 0.904441 0.292639 0.903096 0.294434 0.903096 0.29623 0.90175 0.298025 0.903096 0.298025 0.905787 0.301616 0.907133 0.301616 0.908479 0.303411 0.911171 0.29982 0.911171 0.298025 0.913863 0.294434 0.913863 0.292639 0.915209 0.290844 0.915209 0.285458 0.916555 0.283662 0.919246 0.283662 0.921938 0.287253 0.923284 0.287253 0.925976 0.290844 0.931359 0.290844 0.932705 0.292639 0.932705 0.294434 0.931359 0.29623 0.931359 0.298025 0.930013 0.29982 0.930013 0.301616 0.928668 0.303411 0.928668 0.305206 0.931359 0.308797 0.931359 0.310592 0.932705 0.312388 0.935397 0.308797 0.935397 0.307002 0.939435 0.301616 0.938089 0.29982 0.938089 0.298025 0.936743 0.29623 0.936743 0.294434 0.935397 0.292639 0.935397 0.290844 0.934051 0.289048 0.934051 0.287253 0.932705 0.285458 0.932705 0.283662 0.931359 0.281867 0.930013 0.283662 0.92463 0.283662 0.921938 0.280072 0.921938 0.278276 0.919246 0.278276 0.9179 0.276481 0.915209 0.276481
1 0.786003 0.27289 0.783311 0.276481 0.781965 0.276481 0.779273 0.280072 0.777927 0.280072 0.775236 0.283662 0.77389 0.283662 0.777927 0.289048 0.779273 0.289048 0.780619 0.290844 0.781965 0.290844 0.783311 0.292639 0.784657 0.292639 0.786003 0.294434 0.787349 0.292639 0.79004 0.292639 0.791386 0.290844 0.792732 0.290844 0.795424 0.294434 0.795424 0.29623 0.79677 0.298025 0.79677 0.29982 0.798116 0.298025 0.803499 0.298025 0.804845 0.29623 0.810229 0.29623 0.808883 0.294434 0.808883 0.292639 0.807537 0.290844 0.807537 0.289048 0.804845 0.289048 0.803499 0.287253 0.802153 0.287253 0.800808 0.285458 0.798116 0.285458 0.79677 0.283662 0.795424 0.283662 0.791386 0.278276 0.79004 0.278276
1 0.705249 0.27289 0.703903 0.274686 0.702557 0.274686 0.701211 0.276481 0.699865 0.276481 0.69852 0.278276 0.695828 0.278276 0.694482 0.280072 0.693136 0.280072 0.702557 0.280072 0.703903 0.278276 0.709287 0.278276 0.710633 0.280072 0.711978 0.278276 0.713324 0.278276 0.71467 0.280072 0.71467 0.281867 0.713324 0.283662 0.713324 0.285458 0.711978 0.287253 0.695828 0.287253 0.701211 0.287253 0.702557 0.289048 0.706595 0.289048 0.707941 0.290844 0.709287 0.289048 0.718708 0.289048 0.720054 0.287253 0.722746 0.287253 0.722746 0.285458 0.7214 0.283662 0.7214 0.281867 0.720054 0.280072 0.720054 0.278276 0.718708 0.276481 0.718708 0.274686 0.706595 0.274686
1 0.207268 0.262118 0.205922 0.263914 0.20323 0.263914 0.201884 0.265709 0.197847 0.265709 0.195155 0.2693 0.195155 0.271095 0.191117 0.276481 0.201884 0.276481 0.20323 0.278276 0.204576 0.276481 0.205922 0.276481 0.207268 0.274686 0.208614 0.274686 0.20996 0.27289 0.211306 0.27289 0.212651 0.271095 0.215343 0.271095 0.218035 0.274686 0.219381 0.274686 0.222073 0.278276 0.223419 0.278276 0.224764 0.280072 0.224764 0.276481 0.223419 0.274686 0.223419 0.271095 0.222073 0.271095 0.220727 0.2693 0.218035 0.2693 0.216689 0.267504 0.215343 0.267504 0.213997 0.265709 0.211306 0.265709 0.20996 0.263914 0.208614 0.263914
1 0.433378 0.260323 0.432032 0.262118 0.421265 0.262118 0.417227 0.267504 0.415882 0.267504 0.410498 0.274686 0.409152 0.274686 0.403769 0.281867 0.402423 0.281867 0.399731 0.285458 0.409152 0.285458 0.410498 0.287253 0.411844 0.285458 0.41319 0.285458 0.415882 0.281867 0.417227 0.281867 0.418573 0.280072 0.419919 0.280072 0.421265 0.278276 0.422611 0.278276 0.425303 0.274686 0.426649 0.274686 0.427995 0.27289 0.429341 0.27289 0.430686 0.271095 0.432032 0.271095 0.434724 0.267504 0.43607 0.267504 0.434724 0.265709 0.434724 0.263914 0.433378 0.262118
1 0.800808 0.256732 0.800808 0.262118 0.802153 0.263914 0.802153 0.271095 0.808883 0.280072 0.812921 0.280072 0.814266 0.281867 0.818304 0.281867 0.81965 0.283662 0.823688 0.283662 0.825034 0.285458 0.827725 0.285458 0.829071 0.287253 0.833109 0.287253 0.834455 0.289048 0.837147 0.289048 0.838493 0.290844 0.838493 0.285458 0.837147 0.283662 0.837147 0.276481 0.835801 0.274686 0.835801 0.27289 0.837147 0.271095 0.838493 0.271095 0.839838 0.27289 0.84253 0.27289 0.843876 0.274686 0.846568 0.274686 0.847914 0.276481 0.847914 0.274686 0.846568 0.27289 0.846568 0.2693 0.843876 0.2693 0.84253 0.267504 0.841184 0.267504 0.839838 0.265709 0.837147 0.265709 0.835801 0.263914 0.834455 0.263914 0.833109 0.262118 0.831763 0.263914 0.830417 0.263914 0.827725 0.267504 0.825034 0.267504 0.823688 0.265709 0.822342 0.265709 0.81965 0.262118 0.818304 0.262118 0.816958 0.260323 0.816958 0.262118 0.818304 0.263914 0.818304 0.267504 0.81965 0.2693 0.81965 0.271095 0.820996 0.27289 0.822342 0.27289 0.82638 0.278276 0.825034 0.280072 0.822342 0.280072 0.820996 0.278276 0.816958 0.278276 0.806191 0.263914 0.806191 0.262118 0.804845 0.260323 0.804845 0.258528 0.803499 0.256732
1 0.372813 0.256732 0.371467 0.258528 0.370121 0.258528 0.368775 0.260323 0.367429 0.260323 0.366083 0.262118 0.364738 0.262118 0.363392 0.263914 0.362046 0.263914 0.362046 0.267504 0.3607 0.2693 0.3607 0.271095 0.368775 0.271095 0.370121 0.27289 0.374159 0.267504 0.375505 0.267504 0.376851 0.265709 0.375505 0.263914 0.375505 0.262118 0.374159 0.260323 0.374159 0.258528
1 0.925976 0.253142 0.92463 0.254937 0.921938 0.254937 0.9179 0.260323 0.919246 0.260323 0.920592 0.262118 0.921938 0.262118 0.923284 0.263914 0.92463 0.263914 0.925976 0.265709 0.927322 0.265709 0.928668 0.267504 0.930013 0.267504 0.931359 0.2693 0.932705 0.267504 0.932705 0.265709 0.934051 0.263914
1 0.222073 0.253142 0.222073 0.254937 0.220727 0.256732 0.220727 0.258528 0.219381 0.260323 0.220727 0.262118 0.222073 0.262118 0.22611 0.267504 0.228802 0.263914 0.230148 0.263914 0.231494 0.262118 0.240915 0.262118 0.234186 0.253142
1 0.860027 0.240575 0.860027 0.24237 0.858681 0.244165 0.858681 0.245961 0.857335 0.247756 0.857335 0.249551 0.854643 0.253142 0.853297 0.251346 0.851952 0.251346 0.850606 0.249551 0.84926 0.249551 0.847914 0.247756 0.846568 0.247756 0.845222 0.245961 0.843876 0.245961 0.84253 0.244165 0.841184 0.245961 0.839838 0.245961 0.838493 0.247756 0.835801 0.247756 0.838493 0.247756 0.839838 0.249551 0.841184 0.249551 0.84253 0.251346 0.845222 0.251346 0.846568 0.253142 0.847914 0.253142 0.84926 0.254937 0.851952 0.254937 0.853297 0.256732 0.854643 0.256732 0.855989 0.258528 0.869448 0.258528 0.868102 0.258528 0.86541 0.254937 0.864065 0.254937 0.862719 0.253142 0.864065 0.251346 0.876178 0.251346 0.877524 0.253142 0.878869 0.253142 0.881561 0.256732 0.882907 0.256732 0.885599 0.260323 0.886945 0.258528 0.888291 0.258528 0.890983 0.254937 0.90175 0.254937 0.903096 0.256732 0.907133 0.251346 0.904441 0.251346 0.903096 0.249551 0.896366 0.249551 0.89502 0.247756 0.889637 0.247756 0.888291 0.245961 0.882907 0.245961 0.881561 0.244165 0.876178 0.244165 0.874832 0.24237 0.861373 0.24237
1 0.220727 0.240575 0.219381 0.24237 0.212651 0.24237 0.211306 0.244165 0.20323 0.244165 0.201884 0.245961 0.201884 0.247756 0.200538 0.249551 0.200538 0.251346 0.199192 0.253142 0.200538 0.254937 0.200538 0.256732 0.201884 0.258528 0.204576 0.254937 0.205922 0.254937 0.208614 0.251346 0.216689 0.251346 0.218035 0.249551 0.219381 0.249551 0.222073 0.245961 0.223419 0.245961 0.224764 0.244165 0.22611 0.244165 0.224764 0.244165 0.223419 0.24237 0.222073 0.24237
1 0.2786 0.238779 0.274563 0.244165 0.273217 0.244165 0.271871 0.245961 0.273217 0.247756 0.274563 0.247756 0.277254 0.251346 0.2786 0.251346 0.281292 0.254937 0.275908 0.262118 0.277254 0.263914 0.2786 0.263914 0.279946 0.265709 0.2786 0.267504 0.271871 0.267504 0.270525 0.265709 0.267833 0.265709 0.266487 0.263914 0.265141 0.263914 0.263795 0.262118 0.263795 0.260323 0.26245 0.258528 0.26245 0.254937 0.261104 0.256732 0.257066 0.256732 0.25572 0.258528 0.251682 0.258528 0.253028 0.258528 0.25572 0.262118 0.257066 0.262118 0.259758 0.265709 0.261104 0.265709 0.263795 0.2693 0.275908 0.2693 0.277254 0.271095 0.282638 0.271095 0.283984 0.27289 0.288022 0.27289 0.289367 0.274686 0.290713 0.27289 0.293405 0.27289 0.294751 0.271095 0.298789 0.271095 0.290713 0.260323 0.290713 0.258528 0.292059 0.256732 0.292059 0.254937 0.293405 0.253142 0.30821 0.253142 0.309556 0.254937 0.329744 0.254937 0.327052 0.251346 0.320323 0.251346 0.318977 0.249551 0.312248 0.249551 0.310902 0.247756 0.306864 0.247756 0.305518 0.245961 0.300135 0.245961 0.298789 0.244165 0.294751 0.244165 0.293405 0.24237 0.286676 0.24237 0.28533 0.240575 0.279946 0.240575
1 0.94751 0.236984 0.94751 0.238779 0.946164 0.240575 0.946164 0.24237 0.944818 0.244165 0.944818 0.245961 0.946164 0.247756 0.946164 0.249551 0.94751 0.251346 0.94751 0.247756 0.948856 0.245961 0.948856 0.244165 0.950202 0.24237 0.951548 0.24237 0.952894 0.240575 0.959623 0.240575 0.960969 0.24237 0.965007 0.24237 0.966353 0.244165 0.973082 0.244165 0.974428 0.245961 0.97712 0.245961 0.978466 0.247756 0.981157 0.247756 0.982503 0.249551 0.985195 0.249551 0.986541 0.251346 0.986541 0.249551 0.985195 0.247756 0.985195 0.244165 0.983849 0.244165 0.982503 0.24237 0.981157 0.24237 0.979812 0.240575 0.978466 0.240575 0.97712 0.238779 0.975774 0.238779 0.974428 0.236984 0.973082 0.238779 0.948856 0.238779
1 0.648721 0.235189 0.648721 0.236984 0.650067 0.238779 0.650067 0.240575 0.651413 0.24237 0.651413 0.244165 0.652759 0.24237 0.655451 0.24237 0.656797 0.240575 0.676985 0.240575 0.683715 0.249551 0.686406 0.245961 0.687752 0.245961 0.690444 0.24237 0.69179 0.24237 0.693136 0.240575 0.690444 0.240575 0.689098 0.238779 0.687752 0.238779 0.686406 0.236984 0.655451 0.236984 0.654105 0.235189
1 0.896366 0.229803 0.89502 0.231598 0.892328 0.231598 0.890983 0.233393 0.888291 0.233393 0.889637 0.233393 0.890983 0.235189 0.892328 0.235189 0.893674 0.236984 0.89502 0.236984 0.896366 0.238779 0.897712 0.236984 0.904441 0.236984 0.903096 0.236984 0.900404 0.233393 0.899058 0.233393
1 0.81965 0.222621 0.818304 0.224417 0.818304 0.226212 0.816958 0.228007 0.816958 0.229803 0.815612 0.231598 0.815612 0.233393 0.814266 0.235189 0.814266 0.236984 0.812921 0.238779 0.812921 0.240575 0.815612 0.240575 0.816958 0.24237 0.81965 0.24237 0.820996 0.244165 0.822342 0.244165 0.823688 0.245961 0.82638 0.245961 0.827725 0.247756 0.827725 0.245961 0.829071 0.244165 0.829071 0.24237 0.822342 0.24237 0.820996 0.240575 0.820996 0.235189 0.823688 0.231598 0.823688 0.229803 0.82638 0.226212 0.823688 0.226212 0.822342 0.224417 0.820996 0.224417
1 0.866756 0.217235 0.86541 0.219031 0.86541 0.220826 0.864065 0.222621 0.86541 0.222621 0.866756 0.224417 0.869448 0.224417 0.870794 0.226212 0.87214 0.226212 0.873486 0.228007 0.874832 0.226212 0.885599 0.226212 0.885599 0.222621 0.886945 0.220826 0.886945 0.219031 0.868102 0.219031
1 0.833109 0.211849 0.829071 0.217235 0.829071 0.229803 0.838493 0.229803 0.835801 0.226212 0.835801 0.222621 0.837147 0.220826 0.837147 0.219031 0.838493 0.217235 0.845222 0.217235 0.846568 0.219031 0.84926 0.219031 0.850606 0.220826 0.851952 0.220826 0.853297 0.222621 0.857335 0.217235 0.853297 0.211849
1 0.643338 0.208259 0.643338 0.211849 0.641992 0.213645 0.641992 0.21544 0.654105 0.21544 0.654105 0.208259
1 0.480485 0.192101 0.480485 0.193896 0.479139 0.195691 0.479139 0.197487 0.475101 0.202873 0.475101 0.204668 0.471063 0.210054 0.471063 0.211849 0.469717 0.213645 0.469717 0.21544 0.468371 0.217235 0.469717 0.21544 0.473755 0.21544 0.475101 0.217235 0.473755 0.219031 0.475101 0.220826 0.475101 0.222621 0.476447 0.224417 0.476447 0.226212 0.477793 0.228007 0.477793 0.229803 0.484522 0.229803 0.485868 0.231598 0.487214 0.229803 0.487214 0.228007 0.489906 0.224417 0.484522 0.224417 0.483176 0.222621 0.483176 0.220826 0.484522 0.219031 0.484522 0.217235 0.485868 0.21544 0.485868 0.213645 0.487214 0.211849 0.493943 0.211849 0.493943 0.204668 0.492598 0.206463 0.487214 0.206463 0.485868 0.208259 0.48183 0.208259 0.480485 0.206463 0.48183 0.204668 0.48183 0.199282 0.483176 0.197487 0.483176 0.195691
1 0.394347 0.190305 0.391655 0.193896 0.39031 0.193896 0.388964 0.195691 0.397039 0.195691 0.398385 0.197487 0.397039 0.199282 0.394347 0.199282 0.393001 0.201077 0.39031 0.201077 0.39031 0.204668 0.388964 0.206463 0.388964 0.210054 0.387618 0.211849 0.386272 0.211849 0.384926 0.213645 0.38358 0.213645 0.391655 0.213645 0.393001 0.21544 0.394347 0.21544 0.395693 0.217235 0.397039 0.217235 0.399731 0.220826 0.401077 0.220826 0.402423 0.222621 0.410498 0.222621 0.410498 0.219031 0.411844 0.217235 0.411844 0.21544 0.402423 0.21544 0.401077 0.213645 0.401077 0.211849 0.399731 0.210054 0.397039 0.210054 0.395693 0.208259 0.393001 0.208259 0.391655 0.206463 0.393001 0.204668 0.394347 0.204668 0.395693 0.202873 0.398385 0.202873 0.402423 0.197487 0.403769 0.197487 0.405114 0.195691 0.402423 0.195691 0.401077 0.193896 0.399731 0.193896 0.398385 0.192101 0.395693 0.192101
