0 0.363392 0.985637 0.362046 0.987433 0.362046 0.989228 0.358008 0.994614 0.358008 0.996409 0.356662 0.998205 0.370121 0.998205 0.372813 0.994614 0.371467 0.992819 0.370121 0.992819 0.367429 0.989228 0.366083 0.989228
0 0.294751 0.949731 0.294751 0.956912 0.296097 0.958707 0.296097 0.967684 0.297443 0.967684 0.298789 0.969479 0.30148 0.969479 0.302826 0.971275 0.304172 0.971275 0.306864 0.974865 0.306864 0.976661 0.30821 0.978456 0.30821 0.980251 0.309556 0.982047 0.309556 0.983842 0.310902 0.985637 0.310902 0.987433 0.312248 0.989228 0.312248 0.991023 0.313594 0.992819 0.313594 0.994614 0.314939 0.996409 0.314939 0.998205 0.320323 0.998205 0.320323 0.985637 0.321669 0.983842 0.321669 0.971275 0.320323 0.971275 0.317631 0.967684 0.316285 0.967684 0.314939 0.965889 0.313594 0.965889 0.310902 0.962298 0.309556 0.962298 0.306864 0.958707 0.305518 0.958707 0.304172 0.956912 0.302826 0.956912 0.30148 0.955117 0.300135 0.955117 0.297443 0.951526 0.296097 0.951526
0 0.23284 0.937163 0.227456 0.944345 0.22611 0.944345 0.222073 0.949731 0.222073 0.951526 0.220727 0.953321 0.220727 0.955117 0.219381 0.956912 0.219381 0.958707 0.218035 0.960503 0.218035 0.962298 0.216689 0.964093 0.216689 0.965889 0.215343 0.967684 0.215343 0.969479 0.213997 0.971275 0.213997 0.97307 0.215343 0.974865 0.215343 0.980251 0.216689 0.982047 0.216689 0.987433 0.218035 0.989228 0.218035 0.991023 0.266487 0.991023 0.267833 0.992819 0.267833 0.982047 0.266487 0.980251 0.266487 0.969479 0.265141 0.967684 0.265141 0.965889 0.26245 0.962298 0.26245 0.960503 0.258412 0.955117 0.258412 0.953321 0.25572 0.949731 0.25572 0.947935 0.254374 0.94614 0.244953 0.94614 0.243607 0.944345 0.242261 0.944345 0.240915 0.942549 0.239569 0.942549 0.238223 0.940754 0.236878 0.940754 0.235532 0.938959 0.234186 0.938959
0 0.078062 0.89228 0.076716 0.894075 0.07537 0.894075 0.072678 0.897666 0.071332 0.897666 0.068641 0.901257 0.067295 0.901257 0.067295 0.903052 0.068641 0.904847 0.068641 0.908438 0.069987 0.910233 0.069987 0.912029 0.076716 0.912029 0.078062 0.913824 0.079408 0.912029 0.0821 0.912029 0.083445 0.910233 0.086137 0.910233 0.087483 0.908438 0.090175 0.908438 0.090175 0.895871 0.084791 0.895871 0.083445 0.894075 0.079408 0.894075
0 0.405114 0.850987 0.405114 0.856373 0.40646 0.858169 0.40646 0.86535 0.41319 0.86535 0.41319 0.859964 0.411844 0.858169 0.411844 0.852783 0.40646 0.852783
0 0.446837 0.804309 0.445491 0.806104 0.440108 0.806104 0.438762 0.807899 0.434724 0.807899 0.433378 0.809695 0.417227 0.809695 0.415882 0.81149 0.41319 0.81149 0.411844 0.813285 0.409152 0.813285 0.407806 0.815081 0.40646 0.815081 0.403769 0.818671 0.402423 0.818671 0.397039 0.825853 0.395693 0.825853 0.393001 0.829443 0.391655 0.829443 0.39031 0.831239 0.39031 0.836625 0.391655 0.83842 0.391655 0.843806 0.401077 0.843806 0.402423 0.845601 0.403769 0.845601 0.405114 0.847397 0.40646 0.845601 0.410498 0.845601 0.411844 0.843806 0.417227 0.843806 0.418573 0.842011 0.422611 0.842011 0.423957 0.840215 0.426649 0.840215 0.427995 0.83842 0.429341 0.83842 0.430686 0.836625 0.433378 0.836625 0.434724 0.834829 0.43607 0.834829 0.437416 0.833034 0.440108 0.833034 0.441454 0.831239 0.442799 0.831239 0.444145 0.829443 0.446837 0.829443 0.450875 0.824057 0.450875 0.822262 0.449529 0.820467 0.449529 0.815081 0.448183 0.813285 0.448183 0.807899 0.446837 0.806104
0 0.656797 0.802513 0.655451 0.804309 0.650067 0.804309 0.647376 0.807899 0.64603 0.807899 0.643338 0.804309 0.641992 0.806104 0.6393 0.806104 0.637954 0.807899 0.637954 0.809695 0.636608 0.81149 0.635262 0.809695 0.635262 0.807899 0.633917 0.809695 0.632571 0.809695 0.632571 0.813285 0.633917 0.815081 0.633917 0.818671 0.632571 0.820467 0.631225 0.820467 0.629879 0.822262 0.627187 0.822262 0.625841 0.824057 0.624495 0.824057 0.624495 0.829443 0.648721 0.829443 0.650067 0.831239 0.651413 0.829443 0.656797 0.829443 0.658143 0.827648 0.658143 0.825853 0.659489 0.824057 0.659489 0.822262 0.660834 0.820467 0.660834 0.81149 0.659489 0.809695 0.659489 0.807899 0.658143 0.806104 0.658143 0.804309
0 0.524899 0.771993 0.524899 0.773788 0.523553 0.775583 0.523553 0.777379 0.522207 0.779174 0.522207 0.782765 0.520861 0.78456 0.520861 0.786355 0.519515 0.788151 0.519515 0.789946 0.51817 0.791741 0.51817 0.795332 0.519515 0.797127 0.519515 0.802513 0.520861 0.804309 0.520861 0.807899 0.522207 0.809695 0.522207 0.81149 0.539704 0.81149 0.545087 0.804309 0.545087 0.802513 0.549125 0.797127 0.549125 0.795332 0.550471 0.793537 0.550471 0.789946 0.551817 0.788151 0.551817 0.786355 0.553163 0.78456 0.553163 0.780969 0.554509 0.779174 0.554509 0.775583 0.555855 0.773788 0.553163 0.773788 0.551817 0.775583 0.550471 0.775583 0.549125 0.777379 0.546433 0.777379 0.545087 0.779174 0.542396 0.779174 0.54105 0.777379 0.539704 0.777379 0.535666 0.771993
0 0.440108 0.764811 0.438762 0.766607 0.432032 0.766607 0.432032 0.777379 0.433378 0.775583 0.438762 0.775583 0.438762 0.770197 0.440108 0.768402
0 0.748318 0.648115 0.748318 0.655296 0.760431 0.655296 0.760431 0.653501 0.759085 0.651706 0.759085 0.648115
0 0.839838 0.642729 0.839838 0.666068 0.854643 0.666068 0.854643 0.642729
0 0.594886 0.59605 0.59354 0.597846 0.589502 0.597846 0.588156 0.599641 0.584118 0.599641 0.584118 0.606822 0.596231 0.606822 0.596231 0.603232 0.594886 0.601436
0 0.30148 0.520646 0.293405 0.531418 0.302826 0.531418 0.309556 0.522442 0.306864 0.522442 0.305518 0.520646
0 0.664872 0.421903 0.663526 0.423698 0.663526 0.425494 0.659489 0.43088 0.659489 0.432675 0.654105 0.439856 0.652759 0.439856 0.650067 0.443447 0.648721 0.443447 0.648721 0.445242 0.650067 0.447038 0.650067 0.448833 0.651413 0.447038 0.66218 0.447038 0.666218 0.452424 0.667564 0.452424 0.672948 0.459605 0.674293 0.45781 0.676985 0.45781 0.676985 0.445242 0.675639 0.443447 0.674293 0.443447 0.671602 0.439856 0.672948 0.438061 0.672948 0.436266 0.675639 0.432675 0.675639 0.43088 0.676985 0.429084 0.675639 0.429084 0.674293 0.427289 0.671602 0.427289 0.670256 0.425494 0.66891 0.425494 0.667564 0.423698 0.666218 0.423698
0 0.601615 0.362657 0.598923 0.366248 0.598923 0.368043 0.596231 0.371634 0.601615 0.371634 0.602961 0.373429 0.606999 0.373429 0.608345 0.375224 0.60969 0.373429 0.611036 0.373429 0.613728 0.369838 0.615074 0.369838 0.612382 0.369838 0.611036 0.368043 0.60969 0.368043 0.608345 0.366248 0.605653 0.366248 0.604307 0.364452 0.602961 0.364452
0 0.825034 0.319569 0.823688 0.321364 0.820996 0.321364 0.81965 0.32316 0.818304 0.32316 0.816958 0.324955 0.814266 0.324955 0.814266 0.328546 0.812921 0.330341 0.812921 0.332136 0.814266 0.330341 0.816958 0.330341 0.818304 0.328546 0.822342 0.328546 0.822342 0.32675 0.823688 0.324955 0.823688 0.32316 0.825034 0.321364
0 0.724092 0.29623 0.722746 0.298025 0.7214 0.298025 0.720054 0.29982 0.718708 0.29982 0.720054 0.301616 0.720054 0.303411 0.7214 0.305206 0.7214 0.307002 0.722746 0.305206 0.729475 0.305206 0.730821 0.303411 0.73755 0.303411 0.736205 0.301616 0.736205 0.29982 0.734859 0.298025 0.734859 0.29623
0 0.172275 0.129264 0.172275 0.136445 0.181696 0.136445 0.181696 0.129264
1 0.753701 0.922801 0.752355 0.924596 0.734859 0.924596 0.736205 0.926391 0.736205 0.928187 0.73755 0.929982 0.73755 0.931777 0.742934 0.938959 0.74428 0.938959 0.752355 0.949731 0.753701 0.949731 0.756393 0.953321 0.757739 0.953321 0.761777 0.958707 0.761777 0.960503 0.763122 0.962298 0.763122 0.964093 0.764468 0.965889 0.764468 0.967684 0.765814 0.969479 0.765814 0.971275 0.76716 0.97307 0.764468 0.976661 0.763122 0.976661 0.760431 0.980251 0.759085 0.980251 0.756393 0.983842 0.755047 0.983842 0.753701 0.985637 0.753701 0.989228 0.752355 0.991023 0.752355 0.992819 0.76716 0.992819 0.768506 0.994614 0.769852 0.992819 0.771198 0.992819 0.77389 0.989228 0.775236 0.989228 0.777927 0.985637 0.779273 0.985637 0.779273 0.949731 0.777927 0.947935 0.777927 0.94614 0.776581 0.944345 0.776581 0.942549 0.775236 0.940754 0.775236 0.938959 0.77389 0.937163 0.77389 0.935368 0.772544 0.933573 0.772544 0.931777 0.771198 0.929982 0.768506 0.929982 0.76716 0.928187 0.763122 0.928187 0.761777 0.926391 0.759085 0.926391 0.757739 0.924596 0.755047 0.924596
1 0.650067 0.913824 0.647376 0.917415 0.64603 0.917415 0.641992 0.922801 0.640646 0.922801 0.637954 0.926391 0.636608 0.926391 0.635262 0.928187 0.636608 0.929982 0.636608 0.931777 0.637954 0.933573 0.637954 0.935368 0.6393 0.937163 0.637954 0.938959 0.637954 0.940754 0.636608 0.942549 0.636608 0.944345 0.635262 0.94614 0.635262 0.947935 0.633917 0.949731 0.633917 0.951526 0.631225 0.955117 0.612382 0.955117 0.611036 0.953321 0.608345 0.953321 0.606999 0.951526 0.602961 0.951526 0.601615 0.949731 0.59354 0.949731 0.592194 0.951526 0.588156 0.951526 0.58681 0.953321 0.584118 0.953321 0.582773 0.955117 0.578735 0.955117 0.576043 0.958707 0.574697 0.958707 0.570659 0.964093 0.569314 0.964093 0.567968 0.965889 0.569314 0.967684 0.570659 0.967684 0.576043 0.974865 0.577389 0.974865 0.582773 0.982047 0.584118 0.982047 0.58681 0.985637 0.590848 0.985637 0.592194 0.987433 0.596231 0.987433 0.597577 0.989228 0.601615 0.989228 0.602961 0.991023 0.605653 0.991023 0.606999 0.992819 0.611036 0.992819 0.612382 0.994614 0.61642 0.994614 0.617766 0.996409 0.619112 0.994614 0.619112 0.992819 0.623149 0.987433 0.624495 0.987433 0.627187 0.983842 0.628533 0.983842 0.631225 0.980251 0.633917 0.980251 0.635262 0.978456 0.637954 0.978456 0.6393 0.976661 0.641992 0.976661 0.643338 0.974865 0.64603 0.974865 0.647376 0.97307 0.648721 0.97307 0.650067 0.971275 0.651413 0.971275 0.654105 0.967684 0.655451 0.967684 0.656797 0.965889 0.658143 0.965889 0.659489 0.964093 0.660834 0.964093 0.663526 0.960503 0.664872 0.960503 0.666218 0.958707 0.667564 0.958707 0.66891 0.956912 0.670256 0.956912 0.672948 0.953321 0.674293 0.953321 0.675639 0.951526 0.676985 0.951526 0.678331 0.949731 0.678331 0.947935 0.679677 0.94614 0.679677 0.944345 0.681023 0.942549 0.681023 0.940754 0.682369 0.938959 0.682369 0.937163 0.683715 0.935368 0.683715 0.933573 0.685061 0.931777 0.685061 0.929982 0.686406 0.928187 0.685061 0.928187 0.683715 0.926391 0.682369 0.926391 0.681023 0.924596 0.679677 0.924596 0.678331 0.922801 0.676985 0.922801 0.675639 0.921005 0.674293 0.921005 0.672948 0.91921 0.666218 0.91921 0.664872 0.917415 0.659489 0.917415 0.658143 0.915619 0.651413 0.915619
1 0.119785 0.858169 0.118439 0.859964 0.114401 0.859964 0.113055 0.861759 0.107672 0.861759 0.106326 0.863555 0.100942 0.863555 0.099596 0.86535 0.095559 0.86535 0.094213 0.867145 0.088829 0.867145 0.084791 0.872531 0.083445 0.872531 0.079408 0.877917 0.07537 0.877917 0.074024 0.879713 0.069987 0.879713 0.068641 0.881508 0.064603 0.881508 0.063257 0.883303 0.060565 0.883303 0.059219 0.885099 0.057873 0.885099 0.056528 0.886894 0.053836 0.886894 0.05249 0.888689 0.049798 0.888689 0.048452 0.890485 0.047106 0.890485 0.04576 0.89228 0.043069 0.89228 0.041723 0.894075 0.039031 0.894075 0.037685 0.895871 0.034993 0.895871 0.033647 0.897666 0.032301 0.897666 0.030956 0.899461 0.025572 0.899461 0.024226 0.897666 0.02288 0.897666 0.021534 0.895871 0.020188 0.897666 0.017497 0.897666 0.016151 0.899461 0.013459 0.899461 0.013459 0.903052 0.012113 0.904847 0.012113 0.906643 0.010767 0.908438 0.005384 0.908438 0.005384 0.910233 0.004038 0.912029 0.005384 0.912029 0.006729 0.913824 0.008075 0.913824 0.009421 0.915619 0.010767 0.915619 0.012113 0.917415 0.005384 0.926391 0.005384 0.937163 0.006729 0.935368 0.010767 0.935368 0.012113 0.933573 0.014805 0.933573 0.016151 0.931777 0.020188 0.931777 0.021534 0.929982 0.025572 0.929982 0.026918 0.928187 0.036339 0.928187 0.037685 0.926391 0.047106 0.926391 0.048452 0.924596 0.057873 0.924596 0.060565 0.921005 0.061911 0.921005 0.067295 0.913824 0.068641 0.913824 0.068641 0.910233 0.067295 0.908438 0.067295 0.904847 0.065949 0.903052 0.065949 0.901257 0.067295 0.899461 0.068641 0.899461 0.071332 0.895871 0.072678 0.895871 0.07537 0.89228 0.076716 0.89228 0.078062 0.890485 0.079408 0.89228 0.083445 0.89228 0.084791 0.894075 0.090175 0.894075 0.091521 0.895871 0.091521 0.908438 0.090175 0.910233 0.087483 0.910233 0.086137 0.912029 0.083445 0.912029 0.0821 0.913824 0.079408 0.913824 0.0821 0.917415 0.092867 0.917415 0.094213 0.915619 0.099596 0.915619 0.100942 0.913824 0.107672 0.913824 0.110363 0.910233 0.111709 0.910233 0.114401 0.906643 0.115747 0.906643 0.118439 0.903052 0.119785 0.903052 0.122476 0.899461 0.12786 0.899461 0.129206 0.901257 0.130552 0.899461 0.135935 0.899461 0.137281 0.897666 0.142665 0.897666 0.144011 0.895871 0.145357 0.895871 0.146703 0.894075 0.148048 0.894075 0.149394 0.89228 0.15074 0.89228 0.149394 0.890485 0.149394 0.888689 0.148048 0.886894 0.135935 0.886894 0.13459 0.885099 0.133244 0.886894 0.12786 0.886894 0.126514 0.888689 0.121131 0.888689 0.119785 0.890485 0.114401 0.890485 0.113055 0.888689 0.113055 0.886894 0.110363 0.883303 0.110363 0.881508 0.109017 0.879713 0.110363 0.877917 0.111709 0.877917 0.114401 0.874327 0.115747 0.874327 0.117093 0.872531 0.118439 0.872531 0.119785 0.870736 0.121131 0.870736 0.123822 0.867145 0.125168 0.867145 0.122476 0.863555 0.122476 0.861759
1 0.648721 0.845601 0.648721 0.847397 0.647376 0.849192 0.647376 0.850987 0.64603 0.852783 0.64603 0.854578 0.644684 0.856373 0.64603 0.858169 0.64603 0.859964 0.647376 0.861759 0.647376 0.863555 0.648721 0.86535 0.648721 0.867145 0.650067 0.868941 0.650067 0.870736 0.651413 0.872531 0.652759 0.870736 0.656797 0.870736 0.658143 0.868941 0.660834 0.868941 0.66218 0.867145 0.666218 0.867145 0.667564 0.86535 0.672948 0.86535 0.674293 0.863555 0.681023 0.863555 0.682369 0.861759 0.682369 0.859964 0.683715 0.858169 0.683715 0.856373 0.685061 0.854578 0.682369 0.854578 0.681023 0.852783 0.679677 0.852783 0.678331 0.850987 0.675639 0.850987 0.674293 0.849192 0.672948 0.849192 0.671602 0.847397 0.66891 0.847397 0.667564 0.845601
1 0.717362 0.816876 0.716016 0.818671 0.706595 0.818671 0.703903 0.822262 0.703903 0.824057 0.699865 0.829443 0.702557 0.833034 0.702557 0.834829 0.713324 0.849192 0.71467 0.847397 0.720054 0.847397 0.7214 0.845601 0.724092 0.845601 0.725437 0.843806 0.729475 0.843806 0.730821 0.842011 0.733513 0.842011 0.736205 0.83842 0.73755 0.83842 0.740242 0.834829 0.741588 0.834829 0.741588 0.833034 0.740242 0.831239 0.740242 0.829443 0.738896 0.827648 0.738896 0.825853 0.73755 0.824057 0.73755 0.822262 0.732167 0.822262 0.730821 0.820467 0.725437 0.820467 0.724092 0.818671 0.718708 0.818671
1 0.764468 0.764811 0.764468 0.768402 0.763122 0.770197 0.763122 0.775583 0.761777 0.777379 0.761777 0.800718 0.771198 0.813285 0.771198 0.815081 0.780619 0.827648 0.781965 0.825853 0.786003 0.825853 0.787349 0.824057 0.79004 0.824057 0.791386 0.822262 0.795424 0.822262 0.806191 0.807899 0.806191 0.806104 0.807537 0.804309 0.807537 0.802513 0.808883 0.800718 0.807537 0.800718 0.806191 0.798923 0.804845 0.798923 0.803499 0.797127 0.802153 0.797127 0.800808 0.795332 0.799462 0.795332 0.798116 0.793537 0.79677 0.793537 0.795424 0.791741 0.794078 0.791741 0.792732 0.789946 0.791386 0.789946 0.79004 0.788151 0.788694 0.788151 0.787349 0.786355 0.786003 0.786355 0.784657 0.78456 0.783311 0.78456 0.780619 0.780969 0.779273 0.780969 0.775236 0.775583 0.77389 0.775583 0.768506 0.768402 0.76716 0.768402
1 0.833109 0.743268 0.831763 0.745063 0.830417 0.745063 0.829071 0.746858 0.82638 0.746858 0.825034 0.748654 0.823688 0.748654 0.822342 0.750449 0.81965 0.750449 0.818304 0.752244 0.816958 0.752244 0.822342 0.759425 0.823688 0.759425 0.831763 0.770197 0.831763 0.771993 0.833109 0.773788 0.833109 0.779174 0.834455 0.780969 0.833109 0.782765 0.814266 0.782765 0.812921 0.780969 0.807537 0.788151 0.808883 0.789946 0.810229 0.789946 0.814266 0.795332 0.815612 0.795332 0.818304 0.798923 0.818304 0.802513 0.816958 0.804309 0.816958 0.809695 0.815612 0.81149 0.815612 0.815081 0.837147 0.815081 0.838493 0.816876 0.839838 0.816876 0.843876 0.822262 0.845222 0.822262 0.850606 0.829443 0.851952 0.829443 0.854643 0.833034 0.858681 0.833034 0.860027 0.834829 0.862719 0.834829 0.864065 0.836625 0.864065 0.831239 0.86541 0.829443 0.86541 0.820467 0.866756 0.818671 0.866756 0.809695 0.868102 0.807899 0.868102 0.802513 0.866756 0.800718 0.866756 0.798923 0.86541 0.797127 0.86541 0.795332 0.864065 0.793537 0.864065 0.791741 0.861373 0.788151 0.861373 0.786355 0.860027 0.78456 0.860027 0.782765 0.858681 0.780969 0.858681 0.779174 0.862719 0.773788 0.862719 0.771993 0.868102 0.764811 0.854643 0.746858 0.845222 0.746858 0.843876 0.745063 0.834455 0.745063
1 0.297443 0.7307 0.296097 0.732496 0.292059 0.732496 0.290713 0.734291 0.28533 0.734291 0.283984 0.736086 0.279946 0.736086 0.2786 0.737882 0.273217 0.737882 0.271871 0.739677 0.270525 0.739677 0.269179 0.741472 0.266487 0.741472 0.265141 0.743268 0.263795 0.743268 0.26245 0.745063 0.261104 0.745063 0.259758 0.746858 0.257066 0.746858 0.25572 0.748654 0.254374 0.748654 0.253028 0.750449 0.250336 0.750449 0.248991 0.752244 0.247645 0.752244 0.246299 0.754039 0.244953 0.754039 0.242261 0.75763 0.240915 0.75763 0.250336 0.770197 0.250336 0.771993 0.258412 0.782765 0.259758 0.780969 0.269179 0.780969 0.270525 0.779174 0.273217 0.779174 0.274563 0.777379 0.275908 0.777379 0.277254 0.775583 0.279946 0.775583 0.281292 0.773788 0.288022 0.773788 0.289367 0.771993 0.296097 0.771993 0.297443 0.770197 0.298789 0.770197 0.300135 0.768402 0.30148 0.768402 0.302826 0.766607 0.304172 0.766607 0.305518 0.764811 0.306864 0.764811 0.309556 0.761221 0.310902 0.761221 0.312248 0.759425 0.313594 0.759425 0.314939 0.75763 0.316285 0.75763 0.317631 0.755835 0.318977 0.755835 0.320323 0.754039 0.320323 0.752244 0.321669 0.750449 0.321669 0.748654 0.323015 0.746858 0.323015 0.745063 0.324361 0.743268 0.324361 0.741472 0.325707 0.739677 0.321669 0.739677 0.320323 0.737882 0.316285 0.737882 0.314939 0.736086 0.309556 0.736086 0.30821 0.734291 0.304172 0.734291 0.302826 0.732496 0.298789 0.732496
1 0.756393 0.689408 0.755047 0.691203 0.755047 0.692998 0.753701 0.694794 0.753701 0.696589 0.751009 0.70018 0.751009 0.701975 0.749664 0.70377 0.749664 0.705566 0.748318 0.707361 0.749664 0.709156 0.749664 0.710952 0.751009 0.712747 0.751009 0.714542 0.752355 0.716338 0.752355 0.725314 0.753701 0.72711 0.753701 0.736086 0.756393 0.736086 0.757739 0.737882 0.760431 0.737882 0.761777 0.739677 0.764468 0.739677 0.765814 0.741472 0.76716 0.739677 0.768506 0.739677 0.769852 0.737882 0.772544 0.737882 0.77389 0.736086 0.775236 0.736086 0.776581 0.734291 0.784657 0.734291 0.786003 0.732496 0.794078 0.732496 0.791386 0.728905 0.79004 0.728905 0.787349 0.725314 0.786003 0.725314 0.780619 0.718133 0.781965 0.716338 0.781965 0.714542 0.784657 0.710952 0.784657 0.709156 0.786003 0.707361 0.777927 0.707361 0.776581 0.705566 0.775236 0.705566 0.772544 0.701975 0.771198 0.701975 0.761777 0.689408
1 0.864065 0.666068 0.862719 0.667864 0.84926 0.667864 0.84926 0.67325 0.847914 0.675045 0.847914 0.678636 0.850606 0.678636 0.851952 0.680431 0.854643 0.680431 0.855989 0.682226 0.857335 0.682226 0.858681 0.684022 0.861373 0.684022 0.862719 0.685817 0.864065 0.684022 0.87214 0.684022 0.873486 0.685817 0.877524 0.685817 0.878869 0.687612 0.884253 0.687612 0.885599 0.689408 0.889637 0.689408 0.890983 0.691203 0.890983 0.689408 0.892328 0.687612 0.890983 0.687612 0.889637 0.685817 0.886945 0.685817 0.885599 0.684022 0.884253 0.684022 0.882907 0.682226 0.880215 0.682226 0.878869 0.680431 0.877524 0.680431 0.874832 0.67684 0.873486 0.67684 0.868102 0.669659 0.866756 0.669659
1 0.935397 0.621185 0.934051 0.62298 0.932705 0.62298 0.931359 0.624776 0.930013 0.624776 0.927322 0.628366 0.925976 0.628366 0.92463 0.630162 0.923284 0.630162 0.930013 0.630162 0.931359 0.631957 0.939435 0.631957 0.940781 0.633752 0.94751 0.633752 0.948856 0.635548 0.955585 0.635548 0.956931 0.637343 0.95424 0.640934 0.952894 0.640934 0.950202 0.644524 0.948856 0.644524 0.946164 0.648115 0.944818 0.648115 0.942127 0.651706 0.940781 0.651706 0.938089 0.655296 0.936743 0.655296 0.939435 0.655296 0.940781 0.657092 0.943472 0.657092 0.944818 0.658887 0.946164 0.658887 0.94751 0.660682 0.950202 0.660682 0.951548 0.662478 0.95424 0.662478 0.955585 0.664273 0.958277 0.660682 0.959623 0.660682 0.963661 0.655296 0.965007 0.655296 0.969044 0.64991 0.97039 0.64991 0.975774 0.642729 0.97712 0.642729 0.978466 0.640934 0.97712 0.639138 0.975774 0.639138 0.97039 0.631957 0.969044 0.631957 0.965007 0.626571 0.956931 0.626571 0.955585 0.624776 0.946164 0.624776 0.944818 0.62298 0.936743 0.62298
1 0.775236 0.599641 0.77389 0.601436 0.745626 0.601436 0.745626 0.605027 0.746972 0.606822 0.746972 0.614004 0.748318 0.615799 0.748318 0.61939 0.749664 0.617594 0.761777 0.617594 0.763122 0.615799 0.776581 0.615799 0.776581 0.608618 0.775236 0.606822
1 0.313594 0.59246 0.312248 0.594255 0.309556 0.594255 0.30821 0.59605 0.305518 0.59605 0.304172 0.597846 0.30148 0.597846 0.300135 0.599641 0.297443 0.599641 0.294751 0.603232 0.294751 0.605027 0.290713 0.610413 0.296097 0.617594 0.298789 0.614004 0.300135 0.614004 0.304172 0.608618 0.305518 0.608618 0.30821 0.605027 0.310902 0.605027 0.312248 0.603232 0.314939 0.603232 0.316285 0.601436 0.320323 0.601436 0.321669 0.599641 0.324361 0.599641 0.325707 0.597846 0.325707 0.59605 0.328398 0.59246
1 0.838493 0.556553 0.837147 0.558348 0.831763 0.558348 0.830417 0.560144 0.825034 0.560144 0.820996 0.56553 0.81965 0.56553 0.818304 0.567325 0.818304 0.572711 0.816958 0.574506 0.816958 0.579892 0.811575 0.587074 0.812921 0.588869 0.812921 0.590664 0.820996 0.579892 0.822342 0.579892 0.825034 0.576302 0.830417 0.576302 0.831763 0.578097 0.838493 0.56912 0.845222 0.56912 0.846568 0.567325 0.851952 0.567325 0.853297 0.56553 0.860027 0.56553 0.860027 0.563734 0.858681 0.561939 0.858681 0.560144 0.84926 0.560144 0.847914 0.558348 0.839838 0.558348
1 0.409152 0.509874 0.407806 0.51167 0.391655 0.51167 0.39031 0.513465 0.372813 0.513465 0.371467 0.51526 0.367429 0.51526 0.366083 0.517056 0.362046 0.517056 0.3607 0.518851 0.358008 0.518851 0.356662 0.520646 0.352624 0.520646 0.351279 0.522442 0.347241 0.522442 0.345895 0.524237 0.341857 0.524237 0.344549 0.527828 0.344549 0.529623 0.345895 0.531418 0.3607 0.531418 0.362046 0.529623 0.367429 0.529623 0.368775 0.527828 0.375505 0.527828 0.376851 0.526032 0.382234 0.526032 0.38358 0.524237 0.388964 0.524237 0.39031 0.522442 0.395693 0.522442 0.397039 0.520646 0.403769 0.520646 0.405114 0.518851 0.410498 0.518851 0.410498 0.51526 0.409152 0.513465
1 0.861373 0.490126 0.860027 0.491921 0.857335 0.491921 0.855989 0.493716 0.854643 0.493716 0.853297 0.495512 0.850606 0.495512 0.847914 0.499102 0.847914 0.500898 0.843876 0.506284 0.837147 0.506284 0.835801 0.508079 0.827725 0.508079 0.82638 0.509874 0.81965 0.509874 0.818304 0.51167 0.810229 0.51167 0.834455 0.51167 0.835801 0.513465 0.835801 0.51526 0.837147 0.517056 0.837147 0.518851 0.841184 0.518851 0.84253 0.520646 0.855989 0.520646 0.857335 0.518851 0.858681 0.518851 0.860027 0.517056 0.880215 0.517056 0.878869 0.51526 0.877524 0.51526 0.874832 0.51167 0.878869 0.506284 0.881561 0.506284 0.882907 0.504488 0.884253 0.504488 0.885599 0.502693 0.888291 0.502693 0.889637 0.500898 0.892328 0.500898 0.892328 0.497307 0.890983 0.499102 0.877524 0.499102 0.876178 0.497307 0.873486 0.497307 0.87214 0.495512 0.870794 0.495512 0.869448 0.493716 0.868102 0.493716 0.866756 0.491921 0.862719 0.491921
1 0.344549 0.479354 0.343203 0.481149 0.341857 0.481149 0.340511 0.482944 0.339166 0.482944 0.33782 0.48474 0.336474 0.48474 0.335128 0.486535 0.333782 0.486535 0.332436 0.48833 0.33109 0.48833 0.329744 0.490126 0.328398 0.490126 0.327052 0.491921 0.325707 0.491921 0.324361 0.493716 0.323015 0.493716 0.327052 0.493716 0.328398 0.495512 0.332436 0.495512 0.333782 0.497307 0.336474 0.497307 0.33782 0.499102 0.341857 0.499102 0.343203 0.500898 0.33782 0.508079 0.329744 0.508079 0.328398 0.509874 0.321669 0.509874 0.320323 0.51167 0.312248 0.51167 0.310902 0.513465 0.302826 0.513465 0.302826 0.518851 0.305518 0.518851 0.306864 0.520646 0.309556 0.520646 0.310902 0.522442 0.302826 0.533214 0.302826 0.535009 0.30148 0.536804 0.302826 0.535009 0.305518 0.535009 0.306864 0.533214 0.310902 0.533214 0.312248 0.531418 0.314939 0.531418 0.316285 0.529623 0.320323 0.529623 0.321669 0.527828 0.324361 0.527828 0.324361 0.526032 0.323015 0.524237 0.323015 0.520646 0.321669 0.518851 0.321669 0.517056 0.323015 0.51526 0.329744 0.51526 0.33109 0.513465 0.336474 0.513465 0.33782 0.51167 0.344549 0.51167 0.347241 0.508079 0.348587 0.508079 0.351279 0.504488 0.352624 0.504488 0.352624 0.493716 0.35397 0.491921 0.35397 0.481149 0.345895 0.481149
1 0.936743 0.456014 0.935397 0.45781 0.911171 0.45781 0.909825 0.459605 0.904441 0.459605 0.903096 0.4614 0.90175 0.4614 0.900404 0.463196 0.899058 0.463196 0.899058 0.470377 0.90175 0.470377 0.903096 0.472172 0.905787 0.472172 0.907133 0.473968 0.911171 0.473968 0.912517 0.475763 0.916555 0.475763 0.9179 0.477558 0.916555 0.479354 0.916555 0.481149 0.913863 0.48474 0.916555 0.48833 0.9179 0.48833 0.921938 0.493716 0.923284 0.491921 0.92463 0.491921 0.923284 0.490126 0.923284 0.48833 0.921938 0.486535 0.925976 0.481149 0.925976 0.479354 0.927322 0.477558 0.925976 0.475763 0.925976 0.473968 0.92463 0.472172 0.92463 0.470377 0.923284 0.470377 0.921938 0.468582 0.920592 0.468582 0.919246 0.466786 0.9179 0.466786 0.916555 0.464991 0.9179 0.463196 0.923284 0.463196 0.92463 0.4614 0.931359 0.4614 0.932705 0.459605 0.938089 0.459605 0.936743 0.45781
1 0.403769 0.450628 0.402423 0.452424 0.387618 0.452424 0.380888 0.4614 0.3607 0.4614 0.359354 0.463196 0.359354 0.464991 0.358008 0.466786 0.358008 0.468582 0.356662 0.470377 0.356662 0.472172 0.355316 0.473968 0.356662 0.472172 0.394347 0.472172 0.395693 0.470377 0.397039 0.470377 0.399731 0.466786 0.401077 0.466786 0.403769 0.463196 0.405114 0.463196 0.405114 0.45781 0.403769 0.456014
1 0.965007 0.445242 0.965007 0.448833 0.969044 0.448833 0.97039 0.447038 0.971736 0.448833 0.982503 0.448833 0.987887 0.456014 0.989233 0.456014 0.990579 0.45781 0.990579 0.4614 0.989233 0.463196 0.981157 0.463196 0.981157 0.470377 0.982503 0.470377 0.983849 0.472172 0.985195 0.472172 0.986541 0.473968 0.987887 0.473968 0.989233 0.475763 0.991925 0.475763 0.993271 0.477558 0.994616 0.477558 0.995962 0.479354 0.997308 0.479354 0.998654 0.481149 0.998654 0.450628 0.991925 0.450628 0.990579 0.448833 0.989233 0.448833 0.987887 0.447038 0.986541 0.447038 0.985195 0.445242
1 0.967699 0.420108 0.966353 0.421903 0.936743 0.421903 0.936743 0.423698 0.938089 0.425494 0.938089 0.427289 0.969044 0.427289 0.969044 0.425494 0.967699 0.423698
1 0.995962 0.414722 0.994616 0.416517 0.991925 0.416517 0.989233 0.420108 0.987887 0.420108 0.985195 0.423698 0.990579 0.43088 0.991925 0.43088 0.994616 0.43447 0.995962 0.43447 0.998654 0.438061 0.998654 0.414722
1 0.9179 0.344704 0.916555 0.346499 0.912517 0.346499 0.912517 0.348294 0.909825 0.351885 0.878869 0.351885 0.877524 0.35368 0.869448 0.35368 0.868102 0.355476 0.861373 0.355476 0.860027 0.357271 0.851952 0.357271 0.851952 0.359066 0.850606 0.360862 0.850606 0.362657 0.847914 0.366248 0.818304 0.366248 0.816958 0.368043 0.799462 0.368043 0.798116 0.369838 0.795424 0.369838 0.794078 0.371634 0.79004 0.371634 0.792732 0.375224 0.798116 0.375224 0.799462 0.37702 0.804845 0.37702 0.806191 0.378815 0.806191 0.387792 0.814266 0.387792 0.816958 0.391382 0.816958 0.393178 0.81965 0.396768 0.833109 0.396768 0.834455 0.398564 0.846568 0.398564 0.847914 0.400359 0.850606 0.396768 0.851952 0.396768 0.853297 0.394973 0.857335 0.394973 0.858681 0.396768 0.858681 0.398564 0.855989 0.402154 0.855989 0.40395 0.854643 0.405745 0.854643 0.40754 0.853297 0.409336 0.853297 0.411131 0.850606 0.414722 0.847914 0.414722 0.846568 0.416517 0.843876 0.416517 0.84253 0.418312 0.841184 0.418312 0.839838 0.420108 0.837147 0.420108 0.835801 0.421903 0.808883 0.421903 0.807537 0.420108 0.806191 0.421903 0.800808 0.421903 0.799462 0.423698 0.794078 0.423698 0.792732 0.425494 0.786003 0.425494 0.784657 0.427289 0.779273 0.427289 0.777927 0.429084 0.772544 0.429084 0.771198 0.43088 0.76716 0.43088 0.765814 0.432675 0.761777 0.432675 0.760431 0.43447 0.756393 0.43447 0.755047 0.436266 0.751009 0.436266 0.752355 0.436266 0.753701 0.438061 0.755047 0.438061 0.756393 0.439856 0.757739 0.439856 0.759085 0.441652 0.786003 0.441652 0.787349 0.439856 0.818304 0.439856 0.81965 0.438061 0.825034 0.438061 0.82638 0.436266 0.831763 0.436266 0.833109 0.43447 0.838493 0.43447 0.839838 0.432675 0.845222 0.432675 0.846568 0.43088 0.850606 0.43088 0.851952 0.429084 0.857335 0.429084 0.858681 0.427289 0.862719 0.427289 0.864065 0.425494 0.868102 0.425494 0.869448 0.423698 0.874832 0.423698 0.876178 0.421903 0.880215 0.421903 0.881561 0.420108 0.885599 0.420108 0.886945 0.418312 0.889637 0.418312 0.890983 0.416517 0.89502 0.416517 0.896366 0.414722 0.899058 0.414722 0.900404 0.412926 0.904441 0.412926 0.904441 0.411131 0.905787 0.409336 0.905787 0.40754 0.907133 0.405745 0.907133 0.40395 0.903096 0.40395 0.90175 0.402154 0.897712 0.402154 0.896366 0.400359 0.893674 0.400359 0.892328 0.398564 0.888291 0.398564 0.886945 0.396768 0.885599 0.396768 0.884253 0.394973 0.882907 0.394973 0.881561 0.393178 0.880215 0.393178 0.878869 0.391382 0.877524 0.391382 0.876178 0.389587 0.874832 0.389587 0.873486 0.387792 0.870794 0.387792 0.869448 0.385996 0.868102 0.385996 0.866756 0.384201 0.869448 0.38061 0.870794 0.38061 0.87214 0.378815 0.876178 0.378815 0.877524 0.37702 0.919246 0.37702 0.920592 0.378815 0.921938 0.37702 0.923284 0.37702 0.925976 0.373429 0.927322 0.373429 0.928668 0.371634 0.930013 0.371634 0.928668 0.369838 0.928668 0.368043 0.927322 0.366248 0.927322 0.364452 0.907133 0.364452 0.905787 0.362657 0.905787 0.360862 0.904441 0.359066 0.905787 0.357271 0.912517 0.357271 0.913863 0.355476 0.921938 0.355476 0.92463 0.351885 0.925976 0.351885 0.92463 0.351885 0.921938 0.348294 0.920592 0.348294
1 0.89502 0.289048 0.893674 0.290844 0.889637 0.290844 0.888291 0.292639 0.885599 0.292639 0.884253 0.294434 0.880215 0.294434 0.878869 0.29623 0.874832 0.29623 0.873486 0.298025 0.868102 0.298025 0.866756 0.29982 0.861373 0.29982 0.860027 0.301616 0.854643 0.301616 0.853297 0.303411 0.84926 0.303411 0.847914 0.305206 0.812921 0.305206 0.811575 0.303411 0.810229 0.305206 0.807537 0.305206 0.806191 0.307002 0.802153 0.307002 0.806191 0.312388 0.807537 0.310592 0.84926 0.310592 0.850606 0.312388 0.850606 0.315978 0.84926 0.317774 0.84926 0.319569 0.847914 0.321364 0.835801 0.321364 0.834455 0.319569 0.833109 0.319569 0.831763 0.317774 0.830417 0.319569 0.82638 0.319569 0.82638 0.321364 0.825034 0.32316 0.825034 0.324955 0.823688 0.32675 0.823688 0.328546 0.822342 0.330341 0.818304 0.330341 0.816958 0.332136 0.814266 0.332136 0.812921 0.333932 0.811575 0.332136 0.811575 0.330341 0.812921 0.328546 0.812921 0.324955 0.811575 0.32316 0.808883 0.32316 0.807537 0.321364 0.806191 0.321364 0.804845 0.319569 0.803499 0.321364 0.802153 0.321364 0.800808 0.32316 0.788694 0.32316 0.787349 0.324955 0.781965 0.324955 0.780619 0.32675 0.77389 0.32675 0.772544 0.328546 0.76716 0.328546 0.764468 0.332136 0.763122 0.332136 0.760431 0.335727 0.759085 0.335727 0.756393 0.339318 0.755047 0.339318 0.755047 0.341113 0.753701 0.342908 0.753701 0.344704 0.752355 0.346499 0.761777 0.346499 0.764468 0.35009 0.764468 0.351885 0.769852 0.351885 0.771198 0.35368 0.772544 0.351885 0.780619 0.351885 0.781965 0.35009 0.791386 0.35009 0.792732 0.348294 0.806191 0.348294 0.807537 0.346499 0.820996 0.346499 0.822342 0.344704 0.834455 0.344704 0.835801 0.342908 0.84926 0.342908 0.850606 0.341113 0.862719 0.341113 0.864065 0.339318 0.876178 0.339318 0.877524 0.337522 0.889637 0.337522 0.892328 0.333932 0.893674 0.333932 0.892328 0.333932 0.890983 0.332136 0.889637 0.332136 0.888291 0.330341 0.888291 0.324955 0.889637 0.32316 0.908479 0.32316 0.909825 0.321364 0.916555 0.321364 0.916555 0.319569 0.915209 0.317774 0.915209 0.315978 0.913863 0.314183 0.913863 0.312388 0.912517 0.312388 0.911171 0.310592 0.909825 0.310592 0.907133 0.307002 0.905787 0.307002 0.904441 0.305206 0.899058 0.305206 0.897712 0.303411 0.89502 0.303411 0.893674 0.301616 0.890983 0.301616 0.889637 0.29982 0.890983 0.298025 0.90175 0.298025 0.90175 0.294434 0.903096 0.292639 0.903096 0.290844 0.896366 0.290844
1 0.694482 0.289048 0.693136 0.290844 0.687752 0.290844 0.685061 0.294434 0.685061 0.29623 0.682369 0.29982 0.681023 0.298025 0.66218 0.298025 0.660834 0.29982 0.659489 0.29982 0.658143 0.301616 0.656797 0.301616 0.654105 0.305206 0.652759 0.305206 0.651413 0.307002 0.650067 0.307002 0.648721 0.308797 0.647376 0.308797 0.64603 0.310592 0.644684 0.310592 0.641992 0.314183 0.640646 0.314183 0.6393 0.315978 0.637954 0.315978 0.636608 0.317774 0.602961 0.317774 0.601615 0.319569 0.601615 0.321364 0.600269 0.32316 0.600269 0.324955 0.598923 0.32675 0.598923 0.328546 0.617766 0.328546 0.619112 0.330341 0.617766 0.332136 0.617766 0.333932 0.615074 0.337522 0.613728 0.335727 0.601615 0.335727 0.600269 0.337522 0.596231 0.337522 0.594886 0.339318 0.590848 0.339318 0.589502 0.341113 0.569314 0.341113 0.567968 0.342908 0.566622 0.342908 0.565276 0.344704 0.562584 0.344704 0.561238 0.346499 0.559892 0.346499 0.558546 0.348294 0.557201 0.348294 0.555855 0.35009 0.545087 0.35009 0.543742 0.351885 0.543742 0.35368 0.578735 0.35368 0.582773 0.359066 0.582773 0.360862 0.58681 0.366248 0.58681 0.368043 0.588156 0.369838 0.58681 0.371634 0.574697 0.371634 0.573351 0.373429 0.569314 0.373429 0.567968 0.375224 0.565276 0.375224 0.562584 0.378815 0.562584 0.38061 0.555855 0.389587 0.555855 0.391382 0.551817 0.396768 0.554509 0.400359 0.555855 0.400359 0.558546 0.40395 0.555855 0.40754 0.554509 0.40754 0.551817 0.411131 0.581427 0.411131 0.582773 0.409336 0.584118 0.409336 0.585464 0.40754 0.588156 0.40754 0.589502 0.405745 0.590848 0.40754 0.592194 0.40754 0.594886 0.411131 0.596231 0.411131 0.597577 0.412926 0.596231 0.414722 0.59354 0.414722 0.592194 0.416517 0.589502 0.416517 0.588156 0.418312 0.581427 0.418312 0.580081 0.420108 0.572005 0.420108 0.570659 0.421903 0.56393 0.421903 0.562584 0.423698 0.535666 0.423698 0.53432 0.425494 0.53432 0.427289 0.532974 0.429084 0.532974 0.43088 0.524899 0.441652 0.523553 0.439856 0.506057 0.439856 0.504711 0.441652 0.503365 0.441652 0.502019 0.443447 0.500673 0.443447 0.499327 0.445242 0.497981 0.445242 0.496635 0.447038 0.495289 0.447038 0.495289 0.452424 0.515478 0.452424 0.516824 0.450628 0.549125 0.450628 0.550471 0.448833 0.551817 0.450628 0.554509 0.450628 0.555855 0.452424 0.559892 0.452424 0.561238 0.454219 0.56393 0.454219 0.566622 0.45781 0.59354 0.45781 0.594886 0.456014 0.596231 0.45781 0.598923 0.45781 0.600269 0.459605 0.602961 0.459605 0.604307 0.4614 0.606999 0.4614 0.608345 0.463196 0.611036 0.463196 0.612382 0.464991 0.636608 0.464991 0.6393 0.468582 0.6393 0.470377 0.640646 0.472172 0.6393 0.473968 0.636608 0.473968 0.635262 0.475763 0.631225 0.475763 0.629879 0.477558 0.627187 0.477558 0.625841 0.479354 0.624495 0.479354 0.623149 0.481149 0.621803 0.481149 0.620458 0.482944 0.619112 0.482944 0.617766 0.48474 0.61642 0.48474 0.615074 0.486535 0.613728 0.486535 0.612382 0.48833 0.611036 0.48833 0.60969 0.490126 0.600269 0.490126 0.598923 0.491921 0.596231 0.491921 0.594886 0.493716 0.592194 0.493716 0.590848 0.495512 0.588156 0.495512 0.589502 0.497307 0.589502 0.499102 0.602961 0.499102 0.604307 0.497307 0.605653 0.499102 0.605653 0.500898 0.606999 0.502693 0.605653 0.504488 0.601615 0.504488 0.600269 0.506284 0.596231 0.506284 0.594886 0.508079 0.590848 0.508079 0.585464 0.51526 0.584118 0.51526 0.578735 0.522442 0.580081 0.524237 0.582773 0.524237 0.584118 0.522442 0.588156 0.522442 0.589502 0.520646 0.592194 0.520646 0.59354 0.518851 0.596231 0.518851 0.597577 0.517056 0.602961 0.517056 0.604307 0.51526 0.608345 0.51526 0.60969 0.513465 0.615074 0.513465 0.61642 0.51167 0.620458 0.51167 0.621803 0.509874 0.625841 0.509874 0.627187 0.508079 0.632571 0.508079 0.633917 0.506284 0.637954 0.506284 0.6393 0.504488 0.640646 0.506284 0.641992 0.506284 0.643338 0.508079 0.64603 0.508079 0.647376 0.509874 0.648721 0.509874 0.650067 0.51167 0.651413 0.51167 0.652759 0.513465 0.654105 0.513465 0.655451 0.51526 0.658143 0.51526 0.659489 0.517056 0.660834 0.517056 0.66218 0.518851 0.66218 0.520646 0.660834 0.522442 0.660834 0.526032 0.659489 0.527828 0.659489 0.531418 0.660834 0.533214 0.660834 0.535009 0.66218 0.536804 0.66218 0.5386 0.664872 0.5386 0.666218 0.540395 0.670256 0.540395 0.671602 0.54219 0.674293 0.54219 0.675639 0.543986 0.678331 0.543986 0.679677 0.545781 0.682369 0.545781 0.683715 0.547576 0.687752 0.547576 0.689098 0.549372 0.69179 0.549372 0.693136 0.551167 0.693136 0.552962 0.694482 0.554758 0.694482 0.556553 0.693136 0.558348 0.685061 0.558348 0.683715 0.560144 0.679677 0.554758 0.679677 0.552962 0.678331 0.551167 0.672948 0.558348 0.678331 0.56553 0.676985 0.567325 0.671602 0.567325 0.671602 0.576302 0.674293 0.576302 0.675639 0.578097 0.679677 0.578097 0.681023 0.579892 0.679677 0.581688 0.679677 0.583483 0.678331 0.585278 0.678331 0.587074 0.676985 0.588869 0.676985 0.590664 0.678331 0.59246 0.678331 0.594255 0.679677 0.59605 0.679677 0.597846 0.681023 0.599641 0.681023 0.601436 0.682369 0.603232 0.686406 0.603232 0.687752 0.605027 0.69179 0.605027 0.693136 0.606822 0.694482 0.606822 0.695828 0.608618 0.697174 0.608618 0.69852 0.610413 0.69852 0.612208 0.697174 0.614004 0.697174 0.615799 0.695828 0.617594 0.694482 0.615799 0.69179 0.615799 0.690444 0.614004 0.676985 0.614004 0.674293 0.610413 0.672948 0.610413 0.670256 0.606822 0.66891 0.606822 0.666218 0.603232 0.664872 0.603232 0.66218 0.599641 0.660834 0.599641 0.658143 0.59605 0.656797 0.59605 0.655451 0.594255 0.656797 0.59246 0.656797 0.590664 0.658143 0.588869 0.658143 0.587074 0.659489 0.585278 0.659489 0.583483 0.660834 0.581688 0.660834 0.579892 0.66218 0.578097 0.660834 0.578097 0.659489 0.576302 0.658143 0.576302 0.655451 0.572711 0.654105 0.572711 0.652759 0.570916 0.651413 0.570916 0.650067 0.56912 0.650067 0.567325 0.651413 0.56553 0.651413 0.563734 0.652759 0.561939 0.652759 0.558348 0.654105 0.556553 0.654105 0.552962 0.655451 0.551167 0.655451 0.549372 0.656797 0.547576 0.656797 0.545781 0.654105 0.545781 0.652759 0.543986 0.651413 0.543986 0.650067 0.54219 0.647376 0.54219 0.64603 0.540395 0.61642 0.540395 0.615074 0.5386 0.580081 0.5386 0.578735 0.540395 0.573351 0.540395 0.572005 0.54219 0.572005 0.543986 0.570659 0.545781 0.570659 0.547576 0.569314 0.549372 0.570659 0.549372 0.572005 0.551167 0.574697 0.551167 0.576043 0.552962 0.574697 0.554758 0.573351 0.554758 0.570659 0.558348 0.569314 0.558348 0.566622 0.561939 0.565276 0.561939 0.56393 0.563734 0.56393 0.56553 0.562584 0.567325 0.562584 0.572711 0.561238 0.574506 0.561238 0.576302 0.559892 0.578097 0.557201 0.578097 0.555855 0.579892 0.553163 0.579892 0.551817 0.581688 0.549125 0.581688 0.547779 0.583483 0.545087 0.583483 0.543742 0.585278 0.54105 0.585278 0.539704 0.587074 0.51817 0.587074 0.516824 0.588869 0.515478 0.588869 0.512786 0.59246 0.51144 0.59246 0.510094 0.594255 0.508748 0.594255 0.507402 0.59605 0.506057 0.59605 0.503365 0.599641 0.502019 0.599641 0.500673 0.601436 0.499327 0.599641 0.491252 0.599641 0.489906 0.597846 0.479139 0.597846 0.477793 0.599641 0.483176 0.599641 0.484522 0.601436 0.491252 0.601436 0.492598 0.603232 0.497981 0.603232 0.499327 0.605027 0.506057 0.605027 0.507402 0.606822 0.507402 0.608618 0.508748 0.610413 0.508748 0.615799 0.510094 0.617594 0.510094 0.621185 0.51144 0.62298 0.51144 0.624776 0.510094 0.626571 0.506057 0.626571 0.504711 0.628366 0.502019 0.628366 0.500673 0.630162 0.496635 0.630162 0.495289 0.631957 0.493943 0.630162 0.489906 0.630162 0.48856 0.628366 0.484522 0.628366 0.483176 0.626571 0.479139 0.626571 0.479139 0.628366 0.477793 0.630162 0.483176 0.637343 0.48183 0.639138 0.477793 0.639138 0.476447 0.640934 0.472409 0.640934 0.471063 0.642729 0.467026 0.642729 0.46568 0.644524 0.461642 0.644524 0.460296 0.64632 0.456258 0.64632 0.454913 0.648115 0.454913 0.64991 0.452221 0.653501 0.452221 0.655296 0.450875 0.657092 0.450875 0.658887 0.449529 0.660682 0.450875 0.660682 0.453567 0.664273 0.454913 0.664273 0.457604 0.667864 0.45895 0.667864 0.461642 0.671454 0.461642 0.67325 0.462988 0.675045 0.462988 0.67684 0.464334 0.678636 0.464334 0.680431 0.46568 0.682226 0.464334 0.684022 0.45895 0.684022 0.457604 0.685817 0.453567 0.685817 0.452221 0.687612 0.446837 0.687612 0.445491 0.689408 0.440108 0.689408 0.438762 0.691203 0.432032 0.691203 0.430686 0.692998 0.425303 0.692998 0.423957 0.694794 0.418573 0.694794 0.417227 0.696589 0.410498 0.696589 0.409152 0.698384 0.403769 0.698384 0.402423 0.70018 0.402423 0.701975 0.399731 0.705566 0.399731 0.707361 0.397039 0.710952 0.397039 0.712747 0.394347 0.716338 0.393001 0.716338 0.39031 0.719928 0.388964 0.719928 0.386272 0.723519 0.384926 0.723519 0.38358 0.725314 0.382234 0.725314 0.379542 0.728905 0.378197 0.728905 0.376851 0.7307 0.375505 0.7307 0.372813 0.734291 0.371467 0.734291 0.368775 0.737882 0.367429 0.737882 0.363392 0.743268 0.362046 0.743268 0.359354 0.746858 0.362046 0.746858 0.363392 0.748654 0.363392 0.750449 0.362046 0.752244 0.362046 0.754039 0.3607 0.755835 0.3607 0.75763 0.359354 0.759425 0.362046 0.759425 0.371467 0.746858 0.379542 0.746858 0.380888 0.745063 0.388964 0.745063 0.39031 0.743268 0.391655 0.745063 0.393001 0.745063 0.394347 0.746858 0.397039 0.746858 0.398385 0.748654 0.399731 0.748654 0.401077 0.750449 0.402423 0.750449 0.403769 0.752244 0.405114 0.752244 0.40646 0.754039 0.409152 0.754039 0.410498 0.755835 0.409152 0.75763 0.386272 0.75763 0.386272 0.759425 0.391655 0.759425 0.393001 0.761221 0.399731 0.761221 0.402423 0.764811 0.402423 0.766607 0.403769 0.768402 0.403769 0.770197 0.402423 0.771993 0.402423 0.775583 0.401077 0.777379 0.398385 0.777379 0.397039 0.779174 0.394347 0.779174 0.393001 0.780969 0.39031 0.780969 0.388964 0.782765 0.386272 0.782765 0.382234 0.788151 0.384926 0.788151 0.386272 0.789946 0.388964 0.789946 0.39031 0.791741 0.39031 0.793537 0.388964 0.795332 0.388964 0.800718 0.387618 0.802513 0.387618 0.804309 0.395693 0.804309 0.397039 0.806104 0.40646 0.806104 0.407806 0.807899 0.433378 0.807899 0.434724 0.806104 0.438762 0.806104 0.440108 0.804309 0.445491 0.804309 0.446837 0.802513 0.448183 0.804309 0.448183 0.806104 0.449529 0.807899 0.449529 0.813285 0.450875 0.815081 0.450875 0.820467 0.452221 0.822262 0.452221 0.824057 0.446837 0.831239 0.444145 0.831239 0.442799 0.833034 0.441454 0.833034 0.440108 0.834829 0.437416 0.834829 0.43607 0.836625 0.434724 0.836625 0.433378 0.83842 0.430686 0.83842 0.429341 0.840215 0.427995 0.840215 0.426649 0.842011 0.423957 0.842011 0.422611 0.843806 0.418573 0.843806 0.417227 0.845601 0.411844 0.845601 0.410498 0.847397 0.40646 0.847397 0.405114 0.849192 0.403769 0.847397 0.402423 0.847397 0.401077 0.845601 0.391655 0.845601 0.39031 0.843806 0.39031 0.83842 0.388964 0.836625 0.388964 0.831239 0.391655 0.827648 0.393001 0.827648 0.395693 0.824057 0.397039 0.824057 0.402423 0.816876 0.403769 0.816876 0.405114 0.815081 0.402423 0.815081 0.401077 0.816876 0.394347 0.816876 0.393001 0.818671 0.387618 0.818671 0.384926 0.822262 0.38358 0.822262 0.379542 0.827648 0.372813 0.827648 0.371467 0.829443 0.366083 0.829443 0.364738 0.831239 0.358008 0.831239 0.356662 0.833034 0.355316 0.833034 0.352624 0.836625 0.351279 0.836625 0.349933 0.83842 0.343203 0.83842 0.341857 0.840215 0.335128 0.840215 0.333782 0.842011 0.327052 0.842011 0.325707 0.843806 0.324361 0.842011 0.30821 0.842011 0.306864 0.840215 0.302826 0.840215 0.30148 0.83842 0.297443 0.83842 0.296097 0.836625 0.292059 0.836625 0.290713 0.834829 0.286676 0.834829 0.28533 0.833034 0.281292 0.833034 0.279946 0.831239 0.275908 0.831239 0.274563 0.829443 0.270525 0.829443 0.269179 0.831239 0.271871 0.831239 0.273217 0.833034 0.275908 0.833034 0.277254 0.834829 0.279946 0.834829 0.281292 0.836625 0.282638 0.836625 0.283984 0.83842 0.286676 0.83842 0.288022 0.840215 0.290713 0.840215 0.292059 0.842011 0.294751 0.842011 0.296097 0.843806 0.298789 0.843806 0.300135 0.845601 0.298789 0.847397 0.293405 0.847397 0.292059 0.849192 0.288022 0.849192 0.288022 0.852783 0.306864 0.852783 0.30821 0.854578 0.310902 0.854578 0.312248 0.856373 0.310902 0.858169 0.309556 0.858169 0.30821 0.859964 0.306864 0.859964 0.305518 0.861759 0.304172 0.861759 0.304172 0.86535 0.302826 0.867145 0.302826 0.876122 0.30148 0.877917 0.30148 0.881508 0.298789 0.885099 0.297443 0.885099 0.294751 0.888689 0.293405 0.888689 0.289367 0.894075 0.288022 0.894075 0.28533 0.897666 0.283984 0.897666 0.281292 0.901257 0.281292 0.903052 0.277254 0.908438 0.277254 0.910233 0.273217 0.915619 0.273217 0.917415 0.271871 0.91921 0.271871 0.929982 0.270525 0.931777 0.270525 0.937163 0.269179 0.938959 0.267833 0.938959 0.266487 0.940754 0.265141 0.940754 0.263795 0.942549 0.261104 0.942549 0.259758 0.944345 0.258412 0.944345 0.257066 0.94614 0.25572 0.94614 0.257066 0.947935 0.257066 0.949731 0.259758 0.953321 0.259758 0.955117 0.263795 0.960503 0.263795 0.962298 0.266487 0.965889 0.266487 0.967684 0.267833 0.969479 0.267833 0.980251 0.269179 0.982047 0.269179 0.992819 0.267833 0.994614 0.266487 0.992819 0.218035 0.992819 0.216689 0.991023 0.216689 0.989228 0.215343 0.987433 0.215343 0.982047 0.213997 0.980251 0.213997 0.974865 0.212651 0.97307 0.212651 0.971275 0.213997 0.969479 0.213997 0.967684 0.215343 0.965889 0.215343 0.964093 0.216689 0.962298 0.216689 0.960503 0.218035 0.958707 0.218035 0.956912 0.219381 0.955117 0.219381 0.953321 0.220727 0.951526 0.220727 0.949731 0.22611 0.942549 0.227456 0.942549 0.231494 0.937163 0.228802 0.933573 0.228802 0.931777 0.222073 0.922801 0.222073 0.921005 0.215343 0.912029 0.213997 0.912029 0.20996 0.906643 0.211306 0.904847 0.213997 0.904847 0.215343 0.903052 0.218035 0.903052 0.219381 0.901257 0.222073 0.904847 0.222073 0.906643 0.223419 0.908438 0.235532 0.908438 0.238223 0.904847 0.239569 0.904847 0.240915 0.903052 0.242261 0.903052 0.244953 0.899461 0.246299 0.899461 0.247645 0.897666 0.248991 0.897666 0.250336 0.895871 0.251682 0.895871 0.253028 0.894075 0.254374 0.894075 0.25572 0.89228 0.257066 0.89228 0.257066 0.886894 0.25572 0.885099 0.25572 0.879713 0.254374 0.879713 0.251682 0.876122 0.250336 0.876122 0.247645 0.872531 0.246299 0.872531 0.244953 0.870736 0.244953 0.867145 0.246299 0.86535 0.246299 0.859964 0.247645 0.858169 0.247645 0.854578 0.246299 0.852783 0.246299 0.850987 0.244953 0.849192 0.239569 0.849192 0.238223 0.850987 0.23284 0.850987 0.231494 0.852783 0.230148 0.850987 0.230148 0.849192 0.231494 0.847397 0.231494 0.845601 0.234186 0.842011 0.235532 0.842011 0.240915 0.834829 0.242261 0.834829 0.244953 0.831239 0.257066 0.831239 0.266487 0.818671 0.266487 0.816876 0.270525 0.81149 0.279946 0.81149 0.281292 0.809695 0.289367 0.809695 0.290713 0.807899 0.300135 0.807899 0.30148 0.806104 0.309556 0.806104 0.310902 0.804309 0.320323 0.804309 0.321669 0.802513 0.329744 0.802513 0.328398 0.800718 0.328398 0.798923 0.325707 0.795332 0.316285 0.795332 0.314939 0.793537 0.302826 0.793537 0.30148 0.795332 0.298789 0.795332 0.297443 0.797127 0.293405 0.797127 0.292059 0.798923 0.289367 0.798923 0.288022 0.800718 0.28533 0.800718 0.283984 0.802513 0.257066 0.802513 0.254374 0.806104 0.253028 0.806104 0.247645 0.813285 0.246299 0.813285 0.242261 0.818671 0.240915 0.818671 0.238223 0.822262 0.230148 0.822262 0.228802 0.824057 0.222073 0.824057 0.220727 0.825853 0.220727 0.827648 0.219381 0.829443 0.219381 0.831239 0.212651 0.840215 0.204576 0.840215 0.20323 0.842011 0.188425 0.842011 0.184388 0.847397 0.183042 0.847397 0.18035 0.850987 0.18035 0.852783 0.181696 0.854578 0.181696 0.856373 0.183042 0.858169 0.183042 0.859964 0.184388 0.861759 0.184388 0.863555 0.185734 0.86535 0.187079 0.86535 0.187079 0.863555 0.185734 0.861759 0.185734 0.858169 0.187079 0.856373 0.187079 0.854578 0.188425 0.852783 0.193809 0.852783 0.195155 0.850987 0.197847 0.854578 0.199192 0.854578 0.200538 0.856373 0.197847 0.859964 0.196501 0.859964 0.195155 0.861759 0.196501 0.863555 0.205922 0.863555 0.207268 0.86535 0.207268 0.868941 0.208614 0.870736 0.208614 0.876122 0.20996 0.877917 0.20996 0.879713 0.208614 0.881508 0.205922 0.881508 0.204576 0.883303 0.201884 0.883303 0.200538 0.885099 0.197847 0.885099 0.196501 0.886894 0.195155 0.885099 0.187079 0.885099 0.185734 0.883303 0.177658 0.883303 0.177658 0.885099 0.18035 0.885099 0.181696 0.886894 0.184388 0.886894 0.185734 0.888689 0.188425 0.888689 0.189771 0.890485 0.188425 0.89228 0.188425 0.894075 0.185734 0.897666 0.18035 0.897666 0.177658 0.901257 0.181696 0.906643 0.183042 0.906643 0.188425 0.913824 0.188425 0.915619 0.187079 0.917415 0.187079 0.921005 0.185734 0.922801 0.185734 0.926391 0.187079 0.928187 0.187079 0.929982 0.188425 0.931777 0.188425 0.933573 0.189771 0.935368 0.189771 0.937163 0.191117 0.938959 0.191117 0.940754 0.192463 0.940754 0.195155 0.944345 0.196501 0.944345 0.197847 0.94614 0.199192 0.94614 0.204576 0.953321 0.204576 0.955117 0.20996 0.962298 0.20996 0.998205 0.313594 0.998205 0.313594 0.996409 0.312248 0.994614 0.312248 0.992819 0.310902 0.991023 0.310902 0.989228 0.309556 0.987433 0.309556 0.985637 0.30821 0.983842 0.30821 0.982047 0.306864 0.980251 0.306864 0.978456 0.305518 0.976661 0.305518 0.974865 0.304172 0.97307 0.302826 0.97307 0.30148 0.971275 0.298789 0.971275 0.297443 0.969479 0.296097 0.969479 0.294751 0.967684 0.294751 0.958707 0.293405 0.956912 0.293405 0.949731 0.294751 0.947935 0.296097 0.949731 0.297443 0.949731 0.300135 0.953321 0.30148 0.953321 0.302826 0.955117 0.304172 0.955117 0.305518 0.956912 0.306864 0.956912 0.309556 0.960503 0.310902 0.960503 0.313594 0.964093 0.314939 0.964093 0.316285 0.965889 0.317631 0.965889 0.320323 0.969479 0.321669 0.969479 0.323015 0.971275 0.323015 0.983842 0.321669 0.985637 0.321669 0.998205 0.355316 0.998205 0.356662 0.996409 0.356662 0.994614 0.3607 0.989228 0.3607 0.987433 0.363392 0.983842 0.366083 0.987433 0.367429 0.987433 0.370121 0.991023 0.371467 0.991023 0.374159 0.994614 0.371467 0.998205 0.405114 0.998205 0.453567 0.933573 0.453567 0.931777 0.452221 0.929982 0.452221 0.928187 0.444145 0.938959 0.442799 0.938959 0.432032 0.953321 0.423957 0.953321 0.421265 0.949731 0.419919 0.949731 0.415882 0.944345 0.414536 0.944345 0.411844 0.940754 0.411844 0.937163 0.410498 0.935368 0.410498 0.926391 0.409152 0.924596 0.409152 0.921005 0.407806 0.921005 0.405114 0.917415 0.403769 0.917415 0.402423 0.915619 0.401077 0.915619 0.399731 0.913824 0.402423 0.910233 0.402423 0.908438 0.40646 0.903052 0.407806 0.904847 0.414536 0.904847 0.415882 0.906643 0.421265 0.906643 0.421265 0.897666 0.422611 0.895871 0.422611 0.885099 0.423957 0.883303 0.468371 0.883303 0.469717 0.881508 0.471063 0.881508 0.472409 0.879713 0.473755 0.879713 0.475101 0.877917 0.476447 0.877917 0.477793 0.876122 0.479139 0.876122 0.480485 0.874327 0.48183 0.874327 0.48183 0.867145 0.483176 0.86535 0.483176 0.858169 0.484522 0.856373 0.487214 0.856373 0.48856 0.854578 0.489906 0.854578 0.491252 0.852783 0.493943 0.852783 0.495289 0.850987 0.496635 0.850987 0.497981 0.849192 0.500673 0.849192 0.502019 0.847397 0.503365 0.847397 0.504711 0.845601 0.507402 0.845601 0.508748 0.843806 0.510094 0.843806 0.51144 0.842011 0.51144 0.840215 0.512786 0.83842 0.512786 0.836625 0.514132 0.834829 0.514132 0.833034 0.515478 0.831239 0.515478 0.829443 0.516824 0.827648 0.516824 0.825853 0.51817 0.824057 0.51817 0.822262 0.519515 0.820467 0.519515 0.818671 0.520861 0.816876 0.520861 0.815081 0.522207 0.813285 0.520861 0.81149 0.520861 0.809695 0.519515 0.807899 0.519515 0.804309 0.51817 0.802513 0.51817 0.797127 0.516824 0.795332 0.516824 0.791741 0.51817 0.789946 0.51817 0.788151 0.519515 0.786355 0.519515 0.78456 0.520861 0.782765 0.520861 0.779174 0.522207 0.777379 0.522207 0.775583 0.523553 0.773788 0.523553 0.771993 0.524899 0.770197 0.535666 0.770197 0.539704 0.775583 0.54105 0.775583 0.542396 0.777379 0.545087 0.777379 0.546433 0.775583 0.549125 0.775583 0.550471 0.773788 0.551817 0.773788 0.553163 0.771993 0.555855 0.771993 0.555855 0.766607 0.554509 0.764811 0.554509 0.754039 0.553163 0.752244 0.553163 0.746858 0.566622 0.728905 0.567968 0.728905 0.570659 0.725314 0.572005 0.725314 0.573351 0.723519 0.574697 0.723519 0.576043 0.721724 0.577389 0.721724 0.580081 0.718133 0.581427 0.718133 0.582773 0.716338 0.584118 0.716338 0.585464 0.714542 0.58681 0.714542 0.589502 0.710952 0.590848 0.710952 0.592194 0.709156 0.597577 0.709156 0.598923 0.707361 0.604307 0.707361 0.605653 0.705566 0.611036 0.705566 0.612382 0.70377 0.61642 0.70377 0.617766 0.701975 0.623149 0.701975 0.624495 0.70018 0.629879 0.70018 0.635262 0.692998 0.636608 0.692998 0.643338 0.684022 0.660834 0.684022 0.66218 0.682226 0.686406 0.682226 0.687752 0.680431 0.7214 0.680431 0.722746 0.678636 0.722746 0.67684 0.725437 0.67325 0.725437 0.671454 0.724092 0.669659 0.724092 0.666068 0.722746 0.664273 0.722746 0.662478 0.7214 0.660682 0.7214 0.658887 0.720054 0.657092 0.720054 0.655296 0.716016 0.64991 0.716016 0.648115 0.711978 0.642729 0.711978 0.640934 0.710633 0.639138 0.711978 0.637343 0.718708 0.637343 0.720054 0.639138 0.7214 0.639138 0.722746 0.640934 0.724092 0.640934 0.725437 0.642729 0.726783 0.642729 0.728129 0.644524 0.734859 0.644524 0.734859 0.642729 0.733513 0.640934 0.733513 0.639138 0.732167 0.637343 0.732167 0.635548 0.729475 0.635548 0.728129 0.633752 0.725437 0.633752 0.724092 0.631957 0.7214 0.631957 0.720054 0.630162 0.717362 0.630162 0.716016 0.628366 0.71467 0.628366 0.711978 0.624776 0.710633 0.624776 0.707941 0.621185 0.706595 0.621185 0.705249 0.61939 0.705249 0.617594 0.703903 0.615799 0.703903 0.614004 0.702557 0.612208 0.702557 0.610413 0.701211 0.608618 0.701211 0.606822 0.699865 0.605027 0.699865 0.603232 0.701211 0.601436 0.722746 0.601436 0.725437 0.597846 0.726783 0.597846 0.728129 0.59605 0.722746 0.59605 0.7214 0.594255 0.716016 0.594255 0.71467 0.59246 0.71467 0.590664 0.713324 0.588869 0.713324 0.587074 0.711978 0.585278 0.711978 0.583483 0.710633 0.581688 0.710633 0.570916 0.709287 0.56912 0.709287 0.558348 0.710633 0.556553 0.710633 0.554758 0.711978 0.552962 0.711978 0.551167 0.713324 0.549372 0.713324 0.545781 0.71467 0.543986 0.71467 0.54219 0.716016 0.540395 0.716016 0.5386 0.717362 0.536804 0.718708 0.536804 0.720054 0.535009 0.7214 0.535009 0.722746 0.533214 0.724092 0.533214 0.725437 0.531418 0.726783 0.531418 0.728129 0.529623 0.729475 0.529623 0.730821 0.527828 0.732167 0.527828 0.733513 0.526032 0.734859 0.526032 0.736205 0.524237 0.73755 0.524237 0.738896 0.522442 0.740242 0.522442 0.741588 0.520646 0.741588 0.518851 0.742934 0.517056 0.742934 0.51526 0.74428 0.513465 0.73755 0.504488 0.738896 0.502693 0.745626 0.502693 0.746972 0.500898 0.753701 0.500898 0.755047 0.499102 0.756393 0.499102 0.757739 0.497307 0.759085 0.497307 0.760431 0.495512 0.763122 0.495512 0.764468 0.493716 0.765814 0.493716 0.76716 0.491921 0.768506 0.491921 0.769852 0.490126 0.775236 0.490126 0.776581 0.48833 0.780619 0.48833 0.781965 0.486535 0.787349 0.486535 0.788694 0.48474 0.792732 0.48474 0.794078 0.482944 0.799462 0.482944 0.800808 0.481149 0.807537 0.481149 0.808883 0.479354 0.816958 0.479354 0.818304 0.477558 0.825034 0.477558 0.82638 0.475763 0.833109 0.475763 0.843876 0.4614 0.84253 0.459605 0.841184 0.459605 0.838493 0.456014 0.837147 0.456014 0.835801 0.454219 0.825034 0.454219 0.823688 0.456014 0.823688 0.45781 0.822342 0.459605 0.822342 0.4614 0.820996 0.463196 0.820996 0.464991 0.81965 0.466786 0.81965 0.468582 0.818304 0.470377 0.807537 0.470377 0.806191 0.472172 0.79677 0.472172 0.795424 0.473968 0.79004 0.473968 0.788694 0.475763 0.783311 0.475763 0.781965 0.477558 0.756393 0.477558 0.755047 0.479354 0.752355 0.479354 0.751009 0.481149 0.748318 0.481149 0.746972 0.482944 0.74428 0.482944 0.740242 0.48833 0.738896 0.48833 0.733513 0.495512 0.726783 0.495512 0.725437 0.497307 0.720054 0.497307 0.718708 0.499102 0.711978 0.499102 0.710633 0.500898 0.709287 0.499102 0.702557 0.499102 0.701211 0.497307 0.694482 0.497307 0.693136 0.495512 0.686406 0.495512 0.685061 0.493716 0.683715 0.493716 0.682369 0.491921 0.681023 0.491921 0.679677 0.490126 0.678331 0.490126 0.675639 0.486535 0.674293 0.486535 0.672948 0.48474 0.671602 0.48474 0.670256 0.482944 0.66891 0.482944 0.667564 0.481149 0.666218 0.481149 0.664872 0.479354 0.66218 0.479354 0.660834 0.477558 0.658143 0.477558 0.656797 0.475763 0.654105 0.475763 0.652759 0.473968 0.650067 0.473968 0.64603 0.468582 0.647376 0.466786 0.674293 0.466786 0.676985 0.470377 0.676985 0.472172 0.678331 0.473968 0.678331 0.475763 0.679677 0.477558 0.679677 0.479354 0.685061 0.472172 0.685061 0.4614 0.683715 0.459605 0.683715 0.448833 0.685061 0.447038 0.7214 0.447038 0.7214 0.441652 0.720054 0.439856 0.720054 0.436266 0.7214 0.43447 0.725437 0.43447 0.726783 0.432675 0.729475 0.432675 0.729475 0.43088 0.730821 0.429084 0.730821 0.425494 0.717362 0.425494 0.716016 0.423698 0.716016 0.420108 0.71467 0.418312 0.713324 0.418312 0.709287 0.412926 0.707941 0.412926 0.705249 0.409336 0.681023 0.409336 0.678331 0.405745 0.676985 0.405745 0.672948 0.400359 0.671602 0.400359 0.66891 0.396768 0.652759 0.396768 0.651413 0.394973 0.64603 0.394973 0.644684 0.393178 0.628533 0.393178 0.627187 0.394973 0.625841 0.394973 0.624495 0.396768 0.623149 0.396768 0.621803 0.398564 0.620458 0.398564 0.619112 0.400359 0.617766 0.400359 0.631225 0.418312 0.629879 0.420108 0.61642 0.420108 0.613728 0.416517 0.612382 0.416517 0.608345 0.411131 0.606999 0.411131 0.604307 0.40754 0.604307 0.40395 0.602961 0.402154 0.602961 0.398564 0.600269 0.394973 0.600269 0.393178 0.597577 0.389587 0.597577 0.385996 0.598923 0.384201 0.598923 0.378815 0.600269 0.37702 0.600269 0.373429 0.596231 0.373429 0.594886 0.371634 0.597577 0.368043 0.597577 0.366248 0.601615 0.360862 0.602961 0.362657 0.604307 0.362657 0.605653 0.364452 0.611036 0.364452 0.613728 0.360862 0.615074 0.360862 0.617766 0.357271 0.620458 0.357271 0.621803 0.355476 0.625841 0.355476 0.627187 0.35368 0.629879 0.35368 0.640646 0.339318 0.640646 0.337522 0.641992 0.335727 0.641992 0.332136 0.640646 0.330341 0.640646 0.324955 0.6393 0.32316 0.6393 0.321364 0.640646 0.319569 0.656797 0.319569 0.658143 0.317774 0.66218 0.317774 0.663526 0.315978 0.66891 0.315978 0.670256 0.314183 0.672948 0.314183 0.674293 0.312388 0.676985 0.312388 0.678331 0.310592 0.681023 0.310592 0.682369 0.308797 0.685061 0.308797 0.685061 0.307002 0.686406 0.305206 0.686406 0.301616 0.687752 0.29982 0.709287 0.29982 0.710633 0.298025 0.711978 0.298025 0.713324 0.29623 0.71467 0.29623 0.717362 0.292639 0.718708 0.292639 0.717362 0.290844 0.716016 0.290844 0.71467 0.289048
1 0.686406 0.260323 0.685061 0.262118 0.679677 0.262118 0.678331 0.263914 0.672948 0.263914 0.675639 0.263914 0.676985 0.265709 0.678331 0.265709 0.679677 0.267504 0.682369 0.267504 0.683715 0.2693 0.685061 0.2693 0.686406 0.271095 0.686406 0.274686 0.685061 0.276481 0.683715 0.274686 0.682369 0.274686 0.681023 0.27289 0.679677 0.27289 0.678331 0.271095 0.676985 0.271095 0.675639 0.2693 0.672948 0.2693 0.671602 0.267504 0.66891 0.267504 0.667564 0.265709 0.664872 0.265709 0.663526 0.263914 0.663526 0.265709 0.66218 0.267504 0.66218 0.2693 0.660834 0.271095 0.660834 0.27289 0.659489 0.274686 0.659489 0.276481 0.66218 0.276481 0.663526 0.278276 0.667564 0.278276 0.66891 0.280072 0.671602 0.280072 0.672948 0.281867 0.675639 0.281867 0.676985 0.283662 0.702557 0.283662 0.703903 0.281867 0.713324 0.281867 0.71467 0.280072 0.725437 0.280072 0.722746 0.276481 0.722746 0.274686 0.720054 0.271095 0.702557 0.271095 0.701211 0.2693 0.699865 0.2693 0.69852 0.267504 0.697174 0.267504 0.695828 0.265709 0.693136 0.265709 0.69179 0.263914 0.690444 0.263914 0.689098 0.262118 0.687752 0.262118
1 0.718708 0.244165 0.717362 0.245961 0.709287 0.245961 0.705249 0.251346 0.717362 0.251346 0.718708 0.253142 0.733513 0.253142 0.733513 0.251346 0.734859 0.249551 0.734859 0.247756 0.733513 0.247756 0.730821 0.244165
1 0.565276 0.24237 0.565276 0.245961 0.566622 0.247756 0.566622 0.249551 0.565276 0.251346 0.56393 0.251346 0.561238 0.254937 0.559892 0.254937 0.557201 0.258528 0.555855 0.258528 0.554509 0.260323 0.550471 0.260323 0.549125 0.262118 0.543742 0.262118 0.542396 0.263914 0.538358 0.263914 0.539704 0.265709 0.54105 0.265709 0.543742 0.2693 0.545087 0.2693 0.547779 0.27289 0.546433 0.274686 0.543742 0.274686 0.542396 0.276481 0.539704 0.276481 0.538358 0.278276 0.535666 0.278276 0.53432 0.280072 0.531629 0.280072 0.530283 0.281867 0.527591 0.281867 0.526245 0.283662 0.523553 0.283662 0.523553 0.285458 0.524899 0.287253 0.524899 0.289048 0.522207 0.292639 0.535666 0.292639 0.537012 0.294434 0.532974 0.29982 0.532974 0.301616 0.531629 0.303411 0.531629 0.307002 0.530283 0.308797 0.530283 0.310592 0.528937 0.312388 0.527591 0.312388 0.526245 0.314183 0.524899 0.314183 0.522207 0.317774 0.520861 0.317774 0.519515 0.319569 0.516824 0.319569 0.515478 0.321364 0.512786 0.321364 0.51144 0.32316 0.510094 0.32316 0.508748 0.324955 0.506057 0.324955 0.504711 0.32675 0.502019 0.32675 0.500673 0.328546 0.497981 0.328546 0.496635 0.330341 0.495289 0.330341 0.493943 0.332136 0.491252 0.332136 0.489906 0.333932 0.487214 0.333932 0.485868 0.335727 0.483176 0.335727 0.48183 0.337522 0.480485 0.337522 0.479139 0.339318 0.476447 0.339318 0.493943 0.339318 0.495289 0.341113 0.495289 0.35009 0.493943 0.351885 0.472409 0.351885 0.472409 0.35368 0.471063 0.355476 0.471063 0.357271 0.469717 0.359066 0.487214 0.359066 0.48856 0.360862 0.484522 0.366248 0.483176 0.366248 0.479139 0.371634 0.476447 0.371634 0.475101 0.373429 0.472409 0.373429 0.471063 0.375224 0.468371 0.375224 0.467026 0.37702 0.460296 0.37702 0.45895 0.378815 0.452221 0.378815 0.450875 0.38061 0.444145 0.38061 0.446837 0.38061 0.448183 0.382406 0.450875 0.382406 0.452221 0.384201 0.453567 0.384201 0.454913 0.385996 0.457604 0.385996 0.45895 0.387792 0.461642 0.387792 0.462988 0.389587 0.461642 0.391382 0.453567 0.391382 0.452221 0.393178 0.442799 0.393178 0.441454 0.394973 0.43607 0.394973 0.434724 0.396768 0.430686 0.396768 0.429341 0.398564 0.423957 0.398564 0.422611 0.400359 0.417227 0.400359 0.415882 0.402154 0.411844 0.402154 0.410498 0.40395 0.405114 0.40395 0.403769 0.405745 0.402423 0.40395 0.394347 0.40395 0.393001 0.402154 0.366083 0.402154 0.366083 0.405745 0.367429 0.40754 0.367429 0.412926 0.368775 0.414722 0.378197 0.414722 0.379542 0.416517 0.382234 0.416517 0.38358 0.418312 0.386272 0.418312 0.387618 0.420108 0.39031 0.420108 0.391655 0.421903 0.388964 0.425494 0.387618 0.425494 0.384926 0.429084 0.372813 0.429084 0.371467 0.43088 0.370121 0.43088 0.367429 0.43447 0.366083 0.43447 0.363392 0.438061 0.352624 0.438061 0.349933 0.441652 0.349933 0.443447 0.340511 0.456014 0.333782 0.456014 0.332436 0.45781 0.325707 0.45781 0.325707 0.4614 0.327052 0.463196 0.327052 0.464991 0.325707 0.466786 0.321669 0.466786 0.320323 0.468582 0.316285 0.468582 0.314939 0.470377 0.313594 0.470377 0.312248 0.472172 0.309556 0.472172 0.30821 0.473968 0.306864 0.473968 0.305518 0.475763 0.304172 0.475763 0.302826 0.477558 0.300135 0.477558 0.298789 0.479354 0.297443 0.479354 0.296097 0.481149 0.294751 0.479354 0.271871 0.479354 0.270525 0.481149 0.269179 0.481149 0.267833 0.482944 0.265141 0.482944 0.263795 0.48474 0.261104 0.48474 0.259758 0.486535 0.257066 0.486535 0.25572 0.48833 0.254374 0.48833 0.253028 0.490126 0.250336 0.490126 0.248991 0.491921 0.246299 0.491921 0.244953 0.493716 0.243607 0.493716 0.242261 0.495512 0.239569 0.495512 0.238223 0.497307 0.235532 0.497307 0.234186 0.499102 0.23284 0.499102 0.231494 0.500898 0.228802 0.500898 0.22611 0.504488 0.22611 0.506284 0.222073 0.51167 0.215343 0.51167 0.213997 0.513465 0.205922 0.513465 0.204576 0.51526 0.197847 0.51526 0.196501 0.517056 0.183042 0.517056 0.18035 0.520646 0.179004 0.520646 0.176312 0.524237 0.174966 0.524237 0.170929 0.529623 0.169583 0.529623 0.168237 0.531418 0.168237 0.533214 0.169583 0.535009 0.169583 0.536804 0.183042 0.536804 0.184388 0.5386 0.183042 0.540395 0.181696 0.540395 0.179004 0.543986 0.177658 0.543986 0.174966 0.547576 0.17362 0.547576 0.170929 0.551167 0.156124 0.551167 0.154778 0.552962 0.156124 0.552962 0.15747 0.554758 0.160162 0.554758 0.161507 0.556553 0.160162 0.558348 0.158816 0.558348 0.15747 0.560144 0.156124 0.560144 0.154778 0.561939 0.153432 0.561939 0.152086 0.563734 0.149394 0.563734 0.148048 0.56553 0.146703 0.56553 0.145357 0.567325 0.144011 0.567325 0.142665 0.56912 0.141319 0.56912 0.139973 0.570916 0.133244 0.570916 0.131898 0.572711 0.125168 0.572711 0.123822 0.574506 0.115747 0.574506 0.114401 0.576302 0.107672 0.576302 0.106326 0.578097 0.099596 0.578097 0.09825 0.579892 0.096904 0.579892 0.094213 0.583483 0.092867 0.583483 0.091521 0.585278 0.090175 0.585278 0.088829 0.587074 0.087483 0.587074 0.084791 0.590664 0.083445 0.590664 0.0821 0.59246 0.069987 0.59246 0.068641 0.594255 0.060565 0.594255 0.059219 0.59605 0.056528 0.59605 0.055182 0.597846 0.053836 0.597846 0.05249 0.599641 0.049798 0.599641 0.048452 0.601436 0.04576 0.601436 0.044415 0.603232 0.043069 0.603232 0.041723 0.605027 0.039031 0.605027 0.039031 0.610413 0.053836 0.610413 0.055182 0.608618 0.060565 0.608618 0.063257 0.605027 0.063257 0.603232 0.065949 0.599641 0.069987 0.599641 0.071332 0.597846 0.07537 0.597846 0.076716 0.59605 0.084791 0.59605 0.086137 0.597846 0.084791 0.599641 0.084791 0.601436 0.078062 0.610413 0.078062 0.612208 0.074024 0.617594 0.071332 0.617594 0.069987 0.61939 0.065949 0.61939 0.064603 0.621185 0.061911 0.621185 0.060565 0.62298 0.057873 0.62298 0.056528 0.624776 0.055182 0.624776 0.053836 0.626571 0.05249 0.626571 0.051144 0.628366 0.049798 0.628366 0.04576 0.633752 0.044415 0.633752 0.040377 0.639138 0.039031 0.639138 0.037685 0.640934 0.036339 0.640934 0.034993 0.642729 0.032301 0.642729 0.030956 0.644524 0.02961 0.644524 0.028264 0.64632 0.026918 0.64632 0.025572 0.648115 0.010767 0.648115 0.009421 0.64991 0.008075 0.64991 0.006729 0.651706 0.018843 0.651706 0.020188 0.653501 0.018843 0.655296 0.017497 0.655296 0.016151 0.657092 0.013459 0.657092 0.012113 0.658887 0.010767 0.658887 0.009421 0.660682 0.008075 0.660682 0.006729 0.662478 0.004038 0.662478 0.002692 0.664273 0.001346 0.664273 0.0 0.666068 0.0 0.682226 0.001346 0.682226 0.002692 0.680431 0.004038 0.680431 0.005384 0.678636 0.006729 0.678636 0.009421 0.675045 0.010767 0.675045 0.012113 0.67325 0.013459 0.67325 0.014805 0.671454 0.016151 0.671454 0.017497 0.669659 0.018843 0.669659 0.020188 0.667864 0.021534 0.667864 0.02288 0.666068 0.024226 0.666068 0.025572 0.664273 0.026918 0.664273 0.02961 0.660682 0.030956 0.660682 0.032301 0.658887 0.033647 0.658887 0.034993 0.657092 0.036339 0.657092 0.037685 0.655296 0.039031 0.657092 0.04576 0.657092 0.047106 0.655296 0.048452 0.655296 0.049798 0.653501 0.051144 0.653501 0.05249 0.651706 0.053836 0.651706 0.055182 0.64991 0.056528 0.64991 0.057873 0.648115 0.059219 0.648115 0.060565 0.64632 0.061911 0.64632 0.063257 0.644524 0.065949 0.644524 0.067295 0.642729 0.068641 0.642729 0.069987 0.640934 0.071332 0.640934 0.072678 0.639138 0.07537 0.639138 0.076716 0.637343 0.078062 0.637343 0.079408 0.635548 0.080754 0.635548 0.0821 0.633752 0.083445 0.633752 0.084791 0.631957 0.087483 0.631957 0.088829 0.630162 0.090175 0.630162 0.091521 0.628366 0.092867 0.628366 0.094213 0.626571 0.095559 0.626571 0.096904 0.624776 0.09825 0.624776 0.099596 0.62298 0.100942 0.62298 0.102288 0.621185 0.103634 0.621185 0.10498 0.61939 0.106326 0.61939 0.107672 0.617594 0.109017 0.617594 0.110363 0.615799 0.111709 0.615799 0.113055 0.614004 0.119785 0.614004 0.121131 0.612208 0.129206 0.612208 0.130552 0.610413 0.137281 0.610413 0.138627 0.608618 0.142665 0.608618 0.144011 0.606822 0.148048 0.606822 0.149394 0.605027 0.153432 0.605027 0.154778 0.603232 0.158816 0.603232 0.160162 0.601436 0.164199 0.601436 0.165545 0.599641 0.169583 0.599641 0.170929 0.597846 0.174966 0.597846 0.176312 0.59605 0.179004 0.59605 0.18035 0.594255 0.181696 0.594255 0.183042 0.59246 0.185734 0.59246 0.187079 0.590664 0.188425 0.590664 0.189771 0.588869 0.192463 0.588869 0.193809 0.587074 0.195155 0.587074 0.196501 0.585278 0.199192 0.585278 0.200538 0.583483 0.201884 0.583483 0.201884 0.581688 0.20323 0.579892 0.20323 0.578097 0.204576 0.576302 0.204576 0.574506 0.205922 0.572711 0.215343 0.572711 0.195155 0.572711 0.193809 0.574506 0.193809 0.576302 0.192463 0.578097 0.192463 0.579892 0.191117 0.581688 0.191117 0.583483 0.189771 0.585278 0.187079 0.585278 0.185734 0.587074 0.183042 0.587074 0.181696 0.588869 0.179004 0.588869 0.177658 0.590664 0.174966 0.590664 0.17362 0.59246 0.172275 0.590664 0.164199 0.590664 0.162853 0.59246 0.161507 0.59246 0.160162 0.594255 0.15747 0.594255 0.156124 0.59605 0.154778 0.59605 0.153432 0.597846 0.152086 0.597846 0.149394 0.601436 0.148048 0.601436 0.146703 0.603232 0.137281 0.603232 0.135935 0.605027 0.126514 0.605027 0.125168 0.606822 0.115747 0.606822 0.114401 0.608618 0.106326 0.608618 0.10498 0.610413 0.103634 0.610413 0.100942 0.614004 0.099596 0.614004 0.09825 0.615799 0.096904 0.615799 0.095559 0.617594 0.094213 0.617594 0.091521 0.621185 0.090175 0.621185 0.088829 0.62298 0.086137 0.62298 0.084791 0.624776 0.0821 0.624776 0.080754 0.626571 0.078062 0.626571 0.076716 0.628366 0.074024 0.628366 0.072678 0.626571 0.07537 0.62298 0.076716 0.62298 0.083445 0.614004 0.083445 0.612208 0.091521 0.601436 0.095559 0.601436 0.096904 0.599641 0.100942 0.599641 0.102288 0.597846 0.107672 0.597846 0.109017 0.59605 0.113055 0.59605 0.114401 0.594255 0.118439 0.594255 0.121131 0.590664 0.122476 0.590664 0.125168 0.587074 0.126514 0.587074 0.130552 0.581688 0.131898 0.581688 0.13459 0.578097 0.137281 0.578097 0.138627 0.576302 0.141319 0.576302 0.142665 0.574506 0.144011 0.574506 0.145357 0.572711 0.148048 0.572711 0.149394 0.570916 0.152086 0.570916 0.153432 0.56912 0.156124 0.56912 0.15747 0.567325 0.158816 0.567325 0.160162 0.56553 0.162853 0.56553 0.164199 0.563734 0.166891 0.563734 0.168237 0.561939 0.169583 0.561939 0.170929 0.560144 0.172275 0.560144 0.17362 0.558348 0.176312 0.558348 0.177658 0.556553 0.179004 0.556553 0.18035 0.554758 0.181696 0.554758 0.183042 0.552962 0.184388 0.554758 0.184388 0.558348 0.215343 0.558348 0.216689 0.556553 0.222073 0.556553 0.223419 0.554758 0.227456 0.554758 0.228802 0.552962 0.234186 0.552962 0.235532 0.551167 0.239569 0.551167 0.240915 0.549372 0.246299 0.549372 0.247645 0.547576 0.253028 0.547576 0.254374 0.545781 0.258412 0.545781 0.259758 0.543986 0.265141 0.543986 0.265141 0.54219 0.263795 0.540395 0.254374 0.540395 0.253028 0.54219 0.246299 0.54219 0.244953 0.543986 0.236878 0.543986 0.235532 0.545781 0.228802 0.545781 0.227456 0.547576 0.220727 0.547576 0.219381 0.549372 0.218035 0.547576 0.212651 0.547576 0.211306 0.545781 0.207268 0.545781 0.205922 0.543986 0.200538 0.543986 0.199192 0.54219 0.199192 0.540395 0.197847 0.5386 0.197847 0.533214 0.196501 0.531418 0.196501 0.527828 0.195155 0.526032 0.195155 0.524237 0.196501 0.522442 0.215343 0.522442 0.216689 0.520646 0.218035 0.520646 0.219381 0.518851 0.222073 0.518851 0.223419 0.517056 0.224764 0.517056 0.22611 0.51526 0.228802 0.51526 0.230148 0.513465 0.231494 0.513465 0.23284 0.51167 0.235532 0.51167 0.236878 0.509874 0.238223 0.509874 0.239569 0.508079 0.242261 0.508079 0.243607 0.506284 0.244953 0.506284 0.246299 0.504488 0.248991 0.504488 0.250336 0.502693 0.253028 0.502693 0.254374 0.500898 0.257066 0.500898 0.258412 0.499102 0.259758 0.499102 0.261104 0.497307 0.263795 0.497307 0.265141 0.495512 0.266487 0.495512 0.267833 0.493716 0.270525 0.493716 0.271871 0.491921 0.273217 0.491921 0.274563 0.490126 0.275908 0.490126 0.277254 0.48833 0.283984 0.48833 0.28533 0.486535 0.290713 0.486535 0.292059 0.48474 0.321669 0.48474 0.323015 0.482944 0.324361 0.482944 0.325707 0.481149 0.327052 0.481149 0.328398 0.479354 0.329744 0.479354 0.33109 0.477558 0.332436 0.477558 0.333782 0.475763 0.335128 0.475763 0.33782 0.472172 0.339166 0.472172 0.341857 0.468582 0.343203 0.468582 0.345895 0.464991 0.347241 0.464991 0.348587 0.463196 0.349933 0.463196 0.352624 0.459605 0.35397 0.459605 0.356662 0.456014 0.358008 0.456014 0.3607 0.452424 0.362046 0.452424 0.364738 0.448833 0.366083 0.448833 0.367429 0.447038 0.368775 0.447038 0.370121 0.445242 0.371467 0.445242 0.372813 0.443447 0.374159 0.443447 0.375505 0.441652 0.376851 0.441652 0.378197 0.439856 0.379542 0.439856 0.380888 0.438061 0.382234 0.438061 0.38358 0.436266 0.407806 0.436266 0.409152 0.438061 0.409152 0.443447 0.410498 0.445242 0.410498 0.448833 0.418573 0.448833 0.418573 0.43447 0.427995 0.421903 0.427995 0.418312 0.429341 0.416517 0.429341 0.412926 0.430686 0.411131 0.432032 0.411131 0.433378 0.409336 0.434724 0.409336 0.437416 0.405745 0.438762 0.405745 0.440108 0.40395 0.441454 0.40395 0.442799 0.402154 0.446837 0.402154 0.448183 0.400359 0.453567 0.400359 0.454913 0.398564 0.45895 0.398564 0.460296 0.396768 0.46568 0.396768 0.467026 0.394973 0.471063 0.394973 0.475101 0.389587 0.473755 0.387792 0.472409 0.387792 0.469717 0.384201 0.471063 0.382406 0.473755 0.382406 0.475101 0.38061 0.479139 0.38061 0.480485 0.378815 0.483176 0.378815 0.484522 0.37702 0.485868 0.37702 0.48856 0.373429 0.489906 0.373429 0.492598 0.369838 0.493943 0.369838 0.496635 0.366248 0.497981 0.366248 0.499327 0.364452 0.500673 0.364452 0.503365 0.360862 0.504711 0.360862 0.506057 0.359066 0.507402 0.359066 0.510094 0.355476 0.51144 0.355476 0.512786 0.35368 0.514132 0.35368 0.516824 0.35009 0.51817 0.35009 0.519515 0.348294 0.520861 0.348294 0.523553 0.344704 0.524899 0.344704 0.524899 0.342908 0.523553 0.341113 0.523553 0.339318 0.519515 0.339318 0.51817 0.337522 0.514132 0.337522 0.512786 0.335727 0.514132 0.333932 0.515478 0.333932 0.51817 0.330341 0.519515 0.330341 0.520861 0.328546 0.522207 0.328546 0.524899 0.324955 0.526245 0.324955 0.527591 0.32316 0.535666 0.32316 0.537012 0.321364 0.538358 0.321364 0.54105 0.317774 0.542396 0.317774 0.543742 0.315978 0.545087 0.315978 0.546433 0.314183 0.549125 0.314183 0.550471 0.312388 0.551817 0.312388 0.553163 0.310592 0.555855 0.310592 0.557201 0.308797 0.558546 0.308797 0.559892 0.307002 0.561238 0.307002 0.562584 0.305206 0.56393 0.305206 0.565276 0.303411 0.567968 0.303411 0.569314 0.301616 0.570659 0.301616 0.572005 0.29982 0.573351 0.29982 0.572005 0.298025 0.572005 0.29623 0.570659 0.294434 0.570659 0.292639 0.569314 0.290844 0.567968 0.290844 0.566622 0.289048 0.565276 0.289048 0.562584 0.285458 0.561238 0.285458 0.559892 0.283662 0.558546 0.283662 0.557201 0.281867 0.555855 0.281867 0.554509 0.280072 0.555855 0.278276 0.557201 0.278276 0.558546 0.276481 0.561238 0.276481 0.562584 0.274686 0.56393 0.274686 0.565276 0.27289 0.567968 0.27289 0.569314 0.271095 0.570659 0.271095 0.572005 0.2693 0.573351 0.2693 0.574697 0.267504 0.577389 0.267504 0.578735 0.265709 0.580081 0.265709 0.580081 0.256732 0.578735 0.254937 0.578735 0.245961 0.576043 0.24237
1 0.48183 0.240575 0.480485 0.24237 0.471063 0.24237 0.468371 0.245961 0.467026 0.245961 0.464334 0.249551 0.462988 0.249551 0.461642 0.251346 0.450875 0.251346 0.449529 0.253142 0.448183 0.253142 0.446837 0.254937 0.444145 0.254937 0.442799 0.256732 0.437416 0.256732 0.43607 0.258528 0.434724 0.258528 0.433378 0.260323 0.430686 0.260323 0.429341 0.262118 0.427995 0.262118 0.425303 0.265709 0.423957 0.265709 0.422611 0.267504 0.421265 0.267504 0.419919 0.265709 0.418573 0.265709 0.417227 0.263914 0.41319 0.263914 0.41319 0.2693 0.414536 0.271095 0.414536 0.278276 0.41319 0.280072 0.411844 0.280072 0.410498 0.281867 0.409152 0.281867 0.409152 0.283662 0.407806 0.285458 0.407806 0.287253 0.405114 0.290844 0.403769 0.290844 0.401077 0.294434 0.399731 0.294434 0.395693 0.29982 0.394347 0.29982 0.391655 0.303411 0.39031 0.303411 0.388964 0.305206 0.388964 0.307002 0.387618 0.308797 0.387618 0.310592 0.386272 0.312388 0.386272 0.314183 0.38358 0.317774 0.382234 0.317774 0.380888 0.319569 0.378197 0.319569 0.376851 0.321364 0.375505 0.321364 0.374159 0.32316 0.372813 0.32316 0.371467 0.324955 0.368775 0.324955 0.367429 0.32675 0.366083 0.32675 0.364738 0.328546 0.358008 0.328546 0.356662 0.330341 0.349933 0.330341 0.348587 0.332136 0.345895 0.332136 0.352624 0.341113 0.364738 0.341113 0.364738 0.339318 0.366083 0.337522 0.366083 0.333932 0.367429 0.332136 0.367429 0.330341 0.368775 0.328546 0.371467 0.328546 0.372813 0.32675 0.374159 0.32675 0.375505 0.324955 0.378197 0.324955 0.379542 0.32316 0.380888 0.32316 0.382234 0.321364 0.384926 0.321364 0.386272 0.319569 0.387618 0.319569 0.388964 0.317774 0.391655 0.317774 0.393001 0.315978 0.394347 0.315978 0.395693 0.314183 0.398385 0.314183 0.399731 0.312388 0.402423 0.312388 0.403769 0.310592 0.40646 0.310592 0.407806 0.308797 0.411844 0.308797 0.41319 0.307002 0.415882 0.307002 0.415882 0.303411 0.414536 0.301616 0.414536 0.29623 0.417227 0.292639 0.418573 0.292639 0.421265 0.289048 0.422611 0.289048 0.425303 0.285458 0.426649 0.285458 0.427995 0.283662 0.433378 0.283662 0.433378 0.280072 0.434724 0.278276 0.434724 0.274686 0.433378 0.27289 0.433378 0.271095 0.432032 0.2693 0.434724 0.265709 0.43607 0.265709 0.438762 0.262118 0.441454 0.262118 0.442799 0.260323 0.446837 0.260323 0.449529 0.256732 0.450875 0.256732 0.453567 0.260323 0.452221 0.262118 0.450875 0.262118 0.448183 0.265709 0.446837 0.265709 0.446837 0.267504 0.445491 0.2693 0.445491 0.271095 0.446837 0.2693 0.462988 0.2693 0.469717 0.260323 0.46568 0.254937 0.467026 0.253142 0.475101 0.253142 0.476447 0.254937 0.476447 0.262118 0.471063 0.2693 0.469717 0.2693 0.467026 0.27289 0.46568 0.27289 0.464334 0.274686 0.462988 0.274686 0.461642 0.276481 0.460296 0.276481 0.45895 0.278276 0.457604 0.278276 0.454913 0.281867 0.453567 0.281867 0.450875 0.285458 0.449529 0.285458 0.446837 0.289048 0.446837 0.290844 0.444145 0.294434 0.444145 0.29623 0.442799 0.298025 0.446837 0.298025 0.448183 0.29982 0.450875 0.29982 0.452221 0.301616 0.453567 0.301616 0.454913 0.303411 0.456258 0.303411 0.45895 0.307002 0.460296 0.307002 0.461642 0.308797 0.462988 0.308797 0.46568 0.312388 0.464334 0.314183 0.464334 0.315978 0.462988 0.317774 0.449529 0.317774 0.448183 0.315978 0.445491 0.319569 0.444145 0.319569 0.440108 0.324955 0.438762 0.324955 0.43607 0.328546 0.434724 0.328546 0.433378 0.330341 0.432032 0.330341 0.432032 0.337522 0.434724 0.337522 0.43607 0.339318 0.437416 0.339318 0.438762 0.341113 0.437416 0.342908 0.43607 0.342908 0.434724 0.344704 0.433378 0.344704 0.432032 0.346499 0.399731 0.346499 0.395693 0.351885 0.398385 0.351885 0.399731 0.35368 0.401077 0.351885 0.407806 0.351885 0.409152 0.35368 0.407806 0.355476 0.405114 0.355476 0.405114 0.357271 0.40646 0.359066 0.40646 0.360862 0.407806 0.362657 0.407806 0.364452 0.40646 0.366248 0.395693 0.366248 0.394347 0.368043 0.391655 0.368043 0.39031 0.369838 0.386272 0.369838 0.384926 0.371634 0.382234 0.371634 0.382234 0.375224 0.379542 0.378815 0.372813 0.378815 0.371467 0.37702 0.370121 0.378815 0.368775 0.378815 0.366083 0.382406 0.364738 0.382406 0.366083 0.382406 0.367429 0.384201 0.370121 0.384201 0.371467 0.385996 0.372813 0.385996 0.374159 0.387792 0.375505 0.387792 0.376851 0.389587 0.387618 0.389587 0.388964 0.387792 0.39031 0.387792 0.391655 0.385996 0.394347 0.385996 0.395693 0.384201 0.397039 0.384201 0.398385 0.382406 0.399731 0.382406 0.401077 0.38061 0.402423 0.38061 0.403769 0.378815 0.405114 0.378815 0.40646 0.37702 0.407806 0.37702 0.409152 0.375224 0.410498 0.375224 0.411844 0.373429 0.415882 0.373429 0.417227 0.371634 0.422611 0.371634 0.423957 0.369838 0.426649 0.369838 0.427995 0.368043 0.430686 0.368043 0.432032 0.366248 0.434724 0.366248 0.43607 0.364452 0.437416 0.364452 0.438762 0.362657 0.441454 0.362657 0.441454 0.359066 0.442799 0.357271 0.442799 0.35368 0.444145 0.351885 0.445491 0.351885 0.446837 0.35009 0.448183 0.35009 0.456258 0.339318 0.456258 0.337522 0.457604 0.335727 0.457604 0.333932 0.45895 0.332136 0.45895 0.330341 0.460296 0.328546 0.467026 0.328546 0.468371 0.32675 0.471063 0.32675 0.472409 0.324955 0.475101 0.324955 0.476447 0.32316 0.479139 0.32316 0.480485 0.321364 0.483176 0.321364 0.489906 0.312388 0.493943 0.312388 0.495289 0.310592 0.500673 0.310592 0.500673 0.307002 0.502019 0.305206 0.502019 0.301616 0.500673 0.303411 0.484522 0.303411 0.483176 0.301616 0.484522 0.29982 0.484522 0.298025 0.485868 0.29623 0.487214 0.29623 0.489906 0.292639 0.491252 0.292639 0.492598 0.290844 0.493943 0.290844 0.495289 0.289048 0.496635 0.289048 0.499327 0.285458 0.500673 0.285458 0.500673 0.283662 0.499327 0.281867 0.499327 0.280072 0.500673 0.278276 0.502019 0.278276 0.503365 0.276481 0.504711 0.276481 0.506057 0.274686 0.507402 0.274686 0.508748 0.27289 0.51144 0.27289 0.512786 0.271095 0.514132 0.271095 0.515478 0.2693 0.516824 0.2693 0.51817 0.267504 0.519515 0.267504 0.519515 0.265709 0.520861 0.263914 0.520861 0.262118 0.522207 0.260323 0.516824 0.253142 0.516824 0.251346 0.512786 0.245961 0.51144 0.247756 0.506057 0.247756 0.504711 0.249551 0.499327 0.249551 0.497981 0.251346 0.48183 0.251346 0.480485 0.249551 0.480485 0.245961 0.48183 0.244165
1 0.672948 0.217235 0.671602 0.219031 0.664872 0.219031 0.663526 0.220826 0.656797 0.220826 0.659489 0.224417 0.659489 0.226212 0.663526 0.231598 0.663526 0.233393 0.664872 0.235189 0.663526 0.236984 0.637954 0.236984 0.636608 0.235189 0.633917 0.238779 0.632571 0.238779 0.629879 0.24237 0.628533 0.24237 0.625841 0.245961 0.624495 0.245961 0.623149 0.247756 0.628533 0.247756 0.629879 0.249551 0.633917 0.249551 0.635262 0.251346 0.640646 0.251346 0.641992 0.253142 0.64603 0.253142 0.647376 0.254937 0.652759 0.247756 0.694482 0.247756 0.695828 0.249551 0.697174 0.247756 0.697174 0.245961 0.69852 0.244165 0.69852 0.24237 0.699865 0.240575 0.681023 0.240575 0.679677 0.238779 0.679677 0.236984 0.682369 0.233393 0.718708 0.233393 0.718708 0.229803 0.720054 0.228007 0.720054 0.226212 0.718708 0.228007 0.689098 0.228007 0.687752 0.226212 0.686406 0.226212 0.685061 0.224417 0.682369 0.224417 0.681023 0.222621 0.679677 0.222621 0.678331 0.220826 0.676985 0.220826 0.675639 0.219031 0.674293 0.219031
1 0.736205 0.197487 0.734859 0.199282 0.734859 0.201077 0.729475 0.208259 0.729475 0.210054 0.726783 0.213645 0.726783 0.233393 0.728129 0.231598 0.742934 0.231598 0.74428 0.229803 0.757739 0.229803 0.759085 0.231598 0.757739 0.233393 0.757739 0.236984 0.756393 0.238779 0.756393 0.240575 0.764468 0.240575 0.765814 0.24237 0.772544 0.24237 0.77389 0.244165 0.781965 0.244165 0.783311 0.245961 0.784657 0.244165 0.800808 0.244165 0.807537 0.235189 0.808883 0.235189 0.811575 0.238779 0.811575 0.240575 0.814266 0.244165 0.814266 0.245961 0.815612 0.247756 0.815612 0.249551 0.814266 0.251346 0.812921 0.251346 0.811575 0.253142 0.808883 0.253142 0.807537 0.254937 0.806191 0.254937 0.804845 0.256732 0.77389 0.256732 0.772544 0.258528 0.769852 0.258528 0.768506 0.260323 0.765814 0.260323 0.764468 0.262118 0.761777 0.262118 0.760431 0.263914 0.757739 0.263914 0.757739 0.265709 0.792732 0.265709 0.794078 0.263914 0.798116 0.263914 0.799462 0.262118 0.802153 0.262118 0.803499 0.260323 0.807537 0.260323 0.808883 0.258528 0.810229 0.260323 0.825034 0.260323 0.82638 0.262118 0.84253 0.262118 0.843876 0.263914 0.843876 0.265709 0.845222 0.267504 0.843876 0.2693 0.823688 0.2693 0.822342 0.271095 0.806191 0.271095 0.804845 0.27289 0.803499 0.271095 0.794078 0.271095 0.792732 0.27289 0.788694 0.27289 0.79004 0.27289 0.791386 0.274686 0.792732 0.274686 0.794078 0.276481 0.802153 0.276481 0.803499 0.274686 0.810229 0.274686 0.811575 0.27289 0.86541 0.27289 0.86541 0.2693 0.864065 0.267504 0.864065 0.262118 0.862719 0.260323 0.862719 0.256732 0.84926 0.256732 0.847914 0.254937 0.850606 0.251346 0.850606 0.249551 0.851952 0.247756 0.845222 0.247756 0.843876 0.245961 0.837147 0.245961 0.835801 0.244165 0.837147 0.24237 0.837147 0.240575 0.838493 0.238779 0.847914 0.238779 0.847914 0.235189 0.834455 0.235189 0.833109 0.233393 0.829071 0.233393 0.827725 0.231598 0.825034 0.231598 0.823688 0.229803 0.814266 0.229803 0.811575 0.233393 0.810229 0.233393 0.808883 0.235189 0.806191 0.235189 0.803499 0.231598 0.802153 0.231598 0.800808 0.229803 0.799462 0.229803 0.798116 0.228007 0.79677 0.228007 0.794078 0.224417 0.792732 0.224417 0.791386 0.222621 0.79004 0.222621 0.787349 0.219031 0.786003 0.219031 0.784657 0.217235 0.780619 0.217235 0.779273 0.21544 0.77389 0.21544 0.772544 0.213645 0.768506 0.213645 0.76716 0.211849 0.763122 0.211849 0.761777 0.210054 0.759085 0.210054 0.757739 0.208259 0.753701 0.208259 0.752355 0.206463 0.749664 0.206463 0.748318 0.204668 0.74428 0.204668 0.740242 0.199282 0.738896 0.199282 0.73755 0.197487
1 0.681023 0.184919 0.679677 0.186715 0.678331 0.186715 0.676985 0.18851 0.674293 0.18851 0.672948 0.190305 0.670256 0.190305 0.66891 0.192101 0.666218 0.192101 0.664872 0.193896 0.663526 0.193896 0.66218 0.195691 0.659489 0.195691 0.658143 0.197487 0.652759 0.197487 0.651413 0.199282 0.647376 0.199282 0.64603 0.201077 0.640646 0.201077 0.6393 0.202873 0.633917 0.202873 0.631225 0.206463 0.629879 0.206463 0.627187 0.210054 0.625841 0.210054 0.623149 0.213645 0.621803 0.213645 0.620458 0.21544 0.621803 0.213645 0.632571 0.213645 0.633917 0.211849 0.64603 0.211849 0.647376 0.210054 0.654105 0.210054 0.655451 0.208259 0.660834 0.208259 0.66218 0.206463 0.66891 0.206463 0.670256 0.204668 0.687752 0.204668 0.689098 0.206463 0.690444 0.204668 0.707941 0.204668 0.711978 0.199282 0.711978 0.197487 0.716016 0.192101 0.695828 0.192101 0.694482 0.193896 0.69179 0.190305 0.690444 0.190305 0.687752 0.186715 0.686406 0.186715 0.685061 0.184919
