0 0.821809 0.939716 0.819149 0.943262 0.819149 0.946809 0.820479 0.948582 0.820479 0.955674 0.821809 0.957447 0.821809 0.960993 0.823138 0.95922 0.828457 0.95922 0.828457 0.955674 0.829787 0.953901 0.829787 0.952128 0.825798 0.946809 0.825798 0.945035
0 0.546543 0.812057 0.546543 0.819149 0.545213 0.820922 0.545213 0.828014 0.546543 0.828014 0.549202 0.83156 0.550532 0.83156 0.553191 0.835106 0.554521 0.835106 0.557181 0.838652 0.558511 0.836879 0.567819 0.836879 0.567819 0.835106 0.566489 0.833333 0.566489 0.829787 0.56516 0.828014 0.56516 0.826241 0.56383 0.824468 0.56383 0.820922 0.5625 0.819149 0.5625 0.815603 0.56117 0.81383 0.56117 0.812057
0 0.586436 0.613475 0.585106 0.615248 0.583777 0.615248 0.582447 0.617021 0.581117 0.617021 0.579787 0.618794 0.578457 0.618794 0.577128 0.620567 0.575798 0.620567 0.573138 0.624113 0.571809 0.624113 0.570479 0.625887 0.569149 0.625887 0.567819 0.62766 0.566489 0.62766 0.56516 0.629433 0.56383 0.629433 0.56516 0.631206 0.566489 0.631206 0.570479 0.636525 0.571809 0.634752 0.574468 0.634752 0.575798 0.632979 0.577128 0.632979 0.578457 0.631206 0.581117 0.631206 0.582447 0.629433 0.585106 0.629433 0.586436 0.62766 0.587766 0.62766 0.589096 0.625887 0.591755 0.625887 0.590426 0.624113 0.590426 0.62234 0.589096 0.620567 0.589096 0.618794 0.587766 0.617021 0.587766 0.615248
0 0.206117 0.611702 0.204787 0.613475 0.199468 0.613475 0.198138 0.615248 0.191489 0.615248 0.179521 0.631206 0.179521 0.641844 0.182181 0.641844 0.183511 0.643617 0.1875 0.643617 0.18883 0.64539 0.191489 0.64539 0.192819 0.647163 0.207447 0.62766 0.208777 0.62766 0.211436 0.624113 0.210106 0.62234 0.210106 0.620567 0.208777 0.618794 0.208777 0.617021 0.207447 0.615248 0.207447 0.613475
0 0.113032 0.578014 0.111702 0.579787 0.103723 0.579787 0.102394 0.58156 0.095745 0.58156 0.094415 0.583333 0.086436 0.583333 0.086436 0.586879 0.085106 0.588652 0.085106 0.590426 0.090426 0.590426 0.091755 0.592199 0.095745 0.592199 0.097074 0.593972 0.102394 0.593972 0.103723 0.595745 0.107713 0.595745 0.109043 0.597518 0.110372 0.595745 0.111702 0.595745 0.114362 0.592199 0.115691 0.592199 0.117021 0.590426 0.118351 0.590426 0.121011 0.586879 0.12234 0.586879 0.12234 0.583333 0.12367 0.58156 0.12367 0.579787 0.114362 0.579787
0 0.916223 0.455674 0.916223 0.469858 0.930851 0.469858 0.930851 0.455674
0 0.860372 0.406028 0.860372 0.411348 0.859043 0.413121 0.859043 0.416667 0.860372 0.41844 0.861702 0.41844 0.865691 0.423759 0.867021 0.423759 0.87234 0.430851 0.87367 0.430851 0.87633 0.434397 0.87633 0.460993 0.878989 0.460993 0.880319 0.462766 0.882979 0.462766 0.884309 0.464539 0.884309 0.462766 0.885638 0.460993 0.885638 0.45922 0.886968 0.457447 0.886968 0.455674 0.888298 0.453901 0.888298 0.452128 0.889628 0.450355 0.889628 0.448582 0.890957 0.446809 0.890957 0.445035 0.892287 0.443262 0.892287 0.439716 0.890957 0.437943 0.890957 0.429078 0.889628 0.427305 0.889628 0.423759 0.886968 0.423759 0.885638 0.421986 0.882979 0.421986 0.881649 0.420213 0.878989 0.420213 0.87766 0.41844 0.875 0.41844 0.87367 0.416667 0.87367 0.413121 0.87234 0.411348 0.87234 0.407801 0.861702 0.407801
0 0.94016 0.382979 0.941489 0.384752 0.941489 0.386525 0.942819 0.388298 0.942819 0.390071 0.944149 0.391844 0.944149 0.393617 0.945479 0.39539 0.945479 0.397163 0.946809 0.398936 0.946809 0.400709 0.948138 0.402482 0.948138 0.404255 0.949468 0.406028 0.949468 0.407801 0.950798 0.407801 0.953457 0.411348 0.954787 0.411348 0.957447 0.414894 0.958777 0.414894 0.960106 0.416667 0.961436 0.416667 0.964096 0.420213 0.965426 0.420213 0.966755 0.421986 0.968085 0.421986 0.970745 0.425532 0.972074 0.425532 0.974734 0.429078 0.976064 0.429078 0.977394 0.430851 0.978723 0.430851 0.981383 0.434397 0.982713 0.434397 0.984043 0.43617 0.985372 0.43617 0.988032 0.439716 0.989362 0.439716 0.992021 0.443262 0.993351 0.443262 0.994681 0.445035 0.996011 0.445035 0.99867 0.448582 0.99867 0.43617 0.99734 0.43617 0.994681 0.432624 0.993351 0.432624 0.992021 0.430851 0.990691 0.430851 0.988032 0.427305 0.986702 0.427305 0.985372 0.425532 0.984043 0.425532 0.981383 0.421986 0.980053 0.421986 0.978723 0.420213 0.977394 0.420213 0.974734 0.416667 0.973404 0.416667 0.972074 0.414894 0.970745 0.414894 0.968085 0.411348 0.966755 0.411348 0.965426 0.409574 0.965426 0.406028 0.966755 0.404255 0.966755 0.398936 0.968085 0.397163 0.968085 0.390071 0.969415 0.388298 0.969415 0.386525 0.961436 0.386525 0.960106 0.388298 0.950798 0.388298 0.949468 0.390071 0.948138 0.388298 0.946809 0.388298 0.945479 0.386525 0.944149 0.386525 0.942819 0.384752 0.941489 0.384752
0 0.143617 0.365248 0.143617 0.375887 0.156915 0.375887 0.156915 0.367021 0.144947 0.367021
0 0.110372 0.333333 0.109043 0.335106 0.101064 0.335106 0.101064 0.342199 0.099734 0.343972 0.099734 0.349291 0.110372 0.349291 0.110372 0.347518 0.111702 0.345745 0.111702 0.343972 0.113032 0.342199 0.113032 0.340426 0.114362 0.338652
0 0.759309 0.322695 0.757979 0.324468 0.735372 0.324468 0.734043 0.326241 0.728723 0.326241 0.727394 0.328014 0.722074 0.328014 0.722074 0.336879 0.74734 0.336879 0.75266 0.343972 0.75133 0.345745 0.75 0.345745 0.74867 0.347518 0.746011 0.347518 0.744681 0.349291 0.743351 0.349291 0.744681 0.351064 0.744681 0.352837 0.746011 0.35461 0.746011 0.356383 0.757979 0.356383 0.757979 0.35461 0.759309 0.352837 0.759309 0.351064 0.760638 0.349291 0.760638 0.336879 0.759309 0.335106
0 0.630319 0.303191 0.625 0.310284 0.62234 0.310284 0.621011 0.312057 0.619681 0.312057 0.618351 0.31383 0.611702 0.31383 0.610372 0.312057 0.607713 0.312057 0.606383 0.310284 0.605053 0.312057 0.598404 0.312057 0.597074 0.31383 0.590426 0.31383 0.589096 0.315603 0.585106 0.315603 0.583777 0.317376 0.579787 0.317376 0.581117 0.319149 0.582447 0.319149 0.585106 0.322695 0.586436 0.320922 0.591755 0.320922 0.593085 0.319149 0.609043 0.319149 0.610372 0.320922 0.613032 0.320922 0.614362 0.322695 0.615691 0.322695 0.617021 0.324468 0.618351 0.322695 0.62633 0.322695 0.62766 0.320922 0.62766 0.319149 0.630319 0.315603 0.630319 0.31383 0.631649 0.312057 0.631649 0.308511 0.630319 0.306738
1 0.644947 0.927305 0.644947 0.929078 0.642287 0.932624 0.638298 0.932624 0.636968 0.930851 0.636968 0.93617 0.635638 0.937943 0.635638 0.943262 0.638298 0.946809 0.638298 0.948582 0.642287 0.953901 0.642287 0.955674 0.646277 0.960993 0.646277 0.962766 0.647606 0.964539 0.647606 0.966312 0.648936 0.968085 0.648936 0.971631 0.650266 0.973404 0.650266 0.97695 0.651596 0.978723 0.651596 0.984043 0.652926 0.985816 0.652926 0.989362 0.654255 0.991135 0.654255 0.992908 0.655585 0.991135 0.662234 0.991135 0.662234 0.984043 0.660904 0.98227 0.660904 0.969858 0.659574 0.968085 0.659574 0.955674 0.658245 0.953901 0.658245 0.946809 0.651596 0.937943 0.651596 0.93617
1 0.283245 0.675532 0.281915 0.677305 0.273936 0.677305 0.272606 0.679078 0.263298 0.679078 0.261968 0.680851 0.253989 0.680851 0.246011 0.691489 0.244681 0.691489 0.243351 0.693262 0.242021 0.693262 0.240691 0.695035 0.239362 0.695035 0.238032 0.696809 0.236702 0.696809 0.234043 0.700355 0.232713 0.700355 0.231383 0.702128 0.230053 0.702128 0.228723 0.703901 0.227394 0.703901 0.226064 0.705674 0.224734 0.705674 0.223404 0.707447 0.222074 0.707447 0.222074 0.718085 0.228723 0.70922 0.230053 0.70922 0.235372 0.702128 0.238032 0.702128 0.239362 0.700355 0.240691 0.700355 0.242021 0.698582 0.244681 0.698582 0.246011 0.696809 0.24734 0.696809 0.24867 0.695035 0.25133 0.695035 0.25266 0.693262 0.268617 0.693262 0.269947 0.691489 0.271277 0.691489 0.272606 0.689716 0.273936 0.689716 0.275266 0.687943 0.279255 0.687943 0.280585 0.689716 0.283245 0.689716 0.284574 0.691489 0.287234 0.691489 0.288564 0.693262 0.291223 0.693262 0.292553 0.695035 0.295213 0.695035 0.296543 0.696809 0.299202 0.696809 0.300532 0.698582 0.301862 0.698582 0.303191 0.700355 0.305851 0.700355 0.307181 0.702128 0.30984 0.702128 0.31117 0.703901 0.3125 0.702128 0.320479 0.702128 0.321809 0.700355 0.328457 0.700355 0.329787 0.698582 0.337766 0.698582 0.339096 0.696809 0.360372 0.696809 0.363032 0.700355 0.365691 0.696809 0.367021 0.696809 0.365691 0.696809 0.364362 0.695035 0.363032 0.695035 0.360372 0.691489 0.359043 0.691489 0.357713 0.689716 0.356383 0.691489 0.348404 0.691489 0.347074 0.693262 0.340426 0.693262 0.339096 0.695035 0.331117 0.695035 0.329787 0.696809 0.317819 0.696809 0.316489 0.695035 0.31117 0.695035 0.30984 0.693262 0.305851 0.693262 0.304521 0.691489 0.300532 0.691489 0.299202 0.689716 0.297872 0.689716 0.295213 0.68617 0.293883 0.68617 0.291223 0.682624 0.289894 0.682624 0.287234 0.679078 0.285904 0.679078
1 0.682181 0.641844 0.680851 0.643617 0.679521 0.643617 0.676862 0.647163 0.675532 0.647163 0.675532 0.654255 0.676862 0.656028 0.676862 0.664894 0.6875 0.679078 0.68883 0.677305 0.695479 0.677305 0.695479 0.675532 0.694149 0.673759 0.694149 0.670213 0.692819 0.66844 0.692819 0.664894 0.691489 0.663121 0.691489 0.661348 0.69016 0.659574 0.69016 0.656028 0.68883 0.654255 0.68883 0.650709 0.6875 0.648936 0.6875 0.647163 0.68617 0.64539 0.68484 0.64539
1 0.567819 0.590426 0.56516 0.593972 0.56383 0.593972 0.56117 0.597518 0.55984 0.597518 0.557181 0.601064 0.555851 0.601064 0.553191 0.597518 0.553191 0.595745 0.551862 0.593972 0.551862 0.595745 0.550532 0.597518 0.550532 0.599291 0.549202 0.601064 0.549202 0.602837 0.546543 0.606383 0.546543 0.608156 0.545213 0.609929 0.545213 0.611702 0.543883 0.613475 0.543883 0.615248 0.542553 0.617021 0.542553 0.618794 0.541223 0.620567 0.541223 0.64539 0.542553 0.647163 0.542553 0.648936 0.543883 0.650709 0.543883 0.652482 0.545213 0.654255 0.545213 0.656028 0.546543 0.657801 0.546543 0.659574 0.547872 0.661348 0.547872 0.663121 0.553191 0.663121 0.553191 0.661348 0.551862 0.659574 0.551862 0.657801 0.550532 0.656028 0.550532 0.654255 0.549202 0.652482 0.549202 0.650709 0.547872 0.648936 0.547872 0.647163 0.546543 0.64539 0.546543 0.643617 0.545213 0.641844 0.545213 0.634752 0.546543 0.632979 0.546543 0.62234 0.547872 0.620567 0.547872 0.615248 0.549202 0.613475 0.550532 0.613475 0.553191 0.609929 0.554521 0.609929 0.555851 0.608156 0.557181 0.608156 0.55984 0.60461 0.56117 0.60461 0.5625 0.602837 0.56383 0.602837 0.566489 0.599291 0.567819 0.599291
1 0.908245 0.5 0.906915 0.501773 0.906915 0.503546 0.904255 0.507092 0.905585 0.507092 0.908245 0.510638 0.909574 0.510638 0.910904 0.512411 0.912234 0.512411 0.914894 0.515957 0.916223 0.515957 0.917553 0.51773 0.918883 0.51773 0.921543 0.521277 0.922872 0.521277 0.924202 0.52305 0.925532 0.52305 0.928191 0.526596 0.929521 0.526596 0.930851 0.528369 0.932181 0.528369 0.933511 0.530142 0.93484 0.530142 0.9375 0.533688 0.93883 0.533688 0.94016 0.535461 0.941489 0.535461 0.944149 0.539007 0.945479 0.539007 0.946809 0.54078 0.948138 0.54078 0.950798 0.544326 0.952128 0.544326 0.953457 0.546099 0.954787 0.546099 0.957447 0.549645 0.958777 0.549645 0.960106 0.551418 0.960106 0.546099 0.961436 0.544326 0.961436 0.539007 0.960106 0.539007 0.958777 0.537234 0.957447 0.537234 0.954787 0.533688 0.953457 0.533688 0.952128 0.531915 0.950798 0.531915 0.949468 0.530142 0.948138 0.530142 0.946809 0.528369 0.945479 0.528369 0.944149 0.526596 0.942819 0.526596 0.94016 0.52305 0.93883 0.52305 0.9375 0.521277 0.93617 0.521277 0.93484 0.519504 0.933511 0.519504 0.932181 0.51773 0.930851 0.51773 0.928191 0.514184 0.926862 0.514184 0.925532 0.512411 0.924202 0.512411 0.922872 0.510638 0.921543 0.510638 0.920213 0.508865 0.918883 0.508865 0.917553 0.507092 0.916223 0.507092 0.913564 0.503546 0.912234 0.503546 0.910904 0.501773 0.909574 0.501773
