0 0.449468 0.937943 0.446809 0.941489 0.446809 0.948582 0.448138 0.946809 0.452128 0.946809 0.453457 0.945035 0.453457 0.943262 0.454787 0.941489 0.453457 0.941489 0.452128 0.939716 0.450798 0.939716
0 0.43617 0.920213 0.43484 0.921986 0.433511 0.921986 0.430851 0.925532 0.429521 0.925532 0.429521 0.932624 0.428191 0.934397 0.428191 0.939716 0.429521 0.937943 0.43484 0.937943 0.43484 0.929078 0.43617 0.927305
0 0.780585 0.85461 0.779255 0.856383 0.777926 0.856383 0.776596 0.858156 0.773936 0.858156 0.772606 0.859929 0.771277 0.859929 0.772606 0.861702 0.772606 0.863475 0.773936 0.865248 0.775266 0.863475 0.777926 0.863475 0.779255 0.861702 0.783245 0.861702 0.781915 0.859929 0.781915 0.858156 0.780585 0.856383
0 0.886968 0.824468 0.882979 0.829787 0.884309 0.83156 0.885638 0.83156 0.888298 0.835106 0.889628 0.835106 0.892287 0.838652 0.892287 0.836879 0.893617 0.835106 0.893617 0.833333 0.894947 0.83156 0.893617 0.83156 0.890957 0.828014 0.889628 0.828014
0 0.761968 0.765957 0.761968 0.769504 0.760638 0.771277 0.760638 0.77305 0.767287 0.77305 0.767287 0.765957
0 0.359043 0.760638 0.357713 0.762411 0.351064 0.762411 0.349734 0.764184 0.343085 0.764184 0.343085 0.765957 0.344415 0.76773 0.344415 0.769504 0.345745 0.771277 0.345745 0.77305 0.347074 0.774823 0.347074 0.776596 0.348404 0.778369 0.348404 0.780142 0.360372 0.780142 0.360372 0.771277 0.359043 0.769504
0 0.881649 0.705674 0.881649 0.707447 0.882979 0.70922 0.882979 0.710993 0.884309 0.712766 0.884309 0.714539 0.885638 0.712766 0.890957 0.712766 0.890957 0.710993 0.892287 0.70922 0.890957 0.707447 0.889628 0.707447 0.888298 0.705674
0 0.619681 0.611702 0.618351 0.613475 0.617021 0.613475 0.614362 0.617021 0.613032 0.617021 0.611702 0.618794 0.610372 0.618794 0.607713 0.62234 0.606383 0.62234 0.606383 0.624113 0.607713 0.625887 0.607713 0.62766 0.609043 0.629433 0.609043 0.631206 0.607713 0.632979 0.605053 0.632979 0.603723 0.634752 0.601064 0.634752 0.599734 0.636525 0.597074 0.636525 0.595745 0.638298 0.595745 0.640071 0.593085 0.643617 0.593085 0.64539 0.591755 0.647163 0.598404 0.647163 0.599734 0.648936 0.601064 0.647163 0.602394 0.647163 0.603723 0.64539 0.605053 0.64539 0.606383 0.643617 0.607713 0.643617 0.609043 0.641844 0.614362 0.641844 0.615691 0.643617 0.617021 0.641844 0.619681 0.641844 0.621011 0.640071 0.625 0.640071 0.62367 0.638298 0.62234 0.638298 0.619681 0.634752 0.621011 0.632979 0.621011 0.631206 0.62367 0.62766 0.62367 0.625887 0.62234 0.624113 0.62234 0.620567 0.621011 0.618794 0.621011 0.615248 0.619681 0.613475
1 0.151596 0.97695 0.148936 0.980496 0.148936 0.98227 0.143617 0.989362 0.143617 0.991135 0.140957 0.994681 0.146277 0.994681 0.150266 0.989362 0.150266 0.987589 0.155585 0.980496 0.154255 0.980496
1 0.679521 0.969858 0.679521 0.971631 0.680851 0.973404 0.680851 0.978723 0.682181 0.980496 0.682181 0.98227 0.696809 0.98227 0.698138 0.984043 0.699468 0.984043 0.700798 0.985816 0.703457 0.985816 0.704787 0.987589 0.704787 0.989362 0.706117 0.991135 0.706117 0.996454 0.707447 0.998227 0.714096 0.998227 0.714096 0.996454 0.712766 0.994681 0.712766 0.987589 0.711436 0.985816 0.711436 0.98227 0.708777 0.978723 0.708777 0.97695 0.706117 0.973404 0.706117 0.97695 0.704787 0.978723 0.704787 0.980496 0.703457 0.98227 0.702128 0.980496 0.699468 0.980496 0.698138 0.978723 0.696809 0.978723 0.695479 0.97695 0.694149 0.97695 0.692819 0.975177 0.69016 0.975177 0.68883 0.973404 0.68484 0.973404 0.683511 0.971631 0.680851 0.971631
1 0.910904 0.952128 0.909574 0.953901 0.908245 0.953901 0.906915 0.955674 0.905585 0.955674 0.898936 0.964539 0.900266 0.964539 0.902926 0.968085 0.904255 0.968085 0.905585 0.969858 0.906915 0.969858 0.909574 0.973404 0.910904 0.973404 0.912234 0.975177 0.912234 0.973404 0.913564 0.971631 0.913564 0.969858 0.914894 0.968085 0.914894 0.964539 0.916223 0.962766 0.916223 0.960993 0.917553 0.95922 0.917553 0.957447 0.918883 0.955674 0.918883 0.953901 0.912234 0.953901
1 0.06516 0.946809 0.06383 0.948582 0.06117 0.948582 0.05984 0.950355 0.057181 0.950355 0.055851 0.952128 0.051862 0.952128 0.050532 0.953901 0.047872 0.953901 0.046543 0.955674 0.043883 0.955674 0.045213 0.955674 0.047872 0.95922 0.049202 0.957447 0.053191 0.957447 0.054521 0.955674 0.058511 0.955674 0.05984 0.953901 0.06383 0.953901 0.06383 0.950355 0.06516 0.948582
1 0.964096 0.91844 0.956117 0.929078 0.956117 0.930851 0.954787 0.932624 0.956117 0.934397 0.957447 0.934397 0.960106 0.937943 0.961436 0.937943 0.964096 0.941489 0.965426 0.939716 0.966755 0.939716 0.969415 0.93617 0.970745 0.93617 0.972074 0.934397 0.973404 0.934397 0.974734 0.932624 0.976064 0.932624 0.978723 0.929078 0.980053 0.929078 0.977394 0.929078 0.976064 0.927305 0.973404 0.927305 0.972074 0.925532 0.970745 0.925532 0.968085 0.921986 0.966755 0.921986
1 0.75133 0.882979 0.75 0.884752 0.744681 0.884752 0.743351 0.886525 0.739362 0.886525 0.738032 0.888298 0.732713 0.888298 0.732713 0.890071 0.731383 0.891844 0.731383 0.893617 0.730053 0.89539 0.731383 0.89539 0.732713 0.897163 0.734043 0.897163 0.735372 0.898936 0.736702 0.897163 0.75133 0.897163
1 0.707447 0.879433 0.706117 0.881206 0.706117 0.882979 0.703457 0.886525 0.703457 0.888298 0.700798 0.891844 0.700798 0.893617 0.698138 0.897163 0.695479 0.897163 0.694149 0.898936 0.69016 0.898936 0.68883 0.900709 0.68617 0.900709 0.6875 0.902482 0.6875 0.904255 0.68883 0.906028 0.68883 0.907801 0.69016 0.909574 0.69016 0.911348 0.691489 0.913121 0.691489 0.914894 0.692819 0.913121 0.696809 0.913121 0.698138 0.911348 0.702128 0.911348 0.703457 0.909574 0.708777 0.909574 0.710106 0.907801 0.714096 0.907801 0.715426 0.906028 0.720745 0.906028 0.722074 0.904255 0.728723 0.904255 0.727394 0.904255 0.724734 0.900709 0.723404 0.900709 0.720745 0.897163 0.719415 0.897163 0.718085 0.89539 0.718085 0.888298 0.719415 0.886525 0.719415 0.881206 0.708777 0.881206
1 0.863032 0.870567 0.869681 0.879433 0.871011 0.879433 0.880319 0.891844 0.878989 0.893617 0.87633 0.893617 0.875 0.89539 0.871011 0.89539 0.869681 0.897163 0.867021 0.897163 0.871011 0.902482 0.87234 0.902482 0.87766 0.909574 0.878989 0.907801 0.884309 0.907801 0.885638 0.906028 0.890957 0.906028 0.890957 0.893617 0.892287 0.891844 0.892287 0.881206 0.878989 0.881206 0.871011 0.870567
1 0.962766 0.867021 0.961436 0.868794 0.957447 0.868794 0.958777 0.870567 0.958777 0.87234 0.961436 0.875887 0.961436 0.87766 0.962766 0.879433 0.962766 0.881206 0.964096 0.882979 0.965426 0.882979 0.966755 0.884752 0.968085 0.884752 0.969415 0.886525 0.972074 0.886525 0.973404 0.888298 0.974734 0.888298 0.976064 0.890071 0.977394 0.890071 0.978723 0.891844 0.980053 0.891844 0.981383 0.893617 0.981383 0.891844 0.982713 0.890071 0.982713 0.888298 0.984043 0.886525 0.981383 0.886525 0.980053 0.884752 0.976064 0.884752 0.974734 0.882979 0.972074 0.882979 0.970745 0.881206 0.968085 0.881206 0.966755 0.879433 0.966755 0.87766 0.965426 0.875887 0.965426 0.874113 0.964096 0.87234 0.964096 0.870567 0.962766 0.868794
1 0.80984 0.861702 0.808511 0.863475 0.807181 0.863475 0.805851 0.865248 0.804521 0.865248 0.803191 0.867021 0.801862 0.867021 0.800532 0.868794 0.797872 0.868794 0.796543 0.870567 0.795213 0.870567 0.793883 0.87234 0.792553 0.87234 0.791223 0.874113 0.789894 0.874113 0.788564 0.875887 0.787234 0.875887 0.785904 0.87766 0.784574 0.87766 0.783245 0.879433 0.780585 0.879433 0.779255 0.881206 0.777926 0.881206 0.777926 0.882979 0.779255 0.884752 0.779255 0.886525 0.780585 0.888298 0.780585 0.890071 0.781915 0.891844 0.781915 0.893617 0.785904 0.893617 0.787234 0.89539 0.789894 0.89539 0.791223 0.897163 0.795213 0.897163 0.796543 0.898936 0.797872 0.897163 0.797872 0.89539 0.801862 0.890071 0.801862 0.888298 0.804521 0.884752 0.801862 0.884752 0.800532 0.882979 0.799202 0.882979 0.797872 0.881206 0.801862 0.875887 0.803191 0.875887 0.808511 0.868794 0.80984 0.868794 0.8125 0.865248
1 0.861702 0.815603 0.861702 0.819149 0.860372 0.820922 0.860372 0.826241 0.859043 0.828014 0.859043 0.833333 0.857713 0.835106 0.857713 0.838652 0.856383 0.840426 0.856383 0.842199 0.855053 0.843972 0.855053 0.845745 0.853723 0.847518 0.853723 0.849291 0.852394 0.851064 0.852394 0.852837 0.851064 0.85461 0.869681 0.85461 0.871011 0.856383 0.871011 0.849291 0.869681 0.847518 0.869681 0.838652 0.87234 0.835106 0.87234 0.833333 0.87633 0.828014 0.875 0.828014 0.87234 0.824468 0.871011 0.824468 0.868351 0.820922 0.867021 0.820922 0.864362 0.817376 0.863032 0.817376
1 0.985372 0.81383 0.980053 0.820922 0.982713 0.824468 0.984043 0.824468 0.989362 0.83156 0.990691 0.83156 0.996011 0.838652 0.99734 0.838652 0.99867 0.840426 0.99867 0.815603 0.993351 0.815603 0.992021 0.81383
1 0.535904 0.810284 0.533245 0.81383 0.531915 0.81383 0.530585 0.815603 0.531915 0.817376 0.531915 0.819149 0.533245 0.820922 0.533245 0.822695 0.535904 0.826241 0.537234 0.826241 0.541223 0.83156 0.541223 0.833333 0.542553 0.835106 0.551862 0.835106 0.553191 0.836879 0.549202 0.83156 0.549202 0.829787 0.539894 0.817376 0.539894 0.815603
1 0.902926 0.801418 0.902926 0.806738 0.904255 0.806738 0.905585 0.808511 0.908245 0.808511 0.909574 0.810284 0.910904 0.810284 0.912234 0.812057 0.914894 0.812057 0.916223 0.81383 0.917553 0.81383 0.918883 0.815603 0.921543 0.815603 0.922872 0.817376 0.924202 0.817376 0.925532 0.819149 0.925532 0.820922 0.924202 0.822695 0.924202 0.824468 0.922872 0.826241 0.924202 0.826241 0.926862 0.829787 0.928191 0.829787 0.930851 0.833333 0.932181 0.833333 0.933511 0.835106 0.933511 0.833333 0.93484 0.83156 0.93484 0.829787 0.93617 0.828014 0.93617 0.826241 0.928191 0.815603 0.926862 0.815603 0.925532 0.81383 0.922872 0.81383 0.921543 0.812057 0.920213 0.812057 0.918883 0.810284 0.916223 0.810284 0.914894 0.808511 0.913564 0.808511 0.912234 0.806738 0.910904 0.806738 0.909574 0.804965 0.906915 0.804965 0.905585 0.803191 0.904255 0.803191
1 0.954787 0.783688 0.953457 0.785461 0.953457 0.787234 0.952128 0.789007 0.952128 0.79078 0.954787 0.79078 0.956117 0.792553 0.960106 0.792553 0.961436 0.794326 0.964096 0.794326 0.965426 0.796099 0.969415 0.796099 0.970745 0.797872 0.973404 0.797872 0.974734 0.799645 0.980053 0.799645 0.981383 0.801418 0.986702 0.801418 0.988032 0.803191 0.993351 0.803191 0.994681 0.801418 0.996011 0.801418 0.99867 0.797872 0.99867 0.792553 0.99734 0.792553 0.996011 0.794326 0.994681 0.794326 0.993351 0.796099 0.990691 0.796099 0.989362 0.797872 0.988032 0.797872 0.986702 0.799645 0.985372 0.797872 0.982713 0.797872 0.981383 0.796099 0.978723 0.796099 0.977394 0.794326 0.976064 0.794326 0.974734 0.792553 0.972074 0.792553 0.970745 0.79078 0.968085 0.79078 0.966755 0.789007 0.964096 0.789007 0.962766 0.787234 0.961436 0.787234 0.960106 0.785461 0.957447 0.785461 0.956117 0.783688
1 0.845745 0.73227 0.835106 0.746454 0.836436 0.746454 0.839096 0.75 0.841755 0.746454 0.843085 0.746454 0.847074 0.741135 0.848404 0.741135 0.849734 0.739362 0.847074 0.735816 0.847074 0.734043
1 0.964096 0.710993 0.961436 0.714539 0.964096 0.714539 0.965426 0.716312 0.966755 0.716312 0.968085 0.718085 0.970745 0.718085 0.972074 0.719858 0.973404 0.719858 0.974734 0.721631 0.976064 0.719858 0.978723 0.719858 0.977394 0.719858 0.976064 0.718085 0.974734 0.718085 0.973404 0.716312 0.970745 0.716312 0.969415 0.714539 0.968085 0.714539 0.966755 0.712766 0.965426 0.712766
1 0.928191 0.689716 0.926862 0.691489 0.905585 0.691489 0.904255 0.693262 0.889628 0.693262 0.889628 0.695035 0.888298 0.696809 0.888298 0.700355 0.886968 0.702128 0.886968 0.703901 0.888298 0.703901 0.889628 0.705674 0.890957 0.705674 0.892287 0.707447 0.900266 0.707447 0.901596 0.70922 0.904255 0.705674 0.905585 0.705674 0.908245 0.702128 0.920213 0.702128 0.924202 0.696809 0.924202 0.695035
1 0.833777 0.609929 0.832447 0.611702 0.832447 0.613475 0.831117 0.615248 0.835106 0.615248 0.836436 0.617021 0.840426 0.617021 0.841755 0.618794 0.845745 0.618794 0.847074 0.620567 0.847074 0.618794 0.848404 0.617021 0.848404 0.615248 0.849734 0.613475 0.843085 0.613475 0.841755 0.611702 0.835106 0.611702
1 0.913564 0.593972 0.913564 0.601064 0.912234 0.602837 0.912234 0.606383 0.910904 0.608156 0.909574 0.606383 0.906915 0.606383 0.905585 0.60461 0.904255 0.60461 0.902926 0.602837 0.901596 0.602837 0.900266 0.601064 0.890957 0.601064 0.889628 0.599291 0.882979 0.608156 0.881649 0.608156 0.87766 0.613475 0.878989 0.615248 0.878989 0.617021 0.881649 0.620567 0.881649 0.62234 0.884309 0.625887 0.882979 0.62766 0.881649 0.62766 0.880319 0.625887 0.878989 0.625887 0.87766 0.624113 0.87633 0.625887 0.867021 0.625887 0.865691 0.62766 0.856383 0.62766 0.857713 0.629433 0.857713 0.631206 0.860372 0.634752 0.860372 0.636525 0.859043 0.638298 0.821809 0.638298 0.820479 0.640071 0.81516 0.640071 0.81383 0.641844 0.807181 0.641844 0.808511 0.641844 0.80984 0.643617 0.81117 0.643617 0.8125 0.64539 0.81383 0.64539 0.816489 0.648936 0.817819 0.648936 0.819149 0.650709 0.820479 0.650709 0.821809 0.652482 0.823138 0.652482 0.824468 0.654255 0.825798 0.652482 0.860372 0.652482 0.861702 0.654255 0.863032 0.652482 0.878989 0.652482 0.880319 0.650709 0.881649 0.650709 0.882979 0.648936 0.885638 0.648936 0.886968 0.647163 0.888298 0.647163 0.889628 0.64539 0.890957 0.64539 0.892287 0.647163 0.892287 0.648936 0.893617 0.650709 0.893617 0.656028 0.892287 0.657801 0.892287 0.659574 0.889628 0.663121 0.898936 0.663121 0.900266 0.661348 0.920213 0.661348 0.921543 0.663121 0.929521 0.663121 0.930851 0.664894 0.9375 0.664894 0.93883 0.666667 0.93883 0.664894 0.94016 0.663121 0.94016 0.657801 0.941489 0.656028 0.941489 0.654255 0.928191 0.654255 0.926862 0.652482 0.918883 0.652482 0.917553 0.650709 0.909574 0.650709 0.908245 0.648936 0.908245 0.638298 0.906915 0.636525 0.906915 0.62766 0.908245 0.625887 0.922872 0.625887 0.924202 0.62766 0.929521 0.62766 0.930851 0.629433 0.9375 0.629433 0.93883 0.631206 0.944149 0.631206 0.945479 0.632979 0.946809 0.631206 0.946809 0.629433 0.948138 0.62766 0.948138 0.625887 0.950798 0.62234 0.950798 0.620567 0.952128 0.618794 0.952128 0.617021 0.953457 0.615248 0.952128 0.613475 0.952128 0.611702 0.950798 0.609929 0.950798 0.608156 0.949468 0.606383 0.949468 0.60461 0.948138 0.602837 0.948138 0.601064 0.946809 0.602837 0.944149 0.602837 0.942819 0.60461 0.94016 0.60461 0.93883 0.606383 0.93617 0.606383 0.93484 0.608156 0.930851 0.608156 0.929521 0.609929 0.926862 0.609929 0.925532 0.611702 0.924202 0.611702 0.922872 0.609929 0.922872 0.608156 0.924202 0.606383 0.924202 0.601064 0.925532 0.599291 0.925532 0.595745 0.914894 0.595745
1 0.182181 0.588652 0.180851 0.590426 0.163564 0.590426 0.162234 0.592199 0.160904 0.592199 0.159574 0.593972 0.156915 0.593972 0.155585 0.595745 0.154255 0.595745 0.152926 0.597518 0.151596 0.597518 0.150266 0.599291 0.147606 0.599291 0.146277 0.601064 0.144947 0.601064 0.144947 0.60461 0.143617 0.606383 0.143617 0.608156 0.151596 0.608156 0.152926 0.609929 0.154255 0.608156 0.155585 0.608156 0.156915 0.606383 0.158245 0.606383 0.159574 0.60461 0.162234 0.60461 0.163564 0.602837 0.164894 0.602837 0.166223 0.601064 0.167553 0.601064 0.168883 0.599291 0.1875 0.599291 0.18883 0.597518 0.18883 0.595745 0.19016 0.593972 0.19016 0.592199 0.191489 0.590426 0.183511 0.590426
1 0.018617 0.569149 0.017287 0.570922 0.013298 0.570922 0.011968 0.572695 0.009309 0.572695 0.007979 0.574468 0.003989 0.574468 0.005319 0.576241 0.005319 0.578014 0.006649 0.579787 0.007979 0.578014 0.055851 0.578014 0.055851 0.576241 0.057181 0.574468 0.057181 0.572695 0.038564 0.572695 0.037234 0.570922 0.019947 0.570922
1 0.243351 0.565603 0.242021 0.567376 0.236702 0.567376 0.235372 0.569149 0.230053 0.569149 0.228723 0.570922 0.222074 0.570922 0.220745 0.572695 0.215426 0.572695 0.214096 0.574468 0.208777 0.574468 0.208777 0.576241 0.207447 0.578014 0.207447 0.579787 0.206117 0.58156 0.206117 0.583333 0.207447 0.585106 0.207447 0.588652 0.208777 0.590426 0.208777 0.592199 0.210106 0.590426 0.212766 0.590426 0.214096 0.588652 0.216755 0.588652 0.218085 0.586879 0.220745 0.586879 0.222074 0.585106 0.224734 0.585106 0.226064 0.583333 0.227394 0.583333 0.228723 0.58156 0.231383 0.58156 0.232713 0.579787 0.235372 0.579787 0.236702 0.578014 0.239362 0.578014 0.240691 0.576241 0.244681 0.576241 0.246011 0.574468 0.24867 0.574468 0.25 0.572695 0.253989 0.572695 0.25266 0.572695 0.25133 0.570922 0.25 0.570922 0.24867 0.569149 0.24734 0.569149 0.246011 0.567376 0.244681 0.567376
1 0.87766 0.560284 0.87633 0.562057 0.87367 0.562057 0.87234 0.56383 0.869681 0.56383 0.868351 0.565603 0.865691 0.565603 0.864362 0.567376 0.861702 0.567376 0.860372 0.569149 0.857713 0.569149 0.856383 0.570922 0.841755 0.570922 0.840426 0.572695 0.836436 0.572695 0.835106 0.574468 0.832447 0.574468 0.831117 0.576241 0.827128 0.576241 0.825798 0.578014 0.821809 0.578014 0.821809 0.579787 0.823138 0.58156 0.823138 0.583333 0.824468 0.585106 0.824468 0.586879 0.825798 0.585106 0.831117 0.585106 0.832447 0.583333 0.836436 0.583333 0.837766 0.58156 0.841755 0.58156 0.843085 0.583333 0.841755 0.585106 0.841755 0.586879 0.840426 0.588652 0.840426 0.590426 0.839096 0.592199 0.839096 0.595745 0.837766 0.597518 0.837766 0.599291 0.836436 0.601064 0.836436 0.602837 0.835106 0.60461 0.836436 0.602837 0.839096 0.602837 0.840426 0.601064 0.843085 0.601064 0.844415 0.599291 0.848404 0.599291 0.851064 0.602837 0.852394 0.602837 0.855053 0.606383 0.857713 0.602837 0.859043 0.602837 0.863032 0.597518 0.864362 0.597518 0.868351 0.592199 0.869681 0.592199 0.871011 0.590426 0.890957 0.590426 0.892287 0.592199 0.893617 0.590426 0.901596 0.590426 0.901596 0.585106 0.902926 0.583333 0.902926 0.579787 0.892287 0.579787 0.890957 0.578014 0.889628 0.579787 0.888298 0.579787 0.886968 0.58156 0.885638 0.58156 0.884309 0.583333 0.882979 0.583333 0.881649 0.585106 0.87766 0.585106 0.87633 0.583333 0.87234 0.583333 0.871011 0.58156 0.868351 0.58156 0.867021 0.579787 0.869681 0.576241 0.871011 0.576241 0.875 0.570922 0.87633 0.570922 0.87766 0.569149
1 0.324468 0.531915 0.323138 0.533688 0.321809 0.533688 0.319149 0.537234 0.317819 0.537234 0.316489 0.539007 0.31516 0.539007 0.3125 0.542553 0.31117 0.542553 0.30984 0.544326 0.308511 0.544326 0.305851 0.547872 0.304521 0.547872 0.304521 0.549645 0.303191 0.551418 0.303191 0.556738 0.301862 0.558511 0.301862 0.560284 0.31383 0.560284 0.31516 0.558511 0.321809 0.558511 0.323138 0.556738 0.339096 0.556738 0.339096 0.553191 0.337766 0.551418 0.337766 0.546099 0.336436 0.544326 0.336436 0.539007 0.335106 0.537234 0.335106 0.533688 0.325798 0.533688
1 0.985372 0.528369 0.984043 0.530142 0.981383 0.530142 0.980053 0.531915 0.978723 0.531915 0.977394 0.533688 0.974734 0.533688 0.976064 0.533688 0.978723 0.537234 0.980053 0.537234 0.981383 0.539007 0.982713 0.537234 0.985372 0.537234 0.986702 0.535461 0.994681 0.535461 0.993351 0.535461 0.992021 0.533688 0.990691 0.533688 0.988032 0.530142 0.986702 0.530142
1 0.912234 0.521277 0.909574 0.524823 0.909574 0.526596 0.906915 0.530142 0.909574 0.530142 0.910904 0.531915 0.912234 0.530142 0.913564 0.530142 0.916223 0.526596 0.917553 0.526596 0.918883 0.524823 0.920213 0.524823 0.917553 0.524823 0.916223 0.52305 0.913564 0.52305
1 0.380319 0.519504 0.37766 0.52305 0.37766 0.524823 0.365691 0.54078 0.368351 0.54078 0.369681 0.542553 0.371011 0.542553 0.37234 0.544326 0.375 0.544326 0.37633 0.546099 0.37766 0.546099 0.378989 0.547872 0.380319 0.546099 0.389628 0.546099 0.390957 0.544326 0.390957 0.542553 0.392287 0.54078 0.392287 0.539007 0.393617 0.537234 0.392287 0.535461 0.390957 0.535461 0.388298 0.531915 0.386968 0.531915 0.382979 0.526596 0.382979 0.524823 0.381649 0.52305 0.381649 0.521277
1 0.960106 0.514184 0.958777 0.515957 0.933511 0.515957 0.93484 0.51773 0.93484 0.519504 0.93617 0.521277 0.9375 0.519504 0.961436 0.519504 0.961436 0.51773 0.960106 0.515957
1 0.976064 0.487589 0.974734 0.489362 0.965426 0.489362 0.964096 0.491135 0.954787 0.491135 0.956117 0.491135 0.957447 0.492908 0.958777 0.492908 0.960106 0.494681 0.961436 0.494681 0.962766 0.496454 0.964096 0.496454 0.965426 0.498227 0.972074 0.498227 0.973404 0.5 0.974734 0.498227 0.976064 0.498227 0.977394 0.496454 0.980053 0.496454 0.981383 0.494681 0.982713 0.494681 0.984043 0.492908 0.986702 0.492908 0.984043 0.492908 0.982713 0.491135 0.981383 0.491135 0.980053 0.489362 0.977394 0.489362
1 0.905585 0.485816 0.905585 0.487589 0.904255 0.489362 0.904255 0.491135 0.902926 0.492908 0.902926 0.494681 0.917553 0.494681 0.918883 0.496454 0.921543 0.492908 0.922872 0.492908 0.924202 0.491135 0.93617 0.491135 0.9375 0.492908 0.9375 0.487589 0.917553 0.487589 0.916223 0.485816
