0 0.524242 0.891129 0.527273 0.895161 0.527273 0.899194 0.533333 0.907258 0.533333 0.91129 0.536364 0.915323 0.536364 0.919355 0.551515 0.919355 0.557576 0.91129 0.557576 0.903226 0.560606 0.899194 0.560606 0.895161 0.527273 0.895161
0 0.624242 0.790323 0.627273 0.794355 0.627273 0.798387 0.630303 0.802419 0.630303 0.806452 0.681818 0.806452 0.681818 0.790323
0 0.460606 0.669355 0.454545 0.677419 0.451515 0.677419 0.448485 0.681452 0.445455 0.681452 0.442424 0.685484 0.439394 0.685484 0.412121 0.721774 0.409091 0.721774 0.40303 0.729839 0.366667 0.729839 0.363636 0.733871 0.363636 0.737903 0.357576 0.745968 0.357576 0.75 0.351515 0.758065 0.351515 0.762097 0.345455 0.770161 0.345455 0.774194 0.339394 0.782258 0.339394 0.78629 0.336364 0.790323 0.342424 0.790323 0.345455 0.794355 0.351515 0.794355 0.354545 0.798387 0.357576 0.798387 0.360606 0.802419 0.366667 0.802419 0.369697 0.806452 0.372727 0.802419 0.375758 0.802419 0.381818 0.794355 0.384848 0.794355 0.390909 0.78629 0.393939 0.78629 0.39697 0.782258 0.4 0.782258 0.406061 0.774194 0.409091 0.774194 0.412121 0.770161 0.415152 0.770161 0.421212 0.762097 0.424242 0.762097 0.430303 0.754032 0.433333 0.754032 0.433333 0.75 0.436364 0.745968 0.436364 0.741935 0.439394 0.737903 0.439394 0.733871 0.442424 0.729839 0.442424 0.725806 0.448485 0.717742 0.457576 0.717742 0.460606 0.71371 0.469697 0.71371 0.472727 0.709677 0.481818 0.709677 0.478788 0.705645 0.478788 0.701613 0.475758 0.697581 0.475758 0.693548 0.472727 0.689516 0.472727 0.685484 0.469697 0.681452 0.469697 0.677419 0.466667 0.677419
0 0.99697 0.616935 0.993939 0.620968 0.987879 0.620968 0.984848 0.625 0.981818 0.625 0.978788 0.629032 0.972727 0.629032 0.969697 0.633065 0.966667 0.633065 0.951515 0.653226 0.951515 0.657258 0.936364 0.677419 0.936364 0.681452 0.933333 0.685484 0.933333 0.689516 0.930303 0.693548 0.930303 0.697581 0.924242 0.705645 0.921212 0.705645 0.909091 0.721774 0.912121 0.721774 0.918182 0.729839 0.921212 0.725806 0.930303 0.725806 0.933333 0.721774 0.945455 0.721774 0.948485 0.717742 0.969697 0.717742 0.972727 0.721774 0.972727 0.725806 0.975758 0.729839 0.975758 0.741935 0.978788 0.745968 0.978788 0.754032 0.99697 0.754032
0 0.206061 0.254032 0.20303 0.258065 0.193939 0.258065 0.187879 0.266129 0.184848 0.266129 0.184848 0.28629 0.206061 0.28629 0.215152 0.274194 0.218182 0.274194 0.221212 0.270161 0.221212 0.266129 0.218182 0.262097 0.218182 0.258065 0.209091 0.258065
1 0.4 0.971774 0.4 0.979839 0.412121 0.995968 0.460606 0.995968 0.460606 0.971774 0.427273 0.971774 0.424242 0.975806 0.40303 0.975806
1 0.581818 0.915323 0.578788 0.919355 0.554545 0.919355 0.551515 0.923387 0.539394 0.923387 0.536364 0.927419 0.533333 0.927419 0.530303 0.931452 0.527273 0.931452 0.521212 0.939516 0.518182 0.939516 0.515152 0.943548 0.518182 0.947581 0.518182 0.951613 0.533333 0.951613 0.536364 0.955645 0.548485 0.955645 0.551515 0.959677 0.557576 0.959677 0.560606 0.96371 0.569697 0.96371 0.572727 0.967742 0.578788 0.959677 0.581818 0.959677 0.581818 0.947581 0.572727 0.935484 0.575758 0.931452 0.575758 0.927419 0.578788 0.923387 0.578788 0.919355
1 0.709091 0.854839 0.709091 0.862903 0.715152 0.862903 0.718182 0.866935 0.724242 0.866935 0.727273 0.870968 0.733333 0.870968 0.736364 0.875 0.742424 0.875 0.745455 0.879032 0.745455 0.870968 0.739394 0.870968 0.736364 0.866935 0.730303 0.866935 0.727273 0.862903 0.721212 0.862903 0.718182 0.858871 0.712121 0.858871
1 0.769697 0.830645 0.766667 0.834677 0.751515 0.834677 0.751515 0.842742 0.748485 0.846774 0.748485 0.854839 0.751515 0.858871 0.751515 0.862903 0.766667 0.862903 0.769697 0.866935 0.781818 0.866935 0.784848 0.870968 0.8 0.870968 0.80303 0.866935 0.806061 0.866935 0.812121 0.858871 0.815152 0.858871 0.815152 0.842742 0.784848 0.842742 0.781818 0.83871 0.778788 0.83871 0.775758 0.834677 0.772727 0.834677
1 0.224242 0.822581 0.221212 0.826613 0.212121 0.826613 0.209091 0.830645 0.20303 0.830645 0.2 0.834677 0.19697 0.834677 0.193939 0.83871 0.187879 0.83871 0.184848 0.842742 0.163636 0.842742 0.160606 0.846774 0.157576 0.846774 0.154545 0.850806 0.148485 0.850806 0.145455 0.854839 0.142424 0.854839 0.139394 0.858871 0.136364 0.858871 0.133333 0.862903 0.130303 0.862903 0.127273 0.866935 0.121212 0.866935 0.118182 0.870968 0.115152 0.870968 0.112121 0.875 0.109091 0.875 0.106061 0.879032 0.10303 0.879032 0.1 0.883065 0.093939 0.883065 0.090909 0.887097 0.087879 0.887097 0.087879 0.895161 0.093939 0.903226 0.093939 0.907258 0.1 0.915323 0.1 0.919355 0.10303 0.923387 0.10303 0.927419 0.124242 0.927419 0.127273 0.931452 0.151515 0.931452 0.154545 0.935484 0.163636 0.935484 0.166667 0.939516 0.169697 0.935484 0.172727 0.935484 0.175758 0.931452 0.178788 0.931452 0.181818 0.927419 0.209091 0.927419 0.212121 0.923387 0.212121 0.919355 0.218182 0.91129 0.212121 0.91129 0.209091 0.907258 0.206061 0.907258 0.20303 0.903226 0.19697 0.903226 0.193939 0.899194 0.193939 0.895161 0.190909 0.891129 0.190909 0.887097 0.187879 0.883065 0.187879 0.879032 0.193939 0.870968 0.19697 0.870968 0.2 0.866935 0.206061 0.866935 0.209091 0.870968 0.212121 0.870968 0.215152 0.875 0.218182 0.870968 0.251515 0.870968 0.254545 0.875 0.275758 0.875 0.278788 0.879032 0.281818 0.879032 0.284848 0.883065 0.287879 0.883065 0.293939 0.891129 0.29697 0.891129 0.3 0.895161 0.309091 0.895161 0.312121 0.899194 0.312121 0.879032 0.315152 0.875 0.318182 0.875 0.324242 0.866935 0.327273 0.866935 0.333333 0.858871 0.336364 0.858871 0.336364 0.830645 0.29697 0.830645 0.293939 0.834677 0.290909 0.830645 0.263636 0.830645 0.260606 0.826613 0.248485 0.826613 0.245455 0.822581
1 0.812121 0.762097 0.809091 0.766129 0.809091 0.770161 0.806061 0.774194 0.766667 0.774194 0.763636 0.770161 0.757576 0.770161 0.754545 0.766129 0.736364 0.766129 0.733333 0.770161 0.733333 0.774194 0.730303 0.778226 0.730303 0.782258 0.727273 0.78629 0.830303 0.78629 0.833333 0.782258 0.833333 0.778226 0.839394 0.770161 0.827273 0.770161 0.824242 0.766129 0.815152 0.766129
1 0.545455 0.701613 0.542424 0.705645 0.542424 0.709677 0.539394 0.71371 0.539394 0.717742 0.536364 0.721774 0.536364 0.725806 0.533333 0.729839 0.536364 0.729839 0.542424 0.737903 0.545455 0.737903 0.548485 0.741935 0.572727 0.741935 0.575758 0.737903 0.615152 0.737903 0.618182 0.741935 0.627273 0.729839 0.630303 0.729839 0.633333 0.725806 0.633333 0.717742 0.636364 0.71371 0.636364 0.709677 0.630303 0.709677 0.627273 0.705645 0.624242 0.709677 0.590909 0.709677 0.587879 0.705645 0.581818 0.705645 0.578788 0.701613
1 0.651515 0.637097 0.648485 0.641129 0.645455 0.641129 0.642424 0.645161 0.60303 0.645161 0.6 0.649194 0.59697 0.645161 0.584848 0.645161 0.581818 0.641129 0.548485 0.641129 0.548485 0.645161 0.551515 0.649194 0.551515 0.657258 0.563636 0.657258 0.566667 0.66129 0.578788 0.66129 0.581818 0.665323 0.627273 0.665323 0.630303 0.669355 0.630303 0.673387 0.633333 0.677419 0.633333 0.681452 0.636364 0.685484 0.636364 0.689516 0.639394 0.693548 0.642424 0.689516 0.663636 0.689516 0.666667 0.685484 0.669697 0.685484 0.675758 0.677419 0.678788 0.677419 0.7 0.649194 0.690909 0.649194 0.687879 0.645161 0.678788 0.645161 0.675758 0.641129 0.654545 0.641129
1 0.993939 0.572581 0.990909 0.576613 0.987879 0.576613 0.984848 0.580645 0.981818 0.580645 0.978788 0.584677 0.975758 0.584677 0.969697 0.592742 0.966667 0.592742 0.963636 0.596774 0.960606 0.596774 0.957576 0.600806 0.954545 0.600806 0.951515 0.604839 0.948485 0.604839 0.945455 0.608871 0.942424 0.608871 0.939394 0.612903 0.936364 0.612903 0.930303 0.620968 0.927273 0.620968 0.921212 0.629032 0.918182 0.629032 0.915152 0.633065 0.912121 0.633065 0.906061 0.641129 0.90303 0.641129 0.90303 0.645161 0.9 0.649194 0.9 0.653226 0.89697 0.657258 0.89697 0.66129 0.893939 0.665323 0.893939 0.669355 0.890909 0.673387 0.890909 0.677419 0.887879 0.681452 0.887879 0.685484 0.884848 0.689516 0.884848 0.693548 0.881818 0.697581 0.881818 0.701613 0.924242 0.701613 0.927273 0.697581 0.927273 0.693548 0.930303 0.689516 0.930303 0.685484 0.933333 0.681452 0.933333 0.677419 0.948485 0.657258 0.948485 0.653226 0.966667 0.629032 0.969697 0.629032 0.972727 0.625 0.978788 0.625 0.981818 0.620968 0.984848 0.620968 0.987879 0.616935 0.993939 0.616935 0.99697 0.612903 0.99697 0.572581
1 0.718182 0.544355 0.712121 0.552419 0.709091 0.552419 0.706061 0.556452 0.709091 0.560484 0.715152 0.560484 0.718182 0.564516 0.721212 0.564516 0.724242 0.568548 0.730303 0.568548 0.733333 0.572581 0.736364 0.572581 0.739394 0.576613 0.745455 0.576613 0.748485 0.580645 0.751515 0.580645 0.754545 0.584677 0.757576 0.584677 0.760606 0.58871 0.766667 0.58871 0.769697 0.592742 0.772727 0.592742 0.775758 0.596774 0.781818 0.596774 0.784848 0.600806 0.787879 0.600806 0.790909 0.604839 0.79697 0.604839 0.8 0.608871 0.80303 0.608871 0.806061 0.612903 0.824242 0.612903 0.827273 0.616935 0.836364 0.604839 0.833333 0.604839 0.830303 0.600806 0.824242 0.600806 0.821212 0.596774 0.818182 0.596774 0.815152 0.592742 0.809091 0.592742 0.806061 0.58871 0.80303 0.58871 0.8 0.584677 0.79697 0.584677 0.793939 0.580645 0.787879 0.580645 0.784848 0.576613 0.781818 0.576613 0.778788 0.572581 0.775758 0.572581 0.772727 0.568548 0.766667 0.568548 0.763636 0.564516 0.760606 0.564516 0.757576 0.560484 0.751515 0.560484 0.748485 0.556452 0.745455 0.556452 0.742424 0.552419 0.739394 0.552419 0.736364 0.548387 0.730303 0.548387 0.727273 0.544355
1 0.851515 0.310484 0.842424 0.322581 0.812121 0.322581 0.809091 0.326613 0.806061 0.326613 0.80303 0.330645 0.8 0.330645 0.8 0.334677 0.79697 0.33871 0.80303 0.346774 0.80303 0.350806 0.809091 0.358871 0.812121 0.354839 0.821212 0.354839 0.824242 0.350806 0.836364 0.350806 0.839394 0.346774 0.848485 0.346774 0.851515 0.342742 0.869697 0.342742 0.872727 0.33871 0.893939 0.33871 0.89697 0.334677 0.909091 0.334677 0.912121 0.330645 0.915152 0.330645 0.921212 0.322581 0.915152 0.322581 0.912121 0.318548 0.909091 0.318548 0.906061 0.314516 0.869697 0.314516 0.866667 0.310484
1 0.281818 0.229839 0.278788 0.233871 0.269697 0.233871 0.266667 0.237903 0.257576 0.237903 0.254545 0.241935 0.248485 0.241935 0.245455 0.245968 0.242424 0.245968 0.239394 0.25 0.233333 0.25 0.230303 0.254032 0.227273 0.254032 0.224242 0.258065 0.221212 0.258065 0.221212 0.262097 0.224242 0.266129 0.224242 0.270161 0.218182 0.278226 0.215152 0.278226 0.206061 0.290323 0.172727 0.290323 0.169697 0.294355 0.160606 0.294355 0.157576 0.298387 0.151515 0.298387 0.148485 0.302419 0.139394 0.302419 0.136364 0.306452 0.127273 0.306452 0.124242 0.310484 0.118182 0.310484 0.115152 0.314516 0.106061 0.314516 0.090909 0.334677 0.090909 0.33871 0.075758 0.358871 0.075758 0.366935 0.072727 0.370968 0.072727 0.387097 0.069697 0.391129 0.069697 0.407258 0.066667 0.41129 0.066667 0.427419 0.063636 0.431452 0.063636 0.479839 0.066667 0.479839 0.069697 0.483871 0.072727 0.483871 0.075758 0.487903 0.078788 0.487903 0.081818 0.491935 0.084848 0.487903 0.148485 0.487903 0.151515 0.483871 0.172727 0.483871 0.175758 0.479839 0.2 0.479839 0.20303 0.475806 0.20303 0.471774 0.206061 0.467742 0.206061 0.459677 0.209091 0.455645 0.209091 0.451613 0.212121 0.447581 0.215152 0.451613 0.221212 0.451613 0.224242 0.455645 0.227273 0.455645 0.230303 0.459677 0.233333 0.455645 0.239394 0.455645 0.242424 0.451613 0.269697 0.451613 0.272727 0.455645 0.275758 0.455645 0.281818 0.46371 0.281818 0.467742 0.284848 0.471774 0.284848 0.475806 0.290909 0.475806 0.293939 0.479839 0.29697 0.479839 0.3 0.483871 0.306061 0.483871 0.309091 0.487903 0.315152 0.487903 0.318182 0.491935 0.321212 0.491935 0.324242 0.495968 0.327273 0.491935 0.336364 0.491935 0.339394 0.487903 0.345455 0.487903 0.348485 0.483871 0.357576 0.483871 0.360606 0.479839 0.360606 0.475806 0.363636 0.471774 0.40303 0.471774 0.406061 0.475806 0.409091 0.471774 0.424242 0.471774 0.430303 0.46371 0.433333 0.46371 0.439394 0.455645 0.463636 0.455645 0.466667 0.459677 0.469697 0.459677 0.472727 0.46371 0.478788 0.46371 0.481818 0.467742 0.490909 0.467742 0.487879 0.46371 0.487879 0.455645 0.490909 0.451613 0.5 0.451613 0.50303 0.447581 0.515152 0.447581 0.518182 0.443548 0.527273 0.443548 0.530303 0.439516 0.539394 0.439516 0.542424 0.435484 0.548485 0.435484 0.551515 0.431452 0.560606 0.431452 0.563636 0.427419 0.572727 0.427419 0.572727 0.423387 0.569697 0.419355 0.569697 0.407258 0.572727 0.403226 0.572727 0.395161 0.575758 0.391129 0.575758 0.387097 0.560606 0.387097 0.551515 0.375 0.551515 0.370968 0.545455 0.362903 0.527273 0.387097 0.439394 0.387097 0.436364 0.391129 0.430303 0.391129 0.427273 0.395161 0.424242 0.395161 0.421212 0.399194 0.415152 0.399194 0.412121 0.403226 0.412121 0.407258 0.406061 0.415323 0.40303 0.415323 0.4 0.41129 0.393939 0.41129 0.390909 0.407258 0.387879 0.407258 0.384848 0.403226 0.381818 0.403226 0.378788 0.399194 0.375758 0.403226 0.372727 0.403226 0.369697 0.407258 0.366667 0.407258 0.363636 0.41129 0.360606 0.41129 0.351515 0.423387 0.345455 0.423387 0.342424 0.419355 0.342424 0.415323 0.339394 0.41129 0.339394 0.407258 0.336364 0.403226 0.336364 0.399194 0.333333 0.403226 0.330303 0.403226 0.327273 0.407258 0.324242 0.407258 0.318182 0.415323 0.315152 0.415323 0.312121 0.419355 0.309091 0.419355 0.306061 0.415323 0.306061 0.41129 0.30303 0.407258 0.272727 0.407258 0.269697 0.403226 0.251515 0.403226 0.248485 0.399194 0.224242 0.399194 0.221212 0.395161 0.215152 0.395161 0.212121 0.391129 0.206061 0.391129 0.20303 0.387097 0.2 0.387097 0.19697 0.383065 0.190909 0.383065 0.187879 0.379032 0.187879 0.375 0.190909 0.370968 0.190909 0.366935 0.193939 0.362903 0.193939 0.354839 0.19697 0.350806 0.19697 0.346774 0.2 0.342742 0.2 0.334677 0.20303 0.330645 0.20303 0.326613 0.212121 0.314516 0.215152 0.314516 0.221212 0.306452 0.224242 0.306452 0.230303 0.298387 0.233333 0.298387 0.236364 0.294355 0.275758 0.294355 0.278788 0.298387 0.287879 0.298387 0.290909 0.302419 0.290909 0.306452 0.287879 0.310484 0.287879 0.314516 0.284848 0.318548 0.284848 0.322581 0.287879 0.322581 0.293939 0.330645 0.306061 0.314516 0.309091 0.314516 0.312121 0.310484 0.315152 0.310484 0.318182 0.306452 0.321212 0.306452 0.324242 0.302419 0.327273 0.302419 0.339394 0.28629 0.327273 0.270161 0.327273 0.266129 0.318182 0.254032 0.315152 0.254032 0.312121 0.25 0.309091 0.25 0.30303 0.241935 0.3 0.241935 0.29697 0.237903 0.293939 0.237903 0.290909 0.233871 0.284848 0.233871
1 0.536364 0.197581 0.533333 0.201613 0.487879 0.201613 0.484848 0.205645 0.481818 0.205645 0.478788 0.209677 0.475758 0.209677 0.478788 0.21371 0.478788 0.217742 0.481818 0.221774 0.481818 0.225806 0.484848 0.229839 0.484848 0.233871 0.487879 0.237903 0.481818 0.245968 0.478788 0.245968 0.472727 0.254032 0.466667 0.254032 0.463636 0.25 0.457576 0.25 0.454545 0.245968 0.451515 0.245968 0.448485 0.241935 0.445455 0.245968 0.418182 0.245968 0.415152 0.25 0.412121 0.25 0.409091 0.254032 0.40303 0.254032 0.418182 0.274194 0.415152 0.278226 0.412121 0.278226 0.409091 0.282258 0.406061 0.282258 0.40303 0.28629 0.4 0.28629 0.39697 0.290323 0.393939 0.290323 0.390909 0.294355 0.384848 0.294355 0.378788 0.28629 0.375758 0.28629 0.369697 0.278226 0.366667 0.282258 0.357576 0.282258 0.357576 0.28629 0.360606 0.290323 0.360606 0.302419 0.363636 0.306452 0.363636 0.314516 0.372727 0.314516 0.375758 0.318548 0.384848 0.318548 0.387879 0.322581 0.390909 0.318548 0.415152 0.318548 0.418182 0.314516 0.442424 0.314516 0.445455 0.310484 0.469697 0.310484 0.478788 0.298387 0.481818 0.298387 0.484848 0.294355 0.512121 0.294355 0.515152 0.290323 0.521212 0.290323 0.524242 0.28629 0.533333 0.28629 0.536364 0.290323 0.536364 0.294355 0.539394 0.298387 0.539394 0.302419 0.542424 0.306452 0.542424 0.334677 0.554545 0.350806 0.554545 0.346774 0.557576 0.342742 0.557576 0.33871 0.560606 0.334677 0.560606 0.330645 0.563636 0.326613 0.563636 0.318548 0.566667 0.314516 0.566667 0.310484 0.563636 0.306452 0.563636 0.302419 0.560606 0.298387 0.560606 0.294355 0.557576 0.290323 0.560606 0.28629 0.560606 0.282258 0.563636 0.278226 0.560606 0.274194 0.560606 0.270161 0.557576 0.266129 0.557576 0.262097 0.560606 0.258065 0.563636 0.258065 0.566667 0.254032 0.569697 0.254032 0.572727 0.25 0.578788 0.25 0.581818 0.254032 0.584848 0.254032 0.587879 0.258065 0.590909 0.258065 0.593939 0.262097 0.587879 0.270161 0.587879 0.274194 0.581818 0.282258 0.587879 0.290323 0.593939 0.282258 0.59697 0.282258 0.6 0.278226 0.6 0.274194 0.60303 0.270161 0.60303 0.266129 0.606061 0.262097 0.606061 0.254032 0.60303 0.25 0.60303 0.245968 0.6 0.241935 0.6 0.233871 0.59697 0.229839 0.59697 0.225806 0.587879 0.21371 0.581818 0.21371 0.578788 0.209677 0.566667 0.209677 0.563636 0.205645 0.554545 0.205645 0.551515 0.201613 0.539394 0.201613
