0 0.374159 0.867145 0.372813 0.868941 0.371467 0.868941 0.370121 0.870736 0.367429 0.870736 0.366083 0.872531 0.364738 0.872531 0.364738 0.874327 0.363392 0.876122 0.363392 0.877917 0.362046 0.879713 0.362046 0.881508 0.3607 0.883303 0.356662 0.883303 0.355316 0.885099 0.351279 0.885099 0.349933 0.886894 0.344549 0.886894 0.343203 0.888689 0.339166 0.888689 0.339166 0.890485 0.33782 0.89228 0.33782 0.894075 0.336474 0.895871 0.336474 0.897666 0.3607 0.897666 0.362046 0.895871 0.366083 0.895871 0.367429 0.897666 0.370121 0.897666 0.371467 0.899461 0.372813 0.897666 0.380888 0.897666 0.382234 0.895871 0.39031 0.895871 0.39031 0.894075 0.391655 0.89228 0.391655 0.890485 0.393001 0.888689 0.393001 0.885099 0.394347 0.883303 0.394347 0.881508 0.395693 0.879713 0.395693 0.877917 0.393001 0.877917 0.391655 0.876122 0.39031 0.876122 0.388964 0.874327 0.386272 0.874327 0.384926 0.872531 0.382234 0.872531 0.380888 0.870736 0.379542 0.870736 0.378197 0.868941 0.375505 0.868941
0 0.253028 0.852783 0.251682 0.854578 0.248991 0.854578 0.247645 0.856373 0.243607 0.856373 0.244953 0.858169 0.244953 0.859964 0.246299 0.861759 0.246299 0.863555 0.247645 0.863555 0.248991 0.86535 0.250336 0.86535 0.251682 0.867145 0.253028 0.86535 0.25572 0.86535 0.25572 0.858169 0.254374 0.856373 0.254374 0.854578
0 0.427995 0.843806 0.422611 0.850987 0.422611 0.852783 0.421265 0.854578 0.421265 0.856373 0.419919 0.858169 0.419919 0.859964 0.421265 0.861759 0.421265 0.863555 0.422611 0.86535 0.422611 0.867145 0.427995 0.867145 0.429341 0.868941 0.430686 0.867145 0.434724 0.867145 0.43607 0.86535 0.440108 0.86535 0.441454 0.863555 0.446837 0.863555 0.448183 0.861759 0.452221 0.861759 0.452221 0.856373 0.453567 0.854578 0.453567 0.852783 0.452221 0.850987 0.450875 0.850987 0.446837 0.845601 0.429341 0.845601
0 0.462988 0.833034 0.461642 0.834829 0.453567 0.834829 0.453567 0.843806 0.456258 0.847397 0.456258 0.849192 0.457604 0.850987 0.45895 0.849192 0.472409 0.849192 0.472409 0.843806 0.471063 0.842011 0.471063 0.836625 0.468371 0.836625 0.467026 0.834829 0.464334 0.834829
0 0.250336 0.743268 0.250336 0.75763 0.267833 0.75763 0.269179 0.759425 0.269179 0.754039 0.261104 0.743268
0 0.464334 0.737882 0.454913 0.750449 0.454913 0.752244 0.449529 0.759425 0.450875 0.761221 0.450875 0.763016 0.452221 0.764811 0.453567 0.763016 0.456258 0.763016 0.457604 0.761221 0.461642 0.761221 0.462988 0.759425 0.464334 0.759425 0.46568 0.75763 0.468371 0.75763 0.469717 0.755835 0.471063 0.755835 0.472409 0.754039 0.475101 0.754039 0.475101 0.743268 0.472409 0.743268 0.471063 0.741472 0.469717 0.741472 0.468371 0.739677 0.46568 0.739677
0 0.174966 0.644524 0.17362 0.64632 0.160162 0.64632 0.160162 0.658887 0.161507 0.660682 0.162853 0.660682 0.165545 0.664273 0.166891 0.662478 0.174966 0.662478 0.176312 0.660682 0.177658 0.660682 0.18035 0.657092 0.181696 0.657092 0.183042 0.655296 0.184388 0.655296 0.18035 0.64991 0.179004 0.64991
0 0.769852 0.615799 0.763122 0.624776 0.763122 0.628366 0.760431 0.631957 0.759085 0.631957 0.757739 0.630162 0.756393 0.630162 0.755047 0.628366 0.752355 0.628366 0.751009 0.626571 0.751009 0.628366 0.749664 0.630162 0.749664 0.631957 0.748318 0.633752 0.748318 0.635548 0.746972 0.637343 0.746972 0.639138 0.745626 0.640934 0.74428 0.640934 0.742934 0.642729 0.740242 0.642729 0.741588 0.644524 0.742934 0.644524 0.745626 0.648115 0.746972 0.648115 0.753701 0.657092 0.755047 0.655296 0.765814 0.655296 0.76716 0.657092 0.768506 0.657092 0.771198 0.660682 0.779273 0.660682 0.780619 0.658887 0.780619 0.657092 0.781965 0.655296 0.781965 0.653501 0.784657 0.64991 0.784657 0.648115 0.786003 0.64632 0.786003 0.642729 0.784657 0.640934 0.784657 0.633752 0.783311 0.631957 0.783311 0.628366 0.781965 0.626571 0.780619 0.626571 0.777927 0.62298 0.776581 0.62298 0.77389 0.61939 0.772544 0.61939
0 0.46568 0.594255 0.464334 0.59605 0.462988 0.59605 0.461642 0.597846 0.460296 0.597846 0.45895 0.599641 0.457604 0.599641 0.456258 0.601436 0.454913 0.601436 0.453567 0.603232 0.452221 0.603232 0.450875 0.605027 0.448183 0.605027 0.446837 0.606822 0.446837 0.608618 0.445491 0.610413 0.445491 0.612208 0.442799 0.615799 0.433378 0.615799 0.432032 0.617594 0.430686 0.617594 0.429341 0.61939 0.426649 0.61939 0.425303 0.621185 0.421265 0.621185 0.419919 0.61939 0.418573 0.61939 0.417227 0.617594 0.414536 0.617594 0.41319 0.615799 0.40646 0.615799 0.40646 0.621185 0.409152 0.624776 0.409152 0.626571 0.410498 0.628366 0.419919 0.628366 0.421265 0.630162 0.422611 0.628366 0.426649 0.628366 0.427995 0.626571 0.430686 0.626571 0.432032 0.624776 0.43607 0.624776 0.437416 0.62298 0.438762 0.62298 0.441454 0.61939 0.442799 0.61939 0.444145 0.617594 0.461642 0.617594 0.462988 0.61939 0.472409 0.61939 0.473755 0.621185 0.475101 0.61939 0.477793 0.61939 0.479139 0.617594 0.48183 0.617594 0.483176 0.615799 0.485868 0.615799 0.485868 0.614004 0.487214 0.612208 0.487214 0.610413 0.485868 0.608618 0.484522 0.608618 0.48183 0.605027 0.480485 0.605027 0.477793 0.601436 0.476447 0.601436 0.475101 0.599641 0.472409 0.599641 0.471063 0.597846 0.469717 0.597846 0.468371 0.59605 0.467026 0.59605
0 0.686406 0.579892 0.686406 0.583483 0.687752 0.585278 0.687752 0.588869 0.699865 0.588869 0.699865 0.585278 0.695828 0.579892
0 0.874832 0.561939 0.874832 0.56553 0.876178 0.567325 0.876178 0.579892 0.881561 0.587074 0.892328 0.587074 0.893674 0.588869 0.893674 0.581688 0.892328 0.579892 0.892328 0.561939
0 0.283984 0.560144 0.283984 0.56553 0.28533 0.567325 0.28533 0.56912 0.286676 0.570916 0.286676 0.572711 0.294751 0.572711 0.297443 0.56912 0.298789 0.56912 0.296097 0.56553 0.296097 0.563734 0.294751 0.561939 0.28533 0.561939
0 0.570659 0.556553 0.570659 0.558348 0.569314 0.560144 0.569314 0.561939 0.567968 0.563734 0.567968 0.56912 0.569314 0.570916 0.569314 0.574506 0.567968 0.576302 0.565276 0.576302 0.562584 0.579892 0.562584 0.581688 0.561238 0.583483 0.562584 0.583483 0.565276 0.587074 0.566622 0.587074 0.567968 0.588869 0.569314 0.588869 0.572005 0.59246 0.573351 0.59246 0.576043 0.59605 0.577389 0.594255 0.581427 0.599641 0.58681 0.599641 0.588156 0.597846 0.588156 0.59605 0.58681 0.594255 0.58681 0.59246 0.585464 0.590664 0.585464 0.588869 0.584118 0.587074 0.584118 0.585278 0.585464 0.583483 0.596231 0.583483 0.596231 0.572711 0.594886 0.572711 0.590848 0.567325 0.589502 0.567325 0.58681 0.563734 0.585464 0.563734 0.582773 0.560144 0.580081 0.560144 0.578735 0.558348 0.576043 0.558348 0.574697 0.556553
0 0.835801 0.543986 0.834455 0.545781 0.833109 0.545781 0.830417 0.549372 0.829071 0.549372 0.827725 0.551167 0.82638 0.551167 0.825034 0.552962 0.825034 0.554758 0.823688 0.556553 0.823688 0.558348 0.820996 0.561939 0.820996 0.563734 0.818304 0.567325 0.811575 0.567325 0.810229 0.56553 0.810229 0.563734 0.807537 0.560144 0.807537 0.558348 0.804845 0.554758 0.804845 0.552962 0.802153 0.549372 0.802153 0.547576 0.800808 0.545781 0.800808 0.549372 0.799462 0.551167 0.799462 0.556553 0.798116 0.558348 0.798116 0.563734 0.799462 0.56553 0.799462 0.570916 0.800808 0.572711 0.800808 0.583483 0.802153 0.585278 0.802153 0.599641 0.800808 0.601436 0.800808 0.614004 0.799462 0.615799 0.799462 0.621185 0.800808 0.62298 0.800808 0.624776 0.802153 0.626571 0.802153 0.628366 0.804845 0.631957 0.804845 0.633752 0.807537 0.637343 0.807537 0.639138 0.808883 0.640934 0.808883 0.642729 0.811575 0.64632 0.811575 0.648115 0.812921 0.64991 0.812921 0.651706 0.814266 0.653501 0.816958 0.653501 0.818304 0.655296 0.820996 0.655296 0.822342 0.657092 0.825034 0.657092 0.82638 0.658887 0.827725 0.658887 0.829071 0.660682 0.831763 0.660682 0.833109 0.662478 0.835801 0.662478 0.837147 0.664273 0.839838 0.664273 0.841184 0.666068 0.84253 0.664273 0.84253 0.662478 0.843876 0.660682 0.843876 0.658887 0.846568 0.655296 0.846568 0.653501 0.847914 0.651706 0.847914 0.64991 0.84926 0.648115 0.84926 0.64632 0.851952 0.642729 0.851952 0.640934 0.853297 0.639138 0.853297 0.637343 0.854643 0.635548 0.854643 0.631957 0.855989 0.630162 0.855989 0.624776 0.857335 0.62298 0.857335 0.617594 0.858681 0.615799 0.858681 0.610413 0.860027 0.608618 0.860027 0.603232 0.861373 0.601436 0.861373 0.594255 0.862719 0.59246 0.862719 0.588869 0.861373 0.587074 0.861373 0.585278 0.860027 0.583483 0.860027 0.581688 0.858681 0.579892 0.858681 0.578097 0.857335 0.576302 0.857335 0.574506 0.855989 0.572711 0.855989 0.570916 0.854643 0.56912 0.854643 0.567325 0.846568 0.556553 0.845222 0.556553
0 0.810229 0.520646 0.808883 0.522442 0.807537 0.522442 0.806191 0.524237 0.804845 0.524237 0.804845 0.526032 0.806191 0.527828 0.806191 0.531418 0.807537 0.533214 0.807537 0.535009 0.815612 0.535009 0.816958 0.536804 0.820996 0.531418 0.820996 0.529623 0.82638 0.522442 0.818304 0.522442 0.816958 0.520646
0 0.394347 0.409336 0.393001 0.411131 0.391655 0.411131 0.39031 0.412926 0.388964 0.412926 0.387618 0.414722 0.387618 0.416517 0.386272 0.418312 0.386272 0.420108 0.388964 0.423698 0.388964 0.425494 0.391655 0.429084 0.393001 0.427289 0.393001 0.425494 0.395693 0.421903 0.399731 0.427289 0.401077 0.427289 0.403769 0.43088 0.405114 0.43088 0.40646 0.429084 0.40646 0.427289 0.410498 0.421903 0.410498 0.416517 0.403769 0.416517 0.402423 0.414722 0.401077 0.414722 0.399731 0.412926 0.398385 0.412926 0.397039 0.411131 0.395693 0.411131
0 0.335128 0.373429 0.333782 0.375224 0.332436 0.375224 0.33109 0.37702 0.328398 0.37702 0.327052 0.378815 0.325707 0.378815 0.323015 0.382406 0.321669 0.382406 0.323015 0.384201 0.323015 0.385996 0.327052 0.391382 0.327052 0.393178 0.328398 0.394973 0.328398 0.396768 0.329744 0.394973 0.332436 0.394973 0.333782 0.393178 0.33782 0.393178 0.339166 0.391382 0.341857 0.391382 0.348587 0.382406 0.345895 0.378815 0.345895 0.37702 0.343203 0.373429
0 0.185734 0.310592 0.184388 0.312388 0.183042 0.312388 0.181696 0.314183 0.18035 0.314183 0.179004 0.315978 0.177658 0.315978 0.176312 0.317774 0.174966 0.317774 0.174966 0.32316 0.17362 0.324955 0.17362 0.330341 0.174966 0.328546 0.193809 0.328546 0.195155 0.330341 0.197847 0.330341 0.199192 0.332136 0.200538 0.330341 0.212651 0.330341 0.215343 0.333932 0.216689 0.333932 0.218035 0.335727 0.223419 0.335727 0.223419 0.333932 0.224764 0.332136 0.224764 0.330341 0.22611 0.328546 0.22611 0.32316 0.224764 0.321364 0.224764 0.317774 0.201884 0.317774 0.200538 0.315978 0.195155 0.315978 0.193809 0.314183 0.191117 0.314183 0.189771 0.312388 0.187079 0.312388
1 0.131898 0.917415 0.131898 0.924596 0.133244 0.926391 0.133244 0.935368 0.129206 0.940754 0.12786 0.940754 0.125168 0.944345 0.126514 0.94614 0.126514 0.947935 0.129206 0.951526 0.129206 0.953321 0.131898 0.956912 0.131898 0.958707 0.138627 0.967684 0.138627 0.969479 0.144011 0.976661 0.146703 0.976661 0.148048 0.978456 0.149394 0.978456 0.15074 0.980251 0.153432 0.980251 0.154778 0.982047 0.156124 0.982047 0.15747 0.983842 0.158816 0.982047 0.162853 0.982047 0.162853 0.978456 0.164199 0.976661 0.164199 0.97307 0.161507 0.969479 0.160162 0.969479 0.158816 0.967684 0.156124 0.967684 0.154778 0.965889 0.153432 0.965889 0.152086 0.964093 0.15074 0.964093 0.148048 0.960503 0.148048 0.958707 0.146703 0.956912 0.146703 0.955117 0.145357 0.953321 0.145357 0.951526 0.144011 0.949731 0.144011 0.947935 0.142665 0.94614 0.142665 0.944345 0.141319 0.942549 0.141319 0.940754 0.139973 0.938959 0.139973 0.937163 0.138627 0.935368 0.138627 0.929982 0.137281 0.928187 0.137281 0.922801 0.135935 0.921005 0.135935 0.917415
1 0.18035 0.854578 0.179004 0.856373 0.177658 0.856373 0.176312 0.858169 0.174966 0.858169 0.17362 0.859964 0.172275 0.859964 0.170929 0.861759 0.168237 0.861759 0.166891 0.863555 0.162853 0.863555 0.161507 0.86535 0.158816 0.86535 0.15747 0.867145 0.153432 0.867145 0.152086 0.868941 0.145357 0.868941 0.144011 0.870736 0.135935 0.870736 0.135935 0.872531 0.13459 0.874327 0.13459 0.876122 0.135935 0.874327 0.145357 0.874327 0.146703 0.872531 0.156124 0.872531 0.15747 0.870736 0.158816 0.870736 0.160162 0.868941 0.162853 0.868941 0.164199 0.867145 0.165545 0.867145 0.166891 0.86535 0.169583 0.86535 0.170929 0.863555 0.172275 0.863555 0.17362 0.861759 0.176312 0.861759 0.177658 0.859964 0.179004 0.859964 0.179004 0.858169 0.18035 0.856373
1 0.094213 0.718133 0.092867 0.719928 0.090175 0.719928 0.088829 0.721724 0.088829 0.723519 0.084791 0.728905 0.083445 0.728905 0.0821 0.7307 0.080754 0.7307 0.078062 0.734291 0.076716 0.734291 0.07537 0.736086 0.07537 0.737882 0.076716 0.739677 0.076716 0.745063 0.078062 0.746858 0.078062 0.750449 0.079408 0.752244 0.079408 0.754039 0.080754 0.755835 0.0821 0.755835 0.083445 0.75763 0.083445 0.748654 0.084791 0.746858 0.096904 0.746858 0.09825 0.745063 0.099596 0.745063 0.100942 0.743268 0.103634 0.743268 0.10498 0.741472 0.106326 0.741472 0.107672 0.739677 0.117093 0.739677 0.118439 0.741472 0.119785 0.741472 0.121131 0.743268 0.123822 0.743268 0.125168 0.745063 0.130552 0.745063 0.131898 0.746858 0.137281 0.746858 0.138627 0.748654 0.138627 0.743268 0.137281 0.743268 0.13459 0.739677 0.133244 0.739677 0.130552 0.736086 0.129206 0.736086 0.126514 0.732496 0.126514 0.7307 0.125168 0.728905 0.10498 0.728905 0.102288 0.725314 0.100942 0.725314 0.09825 0.721724 0.095559 0.725314 0.094213 0.723519
1 0.021534 0.678636 0.021534 0.680431 0.020188 0.682226 0.020188 0.684022 0.018843 0.685817 0.018843 0.687612 0.017497 0.689408 0.017497 0.691203 0.016151 0.692998 0.016151 0.694794 0.014805 0.696589 0.014805 0.698384 0.013459 0.70018 0.013459 0.701975 0.012113 0.70377 0.012113 0.705566 0.010767 0.707361 0.010767 0.709156 0.008075 0.712747 0.008075 0.714542 0.005384 0.718133 0.005384 0.719928 0.001346 0.725314 0.001346 0.72711 0.0 0.728905 0.0 0.739677 0.001346 0.737882 0.001346 0.736086 0.004038 0.732496 0.004038 0.7307 0.006729 0.72711 0.006729 0.725314 0.009421 0.721724 0.009421 0.719928 0.012113 0.716338 0.012113 0.714542 0.014805 0.710952 0.014805 0.709156 0.016151 0.707361 0.016151 0.705566 0.017497 0.70377 0.017497 0.701975 0.020188 0.698384 0.020188 0.696589 0.021534 0.694794 0.021534 0.692998 0.02288 0.691203 0.02288 0.689408 0.024226 0.687612 0.024226 0.685817 0.025572 0.684022 0.025572 0.682226 0.026918 0.680431 0.02288 0.680431
1 0.916555 0.558348 0.916555 0.578097 0.921938 0.578097 0.923284 0.579892 0.928668 0.579892 0.930013 0.581688 0.934051 0.581688 0.935397 0.583483 0.940781 0.583483 0.942127 0.585278 0.94751 0.585278 0.948856 0.587074 0.948856 0.588869 0.950202 0.590664 0.948856 0.59246 0.932705 0.59246 0.934051 0.59246 0.936743 0.59605 0.938089 0.59605 0.939435 0.597846 0.943472 0.597846 0.944818 0.599641 0.948856 0.599641 0.950202 0.601436 0.95424 0.601436 0.955585 0.603232 0.967699 0.603232 0.969044 0.605027 0.971736 0.605027 0.975774 0.610413 0.975774 0.612208 0.978466 0.615799 0.998654 0.615799 0.998654 0.599641 0.994616 0.599641 0.993271 0.597846 0.989233 0.597846 0.987887 0.59605 0.982503 0.59605 0.981157 0.594255 0.97712 0.594255 0.975774 0.59246 0.963661 0.59246 0.960969 0.588869 0.960969 0.587074 0.956931 0.581688 0.956931 0.579892 0.95424 0.576302 0.946164 0.576302 0.944818 0.574506 0.938089 0.574506 0.936743 0.572711 0.935397 0.572711 0.934051 0.570916 0.932705 0.570916 0.931359 0.56912 0.930013 0.56912 0.928668 0.567325 0.927322 0.567325 0.92463 0.563734 0.923284 0.563734 0.921938 0.561939 0.920592 0.561939 0.919246 0.560144 0.9179 0.560144
1 0.934051 0.533214 0.934051 0.536804 0.932705 0.5386 0.931359 0.536804 0.930013 0.536804 0.928668 0.535009 0.927322 0.535009 0.931359 0.540395 0.932705 0.540395 0.935397 0.543986 0.935397 0.545781 0.934051 0.547576 0.938089 0.547576 0.939435 0.549372 0.944818 0.549372 0.946164 0.551167 0.950202 0.551167 0.951548 0.552962 0.952894 0.551167 0.960969 0.551167 0.963661 0.547576 0.965007 0.547576 0.965007 0.545781 0.960969 0.545781 0.959623 0.543986 0.955585 0.543986 0.95424 0.54219 0.950202 0.54219 0.948856 0.540395 0.944818 0.540395 0.942127 0.536804 0.942127 0.535009 0.940781 0.533214
1 0.051144 0.432675 0.049798 0.43447 0.049798 0.436266 0.047106 0.439856 0.047106 0.445242 0.04576 0.447038 0.04576 0.452424 0.044415 0.454219 0.044415 0.459605 0.043069 0.4614 0.043069 0.464991 0.041723 0.466786 0.041723 0.468582 0.036339 0.475763 0.034993 0.475763 0.032301 0.479354 0.032301 0.481149 0.030956 0.482944 0.030956 0.486535 0.02961 0.48833 0.02961 0.490126 0.034993 0.497307 0.036339 0.495512 0.044415 0.495512 0.04576 0.493716 0.055182 0.493716 0.056528 0.491921 0.059219 0.491921 0.060565 0.490126 0.063257 0.490126 0.069987 0.481149 0.071332 0.481149 0.074024 0.477558 0.07537 0.477558 0.076716 0.475763 0.078062 0.475763 0.079408 0.473968 0.079408 0.472172 0.0821 0.468582 0.095559 0.468582 0.099596 0.463196 0.100942 0.463196 0.102288 0.4614 0.099596 0.45781 0.099596 0.456014 0.095559 0.450628 0.095559 0.448833 0.092867 0.445242 0.090175 0.445242 0.088829 0.443447 0.086137 0.443447 0.084791 0.441652 0.0821 0.441652 0.080754 0.439856 0.079408 0.439856 0.078062 0.438061 0.07537 0.438061 0.074024 0.436266 0.071332 0.436266 0.069987 0.43447 0.067295 0.43447 0.065949 0.432675
1 0.195155 0.240575 0.195155 0.24237 0.192463 0.245961 0.187079 0.245961 0.184388 0.249551 0.183042 0.249551 0.192463 0.262118 0.193809 0.262118 0.195155 0.263914 0.196501 0.263914 0.199192 0.267504 0.200538 0.267504 0.201884 0.2693 0.200538 0.271095 0.197847 0.271095 0.196501 0.27289 0.192463 0.27289 0.191117 0.271095 0.188425 0.271095 0.187079 0.2693 0.185734 0.2693 0.184388 0.267504 0.179004 0.274686 0.179004 0.278276 0.18035 0.280072 0.18035 0.285458 0.183042 0.285458 0.184388 0.287253 0.188425 0.287253 0.189771 0.289048 0.192463 0.289048 0.193809 0.290844 0.195155 0.290844 0.196501 0.292639 0.197847 0.292639 0.199192 0.294434 0.200538 0.294434 0.201884 0.29623 0.201884 0.29982 0.20323 0.301616 0.20323 0.305206 0.201884 0.307002 0.197847 0.307002 0.196501 0.308797 0.191117 0.308797 0.189771 0.310592 0.187079 0.310592 0.189771 0.310592 0.191117 0.312388 0.193809 0.312388 0.195155 0.314183 0.200538 0.314183 0.201884 0.315978 0.224764 0.315978 0.22611 0.317774 0.22611 0.321364 0.227456 0.32316 0.227456 0.328546 0.22611 0.330341 0.22611 0.332136 0.224764 0.333932 0.224764 0.335727 0.223419 0.337522 0.218035 0.337522 0.216689 0.335727 0.215343 0.335727 0.212651 0.332136 0.200538 0.332136 0.199192 0.333932 0.197847 0.332136 0.195155 0.332136 0.193809 0.330341 0.174966 0.330341 0.17362 0.332136 0.172275 0.330341 0.169583 0.330341 0.168237 0.328546 0.165545 0.328546 0.164199 0.32675 0.160162 0.32675 0.158816 0.324955 0.142665 0.324955 0.137281 0.317774 0.137281 0.301616 0.135935 0.303411 0.13459 0.303411 0.133244 0.305206 0.131898 0.305206 0.126514 0.312388 0.126514 0.315978 0.12786 0.317774 0.12786 0.32316 0.126514 0.324955 0.125168 0.324955 0.122476 0.328546 0.121131 0.328546 0.121131 0.332136 0.119785 0.333932 0.119785 0.335727 0.123822 0.335727 0.125168 0.337522 0.129206 0.337522 0.130552 0.339318 0.130552 0.341113 0.131898 0.342908 0.131898 0.344704 0.133244 0.346499 0.133244 0.348294 0.131898 0.35009 0.131898 0.351885 0.130552 0.35368 0.130552 0.355476 0.12786 0.359066 0.126514 0.359066 0.125168 0.360862 0.123822 0.360862 0.121131 0.364452 0.119785 0.364452 0.118439 0.366248 0.117093 0.366248 0.115747 0.368043 0.114401 0.368043 0.113055 0.369838 0.111709 0.369838 0.110363 0.371634 0.109017 0.371634 0.107672 0.373429 0.106326 0.373429 0.10498 0.375224 0.103634 0.375224 0.102288 0.37702 0.100942 0.37702 0.099596 0.378815 0.09825 0.378815 0.096904 0.38061 0.095559 0.38061 0.094213 0.382406 0.092867 0.382406 0.091521 0.384201 0.088829 0.384201 0.087483 0.385996 0.086137 0.385996 0.084791 0.387792 0.083445 0.387792 0.083445 0.389587 0.084791 0.391382 0.084791 0.393178 0.083445 0.394973 0.0821 0.394973 0.079408 0.398564 0.078062 0.398564 0.078062 0.400359 0.079408 0.402154 0.079408 0.40395 0.080754 0.405745 0.080754 0.40754 0.0821 0.409336 0.0821 0.411131 0.083445 0.411131 0.086137 0.414722 0.087483 0.414722 0.090175 0.418312 0.091521 0.416517 0.095559 0.416517 0.096904 0.414722 0.10498 0.414722 0.106326 0.416517 0.110363 0.416517 0.111709 0.418312 0.113055 0.416517 0.114401 0.416517 0.115747 0.414722 0.118439 0.414722 0.119785 0.412926 0.121131 0.412926 0.123822 0.416517 0.123822 0.418312 0.125168 0.420108 0.12786 0.420108 0.129206 0.421903 0.130552 0.420108 0.13459 0.420108 0.135935 0.418312 0.135935 0.416517 0.141319 0.409336 0.144011 0.409336 0.145357 0.411131 0.165545 0.411131 0.166891 0.412926 0.169583 0.412926 0.170929 0.414722 0.17362 0.414722 0.174966 0.416517 0.174966 0.425494 0.176312 0.427289 0.176312 0.438061 0.179004 0.441652 0.18035 0.441652 0.185734 0.448833 0.187079 0.447038 0.188425 0.447038 0.189771 0.445242 0.191117 0.445242 0.192463 0.443447 0.196501 0.443447 0.197847 0.445242 0.199192 0.445242 0.200538 0.447038 0.196501 0.452424 0.195155 0.452424 0.193809 0.454219 0.208614 0.454219 0.20996 0.456014 0.208614 0.45781 0.208614 0.459605 0.207268 0.4614 0.218035 0.475763 0.208614 0.48833 0.205922 0.48833 0.204576 0.490126 0.201884 0.490126 0.200538 0.491921 0.197847 0.491921 0.199192 0.493716 0.199192 0.495512 0.200538 0.497307 0.199192 0.499102 0.197847 0.499102 0.196501 0.500898 0.195155 0.500898 0.193809 0.502693 0.146703 0.502693 0.145357 0.500898 0.135935 0.500898 0.13459 0.499102 0.133244 0.500898 0.131898 0.500898 0.130552 0.502693 0.129206 0.502693 0.12786 0.504488 0.126514 0.504488 0.125168 0.506284 0.123822 0.506284 0.123822 0.509874 0.125168 0.51167 0.125168 0.518851 0.126514 0.520646 0.126514 0.526032 0.12786 0.527828 0.12786 0.529623 0.133244 0.536804 0.133244 0.5386 0.137281 0.543986 0.137281 0.545781 0.138627 0.547576 0.138627 0.552962 0.139973 0.554758 0.139973 0.556553 0.153432 0.556553 0.154778 0.554758 0.156124 0.554758 0.15747 0.552962 0.158816 0.552962 0.160162 0.551167 0.18035 0.551167 0.188425 0.561939 0.188425 0.563734 0.193809 0.570916 0.195155 0.570916 0.196501 0.572711 0.197847 0.572711 0.199192 0.574506 0.200538 0.574506 0.201884 0.576302 0.20323 0.576302 0.204576 0.578097 0.205922 0.578097 0.207268 0.579892 0.208614 0.579892 0.20996 0.581688 0.211306 0.581688 0.212651 0.583483 0.213997 0.583483 0.218035 0.588869 0.218035 0.590664 0.220727 0.594255 0.220727 0.59605 0.219381 0.597846 0.219381 0.599641 0.218035 0.601436 0.218035 0.603232 0.216689 0.605027 0.216689 0.606822 0.215343 0.608618 0.216689 0.606822 0.219381 0.606822 0.220727 0.605027 0.223419 0.605027 0.224764 0.603232 0.224764 0.601436 0.22611 0.599641 0.22611 0.597846 0.227456 0.59605 0.227456 0.594255 0.228802 0.59246 0.228802 0.590664 0.230148 0.588869 0.230148 0.587074 0.231494 0.585278 0.224764 0.585278 0.223419 0.583483 0.222073 0.583483 0.220727 0.581688 0.218035 0.581688 0.215343 0.578097 0.215343 0.576302 0.213997 0.574506 0.213997 0.572711 0.212651 0.570916 0.213997 0.56912 0.215343 0.56912 0.216689 0.567325 0.218035 0.567325 0.220727 0.563734 0.222073 0.563734 0.223419 0.561939 0.224764 0.561939 0.22611 0.560144 0.230148 0.560144 0.231494 0.561939 0.235532 0.561939 0.236878 0.563734 0.239569 0.563734 0.240915 0.56553 0.247645 0.56553 0.248991 0.567325 0.254374 0.567325 0.25572 0.56912 0.259758 0.56912 0.261104 0.570916 0.265141 0.570916 0.266487 0.572711 0.267833 0.572711 0.269179 0.574506 0.271871 0.574506 0.273217 0.576302 0.274563 0.576302 0.275908 0.578097 0.2786 0.578097 0.279946 0.579892 0.281292 0.579892 0.282638 0.581688 0.283984 0.581688 0.28533 0.583483 0.288022 0.583483 0.289367 0.585278 0.290713 0.585278 0.294751 0.590664 0.294751 0.59246 0.297443 0.59605 0.296097 0.597846 0.293405 0.597846 0.292059 0.599641 0.289367 0.599641 0.289367 0.608618 0.288022 0.610413 0.282638 0.610413 0.281292 0.608618 0.281292 0.597846 0.279946 0.597846 0.2786 0.59605 0.2786 0.597846 0.277254 0.599641 0.277254 0.603232 0.275908 0.605027 0.275908 0.606822 0.274563 0.608618 0.271871 0.608618 0.270525 0.610413 0.267833 0.610413 0.266487 0.612208 0.263795 0.612208 0.26245 0.614004 0.259758 0.614004 0.258412 0.615799 0.257066 0.615799 0.25572 0.617594 0.253028 0.617594 0.251682 0.61939 0.248991 0.61939 0.247645 0.621185 0.246299 0.621185 0.244953 0.62298 0.242261 0.62298 0.240915 0.624776 0.238223 0.624776 0.236878 0.626571 0.235532 0.626571 0.234186 0.628366 0.231494 0.628366 0.228802 0.631957 0.227456 0.631957 0.224764 0.635548 0.223419 0.635548 0.222073 0.637343 0.215343 0.637343 0.213997 0.635548 0.213997 0.633752 0.20996 0.628366 0.20996 0.626571 0.208614 0.624776 0.207268 0.626571 0.196501 0.626571 0.193809 0.62298 0.192463 0.62298 0.191117 0.621185 0.184388 0.621185 0.183042 0.61939 0.18035 0.62298 0.179004 0.62298 0.174966 0.628366 0.17362 0.628366 0.170929 0.631957 0.169583 0.631957 0.165545 0.637343 0.164199 0.637343 0.161507 0.640934 0.160162 0.640934 0.158816 0.642729 0.15747 0.642729 0.156124 0.644524 0.154778 0.644524 0.153432 0.64632 0.152086 0.64632 0.15074 0.648115 0.149394 0.648115 0.148048 0.64991 0.145357 0.64991 0.142665 0.64632 0.141319 0.64632 0.139973 0.644524 0.137281 0.648115 0.135935 0.648115 0.137281 0.64991 0.137281 0.651706 0.138627 0.653501 0.138627 0.655296 0.137281 0.657092 0.13459 0.657092 0.133244 0.658887 0.130552 0.658887 0.129206 0.660682 0.126514 0.660682 0.121131 0.667864 0.121131 0.669659 0.114401 0.678636 0.115747 0.678636 0.118439 0.682226 0.119785 0.682226 0.122476 0.685817 0.123822 0.685817 0.125168 0.687612 0.126514 0.685817 0.12786 0.685817 0.130552 0.682226 0.131898 0.682226 0.133244 0.680431 0.139973 0.680431 0.141319 0.682226 0.148048 0.682226 0.149394 0.684022 0.154778 0.684022 0.156124 0.685817 0.169583 0.685817 0.170929 0.687612 0.172275 0.685817 0.176312 0.685817 0.177658 0.684022 0.181696 0.684022 0.183042 0.682226 0.212651 0.682226 0.213997 0.684022 0.216689 0.684022 0.218035 0.685817 0.220727 0.685817 0.222073 0.687612 0.223419 0.687612 0.224764 0.689408 0.227456 0.689408 0.231494 0.694794 0.231494 0.696589 0.234186 0.70018 0.235532 0.698384 0.243607 0.698384 0.244953 0.70018 0.247645 0.70018 0.248991 0.701975 0.250336 0.701975 0.251682 0.70377 0.253028 0.70377 0.254374 0.705566 0.254374 0.714542 0.253028 0.716338 0.247645 0.716338 0.246299 0.718133 0.239569 0.718133 0.238223 0.719928 0.23284 0.719928 0.231494 0.721724 0.228802 0.721724 0.227456 0.723519 0.224764 0.723519 0.223419 0.725314 0.219381 0.725314 0.218035 0.72711 0.215343 0.72711 0.212651 0.7307 0.212651 0.732496 0.208614 0.737882 0.208614 0.739677 0.204576 0.745063 0.204576 0.746858 0.201884 0.750449 0.201884 0.754039 0.20323 0.755835 0.20323 0.761221 0.204576 0.763016 0.204576 0.768402 0.20323 0.770197 0.20323 0.775583 0.201884 0.777379 0.201884 0.802513 0.200538 0.804309 0.200538 0.806104 0.199192 0.807899 0.199192 0.809695 0.197847 0.81149 0.199192 0.813285 0.199192 0.815081 0.200538 0.816876 0.200538 0.818671 0.201884 0.820467 0.201884 0.822262 0.20323 0.824057 0.20323 0.825853 0.204576 0.827648 0.204576 0.834829 0.20323 0.836625 0.20323 0.842011 0.211306 0.842011 0.212651 0.843806 0.220727 0.843806 0.222073 0.845601 0.223419 0.845601 0.224764 0.847397 0.22611 0.847397 0.227456 0.849192 0.230148 0.849192 0.231494 0.850987 0.23284 0.850987 0.234186 0.852783 0.235532 0.852783 0.236878 0.854578 0.238223 0.854578 0.239569 0.856373 0.240915 0.854578 0.247645 0.854578 0.248991 0.852783 0.251682 0.852783 0.253028 0.850987 0.25572 0.854578 0.25572 0.856373 0.257066 0.858169 0.257066 0.86535 0.25572 0.867145 0.253028 0.867145 0.253028 0.885099 0.251682 0.886894 0.250336 0.886894 0.247645 0.883303 0.246299 0.883303 0.243607 0.879713 0.242261 0.879713 0.239569 0.876122 0.238223 0.877917 0.234186 0.877917 0.246299 0.894075 0.244953 0.895871 0.240915 0.895871 0.239569 0.897666 0.236878 0.897666 0.235532 0.899461 0.231494 0.899461 0.23284 0.901257 0.23284 0.903052 0.235532 0.906643 0.235532 0.908438 0.236878 0.910233 0.238223 0.910233 0.239569 0.912029 0.242261 0.912029 0.243607 0.913824 0.244953 0.913824 0.258412 0.931777 0.259758 0.929982 0.270525 0.929982 0.271871 0.928187 0.273217 0.928187 0.274563 0.926391 0.275908 0.926391 0.277254 0.924596 0.2786 0.924596 0.2786 0.922801 0.277254 0.921005 0.277254 0.917415 0.275908 0.915619 0.275908 0.912029 0.274563 0.910233 0.274563 0.908438 0.275908 0.906643 0.28533 0.906643 0.286676 0.904847 0.296097 0.904847 0.297443 0.903052 0.30821 0.903052 0.310902 0.906643 0.309556 0.908438 0.30821 0.908438 0.306864 0.910233 0.305518 0.910233 0.304172 0.912029 0.302826 0.912029 0.30148 0.913824 0.300135 0.913824 0.297443 0.917415 0.296097 0.917415 0.294751 0.91921 0.293405 0.91921 0.292059 0.921005 0.290713 0.921005 0.289367 0.922801 0.288022 0.922801 0.30148 0.922801 0.302826 0.924596 0.316285 0.924596 0.320323 0.929982 0.320323 0.931777 0.324361 0.937163 0.324361 0.938959 0.325707 0.940754 0.329744 0.940754 0.33109 0.942549 0.333782 0.942549 0.335128 0.944345 0.341857 0.944345 0.343203 0.94614 0.349933 0.94614 0.351279 0.947935 0.358008 0.938959 0.359354 0.938959 0.363392 0.933573 0.374159 0.933573 0.375505 0.935368 0.378197 0.931777 0.379542 0.931777 0.380888 0.933573 0.380888 0.935368 0.38358 0.938959 0.38358 0.940754 0.384926 0.942549 0.386272 0.940754 0.39031 0.940754 0.391655 0.938959 0.397039 0.938959 0.398385 0.937163 0.402423 0.937163 0.403769 0.935368 0.407806 0.935368 0.409152 0.933573 0.414536 0.933573 0.415882 0.931777 0.419919 0.931777 0.421265 0.929982 0.45895 0.929982 0.460296 0.931777 0.460296 0.933573 0.461642 0.935368 0.464334 0.935368 0.46568 0.937163 0.468371 0.937163 0.469717 0.938959 0.469717 0.940754 0.471063 0.942549 0.471063 0.94614 0.472409 0.947935 0.472409 0.949731 0.473755 0.951526 0.473755 0.955117 0.475101 0.956912 0.475101 0.960503 0.476447 0.962298 0.476447 0.964093 0.477793 0.965889 0.477793 0.969479 0.479139 0.971275 0.479139 0.974865 0.480485 0.976661 0.480485 0.978456 0.48183 0.980251 0.48183 0.983842 0.483176 0.985637 0.483176 0.987433 0.48183 0.989228 0.48183 0.991023 0.477793 0.996409 0.477793 0.998205 0.48856 0.998205 0.48856 0.996409 0.489906 0.994614 0.489906 0.989228 0.491252 0.987433 0.491252 0.985637 0.489906 0.983842 0.489906 0.982047 0.48856 0.980251 0.48856 0.978456 0.487214 0.976661 0.487214 0.974865 0.485868 0.97307 0.485868 0.971275 0.484522 0.969479 0.484522 0.967684 0.483176 0.965889 0.483176 0.960503 0.484522 0.958707 0.484522 0.953321 0.485868 0.951526 0.485868 0.94614 0.487214 0.944345 0.487214 0.940754 0.48856 0.938959 0.489906 0.938959 0.492598 0.935368 0.493943 0.937163 0.493943 0.947935 0.492598 0.949731 0.492598 0.964093 0.493943 0.965889 0.493943 0.971275 0.495289 0.97307 0.495289 0.978456 0.496635 0.980251 0.496635 0.983842 0.497981 0.985637 0.497981 0.987433 0.500673 0.991023 0.500673 0.992819 0.503365 0.996409 0.503365 0.998205 0.51144 0.998205 0.510094 0.996409 0.510094 0.994614 0.508748 0.992819 0.508748 0.989228 0.507402 0.987433 0.507402 0.983842 0.506057 0.982047 0.506057 0.980251 0.504711 0.978456 0.504711 0.974865 0.503365 0.97307 0.503365 0.971275 0.502019 0.969479 0.502019 0.965889 0.500673 0.964093 0.500673 0.960503 0.499327 0.958707 0.499327 0.956912 0.497981 0.955117 0.497981 0.94614 0.499327 0.944345 0.499327 0.940754 0.500673 0.938959 0.506057 0.94614 0.506057 0.944345 0.507402 0.942549 0.507402 0.940754 0.508748 0.938959 0.51144 0.938959 0.512786 0.940754 0.516824 0.940754 0.51817 0.942549 0.520861 0.942549 0.522207 0.944345 0.537012 0.944345 0.538358 0.94614 0.54105 0.94614 0.542396 0.947935 0.543742 0.947935 0.545087 0.949731 0.543742 0.951526 0.542396 0.951526 0.54105 0.953321 0.539704 0.953321 0.538358 0.955117 0.535666 0.955117 0.53432 0.956912 0.532974 0.956912 0.532974 0.965889 0.531629 0.967684 0.530283 0.967684 0.528937 0.969479 0.526245 0.969479 0.524899 0.971275 0.523553 0.971275 0.523553 0.97307 0.522207 0.974865 0.522207 0.976661 0.520861 0.978456 0.520861 0.980251 0.522207 0.980251 0.523553 0.982047 0.524899 0.982047 0.526245 0.983842 0.527591 0.983842 0.530283 0.987433 0.531629 0.987433 0.537012 0.994614 0.538358 0.994614 0.54105 0.998205 0.998654 0.998205 0.998654 0.89228 0.995962 0.888689 0.994616 0.888689 0.986541 0.877917 0.985195 0.877917 0.979812 0.870736 0.978466 0.870736 0.974428 0.86535 0.973082 0.86535 0.97039 0.861759 0.969044 0.861759 0.967699 0.859964 0.966353 0.859964 0.963661 0.856373 0.962315 0.856373 0.960969 0.854578 0.962315 0.852783 0.962315 0.850987 0.963661 0.849192 0.963661 0.847397 0.965007 0.845601 0.967699 0.845601 0.969044 0.847397 0.973082 0.847397 0.974428 0.849192 0.97712 0.849192 0.978466 0.850987 0.981157 0.850987 0.982503 0.852783 0.985195 0.852783 0.986541 0.854578 0.990579 0.854578 0.991925 0.856373 0.994616 0.856373 0.995962 0.858169 0.998654 0.858169 0.998654 0.800718 0.997308 0.800718 0.995962 0.798923 0.994616 0.798923 0.993271 0.797127 0.990579 0.797127 0.989233 0.795332 0.987887 0.795332 0.986541 0.793537 0.983849 0.793537 0.982503 0.791741 0.981157 0.791741 0.979812 0.789946 0.97712 0.789946 0.975774 0.788151 0.974428 0.788151 0.973082 0.786355 0.97039 0.786355 0.969044 0.78456 0.967699 0.78456 0.966353 0.782765 0.963661 0.782765 0.962315 0.780969 0.960969 0.780969 0.959623 0.779174 0.956931 0.779174 0.955585 0.777379 0.958277 0.773788 0.960969 0.773788 0.962315 0.775583 0.965007 0.775583 0.966353 0.777379 0.998654 0.777379 0.998654 0.737882 0.990579 0.737882 0.986541 0.732496 0.986541 0.7307 0.985195 0.728905 0.983849 0.728905 0.981157 0.725314 0.979812 0.725314 0.97712 0.721724 0.963661 0.721724 0.962315 0.719928 0.959623 0.719928 0.958277 0.718133 0.956931 0.718133 0.955585 0.716338 0.952894 0.716338 0.951548 0.714542 0.943472 0.714542 0.942127 0.712747 0.939435 0.712747 0.938089 0.710952 0.934051 0.710952 0.932705 0.709156 0.930013 0.709156 0.928668 0.707361 0.925976 0.707361 0.92463 0.705566 0.923284 0.705566 0.921938 0.70377 0.919246 0.70377 0.9179 0.701975 0.916555 0.701975 0.915209 0.70018 0.913863 0.70018 0.912517 0.698384 0.909825 0.698384 0.908479 0.696589 0.907133 0.696589 0.904441 0.692998 0.903096 0.692998 0.900404 0.689408 0.899058 0.689408 0.897712 0.687612 0.893674 0.687612 0.892328 0.685817 0.886945 0.685817 0.885599 0.684022 0.881561 0.684022 0.880215 0.682226 0.874832 0.682226 0.873486 0.680431 0.866756 0.680431 0.86541 0.678636 0.862719 0.678636 0.861373 0.67684 0.860027 0.67684 0.858681 0.675045 0.855989 0.675045 0.854643 0.67325 0.853297 0.67325 0.851952 0.671454 0.84926 0.671454 0.847914 0.669659 0.846568 0.669659 0.845222 0.667864 0.841184 0.667864 0.839838 0.666068 0.837147 0.666068 0.835801 0.664273 0.833109 0.664273 0.831763 0.662478 0.829071 0.662478 0.827725 0.660682 0.82638 0.660682 0.825034 0.658887 0.822342 0.658887 0.820996 0.657092 0.818304 0.657092 0.816958 0.655296 0.814266 0.655296 0.811575 0.651706 0.811575 0.64991 0.810229 0.648115 0.810229 0.64632 0.807537 0.642729 0.807537 0.640934 0.806191 0.639138 0.799462 0.639138 0.798116 0.637343 0.79677 0.637343 0.795424 0.635548 0.794078 0.635548 0.792732 0.633752 0.79004 0.633752 0.788694 0.631957 0.787349 0.631957 0.786003 0.630162 0.784657 0.630162 0.784657 0.631957 0.786003 0.633752 0.786003 0.640934 0.787349 0.642729 0.787349 0.64632 0.786003 0.648115 0.786003 0.64991 0.783311 0.653501 0.783311 0.655296 0.781965 0.657092 0.781965 0.658887 0.779273 0.662478 0.771198 0.662478 0.768506 0.658887 0.76716 0.658887 0.765814 0.657092 0.755047 0.657092 0.753701 0.658887 0.746972 0.64991 0.745626 0.64991 0.742934 0.64632 0.741588 0.64632 0.738896 0.642729 0.740242 0.640934 0.742934 0.640934 0.74428 0.639138 0.745626 0.639138 0.745626 0.637343 0.746972 0.635548 0.746972 0.633752 0.748318 0.631957 0.748318 0.630162 0.749664 0.628366 0.749664 0.626571 0.751009 0.624776 0.752355 0.626571 0.755047 0.626571 0.756393 0.628366 0.757739 0.628366 0.759085 0.630162 0.760431 0.630162 0.761777 0.628366 0.761777 0.624776 0.769852 0.614004 0.768506 0.612208 0.768506 0.608618 0.76716 0.606822 0.76716 0.605027 0.765814 0.603232 0.765814 0.599641 0.764468 0.597846 0.764468 0.59605 0.761777 0.59605 0.760431 0.594255 0.759085 0.594255 0.757739 0.59246 0.756393 0.594255 0.756393 0.59605 0.755047 0.597846 0.755047 0.599641 0.753701 0.601436 0.752355 0.601436 0.741588 0.587074 0.740242 0.587074 0.73755 0.583483 0.738896 0.581688 0.742934 0.581688 0.74428 0.583483 0.749664 0.583483 0.749664 0.579892 0.751009 0.578097 0.751009 0.576302 0.741588 0.576302 0.740242 0.574506 0.73755 0.574506 0.736205 0.572711 0.729475 0.572711 0.728129 0.570916 0.728129 0.579892 0.725437 0.583483 0.724092 0.583483 0.7214 0.579892 0.720054 0.579892 0.717362 0.576302 0.716016 0.576302 0.713324 0.572711 0.711978 0.572711 0.709287 0.56912 0.705249 0.56912 0.703903 0.570916 0.702557 0.570916 0.701211 0.572711 0.694482 0.572711 0.693136 0.570916 0.687752 0.570916 0.686406 0.56912 0.681023 0.56912 0.679677 0.567325 0.679677 0.56553 0.678331 0.563734 0.678331 0.560144 0.676985 0.561939 0.672948 0.561939 0.671602 0.563734 0.654105 0.563734 0.652759 0.561939 0.648721 0.561939 0.647376 0.560144 0.643338 0.560144 0.641992 0.558348 0.637954 0.558348 0.635262 0.554758 0.635262 0.552962 0.633917 0.551167 0.633917 0.549372 0.632571 0.547576 0.632571 0.545781 0.633917 0.543986 0.650067 0.543986 0.651413 0.545781 0.655451 0.545781 0.656797 0.547576 0.66218 0.547576 0.663526 0.549372 0.66891 0.549372 0.670256 0.551167 0.675639 0.551167 0.676985 0.552962 0.681023 0.552962 0.682369 0.554758 0.687752 0.554758 0.690444 0.558348 0.690444 0.560144 0.69179 0.561939 0.69179 0.563734 0.695828 0.563734 0.697174 0.56553 0.699865 0.561939 0.701211 0.561939 0.702557 0.560144 0.710633 0.560144 0.709287 0.560144 0.707941 0.558348 0.706595 0.558348 0.705249 0.556553 0.703903 0.556553 0.702557 0.554758 0.701211 0.554758 0.699865 0.552962 0.69852 0.552962 0.697174 0.551167 0.695828 0.551167 0.694482 0.549372 0.690444 0.549372 0.689098 0.547576 0.686406 0.547576 0.685061 0.545781 0.681023 0.545781 0.679677 0.543986 0.676985 0.543986 0.675639 0.54219 0.671602 0.54219 0.670256 0.540395 0.663526 0.540395 0.66218 0.5386 0.656797 0.5386 0.655451 0.536804 0.648721 0.536804 0.644684 0.531418 0.643338 0.531418 0.6393 0.526032 0.637954 0.526032 0.636608 0.524237 0.635262 0.524237 0.633917 0.522442 0.632571 0.522442 0.631225 0.520646 0.629879 0.520646 0.628533 0.518851 0.624495 0.518851 0.623149 0.517056 0.619112 0.517056 0.617766 0.51526 0.613728 0.51526 0.612382 0.513465 0.608345 0.513465 0.605653 0.509874 0.604307 0.509874 0.602961 0.508079 0.604307 0.506284 0.606999 0.506284 0.608345 0.508079 0.613728 0.508079 0.615074 0.509874 0.620458 0.509874 0.621803 0.51167 0.627187 0.51167 0.628533 0.513465 0.675639 0.513465 0.676985 0.51526 0.69852 0.51526 0.695828 0.51526 0.694482 0.513465 0.69179 0.513465 0.690444 0.51167 0.687752 0.51167 0.686406 0.509874 0.683715 0.509874 0.682369 0.508079 0.679677 0.508079 0.678331 0.506284 0.666218 0.506284 0.664872 0.504488 0.655451 0.504488 0.654105 0.502693 0.64603 0.502693 0.644684 0.500898 0.635262 0.500898 0.633917 0.499102 0.631225 0.499102 0.629879 0.497307 0.625841 0.497307 0.624495 0.495512 0.621803 0.495512 0.620458 0.493716 0.617766 0.493716 0.61642 0.491921 0.613728 0.491921 0.612382 0.490126 0.611036 0.490126 0.60969 0.48833 0.606999 0.48833 0.605653 0.486535 0.602961 0.486535 0.601615 0.48474 0.600269 0.48474 0.598923 0.482944 0.596231 0.482944 0.594886 0.481149 0.59354 0.481149 0.590848 0.477558 0.589502 0.477558 0.58681 0.473968 0.585464 0.473968 0.582773 0.470377 0.584118 0.468582 0.597577 0.468582 0.598923 0.470377 0.598923 0.473968 0.600269 0.473968 0.601615 0.475763 0.602961 0.475763 0.605653 0.479354 0.606999 0.479354 0.608345 0.481149 0.60969 0.481149 0.611036 0.482944 0.617766 0.482944 0.619112 0.48474 0.624495 0.48474 0.625841 0.486535 0.629879 0.486535 0.631225 0.48833 0.636608 0.48833 0.637954 0.490126 0.641992 0.490126 0.643338 0.491921 0.647376 0.491921 0.648721 0.493716 0.652759 0.493716 0.654105 0.495512 0.651413 0.491921 0.650067 0.491921 0.644684 0.48474 0.64603 0.482944 0.650067 0.482944 0.651413 0.48474 0.652759 0.48474 0.654105 0.486535 0.656797 0.486535 0.658143 0.48833 0.659489 0.48833 0.660834 0.490126 0.66218 0.490126 0.663526 0.491921 0.664872 0.491921 0.666218 0.493716 0.667564 0.493716 0.66891 0.495512 0.670256 0.495512 0.671602 0.497307 0.672948 0.497307 0.674293 0.499102 0.676985 0.499102 0.678331 0.500898 0.679677 0.500898 0.681023 0.502693 0.682369 0.502693 0.683715 0.504488 0.685061 0.504488 0.686406 0.506284 0.689098 0.506284 0.690444 0.508079 0.693136 0.508079 0.694482 0.509874 0.697174 0.509874 0.69852 0.51167 0.701211 0.51167 0.702557 0.513465 0.705249 0.513465 0.706595 0.51526 0.709287 0.51526 0.710633 0.517056 0.713324 0.517056 0.71467 0.518851 0.717362 0.518851 0.718708 0.520646 0.7214 0.520646 0.722746 0.522442 0.725437 0.522442 0.726783 0.524237 0.729475 0.524237 0.730821 0.526032 0.733513 0.526032 0.734859 0.527828 0.73755 0.527828 0.738896 0.529623 0.741588 0.529623 0.742934 0.531418 0.745626 0.531418 0.746972 0.533214 0.749664 0.533214 0.751009 0.535009 0.753701 0.535009 0.755047 0.536804 0.759085 0.536804 0.760431 0.5386 0.763122 0.5386 0.764468 0.540395 0.76716 0.540395 0.768506 0.54219 0.771198 0.54219 0.772544 0.543986 0.775236 0.543986 0.776581 0.545781 0.779273 0.545781 0.780619 0.547576 0.780619 0.552962 0.783311 0.552962 0.784657 0.554758 0.786003 0.554758 0.787349 0.556553 0.79004 0.556553 0.791386 0.558348 0.792732 0.558348 0.794078 0.560144 0.79677 0.560144 0.79677 0.558348 0.798116 0.556553 0.798116 0.551167 0.799462 0.549372 0.799462 0.545781 0.798116 0.543986 0.79677 0.543986 0.795424 0.54219 0.794078 0.54219 0.792732 0.540395 0.791386 0.540395 0.79004 0.5386 0.788694 0.5386 0.787349 0.536804 0.788694 0.535009 0.792732 0.535009 0.794078 0.536804 0.802153 0.536804 0.803499 0.5386 0.806191 0.535009 0.806191 0.533214 0.804845 0.531418 0.804845 0.527828 0.803499 0.526032 0.803499 0.520646 0.802153 0.518851 0.802153 0.517056 0.800808 0.518851 0.792732 0.518851 0.791386 0.520646 0.757739 0.520646 0.756393 0.518851 0.755047 0.518851 0.753701 0.517056 0.752355 0.517056 0.749664 0.513465 0.748318 0.513465 0.746972 0.51167 0.745626 0.51167 0.74428 0.509874 0.724092 0.509874 0.722746 0.508079 0.718708 0.508079 0.717362 0.506284 0.713324 0.506284 0.711978 0.504488 0.707941 0.504488 0.706595 0.502693 0.702557 0.502693 0.701211 0.500898 0.699865 0.500898 0.69852 0.499102 0.697174 0.499102 0.695828 0.497307 0.694482 0.497307 0.69179 0.493716 0.690444 0.493716 0.689098 0.491921 0.690444 0.490126 0.694482 0.490126 0.695828 0.491921 0.702557 0.491921 0.703903 0.493716 0.711978 0.493716 0.713324 0.495512 0.713324 0.493716 0.711978 0.491921 0.711978 0.490126 0.706595 0.490126 0.705249 0.48833 0.699865 0.48833 0.69852 0.486535 0.694482 0.486535 0.693136 0.48474 0.687752 0.48474 0.686406 0.482944 0.682369 0.482944 0.681023 0.481149 0.682369 0.479354 0.69179 0.479354 0.693136 0.481149 0.69179 0.479354 0.690444 0.479354 0.682369 0.468582 0.682369 0.466786 0.678331 0.4614 0.66218 0.4614 0.660834 0.459605 0.660834 0.447038 0.66218 0.445242 0.66218 0.441652 0.659489 0.441652 0.658143 0.443447 0.656797 0.443447 0.655451 0.445242 0.652759 0.445242 0.651413 0.447038 0.650067 0.447038 0.651413 0.448833 0.651413 0.450628 0.652759 0.452424 0.652759 0.454219 0.654105 0.456014 0.652759 0.45781 0.651413 0.45781 0.650067 0.456014 0.648721 0.456014 0.647376 0.454219 0.643338 0.454219 0.641992 0.452424 0.6393 0.452424 0.637954 0.450628 0.633917 0.450628 0.632571 0.448833 0.629879 0.448833 0.628533 0.447038 0.625841 0.447038 0.624495 0.445242 0.621803 0.445242 0.620458 0.443447 0.617766 0.443447 0.61642 0.441652 0.619112 0.438061 0.620458 0.438061 0.619112 0.438061 0.61642 0.43447 0.61642 0.432675 0.613728 0.429084 0.613728 0.427289 0.612382 0.425494 0.60969 0.425494 0.608345 0.423698 0.606999 0.423698 0.605653 0.421903 0.605653 0.418312 0.606999 0.416517 0.606999 0.414722 0.605653 0.412926 0.597577 0.412926 0.59354 0.418312 0.588156 0.418312 0.58681 0.416517 0.580081 0.416517 0.578735 0.414722 0.573351 0.414722 0.572005 0.412926 0.566622 0.412926 0.56393 0.409336 0.56393 0.40754 0.562584 0.405745 0.561238 0.405745 0.559892 0.40395 0.558546 0.40395 0.557201 0.402154 0.555855 0.40395 0.554509 0.40395 0.553163 0.405745 0.549125 0.405745 0.547779 0.40395 0.545087 0.40395 0.543742 0.402154 0.542396 0.402154 0.54105 0.400359 0.538358 0.400359 0.537012 0.398564 0.53432 0.398564 0.532974 0.396768 0.530283 0.396768 0.528937 0.394973 0.527591 0.394973 0.526245 0.393178 0.523553 0.393178 0.522207 0.391382 0.520861 0.391382 0.519515 0.389587 0.516824 0.389587 0.515478 0.387792 0.514132 0.387792 0.512786 0.385996 0.515478 0.382406 0.526245 0.382406 0.527591 0.384201 0.54105 0.384201 0.542396 0.382406 0.543742 0.382406 0.537012 0.382406 0.535666 0.38061 0.530283 0.38061 0.528937 0.378815 0.522207 0.378815 0.520861 0.37702 0.515478 0.37702 0.514132 0.375224 0.507402 0.375224 0.507402 0.37702 0.506057 0.378815 0.506057 0.38061 0.504711 0.382406 0.503365 0.38061 0.499327 0.38061 0.497981 0.378815 0.493943 0.378815 0.492598 0.37702 0.487214 0.37702 0.485868 0.375224 0.48183 0.375224 0.480485 0.373429 0.476447 0.373429 0.475101 0.371634 0.471063 0.371634 0.469717 0.369838 0.467026 0.369838 0.46568 0.368043 0.461642 0.368043 0.460296 0.366248 0.453567 0.366248 0.452221 0.368043 0.444145 0.368043 0.440108 0.362657 0.440108 0.360862 0.437416 0.360862 0.43607 0.362657 0.427995 0.362657 0.426649 0.360862 0.421265 0.360862 0.415882 0.35368 0.402423 0.35368 0.401077 0.351885 0.397039 0.351885 0.395693 0.35009 0.393001 0.35009 0.391655 0.348294 0.387618 0.348294 0.386272 0.346499 0.382234 0.346499 0.380888 0.344704 0.378197 0.344704 0.376851 0.342908 0.372813 0.342908 0.371467 0.341113 0.367429 0.341113 0.366083 0.339318 0.362046 0.339318 0.358008 0.333932 0.358008 0.332136 0.356662 0.330341 0.355316 0.332136 0.348587 0.332136 0.345895 0.328546 0.343203 0.328546 0.341857 0.32675 0.339166 0.32675 0.33782 0.324955 0.335128 0.324955 0.333782 0.32316 0.332436 0.32316 0.33109 0.321364 0.328398 0.321364 0.327052 0.319569 0.324361 0.319569 0.323015 0.317774 0.312248 0.317774 0.309556 0.314183 0.30821 0.314183 0.305518 0.310592 0.302826 0.310592 0.30148 0.308797 0.300135 0.308797 0.298789 0.307002 0.296097 0.307002 0.294751 0.305206 0.283984 0.305206 0.282638 0.303411 0.281292 0.303411 0.275908 0.29623 0.274563 0.29623 0.270525 0.290844 0.267833 0.290844 0.266487 0.289048 0.263795 0.289048 0.26245 0.287253 0.261104 0.287253 0.259758 0.285458 0.257066 0.285458 0.25572 0.283662 0.247645 0.283662 0.246299 0.281867 0.238223 0.281867 0.236878 0.280072 0.230148 0.280072 0.228802 0.278276 0.234186 0.271095 0.231494 0.267504 0.231494 0.265709 0.230148 0.263914 0.228802 0.265709 0.216689 0.265709 0.215343 0.263914 0.212651 0.263914 0.211306 0.262118 0.207268 0.262118 0.200538 0.253142 0.200538 0.251346 0.199192 0.249551 0.201884 0.245961 0.200538 0.245961 0.197847 0.24237 0.196501 0.24237
1 0.17362 0.219031 0.17362 0.220826 0.172275 0.222621 0.172275 0.224417 0.174966 0.228007 0.176312 0.228007 0.183042 0.236984 0.184388 0.235189 0.187079 0.235189 0.188425 0.233393 0.191117 0.233393 0.191117 0.226212 0.188425 0.226212 0.187079 0.224417 0.183042 0.224417 0.181696 0.222621 0.179004 0.222621 0.177658 0.220826 0.174966 0.220826
