0 0.064603 0.770197 0.060565 0.775583 0.064603 0.780969 0.064603 0.782765 0.067295 0.786355 0.068641 0.78456 0.084791 0.78456 0.086137 0.782765 0.095559 0.782765 0.096904 0.780969 0.09825 0.780969 0.100942 0.777379 0.102288 0.777379 0.10498 0.773788 0.106326 0.773788 0.10498 0.773788 0.102288 0.770197 0.100942 0.771993 0.09825 0.771993 0.096904 0.773788 0.092867 0.773788 0.091521 0.775583 0.084791 0.775583 0.083445 0.773788 0.079408 0.773788 0.078062 0.771993 0.065949 0.771993
0 0.464334 0.737882 0.462988 0.739677 0.461642 0.739677 0.460296 0.741472 0.457604 0.741472 0.457604 0.746858 0.45895 0.745063 0.467026 0.745063 0.468371 0.743268 0.477793 0.743268 0.477793 0.737882
0 0.706595 0.671454 0.706595 0.682226 0.707941 0.680431 0.71467 0.680431 0.71467 0.671454
0 0.820996 0.653501 0.81965 0.655296 0.818304 0.655296 0.816958 0.657092 0.814266 0.657092 0.814266 0.667864 0.820996 0.667864 0.822342 0.669659 0.825034 0.666068 0.825034 0.664273 0.829071 0.658887 0.827725 0.658887 0.82638 0.657092 0.825034 0.657092 0.823688 0.655296 0.822342 0.655296
0 0.658143 0.637343 0.658143 0.640934 0.656797 0.642729 0.656797 0.64632 0.658143 0.644524 0.670256 0.644524 0.670256 0.637343
0 0.636608 0.560144 0.635262 0.561939 0.625841 0.561939 0.625841 0.563734 0.627187 0.56553 0.627187 0.567325 0.628533 0.56912 0.628533 0.570916 0.637954 0.570916 0.637954 0.567325 0.636608 0.56553
1 0.812921 0.897666 0.811575 0.899461 0.808883 0.899461 0.807537 0.901257 0.804845 0.901257 0.803499 0.903052 0.800808 0.903052 0.800808 0.912029 0.807537 0.921005 0.806191 0.922801 0.804845 0.922801 0.803499 0.924596 0.800808 0.924596 0.799462 0.926391 0.798116 0.926391 0.79677 0.928187 0.794078 0.928187 0.792732 0.929982 0.79004 0.929982 0.788694 0.931777 0.787349 0.931777 0.786003 0.933573 0.783311 0.933573 0.781965 0.935368 0.779273 0.935368 0.77389 0.942549 0.772544 0.942549 0.768506 0.947935 0.751009 0.947935 0.751009 0.951526 0.752355 0.953321 0.752355 0.956912 0.753701 0.955117 0.771198 0.955117 0.772544 0.953321 0.77389 0.953321 0.776581 0.949731 0.777927 0.949731 0.787349 0.937163 0.800808 0.937163 0.802153 0.935368 0.804845 0.935368 0.806191 0.933573 0.808883 0.933573 0.810229 0.931777 0.812921 0.931777 0.814266 0.929982 0.816958 0.929982 0.818304 0.928187 0.820996 0.928187 0.822342 0.926391 0.823688 0.926391 0.825034 0.924596 0.827725 0.924596 0.829071 0.922801 0.829071 0.921005 0.833109 0.915619 0.833109 0.913824 0.834455 0.912029 0.82638 0.901257 0.820996 0.901257 0.81965 0.899461 0.814266 0.899461
1 0.982503 0.718133 0.982503 0.719928 0.983849 0.721724 0.983849 0.723519 0.985195 0.725314 0.985195 0.72711 0.986541 0.728905 0.986541 0.7307 0.987887 0.732496 0.986541 0.734291 0.978466 0.734291 0.97712 0.736086 0.97039 0.736086 0.969044 0.737882 0.935397 0.737882 0.934051 0.739677 0.928668 0.739677 0.927322 0.741472 0.923284 0.741472 0.921938 0.743268 0.919246 0.743268 0.9179 0.745063 0.915209 0.745063 0.913863 0.746858 0.911171 0.746858 0.909825 0.748654 0.907133 0.748654 0.905787 0.750449 0.90175 0.750449 0.900404 0.752244 0.896366 0.752244 0.89502 0.754039 0.890983 0.754039 0.889637 0.755835 0.885599 0.755835 0.884253 0.75763 0.880215 0.75763 0.878869 0.759425 0.874832 0.759425 0.873486 0.761221 0.869448 0.761221 0.868102 0.763016 0.862719 0.763016 0.861373 0.764811 0.857335 0.764811 0.855989 0.766607 0.851952 0.766607 0.853297 0.768402 0.853297 0.770197 0.854643 0.771993 0.86541 0.771993 0.866756 0.770197 0.874832 0.770197 0.876178 0.768402 0.884253 0.768402 0.885599 0.766607 0.888291 0.766607 0.889637 0.764811 0.892328 0.764811 0.893674 0.763016 0.89502 0.763016 0.896366 0.761221 0.899058 0.761221 0.900404 0.759425 0.90175 0.759425 0.903096 0.75763 0.905787 0.75763 0.907133 0.755835 0.908479 0.755835 0.909825 0.754039 0.911171 0.754039 0.912517 0.752244 0.915209 0.752244 0.916555 0.750449 0.9179 0.750449 0.919246 0.748654 0.923284 0.748654 0.92463 0.746858 0.930013 0.746858 0.931359 0.745063 0.935397 0.745063 0.936743 0.743268 0.948856 0.743268 0.950202 0.741472 0.975774 0.741472 0.97712 0.739677 0.987887 0.739677 0.989233 0.737882 0.998654 0.737882 0.998654 0.718133
1 0.139973 0.680431 0.138627 0.682226 0.130552 0.682226 0.129206 0.684022 0.092867 0.684022 0.091521 0.685817 0.086137 0.685817 0.084791 0.687612 0.078062 0.687612 0.076716 0.689408 0.071332 0.689408 0.071332 0.698384 0.080754 0.698384 0.0821 0.696589 0.088829 0.696589 0.090175 0.694794 0.095559 0.694794 0.096904 0.692998 0.114401 0.692998 0.115747 0.694794 0.114401 0.696589 0.113055 0.696589 0.111709 0.698384 0.110363 0.698384 0.109017 0.70018 0.106326 0.70018 0.10498 0.701975 0.103634 0.701975 0.102288 0.70377 0.100942 0.70377 0.099596 0.705566 0.074024 0.705566 0.074024 0.712747 0.07537 0.710952 0.090175 0.710952 0.091521 0.709156 0.106326 0.709156 0.107672 0.707361 0.110363 0.707361 0.111709 0.705566 0.115747 0.705566 0.117093 0.70377 0.119785 0.70377 0.121131 0.701975 0.123822 0.701975 0.125168 0.70018 0.129206 0.70018 0.130552 0.698384 0.133244 0.698384 0.13459 0.696589 0.135935 0.696589 0.138627 0.692998 0.139973 0.692998 0.141319 0.691203 0.142665 0.691203 0.144011 0.689408 0.145357 0.689408 0.148048 0.685817 0.149394 0.685817 0.15074 0.684022 0.152086 0.684022 0.146703 0.684022 0.145357 0.682226 0.141319 0.682226
1 0.483176 0.675045 0.483176 0.678636 0.48183 0.680431 0.48183 0.682226 0.489906 0.682226 0.491252 0.684022 0.497981 0.684022 0.499327 0.685817 0.507402 0.685817 0.508748 0.687612 0.508748 0.684022 0.510094 0.682226 0.510094 0.678636 0.497981 0.678636 0.496635 0.67684 0.484522 0.67684
1 0.395693 0.658887 0.394347 0.660682 0.386272 0.660682 0.386272 0.662478 0.384926 0.664273 0.384926 0.666068 0.38358 0.667864 0.38358 0.669659 0.382234 0.671454 0.382234 0.67325 0.38358 0.675045 0.38358 0.67684 0.387618 0.682226 0.387618 0.684022 0.388964 0.685817 0.398385 0.685817 0.399731 0.687612 0.402423 0.684022 0.403769 0.684022 0.40646 0.680431 0.407806 0.680431 0.409152 0.678636 0.409152 0.671454 0.407806 0.669659 0.407806 0.662478 0.402423 0.662478 0.401077 0.660682 0.397039 0.660682
1 0.526245 0.651706 0.520861 0.658887 0.519515 0.658887 0.516824 0.662478 0.526245 0.675045 0.535666 0.675045 0.537012 0.67325 0.550471 0.67325 0.550471 0.669659 0.551817 0.667864 0.551817 0.666068 0.550471 0.666068 0.549125 0.664273 0.547779 0.664273 0.546433 0.662478 0.545087 0.662478 0.542396 0.658887 0.54105 0.658887 0.539704 0.657092 0.538358 0.657092 0.537012 0.655296 0.532974 0.655296 0.531629 0.653501 0.527591 0.653501
1 0.755047 0.64991 0.753701 0.651706 0.751009 0.651706 0.749664 0.653501 0.746972 0.653501 0.745626 0.655296 0.742934 0.655296 0.740242 0.658887 0.740242 0.660682 0.736205 0.666068 0.74428 0.67684 0.760431 0.67684 0.761777 0.678636 0.763122 0.67684 0.772544 0.67684 0.77389 0.675045 0.775236 0.675045 0.776581 0.67325 0.779273 0.67325 0.780619 0.671454 0.781965 0.671454 0.781965 0.664273 0.780619 0.662478 0.779273 0.662478 0.77389 0.655296 0.772544 0.655296 0.769852 0.651706 0.756393 0.651706
1 0.699865 0.631957 0.69852 0.633752 0.690444 0.633752 0.689098 0.635548 0.681023 0.635548 0.679677 0.637343 0.671602 0.637343 0.671602 0.644524 0.672948 0.642729 0.681023 0.642729 0.682369 0.640934 0.690444 0.640934 0.69179 0.639138 0.699865 0.639138
1 0.971736 0.624776 0.971736 0.628366 0.973082 0.630162 0.973082 0.633752 0.978466 0.633752 0.979812 0.635548 0.986541 0.635548 0.987887 0.637343 0.987887 0.642729 0.986541 0.644524 0.985195 0.642729 0.975774 0.642729 0.974428 0.640934 0.966353 0.640934 0.965007 0.639138 0.955585 0.639138 0.95424 0.637343 0.938089 0.637343 0.936743 0.635548 0.931359 0.635548 0.930013 0.633752 0.925976 0.633752 0.92463 0.631957 0.911171 0.631957 0.909825 0.633752 0.908479 0.633752 0.907133 0.635548 0.908479 0.635548 0.911171 0.639138 0.912517 0.639138 0.915209 0.642729 0.931359 0.642729 0.932705 0.644524 0.942127 0.644524 0.943472 0.64632 0.998654 0.64632 0.998654 0.624776
1 0.484522 0.612208 0.480485 0.617594 0.479139 0.617594 0.477793 0.61939 0.477793 0.621185 0.479139 0.62298 0.479139 0.624776 0.480485 0.62298 0.491252 0.62298 0.492598 0.621185 0.503365 0.621185 0.503365 0.61939 0.504711 0.617594 0.504711 0.615799 0.489906 0.615799 0.48856 0.614004 0.485868 0.614004
1 0.316285 0.606822 0.314939 0.608618 0.310902 0.608618 0.309556 0.610413 0.305518 0.610413 0.305518 0.617594 0.310902 0.617594 0.312248 0.615799 0.313594 0.615799 0.316285 0.612208 0.317631 0.612208 0.318977 0.610413 0.324361 0.610413 0.325707 0.612208 0.329744 0.612208 0.33109 0.614004 0.33109 0.612208 0.332436 0.610413 0.332436 0.608618 0.325707 0.608618 0.324361 0.606822
1 0.333782 0.590664 0.332436 0.59246 0.328398 0.59246 0.327052 0.594255 0.321669 0.594255 0.320323 0.59605 0.316285 0.59605 0.316285 0.597846 0.317631 0.599641 0.317631 0.603232 0.318977 0.601436 0.325707 0.601436 0.327052 0.599641 0.332436 0.599641 0.333782 0.597846 0.356662 0.597846 0.358008 0.599641 0.358008 0.59246 0.351279 0.59246 0.349933 0.590664
1 0.500673 0.574506 0.496635 0.579892 0.495289 0.579892 0.489906 0.587074 0.48856 0.587074 0.487214 0.588869 0.489906 0.59246 0.489906 0.594255 0.491252 0.59605 0.492598 0.594255 0.496635 0.594255 0.497981 0.59246 0.500673 0.59246 0.502019 0.590664 0.51144 0.590664 0.512786 0.59246 0.516824 0.59246 0.51817 0.594255 0.51817 0.590664 0.516824 0.588869 0.516824 0.583483 0.515478 0.583483 0.514132 0.581688 0.51144 0.581688 0.510094 0.579892 0.508748 0.579892 0.507402 0.578097 0.504711 0.578097 0.503365 0.576302 0.502019 0.576302
1 0.611036 0.56912 0.60969 0.570916 0.605653 0.570916 0.606999 0.572711 0.606999 0.574506 0.611036 0.579892 0.611036 0.581688 0.612382 0.583483 0.611036 0.585278 0.601615 0.585278 0.600269 0.587074 0.600269 0.588869 0.597577 0.59246 0.600269 0.59246 0.601615 0.594255 0.604307 0.594255 0.605653 0.59605 0.620458 0.59605 0.623149 0.599641 0.624495 0.599641 0.627187 0.603232 0.628533 0.603232 0.631225 0.606822 0.632571 0.606822 0.635262 0.610413 0.636608 0.610413 0.6393 0.614004 0.644684 0.614004 0.64603 0.615799 0.650067 0.615799 0.651413 0.617594 0.656797 0.617594 0.658143 0.61939 0.660834 0.61939 0.66218 0.621185 0.663526 0.621185 0.664872 0.62298 0.664872 0.621185 0.666218 0.61939 0.666218 0.617594 0.66218 0.617594 0.660834 0.615799 0.655451 0.615799 0.654105 0.614004 0.650067 0.614004 0.648721 0.612208 0.647376 0.612208 0.644684 0.608618 0.643338 0.608618 0.640646 0.605027 0.6393 0.605027 0.636608 0.601436 0.635262 0.601436 0.632571 0.597846 0.631225 0.597846 0.628533 0.594255 0.631225 0.590664 0.632571 0.590664 0.635262 0.587074 0.636608 0.587074 0.635262 0.587074 0.633917 0.585278 0.632571 0.585278 0.631225 0.583483 0.629879 0.583483 0.628533 0.581688 0.627187 0.581688 0.625841 0.579892 0.615074 0.579892 0.613728 0.578097 0.613728 0.576302 0.612382 0.574506 0.612382 0.572711 0.611036 0.570916
1 0.126514 0.56912 0.125168 0.570916 0.118439 0.570916 0.117093 0.572711 0.111709 0.572711 0.110363 0.574506 0.103634 0.574506 0.102288 0.576302 0.096904 0.576302 0.095559 0.578097 0.088829 0.578097 0.087483 0.579892 0.0821 0.579892 0.080754 0.581688 0.074024 0.581688 0.072678 0.583483 0.067295 0.583483 0.065949 0.585278 0.059219 0.585278 0.057873 0.587074 0.05249 0.587074 0.051144 0.588869 0.039031 0.588869 0.037685 0.587074 0.032301 0.587074 0.030956 0.585278 0.0 0.585278 0.0 0.59246 0.02288 0.59246 0.024226 0.594255 0.028264 0.594255 0.02961 0.59605 0.032301 0.59605 0.033647 0.597846 0.034993 0.59605 0.041723 0.59605 0.043069 0.594255 0.048452 0.594255 0.049798 0.59246 0.056528 0.59246 0.057873 0.590664 0.065949 0.590664 0.067295 0.588869 0.07537 0.588869 0.076716 0.587074 0.084791 0.587074 0.086137 0.585278 0.094213 0.585278 0.095559 0.583483 0.118439 0.583483 0.119785 0.585278 0.13459 0.585278 0.135935 0.587074 0.138627 0.587074 0.139973 0.588869 0.141319 0.588869 0.142665 0.590664 0.145357 0.590664 0.146703 0.59246 0.148048 0.59246 0.149394 0.594255 0.152086 0.594255 0.153432 0.59605 0.154778 0.59605 0.156124 0.597846 0.162853 0.597846 0.164199 0.599641 0.169583 0.599641 0.170929 0.601436 0.177658 0.601436 0.179004 0.603232 0.184388 0.603232 0.185734 0.605027 0.192463 0.605027 0.193809 0.606822 0.228802 0.606822 0.230148 0.608618 0.230148 0.605027 0.231494 0.603232 0.231494 0.601436 0.220727 0.601436 0.219381 0.599641 0.207268 0.599641 0.205922 0.597846 0.195155 0.597846 0.193809 0.59605 0.181696 0.59605 0.18035 0.594255 0.169583 0.594255 0.168237 0.59246 0.166891 0.59246 0.165545 0.590664 0.162853 0.590664 0.161507 0.588869 0.160162 0.588869 0.158816 0.587074 0.156124 0.587074 0.154778 0.585278 0.153432 0.585278 0.152086 0.583483 0.15074 0.583483 0.149394 0.581688 0.146703 0.581688 0.145357 0.579892 0.144011 0.579892 0.142665 0.578097 0.141319 0.578097 0.139973 0.576302 0.137281 0.576302 0.135935 0.574506 0.13459 0.574506 0.133244 0.572711 0.130552 0.572711 0.129206 0.570916 0.12786 0.570916
