0 0.108037 0.676056 0.106719 0.677817 0.096179 0.677817 0.094862 0.679577 0.090909 0.679577 0.089592 0.681338 0.084321 0.681338 0.084321 0.691901 0.110672 0.691901 0.110672 0.690141 0.111989 0.68838 0.111989 0.681338
0 0.412385 0.577465 0.412385 0.579225 0.411067 0.580986 0.411067 0.582746 0.40975 0.584507 0.40975 0.588028 0.413702 0.588028 0.41502 0.586268 0.41502 0.582746 0.416337 0.580986 0.416337 0.579225 0.413702 0.579225
0 0.445323 0.526408 0.445323 0.528169 0.444005 0.52993 0.444005 0.53169 0.442688 0.533451 0.44664 0.538732 0.449275 0.538732 0.450593 0.540493 0.453228 0.540493 0.453228 0.538732 0.454545 0.536972 0.454545 0.535211 0.455863 0.533451 0.455863 0.53169 0.454545 0.53169 0.453228 0.52993 0.450593 0.52993 0.449275 0.528169 0.44664 0.528169
0 0.368906 0.471831 0.368906 0.484155 0.383399 0.484155 0.383399 0.480634 0.382082 0.478873 0.382082 0.473592 0.370224 0.473592
0 0.27141 0.364437 0.270092 0.366197 0.26087 0.366197 0.26087 0.369718 0.259552 0.371479 0.259552 0.375 0.26087 0.373239 0.270092 0.373239 0.270092 0.369718 0.27141 0.367958
1 0.981555 0.806338 0.981555 0.808099 0.980237 0.809859 0.980237 0.81338 0.97365 0.822183 0.97365 0.827465 0.972332 0.829225 0.972332 0.834507 0.969697 0.838028 0.969697 0.839789 0.965744 0.84507 0.965744 0.846831 0.964427 0.848592 0.964427 0.850352 0.965744 0.852113 0.965744 0.853873 0.967062 0.853873 0.969697 0.850352 0.971014 0.850352 0.971014 0.846831 0.972332 0.84507 0.972332 0.839789 0.97365 0.838028 0.97365 0.834507 0.974967 0.832746 0.974967 0.830986 0.976285 0.829225 0.976285 0.827465 0.977602 0.825704 0.977602 0.823944 0.97892 0.822183 0.97892 0.820423 0.980237 0.818662 0.980237 0.816901 0.981555 0.815141
1 0.972332 0.480634 0.971014 0.482394 0.965744 0.482394 0.964427 0.484155 0.948617 0.484155 0.947299 0.485915 0.928854 0.485915 0.927536 0.487676 0.910408 0.487676 0.909091 0.489437 0.890646 0.489437 0.889328 0.491197 0.888011 0.491197 0.886693 0.492958 0.884058 0.492958 0.885375 0.494718 0.885375 0.496479 0.886693 0.498239 0.886693 0.5 0.888011 0.501761 0.889328 0.5 0.922266 0.5 0.923584 0.498239 0.924901 0.498239 0.926219 0.496479 0.944664 0.496479 0.945982 0.498239 0.942029 0.503521 0.974967 0.503521 0.976285 0.501761 0.981555 0.501761 0.980237 0.5 0.97892 0.5 0.974967 0.494718 0.976285 0.492958 0.97892 0.492958 0.980237 0.491197 0.98419 0.491197 0.982872 0.489437 0.982872 0.487676 0.980237 0.484155 0.980237 0.482394 0.97892 0.480634
1 0.919631 0.459507 0.918314 0.461268 0.915679 0.461268 0.914361 0.463028 0.913043 0.463028 0.911726 0.464789 0.909091 0.464789 0.913043 0.464789 0.914361 0.466549 0.913043 0.46831 0.899868 0.46831 0.898551 0.47007 0.888011 0.47007 0.886693 0.471831 0.87747 0.471831 0.876153 0.473592 0.865613 0.473592 0.865613 0.482394 0.86693 0.480634 0.88274 0.480634 0.884058 0.478873 0.899868 0.478873 0.901186 0.477113 0.906456 0.477113 0.907773 0.475352 0.935441 0.475352 0.942029 0.466549 0.939394 0.463028 0.939394 0.461268 0.938076 0.459507
1 0.943347 0.422535 0.942029 0.424296 0.932806 0.424296 0.931489 0.426056 0.920949 0.426056 0.920949 0.429577 0.935441 0.429577 0.938076 0.433099 0.939394 0.431338 0.955204 0.431338 0.961792 0.440141 0.965744 0.440141 0.967062 0.441901 0.969697 0.441901 0.971014 0.443662 0.972332 0.441901 0.980237 0.441901 0.980237 0.440141 0.981555 0.43838 0.981555 0.43662 0.969697 0.43662 0.968379 0.434859 0.965744 0.434859 0.964427 0.433099 0.963109 0.433099 0.960474 0.429577 0.959157 0.429577 0.956522 0.426056 0.951252 0.426056 0.949934 0.424296 0.944664 0.424296
1 0.870883 0.40669 0.865613 0.413732 0.862978 0.413732 0.86166 0.411972 0.860343 0.411972 0.859025 0.410211 0.857708 0.411972 0.847167 0.411972 0.84585 0.413732 0.84585 0.415493 0.844532 0.417254 0.844532 0.419014 0.841897 0.422535 0.83531 0.422535 0.833992 0.424296 0.828722 0.424296 0.827404 0.422535 0.828722 0.420775 0.828722 0.419014 0.83004 0.417254 0.83004 0.415493 0.831357 0.413732 0.83004 0.415493 0.827404 0.415493 0.826087 0.417254 0.823452 0.417254 0.822134 0.419014 0.818182 0.419014 0.816864 0.420775 0.814229 0.420775 0.812912 0.422535 0.810277 0.422535 0.808959 0.424296 0.807642 0.424296 0.806324 0.426056 0.805007 0.426056 0.806324 0.426056 0.807642 0.427817 0.808959 0.427817 0.810277 0.429577 0.811594 0.429577 0.812912 0.431338 0.814229 0.431338 0.815547 0.433099 0.816864 0.433099 0.818182 0.434859 0.819499 0.434859 0.820817 0.43662 0.836627 0.43662 0.837945 0.43838 0.837945 0.440141 0.836627 0.441901 0.836627 0.443662 0.83531 0.445423 0.83531 0.448944 0.836627 0.450704 0.836627 0.454225 0.837945 0.452465 0.86693 0.452465 0.868248 0.450704 0.888011 0.450704 0.889328 0.452465 0.888011 0.450704 0.888011 0.448944 0.885375 0.448944 0.884058 0.447183 0.88274 0.447183 0.881423 0.445423 0.884058 0.441901 0.884058 0.43838 0.885375 0.43662 0.886693 0.43662 0.888011 0.43838 0.893281 0.431338 0.885375 0.431338 0.884058 0.429577 0.885375 0.427817 0.895916 0.427817 0.901186 0.420775 0.902503 0.420775 0.903821 0.419014 0.905138 0.419014 0.906456 0.417254 0.907773 0.417254 0.907773 0.411972 0.901186 0.411972 0.899868 0.410211 0.898551 0.411972 0.893281 0.411972 0.891963 0.413732 0.885375 0.413732 0.884058 0.415493 0.869565 0.415493 0.868248 0.413732 0.869565 0.411972 0.869565 0.410211 0.870883 0.408451
1 0.990777 0.399648 0.98946 0.401408 0.982872 0.401408 0.981555 0.403169 0.976285 0.403169 0.971014 0.410211 0.971014 0.411972 0.969697 0.413732 0.969697 0.415493 0.990777 0.415493 0.99473 0.410211 0.996047 0.410211 0.998682 0.40669 0.998682 0.399648
