0 0.386272 0.820467 0.38358 0.824057 0.382234 0.824057 0.382234 0.827648 0.38358 0.829443 0.38358 0.833034 0.384926 0.831239 0.394347 0.831239 0.394347 0.820467
0 0.043069 0.759425 0.043069 0.761221 0.041723 0.763016 0.041723 0.764811 0.040377 0.766607 0.043069 0.766607 0.044415 0.768402 0.047106 0.764811 0.048452 0.764811 0.051144 0.761221 0.05249 0.761221 0.044415 0.761221
0 0.137281 0.734291 0.129206 0.745063 0.12786 0.745063 0.126514 0.746858 0.123822 0.746858 0.122476 0.748654 0.121131 0.748654 0.119785 0.750449 0.117093 0.750449 0.115747 0.752244 0.114401 0.752244 0.114401 0.75763 0.115747 0.755835 0.119785 0.755835 0.121131 0.754039 0.123822 0.754039 0.125168 0.752244 0.129206 0.752244 0.130552 0.750449 0.133244 0.750449 0.13459 0.748654 0.137281 0.748654 0.138627 0.746858 0.141319 0.746858 0.142665 0.745063 0.145357 0.745063 0.148048 0.741472 0.146703 0.741472 0.145357 0.739677 0.144011 0.739677 0.142665 0.737882 0.141319 0.737882 0.139973 0.736086 0.138627 0.736086
0 0.327052 0.710952 0.325707 0.712747 0.313594 0.712747 0.313594 0.714542 0.312248 0.716338 0.312248 0.719928 0.310902 0.721724 0.310902 0.723519 0.320323 0.723519 0.321669 0.725314 0.327052 0.718133 0.333782 0.718133 0.332436 0.716338 0.33109 0.716338
0 0.172275 0.682226 0.172275 0.687612 0.170929 0.689408 0.170929 0.692998 0.174966 0.692998 0.176312 0.694794 0.177658 0.692998 0.179004 0.692998 0.18035 0.691203 0.181696 0.691203 0.183042 0.689408 0.184388 0.689408 0.185734 0.687612 0.187079 0.687612 0.183042 0.682226
0 0.248991 0.678636 0.247645 0.680431 0.238223 0.680431 0.236878 0.682226 0.227456 0.682226 0.22611 0.684022 0.22611 0.685817 0.224764 0.687612 0.224764 0.689408 0.223419 0.691203 0.224764 0.692998 0.22611 0.692998 0.230148 0.698384 0.231494 0.696589 0.23284 0.696589 0.234186 0.694794 0.236878 0.694794 0.238223 0.692998 0.244953 0.692998 0.246299 0.691203 0.253028 0.691203 0.254374 0.689408 0.261104 0.689408 0.263795 0.685817 0.261104 0.685817 0.259758 0.684022 0.257066 0.684022 0.25572 0.682226 0.254374 0.682226 0.253028 0.680431 0.250336 0.680431
0 0.516824 0.608618 0.515478 0.610413 0.514132 0.610413 0.512786 0.612208 0.51144 0.612208 0.510094 0.614004 0.508748 0.614004 0.507402 0.615799 0.506057 0.615799 0.504711 0.617594 0.503365 0.617594 0.503365 0.621185 0.502019 0.62298 0.502019 0.626571 0.520861 0.626571 0.522207 0.624776 0.523553 0.624776 0.524899 0.62298 0.526245 0.62298 0.527591 0.621185 0.528937 0.621185 0.530283 0.61939 0.531629 0.61939 0.532974 0.617594 0.53432 0.617594 0.53432 0.608618
0 0.201884 0.605027 0.200538 0.606822 0.185734 0.606822 0.185734 0.612208 0.192463 0.612208 0.193809 0.614004 0.195155 0.612208 0.197847 0.612208 0.199192 0.610413 0.201884 0.610413
0 0.772544 0.441652 0.771198 0.443447 0.768506 0.443447 0.76716 0.445242 0.764468 0.445242 0.763122 0.447038 0.761777 0.447038 0.760431 0.448833 0.757739 0.448833 0.756393 0.450628 0.753701 0.450628 0.753701 0.454219 0.764468 0.454219 0.765814 0.456014 0.76716 0.454219 0.768506 0.454219 0.769852 0.452424 0.771198 0.452424 0.772544 0.450628 0.77389 0.450628 0.775236 0.448833 0.776581 0.448833 0.77389 0.445242 0.77389 0.443447
0 0.096904 0.438061 0.095559 0.439856 0.084791 0.439856 0.083445 0.441652 0.072678 0.441652 0.071332 0.443447 0.068641 0.443447 0.067295 0.445242 0.064603 0.445242 0.064603 0.447038 0.065949 0.448833 0.065949 0.452424 0.067295 0.454219 0.067295 0.456014 0.068641 0.454219 0.086137 0.454219 0.087483 0.452424 0.10498 0.452424 0.10498 0.447038 0.102288 0.443447 0.100942 0.443447
0 0.065949 0.416517 0.064603 0.418312 0.063257 0.418312 0.061911 0.420108 0.060565 0.420108 0.059219 0.421903 0.057873 0.421903 0.057873 0.423698 0.059219 0.425494 0.059219 0.427289 0.071332 0.427289 0.071332 0.420108 0.069987 0.420108 0.068641 0.418312 0.067295 0.418312
0 0.370121 0.414722 0.368775 0.416517 0.368775 0.418312 0.366083 0.421903 0.366083 0.423698 0.359354 0.432675 0.358008 0.432675 0.35397 0.438061 0.355316 0.439856 0.356662 0.439856 0.359354 0.443447 0.3607 0.441652 0.363392 0.441652 0.364738 0.439856 0.367429 0.439856 0.368775 0.438061 0.371467 0.438061 0.372813 0.436266 0.38358 0.436266 0.384926 0.438061 0.395693 0.438061 0.397039 0.439856 0.402423 0.432675 0.401077 0.432675 0.398385 0.429084 0.397039 0.429084 0.395693 0.427289 0.394347 0.427289 0.393001 0.425494 0.39031 0.425494 0.388964 0.423698 0.387618 0.423698 0.386272 0.421903 0.38358 0.421903 0.382234 0.420108 0.379542 0.420108 0.378197 0.418312 0.375505 0.418312 0.374159 0.416517 0.371467 0.416517
0 0.009421 0.414722 0.009421 0.421903 0.008075 0.423698 0.008075 0.429084 0.014805 0.429084 0.016151 0.43088 0.018843 0.427289 0.018843 0.421903 0.020188 0.420108 0.020188 0.414722
0 0.438762 0.396768 0.437416 0.398564 0.437416 0.400359 0.434724 0.40395 0.433378 0.40395 0.432032 0.405745 0.430686 0.405745 0.429341 0.40754 0.426649 0.40754 0.425303 0.409336 0.423957 0.409336 0.422611 0.411131 0.421265 0.411131 0.426649 0.411131 0.427995 0.412926 0.432032 0.412926 0.433378 0.414722 0.442799 0.414722 0.444145 0.416517 0.454913 0.402154 0.450875 0.402154 0.449529 0.400359 0.445491 0.400359 0.444145 0.398564 0.440108 0.398564
0 0.23284 0.394973 0.230148 0.398564 0.228802 0.398564 0.227456 0.400359 0.227456 0.409336 0.228802 0.411131 0.228802 0.414722 0.230148 0.416517 0.230148 0.421903 0.231494 0.423698 0.231494 0.425494 0.23284 0.423698 0.254374 0.423698 0.25572 0.425494 0.263795 0.425494 0.265141 0.427289 0.273217 0.427289 0.274563 0.429084 0.275908 0.427289 0.277254 0.427289 0.2786 0.425494 0.279946 0.425494 0.277254 0.421903 0.275908 0.421903 0.270525 0.414722 0.267833 0.414722 0.266487 0.412926 0.265141 0.412926 0.263795 0.411131 0.261104 0.411131 0.259758 0.409336 0.258412 0.409336 0.257066 0.40754 0.254374 0.40754 0.253028 0.405745 0.251682 0.405745 0.250336 0.40395 0.247645 0.40395 0.246299 0.402154 0.244953 0.402154 0.243607 0.400359 0.240915 0.400359 0.239569 0.398564 0.238223 0.398564 0.236878 0.396768 0.234186 0.396768
0 0.934051 0.384201 0.934051 0.385996 0.932705 0.387792 0.932705 0.389587 0.931359 0.391382 0.938089 0.391382 0.939435 0.393178 0.942127 0.389587 0.943472 0.389587 0.939435 0.384201
0 0.04576 0.236984 0.043069 0.240575 0.041723 0.240575 0.039031 0.244165 0.037685 0.244165 0.036339 0.245961 0.036339 0.256732 0.040377 0.256732 0.041723 0.258528 0.044415 0.258528 0.04576 0.260323 0.047106 0.258528 0.056528 0.258528 0.057873 0.256732 0.057873 0.254937 0.060565 0.251346 0.057873 0.247756 0.057873 0.245961 0.053836 0.240575 0.053836 0.238779 0.05249 0.236984
0 0.741588 0.220826 0.740242 0.222621 0.738896 0.222621 0.73755 0.224417 0.734859 0.224417 0.733513 0.226212 0.732167 0.226212 0.73755 0.233393 0.738896 0.231598 0.740242 0.231598 0.742934 0.228007 0.74428 0.228007 0.745626 0.226212 0.746972 0.226212 0.745626 0.224417 0.74428 0.224417
0 0.339166 0.195691 0.33782 0.197487 0.332436 0.197487 0.33109 0.199282 0.317631 0.199282 0.316285 0.197487 0.313594 0.201077 0.312248 0.201077 0.309556 0.204668 0.30821 0.204668 0.306864 0.206463 0.312248 0.206463 0.313594 0.204668 0.336474 0.204668 0.33782 0.206463 0.340511 0.206463 0.341857 0.208259 0.343203 0.208259 0.344549 0.210054 0.345895 0.208259 0.349933 0.208259 0.349933 0.206463 0.351279 0.204668 0.351279 0.202873 0.349933 0.202873 0.348587 0.201077 0.345895 0.201077 0.344549 0.199282 0.343203 0.199282 0.341857 0.197487 0.340511 0.197487
0 0.710633 0.156194 0.705249 0.163375 0.703903 0.163375 0.695828 0.174147 0.695828 0.175943 0.697174 0.177738 0.697174 0.181329 0.702557 0.181329 0.703903 0.183124 0.710633 0.174147 0.71467 0.174147 0.716016 0.172352 0.725437 0.172352 0.725437 0.170557 0.726783 0.168761 0.726783 0.166966 0.728129 0.165171 0.728129 0.163375 0.729475 0.16158 0.729475 0.159785 0.728129 0.16158 0.716016 0.16158 0.713324 0.157989 0.711978 0.157989
1 0.251682 0.922801 0.250336 0.924596 0.248991 0.924596 0.246299 0.928187 0.244953 0.928187 0.243607 0.929982 0.242261 0.929982 0.240915 0.931777 0.239569 0.931777 0.236878 0.935368 0.235532 0.935368 0.234186 0.937163 0.22611 0.937163 0.224764 0.938959 0.222073 0.938959 0.220727 0.940754 0.218035 0.940754 0.216689 0.942549 0.215343 0.942549 0.213997 0.944345 0.211306 0.944345 0.20996 0.94614 0.207268 0.94614 0.205922 0.947935 0.20323 0.947935 0.201884 0.949731 0.200538 0.949731 0.199192 0.951526 0.196501 0.951526 0.195155 0.953321 0.192463 0.953321 0.191117 0.955117 0.188425 0.955117 0.187079 0.956912 0.184388 0.956912 0.183042 0.958707 0.181696 0.958707 0.18035 0.960503 0.177658 0.960503 0.176312 0.962298 0.17362 0.962298 0.172275 0.964093 0.169583 0.964093 0.168237 0.965889 0.165545 0.965889 0.164199 0.967684 0.162853 0.967684 0.161507 0.969479 0.158816 0.969479 0.15747 0.971275 0.154778 0.971275 0.153432 0.97307 0.15074 0.97307 0.149394 0.974865 0.148048 0.974865 0.146703 0.976661 0.144011 0.976661 0.142665 0.978456 0.139973 0.978456 0.139973 0.982047 0.138627 0.983842 0.138627 0.987433 0.137281 0.989228 0.137281 0.991023 0.133244 0.996409 0.133244 0.998205 0.142665 0.998205 0.145357 0.994614 0.146703 0.994614 0.149394 0.991023 0.15074 0.991023 0.152086 0.989228 0.153432 0.989228 0.156124 0.985637 0.15747 0.985637 0.158816 0.983842 0.160162 0.983842 0.162853 0.980251 0.164199 0.980251 0.166891 0.976661 0.168237 0.976661 0.168237 0.971275 0.169583 0.969479 0.172275 0.969479 0.17362 0.967684 0.174966 0.967684 0.176312 0.965889 0.179004 0.965889 0.18035 0.964093 0.183042 0.964093 0.184388 0.962298 0.185734 0.962298 0.187079 0.960503 0.189771 0.960503 0.191117 0.958707 0.193809 0.958707 0.195155 0.956912 0.196501 0.956912 0.197847 0.955117 0.200538 0.955117 0.201884 0.953321 0.204576 0.953321 0.205922 0.951526 0.208614 0.951526 0.20996 0.949731 0.211306 0.949731 0.212651 0.947935 0.215343 0.947935 0.216689 0.94614 0.219381 0.94614 0.220727 0.944345 0.222073 0.944345 0.223419 0.942549 0.231494 0.942549 0.23284 0.944345 0.234186 0.942549 0.236878 0.942549 0.238223 0.940754 0.239569 0.940754 0.240915 0.938959 0.243607 0.938959 0.244953 0.937163 0.244953 0.935368 0.247645 0.931777 0.247645 0.929982 0.250336 0.926391 0.250336 0.924596
1 0.69852 0.859964 0.697174 0.861759 0.697174 0.863555 0.695828 0.86535 0.695828 0.867145 0.694482 0.868941 0.694482 0.870736 0.693136 0.872531 0.693136 0.874327 0.690444 0.877917 0.690444 0.879713 0.689098 0.881508 0.689098 0.883303 0.687752 0.885099 0.687752 0.886894 0.686406 0.888689 0.689098 0.89228 0.69852 0.89228 0.699865 0.894075 0.69852 0.895871 0.69852 0.901257 0.697174 0.903052 0.697174 0.904847 0.69852 0.904847 0.701211 0.908438 0.701211 0.906643 0.702557 0.904847 0.702557 0.899461 0.703903 0.897666 0.703903 0.894075 0.705249 0.89228 0.705249 0.881508 0.706595 0.879713 0.706595 0.872531 0.705249 0.874327 0.701211 0.874327 0.699865 0.872531 0.699865 0.870736 0.701211 0.868941 0.701211 0.863555 0.702557 0.861759 0.702557 0.859964
1 0.985195 0.791741 0.985195 0.795332 0.983849 0.797127 0.983849 0.804309 0.982503 0.806104 0.982503 0.81149 0.981157 0.813285 0.979812 0.813285 0.978466 0.81149 0.978466 0.809695 0.974428 0.809695 0.974428 0.815081 0.973082 0.816876 0.962315 0.816876 0.960969 0.815081 0.960969 0.818671 0.962315 0.820467 0.962315 0.825853 0.978466 0.825853 0.979812 0.827648 0.979812 0.833034 0.978466 0.834829 0.978466 0.843806 0.97712 0.845601 0.97712 0.850987 0.978466 0.850987 0.979812 0.852783 0.979812 0.849192 0.981157 0.847397 0.981157 0.840215 0.982503 0.83842 0.982503 0.833034 0.983849 0.831239 0.983849 0.829443 0.985195 0.827648 0.986541 0.827648 0.987887 0.829443 0.990579 0.829443 0.991925 0.831239 0.994616 0.831239 0.995962 0.833034 0.998654 0.833034 0.998654 0.820467 0.987887 0.820467 0.986541 0.818671 0.986541 0.807899 0.987887 0.806104 0.987887 0.793537 0.986541 0.793537
1 0.432032 0.770197 0.430686 0.771993 0.430686 0.773788 0.427995 0.777379 0.427995 0.779174 0.426649 0.780969 0.426649 0.782765 0.425303 0.78456 0.425303 0.788151 0.423957 0.789946 0.423957 0.793537 0.422611 0.795332 0.422611 0.798923 0.421265 0.800718 0.421265 0.804309 0.419919 0.806104 0.419919 0.809695 0.418573 0.81149 0.418573 0.813285 0.417227 0.815081 0.417227 0.818671 0.415882 0.820467 0.415882 0.824057 0.414536 0.825853 0.414536 0.829443 0.41319 0.831239 0.41319 0.834829 0.411844 0.836625 0.411844 0.840215 0.410498 0.842011 0.410498 0.852783 0.409152 0.854578 0.409152 0.872531 0.407806 0.874327 0.407806 0.89228 0.40646 0.894075 0.40646 0.903052 0.407806 0.903052 0.409152 0.904847 0.410498 0.904847 0.411844 0.906643 0.411844 0.904847 0.41319 0.903052 0.41319 0.899461 0.414536 0.897666 0.414536 0.895871 0.415882 0.894075 0.415882 0.890485 0.418573 0.886894 0.421265 0.886894 0.422611 0.888689 0.425303 0.888689 0.426649 0.890485 0.427995 0.888689 0.427995 0.886894 0.430686 0.883303 0.430686 0.881508 0.434724 0.876122 0.434724 0.874327 0.437416 0.870736 0.437416 0.868941 0.438762 0.867145 0.441454 0.867145 0.442799 0.868941 0.444145 0.868941 0.445491 0.870736 0.448183 0.870736 0.449529 0.872531 0.452221 0.872531 0.453567 0.874327 0.454913 0.874327 0.456258 0.876122 0.45895 0.876122 0.461642 0.879713 0.462988 0.879713 0.46568 0.883303 0.467026 0.883303 0.469717 0.886894 0.471063 0.886894 0.473755 0.890485 0.475101 0.890485 0.479139 0.895871 0.480485 0.895871 0.483176 0.899461 0.484522 0.899461 0.487214 0.903052 0.48856 0.903052 0.491252 0.906643 0.492598 0.906643 0.496635 0.912029 0.497981 0.912029 0.500673 0.915619 0.502019 0.915619 0.504711 0.91921 0.506057 0.91921 0.508748 0.922801 0.510094 0.922801 0.512786 0.926391 0.515478 0.926391 0.515478 0.924596 0.516824 0.922801 0.516824 0.921005 0.515478 0.91921 0.514132 0.91921 0.51144 0.915619 0.510094 0.915619 0.506057 0.910233 0.504711 0.910233 0.502019 0.906643 0.500673 0.906643 0.496635 0.901257 0.495289 0.901257 0.492598 0.897666 0.491252 0.897666 0.487214 0.89228 0.485868 0.89228 0.483176 0.888689 0.48183 0.888689 0.477793 0.883303 0.476447 0.883303 0.473755 0.879713 0.472409 0.879713 0.468371 0.874327 0.467026 0.874327 0.464334 0.870736 0.462988 0.870736 0.460296 0.867145 0.461642 0.86535 0.467026 0.86535 0.468371 0.863555 0.473755 0.863555 0.473755 0.861759 0.475101 0.859964 0.475101 0.858169 0.469717 0.850987 0.468371 0.852783 0.464334 0.852783 0.462988 0.854578 0.45895 0.854578 0.457604 0.856373 0.453567 0.856373 0.452221 0.858169 0.445491 0.858169 0.444145 0.856373 0.442799 0.856373 0.441454 0.854578 0.438762 0.854578 0.437416 0.852783 0.43607 0.852783 0.434724 0.850987 0.432032 0.850987 0.430686 0.849192 0.429341 0.849192 0.427995 0.847397 0.427995 0.849192 0.426649 0.850987 0.426649 0.852783 0.425303 0.854578 0.425303 0.856373 0.422611 0.859964 0.419919 0.856373 0.418573 0.856373 0.417227 0.854578 0.417227 0.850987 0.418573 0.849192 0.418573 0.842011 0.419919 0.840215 0.419919 0.831239 0.421265 0.829443 0.421265 0.822262 0.422611 0.820467 0.422611 0.815081 0.423957 0.813285 0.423957 0.81149 0.425303 0.809695 0.425303 0.807899 0.426649 0.806104 0.426649 0.804309 0.427995 0.802513 0.427995 0.800718 0.429341 0.798923 0.429341 0.797127 0.430686 0.795332 0.430686 0.793537 0.432032 0.791741 0.432032 0.789946 0.433378 0.788151 0.433378 0.786355 0.434724 0.78456 0.434724 0.782765 0.43607 0.780969 0.43607 0.779174 0.437416 0.777379 0.437416 0.775583 0.438762 0.773788 0.43607 0.773788 0.434724 0.771993 0.433378 0.771993
1 0.952894 0.725314 0.94751 0.732496 0.94751 0.734291 0.938089 0.746858 0.938089 0.748654 0.928668 0.761221 0.928668 0.763016 0.923284 0.770197 0.925976 0.770197 0.927322 0.771993 0.940781 0.754039 0.940781 0.752244 0.95424 0.734291 0.95424 0.7307 0.952894 0.728905
1 0.746972 0.70018 0.745626 0.701975 0.74428 0.701975 0.742934 0.70377 0.740242 0.70377 0.738896 0.705566 0.73755 0.705566 0.736205 0.707361 0.733513 0.707361 0.732167 0.709156 0.730821 0.709156 0.729475 0.710952 0.728129 0.710952 0.726783 0.712747 0.724092 0.712747 0.722746 0.714542 0.7214 0.714542 0.720054 0.716338 0.717362 0.716338 0.716016 0.718133 0.710633 0.718133 0.710633 0.7307 0.709287 0.732496 0.709287 0.745063 0.716016 0.745063 0.716016 0.741472 0.717362 0.739677 0.717362 0.7307 0.718708 0.728905 0.718708 0.725314 0.720054 0.723519 0.7214 0.723519 0.722746 0.721724 0.724092 0.721724 0.725437 0.719928 0.726783 0.719928 0.728129 0.718133 0.729475 0.718133 0.730821 0.716338 0.732167 0.716338 0.734859 0.712747 0.736205 0.712747 0.73755 0.710952 0.738896 0.710952 0.740242 0.709156 0.741588 0.709156 0.742934 0.707361 0.74428 0.707361 0.745626 0.705566 0.746972 0.705566 0.748318 0.70377 0.749664 0.70377
1 0.815612 0.608618 0.815612 0.612208 0.814266 0.614004 0.814266 0.61939 0.812921 0.621185 0.812921 0.626571 0.811575 0.628366 0.811575 0.633752 0.810229 0.635548 0.810229 0.640934 0.808883 0.642729 0.808883 0.64632 0.810229 0.64632 0.811575 0.648115 0.811575 0.64632 0.812921 0.644524 0.812921 0.639138 0.814266 0.637343 0.814266 0.631957 0.815612 0.630162 0.815612 0.626571 0.816958 0.624776 0.816958 0.61939 0.818304 0.617594 0.818304 0.612208 0.81965 0.610413 0.81965 0.608618
1 0.776581 0.606822 0.776581 0.608618 0.775236 0.610413 0.775236 0.612208 0.77389 0.614004 0.776581 0.614004 0.777927 0.615799 0.779273 0.615799 0.780619 0.617594 0.783311 0.617594 0.784657 0.61939 0.787349 0.61939 0.788694 0.621185 0.79004 0.621185 0.791386 0.62298 0.794078 0.62298 0.795424 0.624776 0.798116 0.621185 0.79677 0.621185 0.795424 0.61939 0.794078 0.61939 0.792732 0.617594 0.791386 0.617594 0.79004 0.615799 0.788694 0.615799 0.787349 0.614004 0.786003 0.614004 0.784657 0.612208 0.783311 0.612208 0.781965 0.610413 0.780619 0.610413 0.779273 0.608618 0.777927 0.608618
1 0.997308 0.590664 0.994616 0.594255 0.993271 0.594255 0.990579 0.597846 0.989233 0.597846 0.986541 0.601436 0.985195 0.601436 0.982503 0.605027 0.981157 0.605027 0.982503 0.605027 0.983849 0.606822 0.986541 0.606822 0.987887 0.608618 0.989233 0.608618 0.990579 0.610413 0.990579 0.614004 0.991925 0.615799 0.991925 0.621185 0.990579 0.62298 0.982503 0.62298 0.981157 0.621185 0.979812 0.621185 0.978466 0.61939 0.97712 0.61939 0.975774 0.617594 0.975774 0.615799 0.974428 0.614004 0.974428 0.612208 0.973082 0.610413 0.973082 0.608618 0.971736 0.606822 0.971736 0.605027 0.97039 0.606822 0.97039 0.608618 0.966353 0.614004 0.966353 0.615799 0.962315 0.621185 0.960969 0.621185 0.955585 0.628366 0.95424 0.628366 0.950202 0.633752 0.948856 0.633752 0.943472 0.640934 0.942127 0.640934 0.940781 0.642729 0.940781 0.644524 0.939435 0.64632 0.939435 0.651706 0.938089 0.653501 0.938089 0.658887 0.936743 0.660682 0.936743 0.666068 0.935397 0.667864 0.935397 0.669659 0.934051 0.671454 0.916555 0.671454 0.915209 0.67325 0.897712 0.67325 0.900404 0.67684 0.900404 0.678636 0.904441 0.684022 0.904441 0.685817 0.908479 0.691203 0.908479 0.692998 0.909825 0.694794 0.909825 0.698384 0.911171 0.70018 0.911171 0.716338 0.912517 0.718133 0.912517 0.719928 0.913863 0.721724 0.913863 0.725314 0.915209 0.72711 0.915209 0.728905 0.913863 0.7307 0.912517 0.7307 0.911171 0.732496 0.908479 0.732496 0.905787 0.736086 0.904441 0.736086 0.900404 0.741472 0.899058 0.741472 0.89502 0.746858 0.893674 0.746858 0.892328 0.748654 0.892328 0.752244 0.893674 0.754039 0.893674 0.759425 0.896366 0.755835 0.897712 0.755835 0.900404 0.752244 0.900404 0.750449 0.90175 0.748654 0.90175 0.746858 0.904441 0.743268 0.905787 0.743268 0.907133 0.741472 0.909825 0.741472 0.911171 0.739677 0.912517 0.739677 0.913863 0.737882 0.915209 0.737882 0.916555 0.736086 0.9179 0.736086 0.919246 0.734291 0.921938 0.734291 0.923284 0.732496 0.92463 0.732496 0.925976 0.7307 0.925976 0.728905 0.928668 0.725314 0.9179 0.725314 0.916555 0.723519 0.916555 0.718133 0.915209 0.716338 0.915209 0.709156 0.9179 0.705566 0.919246 0.705566 0.921938 0.701975 0.923284 0.701975 0.923284 0.70018 0.921938 0.698384 0.921938 0.694794 0.920592 0.692998 0.919246 0.692998 0.913863 0.685817 0.912517 0.685817 0.907133 0.678636 0.905787 0.678636 0.904441 0.67684 0.905787 0.675045 0.925976 0.675045 0.927322 0.67325 0.932705 0.67325 0.934051 0.671454 0.939435 0.671454 0.940781 0.669659 0.940781 0.667864 0.942127 0.666068 0.942127 0.664273 0.943472 0.662478 0.943472 0.660682 0.944818 0.658887 0.944818 0.657092 0.946164 0.655296 0.946164 0.653501 0.948856 0.64991 0.948856 0.648115 0.950202 0.64632 0.950202 0.644524 0.951548 0.642729 0.951548 0.640934 0.952894 0.639138 0.952894 0.637343 0.95424 0.635548 0.95424 0.633752 0.955585 0.631957 0.962315 0.631957 0.963661 0.633752 0.963661 0.637343 0.962315 0.639138 0.962315 0.651706 0.960969 0.653501 0.960969 0.658887 0.965007 0.658887 0.966353 0.660682 0.973082 0.651706 0.974428 0.651706 0.978466 0.64632 0.981157 0.64991 0.982503 0.64991 0.986541 0.655296 0.979812 0.664273 0.978466 0.664273 0.975774 0.667864 0.974428 0.667864 0.973082 0.669659 0.971736 0.669659 0.969044 0.67325 0.967699 0.67325 0.966353 0.675045 0.965007 0.675045 0.962315 0.678636 0.960969 0.678636 0.959623 0.680431 0.958277 0.680431 0.955585 0.684022 0.95424 0.684022 0.952894 0.685817 0.951548 0.685817 0.948856 0.689408 0.94751 0.689408 0.946164 0.691203 0.944818 0.691203 0.942127 0.694794 0.940781 0.694794 0.940781 0.696589 0.942127 0.698384 0.942127 0.701975 0.944818 0.701975 0.94751 0.698384 0.948856 0.698384 0.952894 0.692998 0.95424 0.692998 0.956931 0.689408 0.958277 0.689408 0.962315 0.684022 0.963661 0.684022 0.967699 0.678636 0.969044 0.678636 0.971736 0.675045 0.973082 0.675045 0.974428 0.67325 0.991925 0.67325 0.993271 0.671454 0.995962 0.671454 0.997308 0.669659 0.998654 0.669659 0.998654 0.590664
1 0.442799 0.436266 0.440108 0.439856 0.438762 0.439856 0.433378 0.447038 0.432032 0.447038 0.429341 0.450628 0.427995 0.450628 0.426649 0.452424 0.423957 0.452424 0.422611 0.454219 0.421265 0.454219 0.419919 0.456014 0.418573 0.456014 0.417227 0.45781 0.414536 0.45781 0.41319 0.459605 0.411844 0.459605 0.410498 0.4614 0.407806 0.4614 0.40646 0.463196 0.405114 0.463196 0.403769 0.464991 0.401077 0.464991 0.399731 0.466786 0.398385 0.466786 0.397039 0.468582 0.394347 0.468582 0.393001 0.470377 0.393001 0.472172 0.391655 0.473968 0.391655 0.475763 0.39031 0.477558 0.39031 0.479354 0.388964 0.481149 0.388964 0.482944 0.387618 0.48474 0.388964 0.482944 0.391655 0.482944 0.393001 0.481149 0.394347 0.481149 0.395693 0.482944 0.394347 0.48474 0.394347 0.486535 0.39031 0.491921 0.39031 0.493716 0.387618 0.497307 0.387618 0.499102 0.388964 0.500898 0.388964 0.502693 0.39031 0.504488 0.39031 0.508079 0.391655 0.509874 0.391655 0.51167 0.397039 0.518851 0.398385 0.517056 0.415882 0.517056 0.417227 0.518851 0.422611 0.518851 0.423957 0.520646 0.425303 0.518851 0.445491 0.518851 0.442799 0.51526 0.442799 0.513465 0.440108 0.509874 0.440108 0.508079 0.43607 0.502693 0.43607 0.500898 0.433378 0.497307 0.433378 0.495512 0.432032 0.493716 0.432032 0.491921 0.430686 0.490126 0.430686 0.48474 0.429341 0.482944 0.429341 0.477558 0.427995 0.475763 0.427995 0.472172 0.429341 0.470377 0.430686 0.470377 0.433378 0.466786 0.434724 0.466786 0.437416 0.463196 0.438762 0.463196 0.440108 0.4614 0.437416 0.4614 0.43607 0.463196 0.434724 0.463196 0.433378 0.4614 0.433378 0.459605 0.434724 0.45781 0.434724 0.456014 0.43607 0.454219 0.43607 0.452424 0.437416 0.450628 0.437416 0.448833 0.438762 0.447038 0.438762 0.445242 0.440108 0.443447 0.440108 0.441652 0.441454 0.439856 0.441454 0.438061
1 0.827725 0.335727 0.825034 0.339318 0.823688 0.339318 0.825034 0.339318 0.82638 0.341113 0.829071 0.341113 0.830417 0.342908 0.831763 0.342908 0.833109 0.344704 0.833109 0.35009 0.831763 0.351885 0.831763 0.357271 0.833109 0.359066 0.833109 0.364452 0.834455 0.366248 0.834455 0.368043 0.838493 0.368043 0.839838 0.369838 0.850606 0.355476 0.851952 0.355476 0.853297 0.35368 0.854643 0.35368 0.855989 0.351885 0.857335 0.351885 0.860027 0.348294 0.861373 0.348294 0.862719 0.346499 0.864065 0.346499 0.86541 0.344704 0.869448 0.344704 0.870794 0.346499 0.87214 0.346499 0.873486 0.348294 0.870794 0.351885 0.869448 0.351885 0.864065 0.359066 0.862719 0.359066 0.857335 0.366248 0.855989 0.366248 0.854643 0.368043 0.857335 0.368043 0.858681 0.369838 0.862719 0.364452 0.864065 0.364452 0.87214 0.35368 0.873486 0.35368 0.876178 0.35009 0.884253 0.35009 0.885599 0.351885 0.886945 0.35009 0.920592 0.35009 0.921938 0.348294 0.930013 0.348294 0.931359 0.346499 0.938089 0.346499 0.939435 0.344704 0.967699 0.344704 0.969044 0.346499 0.97039 0.346499 0.971736 0.348294 0.973082 0.348294 0.974428 0.35009 0.975774 0.35009 0.97712 0.351885 0.978466 0.351885 0.979812 0.35368 0.981157 0.35368 0.982503 0.355476 0.983849 0.355476 0.985195 0.357271 0.986541 0.357271 0.987887 0.359066 0.989233 0.359066 0.990579 0.360862 0.989233 0.362657 0.989233 0.364452 0.986541 0.368043 0.986541 0.369838 0.987887 0.371634 0.987887 0.375224 0.989233 0.37702 0.989233 0.38061 0.990579 0.382406 0.990579 0.384201 0.989233 0.385996 0.989233 0.387792 0.987887 0.389587 0.987887 0.391382 0.986541 0.393178 0.985195 0.393178 0.983849 0.391382 0.982503 0.391382 0.981157 0.389587 0.979812 0.389587 0.978466 0.387792 0.97712 0.387792 0.975774 0.385996 0.974428 0.385996 0.973082 0.384201 0.971736 0.384201 0.97039 0.382406 0.969044 0.382406 0.967699 0.38061 0.966353 0.38061 0.965007 0.378815 0.919246 0.378815 0.9179 0.37702 0.890983 0.37702 0.892328 0.37702 0.89502 0.38061 0.896366 0.38061 0.897712 0.382406 0.899058 0.382406 0.900404 0.384201 0.932705 0.384201 0.934051 0.382406 0.939435 0.382406 0.940781 0.384201 0.942127 0.384201 0.943472 0.385996 0.944818 0.384201 0.967699 0.384201 0.971736 0.389587 0.973082 0.389587 0.979812 0.398564 0.975774 0.40395 0.974428 0.40395 0.967699 0.412926 0.966353 0.412926 0.963661 0.416517 0.962315 0.416517 0.960969 0.418312 0.959623 0.418312 0.958277 0.420108 0.951548 0.420108 0.950202 0.421903 0.943472 0.421903 0.942127 0.423698 0.936743 0.423698 0.935397 0.425494 0.928668 0.425494 0.927322 0.427289 0.920592 0.427289 0.919246 0.429084 0.912517 0.429084 0.911171 0.43088 0.904441 0.43088 0.903096 0.432675 0.896366 0.432675 0.89502 0.43447 0.889637 0.43447 0.888291 0.436266 0.881561 0.436266 0.880215 0.438061 0.873486 0.438061 0.874832 0.439856 0.874832 0.441652 0.876178 0.439856 0.884253 0.439856 0.885599 0.438061 0.893674 0.438061 0.89502 0.436266 0.90175 0.436266 0.903096 0.43447 0.911171 0.43447 0.912517 0.432675 0.920592 0.432675 0.921938 0.43088 0.930013 0.43088 0.931359 0.429084 0.938089 0.429084 0.939435 0.427289 0.94751 0.427289 0.948856 0.425494 0.956931 0.425494 0.959623 0.429084 0.960969 0.427289 0.965007 0.427289 0.966353 0.425494 0.969044 0.425494 0.97039 0.423698 0.974428 0.423698 0.975774 0.421903 0.978466 0.421903 0.979812 0.420108 0.981157 0.420108 0.982503 0.421903 0.982503 0.423698 0.979812 0.427289 0.985195 0.427289 0.986541 0.429084 0.987887 0.427289 0.989233 0.427289 0.990579 0.425494 0.993271 0.425494 0.994616 0.423698 0.995962 0.423698 0.997308 0.421903 0.998654 0.421903 0.998654 0.35009 0.987887 0.35009 0.986541 0.348294 0.983849 0.348294 0.982503 0.346499 0.981157 0.346499 0.979812 0.344704 0.97712 0.344704 0.975774 0.342908 0.974428 0.342908 0.973082 0.341113 0.959623 0.341113 0.958277 0.339318 0.956931 0.341113 0.930013 0.341113 0.928668 0.342908 0.916555 0.342908 0.915209 0.344704 0.903096 0.344704 0.90175 0.346499 0.886945 0.346499 0.885599 0.344704 0.882907 0.344704 0.881561 0.342908 0.880215 0.342908 0.878869 0.341113 0.876178 0.341113 0.874832 0.339318 0.87214 0.339318 0.870794 0.337522 0.869448 0.339318 0.866756 0.339318 0.86541 0.341113 0.864065 0.341113 0.862719 0.342908 0.860027 0.342908 0.858681 0.344704 0.857335 0.344704 0.855989 0.346499 0.853297 0.346499 0.851952 0.348294 0.84926 0.348294 0.847914 0.346499 0.847914 0.344704 0.850606 0.341113 0.850606 0.339318 0.851952 0.337522 0.850606 0.339318 0.847914 0.339318 0.846568 0.341113 0.84253 0.341113 0.841184 0.342908 0.837147 0.342908 0.835801 0.341113 0.834455 0.341113 0.833109 0.339318 0.831763 0.339318 0.830417 0.337522 0.829071 0.337522
1 0.900404 0.301616 0.899058 0.303411 0.896366 0.303411 0.89502 0.305206 0.892328 0.305206 0.890983 0.307002 0.889637 0.307002 0.888291 0.308797 0.886945 0.308797 0.884253 0.312388 0.882907 0.312388 0.881561 0.314183 0.880215 0.314183 0.878869 0.315978 0.869448 0.315978 0.868102 0.314183 0.861373 0.314183 0.860027 0.312388 0.845222 0.312388 0.843876 0.310592 0.830417 0.310592 0.829071 0.308797 0.807537 0.308797 0.807537 0.310592 0.806191 0.312388 0.806191 0.314183 0.803499 0.317774 0.799462 0.317774 0.798116 0.319569 0.792732 0.319569 0.792732 0.321364 0.791386 0.32316 0.791386 0.324955 0.781965 0.337522 0.781965 0.339318 0.772544 0.351885 0.776581 0.351885 0.777927 0.35368 0.780619 0.35368 0.781965 0.355476 0.788694 0.346499 0.788694 0.344704 0.798116 0.332136 0.799462 0.332136 0.802153 0.328546 0.803499 0.328546 0.804845 0.32675 0.806191 0.32675 0.807537 0.324955 0.808883 0.324955 0.810229 0.32316 0.811575 0.32316 0.812921 0.321364 0.815612 0.321364 0.816958 0.319569 0.818304 0.319569 0.81965 0.317774 0.820996 0.317774 0.822342 0.315978 0.82638 0.315978 0.827725 0.317774 0.830417 0.317774 0.831763 0.319569 0.834455 0.319569 0.835801 0.321364 0.86541 0.321364 0.870794 0.328546 0.87214 0.32675 0.878869 0.32675 0.880215 0.324955 0.882907 0.324955 0.884253 0.32316 0.888291 0.32316 0.889637 0.321364 0.892328 0.321364 0.893674 0.319569 0.896366 0.319569 0.897712 0.317774 0.90175 0.317774 0.903096 0.315978 0.905787 0.315978 0.905787 0.310592 0.903096 0.307002 0.903096 0.305206
1 0.9179 0.21544 0.916555 0.217235 0.911171 0.217235 0.909825 0.219031 0.904441 0.219031 0.903096 0.220826 0.897712 0.220826 0.896366 0.222621 0.890983 0.222621 0.890983 0.235189 0.892328 0.233393 0.897712 0.233393 0.899058 0.231598 0.903096 0.231598 0.904441 0.229803 0.909825 0.229803 0.912517 0.226212 0.913863 0.226212 0.9179 0.220826 0.919246 0.220826 0.920592 0.219031
1 0.7214 0.122083 0.720054 0.123878 0.718708 0.123878 0.717362 0.125673 0.71467 0.125673 0.713324 0.127469 0.711978 0.127469 0.710633 0.129264 0.709287 0.129264 0.706595 0.132855 0.705249 0.132855 0.703903 0.13465 0.702557 0.13465 0.699865 0.138241 0.69852 0.138241 0.697174 0.140036 0.693136 0.140036 0.69179 0.141831 0.686406 0.141831 0.685061 0.143627 0.683715 0.143627 0.682369 0.145422 0.681023 0.145422 0.679677 0.147217 0.678331 0.147217 0.676985 0.149013 0.675639 0.149013 0.674293 0.150808 0.672948 0.150808 0.671602 0.152603 0.670256 0.152603 0.66891 0.154399 0.667564 0.154399 0.666218 0.156194 0.664872 0.156194 0.663526 0.157989 0.658143 0.157989 0.656797 0.159785 0.652759 0.159785 0.651413 0.16158 0.64603 0.16158 0.64603 0.168761 0.644684 0.170557 0.641992 0.170557 0.640646 0.172352 0.617766 0.172352 0.61642 0.170557 0.615074 0.172352 0.59354 0.172352 0.592194 0.174147 0.580081 0.174147 0.578735 0.175943 0.565276 0.175943 0.566622 0.177738 0.566622 0.179533 0.567968 0.181329 0.567968 0.183124 0.569314 0.184919 0.569314 0.186715 0.570659 0.184919 0.576043 0.184919 0.577389 0.183124 0.582773 0.183124 0.584118 0.181329 0.588156 0.181329 0.589502 0.179533 0.592194 0.179533 0.59354 0.181329 0.592194 0.183124 0.590848 0.183124 0.588156 0.186715 0.58681 0.186715 0.584118 0.190305 0.581427 0.190305 0.580081 0.192101 0.578735 0.192101 0.577389 0.193896 0.574697 0.193896 0.573351 0.195691 0.565276 0.195691 0.56393 0.197487 0.554509 0.197487 0.553163 0.199282 0.545087 0.199282 0.543742 0.201077 0.535666 0.201077 0.53432 0.202873 0.524899 0.202873 0.520861 0.208259 0.519515 0.208259 0.51817 0.210054 0.506057 0.210054 0.504711 0.211849 0.496635 0.211849 0.495289 0.213645 0.48856 0.213645 0.487214 0.21544 0.479139 0.21544 0.477793 0.217235 0.469717 0.217235 0.468371 0.21544 0.467026 0.21544 0.464334 0.211849 0.462988 0.213645 0.452221 0.213645 0.450875 0.21544 0.438762 0.21544 0.437416 0.217235 0.433378 0.217235 0.432032 0.219031 0.427995 0.219031 0.426649 0.220826 0.423957 0.220826 0.422611 0.222621 0.418573 0.222621 0.417227 0.224417 0.41319 0.224417 0.402423 0.238779 0.393001 0.238779 0.391655 0.240575 0.386272 0.240575 0.384926 0.24237 0.379542 0.24237 0.378197 0.244165 0.358008 0.244165 0.356662 0.245961 0.347241 0.245961 0.345895 0.247756 0.33782 0.247756 0.336474 0.249551 0.288022 0.249551 0.286676 0.247756 0.283984 0.251346 0.282638 0.251346 0.279946 0.254937 0.2786 0.254937 0.277254 0.256732 0.269179 0.256732 0.267833 0.258528 0.259758 0.258528 0.258412 0.260323 0.211306 0.260323 0.20996 0.262118 0.199192 0.262118 0.197847 0.263914 0.177658 0.263914 0.176312 0.262118 0.168237 0.262118 0.166891 0.260323 0.166891 0.262118 0.168237 0.263914 0.168237 0.265709 0.169583 0.267504 0.169583 0.2693 0.170929 0.271095 0.169583 0.27289 0.139973 0.27289 0.139973 0.274686 0.141319 0.276481 0.141319 0.278276 0.142665 0.280072 0.142665 0.281867 0.169583 0.281867 0.170929 0.280072 0.191117 0.280072 0.192463 0.281867 0.189771 0.285458 0.188425 0.285458 0.183042 0.292639 0.181696 0.292639 0.176312 0.29982 0.174966 0.29982 0.172275 0.303411 0.156124 0.303411 0.154778 0.305206 0.138627 0.305206 0.137281 0.307002 0.121131 0.307002 0.119785 0.308797 0.088829 0.308797 0.087483 0.307002 0.074024 0.307002 0.072678 0.305206 0.072678 0.29982 0.074024 0.298025 0.074024 0.294434 0.072678 0.294434 0.071332 0.292639 0.069987 0.292639 0.067295 0.289048 0.065949 0.289048 0.064603 0.287253 0.063257 0.287253 0.061911 0.285458 0.057873 0.285458 0.056528 0.283662 0.05249 0.283662 0.051144 0.281867 0.047106 0.281867 0.04576 0.280072 0.041723 0.280072 0.040377 0.278276 0.028264 0.278276 0.026918 0.276481 0.025572 0.276481 0.024226 0.274686 0.02288 0.274686 0.020188 0.271095 0.018843 0.271095 0.017497 0.2693 0.016151 0.2693 0.014805 0.267504 0.009421 0.274686 0.0 0.274686 0.0 0.998205 0.02961 0.998205 0.028264 0.996409 0.026918 0.996409 0.024226 0.992819 0.02288 0.992819 0.021534 0.991023 0.020188 0.991023 0.017497 0.987433 0.016151 0.987433 0.013459 0.983842 0.012113 0.983842 0.009421 0.980251 0.008075 0.980251 0.006729 0.978456 0.008075 0.976661 0.009421 0.976661 0.010767 0.974865 0.012113 0.974865 0.013459 0.97307 0.014805 0.97307 0.016151 0.971275 0.017497 0.971275 0.018843 0.969479 0.020188 0.969479 0.021534 0.967684 0.02288 0.967684 0.024226 0.965889 0.025572 0.965889 0.026918 0.964093 0.028264 0.964093 0.02961 0.962298 0.030956 0.962298 0.032301 0.960503 0.033647 0.960503 0.034993 0.958707 0.036339 0.958707 0.037685 0.956912 0.039031 0.956912 0.040377 0.955117 0.043069 0.955117 0.044415 0.953321 0.04576 0.953321 0.047106 0.951526 0.048452 0.951526 0.049798 0.949731 0.051144 0.949731 0.05249 0.947935 0.053836 0.947935 0.055182 0.94614 0.056528 0.94614 0.057873 0.944345 0.059219 0.944345 0.060565 0.942549 0.061911 0.942549 0.063257 0.940754 0.064603 0.940754 0.065949 0.938959 0.067295 0.938959 0.068641 0.937163 0.069987 0.937163 0.071332 0.935368 0.072678 0.935368 0.074024 0.933573 0.07537 0.933573 0.076716 0.935368 0.07537 0.937163 0.07537 0.938959 0.074024 0.940754 0.074024 0.942549 0.072678 0.944345 0.072678 0.94614 0.069987 0.949731 0.069987 0.951526 0.068641 0.953321 0.068641 0.955117 0.067295 0.956912 0.067295 0.958707 0.065949 0.960503 0.065949 0.962298 0.064603 0.964093 0.064603 0.965889 0.061911 0.969479 0.061911 0.971275 0.060565 0.97307 0.060565 0.974865 0.059219 0.976661 0.059219 0.978456 0.057873 0.980251 0.057873 0.982047 0.055182 0.985637 0.055182 0.987433 0.053836 0.989228 0.053836 0.991023 0.05249 0.992819 0.05249 0.994614 0.051144 0.996409 0.051144 0.998205 0.091521 0.998205 0.092867 0.996409 0.092867 0.994614 0.094213 0.992819 0.094213 0.989228 0.095559 0.987433 0.095559 0.985637 0.096904 0.983842 0.096904 0.982047 0.09825 0.980251 0.09825 0.976661 0.099596 0.974865 0.099596 0.97307 0.100942 0.971275 0.100942 0.967684 0.102288 0.965889 0.102288 0.964093 0.103634 0.962298 0.103634 0.960503 0.10498 0.958707 0.10498 0.956912 0.107672 0.953321 0.107672 0.951526 0.111709 0.94614 0.111709 0.944345 0.115747 0.938959 0.115747 0.937163 0.119785 0.931777 0.119785 0.929982 0.123822 0.924596 0.123822 0.922801 0.12786 0.917415 0.12786 0.915619 0.129206 0.913824 0.129206 0.912029 0.130552 0.910233 0.130552 0.908438 0.131898 0.906643 0.131898 0.904847 0.133244 0.903052 0.133244 0.901257 0.13459 0.899461 0.13459 0.897666 0.135935 0.895871 0.135935 0.894075 0.137281 0.89228 0.137281 0.890485 0.142665 0.883303 0.144011 0.883303 0.149394 0.876122 0.15074 0.876122 0.156124 0.868941 0.15747 0.868941 0.162853 0.861759 0.164199 0.861759 0.166891 0.858169 0.168237 0.858169 0.170929 0.854578 0.172275 0.854578 0.174966 0.850987 0.176312 0.850987 0.177658 0.849192 0.176312 0.847397 0.176312 0.845601 0.172275 0.840215 0.172275 0.83842 0.170929 0.836625 0.172275 0.834829 0.17362 0.834829 0.176312 0.831239 0.177658 0.831239 0.179004 0.829443 0.18035 0.829443 0.183042 0.825853 0.184388 0.825853 0.185734 0.827648 0.185734 0.829443 0.189771 0.834829 0.189771 0.836625 0.191117 0.83842 0.192463 0.836625 0.195155 0.836625 0.196501 0.834829 0.199192 0.834829 0.200538 0.833034 0.20323 0.833034 0.204576 0.834829 0.204576 0.836625 0.205922 0.83842 0.205922 0.840215 0.204576 0.842011 0.204576 0.843806 0.200538 0.849192 0.200538 0.850987 0.197847 0.854578 0.197847 0.856373 0.196501 0.858169 0.196501 0.859964 0.195155 0.861759 0.195155 0.863555 0.192463 0.867145 0.192463 0.868941 0.191117 0.870736 0.191117 0.872531 0.189771 0.874327 0.196501 0.874327 0.197847 0.876122 0.199192 0.874327 0.199192 0.872531 0.200538 0.870736 0.200538 0.868941 0.201884 0.867145 0.201884 0.86535 0.204576 0.861759 0.204576 0.859964 0.205922 0.858169 0.205922 0.856373 0.207268 0.854578 0.207268 0.852783 0.20996 0.849192 0.20996 0.847397 0.211306 0.845601 0.211306 0.843806 0.212651 0.842011 0.212651 0.840215 0.215343 0.836625 0.215343 0.834829 0.216689 0.833034 0.216689 0.831239 0.219381 0.827648 0.222073 0.827648 0.223419 0.825853 0.224764 0.825853 0.22611 0.824057 0.228802 0.824057 0.230148 0.822262 0.231494 0.822262 0.23284 0.820467 0.235532 0.820467 0.236878 0.818671 0.238223 0.818671 0.239569 0.816876 0.240915 0.816876 0.242261 0.815081 0.244953 0.815081 0.246299 0.813285 0.247645 0.813285 0.248991 0.81149 0.250336 0.81149 0.253028 0.807899 0.254374 0.807899 0.258412 0.802513 0.259758 0.802513 0.26245 0.798923 0.263795 0.798923 0.265141 0.797127 0.26245 0.793537 0.26245 0.791741 0.258412 0.786355 0.258412 0.78456 0.250336 0.773788 0.240915 0.773788 0.231494 0.761221 0.230148 0.763016 0.223419 0.763016 0.222073 0.764811 0.216689 0.764811 0.215343 0.763016 0.216689 0.761221 0.216689 0.759425 0.222073 0.752244 0.222073 0.750449 0.228802 0.741472 0.228802 0.739677 0.231494 0.736086 0.23284 0.736086 0.234186 0.737882 0.234186 0.739677 0.235532 0.741472 0.235532 0.745063 0.236878 0.746858 0.236878 0.748654 0.238223 0.748654 0.239569 0.750449 0.240915 0.750449 0.243607 0.754039 0.244953 0.754039 0.246299 0.755835 0.247645 0.755835 0.248991 0.75763 0.248991 0.746858 0.250336 0.745063 0.25572 0.745063 0.257066 0.743268 0.26245 0.743268 0.263795 0.741472 0.267833 0.741472 0.269179 0.739677 0.274563 0.739677 0.275908 0.737882 0.281292 0.737882 0.282638 0.736086 0.283984 0.736086 0.28533 0.734291 0.288022 0.734291 0.289367 0.732496 0.290713 0.732496 0.292059 0.7307 0.293405 0.7307 0.294751 0.728905 0.297443 0.728905 0.298789 0.72711 0.30821 0.72711 0.309556 0.728905 0.30821 0.7307 0.30821 0.732496 0.305518 0.736086 0.305518 0.737882 0.304172 0.739677 0.30821 0.745063 0.309556 0.745063 0.314939 0.752244 0.323015 0.752244 0.327052 0.75763 0.327052 0.759425 0.328398 0.761221 0.328398 0.763016 0.327052 0.764811 0.327052 0.766607 0.325707 0.768402 0.325707 0.770197 0.324361 0.771993 0.324361 0.793537 0.321669 0.797127 0.320323 0.797127 0.317631 0.800718 0.316285 0.800718 0.313594 0.804309 0.310902 0.804309 0.309556 0.806104 0.306864 0.806104 0.305518 0.807899 0.302826 0.807899 0.30148 0.809695 0.283984 0.809695 0.282638 0.81149 0.282638 0.813285 0.281292 0.815081 0.281292 0.816876 0.279946 0.818671 0.279946 0.820467 0.2786 0.822262 0.274563 0.822262 0.273217 0.820467 0.269179 0.820467 0.267833 0.818671 0.263795 0.818671 0.26245 0.816876 0.26245 0.83842 0.263795 0.840215 0.263795 0.847397 0.281292 0.847397 0.282638 0.845601 0.282638 0.843806 0.28533 0.840215 0.28533 0.83842 0.286676 0.836625 0.286676 0.834829 0.289367 0.831239 0.289367 0.829443 0.292059 0.825853 0.293405 0.825853 0.294751 0.824057 0.297443 0.824057 0.298789 0.822262 0.300135 0.822262 0.30148 0.820467 0.304172 0.820467 0.305518 0.818671 0.329744 0.818671 0.33109 0.816876 0.335128 0.816876 0.335128 0.807899 0.336474 0.806104 0.336474 0.800718 0.33782 0.798923 0.340511 0.802513 0.341857 0.802513 0.343203 0.804309 0.341857 0.806104 0.341857 0.807899 0.339166 0.81149 0.339166 0.813285 0.340511 0.815081 0.340511 0.820467 0.341857 0.822262 0.341857 0.824057 0.345895 0.824057 0.347241 0.825853 0.349933 0.825853 0.351279 0.827648 0.355316 0.827648 0.356662 0.829443 0.3607 0.829443 0.362046 0.831239 0.366083 0.831239 0.367429 0.833034 0.370121 0.833034 0.371467 0.834829 0.375505 0.834829 0.376851 0.836625 0.376851 0.833034 0.375505 0.831239 0.375505 0.822262 0.374159 0.820467 0.374159 0.816876 0.372813 0.815081 0.372813 0.813285 0.371467 0.81149 0.371467 0.809695 0.370121 0.807899 0.370121 0.806104 0.368775 0.804309 0.368775 0.802513 0.356662 0.802513 0.35397 0.798923 0.352624 0.798923 0.349933 0.795332 0.348587 0.795332 0.345895 0.791741 0.344549 0.791741 0.341857 0.788151 0.340511 0.788151 0.33782 0.78456 0.339166 0.782765 0.344549 0.782765 0.344549 0.780969 0.345895 0.779174 0.345895 0.777379 0.347241 0.775583 0.347241 0.773788 0.348587 0.771993 0.348587 0.770197 0.349933 0.768402 0.349933 0.764811 0.348587 0.763016 0.348587 0.759425 0.347241 0.75763 0.347241 0.754039 0.345895 0.752244 0.347241 0.750449 0.355316 0.750449 0.356662 0.752244 0.356662 0.741472 0.362046 0.734291 0.3607 0.732496 0.3607 0.7307 0.356662 0.725314 0.356662 0.723519 0.355316 0.721724 0.35397 0.723519 0.351279 0.723519 0.349933 0.725314 0.347241 0.725314 0.345895 0.72711 0.340511 0.72711 0.339166 0.725314 0.33782 0.725314 0.336474 0.723519 0.335128 0.723519 0.332436 0.719928 0.327052 0.719928 0.321669 0.72711 0.320323 0.725314 0.310902 0.725314 0.309556 0.723519 0.306864 0.723519 0.305518 0.721724 0.304172 0.723519 0.30148 0.723519 0.300135 0.725314 0.297443 0.725314 0.296097 0.72711 0.292059 0.72711 0.290713 0.728905 0.288022 0.728905 0.286676 0.7307 0.283984 0.7307 0.282638 0.732496 0.274563 0.732496 0.273217 0.734291 0.265141 0.734291 0.263795 0.736086 0.25572 0.736086 0.254374 0.737882 0.246299 0.737882 0.238223 0.72711 0.238223 0.725314 0.235532 0.721724 0.231494 0.72711 0.230148 0.72711 0.222073 0.737882 0.222073 0.739677 0.211306 0.754039 0.211306 0.755835 0.204576 0.764811 0.197847 0.764811 0.196501 0.766607 0.193809 0.766607 0.192463 0.768402 0.189771 0.768402 0.188425 0.770197 0.183042 0.770197 0.181696 0.771993 0.177658 0.771993 0.176312 0.770197 0.193809 0.746858 0.195155 0.746858 0.199192 0.741472 0.192463 0.732496 0.191117 0.734291 0.165545 0.734291 0.165545 0.739677 0.179004 0.739677 0.18035 0.741472 0.18035 0.745063 0.179004 0.746858 0.177658 0.746858 0.176312 0.748654 0.17362 0.748654 0.172275 0.750449 0.170929 0.750449 0.169583 0.752244 0.166891 0.752244 0.166891 0.75763 0.168237 0.755835 0.172275 0.755835 0.17362 0.754039 0.174966 0.754039 0.176312 0.755835 0.176312 0.75763 0.172275 0.763016 0.172275 0.764811 0.168237 0.770197 0.166891 0.770197 0.165545 0.771993 0.162853 0.771993 0.161507 0.773788 0.160162 0.773788 0.158816 0.775583 0.156124 0.775583 0.154778 0.777379 0.149394 0.777379 0.148048 0.779174 0.137281 0.779174 0.135935 0.777379 0.135935 0.775583 0.137281 0.773788 0.137281 0.766607 0.138627 0.764811 0.138627 0.761221 0.135935 0.761221 0.13459 0.759425 0.133244 0.759425 0.131898 0.75763 0.126514 0.764811 0.123822 0.764811 0.122476 0.766607 0.119785 0.766607 0.117093 0.770197 0.115747 0.770197 0.114401 0.771993 0.106326 0.761221 0.10498 0.761221 0.102288 0.75763 0.100942 0.75763 0.099596 0.755835 0.096904 0.755835 0.095559 0.754039 0.094213 0.754039 0.092867 0.752244 0.092867 0.741472 0.091521 0.739677 0.091521 0.728905 0.095559 0.723519 0.096904 0.723519 0.099596 0.719928 0.102288 0.723519 0.103634 0.723519 0.109017 0.7307 0.110363 0.7307 0.113055 0.734291 0.114401 0.734291 0.115747 0.736086 0.122476 0.72711 0.123822 0.72711 0.126514 0.723519 0.12786 0.723519 0.130552 0.719928 0.131898 0.719928 0.13459 0.716338 0.135935 0.716338 0.137281 0.714542 0.139973 0.714542 0.141319 0.712747 0.142665 0.712747 0.144011 0.710952 0.146703 0.710952 0.145357 0.709156 0.145357 0.707361 0.144011 0.709156 0.141319 0.709156 0.139973 0.710952 0.138627 0.710952 0.137281 0.712747 0.13459 0.712747 0.133244 0.714542 0.130552 0.714542 0.129206 0.716338 0.12786 0.716338 0.126514 0.718133 0.125168 0.718133 0.122476 0.721724 0.121131 0.721724 0.119785 0.723519 0.118439 0.723519 0.117093 0.725314 0.114401 0.725314 0.113055 0.723519 0.110363 0.723519 0.109017 0.721724 0.107672 0.721724 0.106326 0.719928 0.106326 0.714542 0.10498 0.712747 0.10498 0.707361 0.106326 0.705566 0.107672 0.705566 0.109017 0.70377 0.110363 0.70377 0.111709 0.701975 0.113055 0.701975 0.114401 0.70018 0.115747 0.70018 0.117093 0.698384 0.119785 0.698384 0.121131 0.696589 0.122476 0.696589 0.123822 0.694794 0.125168 0.694794 0.126514 0.692998 0.12786 0.692998 0.129206 0.691203 0.131898 0.691203 0.133244 0.689408 0.13459 0.689408 0.135935 0.687612 0.138627 0.687612 0.139973 0.685817 0.141319 0.685817 0.142665 0.684022 0.145357 0.684022 0.146703 0.682226 0.149394 0.682226 0.15074 0.680431 0.152086 0.680431 0.153432 0.678636 0.164199 0.678636 0.165545 0.680431 0.165545 0.684022 0.166891 0.685817 0.166891 0.692998 0.168237 0.694794 0.168237 0.698384 0.169583 0.696589 0.183042 0.696589 0.184388 0.694794 0.187079 0.694794 0.188425 0.692998 0.191117 0.692998 0.192463 0.691203 0.195155 0.691203 0.207268 0.675045 0.219381 0.675045 0.220727 0.67684 0.224764 0.67684 0.22611 0.678636 0.230148 0.678636 0.231494 0.680431 0.23284 0.678636 0.247645 0.678636 0.248991 0.67684 0.250336 0.678636 0.253028 0.678636 0.254374 0.680431 0.25572 0.680431 0.257066 0.682226 0.259758 0.682226 0.261104 0.684022 0.263795 0.684022 0.266487 0.687612 0.271871 0.687612 0.273217 0.689408 0.279946 0.689408 0.281292 0.691203 0.288022 0.691203 0.289367 0.692998 0.294751 0.692998 0.296097 0.694794 0.302826 0.694794 0.304172 0.696589 0.351279 0.696589 0.352624 0.698384 0.352624 0.694794 0.35397 0.692998 0.35397 0.691203 0.335128 0.691203 0.333782 0.689408 0.335128 0.687612 0.340511 0.687612 0.341857 0.685817 0.347241 0.685817 0.348587 0.684022 0.352624 0.684022 0.35397 0.682226 0.359354 0.682226 0.3607 0.680431 0.366083 0.680431 0.366083 0.678636 0.367429 0.67684 0.367429 0.675045 0.368775 0.67325 0.368775 0.671454 0.364738 0.666068 0.363392 0.667864 0.3607 0.667864 0.359354 0.669659 0.355316 0.669659 0.35397 0.671454 0.351279 0.671454 0.349933 0.67325 0.345895 0.67325 0.344549 0.675045 0.340511 0.675045 0.339166 0.67684 0.335128 0.67684 0.333782 0.678636 0.33109 0.678636 0.329744 0.680431 0.325707 0.680431 0.324361 0.682226 0.320323 0.682226 0.318977 0.684022 0.274563 0.684022 0.273217 0.682226 0.270525 0.682226 0.269179 0.680431 0.267833 0.680431 0.266487 0.678636 0.263795 0.678636 0.26245 0.67684 0.259758 0.67684 0.258412 0.675045 0.257066 0.675045 0.25572 0.67325 0.253028 0.67325 0.247645 0.666068 0.247645 0.664273 0.246299 0.662478 0.246299 0.657092 0.244953 0.655296 0.244953 0.651706 0.246299 0.64991 0.246299 0.648115 0.247645 0.64632 0.247645 0.644524 0.248991 0.642729 0.248991 0.640934 0.250336 0.639138 0.258412 0.639138 0.259758 0.640934 0.266487 0.640934 0.267833 0.642729 0.269179 0.640934 0.273217 0.640934 0.274563 0.639138 0.2786 0.639138 0.279946 0.637343 0.283984 0.637343 0.28533 0.635548 0.288022 0.635548 0.289367 0.633752 0.293405 0.633752 0.294751 0.631957 0.298789 0.631957 0.300135 0.630162 0.304172 0.630162 0.305518 0.628366 0.313594 0.628366 0.316285 0.624776 0.310902 0.624776 0.309556 0.62298 0.309556 0.617594 0.30821 0.615799 0.30821 0.610413 0.305518 0.614004 0.294751 0.614004 0.293405 0.612208 0.292059 0.612208 0.289367 0.608618 0.288022 0.608618 0.28533 0.605027 0.283984 0.605027 0.282638 0.603232 0.265141 0.603232 0.259758 0.59605 0.257066 0.599641 0.25572 0.599641 0.253028 0.603232 0.251682 0.603232 0.248991 0.606822 0.247645 0.606822 0.246299 0.608618 0.244953 0.608618 0.243607 0.610413 0.242261 0.610413 0.240915 0.612208 0.239569 0.612208 0.238223 0.614004 0.236878 0.614004 0.235532 0.615799 0.23284 0.615799 0.231494 0.617594 0.230148 0.617594 0.228802 0.61939 0.227456 0.61939 0.22611 0.621185 0.212651 0.621185 0.211306 0.61939 0.200538 0.61939 0.199192 0.617594 0.201884 0.614004 0.201884 0.612208 0.204576 0.608618 0.204576 0.606822 0.205922 0.605027 0.205922 0.599641 0.207268 0.597846 0.207268 0.59246 0.208614 0.590664 0.208614 0.588869 0.20996 0.587074 0.213997 0.587074 0.215343 0.585278 0.218035 0.585278 0.219381 0.583483 0.223419 0.583483 0.224764 0.581688 0.228802 0.581688 0.230148 0.579892 0.234186 0.579892 0.235532 0.578097 0.238223 0.578097 0.239569 0.576302 0.243607 0.576302 0.243607 0.574506 0.242261 0.572711 0.242261 0.570916 0.243607 0.56912 0.244953 0.56912 0.247645 0.56553 0.248991 0.56553 0.250336 0.563734 0.251682 0.563734 0.251682 0.561939 0.250336 0.560144 0.250336 0.556553 0.248991 0.554758 0.248991 0.552962 0.247645 0.554758 0.239569 0.554758 0.238223 0.556553 0.228802 0.556553 0.227456 0.558348 0.22611 0.558348 0.224764 0.560144 0.223419 0.560144 0.222073 0.561939 0.220727 0.561939 0.219381 0.563734 0.218035 0.563734 0.216689 0.56553 0.215343 0.56553 0.213997 0.567325 0.212651 0.567325 0.211306 0.56912 0.20996 0.56912 0.208614 0.570916 0.205922 0.570916 0.204576 0.572711 0.20323 0.572711 0.201884 0.570916 0.201884 0.56912 0.20323 0.567325 0.20323 0.56553 0.211306 0.554758 0.211306 0.552962 0.220727 0.540395 0.222073 0.540395 0.224764 0.536804 0.22611 0.536804 0.228802 0.533214 0.230148 0.533214 0.231494 0.531418 0.244953 0.531418 0.246299 0.529623 0.247645 0.529623 0.250336 0.526032 0.251682 0.526032 0.253028 0.524237 0.254374 0.524237 0.257066 0.520646 0.258412 0.522442 0.258412 0.527828 0.257066 0.529623 0.257066 0.536804 0.259758 0.540395 0.259758 0.54219 0.263795 0.547576 0.263795 0.549372 0.275908 0.56553 0.277254 0.56553 0.282638 0.572711 0.28533 0.572711 0.286676 0.574506 0.288022 0.574506 0.289367 0.576302 0.292059 0.576302 0.293405 0.578097 0.294751 0.578097 0.296097 0.579892 0.298789 0.576302 0.298789 0.574506 0.30821 0.561939 0.309556 0.561939 0.316285 0.552962 0.317631 0.552962 0.320323 0.549372 0.321669 0.549372 0.324361 0.545781 0.328398 0.545781 0.329744 0.543986 0.336474 0.543986 0.33782 0.545781 0.339166 0.545781 0.341857 0.549372 0.343203 0.549372 0.344549 0.551167 0.344549 0.552962 0.343203 0.554758 0.343203 0.558348 0.341857 0.560144 0.341857 0.561939 0.340511 0.563734 0.340511 0.56553 0.345895 0.572711 0.345895 0.574506 0.352624 0.583483 0.35397 0.583483 0.358008 0.588869 0.359354 0.587074 0.364738 0.587074 0.364738 0.585278 0.363392 0.583483 0.363392 0.579892 0.364738 0.578097 0.367429 0.578097 0.368775 0.576302 0.371467 0.576302 0.370121 0.576302 0.368775 0.574506 0.367429 0.574506 0.363392 0.56912 0.362046 0.56912 0.358008 0.563734 0.363392 0.556553 0.364738 0.556553 0.368775 0.551167 0.368775 0.547576 0.370121 0.545781 0.370121 0.5386 0.371467 0.536804 0.371467 0.531418 0.370121 0.529623 0.370121 0.524237 0.368775 0.522442 0.368775 0.520646 0.367429 0.522442 0.355316 0.522442 0.355316 0.526032 0.35397 0.527828 0.35397 0.535009 0.352624 0.536804 0.352624 0.5386 0.351279 0.540395 0.340511 0.540395 0.339166 0.5386 0.33782 0.5386 0.335128 0.535009 0.333782 0.535009 0.332436 0.533214 0.33109 0.533214 0.329744 0.531418 0.327052 0.535009 0.325707 0.535009 0.323015 0.5386 0.321669 0.5386 0.318977 0.54219 0.317631 0.54219 0.314939 0.545781 0.313594 0.545781 0.310902 0.549372 0.309556 0.549372 0.297443 0.56553 0.296097 0.56553 0.293405 0.56912 0.292059 0.56912 0.290713 0.570916 0.289367 0.570916 0.286676 0.567325 0.28533 0.567325 0.282638 0.563734 0.281292 0.563734 0.2786 0.560144 0.2786 0.558348 0.277254 0.556553 0.277254 0.551167 0.275908 0.549372 0.275908 0.547576 0.273217 0.543986 0.271871 0.543986 0.267833 0.5386 0.267833 0.529623 0.266487 0.527828 0.266487 0.518851 0.267833 0.517056 0.267833 0.51526 0.269179 0.513465 0.269179 0.51167 0.271871 0.508079 0.275908 0.508079 0.277254 0.506284 0.282638 0.506284 0.283984 0.504488 0.28533 0.504488 0.286676 0.502693 0.288022 0.502693 0.289367 0.500898 0.290713 0.500898 0.290713 0.493716 0.289367 0.491921 0.289367 0.48474 0.290713 0.482944 0.292059 0.482944 0.293405 0.481149 0.296097 0.481149 0.296097 0.477558 0.297443 0.475763 0.297443 0.472172 0.298789 0.470377 0.305518 0.470377 0.306864 0.468582 0.313594 0.468582 0.313594 0.466786 0.314939 0.464991 0.314939 0.463196 0.316285 0.4614 0.316285 0.45781 0.317631 0.456014 0.317631 0.454219 0.318977 0.452424 0.318977 0.450628 0.317631 0.450628 0.314939 0.447038 0.309556 0.454219 0.30821 0.454219 0.304172 0.459605 0.292059 0.459605 0.290713 0.4614 0.289367 0.4614 0.288022 0.463196 0.286676 0.463196 0.28533 0.464991 0.283984 0.464991 0.282638 0.466786 0.279946 0.466786 0.2786 0.468582 0.277254 0.468582 0.275908 0.470377 0.274563 0.470377 0.273217 0.472172 0.271871 0.472172 0.270525 0.473968 0.269179 0.473968 0.267833 0.475763 0.265141 0.475763 0.26245 0.472172 0.261104 0.472172 0.258412 0.468582 0.258412 0.466786 0.259758 0.464991 0.259758 0.463196 0.261104 0.4614 0.261104 0.456014 0.259758 0.45781 0.257066 0.45781 0.25572 0.459605 0.251682 0.459605 0.250336 0.45781 0.248991 0.45781 0.247645 0.456014 0.246299 0.456014 0.244953 0.454219 0.212651 0.454219 0.211306 0.452424 0.212651 0.450628 0.212651 0.448833 0.215343 0.445242 0.220727 0.445242 0.222073 0.443447 0.22611 0.443447 0.227456 0.441652 0.23284 0.441652 0.234186 0.439856 0.238223 0.439856 0.239569 0.438061 0.244953 0.438061 0.246299 0.436266 0.247645 0.436266 0.248991 0.43447 0.250336 0.43447 0.251682 0.432675 0.253028 0.432675 0.254374 0.43088 0.25572 0.43088 0.257066 0.429084 0.258412 0.429084 0.254374 0.429084 0.253028 0.427289 0.247645 0.427289 0.246299 0.425494 0.23284 0.425494 0.231494 0.427289 0.230148 0.425494 0.228802 0.425494 0.227456 0.423698 0.227456 0.412926 0.22611 0.411131 0.22611 0.398564 0.227456 0.396768 0.230148 0.396768 0.23284 0.393178 0.234186 0.394973 0.236878 0.394973 0.238223 0.396768 0.239569 0.396768 0.240915 0.398564 0.243607 0.398564 0.244953 0.400359 0.246299 0.400359 0.247645 0.402154 0.250336 0.402154 0.251682 0.40395 0.253028 0.40395 0.254374 0.405745 0.257066 0.405745 0.258412 0.40754 0.266487 0.396768 0.267833 0.396768 0.274563 0.387792 0.277254 0.387792 0.2786 0.385996 0.281292 0.385996 0.282638 0.384201 0.28533 0.384201 0.286676 0.382406 0.289367 0.382406 0.290713 0.38061 0.306864 0.38061 0.30821 0.378815 0.309556 0.378815 0.312248 0.375224 0.313594 0.375224 0.314939 0.373429 0.316285 0.373429 0.318977 0.369838 0.320323 0.369838 0.321669 0.368043 0.323015 0.368043 0.325707 0.364452 0.327052 0.364452 0.328398 0.362657 0.335128 0.362657 0.336474 0.360862 0.343203 0.360862 0.344549 0.359066 0.351279 0.359066 0.352624 0.357271 0.358008 0.357271 0.359354 0.355476 0.364738 0.355476 0.366083 0.35368 0.372813 0.35368 0.374159 0.351885 0.378197 0.351885 0.379542 0.35368 0.379542 0.355476 0.380888 0.355476 0.382234 0.357271 0.384926 0.357271 0.386272 0.359066 0.387618 0.359066 0.388964 0.360862 0.39031 0.360862 0.391655 0.362657 0.39031 0.364452 0.387618 0.364452 0.386272 0.366248 0.38358 0.366248 0.382234 0.368043 0.379542 0.368043 0.379542 0.37702 0.380888 0.375224 0.386272 0.375224 0.387618 0.373429 0.405114 0.373429 0.40646 0.371634 0.415882 0.371634 0.417227 0.369838 0.429341 0.369838 0.430686 0.371634 0.433378 0.371634 0.434724 0.373429 0.43607 0.373429 0.437416 0.375224 0.440108 0.375224 0.441454 0.37702 0.442799 0.37702 0.444145 0.378815 0.445491 0.37702 0.445491 0.375224 0.448183 0.371634 0.449529 0.371634 0.452221 0.375224 0.453567 0.375224 0.454913 0.37702 0.456258 0.375224 0.46568 0.375224 0.467026 0.373429 0.477793 0.373429 0.477793 0.369838 0.476447 0.371634 0.468371 0.371634 0.467026 0.373429 0.45895 0.373429 0.457604 0.371634 0.456258 0.371634 0.452221 0.366248 0.445491 0.366248 0.444145 0.364452 0.438762 0.364452 0.43607 0.360862 0.434724 0.360862 0.429341 0.35368 0.429341 0.351885 0.426649 0.348294 0.426649 0.346499 0.425303 0.344704 0.426649 0.342908 0.429341 0.342908 0.430686 0.341113 0.434724 0.341113 0.43607 0.339318 0.438762 0.339318 0.440108 0.337522 0.442799 0.337522 0.444145 0.335727 0.448183 0.335727 0.449529 0.333932 0.452221 0.333932 0.452221 0.330341 0.450875 0.332136 0.446837 0.332136 0.445491 0.333932 0.441454 0.333932 0.440108 0.335727 0.437416 0.335727 0.43607 0.337522 0.432032 0.337522 0.430686 0.339318 0.426649 0.339318 0.425303 0.341113 0.422611 0.341113 0.421265 0.339318 0.421265 0.337522 0.422611 0.335727 0.423957 0.335727 0.425303 0.333932 0.427995 0.333932 0.429341 0.332136 0.430686 0.332136 0.432032 0.330341 0.434724 0.330341 0.43607 0.328546 0.437416 0.328546 0.438762 0.32675 0.441454 0.32675 0.442799 0.324955 0.444145 0.324955 0.445491 0.32316 0.448183 0.32316 0.449529 0.321364 0.454913 0.321364 0.456258 0.319569 0.462988 0.319569 0.464334 0.317774 0.469717 0.317774 0.471063 0.315978 0.473755 0.315978 0.475101 0.314183 0.479139 0.314183 0.480485 0.312388 0.483176 0.312388 0.484522 0.310592 0.48856 0.310592 0.489906 0.308797 0.492598 0.308797 0.493943 0.307002 0.496635 0.307002 0.497981 0.305206 0.502019 0.305206 0.503365 0.303411 0.506057 0.303411 0.507402 0.301616 0.51144 0.301616 0.512786 0.29982 0.515478 0.29982 0.516824 0.298025 0.520861 0.298025 0.522207 0.29623 0.543742 0.29623 0.545087 0.298025 0.558546 0.298025 0.559892 0.29982 0.576043 0.29982 0.577389 0.298025 0.580081 0.298025 0.581427 0.29623 0.585464 0.29623 0.584118 0.294434 0.584118 0.292639 0.580081 0.287253 0.580081 0.285458 0.578735 0.283662 0.580081 0.281867 0.58681 0.281867 0.588156 0.280072 0.597577 0.280072 0.600269 0.283662 0.601615 0.283662 0.604307 0.287253 0.605653 0.287253 0.60969 0.292639 0.60969 0.298025 0.611036 0.29982 0.611036 0.307002 0.60969 0.308797 0.601615 0.308797 0.600269 0.310592 0.592194 0.310592 0.592194 0.315978 0.59354 0.314183 0.611036 0.314183 0.612382 0.312388 0.617766 0.312388 0.619112 0.310592 0.625841 0.310592 0.627187 0.308797 0.667564 0.308797 0.66891 0.307002 0.672948 0.307002 0.674293 0.305206 0.678331 0.305206 0.679677 0.303411 0.683715 0.303411 0.685061 0.301616 0.705249 0.301616 0.706595 0.29982 0.707941 0.29982 0.710633 0.29623 0.711978 0.29623 0.71467 0.292639 0.745626 0.292639 0.746972 0.290844 0.746972 0.289048 0.748318 0.287253 0.722746 0.287253 0.7214 0.285458 0.716016 0.285458 0.71467 0.283662 0.710633 0.283662 0.709287 0.281867 0.707941 0.283662 0.69179 0.283662 0.690444 0.285458 0.674293 0.285458 0.671602 0.289048 0.671602 0.290844 0.66891 0.294434 0.666218 0.294434 0.664872 0.292639 0.66218 0.292639 0.660834 0.290844 0.658143 0.290844 0.656797 0.289048 0.654105 0.289048 0.652759 0.287253 0.650067 0.287253 0.648721 0.285458 0.647376 0.287253 0.632571 0.287253 0.631225 0.289048 0.615074 0.289048 0.612382 0.285458 0.611036 0.285458 0.60969 0.283662 0.608345 0.283662 0.605653 0.280072 0.604307 0.280072 0.602961 0.278276 0.604307 0.276481 0.620458 0.276481 0.621803 0.274686 0.624495 0.274686 0.625841 0.27289 0.628533 0.27289 0.629879 0.271095 0.631225 0.271095 0.632571 0.2693 0.635262 0.2693 0.636608 0.267504 0.676985 0.267504 0.678331 0.265709 0.689098 0.265709 0.690444 0.263914 0.702557 0.263914 0.703903 0.262118 0.71467 0.262118 0.71467 0.258528 0.713324 0.260323 0.697174 0.260323 0.695828 0.262118 0.678331 0.262118 0.676985 0.263914 0.66218 0.263914 0.660834 0.262118 0.663526 0.258528 0.667564 0.258528 0.66891 0.256732 0.674293 0.256732 0.675639 0.254937 0.679677 0.254937 0.681023 0.253142 0.686406 0.253142 0.687752 0.251346 0.69179 0.251346 0.693136 0.249551 0.69852 0.249551 0.699865 0.247756 0.703903 0.247756 0.705249 0.245961 0.710633 0.245961 0.711978 0.244165 0.717362 0.244165 0.718708 0.24237 0.722746 0.24237 0.724092 0.240575 0.729475 0.240575 0.730821 0.238779 0.738896 0.238779 0.740242 0.236984 0.745626 0.236984 0.746972 0.235189 0.753701 0.235189 0.755047 0.233393 0.760431 0.233393 0.761777 0.231598 0.765814 0.231598 0.76716 0.229803 0.771198 0.229803 0.772544 0.228007 0.776581 0.228007 0.777927 0.226212 0.783311 0.226212 0.784657 0.224417 0.791386 0.224417 0.792732 0.222621 0.800808 0.222621 0.802153 0.220826 0.834455 0.220826 0.835801 0.219031 0.839838 0.219031 0.841184 0.220826 0.84253 0.219031 0.84926 0.219031 0.850606 0.217235 0.855989 0.217235 0.857335 0.21544 0.864065 0.21544 0.86541 0.213645 0.87214 0.213645 0.873486 0.211849 0.878869 0.211849 0.880215 0.210054 0.885599 0.210054 0.886945 0.208259 0.892328 0.208259 0.893674 0.206463 0.899058 0.206463 0.900404 0.204668 0.905787 0.204668 0.907133 0.202873 0.923284 0.202873 0.92463 0.201077 0.940781 0.201077 0.942127 0.199282 0.94751 0.199282 0.948856 0.197487 0.955585 0.197487 0.956931 0.195691 0.962315 0.195691 0.963661 0.193896 0.97039 0.193896 0.971736 0.192101 0.974428 0.192101 0.975774 0.190305 0.97712 0.190305 0.978466 0.18851 0.981157 0.18851 0.982503 0.186715 0.983849 0.186715 0.985195 0.184919 0.987887 0.184919 0.985195 0.181329 0.985195 0.179533 0.983849 0.177738 0.981157 0.181329 0.979812 0.181329 0.975774 0.186715 0.974428 0.186715 0.973082 0.18851 0.931359 0.18851 0.930013 0.186715 0.928668 0.18851 0.916555 0.18851 0.915209 0.190305 0.90175 0.190305 0.899058 0.193896 0.897712 0.193896 0.89502 0.197487 0.893674 0.197487 0.890983 0.201077 0.884253 0.201077 0.882907 0.202873 0.877524 0.202873 0.876178 0.204668 0.869448 0.204668 0.868102 0.206463 0.862719 0.206463 0.861373 0.208259 0.854643 0.208259 0.853297 0.210054 0.84253 0.210054 0.841184 0.211849 0.815612 0.211849 0.814266 0.210054 0.812921 0.211849 0.807537 0.211849 0.806191 0.213645 0.800808 0.213645 0.799462 0.21544 0.795424 0.21544 0.794078 0.217235 0.788694 0.217235 0.787349 0.219031 0.781965 0.219031 0.780619 0.220826 0.76716 0.220826 0.765814 0.222621 0.752355 0.222621 0.751009 0.224417 0.746972 0.224417 0.748318 0.226212 0.746972 0.228007 0.745626 0.228007 0.74428 0.229803 0.742934 0.229803 0.740242 0.233393 0.738896 0.233393 0.73755 0.235189 0.732167 0.228007 0.730821 0.228007 0.729475 0.229803 0.7214 0.229803 0.720054 0.231598 0.718708 0.231598 0.717362 0.233393 0.69852 0.233393 0.697174 0.231598 0.685061 0.231598 0.683715 0.229803 0.682369 0.229803 0.679677 0.226212 0.678331 0.226212 0.675639 0.222621 0.674293 0.222621 0.671602 0.219031 0.672948 0.217235 0.678331 0.217235 0.679677 0.21544 0.683715 0.21544 0.685061 0.213645 0.690444 0.213645 0.69179 0.211849 0.695828 0.211849 0.697174 0.210054 0.702557 0.210054 0.703903 0.208259 0.706595 0.208259 0.707941 0.206463 0.709287 0.206463 0.710633 0.204668 0.713324 0.204668 0.71467 0.202873 0.716016 0.202873 0.717362 0.201077 0.720054 0.201077 0.7214 0.199282 0.724092 0.199282 0.725437 0.197487 0.726783 0.197487 0.728129 0.195691 0.745626 0.195691 0.746972 0.197487 0.760431 0.197487 0.761777 0.199282 0.763122 0.197487 0.764468 0.197487 0.765814 0.195691 0.768506 0.195691 0.76716 0.193896 0.76716 0.192101 0.765814 0.190305 0.765814 0.18851 0.73755 0.18851 0.736205 0.186715 0.73755 0.184919 0.741588 0.184919 0.742934 0.183124 0.745626 0.183124 0.746972 0.181329 0.748318 0.181329 0.749664 0.179533 0.751009 0.179533 0.752355 0.177738 0.753701 0.177738 0.755047 0.175943 0.756393 0.175943 0.757739 0.174147 0.759085 0.174147 0.763122 0.168761 0.764468 0.168761 0.76716 0.165171 0.786003 0.165171 0.787349 0.166966 0.802153 0.166966 0.803499 0.165171 0.804845 0.165171 0.806191 0.163375 0.807537 0.163375 0.808883 0.16158 0.810229 0.16158 0.811575 0.159785 0.812921 0.159785 0.814266 0.157989 0.815612 0.157989 0.816958 0.156194 0.818304 0.156194 0.81965 0.154399 0.820996 0.154399 0.822342 0.152603 0.823688 0.152603 0.825034 0.150808 0.825034 0.149013 0.829071 0.143627 0.829071 0.141831 0.831763 0.138241 0.830417 0.136445 0.830417 0.13465 0.827725 0.131059 0.827725 0.129264 0.82638 0.127469 0.795424 0.127469 0.794078 0.125673 0.792732 0.127469 0.787349 0.127469 0.786003 0.129264 0.763122 0.129264 0.761777 0.127469 0.753701 0.127469 0.752355 0.125673 0.74428 0.125673 0.742934 0.123878 0.722746 0.123878
