0 0.58681 0.937163 0.577389 0.949731 0.577389 0.953321 0.576043 0.955117 0.576043 0.960503 0.574697 0.962298 0.574697 0.964093 0.576043 0.965889 0.577389 0.965889 0.581427 0.971275 0.582773 0.971275 0.58681 0.976661 0.588156 0.976661 0.590848 0.980251 0.592194 0.980251 0.596231 0.985637 0.597577 0.985637 0.601615 0.991023 0.602961 0.991023 0.606999 0.996409 0.608345 0.996409 0.60969 0.998205 0.61642 0.998205 0.615074 0.998205 0.611036 0.992819 0.60969 0.992819 0.605653 0.987433 0.604307 0.987433 0.601615 0.983842 0.600269 0.983842 0.596231 0.978456 0.594886 0.978456 0.590848 0.97307 0.589502 0.97307 0.585464 0.967684 0.584118 0.967684 0.581427 0.964093 0.582773 0.962298 0.584118 0.962298 0.58681 0.958707 0.588156 0.958707 0.588156 0.949731 0.58681 0.947935
0 0.196501 0.921005 0.195155 0.922801 0.187079 0.922801 0.185734 0.924596 0.177658 0.924596 0.168237 0.937163 0.166891 0.937163 0.160162 0.94614 0.160162 0.947935 0.158816 0.949731 0.158816 0.953321 0.15747 0.955117 0.15747 0.956912 0.156124 0.958707 0.156124 0.980251 0.154778 0.982047 0.154778 0.998205 0.215343 0.998205 0.215343 0.996409 0.216689 0.994614 0.216689 0.992819 0.218035 0.991023 0.218035 0.989228 0.220727 0.985637 0.220727 0.983842 0.222073 0.982047 0.222073 0.980251 0.223419 0.978456 0.223419 0.976661 0.224764 0.974865 0.224764 0.960503 0.223419 0.958707 0.223419 0.953321 0.222073 0.951526 0.222073 0.94614 0.219381 0.942549 0.219381 0.940754 0.218035 0.938959 0.218035 0.937163 0.213997 0.931777 0.212651 0.931777 0.211306 0.929982 0.20996 0.929982 0.208614 0.928187 0.205922 0.928187 0.204576 0.926391 0.20323 0.926391 0.201884 0.924596 0.200538 0.924596 0.199192 0.922801 0.197847 0.922801
0 0.473755 0.890485 0.473755 0.904847 0.483176 0.904847 0.483176 0.894075 0.479139 0.894075 0.477793 0.89228 0.475101 0.89228
0 0.079408 0.850987 0.078062 0.852783 0.078062 0.854578 0.076716 0.856373 0.076716 0.859964 0.078062 0.861759 0.078062 0.86535 0.083445 0.86535 0.084791 0.867145 0.084791 0.854578 0.083445 0.854578 0.0821 0.852783 0.080754 0.852783
0 0.967699 0.824057 0.966353 0.825853 0.965007 0.825853 0.963661 0.827648 0.962315 0.827648 0.965007 0.831239 0.965007 0.833034 0.966353 0.834829 0.969044 0.831239 0.97039 0.831239 0.971736 0.829443
0 0.576043 0.824057 0.574697 0.825853 0.566622 0.825853 0.566622 0.834829 0.569314 0.834829 0.570659 0.836625 0.572005 0.836625 0.573351 0.83842 0.574697 0.836625 0.577389 0.836625 0.577389 0.831239 0.576043 0.829443
0 0.220727 0.630162 0.219381 0.631957 0.213997 0.631957 0.213997 0.633752 0.215343 0.635548 0.215343 0.639138 0.216689 0.637343 0.220727 0.637343
0 0.577389 0.445242 0.577389 0.452424 0.578735 0.454219 0.578735 0.466786 0.580081 0.468582 0.580081 0.482944 0.581427 0.48474 0.581427 0.497307 0.582773 0.499102 0.582773 0.506284 0.592194 0.506284 0.59354 0.508079 0.59354 0.448833 0.58681 0.448833 0.585464 0.447038 0.578735 0.447038
0 0.908479 0.321364 0.907133 0.32316 0.905787 0.32316 0.904441 0.324955 0.90175 0.324955 0.90175 0.330341 0.900404 0.332136 0.900404 0.335727 0.90175 0.333932 0.908479 0.333932 0.908479 0.332136 0.909825 0.330341 0.909825 0.32675 0.911171 0.324955 0.911171 0.32316 0.909825 0.32316
0 0.013459 0.235189 0.012113 0.236984 0.009421 0.236984 0.008075 0.238779 0.005384 0.238779 0.008075 0.24237 0.008075 0.244165 0.012113 0.249551 0.012113 0.251346 0.014805 0.254937 0.016151 0.253142 0.018843 0.253142 0.020188 0.251346 0.024226 0.251346 0.025572 0.249551 0.039031 0.249551 0.039031 0.238779 0.033647 0.238779 0.032301 0.236984 0.026918 0.236984 0.025572 0.235189
1 0.546433 0.969479 0.545087 0.971275 0.543742 0.971275 0.542396 0.97307 0.54105 0.97307 0.538358 0.976661 0.537012 0.976661 0.535666 0.978456 0.53432 0.978456 0.532974 0.980251 0.531629 0.980251 0.530283 0.982047 0.528937 0.982047 0.527591 0.983842 0.526245 0.983842 0.523553 0.987433 0.522207 0.987433 0.520861 0.989228 0.519515 0.989228 0.51817 0.991023 0.516824 0.991023 0.515478 0.992819 0.514132 0.992819 0.512786 0.994614 0.51144 0.994614 0.508748 0.998205 0.507402 0.998205 0.516824 0.998205 0.51817 0.996409 0.520861 0.996409 0.522207 0.994614 0.523553 0.994614 0.524899 0.992819 0.527591 0.992819 0.528937 0.991023 0.530283 0.991023 0.531629 0.989228 0.53432 0.989228 0.535666 0.987433 0.537012 0.987433 0.538358 0.985637 0.54105 0.985637 0.542396 0.983842 0.543742 0.983842 0.545087 0.982047 0.547779 0.982047 0.549125 0.980251 0.550471 0.980251 0.549125 0.978456 0.549125 0.976661 0.547779 0.974865 0.547779 0.97307 0.546433 0.971275
1 0.099596 0.935368 0.080754 0.960503 0.083445 0.960503 0.084791 0.962298 0.094213 0.949731 0.095559 0.949731 0.103634 0.938959 0.102288 0.938959
1 0.223419 0.885099 0.223419 0.890485 0.25572 0.890485 0.25572 0.888689 0.257066 0.886894 0.224764 0.886894
1 0.088829 0.842011 0.087483 0.843806 0.084791 0.843806 0.083445 0.845601 0.079408 0.845601 0.078062 0.847397 0.07537 0.847397 0.074024 0.849192 0.069987 0.849192 0.068641 0.850987 0.065949 0.850987 0.064603 0.852783 0.060565 0.852783 0.059219 0.854578 0.056528 0.854578 0.055182 0.856373 0.051144 0.856373 0.049798 0.858169 0.047106 0.858169 0.04576 0.859964 0.041723 0.859964 0.040377 0.861759 0.037685 0.861759 0.037685 0.863555 0.036339 0.86535 0.036339 0.868941 0.034993 0.870736 0.034993 0.876122 0.033647 0.877917 0.033647 0.881508 0.032301 0.883303 0.032301 0.885099 0.030956 0.886894 0.030956 0.888689 0.02961 0.890485 0.030956 0.89228 0.030956 0.894075 0.032301 0.895871 0.034993 0.895871 0.036339 0.897666 0.037685 0.897666 0.039031 0.899461 0.039031 0.890485 0.047106 0.879713 0.047106 0.876122 0.04576 0.874327 0.04576 0.870736 0.047106 0.868941 0.049798 0.868941 0.051144 0.867145 0.05249 0.867145 0.053836 0.86535 0.056528 0.86535 0.057873 0.863555 0.060565 0.863555 0.061911 0.861759 0.063257 0.861759 0.064603 0.859964 0.067295 0.859964 0.068641 0.858169 0.071332 0.858169 0.072678 0.856373 0.074024 0.856373 0.07537 0.854578 0.076716 0.854578 0.076716 0.852783 0.079408 0.849192 0.080754 0.850987 0.084791 0.850987 0.086137 0.849192 0.088829 0.849192
1 0.310902 0.822262 0.309556 0.824057 0.309556 0.825853 0.30821 0.827648 0.30821 0.829443 0.306864 0.831239 0.306864 0.833034 0.297443 0.845601 0.297443 0.847397 0.288022 0.859964 0.288022 0.863555 0.286676 0.86535 0.286676 0.870736 0.28533 0.872531 0.28533 0.874327 0.306864 0.903052 0.306864 0.917415 0.30821 0.91921 0.30821 0.933573 0.306864 0.935368 0.305518 0.935368 0.304172 0.937163 0.302826 0.937163 0.30148 0.938959 0.300135 0.938959 0.298789 0.940754 0.297443 0.940754 0.296097 0.942549 0.281292 0.942549 0.279946 0.944345 0.257066 0.944345 0.25572 0.942549 0.247645 0.942549 0.246299 0.940754 0.238223 0.940754 0.236878 0.938959 0.228802 0.938959 0.227456 0.937163 0.219381 0.937163 0.218035 0.935368 0.219381 0.937163 0.219381 0.938959 0.220727 0.940754 0.220727 0.942549 0.235532 0.942549 0.236878 0.944345 0.251682 0.944345 0.253028 0.94614 0.266487 0.94614 0.267833 0.947935 0.282638 0.947935 0.283984 0.949731 0.281292 0.953321 0.279946 0.953321 0.277254 0.956912 0.275908 0.956912 0.273217 0.960503 0.271871 0.960503 0.270525 0.962298 0.269179 0.962298 0.267833 0.964093 0.266487 0.964093 0.263795 0.967684 0.26245 0.967684 0.261104 0.969479 0.250336 0.969479 0.248991 0.967684 0.238223 0.967684 0.236878 0.965889 0.227456 0.965889 0.22611 0.964093 0.22611 0.97307 0.23284 0.97307 0.234186 0.974865 0.239569 0.974865 0.240915 0.976661 0.247645 0.976661 0.248991 0.978456 0.254374 0.978456 0.25572 0.980251 0.258412 0.980251 0.259758 0.982047 0.261104 0.982047 0.26245 0.983842 0.265141 0.983842 0.266487 0.985637 0.267833 0.985637 0.269179 0.987433 0.271871 0.987433 0.273217 0.989228 0.274563 0.989228 0.275908 0.991023 0.2786 0.991023 0.279946 0.992819 0.28533 0.992819 0.286676 0.994614 0.292059 0.994614 0.293405 0.996409 0.293405 0.994614 0.294751 0.992819 0.294751 0.991023 0.297443 0.987433 0.297443 0.985637 0.298789 0.983842 0.298789 0.982047 0.300135 0.980251 0.300135 0.978456 0.30148 0.976661 0.30148 0.974865 0.302826 0.97307 0.302826 0.951526 0.306864 0.94614 0.30821 0.94614 0.313594 0.938959 0.314939 0.938959 0.317631 0.935368 0.317631 0.933573 0.318977 0.931777 0.318977 0.929982 0.320323 0.928187 0.320323 0.924596 0.321669 0.922801 0.321669 0.921005 0.323015 0.91921 0.323015 0.915619 0.324361 0.913824 0.324361 0.912029 0.325707 0.910233 0.325707 0.906643 0.327052 0.904847 0.327052 0.903052 0.328398 0.901257 0.328398 0.899461 0.329744 0.897666 0.329744 0.894075 0.33109 0.89228 0.33109 0.890485 0.332436 0.888689 0.332436 0.885099 0.333782 0.883303 0.333782 0.881508 0.335128 0.879713 0.335128 0.877917 0.332436 0.877917 0.33109 0.876122 0.328398 0.876122 0.327052 0.874327 0.323015 0.879713 0.321669 0.879713 0.316285 0.886894 0.314939 0.886894 0.313594 0.888689 0.305518 0.877917 0.305518 0.876122 0.298789 0.867145 0.30148 0.863555 0.302826 0.863555 0.30821 0.856373 0.309556 0.856373 0.314939 0.849192 0.316285 0.849192 0.321669 0.842011 0.323015 0.842011 0.324361 0.840215
1 0.693136 0.815081 0.69179 0.816876 0.690444 0.816876 0.689098 0.818671 0.687752 0.818671 0.686406 0.820467 0.683715 0.820467 0.682369 0.822262 0.681023 0.822262 0.679677 0.824057 0.678331 0.824057 0.676985 0.825853 0.675639 0.825853 0.674293 0.827648 0.671602 0.827648 0.670256 0.829443 0.66891 0.829443 0.66891 0.831239 0.670256 0.833034 0.670256 0.834829 0.671602 0.833034 0.672948 0.833034 0.674293 0.831239 0.675639 0.831239 0.676985 0.829443 0.678331 0.829443 0.679677 0.827648 0.681023 0.827648 0.682369 0.825853 0.685061 0.825853 0.686406 0.824057 0.687752 0.824057 0.689098 0.822262 0.690444 0.822262 0.69179 0.820467 0.693136 0.820467 0.694482 0.818671 0.695828 0.818671
1 0.749664 0.798923 0.749664 0.807899 0.751009 0.807899 0.753701 0.81149 0.755047 0.81149 0.757739 0.815081 0.757739 0.816876 0.755047 0.820467 0.753701 0.820467 0.752355 0.822262 0.751009 0.822262 0.749664 0.824057 0.748318 0.824057 0.746972 0.825853 0.745626 0.825853 0.74428 0.827648 0.742934 0.827648 0.742934 0.829443 0.741588 0.831239 0.741588 0.833034 0.742934 0.831239 0.748318 0.831239 0.749664 0.829443 0.757739 0.829443 0.759085 0.831239 0.760431 0.831239 0.761777 0.833034 0.763122 0.831239 0.764468 0.831239 0.765814 0.829443 0.76716 0.829443 0.769852 0.825853 0.771198 0.825853 0.772544 0.824057 0.77389 0.824057 0.775236 0.822262 0.776581 0.822262 0.777927 0.820467 0.779273 0.820467 0.780619 0.818671 0.781965 0.818671 0.784657 0.815081 0.786003 0.815081 0.787349 0.813285 0.788694 0.813285 0.788694 0.81149 0.787349 0.809695 0.787349 0.804309 0.786003 0.802513 0.786003 0.800718 0.784657 0.802513 0.780619 0.802513 0.779273 0.804309 0.768506 0.804309 0.76716 0.802513 0.759085 0.802513 0.757739 0.800718 0.751009 0.800718
1 0.119785 0.797127 0.118439 0.798923 0.118439 0.800718 0.115747 0.804309 0.115747 0.806104 0.114401 0.807899 0.114401 0.815081 0.115747 0.816876 0.115747 0.833034 0.117093 0.834829 0.117093 0.842011 0.119785 0.83842 0.121131 0.83842 0.123822 0.834829 0.125168 0.834829 0.126514 0.833034 0.13459 0.833034 0.13459 0.822262 0.133244 0.820467 0.133244 0.818671 0.131898 0.816876 0.131898 0.815081 0.130552 0.813285 0.130552 0.81149 0.129206 0.809695 0.129206 0.807899 0.12786 0.806104 0.12786 0.804309 0.126514 0.804309 0.123822 0.800718 0.122476 0.800718
1 0.402423 0.608618 0.401077 0.610413 0.393001 0.610413 0.391655 0.612208 0.384926 0.612208 0.38358 0.614004 0.375505 0.614004 0.374159 0.615799 0.366083 0.615799 0.366083 0.617594 0.367429 0.61939 0.367429 0.621185 0.368775 0.61939 0.374159 0.61939 0.375505 0.617594 0.382234 0.617594 0.38358 0.615799 0.388964 0.615799 0.39031 0.614004 0.397039 0.614004 0.398385 0.612208 0.403769 0.612208 0.402423 0.610413
1 0.889637 0.527828 0.888291 0.529623 0.876178 0.529623 0.874832 0.531418 0.862719 0.531418 0.861373 0.533214 0.84926 0.533214 0.847914 0.535009 0.835801 0.535009 0.835801 0.54219 0.837147 0.540395 0.853297 0.540395 0.854643 0.5386 0.870794 0.5386 0.87214 0.536804 0.888291 0.536804 0.888291 0.533214 0.889637 0.531418
1 0.425303 0.454219 0.425303 0.456014 0.423957 0.45781 0.426649 0.45781 0.427995 0.459605 0.432032 0.459605 0.433378 0.4614 0.43607 0.4614 0.437416 0.463196 0.440108 0.463196 0.441454 0.464991 0.445491 0.464991 0.446837 0.466786 0.449529 0.466786 0.450875 0.468582 0.453567 0.468582 0.454913 0.470377 0.45895 0.470377 0.460296 0.472172 0.462988 0.472172 0.464334 0.473968 0.464334 0.472172 0.46568 0.470377 0.462988 0.470377 0.461642 0.468582 0.457604 0.468582 0.456258 0.466786 0.453567 0.466786 0.452221 0.464991 0.449529 0.464991 0.448183 0.463196 0.444145 0.463196 0.442799 0.4614 0.440108 0.4614 0.438762 0.459605 0.43607 0.459605 0.434724 0.45781 0.430686 0.45781 0.429341 0.456014 0.426649 0.456014
1 0.637954 0.421903 0.637954 0.425494 0.6393 0.427289 0.6393 0.432675 0.660834 0.432675 0.66218 0.43447 0.659489 0.438061 0.658143 0.438061 0.652759 0.445242 0.651413 0.445242 0.64603 0.452424 0.644684 0.452424 0.640646 0.45781 0.6393 0.45781 0.633917 0.464991 0.632571 0.464991 0.631225 0.466786 0.632571 0.466786 0.633917 0.468582 0.635262 0.468582 0.636608 0.470377 0.640646 0.464991 0.641992 0.464991 0.650067 0.454219 0.651413 0.454219 0.655451 0.448833 0.656797 0.448833 0.658143 0.447038 0.659489 0.447038 0.66218 0.443447 0.663526 0.443447 0.664872 0.441652 0.666218 0.441652 0.667564 0.439856 0.66891 0.439856 0.670256 0.438061 0.671602 0.438061 0.674293 0.43447 0.675639 0.43447 0.676985 0.432675 0.678331 0.432675 0.678331 0.425494 0.659489 0.425494 0.658143 0.423698 0.6393 0.423698
1 0.144011 0.307002 0.142665 0.308797 0.137281 0.308797 0.135935 0.310592 0.13459 0.310592 0.133244 0.312388 0.131898 0.312388 0.130552 0.314183 0.129206 0.314183 0.12786 0.315978 0.126514 0.315978 0.125168 0.317774 0.123822 0.317774 0.125168 0.317774 0.126514 0.319569 0.129206 0.315978 0.130552 0.315978 0.131898 0.314183 0.137281 0.314183 0.138627 0.312388 0.144011 0.312388
1 0.036339 0.285458 0.033647 0.289048 0.032301 0.289048 0.026918 0.29623 0.025572 0.29623 0.024226 0.298025 0.025572 0.29623 0.048452 0.29623 0.051144 0.292639 0.05249 0.292639 0.055182 0.289048 0.056528 0.289048 0.059219 0.285458 0.060565 0.285458
1 0.697174 0.201077 0.695828 0.202873 0.694482 0.202873 0.693136 0.204668 0.69179 0.204668 0.690444 0.206463 0.689098 0.206463 0.687752 0.208259 0.686406 0.208259 0.689098 0.211849 0.689098 0.213645 0.690444 0.21544 0.69179 0.213645 0.695828 0.213645 0.697174 0.211849 0.701211 0.211849 0.702557 0.210054 0.706595 0.210054 0.707941 0.208259 0.711978 0.208259 0.713324 0.206463 0.713324 0.204668 0.716016 0.201077
