0 0.932854 0.785942 0.930456 0.789137 0.923261 0.789137 0.920863 0.792332 0.916067 0.792332 0.913669 0.795527 0.906475 0.795527 0.906475 0.798722 0.904077 0.801917 0.904077 0.805112 0.901679 0.808307 0.901679 0.811502 0.899281 0.814696 0.899281 0.817891 0.896882 0.821086 0.896882 0.824281 0.911271 0.824281 0.913669 0.827476 0.916067 0.824281 0.923261 0.824281 0.925659 0.821086 0.932854 0.821086 0.935252 0.817891 0.944844 0.817891 0.947242 0.814696 0.954436 0.814696 0.954436 0.795527 0.94964 0.795527 0.947242 0.792332 0.942446 0.792332 0.940048 0.789137 0.935252 0.789137
0 0.81295 0.635783 0.810552 0.638978 0.808153 0.638978 0.805755 0.642173 0.803357 0.642173 0.800959 0.645367 0.798561 0.645367 0.796163 0.648562 0.793765 0.648562 0.793765 0.651757 0.791367 0.654952 0.791367 0.658147 0.788969 0.661342 0.788969 0.664537 0.786571 0.667732 0.786571 0.670927 0.791367 0.670927 0.793765 0.674121 0.798561 0.674121 0.800959 0.677316 0.805755 0.677316 0.808153 0.680511 0.81295 0.680511 0.815348 0.683706 0.817746 0.680511 0.817746 0.677316 0.82494 0.667732 0.82494 0.664537 0.829736 0.658147 0.829736 0.651757 0.827338 0.648562 0.827338 0.642173 0.822542 0.642173 0.820144 0.638978 0.815348 0.638978
0 0.115108 0.616613 0.115108 0.619808 0.11271 0.623003 0.11271 0.626198 0.110312 0.629393 0.110312 0.632588 0.107914 0.635783 0.107914 0.638978 0.105516 0.642173 0.105516 0.645367 0.103118 0.648562 0.103118 0.664537 0.105516 0.667732 0.105516 0.683706 0.107914 0.680511 0.117506 0.680511 0.119904 0.677316 0.131894 0.677316 0.131894 0.664537 0.129496 0.661342 0.129496 0.632588 0.127098 0.629393 0.127098 0.616613
0 0.470024 0.610224 0.470024 0.613419 0.467626 0.616613 0.467626 0.623003 0.465228 0.626198 0.465228 0.632588 0.46283 0.635783 0.46283 0.642173 0.460432 0.645367 0.460432 0.648562 0.472422 0.648562 0.472422 0.645367 0.47482 0.642173 0.47482 0.638978 0.477218 0.635783 0.477218 0.632588 0.479616 0.629393 0.479616 0.626198 0.482014 0.623003 0.482014 0.619808 0.479616 0.619808 0.47482 0.613419 0.472422 0.613419
0 0.534772 0.587859 0.534772 0.597444 0.53717 0.600639 0.53717 0.613419 0.556355 0.613419 0.556355 0.587859
0 0.196643 0.555911 0.194245 0.559105 0.17506 0.559105 0.17506 0.591054 0.177458 0.594249 0.177458 0.597444 0.179856 0.600639 0.179856 0.603834 0.182254 0.607029 0.182254 0.610224 0.201439 0.610224 0.201439 0.607029 0.203837 0.603834 0.203837 0.600639 0.206235 0.597444 0.206235 0.584665 0.203837 0.58147 0.203837 0.56869 0.199041 0.5623 0.199041 0.559105
0 0.0 0.549521 0.0 0.56869 0.021583 0.56869 0.021583 0.549521
0 0.376499 0.517572 0.376499 0.543131 0.378897 0.539936 0.426859 0.539936 0.426859 0.530351 0.42446 0.527157 0.42446 0.517572
0 0.752998 0.466454 0.745803 0.476038 0.743405 0.476038 0.738609 0.482428 0.741007 0.485623 0.741007 0.488818 0.748201 0.498403 0.748201 0.501597 0.7506 0.504792 0.776978 0.504792 0.779376 0.507987 0.803357 0.507987 0.805755 0.511182 0.805755 0.495208 0.808153 0.492013 0.808153 0.476038 0.791367 0.476038 0.788969 0.472843 0.77458 0.472843 0.772182 0.469649 0.755396 0.469649
0 0.374101 0.444089 0.371703 0.447284 0.369305 0.447284 0.366906 0.450479 0.36211 0.450479 0.359712 0.453674 0.357314 0.453674 0.357314 0.456869 0.359712 0.460064 0.359712 0.463259 0.36211 0.466454 0.36211 0.469649 0.395683 0.469649 0.398082 0.466454 0.40048 0.466454 0.402878 0.463259 0.407674 0.463259 0.407674 0.456869 0.405276 0.453674 0.405276 0.447284 0.376499 0.447284
0 0.17506 0.345048 0.172662 0.348243 0.155875 0.348243 0.153477 0.351438 0.139089 0.351438 0.136691 0.354633 0.122302 0.354633 0.119904 0.357827 0.117506 0.354633 0.093525 0.354633 0.091127 0.351438 0.064748 0.351438 0.06235 0.348243 0.026379 0.348243 0.023981 0.351438 0.016787 0.351438 0.014388 0.354633 0.009592 0.354633 0.007194 0.357827 0.002398 0.357827 0.0 0.361022 0.0 0.380192 0.002398 0.383387 0.117506 0.383387 0.119904 0.380192 0.131894 0.380192 0.134293 0.376997 0.143885 0.376997 0.146283 0.373802 0.158273 0.373802 0.160671 0.370607 0.170264 0.370607 0.172662 0.367412 0.184652 0.367412 0.184652 0.357827 0.18705 0.354633 0.18705 0.345048
0 0.266187 0.335463 0.266187 0.341853 0.263789 0.345048 0.263789 0.357827 0.266187 0.357827 0.270983 0.364217 0.273381 0.364217 0.275779 0.361022 0.278177 0.361022 0.282974 0.354633 0.282974 0.335463
0 0.498801 0.290735 0.496403 0.29393 0.482014 0.29393 0.482014 0.313099 0.513189 0.313099 0.517986 0.306709 0.520384 0.306709 0.522782 0.303514 0.513189 0.290735
1 0.83693 0.680511 0.83693 0.696486 0.839329 0.696486 0.841727 0.699681 0.846523 0.699681 0.848921 0.702875 0.851319 0.702875 0.853717 0.70607 0.858513 0.70607 0.860911 0.709265 0.863309 0.709265 0.865707 0.71246 0.868106 0.71246 0.870504 0.715655 0.8753 0.715655 0.877698 0.71885 0.880096 0.71885 0.882494 0.722045 0.882494 0.738019 0.894484 0.738019 0.896882 0.741214 0.896882 0.728435 0.899281 0.72524 0.899281 0.71246 0.896882 0.71246 0.892086 0.70607 0.889688 0.70607 0.88729 0.702875 0.884892 0.702875 0.880096 0.696486 0.877698 0.696486 0.8753 0.693291 0.868106 0.693291 0.865707 0.690096 0.858513 0.690096 0.856115 0.686901 0.848921 0.686901 0.846523 0.683706 0.839329 0.683706
1 0.573141 0.664537 0.573141 0.667732 0.570743 0.670927 0.570743 0.677316 0.568345 0.680511 0.568345 0.686901 0.565947 0.690096 0.565947 0.693291 0.577938 0.693291 0.580336 0.696486 0.580336 0.690096 0.582734 0.686901 0.582734 0.674121 0.585132 0.670927 0.585132 0.664537
1 0.868106 0.591054 0.868106 0.597444 0.865707 0.600639 0.865707 0.607029 0.872902 0.607029 0.8753 0.610224 0.880096 0.610224 0.882494 0.613419 0.889688 0.613419 0.892086 0.616613 0.896882 0.616613 0.899281 0.619808 0.906475 0.619808 0.908873 0.623003 0.911271 0.619808 0.911271 0.616613 0.916067 0.610224 0.913669 0.610224 0.911271 0.607029 0.906475 0.607029 0.904077 0.603834 0.901679 0.603834 0.899281 0.600639 0.894484 0.600639 0.892086 0.597444 0.889688 0.597444 0.88729 0.594249 0.870504 0.594249
1 0.973621 0.5623 0.971223 0.565495 0.966427 0.565495 0.964029 0.56869 0.959233 0.56869 0.961631 0.56869 0.964029 0.571885 0.966427 0.571885 0.968825 0.57508 0.973621 0.57508 0.976019 0.578275 0.978417 0.578275 0.980815 0.58147 0.983213 0.58147 0.985612 0.584665 0.98801 0.58147 0.98801 0.578275 0.990408 0.57508 0.98801 0.57508 0.985612 0.571885 0.983213 0.571885 0.978417 0.565495 0.976019 0.565495
1 0.904077 0.523962 0.904077 0.527157 0.901679 0.530351 0.901679 0.533546 0.899281 0.536741 0.901679 0.536741 0.904077 0.539936 0.906475 0.539936 0.911271 0.546326 0.913669 0.546326 0.916067 0.549521 0.923261 0.539936 0.920863 0.539936 0.916067 0.533546 0.913669 0.533546 0.908873 0.527157 0.906475 0.527157
