0 0.743351 0.97695 0.743351 0.980496 0.742021 0.98227 0.742021 0.984043 0.743351 0.984043 0.744681 0.985816 0.755319 0.985816 0.760638 0.992908 0.760638 0.994681 0.763298 0.998227 0.780585 0.998227 0.781915 0.996454 0.781915 0.994681 0.783245 0.992908 0.783245 0.991135 0.784574 0.989362 0.784574 0.987589 0.785904 0.985816 0.785904 0.984043 0.787234 0.98227 0.756649 0.98227 0.755319 0.980496 0.753989 0.980496 0.75266 0.978723 0.75133 0.978723 0.75 0.97695
0 0.882979 0.957447 0.882979 0.966312 0.896277 0.984043 0.896277 0.98227 0.897606 0.980496 0.897606 0.97695 0.898936 0.975177 0.898936 0.973404 0.900266 0.971631 0.900266 0.968085 0.901596 0.966312 0.901596 0.964539 0.897606 0.964539 0.896277 0.962766 0.893617 0.962766 0.892287 0.960993 0.888298 0.960993 0.886968 0.95922 0.884309 0.95922
0 0.804521 0.952128 0.803191 0.953901 0.800532 0.953901 0.799202 0.955674 0.797872 0.955674 0.795213 0.95922 0.793883 0.95922 0.791223 0.962766 0.789894 0.962766 0.787234 0.966312 0.785904 0.966312 0.788564 0.969858 0.789894 0.969858 0.796543 0.978723 0.797872 0.978723 0.803191 0.985816 0.804521 0.985816 0.81117 0.994681 0.8125 0.994681 0.81516 0.998227 0.881649 0.998227 0.868351 0.980496 0.867021 0.980496 0.849734 0.957447 0.836436 0.957447 0.835106 0.955674 0.820479 0.955674 0.819149 0.953901 0.805851 0.953901
0 0.618351 0.939716 0.618351 0.941489 0.617021 0.943262 0.617021 0.945035 0.615691 0.946809 0.615691 0.948582 0.614362 0.950355 0.614362 0.952128 0.613032 0.953901 0.613032 0.955674 0.615691 0.95922 0.615691 0.960993 0.619681 0.966312 0.619681 0.968085 0.621011 0.969858 0.62766 0.969858 0.62766 0.966312 0.62633 0.964539 0.62633 0.955674 0.625 0.953901 0.625 0.945035 0.62367 0.943262 0.62367 0.939716
0 0.381649 0.91844 0.381649 0.921986 0.380319 0.923759 0.380319 0.927305 0.381649 0.929078 0.382979 0.929078 0.385638 0.932624 0.389628 0.932624 0.390957 0.930851 0.390957 0.929078 0.393617 0.925532 0.393617 0.91844
0 0.659574 0.893617 0.659574 0.89539 0.658245 0.897163 0.666223 0.907801 0.666223 0.909574 0.674202 0.920213 0.678191 0.920213 0.679521 0.921986 0.679521 0.916667 0.678191 0.914894 0.678191 0.909574 0.675532 0.909574 0.674202 0.907801 0.671543 0.907801 0.670213 0.906028 0.670213 0.897163 0.666223 0.897163 0.664894 0.89539 0.660904 0.89539
0 0.667553 0.856383 0.662234 0.863475 0.666223 0.868794 0.666223 0.870567 0.670213 0.875887 0.671543 0.874113 0.674202 0.874113 0.675532 0.87234 0.678191 0.87234 0.678191 0.870567 0.676862 0.868794 0.676862 0.865248 0.675532 0.863475 0.675532 0.861702 0.674202 0.861702 0.672872 0.859929 0.671543 0.859929 0.670213 0.858156 0.668883 0.858156
0 0.75133 0.843972 0.75 0.845745 0.74867 0.845745 0.74734 0.847518 0.739362 0.847518 0.739362 0.856383 0.740691 0.856383 0.743351 0.859929 0.744681 0.859929 0.746011 0.861702 0.74734 0.861702 0.75 0.865248 0.75133 0.865248 0.756649 0.87234 0.756649 0.874113 0.760638 0.879433 0.760638 0.881206 0.763298 0.884752 0.763298 0.886525 0.764628 0.888298 0.771277 0.888298 0.772606 0.890071 0.777926 0.890071 0.779255 0.891844 0.777926 0.890071 0.777926 0.888298 0.775266 0.884752 0.775266 0.882979 0.773936 0.881206 0.773936 0.879433 0.772606 0.87766 0.772606 0.875887 0.773936 0.874113 0.773936 0.87234 0.775266 0.870567 0.775266 0.868794 0.776596 0.867021 0.773936 0.863475 0.772606 0.863475 0.767287 0.856383 0.761968 0.856383 0.757979 0.851064 0.756649 0.851064
0 0.503989 0.803191 0.50266 0.804965 0.49867 0.804965 0.49734 0.806738 0.494681 0.806738 0.493351 0.808511 0.489362 0.808511 0.489362 0.81383 0.488032 0.815603 0.488032 0.819149 0.49867 0.819149 0.506649 0.808511 0.505319 0.806738 0.505319 0.804965
0 0.448138 0.79078 0.444149 0.796099 0.446809 0.799645 0.446809 0.801418 0.449468 0.804965 0.450798 0.803191 0.450798 0.801418 0.453457 0.797872
0 0.87766 0.787234 0.87766 0.792553 0.87633 0.794326 0.87633 0.797872 0.878989 0.797872 0.880319 0.799645 0.882979 0.799645 0.884309 0.801418 0.885638 0.799645 0.885638 0.797872 0.888298 0.794326 0.888298 0.792553 0.889628 0.79078 0.884309 0.79078 0.882979 0.789007 0.878989 0.789007
0 0.566489 0.693262 0.56516 0.695035 0.55984 0.695035 0.55984 0.696809 0.558511 0.698582 0.558511 0.700355 0.56117 0.700355 0.5625 0.702128 0.56516 0.702128 0.566489 0.703901 0.569149 0.703901 0.570479 0.705674 0.573138 0.705674 0.574468 0.707447 0.586436 0.707447 0.587766 0.70922 0.587766 0.721631 0.589096 0.723404 0.589096 0.730496 0.591755 0.730496 0.593085 0.73227 0.597074 0.73227 0.598404 0.734043 0.601064 0.734043 0.602394 0.735816 0.605053 0.735816 0.606383 0.737589 0.609043 0.734043 0.610372 0.734043 0.613032 0.730496 0.614362 0.730496 0.611702 0.72695 0.610372 0.72695 0.605053 0.719858 0.602394 0.719858 0.601064 0.718085 0.598404 0.718085 0.595745 0.714539 0.595745 0.712766 0.594415 0.710993 0.594415 0.70922 0.593085 0.707447 0.593085 0.705674 0.591755 0.703901 0.591755 0.702128 0.590426 0.700355 0.581117 0.700355 0.579787 0.698582 0.577128 0.698582 0.575798 0.696809 0.571809 0.696809 0.570479 0.695035 0.567819 0.695035
0 0.780585 0.624113 0.779255 0.625887 0.777926 0.625887 0.776596 0.62766 0.775266 0.62766 0.775266 0.629433 0.776596 0.631206 0.776596 0.632979 0.777926 0.634752 0.777926 0.636525 0.779255 0.638298 0.779255 0.640071 0.783245 0.634752 0.784574 0.634752 0.785904 0.632979 0.783245 0.629433 0.783245 0.62766
1 0.989362 0.952128 0.988032 0.953901 0.986702 0.953901 0.985372 0.955674 0.984043 0.955674 0.982713 0.957447 0.980053 0.957447 0.978723 0.95922 0.977394 0.95922 0.977394 0.960993 0.978723 0.962766 0.978723 0.966312 0.980053 0.968085 0.980053 0.971631 0.981383 0.973404 0.981383 0.975177 0.985372 0.975177 0.986702 0.97695 0.990691 0.97695 0.992021 0.978723 0.992021 0.97695 0.993351 0.975177 0.993351 0.971631 0.994681 0.969858 0.994681 0.966312 0.996011 0.964539 0.996011 0.962766 0.992021 0.957447 0.992021 0.955674
1 0.593085 0.939716 0.593085 0.941489 0.591755 0.943262 0.591755 0.945035 0.590426 0.946809 0.590426 0.948582 0.589096 0.950355 0.589096 0.952128 0.587766 0.953901 0.587766 0.955674 0.586436 0.957447 0.586436 0.95922 0.587766 0.95922 0.589096 0.960993 0.590426 0.960993 0.593085 0.964539 0.594415 0.964539 0.595745 0.966312 0.595745 0.962766 0.597074 0.960993 0.597074 0.953901 0.598404 0.952128 0.598404 0.948582 0.595745 0.945035 0.595745 0.943262
1 0.418883 0.868794 0.418883 0.870567 0.417553 0.87234 0.417553 0.875887 0.416223 0.87766 0.416223 0.881206 0.414894 0.882979 0.414894 0.884752 0.418883 0.884752 0.420213 0.886525 0.422872 0.886525 0.424202 0.888298 0.432181 0.87766 0.430851 0.87766 0.429521 0.875887 0.428191 0.875887 0.426862 0.874113 0.425532 0.874113 0.424202 0.87234 0.422872 0.87234 0.421543 0.870567 0.420213 0.870567
1 0.121011 0.865248 0.119681 0.867021 0.106383 0.867021 0.105053 0.868794 0.091755 0.868794 0.091755 0.874113 0.093085 0.874113 0.095745 0.87766 0.097074 0.87766 0.099734 0.881206 0.101064 0.881206 0.102394 0.882979 0.102394 0.881206 0.103723 0.879433 0.103723 0.87766 0.106383 0.874113 0.119681 0.874113 0.119681 0.870567 0.121011 0.868794
1 0.226064 0.859929 0.222074 0.865248 0.220745 0.865248 0.218085 0.868794 0.216755 0.868794 0.214096 0.87234 0.212766 0.87234 0.211436 0.874113 0.210106 0.874113 0.208777 0.875887 0.207447 0.875887 0.204787 0.879433 0.203457 0.879433 0.202128 0.881206 0.200798 0.881206 0.199468 0.882979 0.198138 0.882979 0.195479 0.886525 0.194149 0.886525 0.192819 0.888298 0.19016 0.888298 0.18883 0.890071 0.18617 0.890071 0.18484 0.891844 0.182181 0.891844 0.179521 0.888298 0.179521 0.886525 0.175532 0.881206 0.175532 0.879433 0.174202 0.87766 0.160904 0.87766 0.159574 0.879433 0.156915 0.879433 0.155585 0.881206 0.151596 0.881206 0.159574 0.891844 0.148936 0.906028 0.148936 0.909574 0.150266 0.911348 0.150266 0.914894 0.151596 0.913121 0.162234 0.913121 0.163564 0.911348 0.167553 0.911348 0.168883 0.909574 0.172872 0.909574 0.174202 0.907801 0.178191 0.907801 0.179521 0.906028 0.180851 0.906028 0.183511 0.902482 0.18484 0.902482 0.18617 0.900709 0.1875 0.900709 0.19016 0.897163 0.191489 0.897163 0.192819 0.89539 0.194149 0.89539 0.195479 0.893617 0.196809 0.893617 0.199468 0.890071 0.200798 0.890071 0.202128 0.888298 0.203457 0.888298 0.204787 0.886525 0.206117 0.886525 0.207447 0.884752 0.210106 0.884752 0.211436 0.882979 0.212766 0.884752 0.212766 0.891844 0.211436 0.893617 0.210106 0.893617 0.208777 0.89539 0.206117 0.89539 0.204787 0.897163 0.203457 0.897163 0.202128 0.898936 0.199468 0.898936 0.195479 0.904255 0.194149 0.904255 0.191489 0.907801 0.192819 0.909574 0.194149 0.909574 0.196809 0.913121 0.204787 0.913121 0.207447 0.909574 0.208777 0.909574 0.212766 0.904255 0.214096 0.904255 0.215426 0.906028 0.214096 0.907801 0.214096 0.913121 0.212766 0.914894 0.212766 0.920213 0.214096 0.921986 0.214096 0.927305 0.215426 0.929078 0.215426 0.934397 0.216755 0.93617 0.216755 0.939716 0.214096 0.943262 0.212766 0.943262 0.208777 0.948582 0.207447 0.948582 0.204787 0.952128 0.202128 0.952128 0.200798 0.953901 0.199468 0.953901 0.198138 0.955674 0.195479 0.955674 0.194149 0.957447 0.191489 0.957447 0.19016 0.95922 0.1875 0.95922 0.18617 0.960993 0.18484 0.960993 0.183511 0.962766 0.180851 0.962766 0.172872 0.973404 0.172872 0.975177 0.164894 0.985816 0.166223 0.985816 0.168883 0.989362 0.170213 0.989362 0.171543 0.991135 0.172872 0.991135 0.175532 0.994681 0.176862 0.994681 0.179521 0.998227 0.323138 0.998227 0.323138 0.955674 0.321809 0.955674 0.320479 0.953901 0.319149 0.953901 0.317819 0.952128 0.316489 0.952128 0.31516 0.950355 0.31383 0.950355 0.3125 0.948582 0.31117 0.948582 0.30984 0.946809 0.308511 0.946809 0.307181 0.945035 0.305851 0.945035 0.304521 0.943262 0.303191 0.943262 0.301862 0.941489 0.300532 0.941489 0.297872 0.937943 0.296543 0.937943 0.295213 0.93617 0.293883 0.93617 0.292553 0.934397 0.291223 0.934397 0.289894 0.932624 0.288564 0.932624 0.287234 0.930851 0.285904 0.930851 0.284574 0.929078 0.283245 0.929078 0.281915 0.927305 0.280585 0.927305 0.279255 0.925532 0.277926 0.925532 0.276596 0.923759 0.276596 0.921986 0.285904 0.909574 0.287234 0.909574 0.288564 0.907801 0.289894 0.907801 0.291223 0.906028 0.292553 0.906028 0.295213 0.902482 0.296543 0.902482 0.297872 0.900709 0.299202 0.900709 0.300532 0.898936 0.301862 0.898936 0.303191 0.897163 0.303191 0.89539 0.305851 0.891844 0.303191 0.891844 0.301862 0.890071 0.299202 0.890071 0.297872 0.888298 0.295213 0.888298 0.293883 0.886525 0.291223 0.886525 0.289894 0.884752 0.287234 0.884752 0.285904 0.882979 0.281915 0.882979 0.280585 0.881206 0.276596 0.881206 0.275266 0.879433 0.271277 0.879433 0.269947 0.87766 0.269947 0.879433 0.268617 0.881206 0.268617 0.886525 0.267287 0.888298 0.267287 0.890071 0.268617 0.891844 0.268617 0.893617 0.269947 0.89539 0.269947 0.897163 0.271277 0.898936 0.271277 0.900709 0.272606 0.902482 0.272606 0.904255 0.273936 0.906028 0.265957 0.916667 0.264628 0.916667 0.263298 0.91844 0.261968 0.91844 0.260638 0.920213 0.257979 0.920213 0.256649 0.921986 0.255319 0.921986 0.253989 0.923759 0.25266 0.923759 0.25133 0.925532 0.242021 0.925532 0.240691 0.927305 0.231383 0.927305 0.226064 0.920213 0.226064 0.91844 0.227394 0.916667 0.227394 0.913121 0.228723 0.911348 0.228723 0.907801 0.230053 0.906028 0.230053 0.902482 0.231383 0.900709 0.231383 0.897163 0.232713 0.89539 0.232713 0.890071 0.234043 0.888298 0.234043 0.879433 0.235372 0.87766 0.235372 0.874113 0.230053 0.867021 0.230053 0.865248
1 0.466755 0.828014 0.466755 0.835106 0.465426 0.836879 0.465426 0.843972 0.466755 0.842199 0.470745 0.842199 0.472074 0.840426 0.474734 0.840426 0.476064 0.838652 0.478723 0.838652 0.480053 0.840426 0.478723 0.842199 0.478723 0.843972 0.477394 0.845745 0.477394 0.847518 0.476064 0.849291 0.476064 0.851064 0.474734 0.852837 0.474734 0.85461 0.472074 0.858156 0.472074 0.859929 0.468085 0.865248 0.468085 0.879433 0.469415 0.881206 0.469415 0.884752 0.470745 0.886525 0.470745 0.890071 0.472074 0.891844 0.472074 0.89539 0.473404 0.897163 0.473404 0.900709 0.474734 0.902482 0.474734 0.906028 0.476064 0.907801 0.474734 0.909574 0.464096 0.909574 0.462766 0.907801 0.454787 0.91844 0.456117 0.920213 0.456117 0.921986 0.458777 0.925532 0.458777 0.927305 0.460106 0.929078 0.478723 0.929078 0.480053 0.930851 0.480053 0.937943 0.481383 0.939716 0.481383 0.946809 0.478723 0.950355 0.478723 0.952128 0.474734 0.957447 0.474734 0.95922 0.472074 0.962766 0.462766 0.962766 0.461436 0.960993 0.456117 0.960993 0.454787 0.95922 0.450798 0.95922 0.449468 0.957447 0.448138 0.95922 0.444149 0.95922 0.442819 0.960993 0.4375 0.960993 0.43617 0.962766 0.432181 0.962766 0.430851 0.964539 0.425532 0.964539 0.424202 0.966312 0.420213 0.966312 0.418883 0.968085 0.417553 0.968085 0.416223 0.969858 0.414894 0.969858 0.413564 0.971631 0.412234 0.971631 0.410904 0.973404 0.409574 0.973404 0.408245 0.975177 0.406915 0.975177 0.405585 0.97695 0.402926 0.973404 0.402926 0.971631 0.401596 0.969858 0.401596 0.968085 0.400266 0.966312 0.400266 0.964539 0.398936 0.962766 0.398936 0.960993 0.397606 0.95922 0.397606 0.957447 0.396277 0.955674 0.396277 0.953901 0.394947 0.952128 0.394947 0.950355 0.393617 0.948582 0.393617 0.946809 0.392287 0.945035 0.392287 0.941489 0.393617 0.939716 0.393617 0.937943 0.394947 0.93617 0.394947 0.932624 0.396277 0.930851 0.396277 0.929078 0.397606 0.927305 0.397606 0.923759 0.398936 0.921986 0.398936 0.920213 0.400266 0.91844 0.400266 0.916667 0.397606 0.916667 0.394947 0.920213 0.394947 0.925532 0.392287 0.929078 0.392287 0.930851 0.389628 0.934397 0.385638 0.934397 0.382979 0.930851 0.381649 0.930851 0.378989 0.927305 0.378989 0.923759 0.380319 0.921986 0.380319 0.91844 0.381649 0.916667 0.378989 0.913121 0.378989 0.911348 0.37766 0.909574 0.37766 0.907801 0.37633 0.906028 0.37633 0.907801 0.375 0.909574 0.375 0.911348 0.37367 0.913121 0.37367 0.914894 0.37234 0.916667 0.37234 0.91844 0.371011 0.920213 0.371011 0.921986 0.369681 0.923759 0.369681 0.927305 0.368351 0.929078 0.368351 0.930851 0.367021 0.932624 0.367021 0.934397 0.365691 0.93617 0.365691 0.937943 0.364362 0.939716 0.364362 0.941489 0.363032 0.943262 0.363032 0.946809 0.361702 0.948582 0.361702 0.950355 0.360372 0.952128 0.360372 0.953901 0.359043 0.955674 0.359043 0.957447 0.357713 0.95922 0.357713 0.960993 0.356383 0.962766 0.356383 0.964539 0.355053 0.966312 0.339096 0.966312 0.337766 0.964539 0.335106 0.964539 0.333777 0.962766 0.332447 0.962766 0.331117 0.960993 0.329787 0.960993 0.328457 0.95922 0.328457 0.969858 0.331117 0.969858 0.332447 0.971631 0.37766 0.971631 0.378989 0.973404 0.382979 0.973404 0.384309 0.975177 0.389628 0.975177 0.390957 0.97695 0.394947 0.97695 0.396277 0.978723 0.396277 0.998227 0.4375 0.998227 0.43617 0.996454 0.43484 0.996454 0.429521 0.989362 0.429521 0.987589 0.428191 0.985816 0.428191 0.98227 0.426862 0.980496 0.426862 0.978723 0.428191 0.97695 0.430851 0.97695 0.432181 0.975177 0.43484 0.975177 0.43617 0.973404 0.445479 0.973404 0.446809 0.971631 0.457447 0.971631 0.460106 0.975177 0.460106 0.97695 0.461436 0.978723 0.460106 0.980496 0.460106 0.98227 0.458777 0.984043 0.458777 0.985816 0.457447 0.987589 0.457447 0.989362 0.458777 0.991135 0.458777 0.996454 0.460106 0.998227 0.494681 0.998227 0.494681 0.994681 0.493351 0.992908 0.493351 0.973404 0.492021 0.971631 0.492021 0.966312 0.490691 0.964539 0.490691 0.952128 0.489362 0.950355 0.489362 0.939716 0.490691 0.937943 0.494681 0.937943 0.496011 0.93617 0.5 0.93617 0.5 0.934397 0.49867 0.932624 0.49867 0.930851 0.49734 0.929078 0.49734 0.927305 0.496011 0.925532 0.496011 0.923759 0.50133 0.916667 0.5 0.914894 0.5 0.913121 0.49867 0.911348 0.49867 0.909574 0.494681 0.904255 0.493351 0.904255 0.488032 0.897163 0.489362 0.89539 0.489362 0.893617 0.493351 0.888298 0.493351 0.886525 0.496011 0.882979 0.49734 0.882979 0.49867 0.881206 0.5 0.881206 0.50133 0.879433 0.50266 0.879433 0.503989 0.87766 0.505319 0.87766 0.506649 0.875887 0.507979 0.875887 0.509309 0.874113 0.510638 0.874113 0.511968 0.87234 0.513298 0.87234 0.514628 0.870567 0.519947 0.870567 0.522606 0.867021 0.522606 0.865248 0.526596 0.859929 0.527926 0.859929 0.529255 0.858156 0.530585 0.858156 0.533245 0.85461 0.534574 0.85461 0.535904 0.852837 0.537234 0.852837 0.538564 0.851064 0.539894 0.851064 0.541223 0.852837 0.541223 0.85461 0.542553 0.856383 0.542553 0.858156 0.543883 0.859929 0.543883 0.861702 0.545213 0.863475 0.546543 0.863475 0.547872 0.865248 0.549202 0.865248 0.550532 0.867021 0.551862 0.867021 0.553191 0.868794 0.553191 0.867021 0.554521 0.865248 0.554521 0.863475 0.555851 0.861702 0.553191 0.858156 0.553191 0.856383 0.549202 0.851064 0.549202 0.849291 0.539894 0.836879 0.539894 0.835106 0.534574 0.828014 0.533245 0.829787 0.527926 0.829787 0.530585 0.833333 0.530585 0.835106 0.534574 0.840426 0.534574 0.842199 0.535904 0.843972 0.534574 0.845745 0.521277 0.845745 0.519947 0.843972 0.518617 0.843972 0.515957 0.840426 0.514628 0.840426 0.513298 0.838652 0.511968 0.840426 0.509309 0.840426 0.507979 0.842199 0.505319 0.842199 0.503989 0.843972 0.50266 0.843972 0.50133 0.845745 0.49867 0.845745 0.49734 0.847518 0.494681 0.847518 0.492021 0.843972 0.492021 0.842199 0.490691 0.840426 0.490691 0.838652 0.489362 0.836879 0.489362 0.835106 0.488032 0.833333 0.488032 0.83156 0.486702 0.829787 0.486702 0.828014
1 0.648936 0.81383 0.646277 0.817376 0.644947 0.817376 0.642287 0.820922 0.642287 0.822695 0.640957 0.824468 0.640957 0.826241 0.639628 0.828014 0.639628 0.829787 0.638298 0.83156 0.638298 0.833333 0.636968 0.835106 0.636968 0.836879 0.634309 0.840426 0.634309 0.842199 0.632979 0.843972 0.632979 0.845745 0.631649 0.847518 0.631649 0.849291 0.630319 0.851064 0.630319 0.852837 0.628989 0.85461 0.628989 0.856383 0.62633 0.859929 0.62367 0.859929 0.62234 0.861702 0.619681 0.861702 0.618351 0.863475 0.615691 0.863475 0.614362 0.865248 0.611702 0.865248 0.610372 0.867021 0.607713 0.867021 0.607713 0.874113 0.610372 0.87766 0.611702 0.87766 0.617021 0.884752 0.618351 0.884752 0.62234 0.890071 0.631649 0.890071 0.632979 0.891844 0.640957 0.891844 0.642287 0.893617 0.648936 0.893617 0.650266 0.89539 0.650266 0.898936 0.648936 0.900709 0.648936 0.907801 0.647606 0.909574 0.647606 0.916667 0.646277 0.91844 0.646277 0.929078 0.644947 0.930851 0.644947 0.93617 0.643617 0.937943 0.643617 0.939716 0.640957 0.943262 0.640957 0.945035 0.638298 0.948582 0.636968 0.948582 0.635638 0.950355 0.634309 0.950355 0.631649 0.953901 0.630319 0.953901 0.628989 0.955674 0.62766 0.955674 0.62766 0.962766 0.628989 0.960993 0.630319 0.960993 0.631649 0.95922 0.650266 0.95922 0.651596 0.960993 0.667553 0.960993 0.668883 0.962766 0.670213 0.960993 0.671543 0.960993 0.674202 0.957447 0.675532 0.957447 0.676862 0.955674 0.678191 0.955674 0.680851 0.952128 0.682181 0.952128 0.682181 0.950355 0.683511 0.948582 0.683511 0.946809 0.68484 0.945035 0.68484 0.943262 0.68617 0.941489 0.68617 0.939716 0.6875 0.937943 0.68617 0.93617 0.68617 0.934397 0.682181 0.929078 0.682181 0.927305 0.680851 0.925532 0.680851 0.923759 0.682181 0.921986 0.682181 0.91844 0.683511 0.916667 0.683511 0.913121 0.68484 0.911348 0.68484 0.907801 0.68617 0.906028 0.68617 0.902482 0.6875 0.900709 0.6875 0.897163 0.68883 0.89539 0.68883 0.893617 0.6875 0.891844 0.6875 0.890071 0.68617 0.888298 0.68617 0.886525 0.683511 0.882979 0.683511 0.881206 0.680851 0.87766 0.680851 0.875887 0.682181 0.874113 0.683511 0.874113 0.68484 0.875887 0.68617 0.875887 0.6875 0.87766 0.68883 0.87766 0.691489 0.881206 0.692819 0.881206 0.694149 0.882979 0.694149 0.881206 0.695479 0.879433 0.694149 0.87766 0.692819 0.87766 0.69016 0.874113 0.68883 0.874113 0.68484 0.868794 0.68484 0.867021 0.683511 0.865248 0.683511 0.863475 0.682181 0.861702 0.682181 0.859929 0.680851 0.858156 0.680851 0.856383 0.679521 0.85461 0.678191 0.856383 0.670213 0.856383 0.667553 0.852837 0.667553 0.851064 0.666223 0.849291 0.666223 0.847518 0.664894 0.845745 0.664894 0.843972 0.663564 0.842199 0.663564 0.840426 0.662234 0.838652 0.662234 0.836879 0.660904 0.835106 0.660904 0.833333 0.659574 0.83156 0.659574 0.829787 0.658245 0.828014 0.658245 0.826241
1 0.585106 0.797872 0.583777 0.799645 0.56383 0.799645 0.56383 0.801418 0.5625 0.803191 0.5625 0.804965 0.578457 0.826241 0.578457 0.835106 0.579787 0.836879 0.579787 0.845745 0.589096 0.845745 0.590426 0.847518 0.590426 0.849291 0.591755 0.851064 0.591755 0.852837 0.593085 0.85461 0.598404 0.847518 0.598404 0.845745 0.603723 0.838652 0.603723 0.826241 0.598404 0.826241 0.597074 0.824468 0.591755 0.824468 0.590426 0.822695 0.589096 0.822695 0.586436 0.819149 0.585106 0.819149 0.582447 0.815603 0.581117 0.815603 0.578457 0.812057 0.577128 0.812057 0.574468 0.808511 0.573138 0.808511 0.571809 0.806738 0.573138 0.804965 0.589096 0.804965 0.586436 0.801418 0.586436 0.799645
1 0.308511 0.75 0.307181 0.751773 0.304521 0.751773 0.303191 0.753546 0.300532 0.753546 0.301862 0.755319 0.301862 0.757092 0.303191 0.758865 0.303191 0.760638 0.304521 0.762411 0.320479 0.762411 0.320479 0.760638 0.321809 0.758865 0.320479 0.758865 0.319149 0.757092 0.317819 0.757092 0.316489 0.755319 0.31516 0.755319 0.31383 0.753546 0.3125 0.753546 0.31117 0.751773 0.30984 0.751773
1 0.885638 0.698582 0.885638 0.700355 0.886968 0.702128 0.886968 0.707447 0.888298 0.70922 0.888298 0.714539 0.889628 0.716312 0.889628 0.719858 0.890957 0.719858 0.892287 0.721631 0.894947 0.721631 0.896277 0.723404 0.897606 0.723404 0.898936 0.725177 0.900266 0.725177 0.901596 0.72695 0.904255 0.72695 0.905585 0.728723 0.906915 0.728723 0.908245 0.730496 0.910904 0.72695 0.910904 0.725177 0.916223 0.718085 0.916223 0.716312 0.918883 0.712766 0.912234 0.712766 0.910904 0.710993 0.905585 0.710993 0.901596 0.705674 0.900266 0.705674 0.894947 0.698582
1 0.384309 0.663121 0.384309 0.666667 0.382979 0.66844 0.382979 0.673759 0.381649 0.675532 0.381649 0.677305 0.382979 0.679078 0.382979 0.680851 0.384309 0.682624 0.384309 0.684397 0.385638 0.68617 0.385638 0.687943 0.386968 0.689716 0.388298 0.687943 0.393617 0.687943 0.393617 0.684397 0.392287 0.682624 0.392287 0.677305 0.390957 0.675532 0.390957 0.66844 0.389628 0.666667 0.389628 0.663121
1 0.994681 0.654255 0.993351 0.656028 0.989362 0.656028 0.988032 0.657801 0.984043 0.657801 0.982713 0.659574 0.978723 0.659574 0.977394 0.661348 0.972074 0.661348 0.970745 0.663121 0.965426 0.663121 0.966755 0.663121 0.968085 0.664894 0.969415 0.664894 0.972074 0.66844 0.973404 0.66844 0.974734 0.670213 0.976064 0.670213 0.977394 0.671986 0.988032 0.671986 0.989362 0.673759 0.990691 0.671986 0.992021 0.671986 0.994681 0.66844 0.996011 0.66844 0.99867 0.664894 0.99867 0.654255
1 0.271277 0.625887 0.269947 0.62766 0.268617 0.62766 0.267287 0.629433 0.265957 0.629433 0.264628 0.631206 0.261968 0.631206 0.260638 0.632979 0.259309 0.632979 0.257979 0.634752 0.256649 0.634752 0.255319 0.636525 0.253989 0.636525 0.25266 0.638298 0.25 0.638298 0.24867 0.640071 0.24734 0.640071 0.246011 0.641844 0.244681 0.641844 0.242021 0.64539 0.240691 0.64539 0.239362 0.647163 0.238032 0.647163 0.235372 0.650709 0.234043 0.650709 0.232713 0.652482 0.231383 0.652482 0.228723 0.656028 0.227394 0.656028 0.226064 0.657801 0.224734 0.657801 0.222074 0.661348 0.220745 0.661348 0.219415 0.663121 0.218085 0.663121 0.215426 0.666667 0.214096 0.666667 0.216755 0.666667 0.218085 0.66844 0.219415 0.666667 0.220745 0.666667 0.222074 0.664894 0.223404 0.664894 0.226064 0.661348 0.227394 0.661348 0.228723 0.659574 0.230053 0.659574 0.231383 0.657801 0.232713 0.657801 0.234043 0.656028 0.235372 0.656028 0.238032 0.652482 0.239362 0.652482 0.240691 0.650709 0.242021 0.650709 0.243351 0.648936 0.244681 0.648936 0.246011 0.647163 0.24734 0.647163 0.25 0.643617 0.25133 0.643617 0.25266 0.641844 0.253989 0.641844 0.255319 0.640071 0.256649 0.640071 0.257979 0.638298 0.260638 0.638298 0.261968 0.636525 0.263298 0.636525 0.264628 0.634752 0.267287 0.634752 0.268617 0.632979 0.269947 0.632979 0.271277 0.631206 0.273936 0.631206 0.275266 0.629433 0.276596 0.629433 0.277926 0.62766 0.280585 0.62766 0.272606 0.62766
1 0.591755 0.62234 0.590426 0.624113 0.589096 0.624113 0.587766 0.625887 0.585106 0.625887 0.583777 0.62766 0.582447 0.62766 0.581117 0.629433 0.578457 0.629433 0.577128 0.631206 0.575798 0.631206 0.574468 0.632979 0.571809 0.632979 0.574468 0.636525 0.574468 0.638298 0.577128 0.641844 0.581117 0.641844 0.582447 0.643617 0.586436 0.643617 0.587766 0.64539 0.590426 0.64539 0.591755 0.647163 0.595745 0.647163 0.597074 0.648936 0.597074 0.647163 0.598404 0.64539 0.598404 0.643617 0.599734 0.641844 0.599734 0.640071 0.601064 0.638298 0.598404 0.634752 0.598404 0.632979 0.594415 0.62766 0.594415 0.625887
1 0.510638 0.615248 0.505319 0.62234 0.505319 0.624113 0.5 0.631206 0.511968 0.631206 0.511968 0.624113 0.510638 0.62234
1 0.567819 0.602837 0.56516 0.606383 0.56516 0.608156 0.5625 0.611702 0.582447 0.611702 0.582447 0.609929 0.581117 0.608156 0.581117 0.60461 0.569149 0.60461
1 0.336436 0.592199 0.331117 0.599291 0.329787 0.599291 0.327128 0.602837 0.327128 0.611702 0.328457 0.609929 0.332447 0.609929 0.333777 0.608156 0.337766 0.608156 0.339096 0.606383 0.343085 0.606383 0.344415 0.60461 0.348404 0.60461 0.349734 0.602837 0.353723 0.602837 0.355053 0.601064 0.359043 0.601064 0.359043 0.593972 0.337766 0.593972
1 0.634309 0.579787 0.632979 0.58156 0.631649 0.58156 0.630319 0.583333 0.628989 0.583333 0.62766 0.585106 0.62633 0.585106 0.625 0.586879 0.62367 0.586879 0.62234 0.588652 0.575798 0.588652 0.575798 0.590426 0.574468 0.592199 0.574468 0.593972 0.609043 0.593972 0.611702 0.597518 0.613032 0.597518 0.614362 0.599291 0.628989 0.599291 0.630319 0.601064 0.634309 0.595745 0.635638 0.595745 0.636968 0.593972 0.659574 0.593972 0.660904 0.595745 0.660904 0.590426 0.643617 0.590426 0.639628 0.585106 0.638298 0.585106
1 0.527926 0.526596 0.523936 0.531915 0.522606 0.531915 0.519947 0.535461 0.519947 0.537234 0.518617 0.539007 0.518617 0.542553 0.517287 0.544326 0.517287 0.546099 0.527926 0.546099 0.529255 0.547872 0.538564 0.547872 0.539894 0.549645 0.539894 0.547872 0.538564 0.546099 0.538564 0.54078 0.537234 0.539007 0.537234 0.533688 0.535904 0.531915 0.535904 0.530142 0.533245 0.530142 0.531915 0.528369 0.529255 0.528369
1 0.791223 0.503546 0.791223 0.505319 0.789894 0.507092 0.797872 0.507092 0.799202 0.508865 0.799202 0.514184 0.797872 0.515957 0.797872 0.51773 0.799202 0.519504 0.799202 0.521277 0.803191 0.526596 0.803191 0.528369 0.805851 0.531915 0.805851 0.533688 0.80984 0.539007 0.80984 0.54078 0.81117 0.542553 0.805851 0.549645 0.804521 0.549645 0.800532 0.554965 0.784574 0.554965 0.783245 0.553191 0.783245 0.551418 0.781915 0.549645 0.781915 0.547872 0.769947 0.531915 0.760638 0.531915 0.760638 0.533688 0.761968 0.535461 0.761968 0.537234 0.763298 0.539007 0.763298 0.542553 0.761968 0.544326 0.759309 0.544326 0.757979 0.542553 0.756649 0.542553 0.755319 0.54078 0.753989 0.54078 0.75266 0.539007 0.75133 0.54078 0.744681 0.54078 0.743351 0.542553 0.732713 0.542553 0.731383 0.54078 0.726064 0.54078 0.724734 0.539007 0.720745 0.539007 0.719415 0.537234 0.715426 0.537234 0.714096 0.535461 0.714096 0.537234 0.712766 0.539007 0.712766 0.54078 0.715426 0.544326 0.716755 0.544326 0.722074 0.551418 0.722074 0.56383 0.723404 0.565603 0.724734 0.565603 0.727394 0.569149 0.728723 0.569149 0.731383 0.572695 0.734043 0.569149 0.735372 0.569149 0.738032 0.565603 0.739362 0.565603 0.743351 0.560284 0.744681 0.560284 0.74734 0.556738 0.74867 0.556738 0.75133 0.553191 0.756649 0.553191 0.757979 0.551418 0.767287 0.551418 0.767287 0.549645 0.768617 0.547872 0.768617 0.542553 0.769947 0.54078 0.772606 0.544326 0.772606 0.546099 0.775266 0.549645 0.775266 0.551418 0.777926 0.554965 0.777926 0.556738 0.779255 0.558511 0.779255 0.560284 0.780585 0.562057 0.775266 0.569149 0.773936 0.569149 0.768617 0.576241 0.768617 0.578014 0.765957 0.58156 0.761968 0.58156 0.760638 0.579787 0.756649 0.579787 0.755319 0.578014 0.75266 0.578014 0.75133 0.576241 0.74734 0.576241 0.746011 0.574468 0.742021 0.574468 0.740691 0.572695 0.740691 0.574468 0.739362 0.576241 0.739362 0.578014 0.736702 0.58156 0.735372 0.58156 0.732713 0.585106 0.731383 0.585106 0.730053 0.586879 0.730053 0.590426 0.731383 0.588652 0.735372 0.588652 0.736702 0.586879 0.739362 0.586879 0.740691 0.585106 0.744681 0.585106 0.746011 0.583333 0.75 0.583333 0.75133 0.585106 0.75266 0.585106 0.755319 0.588652 0.755319 0.590426 0.756649 0.592199 0.756649 0.597518 0.757979 0.599291 0.757979 0.601064 0.759309 0.599291 0.761968 0.599291 0.763298 0.597518 0.764628 0.597518 0.765957 0.595745 0.768617 0.595745 0.769947 0.593972 0.773936 0.593972 0.775266 0.595745 0.777926 0.595745 0.779255 0.597518 0.780585 0.597518 0.781915 0.599291 0.784574 0.599291 0.785904 0.601064 0.787234 0.601064 0.789894 0.60461 0.789894 0.606383 0.791223 0.608156 0.791223 0.609929 0.792553 0.611702 0.792553 0.613475 0.791223 0.615248 0.791223 0.618794 0.789894 0.620567 0.789894 0.62234 0.787234 0.625887 0.783245 0.625887 0.784574 0.62766 0.784574 0.629433 0.787234 0.632979 0.784574 0.636525 0.783245 0.636525 0.779255 0.641844 0.777926 0.640071 0.777926 0.638298 0.776596 0.636525 0.776596 0.634752 0.775266 0.632979 0.775266 0.631206 0.773936 0.629433 0.773936 0.62766 0.775266 0.625887 0.776596 0.625887 0.772606 0.625887 0.771277 0.624113 0.765957 0.624113 0.764628 0.62234 0.764628 0.624113 0.763298 0.625887 0.763298 0.631206 0.761968 0.632979 0.761968 0.636525 0.760638 0.638298 0.760638 0.640071 0.759309 0.641844 0.755319 0.641844 0.753989 0.643617 0.74734 0.643617 0.746011 0.641844 0.743351 0.641844 0.742021 0.640071 0.740691 0.640071 0.739362 0.638298 0.736702 0.638298 0.735372 0.636525 0.734043 0.636525 0.732713 0.634752 0.731383 0.634752 0.730053 0.632979 0.728723 0.632979 0.727394 0.631206 0.726064 0.631206 0.724734 0.629433 0.723404 0.629433 0.722074 0.62766 0.720745 0.62766 0.719415 0.625887 0.718085 0.62766 0.716755 0.62766 0.715426 0.629433 0.712766 0.629433 0.711436 0.631206 0.710106 0.631206 0.708777 0.632979 0.708777 0.634752 0.707447 0.636525 0.707447 0.638298 0.704787 0.641844 0.704787 0.643617 0.703457 0.64539 0.703457 0.647163 0.700798 0.650709 0.696809 0.650709 0.695479 0.652482 0.692819 0.652482 0.691489 0.654255 0.68484 0.654255 0.683511 0.652482 0.680851 0.652482 0.679521 0.650709 0.680851 0.648936 0.682181 0.648936 0.68484 0.64539 0.68617 0.64539 0.6875 0.643617 0.68883 0.643617 0.68883 0.640071 0.6875 0.638298 0.6875 0.632979 0.662234 0.632979 0.660904 0.631206 0.655585 0.631206 0.652926 0.62766 0.652926 0.625887 0.651596 0.624113 0.651596 0.62234 0.650266 0.620567 0.650266 0.618794 0.648936 0.617021 0.648936 0.615248 0.647606 0.613475 0.647606 0.611702 0.646277 0.609929 0.644947 0.611702 0.643617 0.611702 0.643617 0.624113 0.642287 0.625887 0.642287 0.636525 0.644947 0.636525 0.646277 0.638298 0.648936 0.638298 0.650266 0.640071 0.654255 0.640071 0.655585 0.641844 0.658245 0.641844 0.659574 0.643617 0.662234 0.643617 0.663564 0.64539 0.662234 0.647163 0.662234 0.648936 0.660904 0.650709 0.660904 0.652482 0.658245 0.656028 0.658245 0.657801 0.656915 0.659574 0.651596 0.659574 0.650266 0.657801 0.635638 0.657801 0.635638 0.661348 0.634309 0.663121 0.634309 0.66844 0.632979 0.670213 0.632979 0.671986 0.642287 0.684397 0.638298 0.689716 0.636968 0.689716 0.635638 0.691489 0.634309 0.689716 0.632979 0.689716 0.630319 0.68617 0.628989 0.68617 0.62633 0.682624 0.625 0.684397 0.621011 0.684397 0.619681 0.68617 0.614362 0.68617 0.614362 0.687943 0.613032 0.689716 0.613032 0.691489 0.611702 0.693262 0.611702 0.695035 0.609043 0.698582 0.602394 0.698582 0.601064 0.700355 0.593085 0.700355 0.591755 0.698582 0.590426 0.698582 0.589096 0.696809 0.586436 0.696809 0.585106 0.695035 0.583777 0.695035 0.582447 0.693262 0.581117 0.693262 0.579787 0.691489 0.578457 0.691489 0.577128 0.689716 0.575798 0.689716 0.574468 0.687943 0.573138 0.687943 0.571809 0.68617 0.569149 0.68617 0.567819 0.684397 0.566489 0.684397 0.56516 0.682624 0.56383 0.682624 0.5625 0.680851 0.56383 0.679078 0.56516 0.679078 0.566489 0.677305 0.567819 0.677305 0.569149 0.675532 0.570479 0.675532 0.573138 0.671986 0.574468 0.671986 0.575798 0.670213 0.577128 0.670213 0.578457 0.66844 0.579787 0.66844 0.581117 0.666667 0.582447 0.666667 0.583777 0.664894 0.585106 0.664894 0.587766 0.661348 0.589096 0.661348 0.590426 0.659574 0.591755 0.659574 0.593085 0.657801 0.601064 0.657801 0.602394 0.659574 0.607713 0.659574 0.609043 0.661348 0.615691 0.661348 0.617021 0.663121 0.62234 0.663121 0.62367 0.664894 0.62367 0.663121 0.625 0.661348 0.618351 0.661348 0.617021 0.659574 0.609043 0.659574 0.607713 0.657801 0.601064 0.657801 0.599734 0.656028 0.593085 0.656028 0.591755 0.654255 0.590426 0.656028 0.589096 0.656028 0.587766 0.657801 0.586436 0.657801 0.583777 0.661348 0.582447 0.661348 0.581117 0.663121 0.579787 0.663121 0.578457 0.664894 0.577128 0.664894 0.574468 0.66844 0.573138 0.66844 0.571809 0.670213 0.570479 0.670213 0.569149 0.671986 0.567819 0.671986 0.566489 0.673759 0.56516 0.673759 0.5625 0.677305 0.56117 0.677305 0.55984 0.679078 0.557181 0.679078 0.555851 0.677305 0.553191 0.677305 0.551862 0.675532 0.550532 0.675532 0.549202 0.673759 0.546543 0.673759 0.545213 0.671986 0.543883 0.671986 0.542553 0.670213 0.539894 0.670213 0.538564 0.66844 0.537234 0.66844 0.535904 0.666667 0.531915 0.671986 0.530585 0.671986 0.527926 0.675532 0.529255 0.675532 0.530585 0.677305 0.531915 0.677305 0.533245 0.679078 0.534574 0.679078 0.535904 0.680851 0.538564 0.680851 0.539894 0.682624 0.541223 0.682624 0.542553 0.684397 0.543883 0.684397 0.545213 0.68617 0.546543 0.68617 0.547872 0.687943 0.549202 0.687943 0.550532 0.689716 0.549202 0.691489 0.547872 0.691489 0.545213 0.695035 0.543883 0.695035 0.541223 0.698582 0.539894 0.698582 0.537234 0.702128 0.535904 0.702128 0.533245 0.705674 0.531915 0.705674 0.529255 0.70922 0.527926 0.70922 0.525266 0.712766 0.523936 0.710993 0.523936 0.70922 0.522606 0.707447 0.522606 0.703901 0.515957 0.695035 0.514628 0.696809 0.50266 0.696809 0.50266 0.698582 0.50133 0.700355 0.50133 0.702128 0.5 0.703901 0.5 0.705674 0.49867 0.707447 0.49867 0.70922 0.49734 0.710993 0.49867 0.710993 0.50133 0.714539 0.510638 0.714539 0.511968 0.716312 0.511968 0.718085 0.510638 0.719858 0.510638 0.721631 0.507979 0.725177 0.503989 0.725177 0.50266 0.72695 0.49867 0.72695 0.49867 0.728723 0.5 0.730496 0.5 0.735816 0.50133 0.737589 0.50133 0.739362 0.49867 0.742908 0.49867 0.744681 0.492021 0.753546 0.492021 0.755319 0.488032 0.760638 0.488032 0.762411 0.484043 0.76773 0.484043 0.769504 0.482713 0.771277 0.481383 0.771277 0.480053 0.769504 0.478723 0.769504 0.477394 0.76773 0.476064 0.76773 0.474734 0.765957 0.473404 0.76773 0.465426 0.76773 0.464096 0.769504 0.456117 0.769504 0.454787 0.771277 0.454787 0.77305 0.452128 0.776596 0.450798 0.776596 0.449468 0.774823 0.448138 0.774823 0.446809 0.77305 0.445479 0.77305 0.444149 0.771277 0.442819 0.771277 0.441489 0.769504 0.44016 0.769504 0.43883 0.76773 0.4375 0.76773 0.43617 0.765957 0.4375 0.764184 0.43883 0.764184 0.44016 0.762411 0.441489 0.762411 0.444149 0.758865 0.445479 0.758865 0.446809 0.757092 0.448138 0.757092 0.449468 0.755319 0.450798 0.755319 0.450798 0.753546 0.449468 0.751773 0.449468 0.75 0.448138 0.751773 0.446809 0.751773 0.444149 0.755319 0.442819 0.755319 0.441489 0.757092 0.44016 0.757092 0.4375 0.760638 0.43617 0.760638 0.43484 0.762411 0.433511 0.762411 0.430851 0.765957 0.429521 0.765957 0.428191 0.764184 0.426862 0.764184 0.424202 0.760638 0.422872 0.760638 0.420213 0.757092 0.417553 0.760638 0.421543 0.765957 0.421543 0.76773 0.429521 0.778369 0.428191 0.780142 0.420213 0.780142 0.418883 0.781915 0.410904 0.781915 0.409574 0.783688 0.400266 0.783688 0.398936 0.785461 0.389628 0.785461 0.388298 0.787234 0.380319 0.787234 0.378989 0.789007 0.369681 0.789007 0.368351 0.79078 0.359043 0.79078 0.357713 0.792553 0.349734 0.792553 0.348404 0.794326 0.339096 0.794326 0.339096 0.796099 0.340426 0.797872 0.340426 0.799645 0.341755 0.797872 0.351064 0.797872 0.352394 0.796099 0.360372 0.796099 0.361702 0.794326 0.371011 0.794326 0.37234 0.792553 0.381649 0.792553 0.382979 0.79078 0.390957 0.79078 0.392287 0.789007 0.401596 0.789007 0.402926 0.787234 0.412234 0.787234 0.413564 0.785461 0.421543 0.785461 0.422872 0.783688 0.432181 0.783688 0.43484 0.787234 0.433511 0.789007 0.432181 0.789007 0.430851 0.79078 0.428191 0.79078 0.428191 0.792553 0.426862 0.794326 0.426862 0.796099 0.425532 0.797872 0.425532 0.799645 0.424202 0.801418 0.424202 0.803191 0.422872 0.804965 0.422872 0.806738 0.421543 0.808511 0.421543 0.810284 0.420213 0.812057 0.412234 0.812057 0.410904 0.81383 0.402926 0.81383 0.402926 0.819149 0.429521 0.819149 0.430851 0.820922 0.43883 0.820922 0.44016 0.822695 0.441489 0.822695 0.444149 0.826241 0.445479 0.826241 0.446809 0.828014 0.448138 0.828014 0.449468 0.829787 0.450798 0.829787 0.453457 0.833333 0.454787 0.833333 0.456117 0.835106 0.457447 0.833333 0.462766 0.833333 0.462766 0.83156 0.461436 0.829787 0.461436 0.826241 0.460106 0.824468 0.460106 0.819149 0.458777 0.817376 0.458777 0.815603 0.484043 0.781915 0.485372 0.783688 0.486702 0.783688 0.489362 0.787234 0.490691 0.787234 0.494681 0.792553 0.496011 0.792553 0.49867 0.796099 0.5 0.794326 0.50266 0.794326 0.50133 0.792553 0.50133 0.79078 0.5 0.789007 0.5 0.787234 0.49867 0.785461 0.49867 0.783688 0.49734 0.781915 0.49734 0.780142 0.49867 0.778369 0.49867 0.774823 0.5 0.77305 0.5 0.769504 0.50133 0.76773 0.50133 0.765957 0.503989 0.762411 0.505319 0.762411 0.507979 0.758865 0.509309 0.758865 0.511968 0.755319 0.513298 0.755319 0.515957 0.751773 0.517287 0.751773 0.518617 0.75 0.523936 0.75 0.525266 0.751773 0.529255 0.751773 0.530585 0.753546 0.531915 0.751773 0.534574 0.751773 0.535904 0.75 0.538564 0.75 0.538564 0.748227 0.537234 0.746454 0.537234 0.744681 0.535904 0.742908 0.535904 0.741135 0.537234 0.739362 0.539894 0.739362 0.541223 0.737589 0.545213 0.737589 0.546543 0.735816 0.550532 0.735816 0.551862 0.734043 0.557181 0.734043 0.557181 0.728723 0.558511 0.72695 0.558511 0.721631 0.56117 0.718085 0.5625 0.718085 0.56516 0.714539 0.566489 0.714539 0.569149 0.710993 0.570479 0.710993 0.573138 0.707447 0.570479 0.707447 0.569149 0.705674 0.566489 0.705674 0.56516 0.703901 0.5625 0.703901 0.56117 0.702128 0.558511 0.702128 0.557181 0.700355 0.557181 0.698582 0.558511 0.696809 0.558511 0.695035 0.55984 0.693262 0.56516 0.693262 0.566489 0.691489 0.567819 0.693262 0.570479 0.693262 0.571809 0.695035 0.575798 0.695035 0.577128 0.696809 0.579787 0.696809 0.581117 0.698582 0.590426 0.698582 0.593085 0.702128 0.593085 0.703901 0.594415 0.705674 0.594415 0.707447 0.595745 0.70922 0.595745 0.710993 0.597074 0.712766 0.597074 0.714539 0.598404 0.716312 0.601064 0.716312 0.602394 0.718085 0.605053 0.718085 0.610372 0.725177 0.611702 0.725177 0.615691 0.730496 0.614362 0.73227 0.613032 0.73227 0.610372 0.735816 0.609043 0.735816 0.606383 0.739362 0.605053 0.737589 0.602394 0.737589 0.601064 0.735816 0.598404 0.735816 0.597074 0.734043 0.593085 0.734043 0.591755 0.73227 0.589096 0.73227 0.590426 0.734043 0.590426 0.737589 0.591755 0.739362 0.591755 0.742908 0.593085 0.744681 0.593085 0.746454 0.606383 0.746454 0.607713 0.748227 0.619681 0.748227 0.621011 0.75 0.621011 0.741135 0.62234 0.739362 0.62234 0.73227 0.62367 0.730496 0.625 0.730496 0.62633 0.73227 0.62766 0.73227 0.628989 0.734043 0.631649 0.734043 0.632979 0.735816 0.635638 0.735816 0.636968 0.737589 0.639628 0.737589 0.640957 0.739362 0.642287 0.739362 0.643617 0.741135 0.646277 0.741135 0.647606 0.742908 0.650266 0.739362 0.651596 0.739362 0.652926 0.737589 0.651596 0.737589 0.650266 0.735816 0.648936 0.735816 0.647606 0.734043 0.646277 0.734043 0.644947 0.73227 0.642287 0.73227 0.640957 0.730496 0.639628 0.730496 0.638298 0.728723 0.636968 0.728723 0.635638 0.72695 0.634309 0.72695 0.632979 0.725177 0.631649 0.725177 0.62766 0.719858 0.62766 0.718085 0.625 0.714539 0.62633 0.712766 0.62766 0.712766 0.628989 0.710993 0.630319 0.710993 0.631649 0.70922 0.632979 0.70922 0.635638 0.705674 0.636968 0.705674 0.638298 0.703901 0.639628 0.703901 0.640957 0.702128 0.658245 0.702128 0.658245 0.696809 0.659574 0.695035 0.659574 0.691489 0.660904 0.689716 0.662234 0.689716 0.663564 0.687943 0.664894 0.687943 0.667553 0.684397 0.668883 0.684397 0.670213 0.682624 0.671543 0.682624 0.672872 0.680851 0.674202 0.680851 0.678191 0.68617 0.679521 0.68617 0.691489 0.702128 0.692819 0.702128 0.699468 0.710993 0.700798 0.70922 0.702128 0.70922 0.703457 0.707447 0.704787 0.707447 0.706117 0.705674 0.707447 0.705674 0.707447 0.702128 0.706117 0.700355 0.706117 0.695035 0.700798 0.695035 0.698138 0.691489 0.696809 0.691489 0.694149 0.687943 0.698138 0.682624 0.699468 0.682624 0.700798 0.680851 0.702128 0.680851 0.703457 0.682624 0.706117 0.682624 0.707447 0.684397 0.708777 0.684397 0.715426 0.693262 0.715426 0.695035 0.719415 0.700355 0.719415 0.705674 0.715426 0.710993 0.715426 0.712766 0.711436 0.718085 0.711436 0.719858 0.712766 0.721631 0.712766 0.72695 0.714096 0.728723 0.714096 0.73227 0.715426 0.734043 0.715426 0.735816 0.716755 0.737589 0.716755 0.739362 0.718085 0.741135 0.718085 0.742908 0.719415 0.744681 0.719415 0.746454 0.718085 0.748227 0.712766 0.748227 0.711436 0.75 0.706117 0.75 0.702128 0.755319 0.700798 0.755319 0.695479 0.762411 0.694149 0.762411 0.691489 0.765957 0.692819 0.765957 0.694149 0.76773 0.695479 0.76773 0.696809 0.769504 0.698138 0.769504 0.699468 0.771277 0.700798 0.771277 0.702128 0.77305 0.703457 0.77305 0.704787 0.774823 0.706117 0.774823 0.707447 0.776596 0.708777 0.776596 0.710106 0.778369 0.711436 0.778369 0.712766 0.780142 0.714096 0.780142 0.715426 0.781915 0.716755 0.781915 0.718085 0.783688 0.719415 0.783688 0.720745 0.785461 0.722074 0.785461 0.723404 0.787234 0.724734 0.787234 0.726064 0.789007 0.727394 0.789007 0.728723 0.79078 0.730053 0.79078 0.731383 0.792553 0.730053 0.794326 0.724734 0.794326 0.723404 0.796099 0.712766 0.796099 0.711436 0.797872 0.700798 0.797872 0.703457 0.801418 0.704787 0.801418 0.710106 0.808511 0.710106 0.810284 0.708777 0.812057 0.708777 0.81383 0.707447 0.815603 0.707447 0.817376 0.706117 0.819149 0.707447 0.819149 0.708777 0.820922 0.710106 0.820922 0.711436 0.822695 0.712766 0.822695 0.715426 0.826241 0.716755 0.826241 0.720745 0.83156 0.722074 0.83156 0.727394 0.838652 0.728723 0.838652 0.732713 0.843972 0.734043 0.843972 0.736702 0.847518 0.735372 0.849291 0.722074 0.849291 0.716755 0.842199 0.716755 0.840426 0.712766 0.835106 0.711436 0.836879 0.708777 0.836879 0.707447 0.838652 0.703457 0.838652 0.702128 0.840426 0.702128 0.842199 0.698138 0.847518 0.698138 0.849291 0.695479 0.852837 0.696809 0.85461 0.696809 0.856383 0.698138 0.858156 0.698138 0.859929 0.699468 0.861702 0.699468 0.863475 0.700798 0.865248 0.700798 0.867021 0.702128 0.868794 0.702128 0.870567 0.703457 0.87234 0.703457 0.874113 0.704787 0.875887 0.704787 0.882979 0.706117 0.884752 0.706117 0.89539 0.704787 0.897163 0.704787 0.900709 0.703457 0.902482 0.703457 0.907801 0.702128 0.909574 0.702128 0.914894 0.700798 0.916667 0.700798 0.91844 0.704787 0.923759 0.704787 0.925532 0.712766 0.93617 0.712766 0.937943 0.719415 0.946809 0.719415 0.948582 0.723404 0.953901 0.723404 0.957447 0.722074 0.95922 0.722074 0.962766 0.719415 0.966312 0.718085 0.966312 0.712766 0.973404 0.711436 0.973404 0.703457 0.984043 0.702128 0.984043 0.698138 0.989362 0.696809 0.987589 0.696809 0.985816 0.695479 0.984043 0.695479 0.98227 0.694149 0.980496 0.694149 0.978723 0.692819 0.97695 0.691489 0.978723 0.69016 0.978723 0.69016 0.980496 0.691489 0.98227 0.691489 0.987589 0.69016 0.989362 0.68883 0.989362 0.6875 0.987589 0.68617 0.987589 0.678191 0.97695 0.676862 0.97695 0.671543 0.969858 0.662234 0.969858 0.662234 0.971631 0.663564 0.973404 0.663564 0.975177 0.664894 0.97695 0.664894 0.980496 0.666223 0.98227 0.666223 0.984043 0.667553 0.985816 0.667553 0.987589 0.668883 0.989362 0.668883 0.992908 0.670213 0.994681 0.670213 0.996454 0.671543 0.998227 0.761968 0.998227 0.759309 0.994681 0.759309 0.992908 0.755319 0.987589 0.744681 0.987589 0.743351 0.985816 0.742021 0.985816 0.740691 0.984043 0.740691 0.98227 0.742021 0.980496 0.742021 0.97695 0.743351 0.975177 0.75 0.975177 0.75133 0.97695 0.75266 0.97695 0.753989 0.978723 0.755319 0.978723 0.756649 0.980496 0.787234 0.980496 0.788564 0.98227 0.787234 0.984043 0.787234 0.985816 0.785904 0.987589 0.785904 0.989362 0.784574 0.991135 0.784574 0.992908 0.783245 0.994681 0.783245 0.996454 0.781915 0.998227 0.81383 0.998227 0.8125 0.996454 0.81117 0.996454 0.804521 0.987589 0.803191 0.987589 0.797872 0.980496 0.796543 0.980496 0.789894 0.971631 0.788564 0.971631 0.784574 0.966312 0.785904 0.964539 0.787234 0.964539 0.789894 0.960993 0.791223 0.960993 0.793883 0.957447 0.795213 0.957447 0.797872 0.953901 0.799202 0.953901 0.800532 0.952128 0.803191 0.952128 0.804521 0.950355 0.805851 0.952128 0.81383 0.952128 0.8125 0.952128 0.80984 0.948582 0.81117 0.946809 0.81516 0.946809 0.81516 0.945035 0.816489 0.943262 0.816489 0.939716 0.817819 0.937943 0.817819 0.932624 0.816489 0.930851 0.816489 0.929078 0.817819 0.927305 0.819149 0.927305 0.820479 0.929078 0.821809 0.929078 0.824468 0.932624 0.825798 0.932624 0.829787 0.937943 0.831117 0.937943 0.833777 0.941489 0.835106 0.941489 0.837766 0.945035 0.839096 0.945035 0.840426 0.946809 0.841755 0.945035 0.855053 0.945035 0.856383 0.946809 0.857713 0.946809 0.859043 0.948582 0.860372 0.948582 0.861702 0.950355 0.863032 0.950355 0.864362 0.952128 0.865691 0.952128 0.867021 0.953901 0.868351 0.953901 0.871011 0.957447 0.87234 0.957447 0.87367 0.95922 0.875 0.95922 0.87766 0.962766 0.87766 0.964539 0.880319 0.968085 0.880319 0.969858 0.881649 0.971631 0.881649 0.973404 0.884309 0.97695 0.884309 0.978723 0.886968 0.98227 0.886968 0.984043 0.889628 0.987589 0.889628 0.989362 0.890957 0.991135 0.890957 0.992908 0.893617 0.996454 0.893617 0.998227 0.929521 0.998227 0.926862 0.994681 0.926862 0.992908 0.918883 0.98227 0.918883 0.980496 0.912234 0.971631 0.912234 0.969858 0.904255 0.95922 0.904255 0.957447 0.900266 0.952128 0.901596 0.950355 0.902926 0.950355 0.904255 0.948582 0.906915 0.948582 0.908245 0.946809 0.925532 0.946809 0.928191 0.950355 0.928191 0.952128 0.929521 0.953901 0.929521 0.955674 0.930851 0.957447 0.930851 0.95922 0.932181 0.960993 0.932181 0.962766 0.93484 0.966312 0.93484 0.968085 0.9375 0.971631 0.9375 0.973404 0.94016 0.97695 0.94016 0.978723 0.942819 0.98227 0.942819 0.984043 0.944149 0.985816 0.944149 0.987589 0.946809 0.991135 0.946809 0.992908 0.949468 0.996454 0.949468 0.998227 0.972074 0.998227 0.972074 0.996454 0.969415 0.992908 0.969415 0.991135 0.966755 0.987589 0.966755 0.985816 0.964096 0.98227 0.964096 0.980496 0.962766 0.978723 0.962766 0.97695 0.960106 0.973404 0.960106 0.971631 0.957447 0.968085 0.957447 0.966312 0.954787 0.962766 0.954787 0.960993 0.953457 0.95922 0.954787 0.957447 0.954787 0.955674 0.956117 0.953901 0.956117 0.952128 0.961436 0.945035 0.962766 0.945035 0.970745 0.934397 0.972074 0.934397 0.974734 0.930851 0.976064 0.930851 0.977394 0.932624 0.980053 0.932624 0.981383 0.934397 0.982713 0.934397 0.984043 0.93617 0.985372 0.93617 0.986702 0.937943 0.989362 0.937943 0.990691 0.939716 0.992021 0.939716 0.993351 0.941489 0.996011 0.941489 0.99734 0.943262 0.99867 0.943262 0.99867 0.920213 0.99734 0.921986 0.99734 0.923759 0.993351 0.929078 0.986702 0.929078 0.972074 0.909574 0.964096 0.909574 0.968085 0.914894 0.968085 0.916667 0.972074 0.921986 0.960106 0.937943 0.956117 0.937943 0.954787 0.939716 0.950798 0.939716 0.950798 0.945035 0.948138 0.948582 0.945479 0.945035 0.945479 0.943262 0.941489 0.937943 0.94016 0.937943 0.9375 0.934397 0.93617 0.934397 0.93484 0.932624 0.933511 0.932624 0.930851 0.929078 0.929521 0.929078 0.926862 0.925532 0.926862 0.923759 0.925532 0.921986 0.925532 0.920213 0.924202 0.91844 0.924202 0.916667 0.922872 0.914894 0.922872 0.913121 0.921543 0.911348 0.921543 0.909574 0.920213 0.907801 0.920213 0.906028 0.918883 0.904255 0.918883 0.902482 0.917553 0.900709 0.917553 0.898936 0.918883 0.897163 0.928191 0.897163 0.929521 0.89539 0.9375 0.89539 0.93883 0.893617 0.948138 0.893617 0.949468 0.891844 0.952128 0.891844 0.953457 0.890071 0.957447 0.890071 0.958777 0.888298 0.961436 0.888298 0.962766 0.886525 0.966755 0.886525 0.968085 0.884752 0.970745 0.884752 0.972074 0.882979 0.976064 0.882979 0.972074 0.87766 0.970745 0.879433 0.968085 0.879433 0.966755 0.881206 0.964096 0.881206 0.962766 0.882979 0.961436 0.882979 0.960106 0.884752 0.957447 0.884752 0.956117 0.886525 0.953457 0.886525 0.952128 0.888298 0.948138 0.888298 0.945479 0.884752 0.944149 0.884752 0.942819 0.882979 0.942819 0.881206 0.944149 0.879433 0.944149 0.875887 0.945479 0.874113 0.945479 0.87234 0.946809 0.870567 0.946809 0.868794 0.944149 0.868794 0.942819 0.867021 0.93883 0.87234 0.9375 0.87234 0.932181 0.879433 0.930851 0.879433 0.929521 0.881206 0.930851 0.882979 0.932181 0.882979 0.93484 0.886525 0.93617 0.886525 0.93883 0.890071 0.9375 0.891844 0.933511 0.891844 0.932181 0.893617 0.914894 0.893617 0.912234 0.890071 0.912234 0.886525 0.910904 0.884752 0.910904 0.882979 0.909574 0.881206 0.909574 0.879433 0.906915 0.879433 0.905585 0.87766 0.904255 0.87766 0.902926 0.875887 0.900266 0.875887 0.898936 0.874113 0.901596 0.870567 0.902926 0.870567 0.905585 0.867021 0.906915 0.867021 0.906915 0.865248 0.905585 0.863475 0.905585 0.861702 0.904255 0.863475 0.901596 0.863475 0.900266 0.865248 0.898936 0.865248 0.897606 0.867021 0.894947 0.867021 0.892287 0.863475 0.892287 0.861702 0.885638 0.852837 0.885638 0.851064 0.882979 0.847518 0.882979 0.842199 0.881649 0.840426 0.881649 0.835106 0.882979 0.833333 0.884309 0.833333 0.885638 0.83156 0.888298 0.83156 0.889628 0.829787 0.890957 0.829787 0.892287 0.828014 0.896277 0.828014 0.897606 0.829787 0.900266 0.829787 0.901596 0.83156 0.902926 0.83156 0.904255 0.833333 0.906915 0.833333 0.908245 0.835106 0.909574 0.835106 0.910904 0.836879 0.913564 0.836879 0.914894 0.838652 0.916223 0.836879 0.916223 0.835106 0.917553 0.833333 0.917553 0.83156 0.920213 0.828014 0.920213 0.826241 0.921543 0.824468 0.920213 0.824468 0.918883 0.822695 0.917553 0.822695 0.916223 0.820922 0.914894 0.820922 0.913564 0.819149 0.912234 0.819149 0.909574 0.815603 0.909574 0.81383 0.908245 0.812057 0.908245 0.810284 0.906915 0.808511 0.906915 0.806738 0.905585 0.804965 0.905585 0.803191 0.904255 0.801418 0.904255 0.799645 0.902926 0.797872 0.902926 0.796099 0.901596 0.797872 0.898936 0.797872 0.897606 0.799645 0.894947 0.799645 0.894947 0.812057 0.890957 0.817376 0.878989 0.817376 0.87766 0.815603 0.87766 0.81383 0.875 0.810284 0.875 0.808511 0.87234 0.804965 0.87234 0.803191 0.871011 0.801418 0.871011 0.799645 0.87234 0.797872 0.87234 0.796099 0.87367 0.794326 0.87367 0.792553 0.87234 0.794326 0.868351 0.794326 0.867021 0.796099 0.863032 0.796099 0.863032 0.804965 0.87633 0.822695 0.875 0.824468 0.87367 0.824468 0.87234 0.826241 0.871011 0.826241 0.869681 0.828014 0.868351 0.828014 0.867021 0.829787 0.864362 0.829787 0.861702 0.826241 0.861702 0.822695 0.860372 0.820922 0.860372 0.815603 0.859043 0.81383 0.859043 0.810284 0.857713 0.812057 0.848404 0.812057 0.845745 0.808511 0.844415 0.808511 0.841755 0.804965 0.840426 0.804965 0.837766 0.801418 0.836436 0.801418 0.833777 0.797872 0.832447 0.797872 0.831117 0.796099 0.831117 0.783688 0.828457 0.780142 0.827128 0.781915 0.825798 0.781915 0.824468 0.783688 0.823138 0.783688 0.821809 0.785461 0.819149 0.785461 0.817819 0.787234 0.816489 0.787234 0.81516 0.789007 0.81383 0.789007 0.8125 0.787234 0.8125 0.785461 0.81117 0.783688 0.81117 0.781915 0.80984 0.780142 0.80984 0.778369 0.808511 0.776596 0.808511 0.77305 0.80984 0.771277 0.80984 0.76773 0.81117 0.765957 0.81117 0.764184 0.8125 0.762411 0.8125 0.760638 0.816489 0.755319 0.816489 0.753546 0.820479 0.748227 0.820479 0.746454 0.824468 0.741135 0.824468 0.739362 0.827128 0.735816 0.827128 0.734043 0.828457 0.73227 0.828457 0.730496 0.829787 0.728723 0.829787 0.72695 0.831117 0.725177 0.835106 0.725177 0.836436 0.72695 0.840426 0.72695 0.843085 0.730496 0.843085 0.73227 0.844415 0.734043 0.844415 0.735816 0.845745 0.737589 0.845745 0.739362 0.847074 0.741135 0.847074 0.742908 0.851064 0.748227 0.851064 0.75 0.853723 0.753546 0.853723 0.755319 0.855053 0.757092 0.856383 0.757092 0.857713 0.758865 0.859043 0.758865 0.860372 0.760638 0.860372 0.758865 0.859043 0.757092 0.859043 0.753546 0.857713 0.751773 0.857713 0.748227 0.856383 0.746454 0.856383 0.744681 0.859043 0.741135 0.860372 0.741135 0.863032 0.737589 0.864362 0.737589 0.863032 0.735816 0.861702 0.735816 0.857713 0.730496 0.856383 0.730496 0.853723 0.72695 0.853723 0.721631 0.855053 0.719858 0.855053 0.716312 0.857713 0.712766 0.857713 0.710993 0.864362 0.702128 0.864362 0.700355 0.871011 0.691489 0.871011 0.689716 0.87367 0.68617 0.87367 0.684397 0.87234 0.682624 0.87234 0.680851 0.871011 0.682624 0.869681 0.682624 0.868351 0.684397 0.867021 0.684397 0.864362 0.687943 0.864362 0.689716 0.860372 0.695035 0.860372 0.696809 0.856383 0.702128 0.856383 0.703901 0.852394 0.70922 0.852394 0.710993 0.849734 0.714539 0.845745 0.714539 0.844415 0.712766 0.839096 0.712766 0.837766 0.710993 0.833777 0.710993 0.832447 0.70922 0.827128 0.70922 0.825798 0.707447 0.821809 0.707447 0.820479 0.705674 0.820479 0.696809 0.819149 0.695035 0.819149 0.689716 0.817819 0.687943 0.817819 0.68617 0.808511 0.673759 0.808511 0.671986 0.799202 0.659574 0.799202 0.656028 0.800532 0.654255 0.800532 0.648936 0.801862 0.647163 0.803191 0.647163 0.805851 0.650709 0.807181 0.650709 0.81516 0.661348 0.816489 0.661348 0.821809 0.66844 0.823138 0.66844 0.827128 0.673759 0.827128 0.677305 0.828457 0.679078 0.828457 0.684397 0.829787 0.68617 0.829787 0.691489 0.831117 0.693262 0.831117 0.695035 0.833777 0.691489 0.835106 0.691489 0.837766 0.687943 0.839096 0.687943 0.840426 0.68617 0.840426 0.684397 0.841755 0.682624 0.841755 0.680851 0.843085 0.679078 0.843085 0.675532 0.844415 0.673759 0.844415 0.670213 0.845745 0.66844 0.845745 0.666667 0.848404 0.663121 0.851064 0.663121 0.852394 0.664894 0.855053 0.664894 0.856383 0.666667 0.871011 0.666667 0.87234 0.66844 0.87367 0.666667 0.878989 0.666667 0.878989 0.654255 0.880319 0.652482 0.893617 0.652482 0.894947 0.654255 0.896277 0.652482 0.898936 0.652482 0.900266 0.650709 0.901596 0.650709 0.902926 0.648936 0.905585 0.648936 0.906915 0.647163 0.909574 0.647163 0.912234 0.650709 0.913564 0.650709 0.917553 0.656028 0.916223 0.657801 0.913564 0.657801 0.912234 0.656028 0.910904 0.657801 0.906915 0.657801 0.905585 0.659574 0.901596 0.659574 0.901596 0.661348 0.902926 0.663121 0.902926 0.66844 0.904255 0.670213 0.904255 0.671986 0.909574 0.664894 0.913564 0.664894 0.914894 0.666667 0.917553 0.666667 0.922872 0.673759 0.922872 0.675532 0.932181 0.687943 0.932181 0.689716 0.93617 0.695035 0.933511 0.698582 0.932181 0.698582 0.929521 0.702128 0.928191 0.702128 0.926862 0.703901 0.928191 0.705674 0.928191 0.707447 0.932181 0.712766 0.932181 0.714539 0.93484 0.718085 0.93484 0.719858 0.93617 0.721631 0.948138 0.721631 0.949468 0.723404 0.954787 0.716312 0.956117 0.716312 0.960106 0.710993 0.965426 0.710993 0.966755 0.712766 0.970745 0.712766 0.972074 0.714539 0.977394 0.714539 0.978723 0.716312 0.981383 0.712766 0.982713 0.712766 0.985372 0.70922 0.986702 0.70922 0.985372 0.707447 0.985372 0.691489 0.973404 0.691489 0.972074 0.689716 0.966755 0.689716 0.965426 0.687943 0.964096 0.689716 0.961436 0.689716 0.960106 0.691489 0.958777 0.691489 0.957447 0.693262 0.954787 0.693262 0.949468 0.68617 0.949468 0.684397 0.944149 0.677305 0.944149 0.675532 0.942819 0.673759 0.942819 0.671986 0.941489 0.670213 0.941489 0.66844 0.94016 0.666667 0.94016 0.664894 0.93883 0.663121 0.93883 0.661348 0.9375 0.659574 0.9375 0.657801 0.93883 0.656028 0.94016 0.656028 0.941489 0.654255 0.942819 0.654255 0.944149 0.652482 0.946809 0.652482 0.948138 0.650709 0.949468 0.650709 0.950798 0.648936 0.952128 0.648936 0.952128 0.64539 0.950798 0.643617 0.950798 0.640071 0.949468 0.640071 0.948138 0.638298 0.946809 0.638298 0.945479 0.636525 0.944149 0.636525 0.942819 0.634752 0.941489 0.634752 0.94016 0.632979 0.93883 0.632979 0.9375 0.631206 0.93617 0.631206 0.93484 0.629433 0.933511 0.629433 0.932181 0.62766 0.930851 0.62766 0.929521 0.625887 0.928191 0.62766 0.902926 0.62766 0.896277 0.618794 0.908245 0.602837 0.913564 0.602837 0.914894 0.601064 0.93883 0.601064 0.94016 0.602837 0.952128 0.602837 0.953457 0.60461 0.964096 0.60461 0.965426 0.606383 0.965426 0.599291 0.961436 0.599291 0.960106 0.597518 0.957447 0.597518 0.956117 0.595745 0.952128 0.595745 0.950798 0.593972 0.948138 0.593972 0.946809 0.592199 0.946809 0.590426 0.945479 0.588652 0.945479 0.586879 0.944149 0.585106 0.944149 0.583333 0.942819 0.58156 0.942819 0.578014 0.944149 0.576241 0.944149 0.574468 0.945479 0.572695 0.945479 0.570922 0.942819 0.570922 0.941489 0.569149 0.93883 0.569149 0.9375 0.567376 0.93617 0.567376 0.93484 0.565603 0.932181 0.565603 0.930851 0.56383 0.928191 0.56383 0.926862 0.562057 0.924202 0.562057 0.922872 0.560284 0.920213 0.560284 0.918883 0.558511 0.917553 0.558511 0.916223 0.556738 0.913564 0.556738 0.912234 0.554965 0.909574 0.554965 0.908245 0.553191 0.908245 0.551418 0.909574 0.549645 0.909574 0.546099 0.910904 0.544326 0.910904 0.542553 0.912234 0.54078 0.922872 0.54078 0.924202 0.539007 0.93484 0.539007 0.93617 0.537234 0.945479 0.537234 0.944149 0.535461 0.942819 0.535461 0.93883 0.530142 0.9375 0.530142 0.932181 0.52305 0.930851 0.52305 0.928191 0.519504 0.929521 0.51773 0.930851 0.51773 0.932181 0.515957 0.933511 0.515957 0.93484 0.514184 0.9375 0.514184 0.93883 0.512411 0.94016 0.512411 0.94016 0.507092 0.93883 0.508865 0.93617 0.508865 0.93484 0.510638 0.932181 0.510638 0.930851 0.512411 0.928191 0.512411 0.926862 0.514184 0.924202 0.514184 0.922872 0.515957 0.920213 0.515957 0.918883 0.51773 0.916223 0.51773 0.916223 0.52305 0.917553 0.524823 0.917553 0.530142 0.913564 0.535461 0.910904 0.535461 0.909574 0.537234 0.906915 0.537234 0.905585 0.539007 0.904255 0.539007 0.902926 0.54078 0.900266 0.54078 0.898936 0.542553 0.888298 0.542553 0.886968 0.54078 0.880319 0.54078 0.878989 0.539007 0.871011 0.539007 0.869681 0.537234 0.869681 0.54078 0.87234 0.54078 0.87367 0.542553 0.875 0.542553 0.87633 0.544326 0.878989 0.544326 0.880319 0.546099 0.881649 0.546099 0.882979 0.547872 0.885638 0.547872 0.886968 0.549645 0.888298 0.549645 0.889628 0.551418 0.892287 0.551418 0.893617 0.553191 0.896277 0.553191 0.897606 0.554965 0.898936 0.554965 0.900266 0.556738 0.902926 0.556738 0.904255 0.558511 0.905585 0.558511 0.906915 0.560284 0.909574 0.560284 0.910904 0.562057 0.912234 0.562057 0.913564 0.56383 0.916223 0.56383 0.917553 0.565603 0.918883 0.565603 0.920213 0.567376 0.922872 0.567376 0.924202 0.569149 0.922872 0.570922 0.912234 0.570922 0.910904 0.572695 0.900266 0.572695 0.900266 0.576241 0.898936 0.578014 0.898936 0.583333 0.897606 0.585106 0.897606 0.588652 0.894947 0.592199 0.893617 0.592199 0.889628 0.597518 0.888298 0.597518 0.886968 0.599291 0.882979 0.599291 0.881649 0.597518 0.87633 0.597518 0.875 0.595745 0.871011 0.595745 0.869681 0.593972 0.869681 0.592199 0.868351 0.590426 0.868351 0.588652 0.867021 0.586879 0.867021 0.585106 0.865691 0.583333 0.865691 0.579787 0.864362 0.578014 0.864362 0.576241 0.863032 0.574468 0.863032 0.572695 0.861702 0.572695 0.860372 0.570922 0.859043 0.570922 0.856383 0.567376 0.855053 0.567376 0.853723 0.565603 0.852394 0.565603 0.851064 0.56383 0.849734 0.56383 0.848404 0.562057 0.847074 0.562057 0.845745 0.560284 0.844415 0.560284 0.843085 0.558511 0.840426 0.558511 0.839096 0.556738 0.837766 0.556738 0.836436 0.554965 0.835106 0.554965 0.833777 0.553191 0.832447 0.553191 0.831117 0.551418 0.832447 0.549645 0.835106 0.549645 0.836436 0.547872 0.837766 0.547872 0.839096 0.546099 0.841755 0.546099 0.843085 0.544326 0.845745 0.544326 0.840426 0.537234 0.829787 0.537234 0.828457 0.535461 0.817819 0.535461 0.799202 0.510638 0.800532 0.508865 0.808511 0.508865 0.80984 0.510638 0.817819 0.510638 0.819149 0.512411 0.827128 0.512411 0.828457 0.514184 0.836436 0.514184 0.837766 0.515957 0.847074 0.515957 0.848404 0.51773 0.856383 0.51773 0.857713 0.519504 0.859043 0.51773 0.859043 0.515957 0.860372 0.514184 0.849734 0.514184 0.848404 0.512411 0.839096 0.512411 0.837766 0.510638 0.827128 0.510638 0.825798 0.508865 0.81516 0.508865 0.81383 0.507092 0.804521 0.507092 0.803191 0.505319 0.792553 0.505319
1 0.109043 0.501773 0.107713 0.503546 0.105053 0.503546 0.103723 0.505319 0.101064 0.505319 0.099734 0.507092 0.097074 0.507092 0.095745 0.508865 0.093085 0.508865 0.091755 0.510638 0.089096 0.510638 0.087766 0.512411 0.085106 0.512411 0.083777 0.514184 0.082447 0.514184 0.081117 0.515957 0.079787 0.515957 0.078457 0.51773 0.077128 0.51773 0.075798 0.519504 0.074468 0.519504 0.073138 0.521277 0.070479 0.521277 0.069149 0.52305 0.067819 0.52305 0.066489 0.524823 0.06516 0.524823 0.06383 0.526596 0.0625 0.526596 0.06117 0.528369 0.05984 0.528369 0.058511 0.530142 0.057181 0.530142 0.055851 0.531915 0.054521 0.531915 0.053191 0.533688 0.051862 0.533688 0.050532 0.535461 0.049202 0.535461 0.047872 0.537234 0.045213 0.537234 0.043883 0.539007 0.042553 0.539007 0.041223 0.54078 0.039894 0.54078 0.038564 0.542553 0.037234 0.542553 0.035904 0.544326 0.034574 0.544326 0.035904 0.546099 0.037234 0.546099 0.039894 0.549645 0.041223 0.547872 0.042553 0.547872 0.043883 0.546099 0.045213 0.546099 0.046543 0.544326 0.047872 0.544326 0.049202 0.542553 0.051862 0.542553 0.053191 0.54078 0.054521 0.54078 0.055851 0.539007 0.057181 0.539007 0.058511 0.537234 0.05984 0.537234 0.06117 0.535461 0.0625 0.535461 0.06383 0.533688 0.06516 0.533688 0.066489 0.531915 0.069149 0.531915 0.070479 0.530142 0.071809 0.530142 0.073138 0.528369 0.074468 0.528369 0.075798 0.526596 0.077128 0.526596 0.078457 0.524823 0.079787 0.524823 0.081117 0.52305 0.082447 0.52305 0.083777 0.521277 0.086436 0.521277 0.087766 0.519504 0.089096 0.519504 0.090426 0.51773 0.091755 0.51773 0.093085 0.515957 0.094415 0.515957 0.095745 0.514184 0.097074 0.514184 0.098404 0.512411 0.099734 0.512411 0.101064 0.510638 0.103723 0.510638 0.105053 0.508865 0.106383 0.508865 0.107713 0.507092 0.109043 0.507092
1 0.410904 0.498227 0.409574 0.5 0.405585 0.5 0.404255 0.501773 0.390957 0.501773 0.390957 0.503546 0.389628 0.505319 0.389628 0.507092 0.393617 0.507092 0.394947 0.508865 0.397606 0.508865 0.398936 0.510638 0.400266 0.508865 0.401596 0.508865 0.402926 0.507092 0.405585 0.507092 0.406915 0.505319 0.408245 0.505319 0.409574 0.503546 0.412234 0.503546 0.412234 0.501773 0.410904 0.5
1 0.586436 0.494681 0.583777 0.498227 0.583777 0.5 0.585106 0.501773 0.585106 0.507092 0.586436 0.508865 0.586436 0.510638 0.587766 0.508865 0.590426 0.508865 0.591755 0.507092 0.594415 0.507092 0.590426 0.501773 0.590426 0.5
1 0.928191 0.484043 0.926862 0.485816 0.925532 0.485816 0.922872 0.489362 0.921543 0.489362 0.926862 0.489362 0.928191 0.491135 0.933511 0.491135 0.93484 0.492908 0.93883 0.492908 0.94016 0.494681 0.945479 0.494681 0.946809 0.496454 0.946809 0.494681 0.948138 0.492908 0.948138 0.491135 0.949468 0.489362 0.949468 0.487589 0.950798 0.485816 0.929521 0.485816
1 0.206117 0.48227 0.204787 0.484043 0.166223 0.484043 0.164894 0.485816 0.125 0.485816 0.12367 0.487589 0.085106 0.487589 0.086436 0.489362 0.086436 0.491135 0.087766 0.492908 0.089096 0.491135 0.199468 0.491135 0.200798 0.489362 0.203457 0.489362 0.204787 0.487589 0.207447 0.487589 0.207447 0.485816 0.206117 0.484043
1 0.236702 0.480496 0.234043 0.484043 0.232713 0.484043 0.230053 0.487589 0.228723 0.487589 0.227394 0.489362 0.228723 0.491135 0.230053 0.491135 0.235372 0.498227 0.236702 0.498227 0.239362 0.501773 0.240691 0.5 0.256649 0.5 0.257979 0.498227 0.275266 0.498227 0.276596 0.496454 0.279255 0.496454 0.280585 0.494681 0.283245 0.494681 0.284574 0.492908 0.288564 0.492908 0.289894 0.491135 0.292553 0.491135 0.292553 0.489362 0.293883 0.487589 0.293883 0.485816 0.292553 0.487589 0.288564 0.487589 0.287234 0.489362 0.284574 0.489362 0.283245 0.491135 0.273936 0.491135 0.272606 0.489362 0.265957 0.489362 0.264628 0.487589 0.259309 0.487589 0.257979 0.485816 0.25266 0.485816 0.25133 0.484043 0.244681 0.484043 0.243351 0.48227 0.238032 0.48227
1 0.698138 0.448582 0.700798 0.452128 0.700798 0.453901 0.702128 0.455674 0.712766 0.455674 0.710106 0.455674 0.708777 0.453901 0.706117 0.453901 0.704787 0.452128 0.703457 0.452128 0.702128 0.450355 0.699468 0.450355
1 0.75 0.439716 0.75266 0.443262 0.75266 0.445035 0.753989 0.446809 0.75266 0.448582 0.743351 0.448582 0.742021 0.450355 0.731383 0.450355 0.738032 0.45922 0.739362 0.457447 0.742021 0.457447 0.743351 0.455674 0.74734 0.455674 0.74867 0.453901 0.75133 0.453901 0.75266 0.452128 0.755319 0.452128 0.756649 0.450355 0.759309 0.450355 0.760638 0.448582 0.764628 0.448582 0.765957 0.446809 0.768617 0.446809 0.768617 0.441489 0.75133 0.441489
1 0.81117 0.41844 0.80984 0.420213 0.807181 0.420213 0.805851 0.421986 0.801862 0.421986 0.800532 0.423759 0.797872 0.423759 0.796543 0.425532 0.792553 0.425532 0.792553 0.427305 0.791223 0.429078 0.791223 0.432624 0.789894 0.434397 0.789894 0.43617 0.791223 0.437943 0.792553 0.437943 0.795213 0.441489 0.796543 0.441489 0.800532 0.446809 0.801862 0.446809 0.804521 0.450355 0.805851 0.450355 0.808511 0.453901 0.80984 0.452128 0.81516 0.452128 0.816489 0.450355 0.820479 0.450355 0.821809 0.448582 0.832447 0.448582 0.833777 0.450355 0.840426 0.450355 0.841755 0.452128 0.847074 0.452128 0.848404 0.453901 0.853723 0.453901 0.855053 0.455674 0.856383 0.453901 0.921543 0.453901 0.922872 0.455674 0.945479 0.455674 0.946809 0.457447 0.946809 0.45922 0.948138 0.460993 0.948138 0.462766 0.944149 0.468085 0.942819 0.468085 0.94016 0.471631 0.949468 0.471631 0.950798 0.473404 0.952128 0.471631 0.953457 0.471631 0.954787 0.469858 0.956117 0.469858 0.957447 0.468085 0.961436 0.468085 0.962766 0.469858 0.966755 0.469858 0.968085 0.471631 0.970745 0.471631 0.972074 0.473404 0.974734 0.473404 0.981383 0.48227 0.981383 0.484043 0.985372 0.489362 0.988032 0.489362 0.989362 0.491135 0.992021 0.491135 0.993351 0.492908 0.994681 0.492908 0.996011 0.494681 0.99867 0.494681 0.99867 0.446809 0.99734 0.446809 0.996011 0.448582 0.993351 0.448582 0.992021 0.450355 0.990691 0.450355 0.989362 0.452128 0.988032 0.452128 0.986702 0.453901 0.985372 0.453901 0.984043 0.455674 0.981383 0.455674 0.980053 0.457447 0.973404 0.457447 0.972074 0.455674 0.966755 0.455674 0.965426 0.453901 0.960106 0.453901 0.958777 0.452128 0.957447 0.452128 0.956117 0.450355 0.954787 0.450355 0.952128 0.446809 0.950798 0.446809 0.949468 0.445035 0.948138 0.445035 0.946809 0.443262 0.945479 0.443262 0.942819 0.439716 0.941489 0.439716 0.94016 0.437943 0.93883 0.437943 0.9375 0.43617 0.93617 0.43617 0.933511 0.432624 0.932181 0.432624 0.930851 0.430851 0.929521 0.432624 0.885638 0.432624 0.884309 0.430851 0.871011 0.430851 0.869681 0.429078 0.847074 0.429078 0.845745 0.427305 0.844415 0.427305 0.843085 0.425532 0.841755 0.425532 0.840426 0.423759 0.839096 0.423759 0.837766 0.421986 0.836436 0.421986 0.835106 0.420213 0.833777 0.421986 0.832447 0.421986 0.831117 0.423759 0.829787 0.423759 0.828457 0.425532 0.827128 0.425532 0.825798 0.427305 0.824468 0.427305 0.823138 0.429078 0.821809 0.429078 0.820479 0.427305 0.819149 0.427305 0.81516 0.421986 0.81383 0.421986
1 0.283245 0.416667 0.287234 0.421986 0.287234 0.423759 0.289894 0.427305 0.289894 0.434397 0.288564 0.43617 0.288564 0.441489 0.287234 0.443262 0.285904 0.443262 0.283245 0.446809 0.281915 0.446809 0.279255 0.450355 0.277926 0.450355 0.276596 0.452128 0.275266 0.452128 0.272606 0.455674 0.271277 0.455674 0.268617 0.45922 0.268617 0.460993 0.265957 0.464539 0.283245 0.464539 0.284574 0.466312 0.285904 0.464539 0.289894 0.464539 0.291223 0.462766 0.295213 0.462766 0.296543 0.460993 0.301862 0.460993 0.303191 0.45922 0.307181 0.45922 0.308511 0.457447 0.3125 0.457447 0.31383 0.455674 0.31516 0.455674 0.316489 0.453901 0.317819 0.453901 0.319149 0.452128 0.321809 0.452128 0.323138 0.450355 0.324468 0.450355 0.317819 0.450355 0.316489 0.448582 0.317819 0.446809 0.317819 0.441489 0.319149 0.439716 0.319149 0.43617 0.320479 0.434397 0.320479 0.432624 0.31516 0.425532 0.31383 0.427305 0.3125 0.427305 0.31117 0.429078 0.30984 0.429078 0.308511 0.430851 0.307181 0.430851 0.303191 0.425532 0.303191 0.423759 0.300532 0.420213 0.292553 0.420213 0.291223 0.41844 0.284574 0.41844
1 0.413564 0.393617 0.412234 0.39539 0.409574 0.39539 0.408245 0.397163 0.405585 0.397163 0.404255 0.398936 0.401596 0.398936 0.400266 0.400709 0.397606 0.400709 0.396277 0.402482 0.393617 0.402482 0.394947 0.402482 0.396277 0.404255 0.398936 0.404255 0.400266 0.406028 0.401596 0.406028 0.402926 0.407801 0.401596 0.409574 0.400266 0.409574 0.397606 0.413121 0.385638 0.413121 0.385638 0.416667 0.384309 0.41844 0.384309 0.421986 0.405585 0.421986 0.408245 0.41844 0.409574 0.41844 0.412234 0.414894 0.413564 0.414894 0.412234 0.413121 0.412234 0.411348 0.410904 0.409574 0.410904 0.407801 0.409574 0.406028 0.409574 0.404255 0.410904 0.402482 0.410904 0.400709 0.412234 0.398936 0.412234 0.397163 0.413564 0.39539
1 0.793883 0.37234 0.793883 0.374113 0.792553 0.375887 0.792553 0.379433 0.789894 0.382979 0.783245 0.382979 0.784574 0.384752 0.785904 0.384752 0.791223 0.391844 0.792553 0.391844 0.796543 0.397163 0.797872 0.39539 0.80984 0.39539 0.81117 0.393617 0.81516 0.393617 0.816489 0.391844 0.821809 0.391844 0.823138 0.390071 0.827128 0.390071 0.828457 0.388298 0.833777 0.388298 0.801862 0.388298 0.800532 0.386525 0.800532 0.384752 0.801862 0.382979 0.801862 0.381206 0.803191 0.379433 0.803191 0.37766 0.804521 0.375887 0.800532 0.375887 0.799202 0.374113 0.795213 0.374113
1 0.75266 0.365248 0.75133 0.367021 0.74867 0.367021 0.75 0.367021 0.75133 0.368794 0.75266 0.368794 0.753989 0.370567 0.755319 0.370567 0.756649 0.37234 0.757979 0.37234 0.759309 0.374113 0.760638 0.374113 0.761968 0.375887 0.763298 0.374113 0.764628 0.374113 0.765957 0.37234 0.767287 0.37234 0.768617 0.370567 0.769947 0.370567 0.765957 0.370567 0.764628 0.368794 0.759309 0.368794 0.757979 0.367021 0.753989 0.367021
1 0.857713 0.361702 0.855053 0.365248 0.853723 0.365248 0.849734 0.370567 0.848404 0.370567 0.844415 0.375887 0.843085 0.375887 0.841755 0.37766 0.853723 0.37766 0.855053 0.379433 0.865691 0.379433 0.867021 0.381206 0.865691 0.382979 0.865691 0.384752 0.861702 0.390071 0.861702 0.391844 0.859043 0.39539 0.857713 0.39539 0.856383 0.393617 0.855053 0.393617 0.853723 0.391844 0.852394 0.391844 0.851064 0.390071 0.848404 0.393617 0.847074 0.393617 0.851064 0.398936 0.851064 0.400709 0.855053 0.406028 0.855053 0.407801 0.853723 0.409574 0.853723 0.413121 0.852394 0.414894 0.852394 0.416667 0.853723 0.416667 0.855053 0.41844 0.857713 0.414894 0.857713 0.413121 0.860372 0.409574 0.861702 0.411348 0.863032 0.411348 0.868351 0.41844 0.869681 0.41844 0.87234 0.421986 0.87367 0.420213 0.878989 0.420213 0.87633 0.416667 0.875 0.416667 0.868351 0.407801 0.867021 0.407801 0.864362 0.404255 0.865691 0.402482 0.886968 0.402482 0.888298 0.404255 0.889628 0.404255 0.890957 0.406028 0.892287 0.406028 0.893617 0.407801 0.894947 0.407801 0.897606 0.411348 0.898936 0.411348 0.900266 0.413121 0.901596 0.413121 0.902926 0.414894 0.904255 0.414894 0.905585 0.416667 0.910904 0.409574 0.912234 0.409574 0.914894 0.406028 0.910904 0.406028 0.909574 0.404255 0.905585 0.404255 0.904255 0.402482 0.900266 0.402482 0.898936 0.400709 0.897606 0.400709 0.894947 0.397163 0.893617 0.397163 0.890957 0.393617 0.889628 0.393617 0.886968 0.390071 0.885638 0.390071 0.87766 0.379433 0.87766 0.37766 0.87234 0.370567 0.871011 0.370567 0.869681 0.368794 0.868351 0.368794 0.867021 0.367021 0.864362 0.367021 0.863032 0.365248 0.861702 0.365248 0.860372 0.363475 0.859043 0.363475
1 0.37234 0.285461 0.371011 0.287234 0.343085 0.287234 0.343085 0.292553 0.344415 0.29078 0.357713 0.29078 0.359043 0.289007 0.37234 0.289007
1 0.400266 0.281915 0.398936 0.283688 0.396277 0.283688 0.394947 0.285461 0.390957 0.285461 0.389628 0.287234 0.386968 0.287234 0.386968 0.289007 0.388298 0.29078 0.388298 0.292553 0.389628 0.294326 0.389628 0.296099 0.385638 0.301418 0.378989 0.301418 0.37766 0.303191 0.357713 0.303191 0.356383 0.304965 0.352394 0.304965 0.351064 0.306738 0.347074 0.306738 0.345745 0.308511 0.341755 0.308511 0.339096 0.312057 0.337766 0.312057 0.336436 0.31383 0.337766 0.31383 0.339096 0.315603 0.340426 0.31383 0.343085 0.31383 0.344415 0.312057 0.347074 0.312057 0.348404 0.310284 0.351064 0.310284 0.352394 0.312057 0.353723 0.312057 0.356383 0.315603 0.360372 0.315603 0.361702 0.31383 0.363032 0.31383 0.365691 0.310284 0.367021 0.310284 0.368351 0.312057 0.369681 0.312057 0.37234 0.315603 0.371011 0.317376 0.371011 0.319149 0.368351 0.322695 0.363032 0.322695 0.361702 0.324468 0.355053 0.324468 0.353723 0.326241 0.348404 0.326241 0.347074 0.328014 0.340426 0.328014 0.343085 0.33156 0.344415 0.33156 0.345745 0.333333 0.347074 0.333333 0.348404 0.335106 0.349734 0.335106 0.351064 0.336879 0.352394 0.336879 0.353723 0.338652 0.355053 0.336879 0.357713 0.336879 0.359043 0.335106 0.360372 0.335106 0.361702 0.333333 0.364362 0.333333 0.365691 0.33156 0.368351 0.33156 0.369681 0.329787 0.37367 0.329787 0.375 0.328014 0.37766 0.328014 0.378989 0.326241 0.382979 0.326241 0.384309 0.324468 0.388298 0.324468 0.389628 0.322695 0.390957 0.322695 0.393617 0.319149 0.394947 0.319149 0.396277 0.317376 0.397606 0.317376 0.398936 0.315603 0.400266 0.315603 0.402926 0.312057 0.404255 0.312057 0.402926 0.310284 0.402926 0.308511 0.401596 0.306738 0.398936 0.310284 0.397606 0.310284 0.394947 0.31383 0.393617 0.31383 0.392287 0.315603 0.389628 0.312057 0.396277 0.303191 0.396277 0.301418 0.394947 0.299645 0.394947 0.297872 0.393617 0.296099 0.393617 0.294326 0.394947 0.292553 0.394947 0.29078 0.398936 0.285461 0.398936 0.283688
1 0.706117 0.193262 0.704787 0.195035 0.702128 0.195035 0.700798 0.196809 0.698138 0.196809 0.696809 0.198582 0.694149 0.198582 0.692819 0.200355 0.69016 0.200355 0.68883 0.202128 0.68617 0.202128 0.68484 0.203901 0.682181 0.203901 0.680851 0.205674 0.678191 0.205674 0.676862 0.207447 0.671543 0.207447 0.670213 0.205674 0.668883 0.205674 0.667553 0.203901 0.664894 0.203901 0.663564 0.202128 0.660904 0.202128 0.659574 0.200355 0.656915 0.200355 0.655585 0.198582 0.654255 0.198582 0.652926 0.196809 0.650266 0.196809 0.648936 0.195035 0.647606 0.196809 0.646277 0.196809 0.643617 0.200355 0.642287 0.200355 0.640957 0.202128 0.639628 0.202128 0.643617 0.207447 0.643617 0.20922 0.646277 0.212766 0.644947 0.214539 0.644947 0.216312 0.640957 0.221631 0.639628 0.221631 0.638298 0.223404 0.636968 0.223404 0.635638 0.225177 0.634309 0.225177 0.632979 0.22695 0.62234 0.22695 0.621011 0.228723 0.609043 0.228723 0.607713 0.230496 0.602394 0.230496 0.601064 0.23227 0.594415 0.23227 0.593085 0.234043 0.587766 0.234043 0.586436 0.235816 0.579787 0.235816 0.578457 0.237589 0.578457 0.239362 0.574468 0.244681 0.55984 0.244681 0.558511 0.242908 0.551862 0.242908 0.550532 0.241135 0.550532 0.239362 0.551862 0.237589 0.551862 0.235816 0.553191 0.234043 0.553191 0.23227 0.554521 0.230496 0.557181 0.230496 0.558511 0.228723 0.5625 0.228723 0.56383 0.22695 0.566489 0.22695 0.567819 0.225177 0.578457 0.225177 0.579787 0.223404 0.589096 0.223404 0.590426 0.221631 0.601064 0.221631 0.602394 0.219858 0.607713 0.219858 0.609043 0.218085 0.615691 0.218085 0.617021 0.216312 0.62234 0.216312 0.621011 0.216312 0.619681 0.214539 0.618351 0.214539 0.615691 0.210993 0.614362 0.210993 0.613032 0.20922 0.593085 0.20922 0.591755 0.207447 0.591755 0.210993 0.593085 0.212766 0.593085 0.216312 0.591755 0.218085 0.589096 0.218085 0.587766 0.219858 0.583777 0.219858 0.582447 0.221631 0.553191 0.221631 0.551862 0.223404 0.546543 0.223404 0.545213 0.225177 0.538564 0.225177 0.537234 0.22695 0.513298 0.22695 0.511968 0.225177 0.510638 0.22695 0.510638 0.228723 0.509309 0.230496 0.509309 0.23227 0.507979 0.234043 0.507979 0.235816 0.506649 0.237589 0.506649 0.239362 0.505319 0.241135 0.494681 0.241135 0.493351 0.242908 0.490691 0.242908 0.489362 0.244681 0.486702 0.244681 0.485372 0.246454 0.482713 0.246454 0.481383 0.248227 0.478723 0.248227 0.480053 0.248227 0.482713 0.251773 0.484043 0.251773 0.486702 0.255319 0.488032 0.255319 0.490691 0.258865 0.492021 0.258865 0.493351 0.260638 0.496011 0.260638 0.49734 0.262411 0.496011 0.264184 0.480053 0.264184 0.478723 0.262411 0.473404 0.262411 0.472074 0.260638 0.468085 0.260638 0.466755 0.258865 0.458777 0.258865 0.458777 0.260638 0.460106 0.262411 0.460106 0.26773 0.461436 0.269504 0.461436 0.271277 0.462766 0.27305 0.464096 0.27305 0.468085 0.278369 0.466755 0.280142 0.464096 0.280142 0.462766 0.281915 0.461436 0.281915 0.460106 0.283688 0.457447 0.283688 0.456117 0.285461 0.453457 0.285461 0.452128 0.287234 0.450798 0.287234 0.449468 0.289007 0.448138 0.289007 0.446809 0.29078 0.444149 0.29078 0.442819 0.292553 0.441489 0.292553 0.44016 0.294326 0.43883 0.294326 0.4375 0.296099 0.43484 0.296099 0.433511 0.297872 0.432181 0.297872 0.430851 0.299645 0.428191 0.299645 0.428191 0.303191 0.426862 0.304965 0.426862 0.306738 0.425532 0.308511 0.413564 0.308511 0.413564 0.315603 0.417553 0.320922 0.422872 0.320922 0.424202 0.322695 0.429521 0.322695 0.430851 0.324468 0.425532 0.33156 0.422872 0.33156 0.421543 0.333333 0.417553 0.333333 0.416223 0.335106 0.413564 0.335106 0.413564 0.351064 0.416223 0.351064 0.417553 0.352837 0.418883 0.352837 0.420213 0.35461 0.421543 0.352837 0.422872 0.352837 0.424202 0.351064 0.425532 0.351064 0.428191 0.347518 0.429521 0.347518 0.430851 0.345745 0.432181 0.345745 0.433511 0.343972 0.43484 0.343972 0.4375 0.340426 0.43883 0.340426 0.441489 0.336879 0.442819 0.336879 0.444149 0.335106 0.44016 0.335106 0.43883 0.333333 0.43617 0.333333 0.43484 0.33156 0.43484 0.328014 0.43617 0.326241 0.43617 0.322695 0.4375 0.320922 0.457447 0.320922 0.458777 0.319149 0.460106 0.319149 0.461436 0.317376 0.462766 0.317376 0.464096 0.315603 0.465426 0.315603 0.466755 0.31383 0.468085 0.31383 0.469415 0.312057 0.470745 0.312057 0.472074 0.310284 0.473404 0.310284 0.474734 0.308511 0.478723 0.308511 0.480053 0.306738 0.485372 0.306738 0.486702 0.304965 0.496011 0.304965 0.496011 0.303191 0.49734 0.301418 0.49734 0.299645 0.49867 0.297872 0.49867 0.296099 0.5 0.294326 0.527926 0.294326 0.529255 0.296099 0.530585 0.294326 0.541223 0.294326 0.541223 0.29078 0.542553 0.289007 0.542553 0.283688 0.543883 0.281915 0.543883 0.280142 0.545213 0.278369 0.553191 0.278369 0.555851 0.281915 0.557181 0.281915 0.558511 0.283688 0.558511 0.287234 0.55984 0.289007 0.55984 0.294326 0.56117 0.296099 0.56117 0.304965 0.55984 0.306738 0.541223 0.306738 0.541223 0.308511 0.539894 0.310284 0.542553 0.31383 0.56117 0.31383 0.5625 0.312057 0.56516 0.312057 0.566489 0.310284 0.567819 0.310284 0.569149 0.308511 0.571809 0.308511 0.573138 0.310284 0.573138 0.312057 0.574468 0.31383 0.574468 0.315603 0.575798 0.317376 0.575798 0.335106 0.573138 0.338652 0.571809 0.338652 0.569149 0.342199 0.56516 0.342199 0.56383 0.343972 0.56117 0.343972 0.55984 0.345745 0.555851 0.345745 0.555851 0.349291 0.557181 0.351064 0.557181 0.35461 0.555851 0.356383 0.553191 0.356383 0.551862 0.358156 0.549202 0.358156 0.547872 0.359929 0.545213 0.359929 0.543883 0.361702 0.539894 0.361702 0.538564 0.363475 0.535904 0.363475 0.534574 0.365248 0.530585 0.365248 0.529255 0.367021 0.525266 0.367021 0.523936 0.368794 0.515957 0.368794 0.514628 0.370567 0.507979 0.370567 0.506649 0.37234 0.49867 0.37234 0.49734 0.374113 0.489362 0.374113 0.489362 0.375887 0.490691 0.37766 0.490691 0.379433 0.50266 0.379433 0.503989 0.381206 0.506649 0.381206 0.507979 0.382979 0.509309 0.382979 0.510638 0.384752 0.507979 0.388298 0.506649 0.388298 0.503989 0.391844 0.50266 0.391844 0.50133 0.393617 0.492021 0.393617 0.490691 0.39539 0.480053 0.39539 0.478723 0.397163 0.469415 0.397163 0.468085 0.398936 0.464096 0.398936 0.462766 0.400709 0.458777 0.400709 0.457447 0.402482 0.453457 0.402482 0.452128 0.404255 0.448138 0.404255 0.446809 0.406028 0.442819 0.406028 0.441489 0.407801 0.44016 0.407801 0.4375 0.411348 0.43617 0.411348 0.43484 0.413121 0.433511 0.413121 0.43484 0.414894 0.43484 0.416667 0.4375 0.420213 0.4375 0.421986 0.43883 0.423759 0.44016 0.421986 0.441489 0.421986 0.442819 0.420213 0.445479 0.420213 0.446809 0.41844 0.448138 0.41844 0.449468 0.416667 0.450798 0.416667 0.452128 0.414894 0.453457 0.414894 0.454787 0.413121 0.457447 0.413121 0.458777 0.411348 0.460106 0.411348 0.461436 0.409574 0.462766 0.409574 0.464096 0.407801 0.466755 0.407801 0.468085 0.406028 0.469415 0.406028 0.470745 0.404255 0.477394 0.404255 0.478723 0.402482 0.480053 0.404255 0.480053 0.411348 0.468085 0.427305 0.468085 0.432624 0.466755 0.434397 0.466755 0.437943 0.465426 0.439716 0.462766 0.439716 0.461436 0.441489 0.458777 0.441489 0.457447 0.443262 0.454787 0.443262 0.453457 0.445035 0.432181 0.445035 0.425532 0.43617 0.425532 0.434397 0.418883 0.425532 0.417553 0.427305 0.412234 0.427305 0.410904 0.429078 0.405585 0.429078 0.404255 0.430851 0.398936 0.430851 0.398936 0.432624 0.400266 0.434397 0.400266 0.43617 0.401596 0.437943 0.401596 0.439716 0.408245 0.439716 0.409574 0.441489 0.406915 0.445035 0.405585 0.445035 0.405585 0.448582 0.406915 0.450355 0.406915 0.455674 0.408245 0.455674 0.409574 0.457447 0.410904 0.457447 0.412234 0.45922 0.413564 0.45922 0.414894 0.460993 0.413564 0.462766 0.412234 0.462766 0.410904 0.464539 0.409574 0.464539 0.408245 0.466312 0.406915 0.466312 0.405585 0.468085 0.402926 0.468085 0.401596 0.469858 0.400266 0.469858 0.398936 0.471631 0.397606 0.471631 0.396277 0.473404 0.394947 0.473404 0.393617 0.475177 0.389628 0.475177 0.388298 0.47695 0.384309 0.47695 0.382979 0.478723 0.37766 0.478723 0.37633 0.480496 0.37234 0.480496 0.371011 0.48227 0.367021 0.48227 0.365691 0.484043 0.361702 0.484043 0.360372 0.485816 0.356383 0.485816 0.355053 0.487589 0.349734 0.487589 0.348404 0.489362 0.344415 0.489362 0.343085 0.491135 0.339096 0.491135 0.339096 0.494681 0.340426 0.496454 0.340426 0.5 0.341755 0.498227 0.345745 0.498227 0.347074 0.496454 0.351064 0.496454 0.352394 0.494681 0.355053 0.494681 0.356383 0.492908 0.360372 0.492908 0.361702 0.491135 0.365691 0.491135 0.367021 0.489362 0.371011 0.489362 0.37234 0.487589 0.37633 0.487589 0.37766 0.485816 0.380319 0.485816 0.381649 0.487589 0.37766 0.492908 0.37633 0.492908 0.37367 0.496454 0.375 0.498227 0.375 0.5 0.37633 0.501773 0.37633 0.503546 0.37766 0.501773 0.380319 0.501773 0.381649 0.5 0.385638 0.5 0.386968 0.498227 0.386968 0.496454 0.388298 0.494681 0.388298 0.492908 0.390957 0.489362 0.390957 0.487589 0.392287 0.485816 0.392287 0.484043 0.394947 0.480496 0.396277 0.480496 0.397606 0.478723 0.398936 0.478723 0.401596 0.475177 0.402926 0.475177 0.404255 0.473404 0.405585 0.473404 0.408245 0.47695 0.408245 0.478723 0.409574 0.480496 0.414894 0.480496 0.413564 0.478723 0.413564 0.47695 0.412234 0.475177 0.412234 0.473404 0.416223 0.468085 0.417553 0.468085 0.422872 0.460993 0.424202 0.460993 0.425532 0.45922 0.426862 0.460993 0.426862 0.462766 0.428191 0.464539 0.433511 0.464539 0.43484 0.466312 0.441489 0.466312 0.442819 0.468085 0.448138 0.468085 0.449468 0.469858 0.449468 0.478723 0.450798 0.480496 0.450798 0.489362 0.449468 0.491135 0.444149 0.491135 0.442819 0.492908 0.4375 0.492908 0.43617 0.494681 0.430851 0.494681 0.430851 0.505319 0.429521 0.507092 0.429521 0.51773 0.430851 0.519504 0.430851 0.521277 0.432181 0.52305 0.432181 0.526596 0.433511 0.528369 0.433511 0.530142 0.43484 0.531915 0.43484 0.533688 0.433511 0.535461 0.429521 0.535461 0.428191 0.537234 0.378989 0.537234 0.37766 0.535461 0.352394 0.535461 0.351064 0.537234 0.349734 0.537234 0.347074 0.54078 0.345745 0.54078 0.344415 0.542553 0.343085 0.542553 0.341755 0.544326 0.341755 0.546099 0.340426 0.547872 0.340426 0.549645 0.337766 0.553191 0.337766 0.554965 0.335106 0.558511 0.304521 0.558511 0.305851 0.560284 0.305851 0.562057 0.307181 0.56383 0.307181 0.565603 0.308511 0.56383 0.337766 0.56383 0.339096 0.562057 0.345745 0.562057 0.347074 0.560284 0.353723 0.560284 0.356383 0.56383 0.356383 0.567376 0.375 0.567376 0.37633 0.565603 0.37766 0.565603 0.378989 0.56383 0.380319 0.56383 0.381649 0.562057 0.382979 0.562057 0.384309 0.560284 0.385638 0.560284 0.386968 0.558511 0.388298 0.558511 0.389628 0.556738 0.390957 0.556738 0.401596 0.542553 0.402926 0.544326 0.404255 0.544326 0.408245 0.549645 0.408245 0.551418 0.406915 0.553191 0.406915 0.554965 0.405585 0.556738 0.405585 0.558511 0.404255 0.560284 0.404255 0.562057 0.406915 0.565603 0.406915 0.567376 0.405585 0.569149 0.396277 0.569149 0.394947 0.570922 0.394947 0.572695 0.393617 0.574468 0.393617 0.576241 0.392287 0.578014 0.392287 0.579787 0.390957 0.58156 0.390957 0.583333 0.389628 0.585106 0.37766 0.585106 0.37633 0.583333 0.37766 0.585106 0.37766 0.586879 0.378989 0.588652 0.378989 0.590426 0.380319 0.592199 0.380319 0.593972 0.385638 0.593972 0.386968 0.595745 0.390957 0.595745 0.393617 0.599291 0.393617 0.601064 0.394947 0.602837 0.394947 0.60461 0.396277 0.606383 0.396277 0.608156 0.397606 0.609929 0.397606 0.611702 0.398936 0.613475 0.398936 0.615248 0.400266 0.617021 0.400266 0.618794 0.401596 0.620567 0.405585 0.620567 0.405585 0.618794 0.404255 0.617021 0.404255 0.613475 0.402926 0.611702 0.402926 0.609929 0.401596 0.608156 0.401596 0.60461 0.400266 0.602837 0.400266 0.599291 0.398936 0.597518 0.398936 0.595745 0.400266 0.593972 0.402926 0.593972 0.404255 0.592199 0.408245 0.592199 0.409574 0.590426 0.420213 0.590426 0.421543 0.588652 0.432181 0.588652 0.43484 0.585106 0.43484 0.583333 0.4375 0.579787 0.43484 0.579787 0.433511 0.578014 0.430851 0.578014 0.429521 0.576241 0.426862 0.576241 0.425532 0.574468 0.425532 0.572695 0.426862 0.570922 0.426862 0.565603 0.428191 0.56383 0.428191 0.562057 0.429521 0.560284 0.430851 0.560284 0.433511 0.556738 0.43484 0.556738 0.454787 0.583333 0.458777 0.583333 0.457447 0.58156 0.457447 0.579787 0.456117 0.578014 0.456117 0.576241 0.454787 0.574468 0.454787 0.572695 0.453457 0.570922 0.453457 0.569149 0.452128 0.567376 0.452128 0.565603 0.450798 0.56383 0.450798 0.562057 0.449468 0.560284 0.450798 0.558511 0.462766 0.558511 0.462766 0.551418 0.461436 0.549645 0.461436 0.547872 0.457447 0.542553 0.457447 0.54078 0.454787 0.537234 0.454787 0.535461 0.453457 0.533688 0.453457 0.531915 0.452128 0.530142 0.452128 0.528369 0.450798 0.526596 0.450798 0.52305 0.449468 0.521277 0.449468 0.51773 0.448138 0.515957 0.448138 0.514184 0.446809 0.512411 0.446809 0.510638 0.452128 0.503546 0.453457 0.503546 0.456117 0.5 0.457447 0.5 0.460106 0.503546 0.461436 0.503546 0.462766 0.505319 0.464096 0.505319 0.465426 0.507092 0.466755 0.507092 0.469415 0.510638 0.470745 0.510638 0.473404 0.514184 0.473404 0.515957 0.474734 0.51773 0.474734 0.530142 0.480053 0.537234 0.481383 0.535461 0.493351 0.535461 0.494681 0.537234 0.494681 0.539007 0.49867 0.544326 0.49867 0.546099 0.5 0.547872 0.5 0.549645 0.49867 0.551418 0.49867 0.556738 0.49734 0.558511 0.49734 0.560284 0.50133 0.560284 0.50266 0.562057 0.503989 0.560284 0.503989 0.558511 0.505319 0.556738 0.505319 0.554965 0.507979 0.551418 0.507979 0.549645 0.509309 0.547872 0.507979 0.546099 0.507979 0.544326 0.505319 0.54078 0.505319 0.539007 0.503989 0.537234 0.503989 0.535461 0.50266 0.533688 0.49867 0.533688 0.49734 0.531915 0.494681 0.531915 0.493351 0.530142 0.489362 0.530142 0.488032 0.528369 0.488032 0.526596 0.486702 0.524823 0.486702 0.52305 0.488032 0.521277 0.493351 0.521277 0.494681 0.52305 0.50133 0.52305 0.50266 0.524823 0.505319 0.521277 0.503989 0.521277 0.50266 0.519504 0.50133 0.519504 0.5 0.51773 0.49867 0.51773 0.49734 0.515957 0.496011 0.515957 0.494681 0.514184 0.493351 0.514184 0.492021 0.512411 0.490691 0.512411 0.489362 0.510638 0.488032 0.510638 0.486702 0.508865 0.485372 0.508865 0.484043 0.507092 0.482713 0.507092 0.480053 0.503546 0.478723 0.503546 0.477394 0.501773 0.476064 0.501773 0.474734 0.5 0.474734 0.489362 0.476064 0.487589 0.478723 0.487589 0.480053 0.485816 0.484043 0.485816 0.485372 0.484043 0.488032 0.484043 0.485372 0.480496 0.485372 0.478723 0.484043 0.47695 0.485372 0.475177 0.489362 0.475177 0.490691 0.473404 0.493351 0.473404 0.494681 0.471631 0.5 0.471631 0.50133 0.473404 0.50266 0.473404 0.505319 0.47695 0.506649 0.47695 0.507979 0.478723 0.510638 0.478723 0.511968 0.480496 0.514628 0.480496 0.515957 0.48227 0.517287 0.48227 0.518617 0.484043 0.521277 0.484043 0.522606 0.485816 0.522606 0.475177 0.523936 0.473404 0.523936 0.464539 0.525266 0.462766 0.539894 0.462766 0.543883 0.468085 0.543883 0.469858 0.546543 0.473404 0.547872 0.471631 0.551862 0.471631 0.553191 0.469858 0.557181 0.469858 0.558511 0.468085 0.5625 0.468085 0.56383 0.466312 0.56516 0.466312 0.567819 0.462766 0.569149 0.462766 0.570479 0.460993 0.571809 0.460993 0.574468 0.457447 0.575798 0.457447 0.577128 0.455674 0.595745 0.455674 0.597074 0.457447 0.597074 0.469858 0.598404 0.471631 0.598404 0.47695 0.594415 0.48227 0.594415 0.484043 0.590426 0.489362 0.591755 0.487589 0.597074 0.487589 0.598404 0.485816 0.603723 0.485816 0.603723 0.480496 0.605053 0.478723 0.605053 0.475177 0.606383 0.473404 0.631649 0.473404 0.632979 0.471631 0.634309 0.471631 0.635638 0.469858 0.636968 0.469858 0.638298 0.468085 0.639628 0.468085 0.642287 0.464539 0.643617 0.464539 0.644947 0.462766 0.646277 0.462766 0.647606 0.460993 0.648936 0.460993 0.650266 0.45922 0.651596 0.45922 0.659574 0.448582 0.660904 0.448582 0.676862 0.427305 0.678191 0.427305 0.679521 0.425532 0.680851 0.425532 0.682181 0.423759 0.683511 0.423759 0.68484 0.421986 0.68617 0.421986 0.6875 0.420213 0.694149 0.420213 0.695479 0.41844 0.700798 0.41844 0.702128 0.416667 0.708777 0.416667 0.710106 0.41844 0.711436 0.41844 0.714096 0.421986 0.715426 0.421986 0.718085 0.425532 0.719415 0.425532 0.722074 0.429078 0.723404 0.427305 0.728723 0.427305 0.730053 0.425532 0.734043 0.425532 0.735372 0.423759 0.740691 0.423759 0.742021 0.421986 0.74867 0.421986 0.75 0.420213 0.756649 0.420213 0.756649 0.404255 0.75133 0.404255 0.75 0.402482 0.744681 0.402482 0.743351 0.400709 0.743351 0.398936 0.742021 0.397163 0.742021 0.39539 0.740691 0.393617 0.740691 0.391844 0.739362 0.390071 0.739362 0.388298 0.738032 0.386525 0.738032 0.384752 0.728723 0.384752 0.727394 0.382979 0.734043 0.374113 0.734043 0.37234 0.735372 0.370567 0.735372 0.368794 0.736702 0.367021 0.736702 0.365248 0.738032 0.363475 0.738032 0.361702 0.739362 0.359929 0.739362 0.358156 0.740691 0.356383 0.740691 0.349291 0.742021 0.347518 0.742021 0.335106 0.743351 0.333333 0.743351 0.328014 0.742021 0.329787 0.740691 0.329787 0.739362 0.33156 0.736702 0.33156 0.735372 0.333333 0.726064 0.333333 0.724734 0.33156 0.716755 0.33156 0.715426 0.329787 0.700798 0.329787 0.699468 0.328014 0.699468 0.315603 0.702128 0.312057 0.703457 0.312057 0.706117 0.308511 0.707447 0.308511 0.710106 0.304965 0.731383 0.304965 0.732713 0.306738 0.738032 0.306738 0.739362 0.308511 0.742021 0.304965 0.742021 0.303191 0.746011 0.297872 0.746011 0.296099 0.75 0.29078 0.755319 0.29078 0.756649 0.289007 0.760638 0.289007 0.761968 0.287234 0.767287 0.287234 0.768617 0.285461 0.780585 0.285461 0.781915 0.287234 0.788564 0.287234 0.789894 0.289007 0.795213 0.289007 0.796543 0.29078 0.803191 0.29078 0.804521 0.292553 0.808511 0.292553 0.80984 0.29078 0.81117 0.29078 0.8125 0.289007 0.81383 0.289007 0.81516 0.287234 0.816489 0.287234 0.817819 0.285461 0.819149 0.285461 0.820479 0.283688 0.828457 0.283688 0.829787 0.285461 0.836436 0.285461 0.837766 0.287234 0.839096 0.285461 0.845745 0.285461 0.847074 0.283688 0.852394 0.283688 0.853723 0.281915 0.860372 0.281915 0.861702 0.280142 0.87234 0.280142 0.87367 0.281915 0.878989 0.281915 0.880319 0.283688 0.884309 0.283688 0.885638 0.285461 0.884309 0.287234 0.882979 0.287234 0.881649 0.289007 0.878989 0.289007 0.878989 0.29078 0.87766 0.292553 0.87766 0.294326 0.87633 0.296099 0.880319 0.296099 0.881649 0.297872 0.885638 0.297872 0.886968 0.299645 0.890957 0.299645 0.892287 0.301418 0.890957 0.303191 0.889628 0.303191 0.886968 0.306738 0.885638 0.306738 0.884309 0.308511 0.882979 0.308511 0.881649 0.310284 0.859043 0.310284 0.860372 0.312057 0.860372 0.31383 0.861702 0.315603 0.861702 0.317376 0.863032 0.319149 0.863032 0.320922 0.864362 0.322695 0.864362 0.324468 0.865691 0.326241 0.865691 0.328014 0.868351 0.328014 0.869681 0.329787 0.87234 0.329787 0.87367 0.33156 0.87766 0.33156 0.878989 0.333333 0.881649 0.333333 0.882979 0.335106 0.885638 0.335106 0.886968 0.336879 0.885638 0.338652 0.87633 0.338652 0.875 0.340426 0.871011 0.340426 0.869681 0.342199 0.861702 0.342199 0.860372 0.340426 0.856383 0.340426 0.855053 0.338652 0.851064 0.338652 0.849734 0.336879 0.845745 0.336879 0.844415 0.335106 0.840426 0.335106 0.835106 0.328014 0.835106 0.326241 0.832447 0.322695 0.833777 0.320922 0.837766 0.320922 0.839096 0.319149 0.843085 0.319149 0.844415 0.317376 0.848404 0.317376 0.848404 0.310284 0.847074 0.312057 0.808511 0.312057 0.807181 0.310284 0.804521 0.310284 0.803191 0.308511 0.799202 0.308511 0.797872 0.306738 0.795213 0.306738 0.793883 0.304965 0.791223 0.304965 0.789894 0.303191 0.787234 0.303191 0.785904 0.301418 0.784574 0.303191 0.783245 0.303191 0.781915 0.304965 0.780585 0.304965 0.779255 0.306738 0.777926 0.306738 0.776596 0.308511 0.775266 0.308511 0.773936 0.310284 0.772606 0.310284 0.771277 0.312057 0.769947 0.312057 0.768617 0.31383 0.767287 0.31383 0.769947 0.317376 0.769947 0.319149 0.773936 0.324468 0.773936 0.326241 0.776596 0.329787 0.776596 0.33156 0.780585 0.336879 0.780585 0.338652 0.781915 0.340426 0.783245 0.338652 0.789894 0.338652 0.791223 0.336879 0.797872 0.336879 0.799202 0.335106 0.833777 0.335106 0.835106 0.336879 0.841755 0.336879 0.843085 0.338652 0.829787 0.356383 0.831117 0.356383 0.833777 0.359929 0.852394 0.359929 0.855053 0.356383 0.856383 0.356383 0.857713 0.35461 0.861702 0.35461 0.863032 0.356383 0.865691 0.356383 0.867021 0.358156 0.868351 0.358156 0.869681 0.359929 0.869681 0.358156 0.871011 0.356383 0.871011 0.35461 0.87234 0.352837 0.87234 0.351064 0.87367 0.349291 0.884309 0.349291 0.885638 0.351064 0.884309 0.352837 0.884309 0.35461 0.882979 0.356383 0.882979 0.358156 0.884309 0.359929 0.884309 0.361702 0.885638 0.363475 0.885638 0.365248 0.886968 0.367021 0.886968 0.368794 0.888298 0.370567 0.901596 0.370567 0.902926 0.37234 0.906915 0.37234 0.908245 0.374113 0.913564 0.374113 0.914894 0.375887 0.914894 0.374113 0.916223 0.37234 0.916223 0.367021 0.918883 0.363475 0.920213 0.363475 0.921543 0.365248 0.922872 0.365248 0.924202 0.367021 0.929521 0.367021 0.930851 0.368794 0.93617 0.368794 0.9375 0.370567 0.942819 0.370567 0.944149 0.37234 0.954787 0.37234 0.956117 0.374113 0.965426 0.374113 0.966755 0.375887 0.969415 0.375887 0.970745 0.37766 0.972074 0.37766 0.973404 0.379433 0.976064 0.379433 0.977394 0.381206 0.988032 0.381206 0.989362 0.382979 0.990691 0.381206 0.992021 0.381206 0.994681 0.37766 0.996011 0.37766 0.99867 0.374113 0.99867 0.336879 0.982713 0.336879 0.981383 0.335106 0.972074 0.335106 0.970745 0.333333 0.972074 0.33156 0.973404 0.33156 0.976064 0.328014 0.977394 0.328014 0.980053 0.324468 0.981383 0.324468 0.984043 0.320922 0.985372 0.320922 0.985372 0.31383 0.981383 0.31383 0.980053 0.312057 0.978723 0.31383 0.976064 0.31383 0.974734 0.315603 0.970745 0.315603 0.969415 0.317376 0.966755 0.317376 0.965426 0.319149 0.961436 0.319149 0.960106 0.320922 0.957447 0.320922 0.956117 0.322695 0.950798 0.322695 0.948138 0.319149 0.946809 0.319149 0.944149 0.315603 0.942819 0.315603 0.94016 0.312057 0.945479 0.304965 0.946809 0.304965 0.949468 0.301418 0.958777 0.301418 0.960106 0.303191 0.969415 0.303191 0.970745 0.304965 0.972074 0.303191 0.986702 0.303191 0.988032 0.301418 0.99867 0.301418 0.99867 0.289007 0.966755 0.289007 0.965426 0.287234 0.965426 0.278369 0.964096 0.276596 0.964096 0.27305 0.962766 0.271277 0.962766 0.265957 0.961436 0.264184 0.961436 0.262411 0.960106 0.264184 0.950798 0.264184 0.949468 0.265957 0.949468 0.26773 0.945479 0.27305 0.945479 0.274823 0.944149 0.276596 0.93883 0.276596 0.9375 0.274823 0.933511 0.274823 0.932181 0.27305 0.926862 0.27305 0.925532 0.271277 0.924202 0.271277 0.922872 0.269504 0.920213 0.269504 0.918883 0.26773 0.917553 0.26773 0.916223 0.265957 0.913564 0.265957 0.912234 0.264184 0.910904 0.264184 0.909574 0.262411 0.904255 0.262411 0.902926 0.260638 0.898936 0.260638 0.897606 0.258865 0.892287 0.258865 0.890957 0.257092 0.886968 0.257092 0.885638 0.255319 0.885638 0.253546 0.886968 0.251773 0.886968 0.25 0.889628 0.246454 0.908245 0.246454 0.909574 0.244681 0.929521 0.244681 0.930851 0.242908 0.94016 0.242908 0.941489 0.241135 0.950798 0.241135 0.952128 0.239362 0.964096 0.239362 0.965426 0.241135 0.968085 0.241135 0.969415 0.242908 0.972074 0.242908 0.974734 0.246454 0.974734 0.248227 0.976064 0.25 0.977394 0.25 0.978723 0.251773 0.980053 0.251773 0.982713 0.255319 0.984043 0.255319 0.985372 0.257092 0.988032 0.253546 0.989362 0.253546 0.992021 0.25 0.993351 0.25 0.994681 0.248227 0.994681 0.246454 0.996011 0.244681 0.996011 0.241135 0.99734 0.239362 0.99734 0.234043 0.99867 0.23227 0.99867 0.225177 0.964096 0.225177 0.962766 0.22695 0.961436 0.22695 0.960106 0.228723 0.958777 0.228723 0.956117 0.23227 0.954787 0.23227 0.953457 0.234043 0.9375 0.234043 0.93617 0.235816 0.928191 0.235816 0.926862 0.237589 0.917553 0.237589 0.916223 0.239362 0.868351 0.239362 0.867021 0.237589 0.867021 0.235816 0.864362 0.23227 0.864362 0.230496 0.861702 0.22695 0.861702 0.225177 0.860372 0.223404 0.860372 0.219858 0.859043 0.218085 0.859043 0.214539 0.857713 0.212766 0.857713 0.210993 0.856383 0.20922 0.847074 0.20922 0.845745 0.207447 0.836436 0.207447 0.835106 0.205674 0.825798 0.205674 0.824468 0.203901 0.81516 0.203901 0.81383 0.202128 0.804521 0.202128 0.803191 0.200355 0.803191 0.20922 0.804521 0.210993 0.804521 0.219858 0.803191 0.221631 0.773936 0.221631 0.772606 0.223404 0.732713 0.223404 0.731383 0.221631 0.723404 0.221631 0.722074 0.219858 0.719415 0.219858 0.718085 0.218085 0.715426 0.218085 0.714096 0.216312 0.714096 0.214539 0.712766 0.212766 0.712766 0.210993 0.711436 0.20922 0.711436 0.207447 0.710106 0.205674 0.710106 0.203901 0.708777 0.202128 0.708777 0.200355 0.707447 0.198582 0.707447 0.196809 0.706117 0.195035
