0 0.684 0.921708 0.682667 0.923488 0.674667 0.923488 0.674667 0.927046 0.673333 0.928826 0.673333 0.932384 0.674667 0.932384 0.676 0.934164 0.677333 0.934164 0.678667 0.935943 0.68 0.935943 0.681333 0.937722 0.682667 0.937722 0.684 0.939502 0.684 0.941281 0.685333 0.94306 0.685333 0.94484 0.686667 0.946619 0.686667 0.948399 0.688 0.950178 0.688 0.951957 0.696 0.951957 0.696 0.941281 0.694667 0.939502 0.694667 0.937722 0.692 0.934164 0.692 0.932384
0 0.758667 0.886121 0.757333 0.8879 0.756 0.8879 0.754667 0.88968 0.753333 0.88968 0.752 0.891459 0.750667 0.891459 0.746667 0.896797 0.745333 0.896797 0.744 0.898577 0.744 0.911032 0.745333 0.912811 0.745333 0.914591 0.746667 0.91637 0.746667 0.918149 0.748 0.919929 0.748 0.921708 0.749333 0.923488 0.750667 0.923488 0.752 0.925267 0.757333 0.925267 0.756 0.923488 0.756 0.921708 0.754667 0.919929 0.754667 0.903915 0.756 0.902135 0.756 0.898577 0.757333 0.896797 0.757333 0.895018 0.758667 0.893238
0 0.665333 0.884342 0.664 0.886121 0.662667 0.886121 0.66 0.88968 0.658667 0.88968 0.66 0.891459 0.66 0.893238 0.661333 0.895018 0.661333 0.896797 0.666667 0.903915 0.666667 0.905694 0.670667 0.911032 0.672 0.911032 0.674667 0.914591 0.676 0.914591 0.678667 0.918149 0.68 0.91637 0.685333 0.91637 0.693333 0.905694 0.690667 0.905694 0.689333 0.903915 0.686667 0.903915 0.685333 0.902135 0.682667 0.905694 0.68 0.905694 0.678667 0.903915 0.678667 0.902135 0.677333 0.900356 0.677333 0.898577 0.676 0.896797 0.676 0.895018 0.674667 0.893238 0.674667 0.891459 0.673333 0.891459 0.672 0.88968 0.670667 0.88968 0.668 0.886121 0.666667 0.886121
0 0.374667 0.854093 0.373333 0.855872 0.369333 0.855872 0.369333 0.857651 0.368 0.859431 0.368 0.86121 0.366667 0.862989 0.368 0.864769 0.369333 0.864769 0.373333 0.870107 0.374667 0.868327 0.377333 0.868327 0.378667 0.866548 0.381333 0.866548 0.381333 0.855872 0.376 0.855872
0 0.677333 0.839858 0.676 0.841637 0.674667 0.841637 0.673333 0.843416 0.672 0.843416 0.670667 0.845196 0.665333 0.845196 0.664 0.843416 0.662667 0.845196 0.658667 0.845196 0.657333 0.846975 0.656 0.846975 0.653333 0.850534 0.652 0.850534 0.653333 0.850534 0.654667 0.852313 0.656 0.852313 0.657333 0.854093 0.658667 0.854093 0.66 0.855872 0.661333 0.855872 0.662667 0.857651 0.664 0.857651 0.665333 0.859431 0.668 0.859431 0.669333 0.86121 0.670667 0.86121 0.672 0.862989 0.672 0.852313 0.673333 0.850534 0.684 0.850534 0.685333 0.852313 0.685333 0.848754 0.682667 0.845196 0.681333 0.845196
0 0.482667 0.820285 0.482667 0.83274 0.481333 0.83452 0.481333 0.850534 0.482667 0.850534 0.484 0.852313 0.485333 0.852313 0.486667 0.854093 0.488 0.854093 0.489333 0.855872 0.490667 0.854093 0.490667 0.852313 0.494667 0.846975 0.494667 0.845196 0.497333 0.841637 0.497333 0.830961 0.498667 0.829181 0.498667 0.820285
0 0.609333 0.775801 0.609333 0.782918 0.616 0.782918 0.616 0.775801
0 0.948 0.754448 0.946667 0.756228 0.941333 0.756228 0.941333 0.763345 0.948 0.763345 0.949333 0.765125 0.949333 0.761566 0.948 0.759786
0 0.708 0.752669 0.706667 0.754448 0.706667 0.756228 0.705333 0.758007 0.706667 0.758007 0.709333 0.761566 0.710667 0.761566 0.712 0.763345 0.713333 0.761566 0.72 0.761566 0.721333 0.763345 0.724 0.763345 0.725333 0.765125 0.725333 0.763345 0.724 0.761566 0.724 0.759786 0.722667 0.758007 0.722667 0.756228 0.716 0.756228 0.714667 0.754448 0.709333 0.754448
0 0.84 0.731317 0.838667 0.733096 0.837333 0.733096 0.836 0.734875 0.834667 0.734875 0.836 0.736655 0.836 0.738434 0.837333 0.740214 0.837333 0.741993 0.838667 0.740214 0.84 0.740214 0.841333 0.738434 0.844 0.738434 0.841333 0.734875 0.841333 0.733096
0 0.957333 0.711744 0.956 0.713523 0.953333 0.713523 0.952 0.715302 0.949333 0.715302 0.952 0.718861 0.953333 0.718861 0.958667 0.725979 0.958667 0.724199 0.96 0.72242 0.96 0.720641 0.961333 0.718861 0.958667 0.715302 0.958667 0.713523
0 0.897333 0.672598 0.896 0.674377 0.896 0.676157 0.894667 0.677936 0.894667 0.679715 0.893333 0.681495 0.897333 0.681495 0.898667 0.683274 0.902667 0.683274 0.904 0.685053 0.904 0.674377 0.898667 0.674377
0 0.805333 0.654804 0.802667 0.658363 0.801333 0.658363 0.8 0.660142 0.801333 0.660142 0.804 0.663701 0.805333 0.661922 0.806667 0.661922 0.808 0.660142 0.809333 0.660142
0 0.157333 0.629893 0.156 0.631673 0.152 0.631673 0.152 0.63879 0.153333 0.637011 0.157333 0.637011
0 0.36 0.52669 0.358667 0.52847 0.356 0.52847 0.354667 0.530249 0.352 0.530249 0.352 0.532028 0.350667 0.533808 0.350667 0.535587 0.349333 0.537367 0.364 0.537367 0.365333 0.539146 0.365333 0.533808
0 0.901333 0.519573 0.901333 0.52847 0.906667 0.52847 0.906667 0.519573
0 0.213333 0.496441 0.213333 0.498221 0.212 0.5 0.212 0.503559 0.210667 0.505338 0.210667 0.507117 0.216 0.507117 0.218667 0.503559 0.22 0.503559 0.218667 0.501779 0.218667 0.5 0.217333 0.498221 0.217333 0.496441
0 0.448 0.491103 0.446667 0.492883 0.446667 0.494662 0.444 0.498221 0.456 0.498221 0.456 0.496441 0.454667 0.494662 0.454667 0.491103
0 0.142667 0.489324 0.141333 0.491103 0.134667 0.491103 0.133333 0.492883 0.128 0.492883 0.126667 0.494662 0.12 0.494662 0.118667 0.496441 0.117333 0.496441 0.114667 0.5 0.113333 0.5 0.112 0.501779 0.110667 0.501779 0.109333 0.503559 0.105333 0.503559 0.104 0.505338 0.094667 0.505338 0.093333 0.503559 0.090667 0.503559 0.089333 0.501779 0.085333 0.501779 0.084 0.5 0.076 0.5 0.074667 0.498221 0.068 0.498221 0.066667 0.496441 0.058667 0.496441 0.057333 0.494662 0.050667 0.494662 0.049333 0.492883 0.048 0.494662 0.042667 0.494662 0.041333 0.496441 0.034667 0.496441 0.033333 0.498221 0.028 0.498221 0.028 0.510676 0.030667 0.510676 0.032 0.512456 0.033333 0.512456 0.034667 0.514235 0.036 0.512456 0.037333 0.512456 0.038667 0.510676 0.04 0.510676 0.042667 0.507117 0.044 0.507117 0.045333 0.505338 0.046667 0.505338 0.048 0.503559 0.053333 0.503559 0.054667 0.505338 0.057333 0.505338 0.058667 0.507117 0.061333 0.507117 0.062667 0.508897 0.066667 0.508897 0.068 0.510676 0.070667 0.510676 0.072 0.512456 0.074667 0.512456 0.076 0.514235 0.078667 0.514235 0.08 0.516014 0.082667 0.516014 0.084 0.517794 0.082667 0.519573 0.082667 0.521352 0.08 0.524911 0.08 0.52669 0.077333 0.530249 0.077333 0.532028 0.076 0.533808 0.077333 0.535587 0.078667 0.535587 0.084 0.542705 0.085333 0.542705 0.089333 0.548043 0.088 0.549822 0.082667 0.549822 0.081333 0.551601 0.077333 0.551601 0.076 0.553381 0.070667 0.553381 0.069333 0.55516 0.062667 0.55516 0.06 0.551601 0.058667 0.551601 0.057333 0.549822 0.054667 0.553381 0.054667 0.55516 0.050667 0.560498 0.049333 0.560498 0.048 0.562278 0.046667 0.562278 0.045333 0.564057 0.044 0.564057 0.042667 0.565836 0.04 0.565836 0.038667 0.567616 0.037333 0.567616 0.036 0.569395 0.034667 0.569395 0.033333 0.571174 0.030667 0.571174 0.029333 0.572954 0.025333 0.572954 0.026667 0.574733 0.028 0.574733 0.030667 0.578292 0.032 0.576512 0.034667 0.576512 0.036 0.574733 0.037333 0.574733 0.038667 0.572954 0.041333 0.572954 0.042667 0.571174 0.045333 0.571174 0.046667 0.569395 0.048 0.569395 0.049333 0.567616 0.052 0.567616 0.053333 0.565836 0.064 0.565836 0.073333 0.578292 0.073333 0.580071 0.074667 0.581851 0.073333 0.58363 0.072 0.58363 0.069333 0.587189 0.068 0.587189 0.068 0.588968 0.066667 0.590747 0.066667 0.594306 0.065333 0.596085 0.065333 0.597865 0.066667 0.597865 0.068 0.599644 0.070667 0.599644 0.072 0.601423 0.073333 0.601423 0.074667 0.603203 0.077333 0.603203 0.078667 0.604982 0.08 0.604982 0.081333 0.606762 0.081333 0.608541 0.08 0.61032 0.08 0.613879 0.078667 0.615658 0.078667 0.617438 0.081333 0.620996 0.081333 0.622776 0.084 0.626335 0.097333 0.626335 0.098667 0.628114 0.105333 0.619217 0.118667 0.619217 0.118667 0.6121 0.117333 0.61032 0.117333 0.603203 0.102667 0.603203 0.101333 0.601423 0.097333 0.601423 0.096 0.599644 0.094667 0.601423 0.090667 0.601423 0.089333 0.603203 0.086667 0.603203 0.085333 0.601423 0.085333 0.599644 0.086667 0.597865 0.086667 0.596085 0.088 0.594306 0.089333 0.594306 0.090667 0.592527 0.092 0.592527 0.093333 0.590747 0.096 0.590747 0.097333 0.588968 0.114667 0.588968 0.116 0.587189 0.12 0.587189 0.121333 0.585409 0.134667 0.585409 0.136 0.587189 0.149333 0.587189 0.150667 0.588968 0.150667 0.581851 0.152 0.580071 0.157333 0.580071 0.158667 0.578292 0.166667 0.578292 0.168 0.576512 0.168 0.574733 0.169333 0.572954 0.169333 0.571174 0.170667 0.569395 0.176 0.569395 0.176 0.564057 0.173333 0.564057 0.172 0.562278 0.173333 0.560498 0.173333 0.558719 0.174667 0.55694 0.174667 0.55516 0.176 0.553381 0.176 0.544484 0.173333 0.544484 0.172 0.542705 0.168 0.542705 0.166667 0.540925 0.164 0.540925 0.162667 0.539146 0.16 0.539146 0.158667 0.537367 0.157333 0.537367 0.156 0.535587 0.154667 0.535587 0.153333 0.533808 0.150667 0.533808 0.149333 0.532028 0.148 0.532028 0.146667 0.530249 0.145333 0.530249 0.141333 0.524911 0.141333 0.523132 0.137333 0.517794 0.137333 0.516014 0.134667 0.512456 0.138667 0.507117 0.14 0.507117 0.145333 0.5 0.145333 0.498221 0.148 0.494662 0.146667 0.492883 0.145333 0.492883
0 0.493333 0.464413 0.492 0.466192 0.492 0.467972 0.490667 0.469751 0.492 0.47153 0.493333 0.47153 0.497333 0.476868 0.501333 0.47153 0.502667 0.47153 0.504 0.469751 0.501333 0.469751 0.5 0.467972 0.498667 0.467972 0.497333 0.466192 0.494667 0.466192
0 0.418667 0.446619 0.417333 0.448399 0.414667 0.448399 0.413333 0.450178 0.410667 0.450178 0.412 0.451957 0.413333 0.451957 0.417333 0.457295 0.418667 0.457295 0.421333 0.460854 0.422667 0.459075 0.422667 0.457295 0.425333 0.453737 0.424 0.451957 0.422667 0.451957
0 0.026667 0.402135 0.022667 0.407473 0.021333 0.407473 0.018667 0.411032 0.021333 0.414591 0.022667 0.414591 0.026667 0.419929 0.029333 0.41637 0.029333 0.414591 0.032 0.411032 0.029333 0.407473 0.029333 0.405694
0 0.345333 0.396797 0.344 0.398577 0.341333 0.398577 0.34 0.400356 0.337333 0.400356 0.338667 0.402135 0.338667 0.403915 0.34 0.405694 0.34 0.407473 0.341333 0.409253 0.341333 0.411032 0.342667 0.409253 0.345333 0.409253 0.346667 0.407473 0.350667 0.407473 0.350667 0.400356 0.349333 0.400356 0.348 0.398577 0.346667 0.398577
0 0.265333 0.375445 0.265333 0.379004 0.264 0.380783 0.264 0.382562 0.268 0.3879 0.269333 0.386121 0.272 0.386121 0.272 0.382562 0.273333 0.380783 0.273333 0.377224 0.266667 0.377224
0 0.236 0.375445 0.233333 0.379004 0.232 0.379004 0.229333 0.382562 0.228 0.382562 0.229333 0.384342 0.229333 0.386121 0.230667 0.3879 0.230667 0.38968 0.232 0.391459 0.233333 0.38968 0.234667 0.38968 0.237333 0.386121 0.238667 0.386121 0.238667 0.384342 0.237333 0.382562 0.237333 0.379004 0.236 0.377224
1 0.852 0.982206 0.852 0.983986 0.850667 0.985765 0.850667 0.987544 0.849333 0.989324 0.849333 0.992883 0.848 0.994662 0.848 0.996441 0.846667 0.998221 0.853333 0.998221 0.853333 0.996441 0.854667 0.994662 0.854667 0.989324 0.856 0.987544 0.856 0.983986 0.853333 0.983986
1 0.313333 0.976868 0.310667 0.980427 0.310667 0.982206 0.306667 0.987544 0.306667 0.989324 0.302667 0.994662 0.302667 0.996441 0.301333 0.998221 0.308 0.998221 0.308 0.996441 0.310667 0.992883 0.310667 0.991103 0.314667 0.985765 0.314667 0.983986 0.317333 0.980427 0.317333 0.978648 0.318667 0.976868
1 0.616 0.911032 0.614667 0.912811 0.610667 0.912811 0.609333 0.914591 0.604 0.914591 0.602667 0.91637 0.598667 0.91637 0.6 0.91637 0.602667 0.919929 0.604 0.919929 0.606667 0.923488 0.608 0.923488 0.609333 0.925267 0.624 0.925267 0.624 0.912811 0.617333 0.912811
1 0.234667 0.896797 0.233333 0.898577 0.232 0.898577 0.229333 0.902135 0.228 0.902135 0.224 0.907473 0.217333 0.907473 0.216 0.909253 0.208 0.909253 0.208 0.930605 0.206667 0.932384 0.204 0.928826 0.196 0.928826 0.194667 0.927046 0.190667 0.927046 0.189333 0.925267 0.185333 0.925267 0.184 0.923488 0.178667 0.930605 0.178667 0.932384 0.176 0.935943 0.174667 0.935943 0.173333 0.934164 0.172 0.934164 0.170667 0.932384 0.168 0.935943 0.166667 0.935943 0.164 0.939502 0.162667 0.939502 0.16 0.94306 0.158667 0.94306 0.156 0.946619 0.154667 0.946619 0.153333 0.94484 0.152 0.94484 0.146667 0.937722 0.145333 0.937722 0.141333 0.932384 0.14 0.934164 0.138667 0.934164 0.149333 0.948399 0.149333 0.950178 0.150667 0.951957 0.150667 0.955516 0.152 0.955516 0.153333 0.957295 0.154667 0.957295 0.156 0.959075 0.157333 0.959075 0.158667 0.960854 0.158667 0.964413 0.157333 0.966192 0.157333 0.97153 0.158667 0.97331 0.158667 0.975089 0.16 0.976868 0.16 0.978648 0.161333 0.980427 0.161333 0.982206 0.162667 0.980427 0.166667 0.980427 0.168 0.978648 0.172 0.978648 0.173333 0.976868 0.177333 0.976868 0.178667 0.975089 0.178667 0.97331 0.18 0.97153 0.18 0.969751 0.181333 0.967972 0.181333 0.966192 0.182667 0.964413 0.182667 0.959075 0.185333 0.955516 0.190667 0.955516 0.192 0.957295 0.190667 0.959075 0.190667 0.960854 0.189333 0.962633 0.190667 0.962633 0.192 0.964413 0.197333 0.957295 0.198667 0.957295 0.204 0.950178 0.205333 0.950178 0.208 0.946619 0.209333 0.946619 0.218667 0.934164 0.225333 0.94306 0.226667 0.941281 0.237333 0.941281 0.238667 0.94306 0.238667 0.94484 0.24 0.946619 0.24 0.948399 0.241333 0.950178 0.241333 0.951957 0.242667 0.953737 0.242667 0.955516 0.244 0.957295 0.245333 0.955516 0.248 0.955516 0.248 0.953737 0.246667 0.951957 0.246667 0.950178 0.245333 0.948399 0.245333 0.946619 0.244 0.94484 0.244 0.941281 0.242667 0.939502 0.242667 0.937722 0.241333 0.935943 0.241333 0.934164 0.24 0.932384 0.24 0.928826 0.238667 0.927046 0.238667 0.925267 0.237333 0.923488 0.237333 0.921708 0.236 0.919929 0.237333 0.918149 0.246667 0.918149 0.248 0.91637 0.253333 0.91637 0.254667 0.914591 0.258667 0.914591 0.26 0.912811 0.265333 0.912811 0.266667 0.911032 0.270667 0.911032 0.272 0.909253 0.277333 0.909253 0.277333 0.905694 0.278667 0.903915 0.278667 0.900356 0.277333 0.902135 0.274667 0.902135 0.273333 0.903915 0.270667 0.903915 0.269333 0.905694 0.265333 0.905694 0.264 0.907473 0.261333 0.907473 0.26 0.909253 0.257333 0.909253 0.256 0.911032 0.234667 0.911032 0.233333 0.909253 0.233333 0.905694 0.234667 0.903915 0.234667 0.902135 0.236 0.900356 0.234667 0.898577
1 0.718667 0.879004 0.718667 0.882562 0.717333 0.884342 0.717333 0.891459 0.718667 0.893238 0.718667 0.898577 0.717333 0.900356 0.717333 0.902135 0.714667 0.905694 0.712 0.905694 0.714667 0.909253 0.714667 0.911032 0.717333 0.914591 0.717333 0.91637 0.718667 0.918149 0.718667 0.919929 0.72 0.921708 0.72 0.923488 0.721333 0.925267 0.721333 0.927046 0.722667 0.928826 0.722667 0.930605 0.724 0.932384 0.724 0.934164 0.725333 0.935943 0.725333 0.937722 0.724 0.939502 0.72 0.939502 0.721333 0.941281 0.721333 0.94306 0.722667 0.94484 0.722667 0.946619 0.724 0.948399 0.724 0.950178 0.721333 0.953737 0.721333 0.955516 0.72 0.957295 0.72 0.959075 0.718667 0.960854 0.718667 0.962633 0.716 0.966192 0.714667 0.966192 0.713333 0.967972 0.710667 0.967972 0.709333 0.966192 0.709333 0.964413 0.708 0.962633 0.708 0.960854 0.701333 0.951957 0.701333 0.950178 0.702667 0.948399 0.702667 0.946619 0.704 0.94484 0.704 0.94306 0.705333 0.941281 0.705333 0.939502 0.704 0.937722 0.702667 0.937722 0.696 0.928826 0.694667 0.928826 0.693333 0.927046 0.692 0.927046 0.690667 0.925267 0.690667 0.928826 0.693333 0.932384 0.693333 0.934164 0.696 0.937722 0.696 0.939502 0.697333 0.941281 0.697333 0.951957 0.696 0.953737 0.688 0.953737 0.688 0.957295 0.686667 0.959075 0.686667 0.962633 0.689333 0.966192 0.690667 0.966192 0.694667 0.97153 0.693333 0.97331 0.68 0.97331 0.678667 0.97153 0.666667 0.97153 0.665333 0.969751 0.664 0.97153 0.66 0.97153 0.658667 0.97331 0.644 0.97331 0.644 0.976868 0.642667 0.978648 0.642667 0.980427 0.641333 0.982206 0.64 0.982206 0.638667 0.983986 0.637333 0.983986 0.636 0.985765 0.634667 0.985765 0.636 0.987544 0.636 0.989324 0.637333 0.991103 0.642667 0.991103 0.644 0.992883 0.649333 0.992883 0.650667 0.994662 0.649333 0.996441 0.649333 0.998221 0.661333 0.998221 0.661333 0.982206 0.662667 0.980427 0.662667 0.978648 0.664 0.976868 0.666667 0.976868 0.668 0.978648 0.673333 0.978648 0.674667 0.980427 0.678667 0.980427 0.68 0.982206 0.685333 0.982206 0.686667 0.983986 0.698667 0.983986 0.7 0.985765 0.7 0.994662 0.701333 0.996441 0.701333 0.998221 0.732 0.998221 0.733333 0.996441 0.734667 0.996441 0.737333 0.992883 0.738667 0.992883 0.737333 0.991103 0.737333 0.989324 0.736 0.987544 0.738667 0.983986 0.74 0.983986 0.741333 0.982206 0.744 0.982206 0.745333 0.983986 0.745333 0.985765 0.746667 0.987544 0.746667 0.991103 0.749333 0.991103 0.750667 0.992883 0.750667 0.985765 0.752 0.983986 0.752 0.978648 0.748 0.978648 0.746667 0.976868 0.748 0.975089 0.748 0.97331 0.749333 0.97153 0.749333 0.969751 0.750667 0.967972 0.749333 0.966192 0.749333 0.964413 0.748 0.962633 0.748 0.960854 0.746667 0.959075 0.746667 0.955516 0.745333 0.953737 0.745333 0.948399 0.744 0.946619 0.744 0.94306 0.745333 0.941281 0.745333 0.939502 0.746667 0.937722 0.746667 0.935943 0.748 0.934164 0.748 0.930605 0.742667 0.930605 0.741333 0.928826 0.736 0.928826 0.734667 0.927046 0.734667 0.923488 0.733333 0.921708 0.733333 0.91637 0.732 0.914591 0.732 0.909253 0.730667 0.907473 0.730667 0.902135 0.729333 0.900356 0.729333 0.895018 0.728 0.893238 0.728 0.891459
1 0.088 0.875445 0.086667 0.877224 0.081333 0.877224 0.081333 0.882562 0.08 0.884342 0.078667 0.884342 0.076 0.8879 0.074667 0.8879 0.073333 0.88968 0.070667 0.88968 0.068 0.886121 0.066667 0.886121 0.065333 0.884342 0.064 0.886121 0.062667 0.886121 0.061333 0.8879 0.06 0.8879 0.058667 0.88968 0.057333 0.88968 0.056 0.891459 0.054667 0.891459 0.053333 0.88968 0.053333 0.8879 0.052 0.886121 0.045333 0.886121 0.045333 0.88968 0.044 0.891459 0.044 0.898577 0.045333 0.900356 0.045333 0.905694 0.044 0.907473 0.041333 0.907473 0.04 0.909253 0.036 0.909253 0.034667 0.911032 0.032 0.911032 0.032 0.914591 0.033333 0.91637 0.033333 0.919929 0.034667 0.918149 0.036 0.918149 0.037333 0.91637 0.04 0.91637 0.041333 0.914591 0.042667 0.914591 0.044 0.912811 0.045333 0.912811 0.046667 0.911032 0.049333 0.911032 0.050667 0.909253 0.052 0.909253 0.053333 0.907473 0.054667 0.907473 0.056 0.905694 0.058667 0.905694 0.06 0.903915 0.061333 0.903915 0.062667 0.902135 0.065333 0.902135 0.066667 0.900356 0.068 0.900356 0.069333 0.898577 0.070667 0.898577 0.072 0.896797 0.074667 0.896797 0.076 0.895018 0.077333 0.895018 0.081333 0.88968 0.081333 0.8879 0.085333 0.882562 0.085333 0.880783 0.086667 0.879004 0.086667 0.877224
1 0.365333 0.864769 0.365333 0.866548 0.364 0.868327 0.366667 0.871886 0.366667 0.873665 0.368 0.875445 0.366667 0.877224 0.365333 0.877224 0.362667 0.880783 0.361333 0.880783 0.354667 0.88968 0.353333 0.88968 0.352 0.891459 0.352 0.893238 0.350667 0.895018 0.350667 0.896797 0.349333 0.898577 0.349333 0.900356 0.348 0.902135 0.350667 0.902135 0.353333 0.898577 0.353333 0.896797 0.356 0.893238 0.362667 0.893238 0.364 0.895018 0.369333 0.8879 0.369333 0.886121 0.370667 0.884342 0.373333 0.884342 0.377333 0.879004 0.38 0.882562 0.38 0.884342 0.381333 0.886121 0.384 0.886121 0.385333 0.8879 0.386667 0.8879 0.388 0.88968 0.396 0.88968 0.397333 0.891459 0.398667 0.891459 0.4 0.893238 0.401333 0.893238 0.402667 0.895018 0.402667 0.893238 0.404 0.891459 0.404 0.88968 0.405333 0.8879 0.405333 0.886121 0.406667 0.884342 0.404 0.884342 0.402667 0.882562 0.401333 0.882562 0.4 0.880783 0.398667 0.880783 0.393333 0.873665 0.393333 0.871886 0.392 0.870107 0.388 0.870107 0.386667 0.868327 0.378667 0.868327 0.377333 0.870107 0.374667 0.870107 0.373333 0.871886 0.369333 0.866548 0.368 0.866548 0.366667 0.864769
1 0.805333 0.855872 0.805333 0.86121 0.813333 0.86121 0.821333 0.871886 0.821333 0.873665 0.826667 0.880783 0.828 0.879004 0.828 0.877224 0.829333 0.875445 0.814667 0.855872
1 0.201333 0.83452 0.198667 0.838078 0.197333 0.838078 0.196 0.839858 0.197333 0.841637 0.197333 0.843416 0.2 0.846975 0.2 0.848754 0.201333 0.850534 0.205333 0.850534 0.206667 0.852313 0.209333 0.852313 0.210667 0.854093 0.216 0.846975 0.217333 0.846975 0.22 0.843416 0.218667 0.843416 0.217333 0.841637 0.216 0.841637 0.213333 0.838078 0.212 0.838078 0.210667 0.836299 0.202667 0.836299
1 0.778667 0.823843 0.776 0.827402 0.774667 0.827402 0.776 0.829181 0.776 0.830961 0.78 0.836299 0.78 0.838078 0.782667 0.841637 0.782667 0.843416 0.784 0.845196 0.781333 0.848754 0.78 0.848754 0.778667 0.850534 0.78 0.850534 0.781333 0.852313 0.782667 0.850534 0.789333 0.850534 0.790667 0.852313 0.792 0.852313 0.793333 0.854093 0.794667 0.852313 0.798667 0.852313 0.788 0.838078 0.788 0.836299
1 0.852 0.822064 0.849333 0.825623 0.849333 0.827402 0.845333 0.83274 0.845333 0.83452 0.84 0.841637 0.84 0.843416 0.837333 0.846975 0.838667 0.848754 0.838667 0.850534 0.84 0.852313 0.84 0.854093 0.842667 0.857651 0.842667 0.859431 0.844 0.86121 0.844 0.862989 0.845333 0.864769 0.846667 0.864769 0.848 0.866548 0.849333 0.866548 0.852 0.870107 0.853333 0.870107 0.854667 0.871886 0.856 0.871886 0.857333 0.873665 0.857333 0.875445 0.856 0.877224 0.856 0.882562 0.854667 0.884342 0.854667 0.886121 0.856 0.8879 0.856 0.88968 0.857333 0.891459 0.857333 0.893238 0.86 0.896797 0.86 0.898577 0.861333 0.900356 0.861333 0.902135 0.862667 0.903915 0.861333 0.905694 0.849333 0.905694 0.848 0.903915 0.845333 0.903915 0.844 0.902135 0.842667 0.902135 0.841333 0.900356 0.838667 0.900356 0.837333 0.898577 0.834667 0.898577 0.833333 0.896797 0.830667 0.896797 0.829333 0.895018 0.828 0.895018 0.826667 0.893238 0.824 0.893238 0.822667 0.891459 0.82 0.891459 0.818667 0.88968 0.818667 0.893238 0.817333 0.895018 0.817333 0.898577 0.821333 0.903915 0.822667 0.903915 0.828 0.911032 0.828 0.912811 0.829333 0.914591 0.829333 0.918149 0.830667 0.919929 0.830667 0.921708 0.832 0.923488 0.832 0.927046 0.833333 0.928826 0.833333 0.932384 0.834667 0.934164 0.834667 0.939502 0.833333 0.941281 0.833333 0.946619 0.832 0.948399 0.832 0.950178 0.844 0.966192 0.845333 0.964413 0.849333 0.964413 0.850667 0.962633 0.854667 0.962633 0.856 0.960854 0.86 0.960854 0.861333 0.959075 0.865333 0.959075 0.865333 0.953737 0.864 0.951957 0.864 0.946619 0.866667 0.94306 0.868 0.94306 0.869333 0.941281 0.873333 0.941281 0.874667 0.94306 0.878667 0.94306 0.88 0.94484 0.882667 0.94484 0.884 0.946619 0.888 0.946619 0.889333 0.948399 0.904 0.928826 0.904 0.927046 0.902667 0.925267 0.902667 0.921708 0.901333 0.919929 0.901333 0.91637 0.9 0.914591 0.9 0.911032 0.898667 0.909253 0.898667 0.905694 0.897333 0.903915 0.897333 0.902135 0.898667 0.900356 0.902667 0.900356 0.904 0.898577 0.906667 0.898577 0.908 0.896797 0.912 0.896797 0.912 0.893238 0.913333 0.891459 0.913333 0.886121 0.914667 0.884342 0.914667 0.882562 0.910667 0.882562 0.909333 0.880783 0.906667 0.880783 0.905333 0.879004 0.901333 0.879004 0.9 0.877224 0.897333 0.877224 0.888 0.864769 0.888 0.854093 0.889333 0.852313 0.889333 0.841637 0.886667 0.841637 0.885333 0.839858 0.884 0.839858 0.882667 0.838078 0.88 0.838078 0.878667 0.836299 0.876 0.836299 0.874667 0.83452 0.873333 0.83452 0.872 0.83274 0.869333 0.83274 0.868 0.830961 0.866667 0.830961 0.865333 0.829181 0.862667 0.829181 0.861333 0.827402 0.86 0.827402 0.858667 0.825623 0.856 0.825623 0.854667 0.823843 0.853333 0.823843
1 0.685333 0.80605 0.685333 0.809609 0.684 0.811388 0.684 0.813167 0.686667 0.816726 0.688 0.816726 0.692 0.822064 0.696 0.822064 0.697333 0.823843 0.701333 0.823843 0.702667 0.825623 0.706667 0.825623 0.708 0.827402 0.708 0.818505 0.706667 0.818505 0.705333 0.816726 0.704 0.816726 0.702667 0.814947 0.701333 0.814947 0.7 0.813167 0.698667 0.813167 0.697333 0.811388 0.696 0.811388 0.694667 0.809609 0.693333 0.809609 0.692 0.807829 0.686667 0.807829
1 0.030667 0.765125 0.029333 0.766904 0.025333 0.766904 0.025333 0.768683 0.024 0.770463 0.024 0.772242 0.022667 0.774021 0.022667 0.775801 0.021333 0.77758 0.022667 0.779359 0.022667 0.781139 0.024 0.782918 0.029333 0.782918 0.030667 0.781139 0.032 0.781139 0.034667 0.77758 0.036 0.77758 0.034667 0.775801 0.034667 0.774021 0.033333 0.772242 0.033333 0.770463 0.032 0.768683 0.032 0.766904
1 0.553333 0.758007 0.553333 0.766904 0.554667 0.768683 0.554667 0.779359 0.556 0.781139 0.556 0.782918 0.557333 0.784698 0.557333 0.786477 0.558667 0.788256 0.558667 0.790036 0.56 0.791815 0.56 0.793594 0.561333 0.795374 0.561333 0.797153 0.562667 0.798932 0.562667 0.800712 0.564 0.802491 0.564 0.80427 0.565333 0.80605 0.565333 0.807829 0.564 0.809609 0.562667 0.809609 0.56 0.813167 0.558667 0.813167 0.557333 0.814947 0.556 0.814947 0.557333 0.816726 0.558667 0.816726 0.562667 0.822064 0.565333 0.818505 0.566667 0.818505 0.570667 0.813167 0.572 0.813167 0.576 0.807829 0.577333 0.807829 0.581333 0.802491 0.582667 0.802491 0.584 0.800712 0.584 0.790036 0.582667 0.791815 0.58 0.791815 0.578667 0.793594 0.576 0.793594 0.574667 0.795374 0.572 0.795374 0.570667 0.793594 0.570667 0.791815 0.568 0.788256 0.568 0.786477 0.569333 0.784698 0.586667 0.784698 0.586667 0.765125 0.581333 0.772242 0.58 0.772242 0.577333 0.775801 0.576 0.775801 0.574667 0.774021 0.573333 0.774021 0.570667 0.770463 0.569333 0.770463 0.568 0.768683 0.566667 0.768683 0.565333 0.766904 0.564 0.766904 0.562667 0.765125 0.561333 0.765125 0.558667 0.761566 0.557333 0.761566 0.556 0.759786 0.554667 0.759786
1 0.032 0.704626 0.024 0.715302 0.024 0.717082 0.025333 0.718861 0.025333 0.720641 0.026667 0.718861 0.029333 0.718861 0.030667 0.717082 0.032 0.717082 0.034667 0.713523 0.036 0.713523 0.036 0.709964 0.037333 0.708185 0.037333 0.706406 0.033333 0.706406
1 0.270667 0.660142 0.269333 0.661922 0.268 0.661922 0.266667 0.663701 0.265333 0.663701 0.264 0.66548 0.254667 0.66548 0.249333 0.672598 0.234667 0.672598 0.232 0.676157 0.230667 0.676157 0.230667 0.677936 0.229333 0.679715 0.229333 0.681495 0.233333 0.681495 0.234667 0.683274 0.236 0.681495 0.244 0.681495 0.245333 0.679715 0.253333 0.679715 0.254667 0.677936 0.261333 0.677936 0.262667 0.679715 0.262667 0.681495 0.264 0.683274 0.264 0.685053 0.265333 0.683274 0.266667 0.683274 0.268 0.681495 0.270667 0.681495 0.272 0.679715 0.273333 0.679715 0.274667 0.677936 0.276 0.677936 0.277333 0.676157 0.278667 0.676157 0.278667 0.674377 0.28 0.672598 0.28 0.670819 0.274667 0.670819 0.273333 0.669039 0.273333 0.66548 0.274667 0.663701 0.274667 0.661922 0.272 0.661922
1 0.654667 0.644128 0.653333 0.645907 0.652 0.645907 0.657333 0.653025 0.657333 0.654804 0.666667 0.66726 0.666667 0.669039 0.670667 0.674377 0.673333 0.670819 0.674667 0.670819
1 0.754667 0.63879 0.752 0.642349 0.750667 0.642349 0.746667 0.647687 0.745333 0.647687 0.744 0.649466 0.745333 0.649466 0.746667 0.651246 0.749333 0.651246 0.750667 0.653025 0.752 0.653025 0.753333 0.654804 0.756 0.654804 0.757333 0.656584 0.758667 0.656584 0.76 0.658363 0.76 0.647687 0.757333 0.644128 0.757333 0.642349
1 0.582667 0.633452 0.582667 0.637011 0.581333 0.63879 0.581333 0.642349 0.584 0.645907 0.584 0.647687 0.585333 0.649466 0.589333 0.649466 0.590667 0.651246 0.590667 0.640569 0.594667 0.635231 0.584 0.635231
1 0.896 0.624555 0.894667 0.626335 0.893333 0.626335 0.892 0.628114 0.889333 0.628114 0.892 0.631673 0.892 0.633452 0.893333 0.635231 0.892 0.637011 0.890667 0.637011 0.889333 0.63879 0.873333 0.63879 0.872 0.637011 0.868 0.637011 0.866667 0.635231 0.862667 0.635231 0.861333 0.633452 0.857333 0.633452 0.856 0.631673 0.852 0.631673 0.850667 0.629893 0.849333 0.631673 0.844 0.631673 0.849333 0.63879 0.86 0.63879 0.861333 0.640569 0.868 0.640569 0.869333 0.642349 0.876 0.642349 0.877333 0.644128 0.885333 0.644128 0.886667 0.645907 0.886667 0.649466 0.888 0.651246 0.888 0.660142 0.889333 0.661922 0.889333 0.66726 0.888 0.669039 0.88 0.669039 0.878667 0.670819 0.877333 0.670819 0.876 0.672598 0.873333 0.672598 0.872 0.674377 0.870667 0.674377 0.870667 0.676157 0.872 0.677936 0.872 0.681495 0.873333 0.681495 0.876 0.685053 0.877333 0.685053 0.88 0.688612 0.881333 0.688612 0.884 0.692171 0.885333 0.692171 0.886667 0.69395 0.886667 0.699288 0.885333 0.701068 0.885333 0.706406 0.888 0.709964 0.888 0.711744 0.894667 0.720641 0.894667 0.72242 0.9 0.729537 0.9 0.731317 0.914667 0.75089 0.916 0.75089 0.924 0.761566 0.924 0.763345 0.938667 0.782918 0.938667 0.784698 0.942667 0.790036 0.944 0.790036 0.946667 0.793594 0.948 0.793594 0.962667 0.813167 0.965333 0.813167 0.966667 0.814947 0.968 0.814947 0.969333 0.816726 0.986667 0.816726 0.988 0.818505 0.989333 0.818505 0.990667 0.820285 0.998667 0.820285 0.998667 0.74911 0.996 0.745552 0.996 0.743772 0.994667 0.741993 0.993333 0.741993 0.990667 0.738434 0.989333 0.738434 0.988 0.736655 0.984 0.736655 0.981333 0.733096 0.981333 0.731317 0.982667 0.729537 0.982667 0.727758 0.985333 0.724199 0.985333 0.72242 0.986667 0.720641 0.985333 0.72242 0.970667 0.72242 0.968 0.718861 0.966667 0.718861 0.953333 0.701068 0.953333 0.697509 0.954667 0.69573 0.954667 0.692171 0.958667 0.686833 0.958667 0.685053 0.96 0.683274 0.958667 0.683274 0.956 0.679715 0.954667 0.681495 0.953333 0.681495 0.952 0.683274 0.950667 0.683274 0.950667 0.686833 0.949333 0.688612 0.949333 0.690391 0.948 0.692171 0.938667 0.692171 0.936 0.688612 0.936 0.686833 0.932 0.681495 0.930667 0.681495 0.925333 0.674377 0.925333 0.672598 0.922667 0.669039 0.913333 0.669039 0.912 0.66726 0.912 0.654804 0.916 0.649466 0.917333 0.649466 0.918667 0.647687 0.917333 0.645907 0.916 0.645907 0.913333 0.642349 0.912 0.642349 0.909333 0.63879 0.908 0.63879 0.902667 0.631673 0.901333 0.631673
1 0.957333 0.620996 0.956 0.622776 0.954667 0.622776 0.953333 0.624555 0.950667 0.624555 0.949333 0.626335 0.948 0.626335 0.945333 0.629893 0.945333 0.631673 0.942667 0.635231 0.942667 0.637011 0.941333 0.63879 0.941333 0.642349 0.94 0.644128 0.94 0.645907 0.942667 0.649466 0.942667 0.651246 0.945333 0.654804 0.949333 0.654804 0.950667 0.656584 0.953333 0.656584 0.954667 0.658363 0.956 0.656584 0.957333 0.656584 0.96 0.653025 0.961333 0.653025 0.961333 0.651246 0.962667 0.649466 0.962667 0.647687 0.964 0.645907 0.964 0.644128 0.962667 0.642349 0.962667 0.640569 0.961333 0.63879 0.961333 0.633452 0.962667 0.631673 0.962667 0.628114
1 0.772 0.608541 0.770667 0.61032 0.770667 0.6121 0.768 0.615658 0.769333 0.615658 0.772 0.619217 0.773333 0.619217 0.776 0.622776 0.776 0.617438 0.777333 0.615658 0.777333 0.6121 0.776 0.6121 0.774667 0.61032 0.773333 0.61032
1 0.210667 0.601423 0.201333 0.613879 0.198667 0.613879 0.197333 0.615658 0.194667 0.615658 0.2 0.622776 0.209333 0.622776 0.210667 0.620996 0.213333 0.620996 0.213333 0.617438 0.212 0.615658 0.212 0.6121 0.213333 0.61032 0.213333 0.608541 0.214667 0.606762 0.214667 0.604982 0.216 0.603203 0.212 0.603203
1 0.749333 0.594306 0.749333 0.596085 0.750667 0.597865 0.750667 0.599644 0.752 0.601423 0.752 0.603203 0.753333 0.604982 0.753333 0.606762 0.754667 0.608541 0.754667 0.61032 0.765333 0.61032 0.765333 0.603203 0.758667 0.603203 0.756 0.599644 0.754667 0.599644 0.752 0.596085 0.750667 0.596085
1 0.7 0.594306 0.7 0.604982 0.698667 0.606762 0.697333 0.606762 0.694667 0.61032 0.693333 0.61032 0.692 0.6121 0.690667 0.6121 0.693333 0.6121 0.694667 0.613879 0.697333 0.613879 0.698667 0.615658 0.701333 0.615658 0.702667 0.617438 0.704 0.615658 0.705333 0.615658 0.708 0.6121 0.709333 0.6121 0.712 0.608541 0.713333 0.608541 0.713333 0.604982 0.712 0.603203 0.712 0.597865 0.706667 0.597865 0.705333 0.596085 0.701333 0.596085
1 0.328 0.588968 0.326667 0.590747 0.309333 0.590747 0.308 0.592527 0.289333 0.592527 0.289333 0.594306 0.290667 0.596085 0.290667 0.599644 0.304 0.599644 0.306667 0.603203 0.308 0.603203 0.310667 0.606762 0.312 0.606762 0.314667 0.61032 0.316 0.61032 0.318667 0.613879 0.317333 0.615658 0.312 0.615658 0.310667 0.617438 0.305333 0.617438 0.314667 0.617438 0.316 0.619217 0.325333 0.619217 0.326667 0.620996 0.329333 0.620996 0.330667 0.622776 0.333333 0.622776 0.334667 0.624555 0.338667 0.624555 0.34 0.626335 0.342667 0.626335 0.344 0.628114 0.346667 0.628114 0.348 0.629893 0.346667 0.631673 0.346667 0.633452 0.344 0.637011 0.344 0.63879 0.342667 0.640569 0.344 0.640569 0.346667 0.644128 0.348 0.644128 0.349333 0.645907 0.352 0.642349 0.353333 0.642349 0.356 0.63879 0.357333 0.63879 0.36 0.635231 0.361333 0.635231 0.366667 0.642349 0.374667 0.642349 0.373333 0.640569 0.373333 0.63879 0.372 0.637011 0.372 0.635231 0.370667 0.633452 0.370667 0.631673 0.361333 0.631673 0.36 0.629893 0.357333 0.629893 0.356 0.628114 0.353333 0.628114 0.352 0.626335 0.349333 0.626335 0.348 0.624555 0.345333 0.624555 0.344 0.622776 0.344 0.6121 0.341333 0.608541 0.341333 0.606762 0.338667 0.603203 0.338667 0.608541 0.336 0.6121 0.334667 0.61032 0.334667 0.608541 0.332 0.604982 0.332 0.608541 0.330667 0.61032 0.330667 0.6121 0.329333 0.613879 0.326667 0.61032 0.325333 0.61032 0.316 0.597865 0.317333 0.596085 0.328 0.596085
1 0.813333 0.571174 0.812 0.572954 0.798667 0.572954 0.797333 0.574733 0.785333 0.574733 0.785333 0.578292 0.784 0.580071 0.784 0.581851 0.788 0.581851 0.789333 0.58363 0.793333 0.578292 0.798667 0.578292 0.8 0.580071 0.801333 0.580071 0.802667 0.581851 0.804 0.580071 0.808 0.580071 0.809333 0.578292 0.813333 0.578292
1 0.012 0.571174 0.010667 0.572954 0.009333 0.572954 0.008 0.574733 0.006667 0.574733 0.006667 0.578292 0.005333 0.580071 0.005333 0.581851 0.014667 0.581851 0.016 0.580071 0.016 0.578292 0.018667 0.574733 0.016 0.574733 0.014667 0.572954 0.013333 0.572954
1 0.722667 0.569395 0.72 0.572954 0.718667 0.572954 0.72 0.574733 0.72 0.576512 0.721333 0.574733 0.734667 0.574733 0.736 0.576512 0.737333 0.576512 0.738667 0.578292 0.741333 0.578292 0.742667 0.580071 0.744 0.580071 0.745333 0.581851 0.746667 0.580071 0.750667 0.580071 0.752 0.578292 0.757333 0.578292 0.757333 0.576512 0.758667 0.574733 0.758667 0.572954 0.76 0.571174 0.76 0.569395 0.756 0.569395 0.754667 0.571174 0.753333 0.571174 0.752 0.572954 0.750667 0.572954 0.749333 0.574733 0.744 0.574733 0.742667 0.572954 0.738667 0.572954 0.737333 0.571174 0.732 0.571174 0.730667 0.569395
1 0.233333 0.546263 0.232 0.548043 0.229333 0.548043 0.228 0.549822 0.225333 0.549822 0.224 0.551601 0.221333 0.551601 0.22 0.553381 0.217333 0.553381 0.216 0.55516 0.213333 0.55516 0.212 0.55694 0.209333 0.55694 0.208 0.558719 0.205333 0.558719 0.205333 0.560498 0.206667 0.562278 0.206667 0.565836 0.210667 0.560498 0.216 0.560498 0.217333 0.558719 0.222667 0.558719 0.224 0.55694 0.230667 0.55694 0.232 0.55516 0.237333 0.55516 0.236 0.553381 0.236 0.551601 0.234667 0.549822 0.234667 0.548043
1 0.737333 0.544484 0.737333 0.549822 0.736 0.551601 0.736 0.55516 0.74 0.55516 0.741333 0.55694 0.741333 0.544484
1 0.254667 0.537367 0.253333 0.539146 0.253333 0.540925 0.246667 0.549822 0.246667 0.553381 0.245333 0.55516 0.245333 0.560498 0.244 0.562278 0.244 0.564057 0.242667 0.565836 0.241333 0.565836 0.24 0.567616 0.234667 0.567616 0.233333 0.569395 0.228 0.569395 0.226667 0.571174 0.225333 0.571174 0.224 0.572954 0.221333 0.572954 0.22 0.574733 0.218667 0.574733 0.217333 0.576512 0.214667 0.576512 0.213333 0.578292 0.212 0.578292 0.212 0.581851 0.213333 0.580071 0.225333 0.580071 0.226667 0.578292 0.234667 0.578292 0.236 0.576512 0.236 0.574733 0.238667 0.571174 0.242667 0.571174 0.244 0.572954 0.244 0.576512 0.242667 0.578292 0.238667 0.578292 0.238667 0.580071 0.24 0.581851 0.24 0.585409 0.241333 0.587189 0.241333 0.590747 0.24 0.592527 0.237333 0.592527 0.236 0.594306 0.232 0.594306 0.232 0.596085 0.233333 0.597865 0.233333 0.599644 0.234667 0.599644 0.237333 0.603203 0.238667 0.603203 0.24 0.604982 0.24 0.613879 0.237333 0.617438 0.236 0.617438 0.234667 0.619217 0.229333 0.619217 0.228 0.617438 0.228 0.622776 0.229333 0.624555 0.229333 0.628114 0.228 0.629893 0.208 0.629893 0.208 0.637011 0.209333 0.635231 0.221333 0.635231 0.222667 0.633452 0.236 0.633452 0.236 0.626335 0.237333 0.624555 0.238667 0.624555 0.24 0.622776 0.241333 0.622776 0.242667 0.620996 0.244 0.620996 0.245333 0.619217 0.246667 0.619217 0.246667 0.599644 0.248 0.597865 0.248 0.590747 0.246667 0.588968 0.246667 0.585409 0.250667 0.580071 0.250667 0.574733 0.252 0.572954 0.252 0.564057 0.253333 0.562278 0.253333 0.55694 0.256 0.553381 0.258667 0.553381 0.258667 0.548043 0.26 0.546263 0.26 0.542705 0.258667 0.540925 0.257333 0.540925
1 0.506667 0.519573 0.501333 0.52669 0.494667 0.52669 0.493333 0.524911 0.492 0.524911 0.489333 0.521352 0.488 0.523132 0.48 0.523132 0.481333 0.524911 0.481333 0.52669 0.482667 0.52847 0.482667 0.530249 0.484 0.532028 0.482667 0.533808 0.482667 0.535587 0.481333 0.537367 0.481333 0.540925 0.482667 0.542705 0.482667 0.548043 0.484 0.548043 0.485333 0.549822 0.488 0.549822 0.489333 0.551601 0.490667 0.551601 0.492 0.553381 0.493333 0.553381 0.494667 0.55516 0.496 0.55516 0.497333 0.55694 0.5 0.55694 0.501333 0.558719 0.502667 0.558719 0.504 0.560498 0.505333 0.560498 0.506667 0.562278 0.514667 0.551601 0.516 0.553381 0.516 0.55516 0.517333 0.55694 0.517333 0.558719 0.518667 0.560498 0.518667 0.562278 0.514667 0.567616 0.513333 0.567616 0.512 0.569395 0.501333 0.569395 0.5 0.567616 0.496 0.567616 0.494667 0.565836 0.490667 0.565836 0.489333 0.564057 0.486667 0.567616 0.494667 0.578292 0.494667 0.580071 0.493333 0.581851 0.493333 0.58363 0.492 0.585409 0.504 0.585409 0.505333 0.587189 0.508 0.587189 0.509333 0.588968 0.512 0.588968 0.514667 0.592527 0.514667 0.594306 0.52 0.601423 0.521333 0.601423 0.528 0.61032 0.529333 0.61032 0.530667 0.6121 0.532 0.6121 0.533333 0.613879 0.534667 0.613879 0.536 0.615658 0.541333 0.615658 0.54 0.613879 0.538667 0.613879 0.534667 0.608541 0.533333 0.608541 0.532 0.606762 0.533333 0.604982 0.541333 0.604982 0.541333 0.601423 0.544 0.597865 0.554667 0.597865 0.556 0.599644 0.557333 0.597865 0.562667 0.604982 0.568 0.604982 0.569333 0.603203 0.570667 0.603203 0.572 0.601423 0.574667 0.601423 0.576 0.599644 0.577333 0.599644 0.578667 0.597865 0.582667 0.597865 0.584 0.596085 0.589333 0.596085 0.590667 0.594306 0.593333 0.594306 0.593333 0.58363 0.594667 0.581851 0.594667 0.572954 0.593333 0.572954 0.592 0.571174 0.590667 0.571174 0.589333 0.569395 0.588 0.569395 0.586667 0.567616 0.585333 0.567616 0.582667 0.564057 0.581333 0.564057 0.58 0.562278 0.578667 0.562278 0.577333 0.560498 0.576 0.560498 0.574667 0.558719 0.573333 0.558719 0.572 0.55694 0.569333 0.55694 0.568 0.55516 0.566667 0.55516 0.565333 0.553381 0.562667 0.553381 0.561333 0.551601 0.56 0.551601 0.558667 0.549822 0.556 0.549822 0.554667 0.548043 0.553333 0.548043 0.552 0.546263 0.550667 0.546263 0.548 0.542705 0.546667 0.542705 0.545333 0.540925 0.544 0.540925 0.538667 0.533808 0.537333 0.533808 0.532 0.52669 0.525333 0.52669 0.524 0.524911 0.524 0.532028 0.522667 0.533808 0.522667 0.539146 0.521333 0.540925 0.52 0.540925 0.517333 0.544484 0.516 0.542705 0.516 0.530249 0.517333 0.52847 0.517333 0.52669 0.518667 0.524911 0.518667 0.523132 0.517333 0.521352 0.517333 0.519573
1 0.374667 0.5 0.373333 0.501779 0.368 0.501779 0.366667 0.503559 0.361333 0.503559 0.36 0.505338 0.358667 0.505338 0.357333 0.507117 0.354667 0.507117 0.354667 0.512456 0.356 0.512456 0.357333 0.514235 0.358667 0.514235 0.36 0.516014 0.361333 0.516014 0.362667 0.517794 0.362667 0.519573 0.361333 0.521352 0.361333 0.523132 0.36 0.524911 0.366667 0.533808 0.366667 0.539146 0.365333 0.540925 0.364 0.539146 0.349333 0.539146 0.348 0.537367 0.349333 0.535587 0.349333 0.533808 0.350667 0.532028 0.350667 0.530249 0.348 0.530249 0.346667 0.52847 0.344 0.52847 0.342667 0.52669 0.318667 0.52669 0.317333 0.524911 0.316 0.52669 0.314667 0.52669 0.313333 0.52847 0.312 0.52847 0.313333 0.530249 0.313333 0.532028 0.314667 0.533808 0.314667 0.535587 0.32 0.535587 0.321333 0.537367 0.321333 0.540925 0.32 0.542705 0.32 0.546263 0.321333 0.546263 0.324 0.549822 0.324 0.548043 0.325333 0.546263 0.325333 0.544484 0.328 0.540925 0.332 0.540925 0.337333 0.548043 0.337333 0.549822 0.336 0.551601 0.336 0.55516 0.334667 0.55694 0.334667 0.558719 0.333333 0.560498 0.333333 0.562278 0.332 0.564057 0.334667 0.567616 0.334667 0.569395 0.337333 0.572954 0.338667 0.571174 0.34 0.571174 0.341333 0.569395 0.356 0.569395 0.357333 0.571174 0.36 0.571174 0.361333 0.572954 0.365333 0.572954 0.366667 0.574733 0.366667 0.587189 0.368 0.588968 0.368 0.590747 0.366667 0.592527 0.364 0.592527 0.362667 0.594306 0.36 0.594306 0.36 0.597865 0.364 0.597865 0.365333 0.596085 0.368 0.596085 0.369333 0.594306 0.370667 0.594306 0.372 0.592527 0.374667 0.592527 0.376 0.590747 0.378667 0.590747 0.38 0.588968 0.381333 0.588968 0.384 0.585409 0.385333 0.585409 0.386667 0.58363 0.386667 0.581851 0.388 0.580071 0.388 0.578292 0.389333 0.576512 0.386667 0.576512 0.385333 0.574733 0.384 0.574733 0.382667 0.572954 0.38 0.572954 0.376 0.567616 0.376 0.565836 0.377333 0.564057 0.378667 0.564057 0.38 0.565836 0.384 0.565836 0.385333 0.567616 0.385333 0.565836 0.386667 0.564057 0.386667 0.562278 0.388 0.560498 0.388 0.558719 0.389333 0.55694 0.393333 0.55694 0.394667 0.558719 0.396 0.558719 0.4 0.564057 0.4 0.565836 0.401333 0.567616 0.401333 0.569395 0.402667 0.571174 0.402667 0.572954 0.404 0.574733 0.404 0.58363 0.406667 0.58363 0.408 0.585409 0.408 0.58363 0.409333 0.581851 0.409333 0.572954 0.408 0.571174 0.408 0.569395 0.409333 0.567616 0.416 0.567616 0.417333 0.569395 0.418667 0.569395 0.421333 0.572954 0.424 0.569395 0.424 0.567616 0.428 0.562278 0.436 0.562278 0.437333 0.560498 0.438667 0.560498 0.44 0.558719 0.441333 0.558719 0.438667 0.55516 0.438667 0.553381 0.437333 0.551601 0.434667 0.551601 0.433333 0.549822 0.432 0.549822 0.430667 0.548043 0.433333 0.544484 0.434667 0.544484 0.438667 0.539146 0.44 0.539146 0.442667 0.535587 0.445333 0.535587 0.445333 0.533808 0.444 0.532028 0.444 0.530249 0.442667 0.532028 0.441333 0.532028 0.438667 0.535587 0.437333 0.535587 0.436 0.537367 0.434667 0.537367 0.433333 0.539146 0.432 0.539146 0.429333 0.542705 0.428 0.542705 0.424 0.548043 0.42 0.548043 0.416 0.542705 0.412 0.542705 0.410667 0.540925 0.408 0.540925 0.406667 0.539146 0.405333 0.539146 0.397333 0.52847 0.396 0.52847 0.394667 0.52669 0.393333 0.52669 0.392 0.524911 0.382667 0.524911 0.381333 0.523132 0.373333 0.523132 0.370667 0.519573 0.370667 0.517794 0.369333 0.516014 0.372 0.512456 0.373333 0.512456 0.376 0.508897 0.377333 0.508897 0.377333 0.507117 0.376 0.505338 0.376 0.503559 0.374667 0.501779
1 0.698667 0.459075 0.697333 0.460854 0.690667 0.460854 0.688 0.464413 0.686667 0.464413 0.692 0.47153 0.693333 0.47153 0.696 0.475089 0.7 0.475089 0.705333 0.482206 0.710667 0.482206 0.712 0.483986 0.716 0.483986 0.717333 0.485765 0.72 0.485765 0.721333 0.487544 0.722667 0.485765 0.725333 0.485765 0.726667 0.483986 0.729333 0.483986 0.729333 0.480427 0.730667 0.478648 0.730667 0.475089 0.729333 0.475089 0.728 0.47331 0.726667 0.47331 0.725333 0.47153 0.714667 0.47153 0.713333 0.469751 0.713333 0.467972 0.712 0.466192 0.712 0.464413 0.710667 0.464413 0.709333 0.462633 0.708 0.462633 0.706667 0.460854 0.705333 0.460854 0.704 0.459075
1 0.253333 0.437722 0.252 0.439502 0.250667 0.439502 0.249333 0.441281 0.248 0.441281 0.248 0.44306 0.246667 0.44484 0.246667 0.448399 0.244 0.451957 0.238667 0.451957 0.237333 0.450178 0.230667 0.450178 0.229333 0.448399 0.228 0.448399 0.226667 0.446619 0.225333 0.446619 0.222667 0.44306 0.221333 0.44306 0.22 0.441281 0.22 0.44306 0.218667 0.44484 0.218667 0.446619 0.224 0.453737 0.228 0.453737 0.229333 0.455516 0.232 0.455516 0.233333 0.457295 0.237333 0.457295 0.238667 0.459075 0.241333 0.459075 0.242667 0.460854 0.244 0.460854 0.245333 0.462633 0.248 0.462633 0.249333 0.464413 0.250667 0.464413 0.252 0.466192 0.252 0.467972 0.253333 0.469751 0.253333 0.47153 0.254667 0.47331 0.253333 0.475089 0.234667 0.475089 0.234667 0.480427 0.233333 0.482206 0.233333 0.483986 0.232 0.485765 0.22 0.485765 0.218667 0.487544 0.217333 0.487544 0.216 0.489324 0.214667 0.489324 0.213333 0.491103 0.212 0.491103 0.210667 0.492883 0.209333 0.492883 0.208 0.491103 0.208 0.478648 0.209333 0.476868 0.209333 0.475089 0.208 0.475089 0.205333 0.47153 0.205333 0.47331 0.204 0.475089 0.204 0.476868 0.202667 0.478648 0.202667 0.480427 0.201333 0.482206 0.190667 0.482206 0.189333 0.480427 0.189333 0.485765 0.188 0.487544 0.169333 0.487544 0.169333 0.489324 0.168 0.491103 0.168 0.492883 0.166667 0.494662 0.166667 0.496441 0.162667 0.501779 0.153333 0.501779 0.152 0.5 0.152 0.501779 0.150667 0.503559 0.150667 0.505338 0.153333 0.508897 0.153333 0.510676 0.157333 0.516014 0.157333 0.517794 0.158667 0.519573 0.161333 0.519573 0.162667 0.521352 0.165333 0.521352 0.166667 0.523132 0.169333 0.523132 0.170667 0.524911 0.176 0.524911 0.177333 0.52669 0.181333 0.52669 0.182667 0.52847 0.184 0.52669 0.193333 0.52669 0.194667 0.524911 0.196 0.524911 0.197333 0.523132 0.198667 0.523132 0.201333 0.519573 0.202667 0.519573 0.204 0.517794 0.205333 0.517794 0.205333 0.512456 0.208 0.508897 0.209333 0.508897 0.209333 0.505338 0.210667 0.503559 0.210667 0.5 0.212 0.498221 0.212 0.496441 0.213333 0.494662 0.217333 0.494662 0.218667 0.496441 0.218667 0.498221 0.22 0.5 0.22 0.501779 0.221333 0.503559 0.22 0.505338 0.218667 0.505338 0.216 0.508897 0.214667 0.508897 0.214667 0.510676 0.212 0.514235 0.212 0.516014 0.213333 0.517794 0.213333 0.519573 0.221333 0.519573 0.226667 0.512456 0.229333 0.512456 0.230667 0.514235 0.232 0.514235 0.233333 0.516014 0.236 0.516014 0.237333 0.517794 0.238667 0.516014 0.242667 0.516014 0.244 0.514235 0.249333 0.514235 0.246667 0.510676 0.246667 0.508897 0.244 0.505338 0.253333 0.492883 0.256 0.492883 0.257333 0.494662 0.258667 0.494662 0.26 0.496441 0.26 0.498221 0.261333 0.5 0.261333 0.501779 0.262667 0.503559 0.262667 0.507117 0.261333 0.508897 0.261333 0.510676 0.26 0.512456 0.262667 0.516014 0.264 0.516014 0.266667 0.519573 0.268 0.519573 0.269333 0.521352 0.284 0.521352 0.285333 0.523132 0.293333 0.523132 0.294667 0.524911 0.296 0.523132 0.298667 0.523132 0.3 0.521352 0.304 0.521352 0.3 0.521352 0.298667 0.519573 0.294667 0.519573 0.293333 0.517794 0.293333 0.516014 0.296 0.512456 0.305333 0.512456 0.306667 0.514235 0.308 0.514235 0.309333 0.516014 0.312 0.516014 0.313333 0.517794 0.321333 0.517794 0.322667 0.519573 0.324 0.517794 0.325333 0.517794 0.326667 0.516014 0.328 0.516014 0.326667 0.516014 0.325333 0.514235 0.324 0.514235 0.322667 0.512456 0.321333 0.512456 0.32 0.510676 0.32 0.508897 0.321333 0.507117 0.321333 0.505338 0.322667 0.503559 0.322667 0.501779 0.324 0.5 0.329333 0.5 0.330667 0.501779 0.332 0.501779 0.333333 0.503559 0.338667 0.503559 0.34 0.505338 0.345333 0.505338 0.346667 0.507117 0.348 0.505338 0.352 0.505338 0.352 0.503559 0.353333 0.501779 0.353333 0.498221 0.354667 0.496441 0.354667 0.485765 0.356 0.483986 0.342667 0.483986 0.341333 0.482206 0.334667 0.482206 0.333333 0.480427 0.326667 0.480427 0.325333 0.478648 0.324 0.480427 0.321333 0.480427 0.32 0.482206 0.316 0.482206 0.313333 0.478648 0.313333 0.476868 0.312 0.475089 0.312 0.47331 0.310667 0.47153 0.310667 0.467972 0.309333 0.466192 0.309333 0.464413 0.308 0.466192 0.306667 0.466192 0.304 0.469751 0.302667 0.469751 0.302667 0.475089 0.304 0.476868 0.304 0.483986 0.302667 0.485765 0.301333 0.485765 0.3 0.483986 0.3 0.482206 0.298667 0.480427 0.298667 0.475089 0.297333 0.47331 0.297333 0.467972 0.296 0.466192 0.296 0.464413 0.294667 0.466192 0.290667 0.466192 0.290667 0.469751 0.289333 0.47153 0.289333 0.476868 0.288 0.478648 0.288 0.482206 0.293333 0.489324 0.292 0.491103 0.289333 0.491103 0.288 0.492883 0.276 0.492883 0.274667 0.491103 0.269333 0.491103 0.268 0.489324 0.264 0.489324 0.262667 0.487544 0.262667 0.482206 0.264 0.480427 0.264 0.476868 0.262667 0.475089 0.262667 0.47331 0.261333 0.47153 0.262667 0.469751 0.269333 0.469751 0.270667 0.467972 0.272 0.467972 0.274667 0.464413 0.28 0.464413 0.281333 0.466192 0.284 0.466192 0.285333 0.467972 0.284 0.466192 0.284 0.464413 0.282667 0.462633 0.282667 0.460854 0.284 0.459075 0.290667 0.459075 0.289333 0.459075 0.286667 0.455516 0.285333 0.455516 0.281333 0.450178 0.28 0.450178 0.276 0.44484 0.274667 0.446619 0.268 0.446619 0.266667 0.448399 0.264 0.448399 0.262667 0.450178 0.261333 0.450178 0.26 0.451957 0.254667 0.451957 0.253333 0.450178
1 0.729333 0.434164 0.729333 0.439502 0.728 0.441281 0.728 0.446619 0.729333 0.448399 0.729333 0.450178 0.730667 0.451957 0.730667 0.453737 0.733333 0.453737 0.734667 0.455516 0.736 0.455516 0.737333 0.457295 0.74 0.457295 0.741333 0.459075 0.744 0.459075 0.745333 0.460854 0.746667 0.460854 0.748 0.462633 0.750667 0.462633 0.752 0.464413 0.753333 0.464413 0.754667 0.466192 0.756 0.464413 0.757333 0.464413 0.758667 0.462633 0.761333 0.462633 0.761333 0.460854 0.76 0.459075 0.76 0.453737 0.758667 0.451957 0.758667 0.448399 0.754667 0.448399 0.753333 0.446619 0.749333 0.446619 0.746667 0.44306 0.746667 0.441281 0.745333 0.439502 0.741333 0.439502 0.74 0.437722 0.736 0.437722 0.734667 0.435943 0.730667 0.435943
1 0.358667 0.432384 0.357333 0.434164 0.354667 0.434164 0.353333 0.435943 0.352 0.435943 0.350667 0.437722 0.348 0.437722 0.348 0.439502 0.349333 0.441281 0.349333 0.44484 0.357333 0.44484 0.36 0.441281 0.361333 0.441281 0.362667 0.439502 0.376 0.439502 0.376 0.435943 0.368 0.435943 0.366667 0.434164 0.36 0.434164
1 0.322667 0.421708 0.322667 0.427046 0.324 0.428826 0.324 0.434164 0.325333 0.432384 0.333333 0.432384 0.333333 0.430605 0.334667 0.428826 0.334667 0.427046 0.336 0.425267 0.330667 0.425267 0.329333 0.423488 0.324 0.423488
1 0.76 0.419929 0.76 0.421708 0.758667 0.423488 0.758667 0.425267 0.757333 0.427046 0.757333 0.428826 0.761333 0.428826 0.762667 0.430605 0.765333 0.430605 0.766667 0.432384 0.768 0.432384 0.769333 0.434164 0.770667 0.434164 0.772 0.435943 0.773333 0.435943 0.774667 0.437722 0.776 0.437722 0.777333 0.439502 0.778667 0.439502 0.78 0.441281 0.781333 0.441281 0.782667 0.44306 0.784 0.44306 0.785333 0.44484 0.786667 0.44484 0.788 0.446619 0.792 0.446619 0.793333 0.448399 0.796 0.448399 0.797333 0.450178 0.801333 0.450178 0.802667 0.451957 0.801333 0.453737 0.8 0.453737 0.797333 0.457295 0.796 0.457295 0.796 0.460854 0.797333 0.462633 0.797333 0.466192 0.804 0.466192 0.806667 0.462633 0.814667 0.462633 0.817333 0.466192 0.818667 0.466192 0.821333 0.469751 0.822667 0.469751 0.825333 0.47331 0.826667 0.47331 0.829333 0.476868 0.830667 0.476868 0.833333 0.480427 0.834667 0.480427 0.836 0.482206 0.837333 0.482206 0.838667 0.483986 0.84 0.483986 0.841333 0.485765 0.842667 0.485765 0.844 0.487544 0.845333 0.487544 0.846667 0.489324 0.850667 0.489324 0.852 0.491103 0.856 0.491103 0.857333 0.492883 0.86 0.492883 0.861333 0.494662 0.865333 0.494662 0.869333 0.5 0.870667 0.5 0.874667 0.505338 0.876 0.505338 0.878667 0.508897 0.88 0.508897 0.882667 0.512456 0.884 0.512456 0.886667 0.516014 0.888 0.516014 0.890667 0.519573 0.892 0.519573 0.894667 0.523132 0.896 0.523132 0.902667 0.532028 0.904 0.530249 0.924 0.530249 0.925333 0.532028 0.941333 0.532028 0.942667 0.533808 0.944 0.533808 0.945333 0.535587 0.946667 0.535587 0.948 0.537367 0.949333 0.537367 0.950667 0.539146 0.952 0.539146 0.953333 0.540925 0.96 0.540925 0.961333 0.542705 0.966667 0.542705 0.968 0.544484 0.974667 0.544484 0.976 0.546263 0.976 0.544484 0.974667 0.542705 0.974667 0.540925 0.972 0.540925 0.970667 0.539146 0.968 0.539146 0.966667 0.537367 0.965333 0.537367 0.964 0.535587 0.961333 0.535587 0.96 0.533808 0.96 0.532028 0.958667 0.530249 0.96 0.52847 0.962667 0.52847 0.964 0.530249 0.968 0.530249 0.969333 0.532028 0.972 0.532028 0.973333 0.533808 0.977333 0.533808 0.978667 0.535587 0.982667 0.535587 0.984 0.537367 0.988 0.537367 0.989333 0.539146 0.993333 0.539146 0.994667 0.540925 0.998667 0.540925 0.998667 0.514235 0.98 0.514235 0.978667 0.512456 0.976 0.512456 0.974667 0.510676 0.970667 0.510676 0.969333 0.508897 0.953333 0.508897 0.950667 0.505338 0.950667 0.503559 0.949333 0.501779 0.949333 0.5 0.948 0.498221 0.94 0.498221 0.938667 0.496441 0.932 0.496441 0.930667 0.494662 0.917333 0.494662 0.916 0.492883 0.904 0.492883 0.902667 0.491103 0.898667 0.491103 0.897333 0.489324 0.893333 0.489324 0.892 0.487544 0.889333 0.487544 0.888 0.485765 0.884 0.485765 0.882667 0.483986 0.884 0.482206 0.888 0.482206 0.889333 0.480427 0.894667 0.480427 0.894667 0.476868 0.893333 0.475089 0.893333 0.469751 0.892 0.469751 0.890667 0.467972 0.889333 0.467972 0.886667 0.464413 0.885333 0.464413 0.884 0.462633 0.882667 0.462633 0.881333 0.460854 0.88 0.462633 0.869333 0.462633 0.866667 0.466192 0.866667 0.467972 0.864 0.47153 0.862667 0.47153 0.861333 0.469751 0.86 0.469751 0.858667 0.467972 0.858667 0.464413 0.86 0.462633 0.86 0.460854 0.858667 0.460854 0.856 0.457295 0.854667 0.457295 0.852 0.453737 0.850667 0.453737 0.849333 0.451957 0.84 0.451957 0.838667 0.450178 0.834667 0.450178 0.833333 0.448399 0.830667 0.448399 0.829333 0.446619 0.825333 0.446619 0.824 0.44484 0.822667 0.446619 0.822667 0.448399 0.821333 0.450178 0.82 0.450178 0.818667 0.448399 0.818667 0.44484 0.816 0.44484 0.814667 0.44306 0.812 0.44306 0.810667 0.441281 0.808 0.441281 0.806667 0.439502 0.804 0.439502 0.802667 0.437722 0.8 0.437722 0.798667 0.435943 0.796 0.435943 0.794667 0.434164 0.792 0.434164 0.790667 0.432384 0.788 0.432384 0.786667 0.430605 0.782667 0.430605 0.781333 0.428826 0.778667 0.428826 0.777333 0.427046 0.774667 0.427046 0.773333 0.425267 0.770667 0.425267 0.769333 0.423488 0.765333 0.423488 0.764 0.421708 0.761333 0.421708
1 0.306667 0.403915 0.304 0.407473 0.304 0.409253 0.3 0.414591 0.302667 0.418149 0.304 0.418149 0.308 0.423488 0.310667 0.423488 0.312 0.425267 0.314667 0.425267 0.316 0.427046 0.317333 0.425267 0.317333 0.423488 0.32 0.419929 0.313333 0.411032 0.312 0.411032
1 0.353333 0.382562 0.352 0.384342 0.352 0.386121 0.350667 0.3879 0.353333 0.391459 0.353333 0.393238 0.356 0.396797 0.357333 0.395018 0.358667 0.395018 0.36 0.393238 0.362667 0.393238 0.364 0.391459 0.365333 0.391459 0.364 0.391459 0.362667 0.38968 0.361333 0.38968 0.358667 0.386121 0.357333 0.386121 0.356 0.384342 0.354667 0.384342
1 0.621333 0.370107 0.616 0.377224 0.614667 0.377224 0.612 0.380783 0.610667 0.380783 0.609333 0.382562 0.602667 0.382562 0.602667 0.38968 0.606667 0.395018 0.606667 0.396797 0.613333 0.405694 0.614667 0.405694 0.622667 0.41637 0.622667 0.418149 0.624 0.419929 0.624 0.421708 0.626667 0.418149 0.628 0.419929 0.628 0.421708 0.626667 0.423488 0.626667 0.427046 0.630667 0.432384 0.642667 0.432384 0.644 0.434164 0.645333 0.432384 0.645333 0.430605 0.648 0.427046 0.653333 0.427046 0.654667 0.428826 0.66 0.428826 0.661333 0.430605 0.670667 0.430605 0.672 0.432384 0.673333 0.430605 0.676 0.430605 0.677333 0.428826 0.68 0.428826 0.684 0.423488 0.665333 0.423488 0.664 0.421708 0.661333 0.421708 0.66 0.419929 0.658667 0.419929 0.657333 0.418149 0.656 0.418149 0.654667 0.41637 0.653333 0.41637 0.650667 0.412811 0.649333 0.412811 0.648 0.411032 0.649333 0.409253 0.650667 0.409253 0.652 0.407473 0.654667 0.407473 0.654667 0.403915 0.656 0.402135 0.656 0.400356 0.644 0.400356 0.642667 0.398577 0.641333 0.398577 0.637333 0.393238 0.637333 0.391459 0.64 0.3879 0.642667 0.3879 0.644 0.38968 0.646667 0.38968 0.648 0.391459 0.652 0.391459 0.653333 0.393238 0.656 0.393238 0.657333 0.395018 0.665333 0.395018 0.666667 0.396797 0.672 0.396797 0.673333 0.398577 0.674667 0.398577 0.677333 0.402135 0.678667 0.400356 0.68 0.400356 0.681333 0.398577 0.682667 0.398577 0.678667 0.398577 0.677333 0.396797 0.672 0.396797 0.670667 0.395018 0.666667 0.395018 0.665333 0.393238 0.664 0.393238 0.661333 0.38968 0.66 0.38968 0.658667 0.3879 0.656 0.3879 0.654667 0.386121 0.652 0.386121 0.650667 0.384342 0.648 0.384342 0.646667 0.382562 0.641333 0.382562 0.64 0.380783 0.634667 0.380783 0.633333 0.379004 0.624 0.379004 0.622667 0.377224 0.622667 0.375445 0.624 0.373665 0.624 0.371886 0.622667 0.371886
1 0.253333 0.346975 0.252 0.348754 0.249333 0.348754 0.248 0.350534 0.228 0.350534 0.226667 0.352313 0.212 0.352313 0.213333 0.354093 0.214667 0.354093 0.22 0.36121 0.221333 0.36121 0.224 0.364769 0.222667 0.366548 0.218667 0.366548 0.217333 0.368327 0.213333 0.368327 0.212 0.370107 0.204 0.370107 0.202667 0.371886 0.201333 0.370107 0.197333 0.370107 0.196 0.368327 0.193333 0.368327 0.192 0.366548 0.188 0.366548 0.186667 0.364769 0.184 0.364769 0.182667 0.362989 0.178667 0.362989 0.177333 0.36121 0.174667 0.36121 0.173333 0.359431 0.169333 0.359431 0.168 0.357651 0.162667 0.357651 0.161333 0.355872 0.154667 0.355872 0.154667 0.357651 0.156 0.359431 0.156 0.362989 0.157333 0.364769 0.157333 0.366548 0.158667 0.366548 0.16 0.368327 0.161333 0.368327 0.162667 0.370107 0.164 0.370107 0.165333 0.371886 0.164 0.373665 0.153333 0.373665 0.152 0.371886 0.148 0.377224 0.14 0.377224 0.138667 0.379004 0.137333 0.379004 0.136 0.380783 0.134667 0.380783 0.133333 0.382562 0.132 0.382562 0.130667 0.384342 0.129333 0.384342 0.128 0.386121 0.126667 0.386121 0.125333 0.3879 0.116 0.3879 0.114667 0.386121 0.113333 0.3879 0.104 0.3879 0.101333 0.384342 0.097333 0.384342 0.096 0.382562 0.093333 0.382562 0.092 0.380783 0.090667 0.380783 0.089333 0.379004 0.086667 0.379004 0.085333 0.377224 0.084 0.377224 0.082667 0.375445 0.08 0.375445 0.078667 0.373665 0.077333 0.373665 0.076 0.371886 0.073333 0.371886 0.072 0.370107 0.070667 0.370107 0.069333 0.368327 0.065333 0.373665 0.064 0.373665 0.064 0.375445 0.061333 0.379004 0.061333 0.380783 0.058667 0.384342 0.050667 0.384342 0.049333 0.386121 0.038667 0.386121 0.037333 0.384342 0.036 0.384342 0.034667 0.382562 0.033333 0.384342 0.032 0.384342 0.030667 0.386121 0.029333 0.386121 0.028 0.3879 0.02 0.3879 0.018667 0.386121 0.018667 0.384342 0.02 0.382562 0.02 0.379004 0.018667 0.380783 0.017333 0.380783 0.016 0.382562 0.014667 0.382562 0.013333 0.384342 0.012 0.384342 0.009333 0.3879 0.008 0.3879 0.006667 0.38968 0.0 0.38968 0.0 0.451957 0.001333 0.450178 0.002667 0.450178 0.004 0.448399 0.005333 0.448399 0.006667 0.446619 0.009333 0.446619 0.010667 0.44484 0.014667 0.44484 0.016 0.446619 0.02 0.441281 0.018667 0.439502 0.018667 0.437722 0.02 0.435943 0.021333 0.435943 0.022667 0.434164 0.025333 0.434164 0.026667 0.432384 0.028 0.432384 0.030667 0.428826 0.044 0.428826 0.045333 0.430605 0.054667 0.430605 0.056 0.432384 0.057333 0.432384 0.058667 0.434164 0.054667 0.439502 0.045333 0.439502 0.053333 0.450178 0.054667 0.448399 0.058667 0.448399 0.06 0.446619 0.065333 0.446619 0.065333 0.44484 0.066667 0.44306 0.066667 0.441281 0.068 0.439502 0.068 0.437722 0.070667 0.434164 0.074667 0.434164 0.076 0.432384 0.078667 0.432384 0.08 0.430605 0.084 0.430605 0.085333 0.428826 0.085333 0.427046 0.086667 0.425267 0.086667 0.423488 0.088 0.421708 0.097333 0.421708 0.098667 0.423488 0.104 0.41637 0.105333 0.41637 0.106667 0.414591 0.126667 0.414591 0.128 0.41637 0.128 0.418149 0.129333 0.419929 0.129333 0.421708 0.130667 0.423488 0.130667 0.425267 0.132 0.423488 0.133333 0.423488 0.134667 0.421708 0.136 0.421708 0.137333 0.419929 0.138667 0.419929 0.14 0.418149 0.141333 0.418149 0.142667 0.41637 0.148 0.41637 0.149333 0.414591 0.157333 0.414591 0.158667 0.41637 0.16 0.41637 0.161333 0.418149 0.164 0.418149 0.165333 0.419929 0.166667 0.419929 0.168 0.421708 0.170667 0.421708 0.172 0.423488 0.173333 0.423488 0.174667 0.425267 0.177333 0.421708 0.177333 0.419929 0.18 0.41637 0.173333 0.407473 0.174667 0.405694 0.182667 0.405694 0.184 0.403915 0.185333 0.405694 0.185333 0.407473 0.186667 0.409253 0.186667 0.411032 0.188 0.409253 0.189333 0.409253 0.190667 0.407473 0.193333 0.407473 0.193333 0.403915 0.192 0.402135 0.192 0.398577 0.193333 0.396797 0.194667 0.398577 0.196 0.398577 0.197333 0.400356 0.198667 0.400356 0.2 0.402135 0.2 0.407473 0.204 0.407473 0.205333 0.409253 0.214667 0.396797 0.216 0.396797 0.218667 0.400356 0.22 0.400356 0.221333 0.402135 0.221333 0.403915 0.222667 0.405694 0.222667 0.409253 0.224 0.407473 0.230667 0.407473 0.230667 0.405694 0.229333 0.403915 0.229333 0.398577 0.228 0.396797 0.228 0.393238 0.229333 0.391459 0.230667 0.391459 0.229333 0.38968 0.229333 0.3879 0.228 0.386121 0.228 0.384342 0.226667 0.382562 0.228 0.380783 0.229333 0.380783 0.232 0.377224 0.233333 0.377224 0.236 0.373665 0.237333 0.375445 0.237333 0.377224 0.238667 0.379004 0.238667 0.382562 0.24 0.384342 0.24 0.386121 0.238667 0.3879 0.237333 0.3879 0.234667 0.391459 0.233333 0.391459 0.252 0.391459 0.253333 0.393238 0.253333 0.400356 0.26 0.409253 0.277333 0.409253 0.276 0.409253 0.274667 0.407473 0.273333 0.407473 0.272 0.405694 0.270667 0.405694 0.269333 0.403915 0.268 0.403915 0.266667 0.402135 0.265333 0.402135 0.264 0.400356 0.264 0.398577 0.262667 0.396797 0.262667 0.393238 0.265333 0.38968 0.266667 0.38968 0.266667 0.3879 0.262667 0.382562 0.262667 0.380783 0.264 0.379004 0.264 0.375445 0.265333 0.373665 0.266667 0.375445 0.273333 0.375445 0.274667 0.377224 0.274667 0.380783 0.273333 0.382562 0.273333 0.386121 0.272 0.3879 0.269333 0.3879 0.276 0.3879 0.277333 0.38968 0.289333 0.38968 0.292 0.386121 0.294667 0.386121 0.296 0.3879 0.297333 0.3879 0.298667 0.38968 0.3 0.38968 0.301333 0.391459 0.302667 0.391459 0.304 0.393238 0.308 0.3879 0.306667 0.3879 0.304 0.384342 0.302667 0.384342 0.3 0.380783 0.298667 0.380783 0.297333 0.379004 0.289333 0.379004 0.288 0.377224 0.284 0.377224 0.282667 0.375445 0.28 0.375445 0.278667 0.373665 0.274667 0.373665 0.273333 0.371886 0.269333 0.371886 0.268 0.370107 0.262667 0.370107 0.261333 0.368327 0.257333 0.368327 0.256 0.366548 0.254667 0.366548 0.253333 0.364769 0.252 0.364769 0.250667 0.362989 0.249333 0.362989 0.248 0.36121 0.249333 0.359431 0.254667 0.359431 0.256 0.36121 0.266667 0.36121 0.268 0.362989 0.277333 0.362989 0.278667 0.364769 0.277333 0.362989 0.277333 0.36121 0.276 0.359431 0.276 0.357651 0.274667 0.355872 0.273333 0.355872 0.272 0.354093 0.269333 0.354093 0.268 0.352313 0.266667 0.352313 0.265333 0.350534 0.264 0.350534 0.262667 0.348754 0.254667 0.348754
1 0.332 0.336299 0.333333 0.338078 0.333333 0.339858 0.334667 0.341637 0.334667 0.343416 0.336 0.345196 0.336 0.348754 0.334667 0.350534 0.334667 0.354093 0.333333 0.355872 0.325333 0.355872 0.324 0.357651 0.322667 0.355872 0.322667 0.352313 0.32 0.352313 0.318667 0.354093 0.317333 0.352313 0.314667 0.352313 0.313333 0.350534 0.310667 0.350534 0.309333 0.348754 0.306667 0.348754 0.305333 0.346975 0.293333 0.346975 0.292 0.345196 0.290667 0.345196 0.289333 0.343416 0.288 0.343416 0.286667 0.341637 0.285333 0.341637 0.284 0.339858 0.276 0.339858 0.276 0.346975 0.278667 0.346975 0.28 0.348754 0.281333 0.348754 0.282667 0.350534 0.285333 0.350534 0.286667 0.352313 0.286667 0.355872 0.288 0.357651 0.288 0.362989 0.298667 0.362989 0.3 0.364769 0.305333 0.364769 0.306667 0.366548 0.309333 0.366548 0.310667 0.368327 0.312 0.368327 0.313333 0.370107 0.314667 0.368327 0.317333 0.368327 0.318667 0.366548 0.321333 0.366548 0.32 0.366548 0.318667 0.364769 0.317333 0.364769 0.314667 0.36121 0.316 0.359431 0.321333 0.359431 0.322667 0.36121 0.324 0.36121 0.325333 0.362989 0.328 0.362989 0.329333 0.364769 0.330667 0.364769 0.332 0.366548 0.333333 0.366548 0.334667 0.368327 0.336 0.366548 0.338667 0.366548 0.34 0.364769 0.344 0.364769 0.345333 0.362989 0.346667 0.362989 0.349333 0.359431 0.350667 0.359431 0.353333 0.355872 0.354667 0.355872 0.356 0.354093 0.356 0.350534 0.354667 0.348754 0.354667 0.345196 0.353333 0.345196 0.350667 0.341637 0.349333 0.341637 0.348 0.339858 0.345333 0.339858 0.344 0.338078 0.342667 0.338078 0.341333 0.336299
1 0.469333 0.325623 0.466667 0.329181 0.465333 0.329181 0.464 0.330961 0.456 0.330961 0.454667 0.329181 0.445333 0.329181 0.444 0.327402 0.442667 0.329181 0.442667 0.330961 0.44 0.33452 0.430667 0.33452 0.429333 0.33274 0.424 0.33274 0.422667 0.330961 0.421333 0.33274 0.421333 0.33452 0.42 0.336299 0.42 0.338078 0.418667 0.339858 0.408 0.339858 0.406667 0.341637 0.398667 0.341637 0.397333 0.343416 0.396 0.343416 0.393333 0.346975 0.392 0.346975 0.390667 0.348754 0.389333 0.348754 0.388 0.350534 0.369333 0.350534 0.369333 0.354093 0.368 0.355872 0.368 0.36121 0.366667 0.362989 0.366667 0.366548 0.368 0.366548 0.370667 0.370107 0.372 0.370107 0.374667 0.373665 0.376 0.373665 0.377333 0.375445 0.378667 0.373665 0.38 0.373665 0.381333 0.371886 0.382667 0.371886 0.384 0.370107 0.386667 0.370107 0.389333 0.373665 0.389333 0.375445 0.390667 0.377224 0.390667 0.379004 0.398667 0.379004 0.402667 0.384342 0.404 0.384342 0.408 0.38968 0.406667 0.391459 0.401333 0.391459 0.401333 0.393238 0.402667 0.395018 0.402667 0.396797 0.406667 0.396797 0.408 0.398577 0.410667 0.398577 0.412 0.400356 0.410667 0.402135 0.408 0.402135 0.406667 0.403915 0.404 0.403915 0.402667 0.405694 0.398667 0.405694 0.397333 0.407473 0.390667 0.407473 0.389333 0.405694 0.389333 0.396797 0.385333 0.396797 0.385333 0.402135 0.384 0.403915 0.384 0.409253 0.382667 0.411032 0.381333 0.411032 0.38 0.412811 0.382667 0.41637 0.382667 0.418149 0.384 0.419929 0.384 0.418149 0.385333 0.41637 0.385333 0.414591 0.386667 0.412811 0.390667 0.412811 0.392 0.414591 0.390667 0.41637 0.390667 0.418149 0.392 0.418149 0.393333 0.419929 0.393333 0.418149 0.394667 0.41637 0.394667 0.414591 0.396 0.412811 0.4 0.412811 0.401333 0.414591 0.404 0.411032 0.405333 0.411032 0.406667 0.409253 0.408 0.409253 0.410667 0.405694 0.412 0.405694 0.413333 0.403915 0.414667 0.403915 0.416 0.405694 0.416 0.409253 0.413333 0.412811 0.413333 0.414591 0.410667 0.418149 0.410667 0.421708 0.42 0.421708 0.421333 0.423488 0.429333 0.423488 0.430667 0.425267 0.430667 0.423488 0.429333 0.421708 0.429333 0.418149 0.428 0.41637 0.428 0.414591 0.426667 0.412811 0.426667 0.409253 0.428 0.407473 0.428 0.405694 0.429333 0.403915 0.433333 0.403915 0.434667 0.405694 0.438667 0.405694 0.44 0.407473 0.441333 0.407473 0.442667 0.409253 0.444 0.409253 0.445333 0.411032 0.445333 0.412811 0.444 0.414591 0.438667 0.414591 0.437333 0.412811 0.434667 0.41637 0.436 0.418149 0.437333 0.418149 0.44 0.421708 0.441333 0.421708 0.444 0.425267 0.448 0.425267 0.449333 0.427046 0.452 0.427046 0.453333 0.428826 0.457333 0.428826 0.458667 0.430605 0.466667 0.430605 0.468 0.432384 0.474667 0.432384 0.476 0.434164 0.476 0.435943 0.477333 0.437722 0.477333 0.439502 0.478667 0.441281 0.478667 0.44306 0.48 0.44484 0.48 0.446619 0.478667 0.448399 0.478667 0.450178 0.488 0.462633 0.488 0.464413 0.489333 0.466192 0.489333 0.467972 0.490667 0.467972 0.490667 0.466192 0.493333 0.462633 0.494667 0.464413 0.497333 0.464413 0.498667 0.466192 0.5 0.466192 0.501333 0.467972 0.504 0.467972 0.502667 0.466192 0.502667 0.462633 0.501333 0.460854 0.502667 0.459075 0.510667 0.459075 0.512 0.460854 0.512 0.455516 0.513333 0.453737 0.513333 0.450178 0.514667 0.448399 0.516 0.450178 0.517333 0.450178 0.52 0.453737 0.521333 0.453737 0.522667 0.455516 0.52 0.459075 0.52 0.460854 0.517333 0.464413 0.517333 0.466192 0.509333 0.476868 0.510667 0.478648 0.510667 0.480427 0.513333 0.483986 0.514667 0.483986 0.518667 0.489324 0.525333 0.489324 0.526667 0.491103 0.532 0.491103 0.533333 0.489324 0.54 0.489324 0.541333 0.491103 0.54 0.492883 0.54 0.494662 0.538667 0.496441 0.538667 0.5 0.54 0.501779 0.54 0.503559 0.541333 0.505338 0.541333 0.507117 0.542667 0.508897 0.542667 0.510676 0.544 0.512456 0.544 0.514235 0.545333 0.512456 0.546667 0.512456 0.548 0.510676 0.550667 0.510676 0.552 0.508897 0.558667 0.508897 0.56 0.510676 0.564 0.510676 0.565333 0.512456 0.566667 0.510676 0.566667 0.508897 0.569333 0.505338 0.569333 0.503559 0.570667 0.501779 0.581333 0.501779 0.581333 0.5 0.582667 0.498221 0.582667 0.496441 0.584 0.494662 0.584 0.485765 0.582667 0.483986 0.582667 0.476868 0.581333 0.475089 0.581333 0.47331 0.578667 0.469751 0.578667 0.467972 0.577333 0.466192 0.577333 0.464413 0.573333 0.459075 0.572 0.459075 0.568 0.453737 0.566667 0.455516 0.565333 0.455516 0.562667 0.459075 0.561333 0.459075 0.56 0.460854 0.558667 0.460854 0.56 0.462633 0.56 0.464413 0.561333 0.466192 0.561333 0.467972 0.562667 0.469751 0.561333 0.47153 0.557333 0.47153 0.556 0.47331 0.552 0.47331 0.550667 0.475089 0.546667 0.475089 0.545333 0.47331 0.544 0.47331 0.541333 0.469751 0.54 0.469751 0.538667 0.467972 0.537333 0.467972 0.536 0.466192 0.537333 0.464413 0.54 0.464413 0.541333 0.462633 0.541333 0.460854 0.544 0.457295 0.552 0.457295 0.553333 0.455516 0.557333 0.455516 0.557333 0.453737 0.558667 0.451957 0.558667 0.450178 0.556 0.450178 0.554667 0.448399 0.553333 0.448399 0.552 0.446619 0.549333 0.446619 0.546667 0.44306 0.545333 0.44306 0.544 0.441281 0.545333 0.439502 0.553333 0.439502 0.554667 0.441281 0.556 0.441281 0.558667 0.44484 0.56 0.44484 0.561333 0.446619 0.570667 0.446619 0.573333 0.44306 0.572 0.44306 0.570667 0.441281 0.569333 0.441281 0.566667 0.437722 0.568 0.435943 0.573333 0.435943 0.574667 0.437722 0.573333 0.435943 0.573333 0.434164 0.572 0.432384 0.573333 0.430605 0.573333 0.428826 0.572 0.427046 0.572 0.425267 0.569333 0.421708 0.569333 0.419929 0.568 0.418149 0.568 0.412811 0.569333 0.411032 0.574667 0.411032 0.577333 0.407473 0.578667 0.407473 0.578667 0.396797 0.577333 0.395018 0.577333 0.393238 0.576 0.391459 0.576 0.38968 0.574667 0.3879 0.574667 0.386121 0.573333 0.3879 0.557333 0.3879 0.556 0.386121 0.549333 0.386121 0.548 0.384342 0.548 0.379004 0.546667 0.377224 0.546667 0.371886 0.548 0.370107 0.549333 0.370107 0.549333 0.368327 0.548 0.366548 0.548 0.362989 0.532 0.362989 0.528 0.368327 0.517333 0.368327 0.516 0.366548 0.516 0.364769 0.514667 0.362989 0.516 0.36121 0.518667 0.36121 0.52 0.359431 0.524 0.359431 0.525333 0.357651 0.525333 0.355872 0.526667 0.354093 0.516 0.354093 0.514667 0.352313 0.510667 0.352313 0.509333 0.350534 0.505333 0.350534 0.504 0.348754 0.502667 0.348754 0.5 0.345196 0.498667 0.345196 0.496 0.341637 0.494667 0.341637 0.486667 0.330961 0.485333 0.330961 0.482667 0.327402 0.481333 0.327402 0.48 0.325623
