0 0.139394 0.907258 0.136364 0.91129 0.127273 0.91129 0.127273 0.915323 0.130303 0.919355 0.130303 0.927419 0.133333 0.927419 0.139394 0.935484 0.142424 0.935484 0.145455 0.939516 0.163636 0.939516 0.166667 0.935484 0.169697 0.935484 0.172727 0.931452 0.178788 0.931452 0.178788 0.927419 0.175758 0.923387 0.175758 0.915323 0.148485 0.915323 0.145455 0.91129 0.142424 0.91129
0 0.054545 0.899194 0.051515 0.903226 0.051515 0.907258 0.042424 0.919355 0.042424 0.923387 0.036364 0.931452 0.012121 0.931452 0.009091 0.927419 0.009091 0.935484 0.012121 0.939516 0.012121 0.951613 0.015152 0.947581 0.021212 0.947581 0.024242 0.943548 0.027273 0.943548 0.030303 0.939516 0.036364 0.939516 0.042424 0.931452 0.045455 0.931452 0.057576 0.915323 0.057576 0.91129 0.066667 0.899194
0 0.360606 0.895161 0.360606 0.91129 0.375758 0.91129 0.375758 0.895161
0 0.218182 0.879032 0.215152 0.883065 0.190909 0.883065 0.190909 0.891129 0.193939 0.895161 0.193939 0.903226 0.218182 0.903226
0 0.245455 0.875 0.245455 0.927419 0.263636 0.927419 0.263636 0.903226 0.266667 0.899194 0.266667 0.875
0 0.009091 0.798387 0.009091 0.802419 0.006061 0.806452 0.006061 0.810484 0.024242 0.810484 0.024242 0.806452 0.021212 0.802419 0.021212 0.798387
0 0.815152 0.733871 0.815152 0.737903 0.812121 0.741935 0.812121 0.745968 0.809091 0.75 0.812121 0.75 0.815152 0.754032 0.818182 0.754032 0.821212 0.758065 0.824242 0.758065 0.827273 0.762097 0.830303 0.762097 0.833333 0.766129 0.836364 0.766129 0.866667 0.806452 0.869697 0.802419 0.869697 0.798387 0.872727 0.794355 0.872727 0.78629 0.869697 0.782258 0.869697 0.774194 0.866667 0.770161 0.863636 0.770161 0.857576 0.762097 0.854545 0.762097 0.848485 0.754032 0.845455 0.754032 0.839394 0.745968 0.833333 0.745968 0.830303 0.741935 0.827273 0.741935 0.824242 0.737903 0.818182 0.737903
0 0.084848 0.717742 0.084848 0.729839 0.081818 0.733871 0.081818 0.741935 0.1 0.741935 0.1 0.717742
0 0.572727 0.705645 0.569697 0.709677 0.557576 0.709677 0.557576 0.729839 0.563636 0.729839 0.566667 0.733871 0.572727 0.733871 0.575758 0.737903 0.584848 0.725806 0.578788 0.717742 0.578788 0.71371
0 0.069697 0.685484 0.066667 0.689516 0.060606 0.689516 0.057576 0.693548 0.048485 0.693548 0.048485 0.697581 0.045455 0.701613 0.084848 0.701613 0.084848 0.685484
0 0.484848 0.608871 0.484848 0.616935 0.49697 0.616935 0.5 0.620968 0.5 0.616935 0.50303 0.612903 0.50303 0.608871
0 0.412121 0.604839 0.412121 0.612903 0.436364 0.612903 0.436364 0.604839
0 0.015152 0.572581 0.015152 0.580645 0.012121 0.584677 0.012121 0.592742 0.033333 0.592742 0.033333 0.572581
0 0.1 0.568548 0.1 0.572581 0.09697 0.576613 0.09697 0.580645 0.093939 0.584677 0.109091 0.584677 0.112121 0.58871 0.112121 0.584677 0.115152 0.580645 0.115152 0.576613 0.118182 0.572581 0.10303 0.572581
0 0.054545 0.560484 0.054545 0.568548 0.051515 0.572581 0.051515 0.580645 0.078788 0.580645 0.078788 0.572581 0.081818 0.568548 0.081818 0.560484
0 0.457576 0.544355 0.454545 0.548387 0.442424 0.548387 0.442424 0.556452 0.445455 0.560484 0.445455 0.572581 0.466667 0.572581 0.469697 0.568548 0.472727 0.568548 0.475758 0.564516 0.481818 0.564516 0.478788 0.560484 0.478788 0.556452 0.475758 0.552419 0.475758 0.548387 0.472727 0.544355
0 0.075758 0.532258 0.075758 0.544355 0.081818 0.544355 0.081818 0.532258
0 0.145455 0.512097 0.145455 0.520161 0.151515 0.520161 0.154545 0.524194 0.160606 0.524194 0.163636 0.528226 0.178788 0.528226 0.181818 0.532258 0.181818 0.512097
0 0.533333 0.5 0.533333 0.508065 0.551515 0.508065 0.551515 0.5
0 0.106061 0.455645 0.10303 0.459677 0.10303 0.46371 0.090909 0.479839 0.087879 0.479839 0.081818 0.487903 0.069697 0.487903 0.066667 0.483871 0.060606 0.483871 0.057576 0.479839 0.039394 0.479839 0.039394 0.491935 0.036364 0.495968 0.036364 0.504032 0.072727 0.504032 0.075758 0.508065 0.078788 0.504032 0.081818 0.504032 0.084848 0.5 0.087879 0.5 0.090909 0.495968 0.093939 0.495968 0.09697 0.491935 0.1 0.491935 0.10303 0.487903 0.106061 0.487903 0.109091 0.483871 0.121212 0.483871 0.121212 0.455645
0 0.278788 0.415323 0.275758 0.419355 0.263636 0.419355 0.260606 0.423387 0.245455 0.423387 0.242424 0.427419 0.236364 0.427419 0.233333 0.431452 0.227273 0.431452 0.224242 0.435484 0.218182 0.435484 0.215152 0.439516 0.209091 0.439516 0.209091 0.447581 0.206061 0.451613 0.206061 0.459677 0.242424 0.459677 0.245455 0.455645 0.257576 0.455645 0.260606 0.459677 0.266667 0.459677 0.269697 0.46371 0.275758 0.46371 0.278788 0.467742 0.284848 0.467742 0.287879 0.471774 0.293939 0.46371 0.293939 0.459677 0.3 0.451613 0.248485 0.451613 0.245455 0.447581 0.248485 0.443548 0.251515 0.443548 0.254545 0.439516 0.257576 0.439516 0.260606 0.435484 0.266667 0.435484 0.269697 0.431452 0.315152 0.431452 0.318182 0.435484 0.318182 0.427419 0.321212 0.423387 0.321212 0.419355 0.281818 0.419355
0 0.733333 0.403226 0.733333 0.419355 0.769697 0.419355 0.769697 0.403226
0 0.387879 0.403226 0.387879 0.41129 0.406061 0.41129 0.406061 0.403226
0 0.612121 0.387097 0.612121 0.403226 0.651515 0.403226 0.651515 0.387097
0 0.09697 0.383065 0.09697 0.399194 0.112121 0.399194 0.112121 0.383065
0 0.09697 0.346774 0.09697 0.350806 0.093939 0.354839 0.093939 0.358871 0.09697 0.354839 0.112121 0.354839 0.112121 0.346774
1 0.869697 0.524194 0.866667 0.528226 0.866667 0.532258 0.860606 0.540323 0.860606 0.544355 0.857576 0.548387 0.90303 0.548387 0.906061 0.552419 0.948485 0.552419 0.951515 0.556452 0.99697 0.556452 0.99697 0.528226 0.872727 0.528226
