0 0.382234 0.576302 0.378197 0.581688 0.376851 0.581688 0.375505 0.583483 0.376851 0.583483 0.379542 0.587074 0.380888 0.587074 0.382234 0.588869 0.38358 0.588869 0.386272 0.59246 0.387618 0.59246 0.388964 0.594255 0.39031 0.59246 0.393001 0.59246 0.394347 0.590664 0.397039 0.590664 0.395693 0.588869 0.394347 0.588869 0.391655 0.585278 0.39031 0.585278 0.386272 0.579892 0.384926 0.579892
0 0.484522 0.447038 0.483176 0.448833 0.479139 0.448833 0.477793 0.450628 0.475101 0.450628 0.473755 0.452424 0.469717 0.452424 0.462988 0.4614 0.462988 0.463196 0.456258 0.472172 0.460296 0.472172 0.461642 0.473968 0.46568 0.473968 0.467026 0.472172 0.468371 0.472172 0.472409 0.466786 0.473755 0.468582 0.476447 0.468582 0.477793 0.470377 0.479139 0.470377 0.480485 0.472172 0.483176 0.472172 0.484522 0.473968 0.487214 0.473968 0.48856 0.475763 0.491252 0.475763 0.492598 0.477558 0.496635 0.477558 0.497981 0.475763 0.497981 0.473968 0.504711 0.464991 0.504711 0.463196 0.508748 0.45781 0.506057 0.45781 0.504711 0.456014 0.502019 0.456014 0.500673 0.454219 0.497981 0.454219 0.496635 0.452424 0.493943 0.452424 0.492598 0.450628 0.489906 0.450628 0.48856 0.448833 0.485868 0.448833
0 0.51144 0.43447 0.510094 0.436266 0.507402 0.436266 0.506057 0.438061 0.502019 0.438061 0.504711 0.441652 0.504711 0.443447 0.507402 0.447038 0.508748 0.447038 0.51144 0.450628 0.512786 0.450628 0.514132 0.452424 0.515478 0.450628 0.51817 0.450628 0.519515 0.448833 0.522207 0.448833 0.523553 0.447038 0.526245 0.447038 0.524899 0.445242 0.524899 0.443447 0.523553 0.441652 0.523553 0.439856 0.522207 0.438061 0.515478 0.438061 0.514132 0.436266 0.512786 0.436266
0 0.569314 0.43088 0.567968 0.432675 0.562584 0.432675 0.561238 0.43447 0.554509 0.43447 0.551817 0.438061 0.550471 0.438061 0.550471 0.439856 0.549125 0.441652 0.549125 0.443447 0.565276 0.443447 0.565276 0.441652 0.566622 0.439856 0.566622 0.438061 0.567968 0.436266 0.567968 0.43447 0.569314 0.432675
0 0.596231 0.421903 0.59354 0.425494 0.592194 0.425494 0.589502 0.429084 0.588156 0.429084 0.58681 0.43088 0.588156 0.432675 0.589502 0.432675 0.59354 0.438061 0.594886 0.436266 0.596231 0.436266 0.597577 0.43447 0.598923 0.43447 0.600269 0.432675 0.601615 0.432675 0.602961 0.43088 0.604307 0.43088 0.605653 0.429084 0.606999 0.429084 0.608345 0.427289 0.60969 0.427289 0.606999 0.427289 0.605653 0.425494 0.601615 0.425494 0.600269 0.423698 0.597577 0.423698
0 0.461642 0.292639 0.460296 0.294434 0.45895 0.294434 0.457604 0.29623 0.456258 0.29623 0.454913 0.298025 0.453567 0.298025 0.450875 0.301616 0.449529 0.301616 0.448183 0.303411 0.446837 0.303411 0.445491 0.305206 0.444145 0.305206 0.448183 0.305206 0.449529 0.307002 0.453567 0.307002 0.454913 0.308797 0.460296 0.308797 0.460296 0.301616 0.461642 0.29982
0 0.870794 0.138241 0.868102 0.141831 0.866756 0.141831 0.864065 0.145422 0.862719 0.145422 0.86541 0.145422 0.866756 0.147217 0.868102 0.147217 0.869448 0.149013 0.87214 0.149013 0.873486 0.150808 0.873486 0.149013 0.874832 0.147217 0.874832 0.145422 0.876178 0.143627 0.876178 0.141831 0.877524 0.140036 0.87214 0.140036
0 0.847914 0.131059 0.847914 0.132855 0.846568 0.13465 0.846568 0.138241 0.845222 0.140036 0.845222 0.141831 0.853297 0.141831 0.854643 0.140036 0.857335 0.140036 0.858681 0.138241 0.861373 0.138241 0.861373 0.136445 0.860027 0.13465 0.860027 0.131059
0 0.036339 0.068223 0.034993 0.070018 0.02961 0.070018 0.028264 0.071813 0.021534 0.071813 0.021534 0.08079 0.043069 0.08079 0.043069 0.077199 0.044415 0.075404 0.044415 0.071813 0.043069 0.070018 0.043069 0.068223
0 0.423957 0.064632 0.422611 0.066427 0.418573 0.066427 0.417227 0.068223 0.417227 0.070018 0.415882 0.071813 0.415882 0.073609 0.41319 0.077199 0.41319 0.078995 0.411844 0.08079 0.411844 0.082585 0.410498 0.084381 0.410498 0.089767 0.409152 0.091562 0.409152 0.098743 0.407806 0.100539 0.40646 0.098743 0.401077 0.098743 0.399731 0.096948 0.394347 0.096948 0.393001 0.095153 0.379542 0.095153 0.378197 0.096948 0.370121 0.096948 0.370121 0.102334 0.38358 0.102334 0.384926 0.104129 0.39031 0.104129 0.391655 0.105925 0.395693 0.105925 0.397039 0.10772 0.402423 0.10772 0.403769 0.109515 0.409152 0.109515 0.414536 0.116697 0.415882 0.116697 0.421265 0.123878 0.441454 0.123878 0.445491 0.118492 0.446837 0.118492 0.452221 0.111311 0.453567 0.111311 0.454913 0.109515 0.456258 0.109515 0.457604 0.10772 0.45895 0.10772 0.460296 0.105925 0.461642 0.105925 0.462988 0.104129 0.464334 0.104129 0.46568 0.102334 0.467026 0.102334 0.467026 0.096948 0.46568 0.098743 0.462988 0.098743 0.461642 0.100539 0.460296 0.100539 0.45895 0.102334 0.457604 0.102334 0.456258 0.104129 0.454913 0.102334 0.454913 0.091562 0.453567 0.089767 0.453567 0.078995 0.448183 0.071813 0.448183 0.070018 0.444145 0.064632
0 0.531629 0.059246 0.526245 0.066427 0.526245 0.068223 0.520861 0.075404 0.527591 0.075404 0.528937 0.077199 0.535666 0.077199 0.537012 0.078995 0.538358 0.077199 0.542396 0.077199 0.543742 0.075404 0.547779 0.075404 0.543742 0.070018 0.542396 0.070018 0.537012 0.062837 0.535666 0.062837 0.53432 0.061041 0.532974 0.061041
1 0.33109 0.472172 0.329744 0.473968 0.321669 0.473968 0.320323 0.475763 0.312248 0.475763 0.310902 0.477558 0.302826 0.477558 0.302826 0.479354 0.30148 0.481149 0.30148 0.482944 0.302826 0.481149 0.327052 0.481149 0.328398 0.479354 0.328398 0.477558 0.329744 0.475763 0.329744 0.473968
1 0.472409 0.468582 0.468371 0.473968 0.467026 0.473968 0.46568 0.475763 0.46568 0.479354 0.464334 0.481149 0.464334 0.482944 0.46568 0.48474 0.46568 0.486535 0.467026 0.48833 0.467026 0.490126 0.469717 0.493716 0.469717 0.495512 0.471063 0.497307 0.471063 0.499102 0.472409 0.500898 0.473755 0.500898 0.475101 0.502693 0.477793 0.502693 0.479139 0.504488 0.480485 0.504488 0.48183 0.506284 0.484522 0.506284 0.485868 0.508079 0.487214 0.508079 0.48856 0.509874 0.491252 0.506284 0.492598 0.506284 0.495289 0.502693 0.496635 0.502693 0.499327 0.499102 0.500673 0.499102 0.503365 0.495512 0.504711 0.495512 0.506057 0.493716 0.506057 0.48474 0.503365 0.48474 0.502019 0.482944 0.500673 0.482944 0.499327 0.481149 0.496635 0.481149 0.495289 0.479354 0.492598 0.479354 0.491252 0.477558 0.48856 0.477558 0.487214 0.475763 0.484522 0.475763 0.483176 0.473968 0.480485 0.473968 0.479139 0.472172 0.477793 0.472172 0.476447 0.470377 0.473755 0.470377
1 0.279946 0.423698 0.2786 0.425494 0.274563 0.425494 0.273217 0.427289 0.270525 0.427289 0.269179 0.429084 0.265141 0.429084 0.263795 0.43088 0.259758 0.43088 0.258412 0.432675 0.257066 0.432675 0.25572 0.43447 0.254374 0.43447 0.251682 0.438061 0.250336 0.438061 0.248991 0.439856 0.247645 0.439856 0.243607 0.445242 0.243607 0.447038 0.239569 0.452424 0.239569 0.45781 0.238223 0.459605 0.238223 0.463196 0.243607 0.463196 0.244953 0.4614 0.244953 0.459605 0.246299 0.45781 0.246299 0.456014 0.247645 0.454219 0.247645 0.452424 0.248991 0.450628 0.248991 0.448833 0.251682 0.445242 0.253028 0.445242 0.25572 0.441652 0.257066 0.441652 0.259758 0.438061 0.261104 0.438061 0.26245 0.436266 0.265141 0.436266 0.266487 0.43447 0.269179 0.43447 0.270525 0.432675 0.274563 0.432675 0.275908 0.43088 0.2786 0.43088 0.2786 0.427289 0.279946 0.425494
1 0.635262 0.420108 0.633917 0.421903 0.628533 0.421903 0.627187 0.423698 0.623149 0.423698 0.621803 0.425494 0.61642 0.425494 0.615074 0.427289 0.611036 0.427289 0.60969 0.429084 0.608345 0.429084 0.606999 0.43088 0.605653 0.43088 0.604307 0.432675 0.602961 0.432675 0.601615 0.43447 0.600269 0.43447 0.598923 0.436266 0.597577 0.436266 0.596231 0.438061 0.594886 0.438061 0.59354 0.439856 0.590848 0.439856 0.589502 0.441652 0.588156 0.441652 0.58681 0.443447 0.585464 0.443447 0.584118 0.445242 0.582773 0.445242 0.581427 0.447038 0.580081 0.447038 0.578735 0.448833 0.576043 0.448833 0.574697 0.450628 0.573351 0.450628 0.572005 0.452424 0.570659 0.452424 0.569314 0.454219 0.567968 0.454219 0.566622 0.456014 0.565276 0.456014 0.566622 0.456014 0.567968 0.45781 0.570659 0.45781 0.572005 0.459605 0.573351 0.459605 0.574697 0.4614 0.577389 0.4614 0.578735 0.463196 0.580081 0.463196 0.581427 0.464991 0.582773 0.463196 0.584118 0.463196 0.58681 0.459605 0.588156 0.459605 0.590848 0.456014 0.592194 0.456014 0.594886 0.452424 0.596231 0.452424 0.598923 0.448833 0.600269 0.448833 0.601615 0.447038 0.604307 0.447038 0.605653 0.445242 0.60969 0.445242 0.611036 0.443447 0.613728 0.443447 0.615074 0.441652 0.619112 0.441652
1 0.05249 0.405745 0.051144 0.40754 0.049798 0.40754 0.047106 0.411131 0.04576 0.411131 0.044415 0.412926 0.043069 0.412926 0.040377 0.416517 0.039031 0.416517 0.037685 0.418312 0.036339 0.418312 0.033647 0.421903 0.025572 0.421903 0.018843 0.43088 0.024226 0.43088 0.025572 0.432675 0.030956 0.432675 0.032301 0.43447 0.033647 0.432675 0.036339 0.432675 0.037685 0.43088 0.039031 0.43088 0.040377 0.429084 0.043069 0.429084 0.044415 0.427289 0.04576 0.427289 0.047106 0.425494 0.049798 0.425494 0.051144 0.423698 0.05249 0.423698 0.053836 0.421903 0.056528 0.421903 0.060565 0.416517 0.060565 0.414722 0.064603 0.409336 0.059219 0.409336 0.057873 0.40754 0.053836 0.40754
1 0.759085 0.27289 0.757739 0.274686 0.757739 0.276481 0.756393 0.278276 0.769852 0.278276 0.771198 0.280072 0.784657 0.280072 0.786003 0.281867 0.786003 0.280072 0.787349 0.278276 0.787349 0.276481 0.788694 0.274686 0.788694 0.27289
1 0.078062 0.190305 0.076716 0.192101 0.074024 0.192101 0.072678 0.193896 0.071332 0.193896 0.069987 0.195691 0.067295 0.195691 0.065949 0.197487 0.063257 0.197487 0.061911 0.199282 0.036339 0.199282 0.033647 0.202873 0.033647 0.204668 0.02961 0.210054 0.030956 0.208259 0.036339 0.208259 0.037685 0.206463 0.043069 0.206463 0.044415 0.204668 0.049798 0.204668 0.051144 0.202873 0.055182 0.202873 0.056528 0.201077 0.061911 0.201077 0.063257 0.199282 0.068641 0.199282 0.069987 0.197487 0.07537 0.197487 0.07537 0.195691 0.076716 0.193896 0.076716 0.192101
1 0.916555 0.140036 0.915209 0.141831 0.90175 0.141831 0.900404 0.143627 0.885599 0.143627 0.886945 0.143627 0.889637 0.147217 0.890983 0.147217 0.893674 0.150808 0.89502 0.149013 0.90175 0.149013 0.903096 0.147217 0.911171 0.147217 0.912517 0.145422 0.919246 0.145422 0.9179 0.143627 0.9179 0.141831
1 0.944818 0.104129 0.943472 0.105925 0.938089 0.105925 0.936743 0.10772 0.932705 0.10772 0.931359 0.109515 0.925976 0.109515 0.92463 0.111311 0.909825 0.111311 0.908479 0.113106 0.89502 0.113106 0.89502 0.120287 0.893674 0.122083 0.893674 0.127469 0.89502 0.125673 0.90175 0.125673 0.903096 0.123878 0.911171 0.123878 0.912517 0.122083 0.919246 0.122083 0.920592 0.120287 0.92463 0.120287 0.925976 0.118492 0.930013 0.118492 0.931359 0.116697 0.936743 0.116697 0.938089 0.114901 0.942127 0.114901 0.943472 0.113106 0.981157 0.113106 0.982503 0.114901 0.982503 0.113106 0.981157 0.111311 0.981157 0.10772 0.975774 0.10772 0.974428 0.105925 0.97039 0.105925 0.969044 0.104129
1 0.48183 0.095153 0.480485 0.096948 0.476447 0.096948 0.476447 0.10772 0.475101 0.109515 0.475101 0.111311 0.473755 0.113106 0.487214 0.113106 0.48856 0.111311 0.489906 0.111311 0.491252 0.109515 0.492598 0.109515 0.493943 0.10772 0.496635 0.10772 0.497981 0.105925 0.499327 0.105925 0.499327 0.104129 0.500673 0.102334 0.500673 0.100539 0.491252 0.100539 0.489906 0.098743 0.487214 0.098743 0.485868 0.096948 0.483176 0.096948
1 0.753701 0.093357 0.752355 0.095153 0.752355 0.096948 0.749664 0.100539 0.749664 0.102334 0.748318 0.104129 0.777927 0.104129 0.779273 0.105925 0.783311 0.105925 0.784657 0.10772 0.788694 0.10772 0.79004 0.109515 0.794078 0.109515 0.795424 0.111311 0.798116 0.111311 0.799462 0.113106 0.803499 0.113106 0.804845 0.114901 0.807537 0.114901 0.808883 0.116697 0.811575 0.116697 0.812921 0.118492 0.818304 0.118492 0.81965 0.120287 0.823688 0.120287 0.825034 0.122083 0.830417 0.122083 0.831763 0.123878 0.846568 0.123878 0.847914 0.122083 0.850606 0.122083 0.851952 0.120287 0.854643 0.120287 0.855989 0.118492 0.858681 0.118492 0.858681 0.114901 0.857335 0.113106 0.857335 0.109515 0.839838 0.109515 0.838493 0.10772 0.838493 0.104129 0.839838 0.102334 0.839838 0.098743 0.814266 0.098743 0.812921 0.096948 0.803499 0.096948 0.802153 0.095153 0.755047 0.095153
1 0.590848 0.066427 0.589502 0.068223 0.582773 0.068223 0.581427 0.070018 0.573351 0.070018 0.572005 0.071813 0.565276 0.071813 0.56393 0.073609 0.555855 0.073609 0.555855 0.077199 0.554509 0.078995 0.554509 0.08079 0.555855 0.078995 0.565276 0.078995 0.566622 0.077199 0.577389 0.077199 0.578735 0.075404 0.588156 0.075404 0.588156 0.073609 0.589502 0.071813 0.589502 0.070018 0.590848 0.068223
1 0.489906 0.052065 0.484522 0.059246 0.485868 0.059246 0.487214 0.061041 0.48856 0.061041 0.489906 0.062837 0.492598 0.062837 0.493943 0.064632 0.495289 0.064632 0.496635 0.066427 0.497981 0.066427 0.499327 0.068223 0.500673 0.068223 0.502019 0.070018 0.503365 0.068223 0.506057 0.068223 0.507402 0.066427 0.51144 0.066427 0.507402 0.061041 0.504711 0.061041 0.503365 0.059246 0.502019 0.059246 0.500673 0.057451 0.497981 0.057451 0.496635 0.055655 0.495289 0.055655 0.493943 0.05386 0.491252 0.05386
