0 0.248196 0.973077 0.24531 0.976923 0.24531 0.978846 0.235209 0.992308 0.235209 0.994231 0.232323 0.998077 0.258297 0.998077 0.256854 0.996154 0.256854 0.992308 0.255411 0.990385 0.255411 0.988462 0.253968 0.986538 0.253968 0.984615 0.256854 0.980769 0.256854 0.978846 0.258297 0.976923 0.255411 0.976923 0.253968 0.975 0.252525 0.975 0.251082 0.973077
0 0.235209 0.646154 0.235209 0.653846 0.240981 0.653846 0.242424 0.655769 0.248196 0.655769 0.249639 0.657692 0.255411 0.657692 0.256854 0.659615 0.256854 0.651923 0.251082 0.651923 0.249639 0.65 0.243867 0.65 0.242424 0.648077 0.236652 0.648077
0 0.919192 0.459615 0.916306 0.463462 0.916306 0.465385 0.91342 0.469231 0.919192 0.469231 0.920635 0.471154 0.924964 0.471154 0.926407 0.473077 0.932179 0.473077 0.933622 0.475 0.933622 0.463462 0.92785 0.463462 0.926407 0.461538 0.920635 0.461538
0 0.978355 0.453846 0.979798 0.455769 0.979798 0.457692 0.981241 0.459615 0.981241 0.461538 0.998557 0.461538 0.998557 0.453846
0 0.539683 0.428846 0.539683 0.430769 0.53824 0.432692 0.53824 0.434615 0.536797 0.436538 0.536797 0.438462 0.535354 0.440385 0.539683 0.440385 0.541126 0.442308 0.546898 0.442308 0.548341 0.444231 0.55267 0.444231 0.554113 0.446154 0.558442 0.446154 0.559885 0.448077 0.561328 0.446154 0.564214 0.446154 0.565657 0.444231 0.568543 0.444231 0.569986 0.442308 0.572872 0.442308 0.574315 0.440385 0.577201 0.440385 0.578644 0.438462 0.58153 0.438462 0.574315 0.438462 0.572872 0.436538 0.565657 0.436538 0.564214 0.434615 0.558442 0.434615 0.556999 0.432692 0.549784 0.432692 0.548341 0.430769 0.541126 0.430769
0 0.603175 0.375 0.601732 0.376923 0.601732 0.382692 0.600289 0.384615 0.600289 0.386538 0.61039 0.386538 0.61039 0.375
1 0.152958 0.857692 0.150072 0.861538 0.148629 0.861538 0.148629 0.863462 0.150072 0.865385 0.150072 0.867308 0.151515 0.869231 0.151515 0.871154 0.152958 0.873077 0.152958 0.875 0.154401 0.876923 0.154401 0.878846 0.155844 0.880769 0.155844 0.882692 0.157287 0.884615 0.157287 0.886538 0.15873 0.888462 0.15873 0.890385 0.160173 0.892308 0.160173 0.894231 0.161616 0.896154 0.161616 0.9 0.164502 0.903846 0.164502 0.905769 0.165945 0.907692 0.165945 0.909615 0.167388 0.909615 0.168831 0.911538 0.168831 0.913462 0.170274 0.915385 0.170274 0.917308 0.171717 0.919231 0.171717 0.921154 0.17316 0.923077 0.17316 0.925 0.174603 0.926923 0.174603 0.930769 0.176046 0.932692 0.176046 0.934615 0.177489 0.936538 0.177489 0.938462 0.178932 0.940385 0.178932 0.942308 0.180375 0.944231 0.180375 0.95 0.181818 0.951923 0.181818 0.953846 0.183261 0.955769 0.183261 0.957692 0.184704 0.959615 0.184704 0.961538 0.186147 0.959615 0.18759 0.959615 0.189033 0.957692 0.189033 0.955769 0.18759 0.953846 0.18759 0.951923 0.186147 0.95 0.186147 0.948077 0.184704 0.946154 0.184704 0.944231 0.183261 0.942308 0.183261 0.940385 0.181818 0.938462 0.181818 0.936538 0.180375 0.934615 0.180375 0.932692 0.178932 0.930769 0.178932 0.928846 0.177489 0.926923 0.177489 0.923077 0.176046 0.921154 0.176046 0.919231 0.174603 0.917308 0.174603 0.915385 0.17316 0.913462 0.17316 0.911538 0.171717 0.909615 0.171717 0.907692 0.170274 0.905769 0.170274 0.903846 0.168831 0.901923 0.168831 0.9 0.167388 0.898077 0.167388 0.896154 0.165945 0.894231 0.165945 0.892308 0.164502 0.890385 0.164502 0.886538 0.163059 0.884615 0.163059 0.882692 0.161616 0.880769 0.161616 0.878846 0.160173 0.876923 0.160173 0.875 0.15873 0.873077 0.15873 0.871154 0.157287 0.869231 0.157287 0.867308 0.155844 0.865385 0.155844 0.863462 0.154401 0.861538 0.154401 0.859615
1 0.062049 0.738462 0.060606 0.740385 0.059163 0.740385 0.05772 0.742308 0.056277 0.742308 0.054834 0.744231 0.053391 0.744231 0.053391 0.748077 0.051948 0.75 0.051948 0.755769 0.050505 0.757692 0.050505 0.761538 0.049062 0.763462 0.049062 0.765385 0.047619 0.767308 0.049062 0.767308 0.050505 0.769231 0.051948 0.769231 0.053391 0.771154 0.054834 0.771154 0.056277 0.773077 0.056277 0.775 0.05772 0.776923 0.05772 0.778846 0.059163 0.780769 0.059163 0.788462 0.060606 0.790385 0.060606 0.798077 0.062049 0.796154 0.062049 0.794231 0.063492 0.792308 0.063492 0.790385 0.064935 0.788462 0.064935 0.786538 0.066378 0.784615 0.066378 0.780769 0.067821 0.778846 0.067821 0.769231 0.066378 0.767308 0.066378 0.757692 0.067821 0.755769 0.067821 0.75 0.069264 0.748077 0.069264 0.744231 0.067821 0.744231 0.064935 0.740385 0.063492 0.740385
1 0.738817 0.715385 0.738817 0.717308 0.737374 0.719231 0.737374 0.721154 0.746032 0.732692 0.748918 0.732692 0.750361 0.734615 0.75469 0.734615 0.756133 0.736538 0.759019 0.736538 0.760462 0.738462 0.763348 0.738462 0.764791 0.740385 0.764791 0.738462 0.766234 0.736538 0.766234 0.734615 0.767677 0.732692 0.766234 0.732692 0.764791 0.730769 0.763348 0.730769 0.761905 0.728846 0.760462 0.728846 0.759019 0.726923 0.757576 0.726923 0.756133 0.725 0.75469 0.725 0.753247 0.723077 0.750361 0.723077 0.748918 0.721154 0.747475 0.721154 0.746032 0.719231 0.743146 0.719231 0.741703 0.717308 0.74026 0.717308
1 0.952381 0.711538 0.952381 0.715385 0.950938 0.717308 0.950938 0.719231 0.975469 0.719231 0.975469 0.713462 0.969697 0.713462 0.968254 0.711538
1 0.774892 0.640385 0.774892 0.646154 0.795094 0.646154 0.795094 0.640385
1 0.875902 0.596154 0.875902 0.598077 0.874459 0.6 0.874459 0.601923 0.873016 0.603846 0.873016 0.605769 0.874459 0.605769 0.877345 0.609615 0.878788 0.609615 0.881674 0.613462 0.883117 0.613462 0.88456 0.615385 0.886003 0.615385 0.888889 0.619231 0.890332 0.619231 0.893218 0.623077 0.894661 0.623077 0.901876 0.632692 0.901876 0.628846 0.903319 0.626923 0.903319 0.619231 0.904762 0.617308 0.91342 0.617308 0.914863 0.615385 0.922078 0.615385 0.923521 0.613462 0.924964 0.615385 0.929293 0.615385 0.930736 0.617308 0.935065 0.617308 0.936508 0.619231 0.937951 0.619231 0.939394 0.621154 0.940837 0.621154 0.94228 0.623077 0.943723 0.623077 0.945166 0.625 0.946609 0.625 0.948052 0.626923 0.952381 0.626923 0.953824 0.628846 0.958153 0.628846 0.959596 0.630769 0.978355 0.630769 0.982684 0.636538 0.982684 0.638462 0.987013 0.644231 0.989899 0.644231 0.991342 0.646154 0.995671 0.646154 0.997114 0.648077 0.998557 0.648077 0.998557 0.613462 0.997114 0.613462 0.995671 0.611538 0.994228 0.611538 0.991342 0.607692 0.989899 0.607692 0.988456 0.605769 0.979798 0.605769 0.978355 0.607692 0.97114 0.607692 0.969697 0.609615 0.953824 0.609615 0.949495 0.603846 0.949495 0.601923 0.948052 0.6 0.945166 0.6 0.943723 0.601923 0.939394 0.601923 0.937951 0.603846 0.935065 0.603846 0.933622 0.605769 0.932179 0.603846 0.924964 0.603846 0.923521 0.601923 0.916306 0.601923 0.914863 0.6 0.904762 0.6 0.903319 0.598077 0.891775 0.598077 0.890332 0.596154
1 0.176046 0.532692 0.174603 0.534615 0.171717 0.534615 0.170274 0.536538 0.167388 0.536538 0.171717 0.542308 0.17316 0.540385 0.177489 0.540385 0.178932 0.538462 0.183261 0.538462 0.183261 0.534615 0.177489 0.534615
1 0.92785 0.451923 0.926407 0.453846 0.914863 0.453846 0.91342 0.455769 0.903319 0.455769 0.907648 0.461538 0.909091 0.461538 0.91342 0.467308 0.914863 0.465385 0.914863 0.463462 0.919192 0.457692 0.920635 0.459615 0.926407 0.459615 0.92785 0.461538 0.933622 0.461538 0.935065 0.463462 0.935065 0.475 0.936508 0.475 0.937951 0.476923 0.939394 0.476923 0.940837 0.478846 0.943723 0.478846 0.945166 0.480769 0.946609 0.480769 0.948052 0.482692 0.949495 0.482692 0.953824 0.488462 0.953824 0.490385 0.955267 0.492308 0.998557 0.492308 0.998557 0.463462 0.981241 0.463462 0.979798 0.461538 0.974026 0.461538 0.972583 0.459615 0.968254 0.459615 0.966811 0.457692 0.961039 0.457692 0.959596 0.455769 0.95671 0.455769 0.955267 0.453846 0.950938 0.453846 0.949495 0.451923
1 0.233766 0.378846 0.232323 0.380769 0.227994 0.380769 0.226551 0.382692 0.223665 0.382692 0.222222 0.384615 0.219336 0.384615 0.219336 0.388462 0.220779 0.390385 0.220779 0.396154 0.222222 0.398077 0.222222 0.403846 0.223665 0.405769 0.223665 0.407692 0.225108 0.407692 0.226551 0.409615 0.227994 0.409615 0.229437 0.411538 0.23088 0.411538 0.232323 0.413462 0.233766 0.413462 0.235209 0.415385 0.236652 0.415385 0.238095 0.417308 0.236652 0.419231 0.226551 0.419231 0.225108 0.421154 0.21645 0.421154 0.215007 0.423077 0.213564 0.421154 0.207792 0.421154 0.206349 0.419231 0.200577 0.419231 0.199134 0.417308 0.193362 0.417308 0.191919 0.415385 0.11544 0.415385 0.113997 0.413462 0.116883 0.409615 0.118326 0.409615 0.124098 0.401923 0.125541 0.401923 0.131313 0.394231 0.132756 0.394231 0.135642 0.390385 0.124098 0.390385 0.122655 0.388462 0.111111 0.388462 0.109668 0.386538 0.099567 0.386538 0.098124 0.388462 0.098124 0.392308 0.096681 0.394231 0.096681 0.398077 0.095238 0.4 0.095238 0.401923 0.093795 0.403846 0.083694 0.403846 0.082251 0.405769 0.07215 0.405769 0.070707 0.407692 0.062049 0.407692 0.060606 0.409615 0.050505 0.409615 0.049062 0.411538 0.038961 0.411538 0.037518 0.413462 0.036075 0.411538 0.024531 0.411538 0.023088 0.409615 0.012987 0.409615 0.011544 0.407692 0.0 0.407692 0.0 0.438462 0.001443 0.440385 0.033189 0.440385 0.034632 0.438462 0.04329 0.438462 0.044733 0.436538 0.051948 0.436538 0.053391 0.434615 0.060606 0.434615 0.062049 0.432692 0.096681 0.432692 0.098124 0.430769 0.121212 0.430769 0.122655 0.432692 0.122655 0.438462 0.121212 0.440385 0.121212 0.446154 0.138528 0.446154 0.139971 0.448077 0.15873 0.448077 0.160173 0.45 0.20202 0.45 0.203463 0.451923 0.206349 0.451923 0.207792 0.453846 0.212121 0.453846 0.213564 0.455769 0.21645 0.455769 0.217893 0.457692 0.220779 0.457692 0.222222 0.459615 0.225108 0.459615 0.226551 0.461538 0.23088 0.461538 0.232323 0.463462 0.235209 0.463462 0.236652 0.465385 0.236652 0.467308 0.238095 0.469231 0.238095 0.471154 0.239538 0.473077 0.239538 0.475 0.295815 0.475 0.298701 0.471154 0.300144 0.471154 0.301587 0.469231 0.300144 0.469231 0.297258 0.465385 0.295815 0.465385 0.294372 0.463462 0.292929 0.463462 0.290043 0.459615 0.2886 0.459615 0.287157 0.457692 0.2886 0.455769 0.290043 0.455769 0.292929 0.451923 0.294372 0.451923 0.297258 0.448077 0.298701 0.45 0.304473 0.45 0.305916 0.451923 0.310245 0.451923 0.311688 0.453846 0.31746 0.453846 0.318903 0.455769 0.324675 0.455769 0.326118 0.457692 0.339105 0.457692 0.340548 0.459615 0.352092 0.459615 0.353535 0.461538 0.365079 0.461538 0.366522 0.463462 0.362193 0.469231 0.36075 0.469231 0.357864 0.473077 0.363636 0.480769 0.365079 0.480769 0.373737 0.492308 0.37518 0.490385 0.409812 0.490385 0.411255 0.488462 0.419913 0.488462 0.428571 0.476923 0.431457 0.476923 0.4329 0.475 0.434343 0.475 0.435786 0.473077 0.438672 0.473077 0.440115 0.471154 0.443001 0.471154 0.444444 0.469231 0.44733 0.469231 0.448773 0.467308 0.451659 0.467308 0.453102 0.465385 0.455988 0.465385 0.457431 0.463462 0.460317 0.463462 0.46176 0.461538 0.464646 0.461538 0.466089 0.459615 0.468975 0.459615 0.470418 0.457692 0.474747 0.457692 0.47619 0.455769 0.479076 0.455769 0.480519 0.453846 0.483405 0.453846 0.484848 0.451923 0.487734 0.451923 0.489177 0.45 0.515152 0.45 0.516595 0.448077 0.558442 0.448077 0.554113 0.448077 0.55267 0.446154 0.548341 0.446154 0.546898 0.444231 0.541126 0.444231 0.539683 0.442308 0.535354 0.442308 0.533911 0.440385 0.535354 0.438462 0.535354 0.436538 0.536797 0.434615 0.536797 0.432692 0.53824 0.430769 0.53824 0.428846 0.533911 0.428846 0.532468 0.426923 0.529582 0.426923 0.528139 0.425 0.52381 0.425 0.522367 0.423077 0.518038 0.423077 0.516595 0.421154 0.512266 0.421154 0.510823 0.419231 0.507937 0.419231 0.506494 0.417308 0.502165 0.417308 0.500722 0.415385 0.467532 0.415385 0.466089 0.417308 0.430014 0.417308 0.428571 0.415385 0.417027 0.415385 0.415584 0.413462 0.402597 0.413462 0.401154 0.411538 0.383838 0.411538 0.382395 0.409615 0.356421 0.409615 0.354978 0.411538 0.347763 0.411538 0.34632 0.413462 0.337662 0.413462 0.336219 0.415385 0.329004 0.415385 0.327561 0.417308 0.318903 0.417308 0.31746 0.419231 0.316017 0.417308 0.311688 0.417308 0.310245 0.415385 0.307359 0.415385 0.305916 0.413462 0.301587 0.413462 0.300144 0.411538 0.295815 0.411538 0.294372 0.409615 0.291486 0.409615 0.290043 0.407692 0.285714 0.407692 0.284271 0.405769 0.282828 0.405769 0.281385 0.403846 0.279942 0.403846 0.278499 0.401923 0.277056 0.401923 0.275613 0.4 0.272727 0.4 0.271284 0.398077 0.269841 0.398077 0.268398 0.396154 0.266955 0.396154 0.265512 0.394231 0.264069 0.394231 0.262626 0.392308 0.261183 0.392308 0.25974 0.390385 0.256854 0.390385 0.255411 0.388462 0.253968 0.388462 0.252525 0.386538 0.251082 0.386538 0.249639 0.384615 0.246753 0.384615 0.24531 0.382692 0.243867 0.382692 0.242424 0.380769 0.239538 0.380769 0.238095 0.378846
1 0.66811 0.359615 0.666667 0.361538 0.666667 0.363462 0.665224 0.365385 0.665224 0.367308 0.663781 0.369231 0.663781 0.371154 0.662338 0.373077 0.662338 0.375 0.659452 0.378846 0.658009 0.378846 0.655123 0.382692 0.65368 0.382692 0.650794 0.386538 0.649351 0.386538 0.647908 0.388462 0.58153 0.388462 0.58153 0.392308 0.582973 0.394231 0.582973 0.398077 0.584416 0.4 0.585859 0.4 0.588745 0.403846 0.590188 0.403846 0.591631 0.405769 0.591631 0.407692 0.593074 0.409615 0.593074 0.411538 0.594517 0.413462 0.594517 0.415385 0.59596 0.417308 0.59596 0.419231 0.627706 0.419231 0.629149 0.417308 0.632035 0.417308 0.633478 0.415385 0.634921 0.415385 0.636364 0.413462 0.637807 0.415385 0.643579 0.415385 0.645022 0.417308 0.652237 0.417308 0.65368 0.419231 0.659452 0.419231 0.660895 0.421154 0.666667 0.421154 0.66811 0.419231 0.66811 0.417308 0.665224 0.417308 0.663781 0.415385 0.660895 0.415385 0.659452 0.413462 0.658009 0.413462 0.656566 0.411538 0.65368 0.411538 0.652237 0.409615 0.649351 0.409615 0.647908 0.407692 0.645022 0.407692 0.643579 0.405769 0.645022 0.403846 0.68254 0.403846 0.683983 0.401923 0.685426 0.403846 0.688312 0.403846 0.689755 0.405769 0.692641 0.405769 0.694084 0.407692 0.69697 0.407692 0.698413 0.409615 0.701299 0.409615 0.702742 0.411538 0.705628 0.411538 0.707071 0.413462 0.748918 0.413462 0.750361 0.411538 0.759019 0.411538 0.760462 0.409615 0.770563 0.409615 0.772006 0.407692 0.780664 0.407692 0.782107 0.405769 0.790765 0.405769 0.792208 0.403846 0.793651 0.405769 0.802309 0.405769 0.803752 0.407692 0.81241 0.407692 0.813853 0.409615 0.822511 0.409615 0.823954 0.411538 0.832612 0.411538 0.834055 0.413462 0.842713 0.413462 0.844156 0.415385 0.8557 0.415385 0.857143 0.417308 0.867244 0.417308 0.868687 0.419231 0.880231 0.419231 0.881674 0.421154 0.891775 0.421154 0.893218 0.423077 0.969697 0.423077 0.969697 0.413462 0.968254 0.411538 0.968254 0.403846 0.95671 0.403846 0.955267 0.401923 0.94228 0.401923 0.940837 0.4 0.929293 0.4 0.92785 0.398077 0.839827 0.398077 0.838384 0.396154 0.819625 0.396154 0.818182 0.394231 0.766234 0.394231 0.764791 0.396154 0.714286 0.396154 0.712843 0.394231 0.701299 0.394231 0.699856 0.392308 0.686869 0.392308 0.685426 0.390385 0.685426 0.386538 0.683983 0.384615 0.683983 0.380769 0.681097 0.380769 0.679654 0.378846 0.676768 0.378846 0.675325 0.376923 0.672439 0.376923 0.670996 0.375 0.670996 0.373077 0.669553 0.371154 0.669553 0.365385 0.66811 0.363462
1 0.134199 0.325 0.132756 0.326923 0.067821 0.326923 0.066378 0.328846 0.064935 0.326923 0.024531 0.326923 0.023088 0.328846 0.017316 0.328846 0.015873 0.330769 0.008658 0.330769 0.007215 0.332692 0.001443 0.332692 0.0 0.334615 0.0 0.346154 0.034632 0.346154 0.036075 0.344231 0.069264 0.344231 0.070707 0.342308 0.103896 0.342308 0.105339 0.340385 0.137085 0.340385 0.138528 0.338462 0.217893 0.338462 0.219336 0.336538 0.220779 0.338462 0.251082 0.338462 0.252525 0.340385 0.282828 0.340385 0.284271 0.342308 0.316017 0.342308 0.31746 0.344231 0.347763 0.344231 0.349206 0.346154 0.378066 0.346154 0.379509 0.348077 0.408369 0.348077 0.409812 0.35 0.438672 0.35 0.440115 0.351923 0.468975 0.351923 0.470418 0.353846 0.526696 0.353846 0.528139 0.355769 0.666667 0.355769 0.66811 0.353846 0.669553 0.355769 0.799423 0.355769 0.79798 0.353846 0.79798 0.35 0.796537 0.348077 0.796537 0.346154 0.795094 0.344231 0.686869 0.344231 0.685426 0.346154 0.683983 0.344231 0.634921 0.344231 0.633478 0.342308 0.582973 0.342308 0.58153 0.340385 0.562771 0.340385 0.561328 0.338462 0.542569 0.338462 0.541126 0.336538 0.520924 0.336538 0.519481 0.334615 0.500722 0.334615 0.499278 0.332692 0.395382 0.332692 0.393939 0.330769 0.376623 0.330769 0.37518 0.328846 0.356421 0.328846 0.354978 0.326923 0.337662 0.326923 0.336219 0.325
