0 0.628533 0.971275 0.627187 0.97307 0.617766 0.97307 0.61642 0.974865 0.605653 0.974865 0.604307 0.976661 0.594886 0.976661 0.596231 0.976661 0.597577 0.978456 0.600269 0.978456 0.601615 0.980251 0.602961 0.980251 0.604307 0.982047 0.604307 0.991023 0.608345 0.991023 0.60969 0.989228 0.611036 0.989228 0.612382 0.987433 0.615074 0.987433 0.61642 0.985637 0.617766 0.985637 0.619112 0.983842 0.620458 0.983842 0.621803 0.982047 0.623149 0.982047 0.624495 0.980251 0.627187 0.980251 0.628533 0.978456 0.629879 0.978456 0.629879 0.976661 0.628533 0.974865
0 0.921938 0.899461 0.925976 0.899461 0.927322 0.901257 0.930013 0.901257 0.931359 0.903052 0.935397 0.903052 0.936743 0.904847 0.939435 0.904847 0.940781 0.906643 0.946164 0.906643 0.94751 0.908438 0.952894 0.908438 0.95424 0.910233 0.95424 0.908438 0.955585 0.906643 0.955585 0.904847 0.956931 0.903052 0.956931 0.901257 0.958277 0.899461
0 0.051144 0.888689 0.049798 0.890485 0.049798 0.89228 0.048452 0.894075 0.048452 0.895871 0.047106 0.897666 0.047106 0.899461 0.04576 0.901257 0.047106 0.901257 0.048452 0.903052 0.051144 0.903052 0.05249 0.904847 0.053836 0.904847 0.055182 0.906643 0.056528 0.906643 0.057873 0.908438 0.059219 0.908438 0.060565 0.910233 0.063257 0.910233 0.064603 0.912029 0.065949 0.912029 0.067295 0.913824 0.068641 0.913824 0.069987 0.915619 0.074024 0.910233 0.074024 0.908438 0.078062 0.903052 0.078062 0.897666 0.079408 0.895871 0.079408 0.89228 0.07537 0.89228 0.074024 0.890485 0.071332 0.890485 0.069987 0.888689
0 0.736205 0.863555 0.733513 0.867145 0.733513 0.868941 0.728129 0.876122 0.728129 0.877917 0.725437 0.881508 0.725437 0.888689 0.729475 0.888689 0.730821 0.890485 0.734859 0.890485 0.736205 0.89228 0.746972 0.89228 0.752355 0.885099 0.753701 0.885099 0.757739 0.879713 0.753701 0.874327 0.753701 0.872531 0.751009 0.868941 0.746972 0.868941 0.745626 0.867145 0.742934 0.867145 0.741588 0.86535 0.73755 0.86535
0 0.802153 0.850987 0.800808 0.852783 0.798116 0.852783 0.79677 0.854578 0.792732 0.854578 0.788694 0.859964 0.788694 0.863555 0.79004 0.86535 0.79004 0.868941 0.791386 0.868941 0.792732 0.870736 0.795424 0.870736 0.79677 0.872531 0.798116 0.872531 0.799462 0.874327 0.800808 0.872531 0.814266 0.872531 0.814266 0.859964 0.812921 0.859964 0.811575 0.858169 0.810229 0.858169 0.807537 0.854578 0.806191 0.854578 0.804845 0.852783 0.803499 0.852783
0 0.376851 0.807899 0.375505 0.809695 0.375505 0.813285 0.374159 0.815081 0.374159 0.818671 0.372813 0.820467 0.372813 0.824057 0.371467 0.825853 0.371467 0.829443 0.370121 0.831239 0.370121 0.834829 0.371467 0.836625 0.371467 0.83842 0.372813 0.840215 0.372813 0.843806 0.374159 0.845601 0.374159 0.847397 0.375505 0.849192 0.375505 0.850987 0.378197 0.850987 0.379542 0.852783 0.38358 0.852783 0.384926 0.854578 0.387618 0.854578 0.388964 0.856373 0.391655 0.856373 0.393001 0.858169 0.394347 0.856373 0.394347 0.854578 0.398385 0.849192 0.398385 0.847397 0.399731 0.845601 0.399731 0.842011 0.398385 0.840215 0.398385 0.833034 0.397039 0.831239 0.397039 0.824057 0.395693 0.822262 0.395693 0.818671 0.394347 0.816876 0.394347 0.815081 0.393001 0.813285 0.393001 0.81149 0.391655 0.809695 0.391655 0.807899
0 0.928668 0.682226 0.923284 0.689408 0.921938 0.689408 0.9179 0.694794 0.900404 0.694794 0.899058 0.692998 0.896366 0.696589 0.89502 0.696589 0.892328 0.70018 0.890983 0.70018 0.886945 0.705566 0.885599 0.705566 0.882907 0.709156 0.881561 0.709156 0.878869 0.712747 0.877524 0.712747 0.873486 0.718133 0.87214 0.718133 0.869448 0.721724 0.868102 0.721724 0.86541 0.725314 0.86541 0.72711 0.864065 0.728905 0.864065 0.7307 0.862719 0.732496 0.862719 0.734291 0.861373 0.736086 0.861373 0.737882 0.860027 0.739677 0.860027 0.741472 0.858681 0.743268 0.86541 0.752244 0.86541 0.754039 0.870794 0.761221 0.87214 0.759425 0.892328 0.759425 0.89502 0.755835 0.896366 0.755835 0.900404 0.750449 0.90175 0.750449 0.904441 0.746858 0.905787 0.746858 0.911171 0.739677 0.911171 0.737882 0.9179 0.728905 0.9179 0.72711 0.921938 0.721724 0.921938 0.718133 0.923284 0.716338 0.923284 0.709156 0.92463 0.707361 0.92463 0.70377 0.928668 0.698384 0.928668 0.696589 0.934051 0.689408
0 0.59354 0.67325 0.59354 0.675045 0.592194 0.67684 0.592194 0.678636 0.590848 0.680431 0.590848 0.682226 0.589502 0.684022 0.590848 0.685817 0.590848 0.687612 0.600269 0.687612 0.601615 0.685817 0.602961 0.685817 0.605653 0.682226 0.606999 0.682226 0.605653 0.682226 0.604307 0.680431 0.601615 0.680431 0.598923 0.67684 0.598923 0.675045 0.594886 0.675045
0 0.485868 0.635548 0.484522 0.637343 0.480485 0.637343 0.480485 0.639138 0.48183 0.640934 0.48183 0.642729 0.483176 0.644524 0.483176 0.64632 0.484522 0.648115 0.484522 0.64991 0.485868 0.651706 0.485868 0.653501 0.487214 0.655296 0.487214 0.657092 0.48856 0.658887 0.48856 0.660682 0.491252 0.664273 0.491252 0.666068 0.492598 0.667864 0.492598 0.669659 0.493943 0.671454 0.493943 0.67325 0.495289 0.675045 0.495289 0.67684 0.496635 0.678636 0.497981 0.67684 0.502019 0.67684 0.503365 0.675045 0.507402 0.675045 0.507402 0.671454 0.508748 0.669659 0.508748 0.664273 0.510094 0.662478 0.510094 0.660682 0.504711 0.653501 0.503365 0.653501 0.495289 0.642729 0.493943 0.642729 0.492598 0.640934 0.491252 0.640934 0.48856 0.637343 0.487214 0.637343
0 0.200538 0.635548 0.197847 0.639138 0.197847 0.640934 0.192463 0.648115 0.192463 0.64991 0.189771 0.653501 0.191117 0.651706 0.20996 0.651706 0.20996 0.64991 0.208614 0.648115 0.208614 0.642729 0.207268 0.640934 0.207268 0.639138 0.204576 0.639138 0.20323 0.637343 0.201884 0.637343
0 0.185734 0.581688 0.181696 0.587074 0.18035 0.587074 0.177658 0.590664 0.177658 0.59246 0.176312 0.594255 0.176312 0.59605 0.174966 0.597846 0.174966 0.599641 0.17362 0.601436 0.17362 0.603232 0.172275 0.605027 0.181696 0.617594 0.183042 0.617594 0.184388 0.61939 0.185734 0.61939 0.187079 0.621185 0.188425 0.621185 0.189771 0.62298 0.191117 0.621185 0.192463 0.621185 0.193809 0.61939 0.195155 0.61939 0.197847 0.615799 0.199192 0.615799 0.200538 0.614004 0.201884 0.614004 0.20323 0.612208 0.204576 0.612208 0.205922 0.610413 0.207268 0.610413 0.208614 0.608618 0.211306 0.608618 0.211306 0.606822 0.20996 0.605027 0.20996 0.603232 0.208614 0.601436 0.208614 0.599641 0.207268 0.597846 0.207268 0.59605 0.205922 0.59605 0.204576 0.594255 0.20323 0.594255 0.201884 0.59246 0.200538 0.59246 0.199192 0.590664 0.197847 0.590664 0.196501 0.588869 0.195155 0.588869 0.193809 0.587074 0.192463 0.587074 0.191117 0.585278 0.189771 0.585278 0.188425 0.583483 0.187079 0.583483
0 0.803499 0.574506 0.802153 0.576302 0.791386 0.576302 0.79004 0.578097 0.780619 0.578097 0.779273 0.579892 0.768506 0.579892 0.769852 0.579892 0.771198 0.581688 0.77389 0.581688 0.775236 0.583483 0.776581 0.583483 0.777927 0.585278 0.780619 0.585278 0.781965 0.587074 0.783311 0.587074 0.784657 0.588869 0.787349 0.588869 0.788694 0.590664 0.79004 0.590664 0.791386 0.59246 0.794078 0.59246 0.795424 0.594255 0.79677 0.594255 0.798116 0.59605 0.800808 0.59605 0.802153 0.597846 0.803499 0.597846 0.804845 0.599641 0.812921 0.588869 0.815612 0.588869 0.816958 0.587074 0.81965 0.587074 0.81965 0.583483 0.818304 0.581688 0.818304 0.578097 0.808883 0.578097 0.807537 0.576302 0.804845 0.576302
0 0.531629 0.570916 0.530283 0.572711 0.527591 0.572711 0.526245 0.574506 0.522207 0.574506 0.522207 0.576302 0.520861 0.578097 0.520861 0.579892 0.519515 0.581688 0.520861 0.581688 0.523553 0.585278 0.524899 0.585278 0.527591 0.588869 0.528937 0.588869 0.531629 0.59246 0.532974 0.59246 0.535666 0.59605 0.537012 0.59605 0.539704 0.599641 0.550471 0.599641 0.550471 0.588869 0.549125 0.587074 0.547779 0.587074 0.545087 0.583483 0.543742 0.583483 0.539704 0.578097 0.538358 0.578097 0.535666 0.574506 0.53432 0.574506
0 0.670256 0.499102 0.670256 0.500898 0.66891 0.502693 0.66891 0.506284 0.667564 0.508079 0.667564 0.509874 0.66891 0.509874 0.670256 0.51167 0.672948 0.51167 0.674293 0.513465 0.675639 0.513465 0.676985 0.51526 0.678331 0.51526 0.679677 0.517056 0.681023 0.51526 0.69852 0.51526 0.69852 0.513465 0.699865 0.51167 0.699865 0.509874 0.701211 0.508079 0.701211 0.506284 0.695828 0.499102
0 0.076716 0.482944 0.07537 0.48474 0.069987 0.48474 0.068641 0.486535 0.061911 0.486535 0.060565 0.48833 0.055182 0.48833 0.055182 0.491921 0.056528 0.493716 0.056528 0.497307 0.057873 0.495512 0.064603 0.495512 0.065949 0.493716 0.071332 0.493716 0.072678 0.491921 0.079408 0.491921 0.079408 0.490126 0.078062 0.48833 0.078062 0.486535 0.076716 0.48474
0 0.975774 0.475763 0.974428 0.477558 0.973082 0.477558 0.971736 0.479354 0.965007 0.479354 0.963661 0.481149 0.956931 0.481149 0.956931 0.486535 0.958277 0.48833 0.958277 0.493716 0.981157 0.493716 0.982503 0.495512 0.982503 0.490126 0.981157 0.48833 0.981157 0.486535 0.979812 0.48474 0.979812 0.481149 0.978466 0.479354 0.978466 0.477558 0.97712 0.475763
0 0.296097 0.364452 0.294751 0.366248 0.269179 0.366248 0.267833 0.368043 0.261104 0.368043 0.259758 0.369838 0.253028 0.369838 0.251682 0.371634 0.244953 0.371634 0.243607 0.373429 0.238223 0.373429 0.23284 0.38061 0.23284 0.382406 0.227456 0.389587 0.228802 0.391382 0.230148 0.391382 0.23284 0.394973 0.234186 0.394973 0.235532 0.396768 0.239569 0.396768 0.240915 0.394973 0.243607 0.394973 0.244953 0.393178 0.246299 0.393178 0.247645 0.391382 0.250336 0.391382 0.251682 0.389587 0.254374 0.389587 0.25572 0.387792 0.258412 0.387792 0.259758 0.385996 0.26245 0.385996 0.263795 0.384201 0.266487 0.384201 0.267833 0.382406 0.269179 0.382406 0.270525 0.38061 0.273217 0.38061 0.274563 0.378815 0.277254 0.378815 0.2786 0.37702 0.281292 0.37702 0.282638 0.375224 0.283984 0.375224 0.28533 0.373429 0.286676 0.373429 0.288022 0.371634 0.290713 0.371634 0.292059 0.369838 0.293405 0.369838 0.294751 0.368043 0.296097 0.368043
0 0.15747 0.315978 0.154778 0.319569 0.154778 0.321364 0.15074 0.32675 0.15074 0.328546 0.146703 0.333932 0.146703 0.335727 0.142665 0.341113 0.142665 0.342908 0.141319 0.344704 0.142665 0.344704 0.144011 0.346499 0.145357 0.346499 0.146703 0.348294 0.148048 0.348294 0.149394 0.35009 0.15074 0.35009 0.152086 0.351885 0.153432 0.351885 0.154778 0.35368 0.156124 0.35368 0.15747 0.355476 0.158816 0.355476 0.160162 0.357271 0.161507 0.357271 0.162853 0.359066 0.164199 0.359066 0.165545 0.360862 0.166891 0.360862 0.168237 0.362657 0.169583 0.362657 0.170929 0.364452 0.174966 0.359066 0.176312 0.359066 0.184388 0.348294 0.185734 0.348294 0.188425 0.344704 0.192463 0.344704 0.193809 0.346499 0.199192 0.346499 0.200538 0.348294 0.200538 0.357271 0.201884 0.359066 0.201884 0.366248 0.235532 0.366248 0.236878 0.364452 0.236878 0.348294 0.238223 0.346499 0.238223 0.328546 0.236878 0.32675 0.236878 0.324955 0.235532 0.32316 0.235532 0.321364 0.234186 0.319569 0.234186 0.317774 0.158816 0.317774
0 0.701211 0.290844 0.699865 0.292639 0.699865 0.29623 0.69852 0.298025 0.69852 0.29982 0.701211 0.303411 0.701211 0.305206 0.705249 0.310592 0.705249 0.312388 0.707941 0.315978 0.717362 0.315978 0.718708 0.314183 0.722746 0.314183 0.724092 0.312388 0.728129 0.312388 0.728129 0.303411 0.725437 0.303411 0.724092 0.301616 0.7214 0.301616 0.720054 0.29982 0.718708 0.29982 0.717362 0.298025 0.713324 0.298025 0.711978 0.29623 0.710633 0.29623 0.709287 0.294434 0.707941 0.294434 0.706595 0.292639 0.703903 0.292639 0.702557 0.290844
0 0.866756 0.24237 0.86541 0.244165 0.862719 0.244165 0.861373 0.245961 0.858681 0.245961 0.857335 0.247756 0.854643 0.247756 0.853297 0.249551 0.850606 0.249551 0.84926 0.251346 0.846568 0.251346 0.845222 0.253142 0.84253 0.253142 0.841184 0.254937 0.838493 0.254937 0.837147 0.256732 0.808883 0.256732 0.807537 0.258528 0.806191 0.258528 0.803499 0.262118 0.802153 0.262118 0.800808 0.263914 0.792732 0.263914 0.791386 0.262118 0.786003 0.262118 0.784657 0.260323 0.777927 0.260323 0.776581 0.258528 0.77389 0.262118 0.77389 0.263914 0.771198 0.267504 0.771198 0.2693 0.780619 0.281867 0.781965 0.281867 0.783311 0.283662 0.784657 0.283662 0.786003 0.285458 0.788694 0.285458 0.79004 0.287253 0.791386 0.287253 0.792732 0.289048 0.794078 0.289048 0.795424 0.290844 0.79677 0.290844 0.798116 0.292639 0.799462 0.292639 0.800808 0.294434 0.802153 0.294434 0.803499 0.29623 0.806191 0.29623 0.807537 0.298025 0.808883 0.298025 0.810229 0.29982 0.811575 0.29982 0.812921 0.301616 0.814266 0.301616 0.815612 0.303411 0.816958 0.303411 0.818304 0.305206 0.820996 0.305206 0.822342 0.307002 0.823688 0.307002 0.825034 0.308797 0.827725 0.308797 0.829071 0.307002 0.830417 0.307002 0.833109 0.303411 0.834455 0.303411 0.837147 0.29982 0.838493 0.29982 0.839838 0.298025 0.841184 0.298025 0.84253 0.29623 0.843876 0.29623 0.845222 0.294434 0.846568 0.294434 0.847914 0.292639 0.84926 0.292639 0.850606 0.290844 0.853297 0.290844 0.854643 0.289048 0.855989 0.289048 0.857335 0.287253 0.858681 0.287253 0.860027 0.285458 0.861373 0.285458 0.862719 0.283662 0.864065 0.283662 0.86541 0.281867 0.866756 0.281867 0.868102 0.280072 0.873486 0.280072 0.874832 0.278276 0.881561 0.278276 0.882907 0.276481 0.882907 0.274686 0.884253 0.27289 0.884253 0.271095 0.885599 0.2693 0.884253 0.2693 0.881561 0.265709 0.880215 0.265709 0.877524 0.262118 0.876178 0.262118 0.873486 0.258528 0.873486 0.256732 0.87214 0.254937 0.87214 0.249551 0.870794 0.247756 0.870794 0.244165 0.869448 0.24237
0 0.811575 0.222621 0.810229 0.224417 0.795424 0.224417 0.794078 0.226212 0.779273 0.226212 0.777927 0.228007 0.771198 0.228007 0.769852 0.229803 0.763122 0.229803 0.764468 0.229803 0.765814 0.231598 0.768506 0.231598 0.769852 0.233393 0.771198 0.233393 0.772544 0.235189 0.77389 0.235189 0.775236 0.236984 0.780619 0.236984 0.781965 0.238779 0.786003 0.238779 0.787349 0.240575 0.792732 0.240575 0.794078 0.24237 0.798116 0.24237 0.799462 0.244165 0.802153 0.244165 0.803499 0.245961 0.807537 0.245961 0.808883 0.247756 0.812921 0.247756 0.814266 0.245961 0.814266 0.244165 0.818304 0.238779 0.820996 0.238779 0.822342 0.236984 0.82638 0.236984 0.827725 0.235189 0.830417 0.235189 0.827725 0.235189 0.82638 0.233393 0.822342 0.233393 0.820996 0.231598 0.818304 0.231598 0.816958 0.229803 0.812921 0.229803 0.811575 0.228007
0 0.806191 0.174147 0.807537 0.175943 0.807537 0.177738 0.808883 0.179533 0.808883 0.181329 0.810229 0.183124 0.816958 0.183124 0.818304 0.181329 0.81965 0.181329 0.822342 0.177738 0.823688 0.177738 0.820996 0.177738 0.81965 0.175943 0.816958 0.175943 0.815612 0.174147
0 0.604307 0.136445 0.602961 0.138241 0.56393 0.138241 0.558546 0.145422 0.562584 0.145422 0.56393 0.147217 0.566622 0.147217 0.567968 0.149013 0.572005 0.149013 0.573351 0.150808 0.576043 0.150808 0.577389 0.152603 0.578735 0.150808 0.590848 0.150808 0.592194 0.149013 0.59354 0.149013 0.596231 0.145422 0.597577 0.145422 0.598923 0.143627 0.600269 0.143627 0.601615 0.141831 0.601615 0.140036
1 0.48183 0.789946 0.480485 0.791741 0.475101 0.791741 0.475101 0.800718 0.476447 0.802513 0.476447 0.81149 0.477793 0.809695 0.479139 0.809695 0.48183 0.806104 0.483176 0.806104 0.483176 0.798923 0.48183 0.797127
1 0.283984 0.780969 0.282638 0.782765 0.265141 0.782765 0.263795 0.78456 0.227456 0.78456 0.228802 0.786355 0.228802 0.788151 0.23284 0.788151 0.234186 0.789946 0.238223 0.789946 0.239569 0.791741 0.243607 0.791741 0.251682 0.802513 0.253028 0.802513 0.254374 0.804309 0.257066 0.804309 0.258412 0.806104 0.259758 0.806104 0.261104 0.807899 0.26245 0.807899 0.263795 0.809695 0.274563 0.809695 0.275908 0.81149 0.274563 0.813285 0.270525 0.813285 0.269179 0.815081 0.258412 0.815081 0.257066 0.813285 0.251682 0.813285 0.250336 0.81149 0.248991 0.813285 0.243607 0.813285 0.242261 0.815081 0.238223 0.815081 0.236878 0.813285 0.236878 0.81149 0.238223 0.809695 0.238223 0.807899 0.239569 0.806104 0.236878 0.806104 0.235532 0.804309 0.23284 0.804309 0.231494 0.802513 0.230148 0.804309 0.22611 0.804309 0.224764 0.806104 0.220727 0.806104 0.215343 0.798923 0.215343 0.797127 0.216689 0.795332 0.216689 0.791741 0.218035 0.789946 0.218035 0.788151 0.216689 0.789946 0.215343 0.789946 0.213997 0.791741 0.212651 0.791741 0.211306 0.793537 0.20996 0.793537 0.208614 0.795332 0.207268 0.795332 0.204576 0.798923 0.20323 0.798923 0.201884 0.800718 0.200538 0.800718 0.199192 0.802513 0.197847 0.802513 0.196501 0.804309 0.195155 0.804309 0.197847 0.804309 0.199192 0.806104 0.201884 0.806104 0.20323 0.807899 0.204576 0.807899 0.207268 0.81149 0.208614 0.81149 0.211306 0.815081 0.212651 0.815081 0.215343 0.818671 0.215343 0.825853 0.216689 0.824057 0.224764 0.824057 0.22611 0.822262 0.235532 0.822262 0.236878 0.820467 0.26245 0.820467 0.263795 0.822262 0.265141 0.820467 0.270525 0.820467 0.271871 0.818671 0.277254 0.818671 0.2786 0.816876 0.28533 0.816876 0.286676 0.815081 0.292059 0.815081 0.292059 0.813285 0.293405 0.81149 0.293405 0.809695 0.294751 0.807899 0.281292 0.807899 0.2786 0.804309 0.2786 0.802513 0.277254 0.800718 0.277254 0.798923 0.282638 0.791741 0.283984 0.791741 0.286676 0.788151 0.28533 0.786355 0.28533 0.78456 0.283984 0.782765
1 0.243607 0.743268 0.242261 0.745063 0.236878 0.745063 0.235532 0.746858 0.230148 0.746858 0.228802 0.748654 0.222073 0.748654 0.220727 0.750449 0.215343 0.750449 0.213997 0.752244 0.208614 0.752244 0.207268 0.754039 0.207268 0.755835 0.20323 0.761221 0.20323 0.763016 0.201884 0.764811 0.20996 0.764811 0.211306 0.766607 0.212651 0.764811 0.228802 0.764811 0.231494 0.761221 0.23284 0.761221 0.235532 0.75763 0.236878 0.75763 0.239569 0.754039 0.240915 0.754039 0.243607 0.750449 0.244953 0.750449 0.246299 0.748654 0.244953 0.746858 0.244953 0.745063
1 0.036339 0.509874 0.034993 0.51167 0.030956 0.51167 0.02961 0.513465 0.024226 0.513465 0.02288 0.51526 0.018843 0.51526 0.017497 0.517056 0.012113 0.517056 0.010767 0.518851 0.006729 0.518851 0.005384 0.520646 0.0 0.520646 0.0 0.535009 0.001346 0.533214 0.021534 0.533214 0.02288 0.531418 0.024226 0.531418 0.025572 0.529623 0.028264 0.529623 0.02961 0.527828 0.030956 0.527828 0.032301 0.526032 0.033647 0.526032 0.034993 0.524237 0.037685 0.524237 0.039031 0.522442 0.040377 0.522442 0.040377 0.520646 0.041723 0.518851 0.041723 0.51526 0.043069 0.513465 0.043069 0.51167 0.037685 0.51167
1 0.195155 0.491921 0.193809 0.493716 0.184388 0.493716 0.174966 0.506284 0.170929 0.506284 0.169583 0.508079 0.166891 0.508079 0.165545 0.509874 0.161507 0.509874 0.160162 0.51167 0.156124 0.51167 0.154778 0.513465 0.149394 0.513465 0.148048 0.51526 0.144011 0.51526 0.142665 0.517056 0.115747 0.517056 0.114401 0.51526 0.113055 0.517056 0.109017 0.517056 0.109017 0.522442 0.115747 0.522442 0.119785 0.527828 0.119785 0.529623 0.121131 0.531418 0.122476 0.529623 0.145357 0.529623 0.146703 0.527828 0.149394 0.527828 0.15074 0.526032 0.153432 0.526032 0.154778 0.524237 0.15747 0.524237 0.158816 0.522442 0.161507 0.522442 0.162853 0.520646 0.165545 0.520646 0.166891 0.518851 0.169583 0.518851 0.170929 0.517056 0.17362 0.517056 0.174966 0.51526 0.177658 0.51526 0.179004 0.513465 0.18035 0.513465 0.181696 0.51167 0.183042 0.51167 0.184388 0.509874 0.185734 0.509874 0.188425 0.506284 0.189771 0.506284 0.191117 0.504488 0.192463 0.504488 0.193809 0.502693 0.195155 0.502693 0.196501 0.500898 0.197847 0.500898 0.197847 0.499102 0.196501 0.497307 0.196501 0.495512 0.195155 0.493716
1 0.952894 0.48833 0.951548 0.490126 0.942127 0.490126 0.940781 0.491921 0.930013 0.491921 0.928668 0.493716 0.921938 0.493716 0.920592 0.495512 0.912517 0.495512 0.913863 0.495512 0.916555 0.499102 0.9179 0.497307 0.935397 0.497307 0.936743 0.495512 0.95424 0.495512 0.95424 0.493716 0.952894 0.491921
1 0.995962 0.466786 0.994616 0.468582 0.990579 0.468582 0.989233 0.470377 0.986541 0.470377 0.985195 0.472172 0.982503 0.472172 0.981157 0.473968 0.978466 0.473968 0.978466 0.475763 0.979812 0.477558 0.979812 0.479354 0.981157 0.481149 0.981157 0.48474 0.982503 0.486535 0.982503 0.48833 0.990579 0.48833 0.991925 0.490126 0.998654 0.490126 0.998654 0.466786
1 0.05249 0.436266 0.051144 0.438061 0.0 0.438061 0.0 0.445242 0.002692 0.445242 0.004038 0.447038 0.008075 0.447038 0.009421 0.448833 0.012113 0.448833 0.013459 0.450628 0.020188 0.450628 0.021534 0.452424 0.02961 0.452424 0.030956 0.454219 0.037685 0.454219 0.039031 0.456014 0.04576 0.456014 0.047106 0.45781 0.048452 0.456014 0.049798 0.456014 0.05249 0.452424 0.053836 0.452424 0.055182 0.450628 0.056528 0.450628 0.057873 0.448833 0.059219 0.448833 0.061911 0.445242 0.063257 0.445242 0.064603 0.443447 0.065949 0.443447 0.063257 0.443447 0.061911 0.441652 0.060565 0.441652 0.059219 0.439856 0.056528 0.439856 0.055182 0.438061 0.053836 0.438061
1 0.543742 0.421903 0.542396 0.423698 0.53432 0.423698 0.532974 0.425494 0.523553 0.425494 0.523553 0.427289 0.522207 0.429084 0.522207 0.43088 0.520861 0.432675 0.520861 0.43447 0.519515 0.436266 0.519515 0.438061 0.51817 0.439856 0.527591 0.439856 0.528937 0.438061 0.530283 0.438061 0.531629 0.436266 0.532974 0.436266 0.53432 0.43447 0.537012 0.43447 0.539704 0.438061 0.54105 0.436266 0.565276 0.436266 0.565276 0.432675 0.566622 0.43088 0.566622 0.425494 0.567968 0.423698 0.567968 0.421903
1 0.675639 0.385996 0.674293 0.387792 0.643338 0.387792 0.644684 0.389587 0.644684 0.391382 0.64603 0.393178 0.64603 0.394973 0.647376 0.393178 0.659489 0.393178 0.660834 0.391382 0.672948 0.391382 0.674293 0.389587 0.674293 0.387792
1 0.409152 0.375224 0.40646 0.378815 0.40646 0.38061 0.402423 0.385996 0.402423 0.394973 0.401077 0.396768 0.401077 0.40395 0.405114 0.40395 0.40646 0.405745 0.410498 0.405745 0.411844 0.40754 0.41319 0.405745 0.415882 0.405745 0.417227 0.40395 0.419919 0.40395 0.421265 0.402154 0.422611 0.402154 0.423957 0.400359 0.426649 0.400359 0.427995 0.398564 0.429341 0.398564 0.429341 0.393178 0.427995 0.391382 0.427995 0.384201 0.425303 0.384201 0.423957 0.382406 0.422611 0.382406 0.421265 0.38061 0.418573 0.38061 0.417227 0.378815 0.414536 0.378815 0.41319 0.37702 0.410498 0.37702
1 0.372813 0.348294 0.370121 0.351885 0.368775 0.351885 0.368775 0.357271 0.367429 0.359066 0.367429 0.364452 0.376851 0.364452 0.378197 0.366248 0.387618 0.366248 0.388964 0.368043 0.398385 0.368043 0.399731 0.369838 0.401077 0.368043 0.429341 0.368043 0.429341 0.355476 0.415882 0.355476 0.414536 0.35368 0.402423 0.35368 0.401077 0.351885 0.387618 0.351885 0.386272 0.35009 0.374159 0.35009
1 0.362046 0.346499 0.3607 0.348294 0.312248 0.348294 0.310902 0.35009 0.309556 0.35009 0.30821 0.351885 0.362046 0.351885
1 0.597577 0.333932 0.597577 0.341113 0.598923 0.342908 0.598923 0.35009 0.597577 0.351885 0.590848 0.351885 0.589502 0.35009 0.582773 0.35009 0.581427 0.348294 0.573351 0.348294 0.572005 0.346499 0.559892 0.346499 0.558546 0.344704 0.546433 0.344704 0.545087 0.342908 0.545087 0.344704 0.546433 0.346499 0.546433 0.35009 0.547779 0.351885 0.547779 0.35368 0.549125 0.355476 0.549125 0.359066 0.550471 0.360862 0.550471 0.362657 0.549125 0.364452 0.547779 0.364452 0.546433 0.366248 0.543742 0.366248 0.542396 0.368043 0.54105 0.368043 0.539704 0.369838 0.537012 0.369838 0.535666 0.371634 0.53432 0.371634 0.532974 0.373429 0.530283 0.373429 0.528937 0.375224 0.527591 0.375224 0.526245 0.37702 0.523553 0.37702 0.522207 0.378815 0.514132 0.378815 0.512786 0.38061 0.504711 0.38061 0.503365 0.382406 0.495289 0.382406 0.493943 0.384201 0.485868 0.384201 0.485868 0.396768 0.487214 0.398564 0.487214 0.411131 0.510094 0.411131 0.51144 0.412926 0.542396 0.412926 0.543742 0.414722 0.545087 0.412926 0.570659 0.412926 0.572005 0.411131 0.576043 0.411131 0.577389 0.409336 0.582773 0.409336 0.578735 0.40395 0.577389 0.40395 0.572005 0.396768 0.573351 0.394973 0.589502 0.394973 0.590848 0.396768 0.597577 0.396768 0.598923 0.398564 0.600269 0.396768 0.602961 0.396768 0.604307 0.394973 0.605653 0.394973 0.606999 0.393178 0.60969 0.393178 0.611036 0.391382 0.612382 0.391382 0.613728 0.389587 0.61642 0.389587 0.61642 0.387792 0.617766 0.385996 0.617766 0.384201 0.61642 0.385996 0.598923 0.385996 0.597577 0.384201 0.597577 0.382406 0.596231 0.38061 0.596231 0.378815 0.594886 0.37702 0.588156 0.37702 0.58681 0.375224 0.580081 0.375224 0.578735 0.373429 0.572005 0.373429 0.569314 0.369838 0.567968 0.369838 0.565276 0.366248 0.566622 0.364452 0.577389 0.364452 0.578735 0.366248 0.597577 0.366248 0.598923 0.364452 0.619112 0.364452 0.61642 0.360862 0.61642 0.359066 0.612382 0.35368 0.612382 0.351885 0.608345 0.346499 0.608345 0.344704 0.604307 0.339318 0.604307 0.337522 0.602961 0.335727 0.598923 0.335727
1 0.355316 0.312388 0.35397 0.314183 0.344549 0.314183 0.343203 0.315978 0.333782 0.315978 0.33109 0.319569 0.33109 0.321364 0.327052 0.32675 0.306864 0.32675 0.305518 0.328546 0.239569 0.328546 0.239569 0.346499 0.238223 0.348294 0.238223 0.357271 0.238223 0.35368 0.239569 0.351885 0.296097 0.351885 0.297443 0.35009 0.297443 0.348294 0.300135 0.344704 0.292059 0.344704 0.290713 0.342908 0.283984 0.342908 0.282638 0.341113 0.274563 0.341113 0.273217 0.339318 0.274563 0.337522 0.304172 0.337522 0.305518 0.335727 0.336474 0.335727 0.33782 0.333932 0.367429 0.333932 0.366083 0.332136 0.364738 0.332136 0.359354 0.324955 0.358008 0.324955 0.355316 0.321364
1 0.876178 0.303411 0.874832 0.305206 0.873486 0.305206 0.87214 0.307002 0.870794 0.307002 0.869448 0.308797 0.868102 0.308797 0.866756 0.310592 0.86541 0.310592 0.864065 0.312388 0.862719 0.312388 0.861373 0.314183 0.861373 0.315978 0.858681 0.319569 0.858681 0.321364 0.855989 0.324955 0.855989 0.32675 0.853297 0.330341 0.853297 0.332136 0.851952 0.333932 0.851952 0.342908 0.853297 0.344704 0.853297 0.35368 0.851952 0.355476 0.847914 0.355476 0.846568 0.35368 0.841184 0.35368 0.839838 0.351885 0.838493 0.35368 0.830417 0.35368 0.829071 0.355476 0.81965 0.355476 0.818304 0.357271 0.818304 0.359066 0.814266 0.364452 0.814266 0.366248 0.808883 0.373429 0.808883 0.375224 0.800808 0.385996 0.800808 0.387792 0.79677 0.393178 0.798116 0.393178 0.799462 0.394973 0.800808 0.394973 0.802153 0.396768 0.803499 0.396768 0.804845 0.398564 0.806191 0.398564 0.807537 0.400359 0.808883 0.400359 0.810229 0.402154 0.811575 0.400359 0.815612 0.400359 0.816958 0.398564 0.820996 0.398564 0.822342 0.396768 0.829071 0.396768 0.830417 0.398564 0.833109 0.398564 0.834455 0.400359 0.837147 0.400359 0.838493 0.402154 0.837147 0.40395 0.833109 0.40395 0.831763 0.405745 0.829071 0.405745 0.827725 0.40754 0.823688 0.40754 0.822342 0.409336 0.81965 0.409336 0.818304 0.411131 0.800808 0.411131 0.799462 0.409336 0.798116 0.411131 0.79004 0.411131 0.788694 0.412926 0.780619 0.412926 0.779273 0.414722 0.771198 0.414722 0.769852 0.412926 0.768506 0.412926 0.764468 0.40754 0.763122 0.409336 0.756393 0.409336 0.755047 0.411131 0.746972 0.411131 0.740242 0.402154 0.741588 0.400359 0.746972 0.400359 0.748318 0.398564 0.752355 0.398564 0.753701 0.396768 0.759085 0.396768 0.760431 0.394973 0.765814 0.394973 0.765814 0.391382 0.764468 0.389587 0.764468 0.384201 0.763122 0.385996 0.753701 0.385996 0.752355 0.387792 0.74428 0.387792 0.742934 0.389587 0.734859 0.389587 0.733513 0.391382 0.725437 0.391382 0.7214 0.396768 0.720054 0.396768 0.71467 0.40395 0.713324 0.40395 0.706595 0.412926 0.705249 0.412926 0.699865 0.420108 0.69852 0.420108 0.694482 0.425494 0.690444 0.425494 0.689098 0.427289 0.683715 0.427289 0.682369 0.429084 0.678331 0.429084 0.676985 0.43088 0.671602 0.43088 0.670256 0.432675 0.666218 0.432675 0.664872 0.43447 0.659489 0.43447 0.658143 0.436266 0.651413 0.436266 0.650067 0.438061 0.643338 0.438061 0.641992 0.439856 0.633917 0.439856 0.632571 0.441652 0.625841 0.441652 0.627187 0.443447 0.628533 0.443447 0.631225 0.447038 0.632571 0.447038 0.636608 0.452424 0.637954 0.452424 0.640646 0.456014 0.6393 0.45781 0.637954 0.45781 0.636608 0.459605 0.633917 0.459605 0.632571 0.4614 0.631225 0.4614 0.629879 0.463196 0.627187 0.463196 0.625841 0.464991 0.608345 0.464991 0.606999 0.463196 0.590848 0.463196 0.589502 0.4614 0.58681 0.464991 0.585464 0.464991 0.582773 0.468582 0.581427 0.468582 0.580081 0.470377 0.561238 0.470377 0.559892 0.472172 0.558546 0.472172 0.557201 0.473968 0.555855 0.473968 0.554509 0.475763 0.553163 0.475763 0.551817 0.477558 0.550471 0.477558 0.549125 0.479354 0.547779 0.479354 0.546433 0.481149 0.545087 0.481149 0.543742 0.482944 0.542396 0.482944 0.54105 0.48474 0.539704 0.48474 0.538358 0.486535 0.537012 0.486535 0.535666 0.48833 0.53432 0.48833 0.532974 0.490126 0.531629 0.490126 0.530283 0.491921 0.528937 0.491921 0.527591 0.493716 0.526245 0.493716 0.530283 0.499102 0.528937 0.500898 0.527591 0.500898 0.526245 0.502693 0.524899 0.502693 0.523553 0.504488 0.522207 0.504488 0.520861 0.506284 0.519515 0.506284 0.51817 0.508079 0.516824 0.508079 0.515478 0.509874 0.514132 0.509874 0.512786 0.51167 0.51144 0.51167 0.510094 0.513465 0.508748 0.513465 0.507402 0.51526 0.502019 0.51526 0.500673 0.517056 0.495289 0.517056 0.493943 0.518851 0.48856 0.518851 0.487214 0.520646 0.48183 0.520646 0.480485 0.522442 0.477793 0.522442 0.476447 0.520646 0.480485 0.51526 0.479139 0.51526 0.476447 0.51167 0.473755 0.51526 0.472409 0.51526 0.468371 0.520646 0.467026 0.520646 0.464334 0.524237 0.462988 0.524237 0.45895 0.529623 0.457604 0.529623 0.454913 0.533214 0.445491 0.533214 0.444145 0.535009 0.433378 0.535009 0.432032 0.536804 0.422611 0.536804 0.417227 0.543986 0.417227 0.545781 0.410498 0.554758 0.403769 0.554758 0.402423 0.552962 0.395693 0.552962 0.394347 0.551167 0.388964 0.551167 0.387618 0.549372 0.380888 0.549372 0.379542 0.547576 0.379542 0.545781 0.378197 0.543986 0.378197 0.54219 0.376851 0.540395 0.376851 0.5386 0.375505 0.536804 0.375505 0.535009 0.371467 0.535009 0.370121 0.533214 0.366083 0.533214 0.364738 0.531418 0.3607 0.531418 0.359354 0.529623 0.363392 0.524237 0.363392 0.522442 0.372813 0.509874 0.372813 0.508079 0.379542 0.499102 0.382234 0.499102 0.38358 0.497307 0.386272 0.497307 0.387618 0.495512 0.39031 0.495512 0.391655 0.493716 0.394347 0.493716 0.395693 0.491921 0.398385 0.491921 0.399731 0.490126 0.401077 0.490126 0.402423 0.48833 0.405114 0.48833 0.40646 0.486535 0.409152 0.486535 0.410498 0.48474 0.41319 0.48474 0.414536 0.482944 0.417227 0.482944 0.418573 0.481149 0.421265 0.481149 0.422611 0.479354 0.425303 0.479354 0.426649 0.477558 0.429341 0.477558 0.430686 0.475763 0.434724 0.475763 0.43607 0.473968 0.438762 0.473968 0.440108 0.472172 0.442799 0.472172 0.444145 0.470377 0.448183 0.470377 0.449529 0.468582 0.452221 0.468582 0.453567 0.466786 0.457604 0.466786 0.45895 0.464991 0.462988 0.464991 0.464334 0.466786 0.46568 0.466786 0.467026 0.468582 0.468371 0.468582 0.469717 0.470377 0.471063 0.470377 0.472409 0.472172 0.473755 0.470377 0.510094 0.470377 0.51144 0.468582 0.515478 0.468582 0.516824 0.466786 0.520861 0.466786 0.522207 0.464991 0.526245 0.464991 0.522207 0.464991 0.520861 0.463196 0.516824 0.463196 0.515478 0.4614 0.512786 0.4614 0.51144 0.459605 0.507402 0.459605 0.506057 0.45781 0.502019 0.45781 0.500673 0.456014 0.496635 0.456014 0.495289 0.454219 0.492598 0.454219 0.491252 0.452424 0.487214 0.452424 0.485868 0.450628 0.48183 0.450628 0.480485 0.448833 0.479139 0.450628 0.450875 0.450628 0.449529 0.452424 0.446837 0.452424 0.445491 0.454219 0.441454 0.454219 0.440108 0.456014 0.437416 0.456014 0.43607 0.45781 0.433378 0.45781 0.432032 0.459605 0.427995 0.459605 0.426649 0.4614 0.414536 0.4614 0.41319 0.459605 0.403769 0.459605 0.402423 0.45781 0.402423 0.456014 0.403769 0.454219 0.403769 0.452424 0.405114 0.450628 0.405114 0.448833 0.40646 0.447038 0.40646 0.443447 0.405114 0.441652 0.405114 0.439856 0.403769 0.438061 0.403769 0.436266 0.402423 0.43447 0.402423 0.43088 0.401077 0.429084 0.401077 0.427289 0.399731 0.425494 0.399731 0.423698 0.398385 0.425494 0.386272 0.425494 0.384926 0.427289 0.371467 0.427289 0.370121 0.429084 0.3607 0.429084 0.359354 0.43088 0.348587 0.43088 0.347241 0.432675 0.33782 0.432675 0.336474 0.43447 0.325707 0.43447 0.324361 0.436266 0.314939 0.436266 0.313594 0.438061 0.302826 0.438061 0.30148 0.439856 0.208614 0.439856 0.207268 0.438061 0.181696 0.438061 0.18035 0.436266 0.174966 0.436266 0.17362 0.43447 0.168237 0.43447 0.166891 0.432675 0.162853 0.432675 0.161507 0.43088 0.156124 0.43088 0.154778 0.429084 0.149394 0.429084 0.148048 0.427289 0.149394 0.425494 0.15074 0.425494 0.153432 0.421903 0.154778 0.421903 0.156124 0.420108 0.15747 0.420108 0.160162 0.416517 0.168237 0.416517 0.169583 0.418312 0.170929 0.416517 0.181696 0.416517 0.183042 0.414722 0.195155 0.414722 0.196501 0.416517 0.197847 0.416517 0.200538 0.420108 0.201884 0.420108 0.20323 0.421903 0.204576 0.421903 0.205922 0.423698 0.234186 0.423698 0.235532 0.425494 0.235532 0.421903 0.236878 0.420108 0.236878 0.416517 0.235532 0.414722 0.235532 0.411131 0.234186 0.409336 0.234186 0.40395 0.235532 0.402154 0.235532 0.398564 0.234186 0.396768 0.23284 0.396768 0.230148 0.393178 0.228802 0.393178 0.22611 0.389587 0.231494 0.382406 0.231494 0.38061 0.236878 0.373429 0.236878 0.366248 0.235532 0.368043 0.201884 0.368043 0.200538 0.366248 0.200538 0.359066 0.199192 0.357271 0.199192 0.348294 0.193809 0.348294 0.192463 0.346499 0.188425 0.346499 0.185734 0.35009 0.184388 0.35009 0.176312 0.360862 0.174966 0.360862 0.170929 0.366248 0.169583 0.364452 0.168237 0.364452 0.166891 0.362657 0.165545 0.362657 0.164199 0.360862 0.162853 0.360862 0.161507 0.359066 0.160162 0.359066 0.158816 0.357271 0.15747 0.357271 0.156124 0.355476 0.154778 0.355476 0.153432 0.35368 0.152086 0.35368 0.15074 0.351885 0.149394 0.351885 0.148048 0.35009 0.146703 0.35009 0.145357 0.348294 0.144011 0.348294 0.142665 0.346499 0.141319 0.346499 0.139973 0.344704 0.141319 0.342908 0.141319 0.341113 0.145357 0.335727 0.145357 0.333932 0.149394 0.328546 0.149394 0.32675 0.153432 0.321364 0.153432 0.319569 0.154778 0.317774 0.153432 0.317774 0.152086 0.319569 0.148048 0.319569 0.146703 0.321364 0.144011 0.321364 0.142665 0.32316 0.139973 0.32316 0.138627 0.324955 0.135935 0.324955 0.13459 0.32675 0.130552 0.32675 0.129206 0.328546 0.126514 0.328546 0.125168 0.330341 0.117093 0.330341 0.117093 0.341113 0.118439 0.341113 0.119785 0.342908 0.121131 0.342908 0.122476 0.344704 0.123822 0.344704 0.125168 0.346499 0.126514 0.346499 0.12786 0.348294 0.129206 0.348294 0.130552 0.35009 0.131898 0.35009 0.133244 0.351885 0.13459 0.351885 0.135935 0.35368 0.137281 0.35368 0.138627 0.355476 0.139973 0.355476 0.142665 0.359066 0.144011 0.359066 0.145357 0.360862 0.146703 0.360862 0.148048 0.362657 0.149394 0.362657 0.15074 0.364452 0.152086 0.364452 0.153432 0.366248 0.154778 0.366248 0.156124 0.368043 0.15747 0.368043 0.158816 0.369838 0.160162 0.369838 0.161507 0.371634 0.162853 0.371634 0.164199 0.373429 0.165545 0.373429 0.166891 0.375224 0.166891 0.378815 0.165545 0.38061 0.165545 0.384201 0.164199 0.385996 0.123822 0.385996 0.122476 0.387792 0.122476 0.389587 0.121131 0.391382 0.121131 0.393178 0.119785 0.394973 0.133244 0.394973 0.13459 0.396768 0.146703 0.396768 0.148048 0.398564 0.145357 0.402154 0.144011 0.402154 0.139973 0.40754 0.138627 0.40754 0.135935 0.411131 0.13459 0.411131 0.133244 0.412926 0.133244 0.418312 0.13459 0.420108 0.13459 0.429084 0.135935 0.43088 0.135935 0.439856 0.137281 0.441652 0.137281 0.447038 0.138627 0.448833 0.138627 0.450628 0.139973 0.452424 0.139973 0.454219 0.141319 0.456014 0.141319 0.45781 0.142665 0.459605 0.142665 0.4614 0.144011 0.463196 0.144011 0.464991 0.156124 0.464991 0.15747 0.466786 0.15747 0.472172 0.158816 0.473968 0.158816 0.48833 0.160162 0.490126 0.160162 0.497307 0.176312 0.497307 0.176312 0.472172 0.177658 0.470377 0.215343 0.470377 0.216689 0.472172 0.218035 0.470377 0.228802 0.470377 0.230148 0.468582 0.240915 0.468582 0.242261 0.466786 0.253028 0.466786 0.254374 0.464991 0.261104 0.464991 0.26245 0.466786 0.259758 0.470377 0.258412 0.470377 0.25572 0.473968 0.254374 0.473968 0.251682 0.477558 0.250336 0.477558 0.248991 0.479354 0.247645 0.479354 0.244953 0.482944 0.243607 0.482944 0.240915 0.486535 0.239569 0.486535 0.236878 0.490126 0.235532 0.490126 0.23284 0.493716 0.231494 0.493716 0.230148 0.495512 0.228802 0.495512 0.22611 0.499102 0.224764 0.499102 0.222073 0.502693 0.220727 0.502693 0.218035 0.506284 0.216689 0.506284 0.213997 0.509874 0.212651 0.509874 0.20996 0.513465 0.208614 0.513465 0.205922 0.517056 0.204576 0.517056 0.201884 0.520646 0.200538 0.520646 0.197847 0.524237 0.196501 0.524237 0.193809 0.527828 0.192463 0.527828 0.189771 0.531418 0.188425 0.531418 0.185734 0.535009 0.184388 0.535009 0.181696 0.5386 0.18035 0.5386 0.177658 0.54219 0.176312 0.54219 0.174966 0.543986 0.174966 0.545781 0.170929 0.551167 0.170929 0.552962 0.168237 0.556553 0.168237 0.558348 0.165545 0.561939 0.165545 0.563734 0.161507 0.56912 0.161507 0.570916 0.158816 0.574506 0.158816 0.576302 0.154778 0.581688 0.154778 0.583483 0.152086 0.587074 0.148048 0.587074 0.146703 0.588869 0.142665 0.588869 0.141319 0.590664 0.137281 0.590664 0.135935 0.59246 0.133244 0.59246 0.131898 0.594255 0.12786 0.594255 0.126514 0.59605 0.122476 0.59605 0.121131 0.597846 0.117093 0.597846 0.115747 0.599641 0.099596 0.599641 0.09825 0.601436 0.0821 0.601436 0.080754 0.603232 0.064603 0.603232 0.053836 0.588869 0.055182 0.587074 0.056528 0.587074 0.057873 0.585278 0.059219 0.585278 0.060565 0.583483 0.061911 0.583483 0.063257 0.581688 0.064603 0.581688 0.065949 0.579892 0.068641 0.579892 0.069987 0.578097 0.071332 0.578097 0.072678 0.576302 0.074024 0.576302 0.07537 0.574506 0.076716 0.574506 0.078062 0.572711 0.079408 0.572711 0.080754 0.570916 0.0821 0.570916 0.083445 0.56912 0.084791 0.56912 0.086137 0.567325 0.087483 0.567325 0.088829 0.56553 0.091521 0.56553 0.092867 0.563734 0.094213 0.563734 0.095559 0.561939 0.096904 0.561939 0.09825 0.560144 0.099596 0.560144 0.099596 0.558348 0.100942 0.556553 0.100942 0.554758 0.102288 0.552962 0.102288 0.551167 0.103634 0.549372 0.103634 0.547576 0.10498 0.545781 0.10498 0.543986 0.106326 0.54219 0.106326 0.540395 0.107672 0.5386 0.107672 0.536804 0.109017 0.535009 0.109017 0.533214 0.107672 0.531418 0.107672 0.529623 0.106326 0.527828 0.106326 0.526032 0.10498 0.524237 0.10498 0.522442 0.103634 0.520646 0.103634 0.518851 0.102288 0.517056 0.102288 0.51526 0.100942 0.517056 0.099596 0.517056 0.096904 0.520646 0.095559 0.520646 0.094213 0.522442 0.092867 0.522442 0.091521 0.524237 0.090175 0.524237 0.087483 0.527828 0.086137 0.527828 0.084791 0.529623 0.083445 0.529623 0.080754 0.533214 0.079408 0.533214 0.078062 0.535009 0.076716 0.535009 0.07537 0.536804 0.074024 0.536804 0.071332 0.540395 0.069987 0.540395 0.068641 0.54219 0.067295 0.54219 0.065949 0.543986 0.064603 0.543986 0.061911 0.547576 0.060565 0.547576 0.059219 0.549372 0.057873 0.549372 0.056528 0.551167 0.055182 0.551167 0.053836 0.552962 0.051144 0.552962 0.049798 0.554758 0.048452 0.554758 0.047106 0.556553 0.04576 0.556553 0.044415 0.558348 0.043069 0.558348 0.041723 0.560144 0.039031 0.560144 0.037685 0.561939 0.036339 0.561939 0.034993 0.563734 0.033647 0.563734 0.032301 0.56553 0.030956 0.56553 0.02961 0.567325 0.026918 0.567325 0.025572 0.56912 0.024226 0.56912 0.02288 0.570916 0.021534 0.570916 0.020188 0.572711 0.018843 0.572711 0.017497 0.574506 0.014805 0.574506 0.013459 0.576302 0.012113 0.576302 0.010767 0.578097 0.009421 0.578097 0.008075 0.579892 0.006729 0.579892 0.005384 0.581688 0.002692 0.581688 0.001346 0.583483 0.0 0.583483 0.0 0.917415 0.001346 0.91921 0.001346 0.921005 0.002692 0.922801 0.002692 0.924596 0.004038 0.926391 0.004038 0.928187 0.005384 0.929982 0.005384 0.931777 0.006729 0.933573 0.006729 0.935368 0.008075 0.937163 0.008075 0.938959 0.009421 0.940754 0.009421 0.942549 0.010767 0.944345 0.010767 0.94614 0.012113 0.94614 0.013459 0.947935 0.016151 0.947935 0.017497 0.949731 0.018843 0.949731 0.020188 0.951526 0.021534 0.951526 0.02288 0.953321 0.024226 0.953321 0.025572 0.955117 0.028264 0.955117 0.02961 0.956912 0.030956 0.956912 0.032301 0.958707 0.033647 0.958707 0.034993 0.960503 0.02961 0.967684 0.028264 0.967684 0.020188 0.978456 0.018843 0.978456 0.014805 0.983842 0.016151 0.985637 0.016151 0.987433 0.017497 0.989228 0.020188 0.985637 0.021534 0.985637 0.025572 0.980251 0.026918 0.980251 0.032301 0.97307 0.033647 0.97307 0.037685 0.967684 0.039031 0.967684 0.040377 0.965889 0.043069 0.965889 0.044415 0.967684 0.047106 0.967684 0.048452 0.969479 0.051144 0.969479 0.05249 0.971275 0.055182 0.971275 0.056528 0.97307 0.059219 0.97307 0.060565 0.974865 0.063257 0.974865 0.064603 0.976661 0.067295 0.976661 0.068641 0.978456 0.067295 0.980251 0.064603 0.980251 0.063257 0.982047 0.061911 0.982047 0.060565 0.983842 0.057873 0.983842 0.057873 0.985637 0.056528 0.987433 0.056528 0.989228 0.055182 0.991023 0.055182 0.992819 0.053836 0.994614 0.053836 0.996409 0.05249 0.998205 0.266487 0.998205 0.266487 0.987433 0.265141 0.985637 0.265141 0.983842 0.263795 0.982047 0.263795 0.980251 0.26245 0.978456 0.26245 0.974865 0.261104 0.97307 0.261104 0.971275 0.259758 0.969479 0.261104 0.967684 0.28533 0.967684 0.286676 0.965889 0.290713 0.965889 0.292059 0.964093 0.297443 0.964093 0.298789 0.962298 0.302826 0.962298 0.302826 0.960503 0.30148 0.958707 0.30148 0.955117 0.300135 0.953321 0.300135 0.949731 0.298789 0.947935 0.298789 0.942549 0.297443 0.940754 0.297443 0.937163 0.296097 0.935368 0.297443 0.933573 0.298789 0.933573 0.300135 0.935368 0.302826 0.935368 0.304172 0.937163 0.306864 0.937163 0.30821 0.938959 0.310902 0.938959 0.312248 0.940754 0.314939 0.940754 0.318977 0.94614 0.318977 0.947935 0.323015 0.953321 0.323015 0.955117 0.327052 0.960503 0.327052 0.962298 0.328398 0.964093 0.328398 0.97307 0.327052 0.974865 0.327052 0.982047 0.318977 0.992819 0.317631 0.992819 0.313594 0.998205 0.386272 0.998205 0.371467 0.978456 0.370121 0.978456 0.336474 0.933573 0.335128 0.933573 0.317631 0.910233 0.316285 0.912029 0.290713 0.912029 0.269179 0.883303 0.267833 0.885099 0.253028 0.885099 0.247645 0.877917 0.253028 0.870736 0.254374 0.870736 0.265141 0.856373 0.265141 0.847397 0.266487 0.845601 0.266487 0.843806 0.269179 0.840215 0.269179 0.83842 0.273217 0.833034 0.273217 0.831239 0.274563 0.829443 0.271871 0.825853 0.269179 0.829443 0.269179 0.831239 0.26245 0.840215 0.26245 0.842011 0.259758 0.845601 0.259758 0.859964 0.258412 0.861759 0.25572 0.861759 0.254374 0.863555 0.250336 0.863555 0.248991 0.86535 0.246299 0.86535 0.244953 0.867145 0.243607 0.867145 0.242261 0.868941 0.240915 0.868941 0.238223 0.872531 0.236878 0.872531 0.235532 0.874327 0.234186 0.874327 0.23284 0.876122 0.215343 0.876122 0.212651 0.872531 0.212651 0.867145 0.211306 0.86535 0.211306 0.859964 0.20996 0.858169 0.20996 0.852783 0.208614 0.850987 0.208614 0.845601 0.207268 0.843806 0.207268 0.840215 0.199192 0.829443 0.199192 0.827648 0.191117 0.816876 0.185734 0.816876 0.184388 0.815081 0.179004 0.815081 0.177658 0.813285 0.17362 0.813285 0.172275 0.81149 0.166891 0.81149 0.165545 0.809695 0.160162 0.809695 0.158816 0.807899 0.158816 0.806104 0.15747 0.804309 0.15747 0.802513 0.156124 0.800718 0.156124 0.798923 0.154778 0.797127 0.154778 0.795332 0.153432 0.793537 0.153432 0.791741 0.152086 0.789946 0.152086 0.788151 0.15074 0.786355 0.15074 0.78456 0.149394 0.782765 0.149394 0.780969 0.148048 0.779174 0.148048 0.777379 0.141319 0.777379 0.139973 0.775583 0.133244 0.775583 0.131898 0.773788 0.130552 0.775583 0.121131 0.775583 0.119785 0.777379 0.111709 0.777379 0.110363 0.779174 0.100942 0.779174 0.099596 0.780969 0.087483 0.780969 0.086137 0.779174 0.0821 0.779174 0.080754 0.777379 0.078062 0.777379 0.076716 0.775583 0.074024 0.775583 0.072678 0.773788 0.068641 0.773788 0.067295 0.771993 0.064603 0.771993 0.063257 0.770197 0.064603 0.768402 0.069987 0.768402 0.071332 0.766607 0.076716 0.766607 0.078062 0.764811 0.084791 0.764811 0.086137 0.763016 0.091521 0.763016 0.092867 0.761221 0.096904 0.761221 0.09825 0.759425 0.103634 0.759425 0.10498 0.75763 0.109017 0.75763 0.110363 0.755835 0.114401 0.755835 0.115747 0.754039 0.121131 0.754039 0.122476 0.752244 0.126514 0.752244 0.133244 0.743268 0.133244 0.741472 0.139973 0.732496 0.13459 0.725314 0.13459 0.723519 0.135935 0.721724 0.135935 0.719928 0.137281 0.718133 0.137281 0.714542 0.138627 0.712747 0.138627 0.710952 0.139973 0.709156 0.139973 0.707361 0.141319 0.705566 0.141319 0.70377 0.144011 0.70018 0.145357 0.70018 0.148048 0.696589 0.149394 0.696589 0.152086 0.692998 0.153432 0.692998 0.15747 0.687612 0.158816 0.687612 0.161507 0.684022 0.162853 0.684022 0.165545 0.680431 0.166891 0.680431 0.169583 0.67684 0.170929 0.67684 0.165545 0.669659 0.174966 0.657092 0.176312 0.657092 0.184388 0.64632 0.185734 0.648115 0.187079 0.648115 0.189771 0.651706 0.191117 0.64991 0.191117 0.648115 0.196501 0.640934 0.196501 0.639138 0.200538 0.633752 0.201884 0.635548 0.20323 0.635548 0.204576 0.637343 0.207268 0.637343 0.208614 0.639138 0.208614 0.640934 0.20996 0.642729 0.20996 0.648115 0.211306 0.64991 0.211306 0.651706 0.20996 0.653501 0.192463 0.653501 0.193809 0.655296 0.195155 0.655296 0.197847 0.658887 0.199192 0.658887 0.201884 0.662478 0.20323 0.662478 0.205922 0.666068 0.207268 0.666068 0.208614 0.667864 0.211306 0.667864 0.212651 0.669659 0.213997 0.669659 0.215343 0.671454 0.216689 0.669659 0.219381 0.669659 0.220727 0.667864 0.224764 0.667864 0.22611 0.666068 0.228802 0.666068 0.230148 0.664273 0.234186 0.664273 0.235532 0.662478 0.238223 0.662478 0.239569 0.660682 0.246299 0.660682 0.247645 0.662478 0.251682 0.662478 0.253028 0.664273 0.25572 0.664273 0.257066 0.666068 0.254374 0.669659 0.253028 0.669659 0.250336 0.67325 0.248991 0.67325 0.246299 0.67684 0.244953 0.67684 0.242261 0.680431 0.240915 0.680431 0.239569 0.682226 0.231494 0.682226 0.230148 0.684022 0.222073 0.684022 0.220727 0.685817 0.213997 0.685817 0.212651 0.687612 0.204576 0.687612 0.20323 0.689408 0.195155 0.689408 0.195155 0.691203 0.196501 0.692998 0.196501 0.696589 0.197847 0.698384 0.197847 0.70018 0.199192 0.701975 0.199192 0.705566 0.200538 0.707361 0.200538 0.709156 0.201884 0.707361 0.20996 0.707361 0.211306 0.705566 0.219381 0.705566 0.220727 0.70377 0.227456 0.70377 0.228802 0.701975 0.236878 0.701975 0.238223 0.70018 0.246299 0.70018 0.247645 0.698384 0.248991 0.698384 0.251682 0.694794 0.253028 0.694794 0.254374 0.692998 0.25572 0.692998 0.257066 0.691203 0.258412 0.691203 0.261104 0.687612 0.26245 0.687612 0.263795 0.685817 0.265141 0.685817 0.266487 0.684022 0.267833 0.684022 0.270525 0.680431 0.271871 0.680431 0.273217 0.678636 0.274563 0.678636 0.277254 0.682226 0.2786 0.682226 0.289367 0.696589 0.290713 0.696589 0.30148 0.710952 0.302826 0.710952 0.309556 0.719928 0.310902 0.719928 0.312248 0.721724 0.313594 0.721724 0.314939 0.723519 0.316285 0.723519 0.318977 0.72711 0.320323 0.72711 0.321669 0.728905 0.323015 0.728905 0.324361 0.7307 0.325707 0.7307 0.327052 0.732496 0.328398 0.732496 0.329744 0.734291 0.33109 0.734291 0.333782 0.737882 0.335128 0.737882 0.336474 0.739677 0.33782 0.739677 0.339166 0.741472 0.339166 0.745063 0.33782 0.746858 0.33782 0.752244 0.336474 0.754039 0.336474 0.759425 0.335128 0.761221 0.335128 0.766607 0.333782 0.768402 0.333782 0.773788 0.332436 0.775583 0.332436 0.777379 0.333782 0.777379 0.335128 0.779174 0.336474 0.779174 0.33782 0.780969 0.339166 0.779174 0.341857 0.779174 0.343203 0.777379 0.344549 0.777379 0.345895 0.775583 0.348587 0.775583 0.349933 0.773788 0.351279 0.773788 0.352624 0.771993 0.364738 0.771993 0.366083 0.773788 0.366083 0.775583 0.364738 0.777379 0.364738 0.779174 0.363392 0.780969 0.363392 0.782765 0.362046 0.78456 0.362046 0.786355 0.3607 0.788151 0.3607 0.789946 0.359354 0.791741 0.359354 0.793537 0.358008 0.795332 0.358008 0.797127 0.356662 0.798923 0.356662 0.800718 0.355316 0.802513 0.355316 0.804309 0.35397 0.806104 0.35397 0.807899 0.352624 0.809695 0.352624 0.81149 0.349933 0.815081 0.349933 0.816876 0.345895 0.822262 0.345895 0.824057 0.341857 0.829443 0.341857 0.831239 0.336474 0.83842 0.336474 0.840215 0.332436 0.845601 0.332436 0.847397 0.328398 0.852783 0.328398 0.854578 0.323015 0.861759 0.323015 0.863555 0.318977 0.868941 0.318977 0.870736 0.314939 0.876122 0.314939 0.877917 0.312248 0.881508 0.323015 0.881508 0.324361 0.883303 0.335128 0.883303 0.336474 0.885099 0.347241 0.885099 0.348587 0.886894 0.349933 0.885099 0.35397 0.885099 0.355316 0.883303 0.359354 0.883303 0.3607 0.881508 0.364738 0.881508 0.366083 0.879713 0.371467 0.879713 0.372813 0.877917 0.376851 0.877917 0.378197 0.876122 0.382234 0.876122 0.38358 0.874327 0.388964 0.874327 0.39031 0.872531 0.394347 0.872531 0.395693 0.870736 0.401077 0.870736 0.405114 0.86535 0.40646 0.86535 0.411844 0.858169 0.41319 0.858169 0.418573 0.850987 0.419919 0.850987 0.425303 0.843806 0.426649 0.843806 0.429341 0.840215 0.432032 0.840215 0.433378 0.842011 0.434724 0.842011 0.43607 0.843806 0.438762 0.843806 0.440108 0.845601 0.441454 0.845601 0.442799 0.847397 0.445491 0.847397 0.446837 0.849192 0.444145 0.845601 0.442799 0.845601 0.434724 0.834829 0.433378 0.834829 0.429341 0.829443 0.429341 0.824057 0.430686 0.822262 0.430686 0.818671 0.440108 0.806104 0.441454 0.806104 0.457604 0.78456 0.45895 0.78456 0.467026 0.773788 0.468371 0.773788 0.469717 0.775583 0.471063 0.775583 0.472409 0.777379 0.473755 0.777379 0.475101 0.779174 0.476447 0.779174 0.477793 0.780969 0.479139 0.780969 0.480485 0.782765 0.48183 0.782765 0.483176 0.78456 0.484522 0.78456 0.485868 0.786355 0.487214 0.786355 0.48856 0.788151 0.489906 0.788151 0.491252 0.789946 0.492598 0.789946 0.493943 0.791741 0.493943 0.802513 0.492598 0.804309 0.492598 0.827648 0.491252 0.829443 0.491252 0.852783 0.489906 0.854578 0.489906 0.86535 0.48856 0.867145 0.485868 0.867145 0.484522 0.868941 0.480485 0.868941 0.479139 0.870736 0.476447 0.870736 0.475101 0.872531 0.471063 0.872531 0.469717 0.874327 0.467026 0.874327 0.46568 0.876122 0.461642 0.876122 0.460296 0.877917 0.457604 0.877917 0.456258 0.879713 0.452221 0.879713 0.450875 0.881508 0.448183 0.881508 0.450875 0.881508 0.452221 0.883303 0.456258 0.883303 0.457604 0.885099 0.460296 0.885099 0.461642 0.886894 0.464334 0.886894 0.46568 0.888689 0.469717 0.888689 0.471063 0.890485 0.473755 0.890485 0.475101 0.89228 0.477793 0.89228 0.479139 0.894075 0.483176 0.894075 0.484522 0.895871 0.487214 0.895871 0.48856 0.897666 0.491252 0.897666 0.492598 0.899461 0.496635 0.899461 0.497981 0.901257 0.500673 0.901257 0.503365 0.904847 0.503365 0.906643 0.504711 0.908438 0.504711 0.910233 0.506057 0.912029 0.506057 0.913824 0.507402 0.915619 0.507402 0.917415 0.508748 0.91921 0.507402 0.921005 0.507402 0.922801 0.503365 0.928187 0.503365 0.929982 0.499327 0.935368 0.499327 0.937163 0.497981 0.938959 0.497981 0.942549 0.499327 0.944345 0.499327 0.953321 0.500673 0.955117 0.500673 0.958707 0.502019 0.958707 0.503365 0.960503 0.506057 0.960503 0.507402 0.962298 0.508748 0.962298 0.510094 0.964093 0.51144 0.964093 0.512786 0.965889 0.514132 0.965889 0.515478 0.967684 0.51817 0.967684 0.519515 0.969479 0.520861 0.969479 0.522207 0.971275 0.523553 0.971275 0.524899 0.97307 0.526245 0.97307 0.527591 0.974865 0.528937 0.974865 0.530283 0.976661 0.531629 0.976661 0.532974 0.978456 0.53432 0.978456 0.535666 0.980251 0.537012 0.980251 0.538358 0.982047 0.539704 0.982047 0.54105 0.983842 0.542396 0.983842 0.545087 0.987433 0.546433 0.987433 0.547779 0.989228 0.549125 0.989228 0.550471 0.991023 0.551817 0.991023 0.553163 0.992819 0.554509 0.992819 0.555855 0.994614 0.557201 0.994614 0.558546 0.996409 0.559892 0.996409 0.561238 0.998205 0.998654 0.998205 0.998654 0.953321 0.994616 0.953321 0.993271 0.951526 0.989233 0.951526 0.987887 0.949731 0.982503 0.949731 0.981157 0.947935 0.975774 0.947935 0.974428 0.94614 0.97039 0.94614 0.969044 0.944345 0.963661 0.944345 0.962315 0.942549 0.958277 0.942549 0.956931 0.940754 0.951548 0.940754 0.950202 0.938959 0.950202 0.951526 0.948856 0.953321 0.946164 0.953321 0.944818 0.951526 0.939435 0.951526 0.938089 0.949731 0.934051 0.949731 0.932705 0.947935 0.930013 0.947935 0.928668 0.94614 0.927322 0.94614 0.925976 0.944345 0.923284 0.944345 0.921938 0.942549 0.920592 0.942549 0.919246 0.940754 0.916555 0.940754 0.915209 0.938959 0.913863 0.938959 0.912517 0.937163 0.911171 0.938959 0.909825 0.938959 0.908479 0.940754 0.907133 0.940754 0.904441 0.944345 0.903096 0.944345 0.90175 0.94614 0.900404 0.94614 0.893674 0.937163 0.892328 0.937163 0.884253 0.926391 0.885599 0.924596 0.889637 0.924596 0.890983 0.926391 0.890983 0.924596 0.892328 0.922801 0.892328 0.921005 0.893674 0.91921 0.893674 0.917415 0.89502 0.915619 0.89502 0.913824 0.896366 0.912029 0.896366 0.910233 0.899058 0.906643 0.903096 0.906643 0.904441 0.904847 0.907133 0.904847 0.908479 0.903052 0.912517 0.903052 0.913863 0.901257 0.916555 0.901257 0.9179 0.899461 0.920592 0.899461 0.921938 0.897666 0.958277 0.897666 0.959623 0.899461 0.958277 0.901257 0.958277 0.903052 0.956931 0.904847 0.956931 0.906643 0.955585 0.908438 0.955585 0.910233 0.95424 0.912029 0.952894 0.910233 0.94751 0.910233 0.946164 0.908438 0.942127 0.908438 0.946164 0.913824 0.946164 0.915619 0.951548 0.922801 0.95424 0.922801 0.955585 0.924596 0.956931 0.924596 0.958277 0.926391 0.960969 0.926391 0.962315 0.928187 0.965007 0.928187 0.966353 0.929982 0.969044 0.929982 0.97039 0.931777 0.971736 0.931777 0.973082 0.933573 0.975774 0.933573 0.97712 0.935368 0.978466 0.933573 0.981157 0.933573 0.982503 0.931777 0.986541 0.931777 0.987887 0.929982 0.990579 0.929982 0.991925 0.928187 0.995962 0.928187 0.997308 0.926391 0.998654 0.926391 0.998654 0.856373 0.975774 0.856373 0.974428 0.854578 0.967699 0.854578 0.966353 0.852783 0.960969 0.852783 0.950202 0.83842 0.950202 0.834829 0.951548 0.833034 0.951548 0.824057 0.952894 0.822262 0.952894 0.820467 0.95424 0.818671 0.956931 0.822262 0.958277 0.822262 0.960969 0.825853 0.962315 0.825853 0.965007 0.829443 0.966353 0.829443 0.969044 0.833034 0.97039 0.833034 0.973082 0.836625 0.974428 0.836625 0.97712 0.840215 0.978466 0.840215 0.981157 0.843806 0.982503 0.842011 0.985195 0.842011 0.986541 0.840215 0.990579 0.840215 0.991925 0.83842 0.994616 0.83842 0.995962 0.836625 0.998654 0.836625 0.998654 0.818671 0.993271 0.81149 0.993271 0.809695 0.981157 0.793537 0.981157 0.791741 0.974428 0.782765 0.974428 0.780969 0.973082 0.779174 0.973082 0.773788 0.971736 0.771993 0.971736 0.766607 0.973082 0.764811 0.973082 0.763016 0.974428 0.761221 0.974428 0.759425 0.975774 0.75763 0.975774 0.755835 0.97712 0.754039 0.97712 0.752244 0.978466 0.750449 0.978466 0.748654 0.979812 0.746858 0.979812 0.745063 0.981157 0.743268 0.966353 0.743268 0.965007 0.741472 0.960969 0.741472 0.959623 0.739677 0.95424 0.739677 0.952894 0.737882 0.948856 0.737882 0.94751 0.736086 0.943472 0.736086 0.942127 0.734291 0.938089 0.734291 0.936743 0.732496 0.936743 0.734291 0.938089 0.736086 0.938089 0.737882 0.939435 0.739677 0.939435 0.741472 0.940781 0.743268 0.940781 0.746858 0.942127 0.748654 0.942127 0.750449 0.943472 0.752244 0.943472 0.754039 0.942127 0.755835 0.925976 0.755835 0.92463 0.75763 0.909825 0.75763 0.908479 0.759425 0.893674 0.759425 0.892328 0.761221 0.87214 0.761221 0.870794 0.763016 0.864065 0.754039 0.864065 0.752244 0.857335 0.743268 0.858681 0.741472 0.858681 0.739677 0.860027 0.737882 0.860027 0.736086 0.861373 0.734291 0.861373 0.732496 0.862719 0.7307 0.862719 0.728905 0.864065 0.72711 0.864065 0.725314 0.868102 0.719928 0.869448 0.719928 0.87214 0.716338 0.873486 0.716338 0.877524 0.710952 0.878869 0.710952 0.881561 0.707361 0.882907 0.707361 0.885599 0.70377 0.886945 0.70377 0.890983 0.698384 0.892328 0.698384 0.89502 0.694794 0.896366 0.694794 0.899058 0.691203 0.900404 0.692998 0.9179 0.692998 0.921938 0.687612 0.923284 0.687612 0.928668 0.680431 0.935397 0.689408 0.934051 0.691203 0.939435 0.698384 0.940781 0.696589 0.950202 0.696589 0.951548 0.694794 0.962315 0.694794 0.963661 0.696589 0.965007 0.696589 0.966353 0.698384 0.969044 0.698384 0.97039 0.70018 0.971736 0.70018 0.973082 0.701975 0.974428 0.701975 0.975774 0.70377 0.97712 0.70377 0.978466 0.705566 0.981157 0.705566 0.982503 0.707361 0.983849 0.707361 0.985195 0.709156 0.986541 0.709156 0.987887 0.710952 0.989233 0.710952 0.990579 0.712747 0.993271 0.712747 0.994616 0.714542 0.995962 0.714542 0.997308 0.716338 0.998654 0.716338 0.998654 0.637343 0.990579 0.637343 0.989233 0.635548 0.981157 0.635548 0.979812 0.633752 0.985195 0.626571 0.986541 0.626571 0.990579 0.621185 0.990579 0.61939 0.989233 0.617594 0.989233 0.615799 0.987887 0.614004 0.987887 0.612208 0.986541 0.614004 0.981157 0.614004 0.979812 0.615799 0.973082 0.615799 0.971736 0.617594 0.969044 0.617594 0.967699 0.615799 0.967699 0.614004 0.971736 0.608618 0.971736 0.606822 0.973082 0.605027 0.973082 0.599641 0.971736 0.597846 0.971736 0.590664 0.97039 0.59246 0.963661 0.59246 0.962315 0.594255 0.956931 0.594255 0.955585 0.59605 0.948856 0.59605 0.94751 0.597846 0.940781 0.597846 0.940781 0.601436 0.942127 0.603232 0.942127 0.608618 0.943472 0.610413 0.943472 0.617594 0.944818 0.61939 0.944818 0.62298 0.943472 0.624776 0.942127 0.624776 0.940781 0.626571 0.939435 0.626571 0.938089 0.628366 0.935397 0.628366 0.934051 0.630162 0.932705 0.630162 0.931359 0.631957 0.930013 0.631957 0.928668 0.633752 0.927322 0.633752 0.925976 0.635548 0.923284 0.635548 0.921938 0.637343 0.920592 0.637343 0.919246 0.639138 0.9179 0.639138 0.916555 0.640934 0.907133 0.640934 0.905787 0.642729 0.897712 0.642729 0.896366 0.644524 0.889637 0.644524 0.888291 0.642729 0.888291 0.640934 0.890983 0.637343 0.890983 0.635548 0.89502 0.630162 0.89502 0.628366 0.897712 0.624776 0.897712 0.62298 0.900404 0.61939 0.900404 0.617594 0.904441 0.612208 0.904441 0.610413 0.907133 0.606822 0.907133 0.605027 0.909825 0.601436 0.911171 0.601436 0.913863 0.597846 0.915209 0.597846 0.916555 0.59605 0.9179 0.59605 0.919246 0.594255 0.920592 0.594255 0.923284 0.590664 0.92463 0.590664 0.92463 0.585278 0.923284 0.583483 0.923284 0.576302 0.92463 0.574506 0.930013 0.574506 0.931359 0.572711 0.938089 0.572711 0.939435 0.570916 0.944818 0.570916 0.946164 0.56912 0.952894 0.56912 0.95424 0.567325 0.959623 0.567325 0.960969 0.56553 0.960969 0.563734 0.963661 0.560144 0.962315 0.558348 0.962315 0.556553 0.960969 0.554758 0.960969 0.552962 0.959623 0.551167 0.959623 0.549372 0.958277 0.547576 0.958277 0.545781 0.956931 0.543986 0.956931 0.54219 0.955585 0.543986 0.932705 0.543986 0.931359 0.545781 0.907133 0.545781 0.905787 0.543986 0.904441 0.543986 0.900404 0.5386 0.899058 0.5386 0.89502 0.533214 0.893674 0.533214 0.890983 0.529623 0.882907 0.529623 0.881561 0.527828 0.873486 0.527828 0.87214 0.526032 0.870794 0.527828 0.862719 0.527828 0.861373 0.529623 0.854643 0.529623 0.853297 0.531418 0.845222 0.531418 0.843876 0.533214 0.835801 0.533214 0.834455 0.535009 0.82638 0.535009 0.825034 0.536804 0.818304 0.536804 0.816958 0.5386 0.808883 0.5386 0.807537 0.540395 0.783311 0.540395 0.781965 0.54219 0.756393 0.54219 0.755047 0.540395 0.753701 0.540395 0.749664 0.535009 0.748318 0.535009 0.742934 0.527828 0.741588 0.527828 0.724092 0.504488 0.725437 0.502693 0.726783 0.502693 0.728129 0.500898 0.730821 0.500898 0.732167 0.499102 0.733513 0.499102 0.734859 0.497307 0.74428 0.497307 0.745626 0.499102 0.752355 0.499102 0.753701 0.500898 0.755047 0.500898 0.756393 0.502693 0.757739 0.502693 0.759085 0.504488 0.760431 0.504488 0.761777 0.506284 0.763122 0.506284 0.764468 0.508079 0.765814 0.506284 0.76716 0.506284 0.769852 0.502693 0.771198 0.502693 0.77389 0.499102 0.779273 0.499102 0.780619 0.500898 0.784657 0.500898 0.786003 0.502693 0.79004 0.502693 0.791386 0.504488 0.79677 0.504488 0.798116 0.506284 0.802153 0.506284 0.803499 0.508079 0.808883 0.508079 0.810229 0.509874 0.814266 0.509874 0.815612 0.51167 0.820996 0.51167 0.822342 0.513465 0.823688 0.51167 0.831763 0.51167 0.833109 0.509874 0.839838 0.509874 0.841184 0.508079 0.84926 0.508079 0.850606 0.506284 0.857335 0.506284 0.858681 0.504488 0.866756 0.504488 0.868102 0.502693 0.869448 0.502693 0.870794 0.500898 0.873486 0.500898 0.874832 0.499102 0.876178 0.499102 0.877524 0.497307 0.880215 0.497307 0.881561 0.495512 0.882907 0.495512 0.884253 0.493716 0.886945 0.493716 0.888291 0.491921 0.892328 0.491921 0.893674 0.490126 0.896366 0.490126 0.897712 0.48833 0.899058 0.48833 0.90175 0.48474 0.903096 0.48474 0.904441 0.482944 0.905787 0.482944 0.908479 0.479354 0.909825 0.479354 0.911171 0.477558 0.912517 0.477558 0.913863 0.475763 0.915209 0.475763 0.9179 0.472172 0.919246 0.472172 0.919246 0.468582 0.9179 0.466786 0.9179 0.4614 0.916555 0.463196 0.908479 0.463196 0.907133 0.464991 0.899058 0.464991 0.897712 0.466786 0.890983 0.466786 0.889637 0.468582 0.881561 0.468582 0.880215 0.470377 0.87214 0.470377 0.870794 0.472172 0.843876 0.472172 0.84253 0.470377 0.825034 0.470377 0.823688 0.468582 0.815612 0.468582 0.814266 0.466786 0.806191 0.466786 0.804845 0.464991 0.79677 0.464991 0.795424 0.463196 0.795424 0.452424 0.794078 0.450628 0.794078 0.448833 0.792732 0.447038 0.792732 0.445242 0.791386 0.443447 0.791386 0.441652 0.79004 0.439856 0.795424 0.432675 0.79677 0.432675 0.799462 0.429084 0.800808 0.43088 0.800808 0.445242 0.804845 0.445242 0.806191 0.447038 0.810229 0.447038 0.811575 0.448833 0.815612 0.448833 0.816958 0.450628 0.818304 0.450628 0.81965 0.452424 0.820996 0.452424 0.822342 0.454219 0.823688 0.454219 0.825034 0.456014 0.827725 0.456014 0.829071 0.45781 0.830417 0.45781 0.831763 0.459605 0.833109 0.459605 0.834455 0.4614 0.835801 0.4614 0.837147 0.463196 0.838493 0.4614 0.87214 0.4614 0.87214 0.459605 0.873486 0.45781 0.873486 0.456014 0.874832 0.454219 0.874832 0.452424 0.866756 0.441652 0.858681 0.441652 0.857335 0.439856 0.84926 0.439856 0.847914 0.438061 0.841184 0.438061 0.839838 0.436266 0.831763 0.436266 0.830417 0.43447 0.831763 0.432675 0.837147 0.432675 0.838493 0.43088 0.843876 0.43088 0.845222 0.429084 0.84926 0.429084 0.850606 0.427289 0.855989 0.427289 0.857335 0.425494 0.87214 0.425494 0.873486 0.427289 0.874832 0.425494 0.878869 0.425494 0.880215 0.423698 0.884253 0.423698 0.885599 0.421903 0.890983 0.421903 0.892328 0.420108 0.897712 0.420108 0.899058 0.421903 0.90175 0.421903 0.903096 0.423698 0.904441 0.423698 0.905787 0.425494 0.908479 0.425494 0.909825 0.427289 0.911171 0.427289 0.912517 0.429084 0.915209 0.429084 0.916555 0.43088 0.9179 0.43088 0.919246 0.432675 0.921938 0.432675 0.923284 0.43447 0.92463 0.43447 0.925976 0.436266 0.928668 0.436266 0.930013 0.438061 0.931359 0.438061 0.932705 0.439856 0.934051 0.438061 0.940781 0.438061 0.942127 0.436266 0.951548 0.436266 0.95424 0.439856 0.955585 0.439856 0.958277 0.443447 0.959623 0.443447 0.960969 0.445242 0.962315 0.445242 0.965007 0.448833 0.966353 0.448833 0.969044 0.452424 0.97039 0.452424 0.973082 0.456014 0.974428 0.456014 0.975774 0.45781 0.97712 0.456014 0.978466 0.456014 0.981157 0.452424 0.982503 0.452424 0.983849 0.450628 0.985195 0.450628 0.987887 0.447038 0.989233 0.447038 0.991925 0.443447 0.993271 0.443447 0.994616 0.441652 0.995962 0.441652 0.998654 0.438061 0.998654 0.321364 0.967699 0.321364 0.966353 0.319569 0.958277 0.319569 0.956931 0.317774 0.94751 0.317774 0.946164 0.315978 0.938089 0.315978 0.936743 0.314183 0.927322 0.314183 0.925976 0.312388 0.9179 0.312388 0.916555 0.310592 0.907133 0.310592 0.905787 0.308797 0.897712 0.308797 0.896366 0.307002 0.886945 0.307002 0.885599 0.305206 0.877524 0.305206
1 0.072678 0.280072 0.071332 0.281867 0.063257 0.281867 0.061911 0.283662 0.053836 0.283662 0.05249 0.285458 0.043069 0.285458 0.041723 0.287253 0.001346 0.287253 0.0 0.285458 0.0 0.298025 0.001346 0.29623 0.02961 0.29623 0.030956 0.294434 0.05249 0.294434 0.053836 0.292639 0.064603 0.292639 0.065949 0.290844 0.076716 0.290844 0.078062 0.289048 0.088829 0.289048 0.088829 0.281867 0.074024 0.281867
1 0.741588 0.262118 0.740242 0.263914 0.734859 0.263914 0.732167 0.267504 0.730821 0.267504 0.728129 0.271095 0.722746 0.271095 0.7214 0.27289 0.716016 0.27289 0.71467 0.274686 0.707941 0.274686 0.706595 0.276481 0.656797 0.276481 0.655451 0.274686 0.655451 0.276481 0.654105 0.278276 0.654105 0.280072 0.651413 0.283662 0.636608 0.283662 0.635262 0.281867 0.619112 0.281867 0.617766 0.280072 0.617766 0.29982 0.619112 0.298025 0.660834 0.298025 0.66218 0.29982 0.667564 0.29982 0.66891 0.301616 0.672948 0.301616 0.674293 0.303411 0.679677 0.303411 0.681023 0.305206 0.679677 0.307002 0.676985 0.307002 0.675639 0.308797 0.672948 0.308797 0.671602 0.310592 0.66891 0.310592 0.667564 0.312388 0.663526 0.312388 0.66218 0.314183 0.659489 0.314183 0.658143 0.315978 0.655451 0.315978 0.654105 0.317774 0.652759 0.317774 0.651413 0.319569 0.648721 0.319569 0.647376 0.321364 0.64603 0.321364 0.644684 0.32316 0.641992 0.32316 0.640646 0.324955 0.6393 0.324955 0.637954 0.32675 0.633917 0.32675 0.632571 0.328546 0.629879 0.328546 0.628533 0.330341 0.624495 0.330341 0.623149 0.332136 0.619112 0.332136 0.620458 0.332136 0.623149 0.335727 0.624495 0.335727 0.627187 0.339318 0.628533 0.339318 0.629879 0.341113 0.629879 0.346499 0.628533 0.348294 0.628533 0.351885 0.641992 0.351885 0.643338 0.35368 0.64603 0.35009 0.647376 0.35009 0.650067 0.346499 0.651413 0.346499 0.651413 0.342908 0.650067 0.341113 0.650067 0.335727 0.651413 0.333932 0.651413 0.332136 0.652759 0.330341 0.652759 0.328546 0.654105 0.32675 0.66218 0.32675 0.663526 0.328546 0.670256 0.328546 0.671602 0.330341 0.679677 0.330341 0.681023 0.332136 0.682369 0.330341 0.752355 0.330341 0.753701 0.332136 0.752355 0.333932 0.746972 0.333932 0.745626 0.335727 0.741588 0.335727 0.740242 0.337522 0.734859 0.337522 0.733513 0.339318 0.705249 0.339318 0.703903 0.341113 0.703903 0.342908 0.699865 0.348294 0.699865 0.35009 0.69852 0.351885 0.699865 0.35009 0.730821 0.35009 0.732167 0.348294 0.734859 0.348294 0.736205 0.346499 0.738896 0.346499 0.740242 0.344704 0.742934 0.344704 0.74428 0.342908 0.746972 0.342908 0.748318 0.341113 0.751009 0.341113 0.752355 0.339318 0.755047 0.339318 0.756393 0.337522 0.759085 0.337522 0.760431 0.335727 0.763122 0.335727 0.76716 0.341113 0.764468 0.344704 0.763122 0.344704 0.760431 0.348294 0.759085 0.348294 0.756393 0.351885 0.755047 0.351885 0.751009 0.357271 0.749664 0.357271 0.746972 0.360862 0.745626 0.360862 0.742934 0.364452 0.741588 0.364452 0.740242 0.366248 0.741588 0.368043 0.740242 0.369838 0.738896 0.369838 0.736205 0.373429 0.734859 0.373429 0.736205 0.373429 0.73755 0.375224 0.738896 0.375224 0.740242 0.37702 0.741588 0.37702 0.742934 0.378815 0.74428 0.37702 0.749664 0.37702 0.751009 0.375224 0.756393 0.375224 0.757739 0.373429 0.764468 0.373429 0.765814 0.371634 0.771198 0.371634 0.772544 0.369838 0.776581 0.369838 0.777927 0.368043 0.781965 0.368043 0.783311 0.366248 0.787349 0.366248 0.784657 0.366248 0.783311 0.364452 0.781965 0.364452 0.780619 0.362657 0.777927 0.362657 0.776581 0.360862 0.775236 0.360862 0.77389 0.359066 0.775236 0.357271 0.776581 0.357271 0.777927 0.355476 0.779273 0.355476 0.780619 0.35368 0.781965 0.35368 0.783311 0.351885 0.784657 0.351885 0.786003 0.35009 0.788694 0.35009 0.79004 0.348294 0.791386 0.348294 0.792732 0.346499 0.795424 0.346499 0.794078 0.346499 0.791386 0.342908 0.79004 0.342908 0.788694 0.341113 0.79004 0.339318 0.794078 0.339318 0.794078 0.337522 0.795424 0.335727 0.795424 0.333932 0.79677 0.332136 0.781965 0.332136 0.780619 0.330341 0.781965 0.328546 0.783311 0.328546 0.784657 0.32675 0.786003 0.32675 0.787349 0.324955 0.788694 0.324955 0.79004 0.32316 0.792732 0.32316 0.794078 0.321364 0.795424 0.321364 0.79677 0.319569 0.798116 0.319569 0.799462 0.317774 0.800808 0.317774 0.772544 0.317774 0.771198 0.315978 0.768506 0.315978 0.76716 0.314183 0.764468 0.314183 0.763122 0.312388 0.761777 0.312388 0.760431 0.310592 0.757739 0.310592 0.756393 0.308797 0.753701 0.308797 0.752355 0.307002 0.751009 0.308797 0.74428 0.308797 0.742934 0.310592 0.736205 0.310592 0.734859 0.312388 0.729475 0.312388 0.728129 0.314183 0.724092 0.314183 0.722746 0.315978 0.718708 0.315978 0.717362 0.317774 0.707941 0.317774 0.703903 0.312388 0.703903 0.310592 0.699865 0.305206 0.699865 0.303411 0.697174 0.29982 0.697174 0.298025 0.69852 0.29623 0.69852 0.292639 0.701211 0.289048 0.702557 0.289048 0.703903 0.290844 0.706595 0.290844 0.707941 0.292639 0.709287 0.292639 0.710633 0.294434 0.711978 0.294434 0.713324 0.29623 0.729475 0.29623 0.730821 0.298025 0.745626 0.298025 0.746972 0.29982 0.776581 0.29982 0.777927 0.301616 0.780619 0.301616 0.781965 0.303411 0.784657 0.303411 0.786003 0.305206 0.788694 0.305206 0.79004 0.307002 0.794078 0.307002 0.795424 0.308797 0.798116 0.308797 0.799462 0.310592 0.802153 0.310592 0.803499 0.312388 0.806191 0.312388 0.807537 0.314183 0.810229 0.314183 0.811575 0.315978 0.812921 0.314183 0.816958 0.314183 0.818304 0.312388 0.820996 0.312388 0.822342 0.310592 0.82638 0.310592 0.825034 0.310592 0.823688 0.308797 0.822342 0.308797 0.820996 0.307002 0.818304 0.307002 0.816958 0.305206 0.815612 0.305206 0.814266 0.303411 0.812921 0.303411 0.811575 0.301616 0.810229 0.301616 0.808883 0.29982 0.807537 0.29982 0.806191 0.298025 0.803499 0.298025 0.802153 0.29623 0.800808 0.29623 0.799462 0.294434 0.798116 0.294434 0.79677 0.292639 0.795424 0.292639 0.794078 0.290844 0.792732 0.290844 0.791386 0.289048 0.79004 0.289048 0.788694 0.287253 0.786003 0.287253 0.784657 0.285458 0.783311 0.285458 0.781965 0.283662 0.780619 0.283662 0.769852 0.2693 0.765814 0.2693 0.764468 0.267504 0.759085 0.267504 0.757739 0.265709 0.753701 0.265709 0.752355 0.263914 0.751009 0.265709 0.749664 0.265709 0.746972 0.2693 0.745626 0.2693 0.742934 0.265709 0.742934 0.263914
1 0.831763 0.235189 0.830417 0.236984 0.827725 0.236984 0.82638 0.238779 0.822342 0.238779 0.820996 0.240575 0.818304 0.240575 0.815612 0.244165 0.815612 0.245961 0.812921 0.249551 0.812921 0.251346 0.811575 0.253142 0.811575 0.254937 0.837147 0.254937 0.838493 0.253142 0.841184 0.253142 0.84253 0.251346 0.845222 0.251346 0.846568 0.249551 0.84926 0.249551 0.850606 0.247756 0.853297 0.247756 0.854643 0.245961 0.857335 0.245961 0.858681 0.244165 0.861373 0.244165 0.862719 0.24237 0.86541 0.24237 0.866756 0.240575 0.869448 0.240575 0.858681 0.240575 0.857335 0.238779 0.845222 0.238779 0.843876 0.236984 0.833109 0.236984
1 0.998654 0.21544 0.997308 0.217235 0.995962 0.217235 0.994616 0.219031 0.993271 0.219031 0.991925 0.220826 0.990579 0.220826 0.989233 0.222621 0.987887 0.222621 0.986541 0.224417 0.985195 0.224417 0.983849 0.226212 0.982503 0.226212 0.981157 0.228007 0.979812 0.228007 0.97712 0.231598 0.975774 0.231598 0.974428 0.233393 0.973082 0.233393 0.971736 0.235189 0.97039 0.235189 0.969044 0.236984 0.967699 0.236984 0.966353 0.238779 0.965007 0.238779 0.963661 0.240575 0.962315 0.240575 0.960969 0.24237 0.959623 0.24237 0.952894 0.251346 0.951548 0.251346 0.944818 0.260323 0.946164 0.262118 0.946164 0.263914 0.94751 0.265709 0.94751 0.267504 0.948856 0.2693 0.960969 0.2693 0.962315 0.271095 0.974428 0.271095 0.975774 0.27289 0.986541 0.27289 0.987887 0.274686 0.998654 0.274686
1 0.23284 0.21544 0.23284 0.249551 0.231494 0.251346 0.230148 0.251346 0.228802 0.249551 0.227456 0.249551 0.22611 0.247756 0.224764 0.249551 0.223419 0.249551 0.220727 0.253142 0.219381 0.253142 0.216689 0.256732 0.215343 0.256732 0.215343 0.258528 0.213997 0.260323 0.213997 0.262118 0.212651 0.263914 0.212651 0.265709 0.219381 0.265709 0.220727 0.267504 0.230148 0.267504 0.231494 0.2693 0.23284 0.267504 0.248991 0.267504 0.250336 0.265709 0.25572 0.265709 0.257066 0.263914 0.263795 0.263914 0.265141 0.262118 0.271871 0.262118 0.273217 0.260323 0.2786 0.260323 0.279946 0.258528 0.286676 0.258528 0.288022 0.256732 0.288022 0.254937 0.289367 0.253142 0.28533 0.253142 0.283984 0.251346 0.281292 0.251346 0.279946 0.249551 0.2786 0.251346 0.271871 0.251346 0.270525 0.253142 0.267833 0.253142 0.266487 0.251346 0.269179 0.247756 0.270525 0.247756 0.273217 0.244165 0.274563 0.244165 0.277254 0.240575 0.281292 0.240575 0.282638 0.24237 0.28533 0.24237 0.286676 0.244165 0.289367 0.244165 0.290713 0.245961 0.293405 0.245961 0.294751 0.247756 0.297443 0.247756 0.298789 0.249551 0.30148 0.249551 0.302826 0.251346 0.305518 0.251346 0.306864 0.253142 0.310902 0.253142 0.312248 0.254937 0.316285 0.254937 0.317631 0.256732 0.320323 0.256732 0.321669 0.258528 0.325707 0.258528 0.327052 0.260323 0.33109 0.260323 0.332436 0.262118 0.333782 0.260323 0.339166 0.260323 0.340511 0.258528 0.345895 0.258528 0.344549 0.256732 0.343203 0.256732 0.340511 0.253142 0.339166 0.253142 0.336474 0.249551 0.335128 0.249551 0.332436 0.245961 0.328398 0.245961 0.327052 0.244165 0.324361 0.244165 0.323015 0.24237 0.318977 0.24237 0.317631 0.240575 0.313594 0.240575 0.312248 0.238779 0.309556 0.238779 0.30821 0.236984 0.304172 0.236984 0.302826 0.235189 0.30148 0.235189 0.300135 0.233393 0.297443 0.233393 0.296097 0.231598 0.294751 0.231598 0.293405 0.229803 0.292059 0.229803 0.290713 0.228007 0.289367 0.228007 0.288022 0.226212 0.28533 0.226212 0.283984 0.224417 0.282638 0.224417 0.281292 0.222621 0.279946 0.222621 0.2786 0.220826 0.277254 0.222621 0.275908 0.222621 0.273217 0.226212 0.271871 0.226212 0.270525 0.228007 0.269179 0.228007 0.267833 0.229803 0.266487 0.229803 0.263795 0.233393 0.26245 0.233393 0.259758 0.236984 0.258412 0.236984 0.25572 0.240575 0.254374 0.240575 0.251682 0.244165 0.250336 0.244165 0.247645 0.247756 0.246299 0.245961 0.246299 0.244165 0.247645 0.24237 0.247645 0.238779 0.248991 0.236984 0.248991 0.235189 0.250336 0.233393 0.250336 0.228007 0.248991 0.226212 0.248991 0.222621 0.247645 0.224417 0.247645 0.226212 0.246299 0.228007 0.246299 0.229803 0.244953 0.231598 0.244953 0.233393 0.242261 0.236984 0.242261 0.238779 0.240915 0.240575 0.240915 0.24237 0.239569 0.244165 0.239569 0.245961 0.238223 0.247756 0.236878 0.247756 0.235532 0.245961 0.235532 0.235189 0.236878 0.233393 0.236878 0.222621 0.234186 0.219031 0.234186 0.217235
1 0.557201 0.195691 0.555855 0.197487 0.554509 0.197487 0.553163 0.199282 0.551817 0.199282 0.550471 0.201077 0.547779 0.201077 0.546433 0.202873 0.545087 0.202873 0.545087 0.206463 0.543742 0.208259 0.543742 0.213645 0.542396 0.21544 0.542396 0.217235 0.545087 0.217235 0.546433 0.219031 0.549125 0.219031 0.550471 0.220826 0.553163 0.220826 0.554509 0.222621 0.570659 0.222621 0.572005 0.224417 0.573351 0.222621 0.578735 0.222621 0.577389 0.220826 0.577389 0.219031 0.576043 0.217235 0.576043 0.21544 0.574697 0.213645 0.574697 0.211849 0.573351 0.210054 0.573351 0.208259 0.572005 0.206463 0.572005 0.204668 0.570659 0.202873 0.570659 0.201077 0.569314 0.199282 0.569314 0.197487 0.558546 0.197487
1 0.516824 0.172352 0.515478 0.174147 0.507402 0.174147 0.506057 0.175943 0.497981 0.175943 0.497981 0.18851 0.491252 0.197487 0.491252 0.199282 0.489906 0.201077 0.489906 0.202873 0.48856 0.204668 0.48856 0.206463 0.487214 0.208259 0.487214 0.210054 0.485868 0.211849 0.484522 0.211849 0.483176 0.213645 0.476447 0.213645 0.475101 0.211849 0.473755 0.211849 0.471063 0.208259 0.469717 0.208259 0.46568 0.202873 0.46568 0.201077 0.464334 0.199282 0.464334 0.197487 0.462988 0.195691 0.461642 0.197487 0.456258 0.197487 0.454913 0.199282 0.454913 0.201077 0.450875 0.206463 0.433378 0.206463 0.432032 0.208259 0.421265 0.208259 0.421265 0.210054 0.419919 0.211849 0.419919 0.213645 0.418573 0.21544 0.433378 0.21544 0.434724 0.217235 0.440108 0.217235 0.441454 0.219031 0.445491 0.219031 0.446837 0.220826 0.448183 0.220826 0.449529 0.222621 0.450875 0.222621 0.452221 0.224417 0.453567 0.224417 0.454913 0.226212 0.456258 0.226212 0.457604 0.228007 0.45895 0.228007 0.460296 0.229803 0.461642 0.229803 0.462988 0.231598 0.480485 0.231598 0.48183 0.233393 0.487214 0.233393 0.48856 0.235189 0.489906 0.233393 0.491252 0.233393 0.492598 0.231598 0.495289 0.231598 0.496635 0.229803 0.507402 0.229803 0.508748 0.231598 0.508748 0.233393 0.510094 0.235189 0.510094 0.236984 0.51144 0.238779 0.512786 0.236984 0.523553 0.236984 0.524899 0.235189 0.528937 0.235189 0.530283 0.233393 0.53432 0.233393 0.535666 0.231598 0.538358 0.231598 0.539704 0.229803 0.543742 0.229803 0.535666 0.229803 0.53432 0.228007 0.528937 0.228007 0.527591 0.226212 0.522207 0.226212 0.520861 0.224417 0.515478 0.224417 0.514132 0.222621 0.510094 0.222621 0.508748 0.220826 0.507402 0.222621 0.504711 0.222621 0.503365 0.224417 0.499327 0.224417 0.497981 0.226212 0.495289 0.226212 0.489906 0.219031 0.491252 0.217235 0.495289 0.217235 0.496635 0.21544 0.502019 0.21544 0.503365 0.213645 0.510094 0.213645 0.51144 0.211849 0.51817 0.211849 0.519515 0.210054 0.524899 0.210054 0.526245 0.208259 0.532974 0.208259 0.532974 0.206463 0.531629 0.204668 0.531629 0.202873 0.530283 0.201077 0.530283 0.199282 0.532974 0.195691 0.53432 0.195691 0.535666 0.193896 0.542396 0.193896 0.543742 0.192101 0.546433 0.192101 0.547779 0.190305 0.549125 0.190305 0.550471 0.18851 0.558546 0.18851 0.555855 0.184919 0.555855 0.183124 0.554509 0.181329 0.551817 0.181329 0.550471 0.179533 0.549125 0.179533 0.547779 0.177738 0.545087 0.177738 0.543742 0.175943 0.535666 0.175943 0.53432 0.174147 0.51817 0.174147
1 0.551817 0.138241 0.550471 0.140036 0.549125 0.140036 0.547779 0.141831 0.545087 0.141831 0.543742 0.143627 0.542396 0.143627 0.54105 0.145422 0.539704 0.145422 0.538358 0.147217 0.537012 0.147217 0.535666 0.149013 0.532974 0.149013 0.531629 0.150808 0.530283 0.150808 0.531629 0.150808 0.532974 0.152603 0.53432 0.152603 0.535666 0.154399 0.537012 0.154399 0.538358 0.156194 0.539704 0.156194 0.54105 0.157989 0.558546 0.157989 0.559892 0.159785 0.559892 0.165171 0.558546 0.166966 0.558546 0.170557 0.561238 0.174147 0.562584 0.174147 0.566622 0.179533 0.598923 0.179533 0.600269 0.181329 0.600269 0.179533 0.601615 0.177738 0.601615 0.175943 0.602961 0.174147 0.602961 0.172352 0.604307 0.170557 0.604307 0.168761 0.605653 0.166966 0.605653 0.165171 0.590848 0.165171 0.589502 0.163375 0.574697 0.163375 0.573351 0.16158 0.574697 0.159785 0.574697 0.157989 0.576043 0.156194 0.576043 0.152603 0.573351 0.152603 0.572005 0.150808 0.567968 0.150808 0.566622 0.149013 0.56393 0.149013 0.562584 0.147217 0.558546 0.147217 0.557201 0.145422 0.562584 0.138241
1 0.558546 0.104129 0.557201 0.105925 0.555855 0.105925 0.553163 0.109515 0.551817 0.109515 0.550471 0.111311 0.546433 0.111311 0.545087 0.113106 0.54105 0.113106 0.539704 0.114901 0.538358 0.114901 0.537012 0.116697 0.535666 0.116697 0.53432 0.118492 0.531629 0.118492 0.530283 0.120287 0.528937 0.120287 0.523553 0.127469 0.524899 0.127469 0.527591 0.131059 0.528937 0.131059 0.530283 0.132855 0.532974 0.132855 0.53432 0.13465 0.535666 0.13465 0.537012 0.136445 0.546433 0.136445 0.546433 0.13465 0.545087 0.132855 0.545087 0.131059 0.53432 0.131059 0.532974 0.129264 0.53432 0.127469 0.535666 0.127469 0.537012 0.125673 0.539704 0.125673 0.54105 0.123878 0.542396 0.123878 0.543742 0.122083 0.546433 0.122083 0.547779 0.120287 0.557201 0.120287 0.558546 0.118492 0.559892 0.118492 0.561238 0.116697 0.56393 0.116697 0.565276 0.114901 0.565276 0.113106 0.566622 0.111311 0.566622 0.105925 0.559892 0.105925
1 0.581427 0.102334 0.581427 0.105925 0.580081 0.10772 0.580081 0.113106 0.578735 0.114901 0.578735 0.116697 0.592194 0.116697 0.59354 0.118492 0.596231 0.118492 0.597577 0.120287 0.600269 0.120287 0.601615 0.122083 0.604307 0.122083 0.605653 0.123878 0.605653 0.129264 0.604307 0.131059 0.604307 0.13465 0.605653 0.136445 0.602961 0.140036 0.602961 0.141831 0.600269 0.145422 0.598923 0.145422 0.597577 0.147217 0.596231 0.147217 0.59354 0.150808 0.592194 0.150808 0.594886 0.150808 0.596231 0.152603 0.600269 0.152603 0.601615 0.154399 0.606999 0.154399 0.608345 0.156194 0.612382 0.156194 0.613728 0.157989 0.617766 0.157989 0.619112 0.159785 0.611036 0.170557 0.611036 0.174147 0.612382 0.175943 0.612382 0.179533 0.615074 0.179533 0.61642 0.181329 0.619112 0.181329 0.620458 0.183124 0.623149 0.183124 0.624495 0.184919 0.627187 0.184919 0.628533 0.186715 0.629879 0.184919 0.648721 0.184919 0.650067 0.186715 0.651413 0.186715 0.652759 0.18851 0.654105 0.18851 0.655451 0.190305 0.656797 0.190305 0.658143 0.192101 0.659489 0.192101 0.660834 0.193896 0.667564 0.193896 0.66891 0.195691 0.674293 0.195691 0.675639 0.197487 0.682369 0.197487 0.683715 0.199282 0.689098 0.199282 0.690444 0.201077 0.69179 0.199282 0.69179 0.197487 0.694482 0.193896 0.711978 0.193896 0.713324 0.195691 0.725437 0.195691 0.726783 0.197487 0.726783 0.199282 0.728129 0.201077 0.726783 0.202873 0.713324 0.202873 0.713324 0.21544 0.722746 0.21544 0.724092 0.217235 0.732167 0.217235 0.733513 0.219031 0.736205 0.219031 0.73755 0.220826 0.738896 0.220826 0.740242 0.222621 0.738896 0.224417 0.729475 0.224417 0.728129 0.226212 0.718708 0.226212 0.722746 0.231598 0.749664 0.231598 0.751009 0.229803 0.761777 0.229803 0.763122 0.228007 0.769852 0.228007 0.771198 0.226212 0.777927 0.226212 0.779273 0.224417 0.780619 0.224417 0.781965 0.222621 0.783311 0.222621 0.786003 0.219031 0.787349 0.219031 0.788694 0.217235 0.791386 0.217235 0.792732 0.21544 0.795424 0.21544 0.79677 0.213645 0.799462 0.213645 0.800808 0.211849 0.803499 0.211849 0.804845 0.210054 0.808883 0.210054 0.810229 0.211849 0.812921 0.211849 0.814266 0.213645 0.815612 0.213645 0.816958 0.21544 0.831763 0.21544 0.833109 0.217235 0.84253 0.217235 0.843876 0.219031 0.851952 0.219031 0.853297 0.220826 0.857335 0.21544 0.858681 0.21544 0.860027 0.213645 0.860027 0.202873 0.861373 0.201077 0.861373 0.199282 0.862719 0.197487 0.862719 0.195691 0.864065 0.193896 0.864065 0.192101 0.866756 0.18851 0.866756 0.186715 0.868102 0.184919 0.868102 0.183124 0.869448 0.181329 0.86541 0.181329 0.864065 0.179533 0.858681 0.179533 0.857335 0.177738 0.853297 0.177738 0.851952 0.175943 0.846568 0.175943 0.845222 0.174147 0.841184 0.174147 0.839838 0.172352 0.839838 0.170557 0.838493 0.168761 0.838493 0.166966 0.788694 0.166966 0.787349 0.165171 0.77389 0.165171 0.772544 0.163375 0.759085 0.163375 0.757739 0.16158 0.749664 0.16158 0.748318 0.159785 0.740242 0.159785 0.738896 0.157989 0.707941 0.157989 0.706595 0.156194 0.701211 0.156194 0.699865 0.154399 0.703903 0.149013 0.705249 0.149013 0.707941 0.145422 0.720054 0.145422 0.7214 0.143627 0.734859 0.143627 0.736205 0.141831 0.748318 0.141831 0.749664 0.140036 0.763122 0.140036 0.76716 0.13465 0.76716 0.132855 0.772544 0.125673 0.740242 0.125673 0.738896 0.123878 0.706595 0.123878 0.705249 0.122083 0.676985 0.122083 0.675639 0.120287 0.647376 0.120287 0.64603 0.118492 0.64603 0.116697 0.644684 0.114901 0.644684 0.109515 0.643338 0.10772 0.643338 0.104129 0.641992 0.105925 0.597577 0.105925 0.596231 0.104129 0.582773 0.104129
