0 0.831763 0.987433 0.831763 0.992819 0.830417 0.994614 0.830417 0.998205 0.868102 0.998205 0.868102 0.996409 0.866756 0.994614 0.866756 0.992819 0.86541 0.991023 0.846568 0.991023 0.845222 0.989228 0.833109 0.989228
0 0.7214 0.971275 0.720054 0.97307 0.716016 0.97307 0.716016 0.974865 0.717362 0.976661 0.717362 0.978456 0.718708 0.980251 0.718708 0.982047 0.720054 0.983842 0.720054 0.985637 0.7214 0.987433 0.7214 0.989228 0.722746 0.991023 0.722746 0.992819 0.724092 0.994614 0.724092 0.996409 0.725437 0.998205 0.76716 0.998205 0.763122 0.992819 0.763122 0.991023 0.759085 0.985637 0.755047 0.985637 0.753701 0.983842 0.751009 0.983842 0.749664 0.982047 0.745626 0.982047 0.74428 0.980251 0.741588 0.980251 0.740242 0.978456 0.736205 0.978456 0.734859 0.976661 0.732167 0.976661 0.730821 0.974865 0.726783 0.974865 0.725437 0.97307 0.722746 0.97307
0 0.514132 0.899461 0.514132 0.901257 0.512786 0.903052 0.512786 0.904847 0.51144 0.906643 0.51144 0.926391 0.512786 0.926391 0.515478 0.929982 0.524899 0.929982 0.524899 0.91921 0.526245 0.917415 0.526245 0.915619 0.527591 0.913824 0.527591 0.906643 0.524899 0.903052 0.524899 0.901257 0.523553 0.899461
0 0.802153 0.764811 0.802153 0.770197 0.800808 0.771993 0.800808 0.775583 0.802153 0.775583 0.804845 0.779174 0.806191 0.779174 0.808883 0.782765 0.812921 0.782765 0.814266 0.78456 0.815612 0.782765 0.816958 0.782765 0.818304 0.780969 0.81965 0.780969 0.820996 0.779174 0.822342 0.779174 0.820996 0.777379 0.820996 0.775583 0.81965 0.773788 0.81965 0.771993 0.818304 0.771993 0.815612 0.768402 0.814266 0.768402 0.811575 0.764811
0 0.911171 0.692998 0.909825 0.694794 0.907133 0.694794 0.905787 0.696589 0.904441 0.696589 0.903096 0.698384 0.900404 0.698384 0.899058 0.70018 0.896366 0.70018 0.889637 0.709156 0.888291 0.709156 0.880215 0.719928 0.880215 0.721724 0.873486 0.7307 0.873486 0.732496 0.870794 0.736086 0.870794 0.737882 0.87214 0.739677 0.87214 0.741472 0.873486 0.743268 0.873486 0.745063 0.874832 0.746858 0.874832 0.748654 0.876178 0.750449 0.876178 0.752244 0.877524 0.754039 0.877524 0.755835 0.880215 0.755835 0.881561 0.75763 0.882907 0.75763 0.884253 0.759425 0.884253 0.754039 0.882907 0.752244 0.882907 0.748654 0.884253 0.746858 0.886945 0.746858 0.889637 0.750449 0.889637 0.754039 0.890983 0.755835 0.890983 0.75763 0.896366 0.75763 0.897712 0.759425 0.897712 0.75763 0.899058 0.755835 0.899058 0.754039 0.900404 0.752244 0.900404 0.750449 0.90175 0.748654 0.904441 0.748654 0.905787 0.746858 0.908479 0.746858 0.911171 0.743268 0.911171 0.741472 0.916555 0.734291 0.916555 0.732496 0.919246 0.728905 0.919246 0.72711 0.920592 0.725314 0.920592 0.723519 0.921938 0.721724 0.921938 0.719928 0.923284 0.718133 0.923284 0.716338 0.92463 0.714542 0.92463 0.70018 0.923284 0.698384 0.923284 0.696589 0.921938 0.694794 0.912517 0.694794
0 0.769852 0.67325 0.768506 0.675045 0.760431 0.675045 0.759085 0.67684 0.756393 0.67684 0.760431 0.682226 0.764468 0.682226 0.765814 0.684022 0.76716 0.682226 0.768506 0.682226 0.769852 0.680431 0.772544 0.680431 0.772544 0.67684 0.77389 0.675045 0.77389 0.67325
0 0.791386 0.662478 0.787349 0.667864 0.787349 0.669659 0.786003 0.671454 0.786003 0.675045 0.784657 0.67684 0.786003 0.67684 0.788694 0.680431 0.791386 0.680431 0.792732 0.682226 0.795424 0.678636 0.795424 0.67684 0.802153 0.667864 0.800808 0.666068 0.800808 0.664273 0.799462 0.662478
0 0.746972 0.637343 0.745626 0.639138 0.742934 0.639138 0.741588 0.640934 0.738896 0.640934 0.738896 0.648115 0.740242 0.64991 0.740242 0.651706 0.741588 0.653501 0.741588 0.655296 0.742934 0.657092 0.74428 0.657092 0.745626 0.658887 0.746972 0.658887 0.748318 0.660682 0.749664 0.660682 0.751009 0.662478 0.752355 0.660682 0.753701 0.660682 0.755047 0.658887 0.757739 0.658887 0.757739 0.64991 0.755047 0.64632 0.755047 0.644524 0.753701 0.642729 0.752355 0.642729 0.749664 0.639138 0.748318 0.639138
0 0.294751 0.59246 0.294751 0.597846 0.30148 0.597846 0.302826 0.599641 0.304172 0.597846 0.310902 0.597846 0.309556 0.59605 0.309556 0.594255 0.304172 0.594255 0.302826 0.59246
0 0.979812 0.579892 0.983849 0.585278 0.983849 0.587074 0.986541 0.590664 0.987887 0.590664 0.990579 0.594255 0.991925 0.594255 0.997308 0.601436 0.998654 0.601436 0.998654 0.579892
0 0.0 0.551167 0.0 0.567325 0.001346 0.56912 0.005384 0.56912 0.006729 0.570916 0.010767 0.570916 0.012113 0.56912 0.013459 0.56912 0.014805 0.567325 0.013459 0.56553 0.012113 0.56553 0.008075 0.560144 0.006729 0.560144
0 0.608345 0.540395 0.606999 0.54219 0.594886 0.54219 0.59354 0.543986 0.590848 0.543986 0.589502 0.545781 0.585464 0.545781 0.584118 0.547576 0.569314 0.547576 0.569314 0.549372 0.570659 0.551167 0.570659 0.554758 0.572005 0.554758 0.574697 0.558348 0.576043 0.558348 0.577389 0.560144 0.588156 0.560144 0.589502 0.561939 0.605653 0.561939 0.606999 0.560144 0.608345 0.560144 0.60969 0.558348 0.611036 0.558348 0.611036 0.551167 0.60969 0.549372 0.60969 0.543986 0.608345 0.54219
0 0.527591 0.500898 0.522207 0.508079 0.523553 0.509874 0.523553 0.51167 0.526245 0.51167 0.528937 0.51526 0.528937 0.517056 0.530283 0.518851 0.535666 0.518851 0.537012 0.520646 0.54105 0.520646 0.542396 0.522442 0.546433 0.522442 0.547779 0.524237 0.550471 0.520646 0.551817 0.520646 0.550471 0.518851 0.549125 0.518851 0.546433 0.51526 0.545087 0.51526 0.542396 0.51167 0.54105 0.51167 0.538358 0.508079 0.531629 0.508079 0.528937 0.504488 0.528937 0.502693
0 0.421265 0.482944 0.419919 0.48474 0.418573 0.48474 0.418573 0.490126 0.423957 0.490126 0.423957 0.48474 0.422611 0.48474
0 0.577389 0.432675 0.574697 0.436266 0.573351 0.436266 0.572005 0.438061 0.572005 0.439856 0.570659 0.441652 0.570659 0.443447 0.573351 0.447038 0.574697 0.445242 0.578735 0.445242 0.580081 0.443447 0.580081 0.441652 0.581427 0.439856 0.581427 0.438061 0.582773 0.436266 0.581427 0.436266 0.580081 0.43447 0.578735 0.43447
0 0.664872 0.418312 0.66218 0.421903 0.663526 0.423698 0.663526 0.425494 0.667564 0.425494 0.667564 0.418312
0 0.13459 0.389587 0.13459 0.391382 0.133244 0.393178 0.133244 0.394973 0.141319 0.405745 0.142665 0.405745 0.146703 0.411131 0.146703 0.427289 0.15747 0.427289 0.160162 0.423698 0.161507 0.423698 0.164199 0.420108 0.165545 0.420108 0.166891 0.418312 0.158816 0.40754 0.15747 0.40754 0.148048 0.394973 0.148048 0.391382 0.146703 0.389587
0 0.592194 0.341113 0.592194 0.346499 0.594886 0.346499 0.596231 0.348294 0.597577 0.348294 0.598923 0.35009 0.601615 0.35009 0.602961 0.351885 0.604307 0.35009 0.606999 0.35009 0.60969 0.346499 0.60969 0.341113
0 0.655451 0.339318 0.652759 0.342908 0.654105 0.344704 0.654105 0.346499 0.656797 0.346499 0.658143 0.348294 0.660834 0.348294 0.66218 0.35009 0.663526 0.35009 0.664872 0.351885 0.667564 0.348294 0.66891 0.348294 0.666218 0.344704 0.664872 0.344704 0.663526 0.342908 0.66218 0.342908 0.660834 0.341113 0.656797 0.341113
0 0.351279 0.294434 0.349933 0.29623 0.348587 0.29623 0.347241 0.298025 0.345895 0.298025 0.340511 0.305206 0.340511 0.308797 0.341857 0.310592 0.341857 0.314183 0.347241 0.314183 0.348587 0.315978 0.349933 0.314183 0.358008 0.314183 0.359354 0.312388 0.363392 0.312388 0.363392 0.310592 0.364738 0.308797 0.364738 0.307002 0.363392 0.305206 0.363392 0.301616 0.362046 0.301616 0.3607 0.29982 0.358008 0.29982 0.356662 0.298025 0.355316 0.298025 0.35397 0.29623 0.352624 0.29623
0 0.153432 0.226212 0.15074 0.229803 0.15074 0.231598 0.149394 0.233393 0.149394 0.235189 0.148048 0.236984 0.15074 0.236984 0.152086 0.238779 0.153432 0.236984 0.154778 0.236984 0.156124 0.235189 0.158816 0.235189 0.158816 0.233393 0.160162 0.231598 0.160162 0.229803 0.158816 0.228007 0.158816 0.226212
0 0.585464 0.224417 0.585464 0.229803 0.588156 0.229803 0.589502 0.231598 0.59354 0.231598 0.594886 0.229803 0.596231 0.229803 0.594886 0.228007 0.594886 0.226212 0.59354 0.224417
0 0.532974 0.220826 0.532974 0.222621 0.531629 0.224417 0.532974 0.226212 0.532974 0.228007 0.538358 0.235189 0.542396 0.235189 0.545087 0.231598 0.546433 0.231598 0.547779 0.229803 0.547779 0.228007 0.549125 0.226212 0.549125 0.224417 0.550471 0.222621 0.550471 0.220826
0 0.10498 0.193896 0.103634 0.195691 0.086137 0.195691 0.086137 0.199282 0.091521 0.199282 0.092867 0.201077 0.114401 0.201077 0.114401 0.195691 0.106326 0.195691
0 0.619112 0.175943 0.617766 0.177738 0.615074 0.177738 0.613728 0.179533 0.608345 0.179533 0.606999 0.181329 0.596231 0.181329 0.596231 0.184919 0.597577 0.184919 0.600269 0.18851 0.605653 0.18851 0.606999 0.190305 0.613728 0.190305 0.61642 0.186715 0.617766 0.186715 0.617766 0.179533 0.619112 0.177738
0 0.312248 0.132855 0.310902 0.13465 0.30821 0.13465 0.30821 0.136445 0.309556 0.138241 0.309556 0.140036 0.317631 0.140036 0.317631 0.13465 0.313594 0.13465
1 0.13459 0.958707 0.133244 0.960503 0.131898 0.960503 0.12786 0.965889 0.126514 0.965889 0.122476 0.971275 0.121131 0.969479 0.118439 0.969479 0.117093 0.967684 0.115747 0.967684 0.114401 0.965889 0.111709 0.965889 0.110363 0.964093 0.109017 0.964093 0.107672 0.962298 0.099596 0.962298 0.095559 0.967684 0.094213 0.967684 0.088829 0.974865 0.072678 0.974865 0.071332 0.976661 0.064603 0.976661 0.064603 0.987433 0.063257 0.989228 0.063257 0.998205 0.15074 0.998205 0.15074 0.971275 0.146703 0.971275 0.145357 0.969479 0.145357 0.965889 0.144011 0.964093 0.144011 0.960503 0.141319 0.960503 0.139973 0.958707
1 0.223419 0.915619 0.219381 0.921005 0.218035 0.921005 0.216689 0.922801 0.216689 0.937163 0.215343 0.938959 0.215343 0.951526 0.216689 0.953321 0.216689 0.955117 0.218035 0.956912 0.219381 0.955117 0.222073 0.955117 0.223419 0.953321 0.227456 0.953321 0.228802 0.951526 0.228802 0.949731 0.230148 0.947935 0.230148 0.94614 0.231494 0.944345 0.231494 0.931777 0.230148 0.929982 0.230148 0.917415 0.224764 0.917415
1 0.270525 0.897666 0.269179 0.899461 0.266487 0.899461 0.267833 0.899461 0.273217 0.906643 0.273217 0.908438 0.274563 0.910233 0.274563 0.91921 0.273217 0.921005 0.273217 0.926391 0.271871 0.928187 0.271871 0.94614 0.273217 0.94614 0.275908 0.949731 0.277254 0.947935 0.283984 0.947935 0.28533 0.94614 0.286676 0.94614 0.288022 0.944345 0.289367 0.944345 0.290713 0.942549 0.292059 0.942549 0.293405 0.940754 0.296097 0.940754 0.297443 0.938959 0.30148 0.938959 0.30148 0.937163 0.302826 0.935368 0.302826 0.931777 0.304172 0.929982 0.304172 0.922801 0.302826 0.921005 0.302826 0.913824 0.30148 0.915619 0.300135 0.915619 0.298789 0.917415 0.289367 0.917415 0.288022 0.915619 0.288022 0.913824 0.286676 0.912029 0.286676 0.910233 0.283984 0.906643 0.2786 0.906643 0.275908 0.903052 0.274563 0.903052
1 0.370121 0.807899 0.368775 0.809695 0.367429 0.809695 0.366083 0.81149 0.363392 0.81149 0.363392 0.818671 0.367429 0.824057 0.368775 0.824057 0.370121 0.825853 0.371467 0.825853 0.372813 0.827648 0.374159 0.825853 0.378197 0.825853 0.38358 0.818671 0.38358 0.816876 0.382234 0.815081 0.382234 0.81149 0.379542 0.81149 0.378197 0.809695 0.371467 0.809695
1 0.193809 0.806104 0.191117 0.809695 0.189771 0.809695 0.183042 0.818671 0.181696 0.818671 0.176312 0.825853 0.176312 0.827648 0.174966 0.829443 0.174966 0.831239 0.17362 0.833034 0.183042 0.833034 0.184388 0.831239 0.191117 0.831239 0.193809 0.827648 0.195155 0.827648 0.197847 0.824057 0.199192 0.824057 0.201884 0.820467 0.201884 0.818671 0.204576 0.815081 0.200538 0.815081
1 0.253028 0.800718 0.253028 0.804309 0.251682 0.806104 0.251682 0.813285 0.253028 0.815081 0.253028 0.824057 0.254374 0.825853 0.254374 0.829443 0.25572 0.831239 0.25572 0.833034 0.257066 0.831239 0.259758 0.831239 0.259758 0.827648 0.258412 0.825853 0.258412 0.816876 0.257066 0.815081 0.257066 0.806104 0.25572 0.804309 0.25572 0.800718
1 0.044415 0.682226 0.043069 0.684022 0.041723 0.684022 0.040377 0.685817 0.039031 0.685817 0.037685 0.687612 0.034993 0.687612 0.033647 0.689408 0.032301 0.689408 0.030956 0.691203 0.02961 0.691203 0.028264 0.692998 0.026918 0.692998 0.025572 0.694794 0.024226 0.694794 0.02288 0.696589 0.018843 0.696589 0.017497 0.698384 0.012113 0.698384 0.010767 0.70018 0.006729 0.70018 0.005384 0.701975 0.001346 0.701975 0.0 0.70377 0.0 0.712747 0.001346 0.714542 0.002692 0.714542 0.004038 0.716338 0.005384 0.716338 0.006729 0.718133 0.008075 0.718133 0.009421 0.719928 0.010767 0.719928 0.012113 0.721724 0.017497 0.721724 0.018843 0.719928 0.021534 0.719928 0.02288 0.718133 0.026918 0.718133 0.028264 0.716338 0.063257 0.716338 0.064603 0.714542 0.065949 0.714542 0.065949 0.712747 0.064603 0.710952 0.064603 0.707361 0.063257 0.705566 0.063257 0.70377 0.061911 0.701975 0.060565 0.701975 0.057873 0.698384 0.057873 0.694794 0.056528 0.692998 0.056528 0.691203 0.051144 0.684022 0.049798 0.684022 0.048452 0.682226
1 0.283984 0.671454 0.282638 0.67325 0.281292 0.67325 0.279946 0.675045 0.2786 0.675045 0.277254 0.67684 0.275908 0.67684 0.275908 0.678636 0.277254 0.680431 0.277254 0.682226 0.293405 0.682226 0.294751 0.684022 0.298789 0.684022 0.300135 0.685817 0.302826 0.685817 0.304172 0.687612 0.306864 0.684022 0.30821 0.684022 0.304172 0.684022 0.302826 0.682226 0.300135 0.682226 0.297443 0.678636 0.296097 0.678636 0.292059 0.67325 0.28533 0.67325
1 0.510094 0.669659 0.508748 0.671454 0.507402 0.671454 0.506057 0.67325 0.506057 0.675045 0.504711 0.67684 0.504711 0.678636 0.500673 0.684022 0.500673 0.685817 0.495289 0.692998 0.495289 0.694794 0.489906 0.701975 0.489906 0.70377 0.487214 0.707361 0.487214 0.709156 0.485868 0.710952 0.485868 0.712747 0.484522 0.714542 0.484522 0.716338 0.483176 0.718133 0.483176 0.719928 0.48183 0.721724 0.48183 0.723519 0.480485 0.725314 0.476447 0.725314 0.473755 0.728905 0.473755 0.7307 0.469717 0.736086 0.469717 0.737882 0.467026 0.741472 0.467026 0.743268 0.46568 0.745063 0.46568 0.746858 0.464334 0.748654 0.464334 0.750449 0.46568 0.750449 0.467026 0.752244 0.469717 0.752244 0.471063 0.754039 0.472409 0.754039 0.473755 0.755835 0.472409 0.75763 0.471063 0.75763 0.468371 0.761221 0.467026 0.761221 0.46568 0.763016 0.464334 0.761221 0.461642 0.761221 0.460296 0.759425 0.456258 0.759425 0.454913 0.75763 0.452221 0.75763 0.450875 0.755835 0.450875 0.745063 0.426649 0.745063 0.425303 0.746858 0.422611 0.746858 0.421265 0.748654 0.419919 0.746858 0.414536 0.746858 0.415882 0.748654 0.415882 0.750449 0.418573 0.754039 0.421265 0.754039 0.422611 0.755835 0.425303 0.755835 0.426649 0.75763 0.429341 0.75763 0.430686 0.759425 0.434724 0.759425 0.43607 0.761221 0.440108 0.761221 0.441454 0.763016 0.445491 0.763016 0.446837 0.764811 0.450875 0.764811 0.453567 0.768402 0.453567 0.770197 0.456258 0.773788 0.456258 0.775583 0.457604 0.777379 0.457604 0.779174 0.45895 0.780969 0.45895 0.786355 0.460296 0.788151 0.460296 0.789946 0.457604 0.793537 0.456258 0.793537 0.453567 0.797127 0.452221 0.797127 0.449529 0.800718 0.441454 0.800718 0.438762 0.804309 0.437416 0.804309 0.434724 0.807899 0.433378 0.807899 0.429341 0.813285 0.429341 0.815081 0.426649 0.818671 0.427995 0.820467 0.427995 0.822262 0.430686 0.825853 0.430686 0.827648 0.432032 0.829443 0.430686 0.831239 0.430686 0.833034 0.429341 0.834829 0.429341 0.836625 0.427995 0.83842 0.427995 0.840215 0.426649 0.842011 0.426649 0.843806 0.423957 0.847397 0.422611 0.845601 0.418573 0.845601 0.417227 0.843806 0.41319 0.843806 0.411844 0.842011 0.407806 0.842011 0.40646 0.840215 0.399731 0.840215 0.401077 0.840215 0.402423 0.842011 0.405114 0.842011 0.40646 0.843806 0.407806 0.843806 0.409152 0.845601 0.411844 0.845601 0.41319 0.847397 0.41319 0.849192 0.411844 0.850987 0.411844 0.854578 0.410498 0.856373 0.407806 0.856373 0.40646 0.858169 0.405114 0.858169 0.403769 0.859964 0.401077 0.859964 0.399731 0.861759 0.398385 0.861759 0.398385 0.863555 0.397039 0.86535 0.397039 0.867145 0.395693 0.868941 0.395693 0.870736 0.394347 0.872531 0.394347 0.876122 0.395693 0.877917 0.395693 0.881508 0.397039 0.883303 0.397039 0.885099 0.398385 0.886894 0.398385 0.888689 0.399731 0.890485 0.399731 0.89228 0.403769 0.897666 0.403769 0.899461 0.40646 0.903052 0.40646 0.904847 0.407806 0.906643 0.407806 0.910233 0.409152 0.912029 0.409152 0.915619 0.410498 0.917415 0.410498 0.91921 0.411844 0.91921 0.41319 0.921005 0.414536 0.921005 0.415882 0.922801 0.418573 0.922801 0.419919 0.924596 0.421265 0.924596 0.422611 0.926391 0.444145 0.926391 0.445491 0.924596 0.452221 0.924596 0.453567 0.922801 0.467026 0.922801 0.468371 0.921005 0.469717 0.922801 0.472409 0.922801 0.473755 0.924596 0.476447 0.924596 0.477793 0.926391 0.480485 0.926391 0.48183 0.928187 0.484522 0.928187 0.48856 0.933573 0.489906 0.933573 0.492598 0.937163 0.485868 0.94614 0.484522 0.944345 0.477793 0.944345 0.476447 0.942549 0.469717 0.942549 0.468371 0.940754 0.461642 0.940754 0.460296 0.938959 0.434724 0.938959 0.433378 0.940754 0.430686 0.940754 0.429341 0.942549 0.427995 0.942549 0.426649 0.944345 0.423957 0.940754 0.422611 0.940754 0.419919 0.937163 0.418573 0.937163 0.415882 0.933573 0.414536 0.933573 0.411844 0.929982 0.410498 0.929982 0.407806 0.926391 0.40646 0.926391 0.403769 0.922801 0.402423 0.922801 0.399731 0.91921 0.398385 0.91921 0.394347 0.913824 0.393001 0.913824 0.39031 0.910233 0.388964 0.910233 0.386272 0.906643 0.384926 0.906643 0.382234 0.903052 0.380888 0.903052 0.378197 0.899461 0.376851 0.899461 0.374159 0.895871 0.372813 0.895871 0.370121 0.89228 0.368775 0.89228 0.366083 0.888689 0.359354 0.888689 0.3607 0.890485 0.3607 0.89228 0.362046 0.894075 0.363392 0.894075 0.366083 0.897666 0.367429 0.897666 0.370121 0.901257 0.371467 0.901257 0.375505 0.906643 0.376851 0.906643 0.379542 0.910233 0.380888 0.910233 0.38358 0.913824 0.384926 0.913824 0.387618 0.917415 0.388964 0.917415 0.393001 0.922801 0.394347 0.922801 0.397039 0.926391 0.398385 0.926391 0.401077 0.929982 0.402423 0.929982 0.40646 0.935368 0.407806 0.935368 0.410498 0.938959 0.411844 0.938959 0.414536 0.942549 0.415882 0.942549 0.419919 0.947935 0.421265 0.947935 0.423957 0.951526 0.425303 0.951526 0.427995 0.955117 0.429341 0.955117 0.432032 0.958707 0.433378 0.958707 0.437416 0.964093 0.438762 0.964093 0.441454 0.967684 0.442799 0.967684 0.445491 0.971275 0.446837 0.971275 0.449529 0.974865 0.449529 0.976661 0.450875 0.978456 0.450875 0.980251 0.449529 0.982047 0.444145 0.982047 0.442799 0.980251 0.43607 0.980251 0.434724 0.978456 0.429341 0.978456 0.427995 0.976661 0.426649 0.976661 0.425303 0.974865 0.423957 0.974865 0.422611 0.97307 0.421265 0.97307 0.418573 0.969479 0.417227 0.969479 0.415882 0.967684 0.414536 0.967684 0.41319 0.965889 0.411844 0.965889 0.410498 0.964093 0.409152 0.964093 0.407806 0.962298 0.40646 0.962298 0.403769 0.958707 0.402423 0.958707 0.401077 0.956912 0.399731 0.956912 0.398385 0.955117 0.397039 0.955117 0.395693 0.953321 0.395693 0.94614 0.397039 0.944345 0.397039 0.937163 0.395693 0.937163 0.394347 0.938959 0.394347 0.944345 0.393001 0.94614 0.393001 0.949731 0.391655 0.951526 0.379542 0.951526 0.379542 0.953321 0.378197 0.955117 0.378197 0.956912 0.376851 0.958707 0.376851 0.962298 0.375505 0.964093 0.375505 0.965889 0.374159 0.967684 0.362046 0.967684 0.3607 0.969479 0.359354 0.969479 0.3607 0.971275 0.362046 0.971275 0.366083 0.976661 0.367429 0.976661 0.371467 0.982047 0.372813 0.982047 0.375505 0.985637 0.376851 0.985637 0.380888 0.991023 0.382234 0.991023 0.386272 0.996409 0.387618 0.996409 0.388964 0.998205 0.724092 0.998205 0.722746 0.996409 0.722746 0.994614 0.7214 0.992819 0.7214 0.991023 0.720054 0.989228 0.720054 0.987433 0.718708 0.985637 0.718708 0.983842 0.717362 0.982047 0.717362 0.980251 0.716016 0.978456 0.716016 0.976661 0.71467 0.974865 0.71467 0.97307 0.716016 0.971275 0.720054 0.971275 0.7214 0.969479 0.722746 0.971275 0.725437 0.971275 0.726783 0.97307 0.730821 0.97307 0.732167 0.974865 0.734859 0.974865 0.736205 0.976661 0.740242 0.976661 0.741588 0.978456 0.74428 0.978456 0.745626 0.980251 0.749664 0.980251 0.751009 0.982047 0.753701 0.982047 0.755047 0.983842 0.759085 0.983842 0.764468 0.991023 0.764468 0.992819 0.768506 0.998205 0.829071 0.998205 0.829071 0.994614 0.830417 0.992819 0.830417 0.987433 0.82638 0.987433 0.825034 0.985637 0.820996 0.985637 0.81965 0.983842 0.788694 0.983842 0.787349 0.985637 0.786003 0.983842 0.781965 0.983842 0.780619 0.982047 0.776581 0.982047 0.775236 0.980251 0.771198 0.980251 0.769852 0.978456 0.765814 0.978456 0.759085 0.969479 0.752355 0.969479 0.751009 0.971275 0.749664 0.969479 0.742934 0.969479 0.741588 0.967684 0.733513 0.967684 0.732167 0.965889 0.732167 0.964093 0.730821 0.962298 0.730821 0.958707 0.729475 0.956912 0.729475 0.955117 0.728129 0.953321 0.728129 0.947935 0.729475 0.94614 0.729475 0.942549 0.730821 0.940754 0.748318 0.940754 0.748318 0.931777 0.729475 0.931777 0.728129 0.929982 0.709287 0.929982 0.707941 0.931777 0.705249 0.931777 0.703903 0.933573 0.699865 0.933573 0.69852 0.935368 0.695828 0.935368 0.694482 0.937163 0.676985 0.937163 0.675639 0.935368 0.672948 0.935368 0.671602 0.933573 0.66891 0.933573 0.667564 0.931777 0.666218 0.931777 0.664872 0.929982 0.66218 0.929982 0.660834 0.928187 0.658143 0.928187 0.656797 0.926391 0.635262 0.926391 0.633917 0.928187 0.632571 0.928187 0.629879 0.931777 0.628533 0.931777 0.627187 0.933573 0.619112 0.933573 0.617766 0.935368 0.60969 0.935368 0.608345 0.937163 0.606999 0.935368 0.605653 0.935368 0.604307 0.933573 0.602961 0.933573 0.601615 0.931777 0.600269 0.931777 0.597577 0.928187 0.596231 0.928187 0.594886 0.926391 0.59354 0.926391 0.592194 0.924596 0.590848 0.924596 0.589502 0.922801 0.588156 0.922801 0.588156 0.924596 0.58681 0.926391 0.589502 0.929982 0.590848 0.929982 0.594886 0.935368 0.59354 0.937163 0.573351 0.937163 0.572005 0.938959 0.56393 0.938959 0.562584 0.940754 0.554509 0.940754 0.553163 0.942549 0.545087 0.942549 0.543742 0.940754 0.543742 0.938959 0.542396 0.937163 0.542396 0.935368 0.54105 0.933573 0.54105 0.931777 0.539704 0.929982 0.539704 0.928187 0.538358 0.926391 0.538358 0.922801 0.537012 0.921005 0.537012 0.91921 0.535666 0.917415 0.535666 0.915619 0.53432 0.913824 0.53432 0.912029 0.532974 0.910233 0.532974 0.890485 0.531629 0.888689 0.531629 0.886894 0.530283 0.885099 0.530283 0.881508 0.528937 0.879713 0.528937 0.877917 0.527591 0.876122 0.527591 0.874327 0.526245 0.872531 0.526245 0.870736 0.527591 0.868941 0.527591 0.867145 0.528937 0.86535 0.528937 0.863555 0.531629 0.859964 0.53432 0.859964 0.535666 0.858169 0.538358 0.858169 0.539704 0.856373 0.54105 0.858169 0.566622 0.858169 0.566622 0.850987 0.567968 0.849192 0.567968 0.840215 0.565276 0.840215 0.56393 0.83842 0.561238 0.83842 0.558546 0.834829 0.557201 0.834829 0.553163 0.829443 0.551817 0.829443 0.549125 0.825853 0.547779 0.825853 0.543742 0.820467 0.543742 0.818671 0.542396 0.816876 0.542396 0.815081 0.54105 0.813285 0.54105 0.81149 0.539704 0.809695 0.54105 0.807899 0.54105 0.806104 0.542396 0.804309 0.542396 0.802513 0.543742 0.800718 0.543742 0.798923 0.545087 0.797127 0.545087 0.795332 0.543742 0.793537 0.543742 0.791741 0.542396 0.789946 0.542396 0.788151 0.539704 0.78456 0.539704 0.782765 0.538358 0.780969 0.538358 0.779174 0.539704 0.777379 0.539704 0.775583 0.54105 0.773788 0.54105 0.771993 0.542396 0.770197 0.542396 0.768402 0.543742 0.766607 0.543742 0.764811 0.545087 0.763016 0.545087 0.761221 0.546433 0.759425 0.543742 0.755835 0.542396 0.755835 0.54105 0.75763 0.538358 0.75763 0.537012 0.759425 0.535666 0.759425 0.53432 0.761221 0.532974 0.761221 0.531629 0.763016 0.530283 0.763016 0.528937 0.764811 0.526245 0.764811 0.524899 0.766607 0.523553 0.766607 0.522207 0.768402 0.520861 0.766607 0.515478 0.766607 0.514132 0.764811 0.514132 0.755835 0.515478 0.754039 0.515478 0.745063 0.51144 0.745063 0.506057 0.752244 0.504711 0.750449 0.500673 0.750449 0.499327 0.748654 0.496635 0.748654 0.495289 0.746858 0.491252 0.746858 0.489906 0.745063 0.485868 0.745063 0.484522 0.743268 0.485868 0.741472 0.487214 0.741472 0.489906 0.737882 0.491252 0.737882 0.492598 0.736086 0.510094 0.736086 0.51144 0.737882 0.520861 0.737882 0.522207 0.739677 0.530283 0.739677 0.531629 0.741472 0.538358 0.741472 0.539704 0.743268 0.546433 0.743268 0.546433 0.741472 0.545087 0.739677 0.545087 0.737882 0.54105 0.732496 0.539704 0.732496 0.535666 0.72711 0.550471 0.707361 0.546433 0.701975 0.545087 0.701975 0.543742 0.70018 0.54105 0.70018 0.539704 0.701975 0.539704 0.70377 0.537012 0.707361 0.535666 0.705566 0.531629 0.705566 0.528937 0.701975 0.528937 0.70018 0.527591 0.698384 0.527591 0.696589 0.526245 0.694794 0.526245 0.692998 0.522207 0.687612 0.520861 0.687612 0.515478 0.680431 0.515478 0.678636 0.514132 0.67684 0.514132 0.675045 0.51144 0.671454 0.51144 0.669659
1 0.166891 0.662478 0.166891 0.664273 0.165545 0.666068 0.165545 0.667864 0.164199 0.669659 0.164199 0.671454 0.165545 0.67325 0.165545 0.675045 0.166891 0.67684 0.166891 0.678636 0.168237 0.680431 0.174966 0.680431 0.177658 0.684022 0.179004 0.684022 0.181696 0.687612 0.183042 0.685817 0.184388 0.685817 0.187079 0.682226 0.188425 0.682226 0.188425 0.678636 0.189771 0.67684 0.189771 0.675045 0.188425 0.67325 0.187079 0.67325 0.183042 0.667864 0.181696 0.667864 0.177658 0.662478
1 0.401077 0.624776 0.394347 0.633752 0.393001 0.633752 0.391655 0.635548 0.39031 0.635548 0.39031 0.640934 0.393001 0.640934 0.394347 0.642729 0.395693 0.642729 0.397039 0.644524 0.399731 0.644524 0.401077 0.64632 0.409152 0.64632 0.410498 0.648115 0.411844 0.64632 0.411844 0.644524 0.414536 0.640934 0.414536 0.639138 0.415882 0.637343 0.415882 0.631957 0.417227 0.630162 0.417227 0.624776
1 0.514132 0.59605 0.514132 0.601436 0.515478 0.603232 0.515478 0.605027 0.516824 0.606822 0.520861 0.606822 0.522207 0.608618 0.526245 0.603232 0.535666 0.603232 0.537012 0.601436 0.546433 0.601436 0.546433 0.599641 0.547779 0.597846 0.543742 0.597846 0.542396 0.59605 0.54105 0.597846 0.527591 0.597846 0.526245 0.59605
1 0.100942 0.547576 0.094213 0.556553 0.092867 0.556553 0.091521 0.558348 0.091521 0.560144 0.090175 0.561939 0.092867 0.561939 0.094213 0.563734 0.095559 0.561939 0.109017 0.561939 0.109017 0.552962 0.10498 0.547576
1 0.289367 0.54219 0.288022 0.543986 0.282638 0.543986 0.281292 0.545781 0.265141 0.545781 0.263795 0.543986 0.263795 0.545781 0.26245 0.547576 0.26245 0.549372 0.267833 0.549372 0.271871 0.554758 0.271871 0.556553 0.273217 0.558348 0.273217 0.560144 0.274563 0.561939 0.274563 0.567325 0.273217 0.56912 0.273217 0.570916 0.277254 0.576302 0.274563 0.579892 0.273217 0.579892 0.271871 0.578097 0.270525 0.578097 0.269179 0.576302 0.267833 0.576302 0.266487 0.574506 0.265141 0.576302 0.261104 0.576302 0.259758 0.578097 0.257066 0.578097 0.25572 0.579892 0.242261 0.579892 0.236878 0.587074 0.235532 0.587074 0.23284 0.590664 0.234186 0.59246 0.234186 0.594255 0.235532 0.59605 0.236878 0.59605 0.238223 0.597846 0.239569 0.597846 0.240915 0.599641 0.242261 0.599641 0.243607 0.601436 0.243607 0.608618 0.242261 0.610413 0.242261 0.612208 0.240915 0.614004 0.240915 0.615799 0.239569 0.617594 0.239569 0.61939 0.238223 0.621185 0.238223 0.624776 0.239569 0.626571 0.239569 0.630162 0.240915 0.630162 0.242261 0.631957 0.243607 0.631957 0.244953 0.633752 0.246299 0.633752 0.247645 0.635548 0.248991 0.633752 0.250336 0.633752 0.251682 0.631957 0.254374 0.631957 0.25572 0.630162 0.25572 0.628366 0.257066 0.626571 0.257066 0.624776 0.258412 0.62298 0.263795 0.62298 0.265141 0.624776 0.265141 0.626571 0.266487 0.628366 0.266487 0.630162 0.267833 0.631957 0.267833 0.635548 0.269179 0.637343 0.269179 0.639138 0.270525 0.637343 0.273217 0.637343 0.273217 0.633752 0.271871 0.631957 0.271871 0.626571 0.273217 0.624776 0.306864 0.624776 0.30821 0.626571 0.309556 0.624776 0.324361 0.624776 0.325707 0.626571 0.33782 0.610413 0.339166 0.610413 0.340511 0.608618 0.341857 0.608618 0.343203 0.606822 0.344549 0.606822 0.345895 0.605027 0.348587 0.605027 0.349933 0.603232 0.351279 0.603232 0.352624 0.601436 0.35397 0.601436 0.349933 0.59605 0.335128 0.59605 0.333782 0.597846 0.33109 0.597846 0.329744 0.599641 0.323015 0.599641 0.321669 0.597846 0.320323 0.597846 0.318977 0.59605 0.316285 0.59605 0.314939 0.594255 0.310902 0.594255 0.310902 0.59605 0.312248 0.597846 0.310902 0.599641 0.304172 0.599641 0.302826 0.601436 0.30148 0.599641 0.294751 0.599641 0.293405 0.597846 0.293405 0.59246 0.294751 0.590664 0.30148 0.590664 0.300135 0.590664 0.298789 0.588869 0.297443 0.588869 0.296097 0.587074 0.302826 0.578097 0.304172 0.578097 0.30821 0.572711 0.309556 0.572711 0.312248 0.56912 0.313594 0.56912 0.314939 0.567325 0.316285 0.567325 0.316285 0.563734 0.317631 0.561939 0.317631 0.558348 0.321669 0.552962 0.312248 0.552962 0.310902 0.551167 0.310902 0.549372 0.309556 0.547576 0.298789 0.547576 0.297443 0.545781 0.297443 0.543986 0.296097 0.54219
1 0.0 0.513465 0.0 0.520646 0.002692 0.524237 0.002692 0.526032 0.005384 0.529623 0.005384 0.531418 0.008075 0.535009 0.008075 0.536804 0.010767 0.540395 0.010767 0.54219 0.013459 0.545781 0.013459 0.547576 0.016151 0.551167 0.016151 0.552962 0.020188 0.558348 0.020188 0.560144 0.02288 0.563734 0.02288 0.56553 0.026918 0.570916 0.026918 0.572711 0.030956 0.578097 0.030956 0.579892 0.033647 0.583483 0.033647 0.585278 0.037685 0.590664 0.037685 0.59246 0.039031 0.594255 0.037685 0.59605 0.028264 0.59605 0.026918 0.597846 0.017497 0.597846 0.016151 0.599641 0.012113 0.594255 0.012113 0.59246 0.009421 0.588869 0.0 0.588869 0.0 0.599641 0.005384 0.599641 0.006729 0.601436 0.008075 0.601436 0.009421 0.603232 0.012113 0.603232 0.013459 0.605027 0.014805 0.605027 0.016151 0.606822 0.014805 0.608618 0.013459 0.608618 0.010767 0.612208 0.009421 0.610413 0.0 0.610413 0.0 0.617594 0.016151 0.617594 0.017497 0.615799 0.018843 0.617594 0.021534 0.617594 0.02288 0.61939 0.024226 0.61939 0.025572 0.621185 0.028264 0.621185 0.02961 0.62298 0.028264 0.624776 0.010767 0.624776 0.009421 0.626571 0.0 0.626571 0.0 0.630162 0.006729 0.630162 0.008075 0.628366 0.009421 0.630162 0.084791 0.630162 0.086137 0.631957 0.111709 0.631957 0.113055 0.633752 0.117093 0.633752 0.118439 0.635548 0.122476 0.635548 0.123822 0.637343 0.188425 0.637343 0.189771 0.639138 0.196501 0.639138 0.197847 0.640934 0.205922 0.640934 0.207268 0.642729 0.216689 0.642729 0.215343 0.640934 0.215343 0.639138 0.213997 0.637343 0.213997 0.635548 0.212651 0.633752 0.197847 0.633752 0.196501 0.631957 0.191117 0.631957 0.189771 0.630162 0.185734 0.630162 0.184388 0.628366 0.179004 0.628366 0.177658 0.626571 0.17362 0.626571 0.172275 0.624776 0.166891 0.624776 0.165545 0.62298 0.161507 0.62298 0.160162 0.621185 0.154778 0.621185 0.153432 0.61939 0.149394 0.61939 0.148048 0.617594 0.142665 0.617594 0.141319 0.615799 0.137281 0.615799 0.135935 0.614004 0.130552 0.614004 0.129206 0.612208 0.109017 0.612208 0.107672 0.610413 0.087483 0.610413 0.086137 0.608618 0.086137 0.606822 0.087483 0.605027 0.087483 0.603232 0.088829 0.601436 0.102288 0.601436 0.103634 0.599641 0.10498 0.601436 0.110363 0.601436 0.111709 0.603232 0.118439 0.603232 0.119785 0.605027 0.137281 0.605027 0.138627 0.606822 0.15747 0.606822 0.158816 0.608618 0.161507 0.608618 0.162853 0.610413 0.166891 0.610413 0.168237 0.612208 0.170929 0.612208 0.172275 0.614004 0.174966 0.614004 0.176312 0.615799 0.179004 0.615799 0.18035 0.617594 0.184388 0.617594 0.185734 0.61939 0.188425 0.61939 0.189771 0.621185 0.192463 0.621185 0.193809 0.62298 0.197847 0.62298 0.199192 0.624776 0.205922 0.624776 0.204576 0.624776 0.201884 0.621185 0.200538 0.621185 0.197847 0.617594 0.196501 0.617594 0.195155 0.615799 0.192463 0.615799 0.191117 0.614004 0.187079 0.614004 0.185734 0.612208 0.183042 0.612208 0.181696 0.610413 0.177658 0.610413 0.176312 0.608618 0.17362 0.608618 0.172275 0.606822 0.168237 0.606822 0.166891 0.605027 0.164199 0.605027 0.162853 0.603232 0.148048 0.603232 0.146703 0.601436 0.133244 0.601436 0.131898 0.599641 0.117093 0.599641 0.115747 0.597846 0.055182 0.597846 0.053836 0.599641 0.05249 0.597846 0.043069 0.597846 0.040377 0.594255 0.040377 0.59246 0.037685 0.588869 0.037685 0.587074 0.034993 0.583483 0.034993 0.581688 0.032301 0.578097 0.032301 0.576302 0.030956 0.574506 0.030956 0.572711 0.028264 0.56912 0.028264 0.567325 0.025572 0.563734 0.025572 0.561939 0.02288 0.558348 0.02288 0.556553 0.020188 0.552962 0.020188 0.551167 0.018843 0.549372 0.018843 0.547576 0.017497 0.545781 0.017497 0.543986 0.016151 0.54219 0.016151 0.540395 0.014805 0.5386 0.014805 0.535009 0.013459 0.533214 0.013459 0.531418 0.012113 0.529623 0.012113 0.526032 0.010767 0.524237 0.010767 0.522442 0.009421 0.520646 0.009421 0.518851 0.008075 0.517056 0.008075 0.51526 0.005384 0.51526 0.004038 0.513465
1 0.928668 0.463196 0.927322 0.464991 0.927322 0.468582 0.928668 0.470377 0.930013 0.470377 0.932705 0.473968 0.934051 0.473968 0.940781 0.482944 0.940781 0.48474 0.944818 0.490126 0.950202 0.490126 0.951548 0.491921 0.959623 0.491921 0.960969 0.493716 0.969044 0.493716 0.97039 0.495512 0.978466 0.495512 0.979812 0.497307 0.987887 0.497307 0.989233 0.499102 0.990579 0.499102 0.991925 0.500898 0.993271 0.500898 0.994616 0.502693 0.997308 0.502693 0.998654 0.504488 0.998654 0.491921 0.986541 0.491921 0.985195 0.493716 0.983849 0.491921 0.983849 0.490126 0.982503 0.48833 0.983849 0.486535 0.990579 0.486535 0.991925 0.48474 0.998654 0.48474 0.998654 0.468582 0.985195 0.468582 0.983849 0.470377 0.982503 0.468582 0.97039 0.468582 0.969044 0.466786 0.95424 0.466786 0.952894 0.464991 0.946164 0.464991 0.944818 0.463196
1 0.047106 0.400359 0.04576 0.402154 0.039031 0.402154 0.039031 0.40395 0.040377 0.405745 0.040377 0.40754 0.041723 0.40754 0.044415 0.411131 0.04576 0.411131 0.053836 0.421903 0.056528 0.418312 0.057873 0.418312 0.059219 0.416517
1 0.149394 0.394973 0.15747 0.405745 0.161507 0.405745 0.162853 0.40754 0.166891 0.40754 0.168237 0.409336 0.170929 0.409336 0.172275 0.411131 0.17362 0.411131 0.174966 0.412926 0.185734 0.412926 0.187079 0.411131 0.192463 0.411131 0.193809 0.409336 0.199192 0.409336 0.201884 0.405745 0.20323 0.405745 0.196501 0.396768 0.166891 0.396768 0.165545 0.394973
1 0.084791 0.393178 0.083445 0.394973 0.0821 0.394973 0.080754 0.396768 0.078062 0.396768 0.076716 0.398564 0.068641 0.398564 0.071332 0.402154 0.091521 0.402154 0.092867 0.40395 0.100942 0.40395 0.102288 0.405745 0.110363 0.405745 0.111709 0.40754 0.113055 0.40754 0.114401 0.409336 0.117093 0.409336 0.118439 0.411131 0.119785 0.411131 0.121131 0.412926 0.122476 0.412926 0.123822 0.414722 0.131898 0.414722 0.133244 0.416517 0.13459 0.416517 0.135935 0.418312 0.137281 0.418312 0.138627 0.420108 0.139973 0.420108 0.142665 0.423698 0.144011 0.423698 0.145357 0.425494 0.145357 0.411131 0.142665 0.40754 0.141319 0.40754 0.131898 0.394973 0.123822 0.394973 0.122476 0.393178 0.121131 0.394973 0.107672 0.394973 0.106326 0.393178 0.10498 0.394973 0.099596 0.394973 0.09825 0.396768 0.086137 0.396768 0.084791 0.394973
1 0.839838 0.384201 0.839838 0.389587 0.846568 0.389587 0.847914 0.391382 0.847914 0.393178 0.846568 0.394973 0.834455 0.394973 0.833109 0.393178 0.830417 0.396768 0.829071 0.396768 0.822342 0.405745 0.822342 0.409336 0.820996 0.411131 0.820996 0.414722 0.81965 0.416517 0.81965 0.418312 0.818304 0.420108 0.818304 0.421903 0.816958 0.423698 0.820996 0.429084 0.823688 0.429084 0.825034 0.43088 0.82638 0.43088 0.827725 0.432675 0.830417 0.432675 0.831763 0.43447 0.834455 0.43447 0.835801 0.436266 0.838493 0.436266 0.839838 0.438061 0.864065 0.438061 0.86541 0.439856 0.866756 0.439856 0.868102 0.441652 0.870794 0.441652 0.87214 0.443447 0.878869 0.443447 0.880215 0.445242 0.881561 0.443447 0.882907 0.443447 0.885599 0.439856 0.896366 0.439856 0.897712 0.441652 0.90175 0.436266 0.900404 0.436266 0.897712 0.432675 0.896366 0.432675 0.89502 0.43088 0.896366 0.429084 0.900404 0.429084 0.90175 0.43088 0.907133 0.43088 0.908479 0.432675 0.915209 0.432675 0.916555 0.43447 0.921938 0.43447 0.923284 0.436266 0.948856 0.436266 0.950202 0.438061 0.956931 0.438061 0.958277 0.439856 0.959623 0.439856 0.960969 0.441652 0.963661 0.441652 0.965007 0.443447 0.966353 0.443447 0.967699 0.445242 0.969044 0.443447 0.974428 0.443447 0.974428 0.43447 0.973082 0.43447 0.971736 0.432675 0.97039 0.432675 0.967699 0.429084 0.966353 0.429084 0.965007 0.427289 0.962315 0.427289 0.960969 0.425494 0.956931 0.425494 0.955585 0.423698 0.952894 0.423698 0.951548 0.421903 0.950202 0.421903 0.94751 0.418312 0.946164 0.418312 0.944818 0.416517 0.943472 0.416517 0.940781 0.412926 0.939435 0.412926 0.938089 0.411131 0.931359 0.411131 0.930013 0.409336 0.92463 0.409336 0.923284 0.40754 0.923284 0.411131 0.921938 0.412926 0.921938 0.414722 0.923284 0.414722 0.92463 0.416517 0.932705 0.416517 0.934051 0.418312 0.935397 0.418312 0.936743 0.420108 0.939435 0.420108 0.940781 0.421903 0.942127 0.421903 0.943472 0.423698 0.944818 0.423698 0.94751 0.427289 0.946164 0.429084 0.932705 0.429084 0.931359 0.427289 0.925976 0.427289 0.92463 0.425494 0.919246 0.425494 0.9179 0.423698 0.916555 0.423698 0.915209 0.421903 0.912517 0.421903 0.911171 0.420108 0.909825 0.420108 0.908479 0.418312 0.897712 0.418312 0.896366 0.416517 0.884253 0.416517 0.882907 0.414722 0.881561 0.414722 0.880215 0.412926 0.877524 0.412926 0.876178 0.411131 0.874832 0.411131 0.873486 0.409336 0.870794 0.409336 0.869448 0.40754 0.868102 0.40754 0.866756 0.405745 0.86541 0.405745 0.864065 0.40395 0.862719 0.40395 0.861373 0.402154 0.860027 0.402154 0.858681 0.400359 0.858681 0.396768 0.860027 0.394973 0.860027 0.393178 0.857335 0.389587 0.857335 0.387792 0.855989 0.385996 0.850606 0.385996 0.84926 0.384201
1 0.806191 0.38061 0.806191 0.382406 0.804845 0.384201 0.804845 0.385996 0.806191 0.387792 0.806191 0.389587 0.807537 0.391382 0.811575 0.385996 0.815612 0.385996 0.816958 0.387792 0.82638 0.387792 0.82638 0.384201 0.820996 0.384201 0.81965 0.382406 0.807537 0.382406
1 0.860027 0.307002 0.857335 0.310592 0.855989 0.310592 0.857335 0.310592 0.858681 0.312388 0.860027 0.312388 0.861373 0.314183 0.862719 0.314183 0.864065 0.315978 0.868102 0.315978 0.869448 0.317774 0.87214 0.317774 0.873486 0.319569 0.874832 0.319569 0.876178 0.321364 0.878869 0.321364 0.880215 0.32316 0.881561 0.32316 0.882907 0.324955 0.885599 0.324955 0.886945 0.32675 0.888291 0.32675 0.889637 0.328546 0.890983 0.328546 0.892328 0.330341 0.893674 0.330341 0.896366 0.333932 0.897712 0.333932 0.899058 0.335727 0.900404 0.335727 0.90175 0.337522 0.928668 0.337522 0.930013 0.339318 0.944818 0.339318 0.946164 0.341113 0.94751 0.341113 0.948856 0.342908 0.950202 0.342908 0.951548 0.344704 0.952894 0.344704 0.95424 0.346499 0.960969 0.346499 0.962315 0.348294 0.967699 0.348294 0.969044 0.35009 0.97039 0.348294 0.973082 0.348294 0.974428 0.346499 0.97712 0.346499 0.975774 0.344704 0.975774 0.342908 0.974428 0.341113 0.965007 0.341113 0.963661 0.339318 0.951548 0.339318 0.950202 0.337522 0.94751 0.337522 0.946164 0.335727 0.944818 0.335727 0.943472 0.333932 0.940781 0.333932 0.939435 0.332136 0.908479 0.332136 0.907133 0.330341 0.90175 0.330341 0.89502 0.321364 0.892328 0.321364 0.890983 0.319569 0.880215 0.319569 0.878869 0.317774 0.877524 0.317774 0.876178 0.315978 0.874832 0.315978 0.87214 0.312388 0.870794 0.312388 0.866756 0.307002
1 0.442799 0.098743 0.441454 0.100539 0.432032 0.100539 0.430686 0.102334 0.421265 0.102334 0.419919 0.104129 0.410498 0.104129 0.409152 0.105925 0.399731 0.105925 0.398385 0.10772 0.388964 0.10772 0.387618 0.109515 0.380888 0.109515 0.379542 0.111311 0.371467 0.111311 0.370121 0.113106 0.366083 0.113106 0.364738 0.114901 0.3607 0.114901 0.359354 0.116697 0.352624 0.116697 0.351279 0.114901 0.347241 0.114901 0.345895 0.113106 0.343203 0.113106 0.341857 0.111311 0.339166 0.111311 0.33782 0.109515 0.333782 0.109515 0.332436 0.10772 0.329744 0.10772 0.328398 0.105925 0.312248 0.105925 0.310902 0.104129 0.309556 0.105925 0.304172 0.105925 0.302826 0.10772 0.298789 0.10772 0.297443 0.109515 0.292059 0.109515 0.290713 0.111311 0.282638 0.111311 0.281292 0.113106 0.273217 0.113106 0.271871 0.114901 0.265141 0.114901 0.263795 0.116697 0.257066 0.116697 0.25572 0.118492 0.248991 0.118492 0.247645 0.120287 0.231494 0.120287 0.230148 0.118492 0.220727 0.118492 0.219381 0.116697 0.207268 0.116697 0.205922 0.118492 0.20323 0.118492 0.201884 0.120287 0.200538 0.120287 0.199192 0.122083 0.197847 0.122083 0.196501 0.123878 0.193809 0.123878 0.192463 0.125673 0.191117 0.125673 0.189771 0.127469 0.176312 0.127469 0.174966 0.129264 0.158816 0.129264 0.161507 0.132855 0.161507 0.13465 0.165545 0.140036 0.165545 0.141831 0.168237 0.145422 0.166891 0.147217 0.164199 0.147217 0.162853 0.149013 0.160162 0.149013 0.158816 0.150808 0.156124 0.150808 0.154778 0.152603 0.152086 0.152603 0.15074 0.154399 0.149394 0.154399 0.148048 0.156194 0.145357 0.156194 0.144011 0.157989 0.142665 0.157989 0.141319 0.159785 0.139973 0.159785 0.138627 0.16158 0.130552 0.16158 0.129206 0.163375 0.122476 0.163375 0.121131 0.165171 0.119785 0.165171 0.118439 0.166966 0.117093 0.166966 0.114401 0.170557 0.113055 0.170557 0.111709 0.172352 0.110363 0.172352 0.106326 0.177738 0.106326 0.179533 0.100942 0.186715 0.099596 0.186715 0.09825 0.18851 0.095559 0.18851 0.094213 0.190305 0.092867 0.190305 0.091521 0.192101 0.090175 0.192101 0.088829 0.193896 0.033647 0.193896 0.032301 0.195691 0.030956 0.195691 0.02961 0.197487 0.026918 0.197487 0.025572 0.199282 0.02288 0.199282 0.021534 0.201077 0.018843 0.201077 0.017497 0.202873 0.016151 0.202873 0.014805 0.204668 0.012113 0.204668 0.010767 0.206463 0.006729 0.206463 0.005384 0.208259 0.001346 0.208259 0.0 0.210054 0.0 0.342908 0.001346 0.342908 0.002692 0.341113 0.004038 0.341113 0.005384 0.339318 0.006729 0.339318 0.008075 0.337522 0.009421 0.337522 0.010767 0.335727 0.012113 0.335727 0.013459 0.333932 0.014805 0.333932 0.017497 0.330341 0.018843 0.330341 0.020188 0.328546 0.021534 0.328546 0.02288 0.32675 0.024226 0.32675 0.025572 0.324955 0.026918 0.324955 0.028264 0.32316 0.02961 0.32316 0.030956 0.321364 0.032301 0.32316 0.039031 0.32316 0.040377 0.324955 0.049798 0.324955 0.051144 0.32316 0.05249 0.32316 0.053836 0.321364 0.056528 0.321364 0.057873 0.319569 0.059219 0.319569 0.060565 0.317774 0.079408 0.317774 0.080754 0.315978 0.099596 0.315978 0.100942 0.314183 0.103634 0.314183 0.10498 0.312388 0.107672 0.312388 0.109017 0.310592 0.111709 0.310592 0.113055 0.308797 0.114401 0.308797 0.115747 0.307002 0.118439 0.307002 0.119785 0.305206 0.122476 0.305206 0.123822 0.303411 0.126514 0.303411 0.12786 0.301616 0.131898 0.301616 0.133244 0.29982 0.135935 0.29982 0.137281 0.298025 0.138627 0.29982 0.146703 0.29982 0.148048 0.301616 0.154778 0.301616 0.156124 0.303411 0.164199 0.303411 0.165545 0.305206 0.17362 0.305206 0.174966 0.307002 0.174966 0.308797 0.176312 0.310592 0.176312 0.312388 0.179004 0.312388 0.18035 0.314183 0.184388 0.314183 0.185734 0.315978 0.188425 0.315978 0.189771 0.317774 0.193809 0.317774 0.195155 0.319569 0.197847 0.319569 0.199192 0.321364 0.20323 0.321364 0.204576 0.32316 0.207268 0.32316 0.208614 0.324955 0.208614 0.32675 0.207268 0.328546 0.207268 0.332136 0.205922 0.333932 0.205922 0.337522 0.204576 0.339318 0.204576 0.341113 0.205922 0.342908 0.207268 0.342908 0.20996 0.346499 0.211306 0.346499 0.213997 0.35009 0.22611 0.35009 0.227456 0.351885 0.239569 0.351885 0.243607 0.357271 0.244953 0.357271 0.246299 0.359066 0.251682 0.359066 0.253028 0.357271 0.257066 0.357271 0.258412 0.355476 0.263795 0.355476 0.265141 0.35368 0.270525 0.35368 0.271871 0.351885 0.277254 0.351885 0.2786 0.35009 0.282638 0.35009 0.283984 0.348294 0.289367 0.348294 0.290713 0.346499 0.35397 0.346499 0.355316 0.344704 0.356662 0.346499 0.359354 0.346499 0.3607 0.348294 0.364738 0.348294 0.366083 0.35009 0.368775 0.35009 0.370121 0.351885 0.422611 0.351885 0.423957 0.35368 0.422611 0.355476 0.418573 0.355476 0.417227 0.357271 0.41319 0.357271 0.411844 0.359066 0.409152 0.359066 0.407806 0.360862 0.403769 0.360862 0.402423 0.362657 0.398385 0.362657 0.398385 0.364452 0.399731 0.366248 0.399731 0.368043 0.401077 0.369838 0.401077 0.371634 0.399731 0.373429 0.382234 0.373429 0.380888 0.375224 0.379542 0.375224 0.378197 0.37702 0.376851 0.37702 0.374159 0.38061 0.372813 0.38061 0.371467 0.382406 0.370121 0.382406 0.368775 0.384201 0.367429 0.382406 0.3607 0.382406 0.359354 0.38061 0.321669 0.38061 0.320323 0.378815 0.312248 0.378815 0.310902 0.37702 0.304172 0.37702 0.302826 0.375224 0.288022 0.375224 0.286676 0.37702 0.281292 0.37702 0.279946 0.378815 0.273217 0.378815 0.271871 0.38061 0.247645 0.38061 0.246299 0.382406 0.244953 0.38061 0.207268 0.38061 0.208614 0.382406 0.208614 0.384201 0.212651 0.389587 0.220727 0.389587 0.222073 0.391382 0.231494 0.391382 0.236878 0.398564 0.236878 0.400359 0.239569 0.40395 0.26245 0.40395 0.263795 0.402154 0.266487 0.402154 0.267833 0.400359 0.269179 0.400359 0.270525 0.398564 0.273217 0.398564 0.274563 0.396768 0.277254 0.396768 0.2786 0.394973 0.279946 0.396768 0.294751 0.396768 0.298789 0.402154 0.335128 0.402154 0.336474 0.40395 0.336474 0.409336 0.335128 0.411131 0.335128 0.418312 0.333782 0.420108 0.333782 0.421903 0.332436 0.423698 0.332436 0.425494 0.33109 0.427289 0.33109 0.429084 0.329744 0.43088 0.328398 0.429084 0.314939 0.429084 0.310902 0.43447 0.309556 0.43447 0.305518 0.439856 0.305518 0.454219 0.304172 0.456014 0.304172 0.470377 0.305518 0.470377 0.306864 0.472172 0.309556 0.472172 0.310902 0.473968 0.312248 0.473968 0.313594 0.475763 0.314939 0.475763 0.316285 0.477558 0.317631 0.477558 0.318977 0.479354 0.321669 0.479354 0.323015 0.481149 0.324361 0.481149 0.325707 0.482944 0.327052 0.482944 0.328398 0.48474 0.33109 0.48474 0.332436 0.486535 0.333782 0.486535 0.335128 0.48833 0.332436 0.491921 0.332436 0.493716 0.328398 0.499102 0.327052 0.497307 0.30821 0.497307 0.306864 0.495512 0.305518 0.495512 0.304172 0.493716 0.30148 0.493716 0.300135 0.491921 0.298789 0.491921 0.296097 0.495512 0.294751 0.495512 0.292059 0.499102 0.293405 0.499102 0.294751 0.500898 0.296097 0.500898 0.297443 0.502693 0.298789 0.502693 0.300135 0.504488 0.300135 0.518851 0.314939 0.518851 0.316285 0.517056 0.317631 0.518851 0.318977 0.518851 0.321669 0.522442 0.323015 0.522442 0.324361 0.524237 0.325707 0.524237 0.328398 0.527828 0.328398 0.529623 0.332436 0.535009 0.332436 0.536804 0.35397 0.536804 0.358008 0.54219 0.359354 0.54219 0.366083 0.551167 0.367429 0.551167 0.370121 0.554758 0.372813 0.551167 0.374159 0.551167 0.378197 0.545781 0.384926 0.545781 0.386272 0.543986 0.391655 0.543986 0.393001 0.54219 0.399731 0.54219 0.401077 0.540395 0.40646 0.540395 0.407806 0.5386 0.414536 0.5386 0.415882 0.536804 0.415882 0.535009 0.417227 0.533214 0.417227 0.531418 0.418573 0.529623 0.418573 0.526032 0.419919 0.524237 0.419919 0.520646 0.418573 0.520646 0.417227 0.518851 0.414536 0.518851 0.41319 0.517056 0.411844 0.517056 0.410498 0.51526 0.407806 0.51526 0.40646 0.513465 0.405114 0.513465 0.403769 0.51167 0.405114 0.509874 0.411844 0.509874 0.41319 0.508079 0.414536 0.509874 0.432032 0.509874 0.434724 0.513465 0.43607 0.513465 0.441454 0.520646 0.442799 0.520646 0.448183 0.527828 0.448183 0.529623 0.453567 0.536804 0.453567 0.5386 0.456258 0.54219 0.460296 0.54219 0.461642 0.543986 0.46568 0.543986 0.467026 0.545781 0.472409 0.545781 0.473755 0.547576 0.477793 0.547576 0.479139 0.549372 0.48183 0.549372 0.483176 0.551167 0.485868 0.551167 0.487214 0.552962 0.489906 0.552962 0.491252 0.554758 0.493943 0.554758 0.495289 0.556553 0.497981 0.556553 0.499327 0.558348 0.502019 0.558348 0.503365 0.560144 0.507402 0.560144 0.508748 0.561939 0.51144 0.561939 0.512786 0.563734 0.515478 0.563734 0.516824 0.56553 0.519515 0.56553 0.520861 0.567325 0.523553 0.567325 0.524899 0.56912 0.527591 0.56912 0.528937 0.570916 0.530283 0.570916 0.531629 0.572711 0.532974 0.572711 0.53432 0.574506 0.535666 0.574506 0.537012 0.576302 0.539704 0.576302 0.54105 0.578097 0.542396 0.578097 0.543742 0.579892 0.545087 0.579892 0.546433 0.581688 0.547779 0.581688 0.549125 0.583483 0.550471 0.583483 0.551817 0.585278 0.554509 0.585278 0.555855 0.587074 0.557201 0.587074 0.558546 0.588869 0.559892 0.588869 0.566622 0.597846 0.567968 0.597846 0.573351 0.605027 0.570659 0.608618 0.570659 0.610413 0.567968 0.614004 0.547779 0.614004 0.543742 0.61939 0.542396 0.61939 0.535666 0.628366 0.53432 0.626571 0.528937 0.626571 0.527591 0.624776 0.522207 0.624776 0.520861 0.62298 0.516824 0.62298 0.51817 0.624776 0.51817 0.626571 0.519515 0.628366 0.519515 0.631957 0.520861 0.633752 0.520861 0.635548 0.522207 0.637343 0.522207 0.640934 0.523553 0.642729 0.523553 0.644524 0.524899 0.64632 0.524899 0.648115 0.531629 0.648115 0.532974 0.64991 0.538358 0.64991 0.539704 0.651706 0.546433 0.651706 0.547779 0.653501 0.546433 0.655296 0.546433 0.657092 0.545087 0.658887 0.545087 0.660682 0.543742 0.662478 0.543742 0.664273 0.542396 0.666068 0.535666 0.666068 0.53432 0.667864 0.528937 0.667864 0.528937 0.678636 0.538358 0.678636 0.539704 0.67684 0.54105 0.678636 0.588156 0.678636 0.589502 0.67684 0.594886 0.67684 0.596231 0.675045 0.600269 0.675045 0.601615 0.67325 0.624495 0.67325 0.625841 0.671454 0.631225 0.671454 0.632571 0.669659 0.636608 0.669659 0.637954 0.667864 0.643338 0.667864 0.644684 0.666068 0.648721 0.666068 0.650067 0.664273 0.652759 0.664273 0.654105 0.662478 0.658143 0.662478 0.659489 0.660682 0.66218 0.660682 0.663526 0.658887 0.664872 0.660682 0.666218 0.660682 0.667564 0.662478 0.670256 0.662478 0.671602 0.664273 0.672948 0.664273 0.674293 0.666068 0.675639 0.666068 0.676985 0.667864 0.679677 0.667864 0.681023 0.669659 0.682369 0.669659 0.683715 0.671454 0.686406 0.671454 0.687752 0.67325 0.689098 0.67325 0.690444 0.675045 0.690444 0.67684 0.69179 0.678636 0.69179 0.680431 0.693136 0.682226 0.693136 0.684022 0.694482 0.685817 0.693136 0.687612 0.693136 0.689408 0.69179 0.691203 0.69179 0.692998 0.690444 0.694794 0.690444 0.696589 0.689098 0.698384 0.689098 0.70377 0.687752 0.705566 0.687752 0.709156 0.69179 0.714542 0.697174 0.714542 0.69852 0.712747 0.703903 0.712747 0.705249 0.710952 0.713324 0.710952 0.71467 0.709156 0.722746 0.709156 0.724092 0.707361 0.725437 0.709156 0.726783 0.709156 0.729475 0.712747 0.730821 0.712747 0.732167 0.714542 0.733513 0.714542 0.734859 0.716338 0.733513 0.718133 0.733513 0.719928 0.732167 0.721724 0.732167 0.723519 0.730821 0.725314 0.730821 0.72711 0.729475 0.728905 0.729475 0.748654 0.728129 0.750449 0.728129 0.754039 0.726783 0.755835 0.726783 0.759425 0.725437 0.761221 0.725437 0.763016 0.724092 0.764811 0.7214 0.761221 0.7214 0.759425 0.720054 0.75763 0.720054 0.755835 0.718708 0.755835 0.717362 0.75763 0.71467 0.75763 0.713324 0.759425 0.711978 0.759425 0.710633 0.761221 0.709287 0.761221 0.707941 0.763016 0.706595 0.761221 0.706595 0.759425 0.705249 0.75763 0.705249 0.752244 0.702557 0.752244 0.699865 0.755835 0.699865 0.768402 0.69852 0.770197 0.69852 0.771993 0.697174 0.773788 0.697174 0.775583 0.695828 0.777379 0.695828 0.779174 0.694482 0.780969 0.694482 0.782765 0.693136 0.78456 0.685061 0.78456 0.683715 0.786355 0.676985 0.786355 0.676985 0.788151 0.678331 0.789946 0.678331 0.793537 0.679677 0.795332 0.679677 0.798923 0.681023 0.800718 0.681023 0.804309 0.682369 0.806104 0.682369 0.81149 0.681023 0.813285 0.681023 0.820467 0.679677 0.822262 0.679677 0.842011 0.678331 0.843806 0.678331 0.847397 0.676985 0.849192 0.674293 0.849192 0.672948 0.850987 0.670256 0.850987 0.66891 0.852783 0.666218 0.852783 0.664872 0.854578 0.658143 0.845601 0.656797 0.845601 0.655451 0.847397 0.654105 0.847397 0.652759 0.849192 0.651413 0.849192 0.650067 0.850987 0.647376 0.850987 0.64603 0.852783 0.644684 0.852783 0.643338 0.854578 0.641992 0.854578 0.640646 0.856373 0.6393 0.856373 0.637954 0.858169 0.636608 0.858169 0.635262 0.859964 0.635262 0.861759 0.633917 0.863555 0.633917 0.86535 0.632571 0.867145 0.632571 0.868941 0.631225 0.870736 0.631225 0.872531 0.632571 0.874327 0.632571 0.876122 0.633917 0.877917 0.633917 0.879713 0.637954 0.885099 0.6393 0.885099 0.644684 0.89228 0.64603 0.89228 0.650067 0.897666 0.650067 0.899461 0.651413 0.901257 0.651413 0.903052 0.652759 0.904847 0.652759 0.906643 0.654105 0.908438 0.654105 0.910233 0.655451 0.912029 0.655451 0.913824 0.676985 0.913824 0.678331 0.915619 0.687752 0.915619 0.689098 0.917415 0.69852 0.917415 0.699865 0.91921 0.709287 0.91921 0.711978 0.915619 0.713324 0.915619 0.717362 0.910233 0.709287 0.910233 0.707941 0.908438 0.701211 0.908438 0.699865 0.906643 0.69179 0.906643 0.690444 0.904847 0.687752 0.904847 0.686406 0.903052 0.682369 0.903052 0.681023 0.901257 0.678331 0.901257 0.676985 0.899461 0.672948 0.899461 0.671602 0.897666 0.675639 0.89228 0.675639 0.890485 0.681023 0.883303 0.682369 0.883303 0.683715 0.881508 0.685061 0.881508 0.686406 0.879713 0.687752 0.879713 0.689098 0.877917 0.690444 0.877917 0.693136 0.874327 0.694482 0.874327 0.695828 0.872531 0.697174 0.872531 0.69852 0.870736 0.699865 0.870736 0.701211 0.868941 0.702557 0.868941 0.703903 0.867145 0.71467 0.867145 0.716016 0.86535 0.725437 0.86535 0.726783 0.863555 0.728129 0.86535 0.730821 0.86535 0.732167 0.867145 0.733513 0.867145 0.734859 0.868941 0.73755 0.868941 0.738896 0.870736 0.740242 0.870736 0.741588 0.872531 0.74428 0.872531 0.745626 0.874327 0.748318 0.874327 0.749664 0.876122 0.753701 0.876122 0.755047 0.877917 0.757739 0.877917 0.759085 0.879713 0.763122 0.879713 0.764468 0.881508 0.76716 0.881508 0.768506 0.883303 0.772544 0.883303 0.77389 0.885099 0.776581 0.885099 0.777927 0.886894 0.781965 0.886894 0.783311 0.888689 0.786003 0.888689 0.787349 0.890485 0.791386 0.890485 0.792732 0.89228 0.795424 0.89228 0.79677 0.894075 0.79677 0.901257 0.795424 0.903052 0.795424 0.910233 0.794078 0.912029 0.784657 0.912029 0.783311 0.910233 0.783311 0.903052 0.779273 0.903052 0.779273 0.906643 0.780619 0.908438 0.780619 0.917415 0.781965 0.91921 0.781965 0.924596 0.792732 0.938959 0.804845 0.938959 0.806191 0.940754 0.816958 0.940754 0.818304 0.942549 0.830417 0.942549 0.831763 0.944345 0.84926 0.944345 0.850606 0.94614 0.868102 0.94614 0.869448 0.947935 0.87214 0.947935 0.873486 0.949731 0.876178 0.949731 0.877524 0.951526 0.880215 0.951526 0.881561 0.953321 0.884253 0.953321 0.885599 0.955117 0.888291 0.955117 0.89502 0.964093 0.89502 0.965889 0.90175 0.974865 0.90175 0.976661 0.903096 0.978456 0.903096 0.982047 0.904441 0.983842 0.904441 0.987433 0.905787 0.989228 0.905787 0.991023 0.907133 0.992819 0.907133 0.996409 0.908479 0.998205 0.913863 0.998205 0.912517 0.996409 0.912517 0.994614 0.911171 0.992819 0.911171 0.989228 0.909825 0.987433 0.909825 0.985637 0.908479 0.983842 0.908479 0.982047 0.907133 0.980251 0.907133 0.976661 0.905787 0.974865 0.905787 0.97307 0.904441 0.971275 0.904441 0.967684 0.903096 0.965889 0.903096 0.964093 0.90175 0.962298 0.90175 0.960503 0.900404 0.958707 0.900404 0.955117 0.899058 0.953321 0.899058 0.951526 0.897712 0.949731 0.897712 0.947935 0.893674 0.942549 0.893674 0.940754 0.889637 0.935368 0.890983 0.933573 0.931359 0.933573 0.931359 0.931777 0.930013 0.929982 0.930013 0.928187 0.889637 0.928187 0.888291 0.926391 0.884253 0.926391 0.882907 0.924596 0.880215 0.924596 0.878869 0.922801 0.874832 0.922801 0.873486 0.921005 0.869448 0.921005 0.868102 0.91921 0.869448 0.917415 0.87214 0.917415 0.873486 0.915619 0.874832 0.915619 0.876178 0.913824 0.878869 0.913824 0.880215 0.912029 0.881561 0.912029 0.881561 0.908438 0.880215 0.906643 0.880215 0.901257 0.878869 0.899461 0.862719 0.899461 0.861373 0.901257 0.843876 0.901257 0.84253 0.903052 0.841184 0.901257 0.838493 0.901257 0.837147 0.899461 0.834455 0.899461 0.833109 0.897666 0.830417 0.897666 0.829071 0.895871 0.82638 0.895871 0.825034 0.894075 0.822342 0.894075 0.820996 0.89228 0.81965 0.89228 0.818304 0.890485 0.815612 0.890485 0.814266 0.888689 0.811575 0.888689 0.810229 0.886894 0.807537 0.886894 0.806191 0.885099 0.803499 0.885099 0.802153 0.883303 0.799462 0.883303 0.798116 0.881508 0.799462 0.879713 0.800808 0.879713 0.802153 0.877917 0.803499 0.877917 0.804845 0.876122 0.807537 0.876122 0.808883 0.874327 0.810229 0.874327 0.811575 0.872531 0.812921 0.872531 0.814266 0.870736 0.815612 0.872531 0.823688 0.872531 0.825034 0.874327 0.833109 0.874327 0.834455 0.876122 0.84253 0.876122 0.843876 0.877917 0.851952 0.877917 0.853297 0.879713 0.862719 0.879713 0.864065 0.877917 0.866756 0.877917 0.868102 0.876122 0.869448 0.876122 0.870794 0.874327 0.873486 0.874327 0.874832 0.872531 0.876178 0.872531 0.876178 0.867145 0.877524 0.86535 0.877524 0.859964 0.878869 0.858169 0.900404 0.858169 0.90175 0.856373 0.903096 0.858169 0.903096 0.861759 0.904441 0.863555 0.904441 0.870736 0.905787 0.872531 0.905787 0.876122 0.907133 0.876122 0.908479 0.877917 0.909825 0.877917 0.912517 0.881508 0.913863 0.881508 0.915209 0.883303 0.916555 0.883303 0.9179 0.885099 0.919246 0.885099 0.921938 0.888689 0.923284 0.888689 0.92463 0.890485 0.925976 0.890485 0.927322 0.89228 0.927322 0.901257 0.925976 0.903052 0.925976 0.913824 0.927322 0.915619 0.928668 0.915619 0.934051 0.922801 0.935397 0.922801 0.939435 0.928187 0.940781 0.928187 0.946164 0.935368 0.94751 0.935368 0.951548 0.940754 0.952894 0.940754 0.956931 0.94614 0.958277 0.94614 0.963661 0.953321 0.965007 0.953321 0.966353 0.955117 0.967699 0.955117 0.969044 0.953321 0.971736 0.953321 0.973082 0.951526 0.974428 0.951526 0.975774 0.949731 0.97712 0.951526 0.981157 0.951526 0.982503 0.953321 0.987887 0.953321 0.989233 0.955117 0.993271 0.955117 0.994616 0.956912 0.998654 0.956912 0.998654 0.614004 0.997308 0.614004 0.995962 0.612208 0.994616 0.612208 0.993271 0.610413 0.991925 0.610413 0.990579 0.608618 0.989233 0.608618 0.986541 0.605027 0.985195 0.605027 0.983849 0.603232 0.982503 0.603232 0.981157 0.601436 0.979812 0.601436 0.978466 0.599641 0.973082 0.599641 0.971736 0.601436 0.967699 0.601436 0.966353 0.603232 0.965007 0.601436 0.963661 0.601436 0.962315 0.599641 0.959623 0.599641 0.958277 0.597846 0.956931 0.597846 0.955585 0.59605 0.952894 0.59605 0.948856 0.601436 0.948856 0.610413 0.94751 0.612208 0.919246 0.612208 0.915209 0.606822 0.913863 0.606822 0.909825 0.601436 0.909825 0.597846 0.908479 0.59605 0.908479 0.594255 0.897712 0.594255 0.896366 0.59246 0.896366 0.590664 0.89502 0.588869 0.89502 0.587074 0.893674 0.585278 0.893674 0.579892 0.89502 0.578097 0.89502 0.572711 0.896366 0.570916 0.900404 0.570916 0.90175 0.56912 0.904441 0.56912 0.907133 0.56553 0.907133 0.563734 0.911171 0.558348 0.912517 0.560144 0.915209 0.560144 0.916555 0.561939 0.919246 0.561939 0.920592 0.563734 0.92463 0.563734 0.925976 0.56553 0.928668 0.56553 0.930013 0.567325 0.932705 0.567325 0.934051 0.56912 0.936743 0.56912 0.938089 0.570916 0.942127 0.570916 0.943472 0.572711 0.946164 0.572711 0.94751 0.574506 0.948856 0.574506 0.950202 0.576302 0.952894 0.576302 0.95424 0.578097 0.955585 0.578097 0.956931 0.579892 0.959623 0.579892 0.960969 0.581688 0.962315 0.581688 0.963661 0.583483 0.966353 0.583483 0.967699 0.585278 0.969044 0.585278 0.97039 0.587074 0.973082 0.587074 0.974428 0.588869 0.975774 0.588869 0.97712 0.590664 0.979812 0.590664 0.981157 0.59246 0.986541 0.59246 0.982503 0.587074 0.982503 0.585278 0.978466 0.579892 0.979812 0.578097 0.998654 0.578097 0.998654 0.563734 0.973082 0.563734 0.971736 0.56553 0.97039 0.56553 0.969044 0.567325 0.966353 0.567325 0.965007 0.56912 0.963661 0.567325 0.962315 0.567325 0.959623 0.563734 0.958277 0.563734 0.956931 0.561939 0.955585 0.561939 0.948856 0.552962 0.95424 0.545781 0.955585 0.547576 0.958277 0.547576 0.959623 0.549372 0.969044 0.549372 0.97039 0.547576 0.975774 0.547576 0.97712 0.545781 0.998654 0.545781 0.998654 0.522442 0.994616 0.522442 0.993271 0.520646 0.990579 0.520646 0.989233 0.518851 0.985195 0.518851 0.983849 0.517056 0.981157 0.517056 0.979812 0.51526 0.975774 0.51526 0.974428 0.513465 0.971736 0.513465 0.97039 0.51167 0.956931 0.51167 0.955585 0.513465 0.946164 0.513465 0.944818 0.51526 0.942127 0.51167 0.942127 0.509874 0.939435 0.506284 0.939435 0.504488 0.931359 0.504488 0.930013 0.506284 0.921938 0.506284 0.920592 0.508079 0.919246 0.506284 0.911171 0.506284 0.909825 0.504488 0.90175 0.504488 0.900404 0.502693 0.893674 0.502693 0.892328 0.500898 0.884253 0.500898 0.882907 0.499102 0.874832 0.499102 0.873486 0.497307 0.869448 0.497307 0.868102 0.495512 0.864065 0.495512 0.862719 0.493716 0.845222 0.493716 0.845222 0.495512 0.84926 0.495512 0.850606 0.497307 0.853297 0.497307 0.854643 0.499102 0.858681 0.499102 0.860027 0.500898 0.864065 0.500898 0.86541 0.502693 0.868102 0.502693 0.869448 0.504488 0.873486 0.504488 0.874832 0.506284 0.874832 0.508079 0.873486 0.509874 0.873486 0.51167 0.87214 0.513465 0.87214 0.51526 0.876178 0.520646 0.877524 0.520646 0.882907 0.527828 0.882907 0.529623 0.884253 0.531418 0.884253 0.533214 0.885599 0.535009 0.885599 0.536804 0.886945 0.5386 0.886945 0.54219 0.888291 0.543986 0.888291 0.545781 0.889637 0.547576 0.889637 0.549372 0.890983 0.551167 0.890983 0.552962 0.892328 0.554758 0.892328 0.556553 0.888291 0.561939 0.888291 0.563734 0.885599 0.567325 0.885599 0.572711 0.886945 0.574506 0.886945 0.59246 0.885599 0.594255 0.884253 0.59246 0.874832 0.59246 0.873486 0.590664 0.873486 0.588869 0.874832 0.587074 0.874832 0.583483 0.876178 0.581688 0.876178 0.578097 0.874832 0.576302 0.874832 0.572711 0.873486 0.570916 0.869448 0.570916 0.868102 0.572711 0.861373 0.572711 0.860027 0.574506 0.854643 0.574506 0.853297 0.576302 0.847914 0.576302 0.846568 0.578097 0.838493 0.567325 0.837147 0.567325 0.829071 0.556553 0.82638 0.556553 0.825034 0.554758 0.822342 0.554758 0.820996 0.552962 0.818304 0.552962 0.816958 0.551167 0.814266 0.551167 0.812921 0.549372 0.810229 0.549372 0.808883 0.547576 0.799462 0.547576 0.798116 0.545781 0.788694 0.545781 0.787349 0.543986 0.783311 0.543986 0.781965 0.54219 0.777927 0.54219 0.776581 0.540395 0.77389 0.540395 0.772544 0.5386 0.768506 0.5386 0.76716 0.536804 0.763122 0.536804 0.761777 0.535009 0.761777 0.533214 0.760431 0.531418 0.760431 0.529623 0.759085 0.527828 0.759085 0.526032 0.757739 0.524237 0.757739 0.522442 0.756393 0.520646 0.756393 0.504488 0.755047 0.504488 0.751009 0.509874 0.749664 0.509874 0.746972 0.513465 0.745626 0.51167 0.74428 0.51167 0.742934 0.509874 0.741588 0.509874 0.740242 0.508079 0.738896 0.508079 0.73755 0.506284 0.736205 0.506284 0.734859 0.504488 0.733513 0.504488 0.732167 0.502693 0.730821 0.502693 0.729475 0.500898 0.728129 0.500898 0.726783 0.499102 0.725437 0.499102 0.724092 0.497307 0.722746 0.497307 0.720054 0.493716 0.720054 0.491921 0.718708 0.490126 0.718708 0.48833 0.717362 0.486535 0.717362 0.48474 0.716016 0.482944 0.716016 0.481149 0.71467 0.479354 0.717362 0.475763 0.717362 0.473968 0.718708 0.472172 0.713324 0.472172 0.711978 0.470377 0.707941 0.470377 0.706595 0.468582 0.701211 0.468582 0.699865 0.466786 0.695828 0.466786 0.694482 0.464991 0.693136 0.464991 0.690444 0.4614 0.689098 0.4614 0.686406 0.45781 0.685061 0.45781 0.683715 0.456014 0.682369 0.456014 0.679677 0.452424 0.678331 0.452424 0.676985 0.450628 0.678331 0.448833 0.682369 0.448833 0.683715 0.447038 0.687752 0.447038 0.689098 0.445242 0.693136 0.445242 0.694482 0.443447 0.705249 0.443447 0.706595 0.441652 0.716016 0.441652 0.716016 0.439856 0.71467 0.438061 0.71467 0.436266 0.713324 0.43447 0.713324 0.432675 0.711978 0.43088 0.711978 0.425494 0.713324 0.423698 0.713324 0.418312 0.71467 0.416517 0.716016 0.416517 0.717362 0.414722 0.718708 0.414722 0.720054 0.412926 0.7214 0.412926 0.722746 0.411131 0.724092 0.411131 0.725437 0.409336 0.726783 0.411131 0.730821 0.411131 0.732167 0.412926 0.736205 0.412926 0.73755 0.414722 0.742934 0.414722 0.74428 0.416517 0.748318 0.416517 0.749664 0.418312 0.751009 0.418312 0.752355 0.420108 0.753701 0.420108 0.755047 0.421903 0.756393 0.421903 0.759085 0.425494 0.760431 0.425494 0.761777 0.427289 0.763122 0.427289 0.764468 0.429084 0.765814 0.429084 0.769852 0.43447 0.771198 0.43447 0.777927 0.443447 0.779273 0.443447 0.787349 0.454219 0.788694 0.454219 0.795424 0.463196 0.79677 0.463196 0.803499 0.472172 0.804845 0.472172 0.808883 0.477558 0.834455 0.477558 0.834455 0.470377 0.833109 0.468582 0.833109 0.4614 0.829071 0.4614 0.827725 0.459605 0.823688 0.459605 0.822342 0.45781 0.81965 0.45781 0.818304 0.456014 0.814266 0.456014 0.812921 0.454219 0.808883 0.454219 0.79677 0.438061 0.795424 0.438061 0.784657 0.423698 0.781965 0.423698 0.780619 0.421903 0.777927 0.421903 0.776581 0.420108 0.775236 0.420108 0.77389 0.418312 0.771198 0.418312 0.769852 0.416517 0.76716 0.416517 0.765814 0.414722 0.763122 0.414722 0.761777 0.412926 0.757739 0.412926 0.756393 0.411131 0.753701 0.411131 0.752355 0.409336 0.748318 0.409336 0.746972 0.40754 0.74428 0.40754 0.742934 0.405745 0.738896 0.405745 0.73755 0.40395 0.734859 0.40395 0.733513 0.402154 0.729475 0.402154 0.728129 0.400359 0.726783 0.400359 0.725437 0.398564 0.724092 0.398564 0.7214 0.394973 0.720054 0.394973 0.718708 0.393178 0.717362 0.393178 0.710633 0.384201 0.709287 0.384201 0.702557 0.375224 0.701211 0.375224 0.699865 0.373429 0.699865 0.375224 0.701211 0.37702 0.701211 0.378815 0.702557 0.38061 0.702557 0.382406 0.703903 0.384201 0.703903 0.385996 0.705249 0.387792 0.705249 0.389587 0.706595 0.391382 0.706595 0.402154 0.705249 0.40395 0.699865 0.40395 0.69852 0.405745 0.693136 0.405745 0.69179 0.40754 0.66891 0.40754 0.667564 0.405745 0.663526 0.405745 0.66218 0.40395 0.656797 0.40395 0.655451 0.402154 0.654105 0.402154 0.651413 0.398564 0.650067 0.398564 0.647376 0.394973 0.64603 0.394973 0.644684 0.393178 0.648721 0.387792 0.650067 0.387792 0.658143 0.37702 0.659489 0.37702 0.663526 0.371634 0.671602 0.371634 0.672948 0.369838 0.675639 0.369838 0.676985 0.368043 0.681023 0.368043 0.682369 0.366248 0.685061 0.366248 0.686406 0.364452 0.689098 0.364452 0.690444 0.362657 0.694482 0.362657 0.695828 0.360862 0.69852 0.360862 0.699865 0.359066 0.701211 0.360862 0.702557 0.360862 0.705249 0.364452 0.706595 0.364452 0.709287 0.368043 0.710633 0.368043 0.713324 0.371634 0.71467 0.371634 0.716016 0.373429 0.720054 0.373429 0.7214 0.375224 0.726783 0.375224 0.728129 0.37702 0.732167 0.37702 0.733513 0.378815 0.736205 0.378815 0.73755 0.38061 0.740242 0.38061 0.741588 0.382406 0.74428 0.382406 0.745626 0.384201 0.748318 0.384201 0.749664 0.385996 0.753701 0.385996 0.755047 0.387792 0.757739 0.387792 0.759085 0.389587 0.761777 0.389587 0.763122 0.391382 0.765814 0.391382 0.771198 0.384201 0.771198 0.38061 0.769852 0.378815 0.769852 0.373429 0.768506 0.371634 0.768506 0.368043 0.769852 0.366248 0.77389 0.366248 0.775236 0.364452 0.777927 0.364452 0.779273 0.362657 0.783311 0.362657 0.784657 0.360862 0.786003 0.362657 0.800808 0.362657 0.802153 0.360862 0.802153 0.357271 0.803499 0.355476 0.822342 0.355476 0.823688 0.35368 0.825034 0.35368 0.827725 0.35009 0.829071 0.35009 0.831763 0.346499 0.833109 0.346499 0.829071 0.341113 0.827725 0.341113 0.822342 0.333932 0.820996 0.333932 0.81965 0.332136 0.818304 0.332136 0.816958 0.330341 0.815612 0.330341 0.814266 0.328546 0.811575 0.328546 0.810229 0.32675 0.808883 0.32675 0.807537 0.324955 0.806191 0.324955 0.804845 0.32316 0.791386 0.32316 0.788694 0.319569 0.787349 0.319569 0.784657 0.315978 0.783311 0.315978 0.780619 0.312388 0.779273 0.312388 0.777927 0.310592 0.769852 0.310592 0.768506 0.308797 0.760431 0.308797 0.759085 0.307002 0.757739 0.307002 0.756393 0.305206 0.753701 0.305206 0.752355 0.303411 0.751009 0.303411 0.749664 0.301616 0.748318 0.301616 0.746972 0.29982 0.74428 0.29982 0.742934 0.298025 0.740242 0.298025 0.738896 0.29982 0.73755 0.29982 0.736205 0.301616 0.734859 0.301616 0.733513 0.303411 0.732167 0.303411 0.730821 0.305206 0.729475 0.303411 0.728129 0.303411 0.726783 0.301616 0.725437 0.301616 0.724092 0.29982 0.7214 0.29982 0.720054 0.298025 0.718708 0.298025 0.717362 0.29623 0.711978 0.29623 0.710633 0.298025 0.706595 0.298025 0.706595 0.29982 0.707941 0.301616 0.707941 0.303411 0.709287 0.305206 0.709287 0.307002 0.707941 0.308797 0.706595 0.307002 0.685061 0.307002 0.683715 0.305206 0.681023 0.305206 0.679677 0.303411 0.678331 0.303411 0.676985 0.301616 0.674293 0.301616 0.672948 0.29982 0.671602 0.29982 0.670256 0.298025 0.667564 0.298025 0.666218 0.29623 0.666218 0.287253 0.664872 0.285458 0.664872 0.278276 0.644684 0.278276 0.643338 0.276481 0.64603 0.27289 0.64603 0.271095 0.650067 0.265709 0.650067 0.263914 0.654105 0.258528 0.654105 0.256732 0.656797 0.253142 0.675639 0.253142 0.676985 0.251346 0.678331 0.251346 0.679677 0.249551 0.681023 0.249551 0.679677 0.249551 0.678331 0.247756 0.675639 0.247756 0.674293 0.245961 0.672948 0.245961 0.671602 0.244165 0.66891 0.244165 0.667564 0.24237 0.648721 0.24237 0.647376 0.244165 0.644684 0.240575 0.643338 0.240575 0.640646 0.236984 0.6393 0.236984 0.636608 0.233393 0.635262 0.233393 0.632571 0.229803 0.631225 0.229803 0.629879 0.228007 0.629879 0.219031 0.631225 0.217235 0.632571 0.217235 0.633917 0.21544 0.635262 0.21544 0.633917 0.21544 0.632571 0.213645 0.631225 0.213645 0.629879 0.211849 0.627187 0.211849 0.625841 0.210054 0.624495 0.210054 0.623149 0.208259 0.61642 0.208259 0.615074 0.210054 0.608345 0.210054 0.606999 0.211849 0.601615 0.211849 0.600269 0.213645 0.598923 0.211849 0.597577 0.211849 0.596231 0.210054 0.59354 0.210054 0.592194 0.208259 0.590848 0.208259 0.589502 0.206463 0.58681 0.206463 0.585464 0.204668 0.584118 0.204668 0.582773 0.202873 0.551817 0.202873 0.550471 0.204668 0.547779 0.201077 0.547779 0.199282 0.546433 0.197487 0.546433 0.195691 0.545087 0.193896 0.545087 0.192101 0.543742 0.190305 0.545087 0.18851 0.545087 0.186715 0.546433 0.184919 0.546433 0.183124 0.547779 0.181329 0.547779 0.179533 0.549125 0.177738 0.547779 0.177738 0.546433 0.175943 0.543742 0.175943 0.542396 0.174147 0.54105 0.174147 0.539704 0.172352 0.535666 0.172352 0.53432 0.170557 0.530283 0.170557 0.528937 0.168761 0.523553 0.168761 0.522207 0.166966 0.51817 0.166966 0.516824 0.165171 0.512786 0.165171 0.51144 0.163375 0.506057 0.163375 0.504711 0.16158 0.500673 0.16158 0.499327 0.159785 0.487214 0.159785 0.485868 0.16158 0.479139 0.16158 0.479139 0.168761 0.489906 0.168761 0.491252 0.170557 0.502019 0.170557 0.503365 0.172352 0.514132 0.172352 0.515478 0.174147 0.512786 0.177738 0.51144 0.177738 0.507402 0.183124 0.48856 0.183124 0.487214 0.181329 0.472409 0.181329 0.471063 0.179533 0.469717 0.179533 0.468371 0.177738 0.46568 0.177738 0.464334 0.175943 0.462988 0.175943 0.461642 0.174147 0.460296 0.174147 0.45895 0.172352 0.456258 0.172352 0.454913 0.170557 0.453567 0.170557 0.449529 0.165171 0.449529 0.163375 0.442799 0.154399 0.442799 0.152603 0.438762 0.147217 0.432032 0.147217 0.430686 0.145422 0.422611 0.145422 0.417227 0.138241 0.417227 0.136445 0.41319 0.131059 0.414536 0.129264 0.417227 0.129264 0.418573 0.127469 0.421265 0.127469 0.422611 0.125673 0.423957 0.125673 0.425303 0.123878 0.427995 0.123878 0.429341 0.122083 0.432032 0.122083 0.433378 0.120287 0.454913 0.120287 0.456258 0.118492 0.477793 0.118492 0.479139 0.116697 0.480485 0.118492 0.526245 0.118492 0.527591 0.116697 0.537012 0.116697 0.538358 0.114901 0.54105 0.114901 0.542396 0.113106 0.545087 0.113106 0.537012 0.113106 0.535666 0.111311 0.524899 0.111311 0.523553 0.109515 0.514132 0.109515 0.512786 0.10772 0.500673 0.10772 0.499327 0.105925 0.48856 0.105925 0.487214 0.104129 0.473755 0.104129 0.472409 0.102334 0.45895 0.102334 0.457604 0.100539 0.444145 0.100539
