0 0.235808 0.937984 0.234352 0.939922 0.232897 0.939922 0.231441 0.94186 0.229985 0.94186 0.22853 0.943798 0.227074 0.943798 0.225619 0.945736 0.224163 0.945736 0.221252 0.949612 0.219796 0.949612 0.216885 0.953488 0.215429 0.953488 0.212518 0.957364 0.211063 0.957364 0.211063 0.96124 0.212518 0.963178 0.212518 0.967054 0.215429 0.97093 0.219796 0.97093 0.221252 0.972868 0.225619 0.972868 0.227074 0.974806 0.231441 0.974806 0.232897 0.976744 0.234352 0.976744 0.235808 0.978682 0.237263 0.978682 0.240175 0.982558 0.24163 0.982558 0.243086 0.984496 0.244541 0.984496 0.245997 0.986434 0.254731 0.986434 0.256186 0.984496 0.256186 0.982558 0.257642 0.98062 0.257642 0.978682 0.259098 0.976744 0.259098 0.974806 0.260553 0.972868 0.260553 0.97093 0.262009 0.968992 0.262009 0.967054 0.263464 0.965116 0.263464 0.963178 0.26492 0.96124 0.26492 0.959302 0.266376 0.957364 0.266376 0.953488 0.267831 0.95155 0.267831 0.949612 0.269287 0.947674 0.269287 0.945736 0.266376 0.94186 0.26492 0.943798 0.260553 0.943798 0.259098 0.945736 0.243086 0.945736 0.240175 0.94186 0.238719 0.94186
0 0.823872 0.889535 0.823872 0.897287 0.822416 0.899225 0.822416 0.906977 0.829694 0.906977 0.83115 0.908915 0.838428 0.908915 0.839884 0.910853 0.841339 0.908915 0.842795 0.908915 0.845706 0.905039 0.847162 0.905039 0.850073 0.901163 0.851528 0.901163 0.851528 0.899225 0.850073 0.897287 0.850073 0.895349 0.848617 0.893411 0.848617 0.891473 0.825328 0.891473
0 0.240175 0.835271 0.240175 0.837209 0.238719 0.839147 0.238719 0.844961 0.237263 0.846899 0.237263 0.850775 0.235808 0.852713 0.235808 0.858527 0.234352 0.860465 0.234352 0.862403 0.243086 0.862403 0.243086 0.860465 0.244541 0.858527 0.244541 0.856589 0.245997 0.854651 0.245997 0.850775 0.247453 0.848837 0.247453 0.846899 0.248908 0.844961 0.248908 0.843023 0.250364 0.841085 0.250364 0.839147 0.245997 0.839147 0.244541 0.837209 0.24163 0.837209
0 0.305677 0.775194 0.305677 0.781008 0.307132 0.782946 0.307132 0.790698 0.31441 0.790698 0.31441 0.78876 0.315866 0.786822 0.315866 0.784884 0.317322 0.782946 0.311499 0.775194
0 0.691412 0.76938 0.689956 0.771318 0.688501 0.771318 0.68559 0.775194 0.684134 0.775194 0.68559 0.777132 0.687045 0.777132 0.691412 0.782946 0.692868 0.781008 0.719068 0.781008 0.720524 0.77907 0.72198 0.77907 0.720524 0.777132 0.720524 0.775194 0.719068 0.773256 0.705968 0.773256 0.704512 0.771318 0.692868 0.771318
0 0.826783 0.767442 0.825328 0.76938 0.815138 0.76938 0.813683 0.771318 0.810771 0.771318 0.809316 0.773256 0.80786 0.773256 0.806405 0.775194 0.803493 0.775194 0.803493 0.784884 0.812227 0.784884 0.813683 0.786822 0.815138 0.784884 0.819505 0.784884 0.820961 0.782946 0.826783 0.782946 0.828239 0.781008 0.832606 0.781008 0.834061 0.77907 0.839884 0.77907 0.838428 0.77907 0.835517 0.775194 0.834061 0.775194 0.83115 0.771318 0.829694 0.771318
0 0.253275 0.763566 0.25182 0.765504 0.245997 0.765504 0.247453 0.767442 0.247453 0.76938 0.248908 0.771318 0.25182 0.771318 0.253275 0.773256 0.254731 0.773256 0.256186 0.775194 0.266376 0.775194 0.266376 0.773256 0.267831 0.771318 0.267831 0.76938 0.26492 0.76938 0.263464 0.767442 0.259098 0.767442 0.257642 0.765504 0.254731 0.765504
0 0.790393 0.703488 0.786026 0.709302 0.788937 0.709302 0.790393 0.71124 0.793304 0.71124 0.79476 0.713178 0.803493 0.713178 0.803493 0.71124 0.804949 0.709302 0.803493 0.707364 0.802038 0.707364 0.799127 0.703488
0 0.930131 0.697674 0.928675 0.699612 0.928675 0.70155 0.925764 0.705426 0.925764 0.707364 0.924309 0.709302 0.925764 0.71124 0.92722 0.71124 0.931587 0.717054 0.933042 0.717054 0.935953 0.72093 0.934498 0.722868 0.931587 0.722868 0.930131 0.724806 0.928675 0.724806 0.92722 0.726744 0.924309 0.726744 0.922853 0.728682 0.919942 0.728682 0.921397 0.728682 0.922853 0.73062 0.924309 0.73062 0.925764 0.732558 0.92722 0.732558 0.930131 0.736434 0.931587 0.736434 0.933042 0.738372 0.934498 0.738372 0.935953 0.74031 0.937409 0.738372 0.944687 0.738372 0.946143 0.736434 0.953421 0.736434 0.953421 0.734496 0.954876 0.732558 0.954876 0.73062 0.956332 0.728682 0.956332 0.724806 0.957787 0.722868 0.957787 0.72093 0.959243 0.718992 0.959243 0.717054 0.960699 0.715116 0.960699 0.713178 0.956332 0.707364 0.954876 0.707364 0.949054 0.699612 0.949054 0.70155 0.947598 0.703488 0.947598 0.705426 0.944687 0.709302 0.943231 0.707364 0.941776 0.707364 0.94032 0.705426 0.938865 0.705426 0.935953 0.70155 0.934498 0.70155 0.933042 0.699612 0.931587 0.699612
0 0.761281 0.670543 0.761281 0.684109 0.768559 0.684109 0.770015 0.686047 0.77147 0.684109 0.775837 0.684109 0.778748 0.680233 0.780204 0.680233 0.780204 0.672481 0.762737 0.672481
0 0.52984 0.668605 0.528384 0.670543 0.528384 0.672481 0.526929 0.674419 0.526929 0.676357 0.524017 0.680233 0.524017 0.682171 0.522562 0.684109 0.528384 0.684109 0.52984 0.686047 0.535662 0.686047 0.537118 0.687984 0.544396 0.687984 0.545852 0.689922 0.551674 0.689922 0.55313 0.69186 0.558952 0.69186 0.560408 0.693798 0.561863 0.69186 0.561863 0.689922 0.56623 0.684109 0.56623 0.682171 0.567686 0.680233 0.563319 0.680233 0.561863 0.678295 0.556041 0.678295 0.554585 0.676357 0.550218 0.676357 0.548763 0.674419 0.544396 0.674419 0.54294 0.672481 0.537118 0.672481 0.535662 0.670543 0.531295 0.670543
0 0.344978 0.647287 0.342067 0.651163 0.340611 0.651163 0.3377 0.655039 0.336245 0.655039 0.334789 0.656977 0.330422 0.656977 0.328967 0.658915 0.3246 0.658915 0.327511 0.662791 0.327511 0.664729 0.330422 0.668605 0.339156 0.668605 0.340611 0.670543 0.350801 0.670543 0.352256 0.672481 0.352256 0.666667 0.353712 0.664729 0.353712 0.655039 0.355167 0.653101 0.355167 0.649225 0.346434 0.649225
0 0.705968 0.637597 0.704512 0.639535 0.703057 0.639535 0.701601 0.641473 0.700146 0.641473 0.697234 0.645349 0.695779 0.645349 0.694323 0.647287 0.692868 0.647287 0.691412 0.649225 0.687045 0.649225 0.68559 0.651163 0.682678 0.651163 0.681223 0.653101 0.676856 0.653101 0.676856 0.656977 0.6754 0.658915 0.6754 0.664729 0.673945 0.666667 0.673945 0.668605 0.676856 0.672481 0.676856 0.674419 0.681223 0.680233 0.681223 0.682171 0.682678 0.684109 0.681223 0.686047 0.679767 0.686047 0.678311 0.687984 0.6754 0.687984 0.6754 0.693798 0.676856 0.695736 0.676856 0.70155 0.678311 0.699612 0.684134 0.699612 0.68559 0.697674 0.689956 0.697674 0.691412 0.695736 0.697234 0.695736 0.69869 0.693798 0.704512 0.693798 0.705968 0.69186 0.71179 0.69186 0.713246 0.689922 0.717613 0.689922 0.719068 0.687984 0.724891 0.687984 0.723435 0.686047 0.723435 0.684109 0.719068 0.678295 0.719068 0.676357 0.717613 0.674419 0.72198 0.668605 0.723435 0.668605 0.724891 0.666667 0.724891 0.662791 0.723435 0.660853 0.723435 0.656977 0.708879 0.656977 0.707424 0.655039 0.707424 0.653101 0.708879 0.651163 0.708879 0.649225 0.710335 0.647287 0.708879 0.645349 0.708879 0.643411 0.707424 0.641473 0.707424 0.639535
0 0.438137 0.618217 0.436681 0.620155 0.435226 0.620155 0.43377 0.622093 0.432314 0.622093 0.430859 0.624031 0.429403 0.624031 0.429403 0.631783 0.427948 0.633721 0.427948 0.641473 0.429403 0.643411 0.429403 0.649225 0.430859 0.651163 0.430859 0.655039 0.432314 0.653101 0.448326 0.653101 0.449782 0.651163 0.467249 0.651163 0.468705 0.649225 0.484716 0.649225 0.486172 0.647287 0.50655 0.647287 0.508006 0.645349 0.52984 0.645349 0.531295 0.643411 0.551674 0.643411 0.55313 0.641473 0.564774 0.641473 0.56623 0.639535 0.576419 0.639535 0.577875 0.637597 0.586608 0.637597 0.588064 0.635659 0.598253 0.635659 0.598253 0.625969 0.588064 0.625969 0.586608 0.624031 0.577875 0.624031 0.576419 0.622093 0.538574 0.622093 0.537118 0.620155 0.500728 0.620155 0.499272 0.618217
0 0.630277 0.614341 0.630277 0.616279 0.628821 0.618217 0.628821 0.620155 0.627365 0.622093 0.627365 0.624031 0.62591 0.625969 0.621543 0.625969 0.620087 0.627907 0.615721 0.627907 0.614265 0.629845 0.609898 0.629845 0.608443 0.631783 0.604076 0.631783 0.604076 0.643411 0.620087 0.643411 0.624454 0.637597 0.624454 0.635659 0.628821 0.629845 0.63901 0.629845 0.640466 0.631783 0.640466 0.629845 0.641921 0.627907 0.641921 0.624031 0.643377 0.622093 0.643377 0.620155 0.644833 0.618217 0.644833 0.616279 0.631732 0.616279
0 0.03639 0.608527 0.034934 0.610465 0.033479 0.610465 0.032023 0.612403 0.029112 0.612403 0.027656 0.614341 0.027656 0.616279 0.026201 0.618217 0.030568 0.624031 0.033479 0.624031 0.034934 0.625969 0.037846 0.625969 0.039301 0.627907 0.040757 0.625969 0.043668 0.625969 0.045124 0.624031 0.048035 0.624031 0.043668 0.618217 0.043668 0.616279 0.040757 0.612403 0.039301 0.612403
0 0.713246 0.573643 0.713246 0.581395 0.730713 0.581395 0.732169 0.583333 0.751092 0.583333 0.752547 0.585271 0.752547 0.581395 0.754003 0.579457 0.754003 0.577519 0.73508 0.577519 0.733624 0.575581 0.714702 0.575581
0 0.486172 0.563953 0.486172 0.573643 0.487627 0.575581 0.487627 0.587209 0.489083 0.587209 0.490539 0.589147 0.491994 0.589147 0.49345 0.591085 0.494905 0.591085 0.497817 0.594961 0.499272 0.594961 0.500728 0.596899 0.502183 0.596899 0.503639 0.598837 0.505095 0.598837 0.50655 0.600775 0.513828 0.600775 0.515284 0.602713 0.522562 0.602713 0.524017 0.604651 0.52984 0.604651 0.531295 0.606589 0.538574 0.606589 0.540029 0.608527 0.541485 0.606589 0.548763 0.606589 0.550218 0.604651 0.558952 0.604651 0.558952 0.594961 0.557496 0.593023 0.557496 0.581395 0.547307 0.567829 0.544396 0.571705 0.54294 0.571705 0.540029 0.575581 0.538574 0.575581 0.535662 0.579457 0.534207 0.579457 0.532751 0.581395 0.499272 0.581395 0.497817 0.579457 0.497817 0.573643 0.496361 0.571705 0.496361 0.563953
0 0.641921 0.534884 0.640466 0.536822 0.631732 0.536822 0.630277 0.53876 0.621543 0.53876 0.620087 0.540698 0.611354 0.540698 0.611354 0.550388 0.609898 0.552326 0.609898 0.562016 0.611354 0.562016 0.614265 0.565891 0.615721 0.565891 0.618632 0.569767 0.620087 0.569767 0.621543 0.571705 0.622999 0.571705 0.62591 0.575581 0.627365 0.575581 0.628821 0.577519 0.630277 0.577519 0.633188 0.581395 0.634643 0.581395 0.637555 0.585271 0.63901 0.585271 0.640466 0.587209 0.641921 0.585271 0.643377 0.585271 0.644833 0.583333 0.646288 0.583333 0.647744 0.581395 0.650655 0.581395 0.652111 0.579457 0.653566 0.579457 0.650655 0.575581 0.649199 0.575581 0.644833 0.569767 0.646288 0.567829 0.659389 0.567829 0.6623 0.563953 0.663755 0.563953 0.666667 0.560078 0.668122 0.560078 0.673945 0.552326 0.6754 0.552326 0.676856 0.550388 0.666667 0.536822 0.643377 0.536822
0 0.516739 0.534884 0.515284 0.536822 0.508006 0.536822 0.508006 0.544574 0.509461 0.542636 0.525473 0.542636 0.526929 0.544574 0.528384 0.544574 0.52984 0.546512 0.538574 0.546512 0.538574 0.542636 0.52984 0.542636 0.528384 0.540698 0.528384 0.534884
0 0.045124 0.496124 0.043668 0.498062 0.03639 0.498062 0.034934 0.5 0.027656 0.5 0.026201 0.501938 0.017467 0.501938 0.016012 0.503876 0.008734 0.503876 0.007278 0.505814 0.0 0.505814 0.0 0.573643 0.020378 0.573643 0.020378 0.571705 0.021834 0.569767 0.021834 0.567829 0.02329 0.565891 0.02329 0.563953 0.024745 0.562016 0.024745 0.55814 0.026201 0.556202 0.026201 0.554264 0.027656 0.552326 0.027656 0.550388 0.029112 0.54845 0.029112 0.544574 0.030568 0.542636 0.030568 0.540698 0.032023 0.53876 0.032023 0.534884 0.033479 0.532946 0.033479 0.531008 0.034934 0.52907 0.034934 0.527132 0.03639 0.525194 0.03639 0.521318 0.037846 0.51938 0.037846 0.517442 0.039301 0.515504 0.039301 0.513566 0.040757 0.511628 0.040757 0.507752 0.042213 0.505814 0.042213 0.503876 0.043668 0.501938 0.043668 0.5 0.045124 0.498062
0 0.372635 0.474806 0.371179 0.476744 0.346434 0.476744 0.344978 0.478682 0.320233 0.478682 0.318777 0.48062 0.294032 0.48062 0.292576 0.482558 0.267831 0.482558 0.266376 0.484496 0.24163 0.484496 0.240175 0.486434 0.216885 0.486434 0.215429 0.488372 0.190684 0.488372 0.189229 0.49031 0.164483 0.49031 0.163028 0.492248 0.138282 0.492248 0.136827 0.494186 0.112082 0.494186 0.110626 0.496124 0.085881 0.496124 0.084425 0.498062 0.05968 0.498062 0.05968 0.5 0.058224 0.501938 0.058224 0.503876 0.056769 0.505814 0.056769 0.50969 0.055313 0.511628 0.055313 0.513566 0.053857 0.515504 0.053857 0.51938 0.052402 0.521318 0.052402 0.523256 0.050946 0.525194 0.050946 0.52907 0.049491 0.531008 0.049491 0.532946 0.048035 0.534884 0.048035 0.53876 0.046579 0.540698 0.046579 0.542636 0.045124 0.544574 0.045124 0.54845 0.043668 0.550388 0.043668 0.552326 0.042213 0.554264 0.042213 0.55814 0.040757 0.560078 0.040757 0.562016 0.039301 0.563953 0.039301 0.567829 0.037846 0.569767 0.037846 0.571705 0.03639 0.573643 0.03639 0.575581 0.037846 0.573643 0.053857 0.573643 0.055313 0.571705 0.07278 0.571705 0.074236 0.569767 0.208151 0.569767 0.209607 0.571705 0.209607 0.579457 0.208151 0.581395 0.208151 0.589147 0.216885 0.589147 0.218341 0.591085 0.219796 0.589147 0.219796 0.587209 0.221252 0.585271 0.221252 0.583333 0.222707 0.581395 0.222707 0.579457 0.224163 0.577519 0.224163 0.575581 0.227074 0.571705 0.30131 0.571705 0.302766 0.573643 0.302766 0.577519 0.30131 0.579457 0.30131 0.585271 0.302766 0.585271 0.305677 0.589147 0.307132 0.589147 0.308588 0.591085 0.317322 0.591085 0.318777 0.593023 0.321689 0.589147 0.321689 0.587209 0.326055 0.581395 0.3246 0.581395 0.321689 0.577519 0.320233 0.577519 0.317322 0.573643 0.315866 0.573643 0.31441 0.571705 0.315866 0.569767 0.342067 0.569767 0.343523 0.567829 0.371179 0.567829 0.372635 0.565891 0.398836 0.565891 0.400291 0.563953 0.427948 0.563953 0.429403 0.562016 0.439592 0.562016 0.441048 0.560078 0.449782 0.560078 0.451237 0.55814 0.461426 0.55814 0.462882 0.556202 0.473071 0.556202 0.473071 0.554264 0.474527 0.552326 0.474527 0.550388 0.475983 0.54845 0.475983 0.546512 0.477438 0.544574 0.477438 0.542636 0.478894 0.540698 0.478894 0.53876 0.480349 0.536822 0.480349 0.534884 0.481805 0.532946 0.478894 0.532946 0.477438 0.531008 0.474527 0.531008 0.473071 0.52907 0.473071 0.523256 0.474527 0.521318 0.474527 0.517442 0.475983 0.515504 0.484716 0.515504 0.484716 0.511628 0.486172 0.50969 0.486172 0.503876 0.484716 0.501938 0.484716 0.5 0.483261 0.498062 0.483261 0.494186 0.481805 0.492248 0.481805 0.49031 0.475983 0.49031 0.474527 0.488372 0.468705 0.488372 0.467249 0.486434 0.461426 0.486434 0.459971 0.484496 0.454148 0.484496 0.452693 0.482558 0.43377 0.482558 0.432314 0.48062 0.413392 0.48062 0.411936 0.478682 0.394469 0.478682 0.393013 0.476744 0.37409 0.476744
0 0.983988 0.47093 0.983988 0.482558 0.992722 0.482558 0.994178 0.484496 0.994178 0.472868 0.985444 0.472868
0 0.946143 0.457364 0.941776 0.463178 0.94032 0.463178 0.937409 0.467054 0.937409 0.468992 0.933042 0.474806 0.933042 0.476744 0.931587 0.478682 0.933042 0.48062 0.933042 0.482558 0.934498 0.484496 0.934498 0.486434 0.938865 0.486434 0.94032 0.488372 0.944687 0.488372 0.946143 0.49031 0.949054 0.486434 0.950509 0.486434 0.953421 0.482558 0.954876 0.482558 0.956332 0.48062 0.956332 0.476744 0.954876 0.474806 0.954876 0.467054 0.953421 0.465116 0.953421 0.46124 0.950509 0.46124 0.949054 0.459302 0.947598 0.459302
0 0.960699 0.401163 0.959243 0.403101 0.956332 0.403101 0.954876 0.405039 0.951965 0.405039 0.950509 0.406977 0.950509 0.408915 0.947598 0.412791 0.947598 0.414729 0.944687 0.418605 0.944687 0.420543 0.943231 0.422481 0.946143 0.422481 0.947598 0.424419 0.949054 0.424419 0.950509 0.426357 0.956332 0.418605 0.957787 0.418605 0.960699 0.414729
0 0.522562 0.323643 0.522562 0.325581 0.521106 0.327519 0.521106 0.329457 0.525473 0.329457 0.526929 0.331395 0.532751 0.331395 0.534207 0.333333 0.538574 0.333333 0.540029 0.335271 0.54294 0.331395 0.538574 0.331395 0.537118 0.329457 0.534207 0.329457 0.532751 0.327519 0.528384 0.327519 0.526929 0.325581 0.524017 0.325581
0 0.930131 0.290698 0.928675 0.292636 0.925764 0.292636 0.924309 0.294574 0.919942 0.294574 0.918486 0.296512 0.915575 0.296512 0.915575 0.310078 0.917031 0.310078 0.918486 0.312016 0.919942 0.312016 0.921397 0.313953 0.922853 0.313953 0.924309 0.315891 0.925764 0.313953 0.947598 0.313953 0.949054 0.315891 0.950509 0.313953 0.962154 0.313953 0.954876 0.304264 0.959243 0.29845 0.957787 0.296512 0.957787 0.294574 0.951965 0.294574 0.950509 0.292636 0.946143 0.292636 0.944687 0.290698
1 0.154294 0.974806 0.152838 0.976744 0.152838 0.978682 0.151383 0.98062 0.152838 0.98062 0.154294 0.982558 0.15575 0.982558 0.157205 0.984496 0.158661 0.984496 0.160116 0.986434 0.161572 0.986434 0.163028 0.988372 0.164483 0.988372 0.165939 0.99031 0.167394 0.99031 0.16885 0.992248 0.170306 0.992248 0.171761 0.994186 0.174672 0.99031 0.176128 0.99031 0.174672 0.99031 0.173217 0.988372 0.171761 0.988372 0.170306 0.986434 0.16885 0.986434 0.167394 0.984496 0.165939 0.984496 0.163028 0.98062 0.161572 0.98062 0.160116 0.978682 0.158661 0.978682 0.157205 0.976744 0.15575 0.976744
1 0.687045 0.936047 0.687045 0.937984 0.68559 0.939922 0.68559 0.945736 0.684134 0.947674 0.684134 0.95155 0.682678 0.953488 0.682678 0.959302 0.681223 0.96124 0.681223 0.967054 0.679767 0.968992 0.679767 0.974806 0.678311 0.976744 0.678311 0.98062 0.681223 0.98062 0.682678 0.982558 0.682678 0.98062 0.684134 0.978682 0.684134 0.976744 0.68559 0.974806 0.68559 0.97093 0.687045 0.968992 0.687045 0.967054 0.688501 0.965116 0.688501 0.96124 0.689956 0.959302 0.689956 0.957364 0.691412 0.955426 0.691412 0.936047
1 0.042213 0.932171 0.039301 0.936047 0.037846 0.936047 0.033479 0.94186 0.032023 0.94186 0.029112 0.945736 0.027656 0.945736 0.026201 0.947674 0.026201 0.949612 0.027656 0.95155 0.027656 0.953488 0.030568 0.949612 0.032023 0.949612 0.03639 0.943798 0.037846 0.943798 0.042213 0.937984 0.043668 0.937984 0.045124 0.936047
1 0.394469 0.860465 0.388646 0.868217 0.388646 0.870155 0.384279 0.875969 0.384279 0.877907 0.382824 0.879845 0.382824 0.889535 0.384279 0.891473 0.384279 0.901163 0.385735 0.903101 0.385735 0.905039 0.387191 0.906977 0.387191 0.908915 0.388646 0.910853 0.388646 0.912791 0.390102 0.914729 0.391557 0.914729 0.395924 0.920543 0.393013 0.924419 0.391557 0.924419 0.388646 0.928295 0.387191 0.928295 0.385735 0.930233 0.385735 0.932171 0.384279 0.934109 0.384279 0.936047 0.382824 0.937984 0.382824 0.939922 0.381368 0.94186 0.381368 0.943798 0.393013 0.943798 0.394469 0.945736 0.411936 0.945736 0.411936 0.943798 0.413392 0.94186 0.413392 0.939922 0.41048 0.939922 0.409025 0.937984 0.414847 0.930233 0.416303 0.930233 0.417758 0.928295 0.42067 0.928295 0.42067 0.926357 0.422125 0.924419 0.422125 0.922481 0.423581 0.920543 0.423581 0.918605 0.425036 0.916667 0.425036 0.910853 0.423581 0.908915 0.423581 0.895349 0.422125 0.893411 0.422125 0.883721 0.42067 0.881783 0.42067 0.879845 0.419214 0.877907 0.419214 0.875969 0.417758 0.874031 0.417758 0.872093 0.414847 0.872093 0.413392 0.870155 0.41048 0.870155 0.409025 0.868217 0.401747 0.868217 0.400291 0.866279 0.398836 0.866279
1 0.636099 0.829457 0.636099 0.831395 0.637555 0.833333 0.637555 0.837209 0.63901 0.839147 0.63901 0.844961 0.640466 0.846899 0.640466 0.858527 0.63901 0.860465 0.63901 0.866279 0.637555 0.868217 0.634643 0.868217 0.633188 0.870155 0.615721 0.870155 0.615721 0.874031 0.617176 0.875969 0.618632 0.875969 0.621543 0.879845 0.622999 0.879845 0.624454 0.881783 0.627365 0.881783 0.628821 0.883721 0.630277 0.883721 0.637555 0.893411 0.63901 0.893411 0.640466 0.895349 0.641921 0.895349 0.644833 0.899225 0.646288 0.899225 0.647744 0.901163 0.649199 0.899225 0.649199 0.897287 0.653566 0.891473 0.655022 0.891473 0.656477 0.889535 0.657933 0.889535 0.659389 0.887597 0.660844 0.887597 0.663755 0.883721 0.665211 0.883721 0.666667 0.881783 0.668122 0.881783 0.669578 0.879845 0.671033 0.879845 0.671033 0.877907 0.672489 0.875969 0.672489 0.874031 0.673945 0.872093 0.673945 0.870155 0.6754 0.868217 0.6754 0.866279 0.673945 0.864341 0.673945 0.858527 0.672489 0.856589 0.672489 0.854651 0.671033 0.854651 0.669578 0.852713 0.668122 0.852713 0.666667 0.850775 0.665211 0.850775 0.663755 0.848837 0.6623 0.848837 0.659389 0.844961 0.657933 0.844961 0.656477 0.843023 0.657933 0.841085 0.657933 0.839147 0.6623 0.833333 0.6623 0.831395 0.663755 0.829457
1 0.777293 0.825581 0.775837 0.827519 0.772926 0.827519 0.77147 0.829457 0.770015 0.829457 0.768559 0.831395 0.765648 0.831395 0.764192 0.833333 0.762737 0.833333 0.765648 0.837209 0.765648 0.839147 0.770015 0.844961 0.77147 0.844961 0.777293 0.852713 0.778748 0.852713 0.784571 0.860465 0.786026 0.860465 0.788937 0.864341 0.788937 0.866279 0.790393 0.868217 0.790393 0.872093 0.791849 0.874031 0.791849 0.875969 0.793304 0.877907 0.793304 0.879845 0.788937 0.885659 0.787482 0.885659 0.783115 0.891473 0.780204 0.887597 0.778748 0.887597 0.774381 0.881783 0.772926 0.881783 0.770015 0.877907 0.770015 0.875969 0.768559 0.874031 0.768559 0.872093 0.767103 0.870155 0.767103 0.868217 0.765648 0.866279 0.765648 0.864341 0.764192 0.862403 0.761281 0.862403 0.759825 0.860465 0.754003 0.860465 0.752547 0.862403 0.751092 0.862403 0.749636 0.864341 0.74818 0.864341 0.746725 0.866279 0.745269 0.866279 0.743814 0.868217 0.742358 0.868217 0.740902 0.870155 0.739447 0.870155 0.737991 0.872093 0.736536 0.872093 0.73508 0.874031 0.733624 0.874031 0.732169 0.875969 0.730713 0.875969 0.730713 0.879845 0.732169 0.881783 0.749636 0.881783 0.751092 0.883721 0.765648 0.883721 0.770015 0.889535 0.770015 0.891473 0.774381 0.897287 0.772926 0.899225 0.772926 0.901163 0.77147 0.903101 0.77147 0.905039 0.770015 0.906977 0.770015 0.908915 0.768559 0.910853 0.768559 0.912791 0.767103 0.914729 0.767103 0.916667 0.765648 0.918605 0.765648 0.920543 0.767103 0.922481 0.768559 0.922481 0.77147 0.926357 0.772926 0.926357 0.774381 0.928295 0.778748 0.928295 0.780204 0.930233 0.786026 0.930233 0.787482 0.928295 0.788937 0.928295 0.790393 0.926357 0.791849 0.928295 0.791849 0.937984 0.793304 0.937984 0.79476 0.939922 0.796215 0.939922 0.797671 0.94186 0.799127 0.94186 0.800582 0.943798 0.802038 0.943798 0.812227 0.957364 0.813683 0.955426 0.815138 0.955426 0.818049 0.95155 0.819505 0.95155 0.822416 0.947674 0.823872 0.949612 0.825328 0.949612 0.826783 0.95155 0.828239 0.95155 0.829694 0.953488 0.83115 0.953488 0.832606 0.955426 0.835517 0.955426 0.836972 0.957364 0.838428 0.957364 0.839884 0.959302 0.841339 0.959302 0.842795 0.96124 0.84425 0.96124 0.845706 0.963178 0.847162 0.963178 0.848617 0.965116 0.850073 0.965116 0.851528 0.967054 0.85444 0.967054 0.855895 0.968992 0.857351 0.968992 0.858806 0.97093 0.860262 0.97093 0.861718 0.972868 0.863173 0.972868 0.864629 0.974806 0.866084 0.974806 0.86754 0.976744 0.868996 0.976744 0.870451 0.978682 0.873362 0.978682 0.874818 0.98062 0.876274 0.98062 0.877729 0.982558 0.879185 0.982558 0.88064 0.984496 0.883552 0.984496 0.885007 0.986434 0.889374 0.986434 0.89083 0.988372 0.893741 0.988372 0.895197 0.99031 0.898108 0.99031 0.899563 0.992248 0.90393 0.992248 0.905386 0.994186 0.908297 0.994186 0.909753 0.996124 0.914119 0.996124 0.915575 0.998062 0.933042 0.998062 0.933042 0.996124 0.931587 0.994186 0.931587 0.992248 0.930131 0.99031 0.930131 0.988372 0.931587 0.986434 0.931587 0.98062 0.933042 0.978682 0.933042 0.972868 0.934498 0.97093 0.934498 0.968992 0.935953 0.967054 0.941776 0.967054 0.943231 0.968992 0.943231 0.974806 0.959243 0.974806 0.959243 0.972868 0.960699 0.97093 0.960699 0.967054 0.962154 0.965116 0.966521 0.97093 0.967977 0.97093 0.97671 0.982558 0.978166 0.982558 0.9869 0.994186 0.988355 0.994186 0.991266 0.998062 0.997089 0.998062 0.991266 0.99031 0.991266 0.988372 0.975255 0.967054 0.975255 0.965116 0.966521 0.953488 0.967977 0.95155 0.970888 0.95155 0.972344 0.949612 0.975255 0.949612 0.97671 0.947674 0.979622 0.947674 0.981077 0.945736 0.983988 0.945736 0.9869 0.94186 0.9869 0.939922 0.988355 0.937984 0.9869 0.937984 0.983988 0.934109 0.982533 0.934109 0.979622 0.930233 0.972344 0.930233 0.970888 0.932171 0.966521 0.932171 0.966521 0.934109 0.965066 0.936047 0.965066 0.94186 0.96361 0.943798 0.96361 0.945736 0.962154 0.947674 0.960699 0.945736 0.960699 0.943798 0.959243 0.94186 0.959243 0.937984 0.957787 0.936047 0.957787 0.930233 0.956332 0.928295 0.956332 0.924419 0.954876 0.922481 0.954876 0.918605 0.953421 0.916667 0.953421 0.912791 0.951965 0.910853 0.951965 0.905039 0.950509 0.903101 0.950509 0.899225 0.949054 0.897287 0.949054 0.895349 0.951965 0.891473 0.953421 0.891473 0.956332 0.887597 0.957787 0.887597 0.960699 0.883721 0.962154 0.883721 0.96361 0.881783 0.96361 0.879845 0.965066 0.877907 0.965066 0.874031 0.966521 0.872093 0.966521 0.866279 0.967977 0.864341 0.967977 0.862403 0.969432 0.860465 0.983988 0.879845 0.985444 0.877907 0.9869 0.877907 0.989811 0.874031 0.9869 0.870155 0.985444 0.870155 0.979622 0.862403 0.978166 0.862403 0.975255 0.858527 0.973799 0.858527 0.970888 0.854651 0.969432 0.854651 0.967977 0.852713 0.943231 0.852713 0.938865 0.858527 0.937409 0.858527 0.931587 0.866279 0.928675 0.866279 0.92722 0.868217 0.925764 0.868217 0.924309 0.870155 0.921397 0.870155 0.919942 0.872093 0.918486 0.872093 0.917031 0.874031 0.914119 0.874031 0.914119 0.875969 0.915575 0.877907 0.925764 0.877907 0.92722 0.875969 0.928675 0.877907 0.930131 0.877907 0.931587 0.879845 0.933042 0.879845 0.935953 0.883721 0.937409 0.883721 0.938865 0.885659 0.94032 0.885659 0.941776 0.887597 0.943231 0.887597 0.944687 0.889535 0.944687 0.893411 0.946143 0.895349 0.946143 0.903101 0.947598 0.905039 0.947598 0.912791 0.949054 0.914729 0.949054 0.922481 0.950509 0.924419 0.950509 0.928295 0.949054 0.930233 0.947598 0.928295 0.943231 0.928295 0.941776 0.926357 0.935953 0.926357 0.934498 0.924419 0.930131 0.924419 0.928675 0.922481 0.922853 0.922481 0.921397 0.920543 0.919942 0.920543 0.918486 0.918605 0.915575 0.918605 0.914119 0.916667 0.912664 0.916667 0.911208 0.914729 0.909753 0.914729 0.908297 0.912791 0.905386 0.912791 0.90393 0.910853 0.902475 0.910853 0.901019 0.908915 0.898108 0.908915 0.896652 0.906977 0.895197 0.906977 0.893741 0.905039 0.892285 0.905039 0.89083 0.903101 0.887918 0.903101 0.886463 0.901163 0.885007 0.901163 0.883552 0.899225 0.885007 0.897287 0.885007 0.895349 0.889374 0.889535 0.889374 0.887597 0.892285 0.883721 0.892285 0.881783 0.89083 0.883721 0.889374 0.883721 0.887918 0.885659 0.861718 0.885659 0.860262 0.887597 0.829694 0.887597 0.828239 0.885659 0.829694 0.883721 0.83115 0.883721 0.836972 0.875969 0.836972 0.874031 0.841339 0.868217 0.841339 0.866279 0.847162 0.858527 0.847162 0.856589 0.852984 0.848837 0.852984 0.846899 0.857351 0.841085 0.857351 0.839147 0.860262 0.835271 0.857351 0.831395 0.857351 0.829457 0.855895 0.827519 0.855895 0.829457 0.852984 0.833333 0.852984 0.835271 0.850073 0.839147 0.850073 0.841085 0.847162 0.844961 0.847162 0.846899 0.826783 0.874031 0.825328 0.872093 0.822416 0.872093 0.820961 0.870155 0.819505 0.870155 0.818049 0.868217 0.815138 0.868217 0.810771 0.862403 0.809316 0.862403 0.803493 0.854651 0.802038 0.854651 0.796215 0.846899 0.79476 0.846899 0.778748 0.825581
1 0.197962 0.806202 0.197962 0.810078 0.196507 0.812016 0.196507 0.817829 0.195051 0.819767 0.195051 0.823643 0.197962 0.823643 0.199418 0.825581 0.202329 0.825581 0.203785 0.827519 0.20524 0.827519 0.206696 0.829457 0.209607 0.829457 0.211063 0.831395 0.211063 0.827519 0.209607 0.825581 0.209607 0.819767 0.208151 0.817829 0.208151 0.813953 0.206696 0.813953 0.20524 0.812016 0.203785 0.812016 0.200873 0.80814 0.199418 0.80814
1 0.455604 0.800388 0.455604 0.802326 0.454148 0.804264 0.454148 0.806202 0.452693 0.80814 0.452693 0.812016 0.451237 0.813953 0.451237 0.817829 0.449782 0.819767 0.449782 0.821705 0.448326 0.823643 0.448326 0.825581 0.445415 0.829457 0.445415 0.831395 0.442504 0.835271 0.441048 0.835271 0.438137 0.831395 0.436681 0.831395 0.435226 0.829457 0.435226 0.823643 0.430859 0.823643 0.430859 0.835271 0.439592 0.846899 0.441048 0.846899 0.44687 0.854651 0.448326 0.852713 0.452693 0.852713 0.454148 0.850775 0.45706 0.850775 0.458515 0.848837 0.461426 0.848837 0.462882 0.850775 0.462882 0.856589 0.464338 0.854651 0.474527 0.854651 0.481805 0.844961 0.481805 0.837209 0.483261 0.835271 0.483261 0.825581 0.484716 0.823643 0.484716 0.821705 0.486172 0.819767 0.486172 0.817829 0.487627 0.815891 0.487627 0.813953 0.489083 0.812016 0.484716 0.812016 0.480349 0.806202 0.474527 0.813953 0.473071 0.813953 0.468705 0.819767 0.465793 0.819767 0.464338 0.821705 0.462882 0.821705 0.461426 0.823643 0.458515 0.823643 0.45706 0.825581 0.455604 0.825581 0.454148 0.823643 0.454148 0.821705 0.455604 0.819767 0.455604 0.813953 0.45706 0.812016 0.45706 0.806202 0.458515 0.804264 0.458515 0.802326 0.45706 0.802326
1 0.570597 0.775194 0.569141 0.777132 0.550218 0.777132 0.550218 0.77907 0.548763 0.781008 0.548763 0.786822 0.545852 0.790698 0.541485 0.790698 0.540029 0.78876 0.540029 0.786822 0.535662 0.781008 0.535662 0.77907 0.534207 0.777132 0.532751 0.77907 0.531295 0.77907 0.52984 0.781008 0.526929 0.781008 0.526929 0.784884 0.528384 0.786822 0.528384 0.790698 0.526929 0.792636 0.524017 0.792636 0.522562 0.794574 0.518195 0.794574 0.516739 0.796512 0.513828 0.796512 0.515284 0.79845 0.516739 0.79845 0.522562 0.806202 0.524017 0.806202 0.52984 0.813953 0.531295 0.813953 0.537118 0.821705 0.538574 0.821705 0.541485 0.825581 0.541485 0.827519 0.54294 0.829457 0.54294 0.831395 0.544396 0.833333 0.544396 0.835271 0.545852 0.837209 0.545852 0.839147 0.547307 0.841085 0.547307 0.868217 0.545852 0.870155 0.545852 0.893411 0.557496 0.893411 0.557496 0.889535 0.558952 0.887597 0.558952 0.875969 0.560408 0.874031 0.560408 0.866279 0.569141 0.854651 0.569141 0.844961 0.570597 0.843023 0.570597 0.833333 0.572052 0.831395 0.582242 0.831395 0.582242 0.827519 0.583697 0.825581 0.583697 0.823643 0.586608 0.819767 0.588064 0.819767 0.590975 0.815891 0.592431 0.815891 0.595342 0.812016 0.596798 0.812016 0.596798 0.810078 0.595342 0.80814 0.595342 0.806202 0.593886 0.80814 0.592431 0.80814 0.590975 0.810078 0.58952 0.810078 0.588064 0.80814 0.588064 0.800388 0.586608 0.79845 0.586608 0.796512 0.585153 0.794574 0.585153 0.792636 0.583697 0.790698 0.57933 0.790698 0.577875 0.78876 0.573508 0.78876 0.572052 0.786822 0.572052 0.782946 0.570597 0.781008
1 0.3377 0.726744 0.336245 0.728682 0.3246 0.728682 0.3246 0.742248 0.323144 0.744186 0.307132 0.744186 0.305677 0.742248 0.305677 0.744186 0.304221 0.746124 0.304221 0.753876 0.305677 0.753876 0.307132 0.755814 0.308588 0.755814 0.311499 0.75969 0.312955 0.75969 0.31441 0.761628 0.31441 0.767442 0.312955 0.76938 0.312955 0.775194 0.318777 0.782946 0.317322 0.784884 0.317322 0.786822 0.315866 0.78876 0.315866 0.790698 0.31441 0.792636 0.323144 0.804264 0.328967 0.796512 0.330422 0.796512 0.340611 0.782946 0.342067 0.782946 0.346434 0.777132 0.353712 0.777132 0.355167 0.77907 0.36099 0.77907 0.362445 0.781008 0.371179 0.76938 0.371179 0.767442 0.372635 0.765504 0.372635 0.763566 0.37409 0.761628 0.37409 0.75969 0.375546 0.757752 0.375546 0.742248 0.363901 0.742248 0.362445 0.74031 0.362445 0.738372 0.36099 0.736434 0.36099 0.734496 0.359534 0.732558 0.359534 0.73062 0.355167 0.73062 0.353712 0.728682 0.350801 0.728682 0.349345 0.726744
1 0.068413 0.699612 0.066958 0.70155 0.064047 0.70155 0.066958 0.705426 0.066958 0.707364 0.071325 0.713178 0.071325 0.715116 0.075691 0.72093 0.075691 0.722868 0.078603 0.726744 0.078603 0.73062 0.080058 0.732558 0.080058 0.74031 0.081514 0.742248 0.081514 0.746124 0.082969 0.744186 0.087336 0.744186 0.087336 0.74031 0.085881 0.738372 0.085881 0.728682 0.084425 0.726744 0.084425 0.72093
1 0.883552 0.581395 0.882096 0.583333 0.873362 0.583333 0.871907 0.585271 0.864629 0.585271 0.863173 0.587209 0.85444 0.587209 0.852984 0.589147 0.845706 0.589147 0.84425 0.591085 0.835517 0.591085 0.836972 0.593023 0.836972 0.594961 0.838428 0.596899 0.838428 0.598837 0.839884 0.600775 0.839884 0.602713 0.841339 0.600775 0.847162 0.600775 0.848617 0.598837 0.85444 0.598837 0.857351 0.602713 0.857351 0.604651 0.858806 0.606589 0.860262 0.604651 0.871907 0.604651 0.889374 0.627907 0.901019 0.612403 0.899563 0.610465 0.898108 0.610465 0.892285 0.602713 0.89083 0.602713 0.886463 0.596899 0.886463 0.594961 0.885007 0.593023 0.885007 0.587209 0.883552 0.585271
1 0.970888 0.565891 0.969432 0.567829 0.956332 0.567829 0.956332 0.569767 0.954876 0.571705 0.954876 0.573643 0.953421 0.575581 0.953421 0.577519 0.951965 0.579457 0.951965 0.581395 0.950509 0.583333 0.96361 0.583333 0.965066 0.581395 0.978166 0.581395 0.979622 0.579457 0.981077 0.581395 0.982533 0.581395 0.985444 0.585271 0.9869 0.585271 0.989811 0.589147 0.991266 0.589147 0.994178 0.593023 0.995633 0.593023 0.998544 0.596899 0.998544 0.577519 0.997089 0.577519 0.994178 0.573643 0.992722 0.573643 0.989811 0.569767 0.988355 0.569767 0.985444 0.565891
1 0.700146 0.511628 0.700146 0.515504 0.69869 0.517442 0.69869 0.523256 0.697234 0.525194 0.697234 0.52907 0.700146 0.52907 0.701601 0.531008 0.704512 0.531008 0.705968 0.532946 0.708879 0.532946 0.710335 0.534884 0.713246 0.534884 0.714702 0.536822 0.717613 0.536822 0.719068 0.53876 0.719068 0.536822 0.720524 0.534884 0.720524 0.531008 0.72198 0.52907 0.72198 0.525194 0.723435 0.523256 0.723435 0.521318 0.724891 0.51938 0.726346 0.51938 0.729258 0.515504 0.730713 0.515504 0.732169 0.513566 0.733624 0.513566 0.724891 0.513566 0.723435 0.511628
1 0.582242 0.492248 0.580786 0.494186 0.577875 0.494186 0.576419 0.496124 0.574964 0.496124 0.573508 0.498062 0.570597 0.498062 0.569141 0.5 0.567686 0.5 0.56623 0.501938 0.563319 0.501938 0.561863 0.503876 0.55313 0.503876 0.551674 0.505814 0.541485 0.505814 0.540029 0.507752 0.516739 0.507752 0.512373 0.513566 0.510917 0.513566 0.505095 0.521318 0.503639 0.521318 0.497817 0.52907 0.496361 0.52907 0.490539 0.536822 0.489083 0.536822 0.486172 0.540698 0.49345 0.540698 0.494905 0.542636 0.496361 0.540698 0.497817 0.540698 0.499272 0.53876 0.500728 0.53876 0.502183 0.536822 0.505095 0.536822 0.50655 0.534884 0.515284 0.534884 0.516739 0.532946 0.528384 0.532946 0.52984 0.534884 0.52984 0.540698 0.538574 0.540698 0.540029 0.53876 0.541485 0.53876 0.54294 0.536822 0.545852 0.536822 0.547307 0.534884 0.548763 0.534884 0.550218 0.532946 0.55313 0.532946 0.554585 0.531008 0.556041 0.531008 0.557496 0.52907 0.558952 0.52907 0.560408 0.527132 0.563319 0.527132 0.564774 0.525194 0.56623 0.525194 0.567686 0.523256 0.570597 0.523256 0.572052 0.521318 0.573508 0.521318 0.576419 0.517442 0.576419 0.515504 0.580786 0.50969 0.586608 0.50969 0.588064 0.507752 0.595342 0.507752 0.598253 0.503876 0.598253 0.501938 0.60262 0.496124 0.599709 0.492248
1 0.068413 0.426357 0.062591 0.434109 0.050946 0.434109 0.049491 0.436047 0.043668 0.428295 0.03639 0.428295 0.034934 0.430233 0.029112 0.430233 0.027656 0.432171 0.016012 0.432171 0.014556 0.434109 0.008734 0.434109 0.007278 0.436047 0.001456 0.436047 0.0 0.437984 0.0 0.447674 0.021834 0.447674 0.02329 0.445736 0.043668 0.445736 0.045124 0.443798 0.046579 0.445736 0.046579 0.449612 0.048035 0.45155 0.048035 0.455426 0.056769 0.455426 0.058224 0.457364 0.058224 0.459302 0.056769 0.46124 0.056769 0.463178 0.055313 0.465116 0.055313 0.468992 0.053857 0.47093 0.053857 0.472868 0.052402 0.474806 0.052402 0.478682 0.050946 0.48062 0.050946 0.482558 0.049491 0.484496 0.049491 0.488372 0.048035 0.49031 0.048035 0.492248 0.046579 0.494186 0.046579 0.498062 0.045124 0.5 0.045124 0.501938 0.043668 0.503876 0.043668 0.505814 0.042213 0.507752 0.042213 0.511628 0.040757 0.513566 0.040757 0.515504 0.039301 0.517442 0.039301 0.51938 0.037846 0.521318 0.037846 0.525194 0.03639 0.527132 0.03639 0.52907 0.034934 0.531008 0.034934 0.532946 0.033479 0.534884 0.033479 0.53876 0.032023 0.540698 0.032023 0.542636 0.030568 0.544574 0.030568 0.54845 0.029112 0.550388 0.029112 0.552326 0.027656 0.554264 0.027656 0.556202 0.026201 0.55814 0.026201 0.562016 0.024745 0.563953 0.024745 0.565891 0.02329 0.567829 0.02329 0.569767 0.021834 0.571705 0.021834 0.573643 0.020378 0.575581 0.0 0.575581 0.0 0.651163 0.002911 0.651163 0.004367 0.649225 0.007278 0.649225 0.008734 0.647287 0.011645 0.647287 0.0131 0.645349 0.016012 0.645349 0.017467 0.643411 0.020378 0.643411 0.021834 0.641473 0.02329 0.641473 0.024745 0.639535 0.027656 0.639535 0.029112 0.637597 0.032023 0.637597 0.033479 0.635659 0.03639 0.635659 0.037846 0.633721 0.040757 0.633721 0.042213 0.631783 0.045124 0.631783 0.046579 0.629845 0.056769 0.629845 0.058224 0.631783 0.061135 0.631783 0.062591 0.633721 0.065502 0.633721 0.066958 0.635659 0.069869 0.635659 0.071325 0.637597 0.069869 0.635659 0.069869 0.633721 0.065502 0.627907 0.058224 0.627907 0.056769 0.625969 0.045124 0.625969 0.043668 0.627907 0.040757 0.627907 0.039301 0.629845 0.037846 0.627907 0.034934 0.627907 0.033479 0.625969 0.030568 0.625969 0.024745 0.618217 0.026201 0.616279 0.026201 0.614341 0.029112 0.610465 0.032023 0.610465 0.033479 0.608527 0.034934 0.608527 0.03639 0.606589 0.039301 0.610465 0.040757 0.610465 0.043668 0.614341 0.05968 0.614341 0.061135 0.612403 0.077147 0.612403 0.078603 0.610465 0.094614 0.610465 0.09607 0.608527 0.097525 0.610465 0.100437 0.610465 0.101892 0.612403 0.104803 0.612403 0.106259 0.614341 0.10917 0.614341 0.112082 0.618217 0.112082 0.620155 0.114993 0.624031 0.114993 0.625969 0.117904 0.629845 0.117904 0.631783 0.11936 0.631783 0.120815 0.629845 0.122271 0.629845 0.123726 0.627907 0.125182 0.627907 0.126638 0.625969 0.128093 0.625969 0.129549 0.624031 0.131004 0.624031 0.133916 0.620155 0.135371 0.620155 0.136827 0.618217 0.138282 0.618217 0.139738 0.616279 0.141194 0.616279 0.142649 0.614341 0.144105 0.614341 0.14556 0.612403 0.148472 0.612403 0.149927 0.610465 0.154294 0.610465 0.15575 0.608527 0.158661 0.608527 0.160116 0.606589 0.164483 0.606589 0.165939 0.604651 0.171761 0.604651 0.173217 0.602713 0.177584 0.602713 0.179039 0.600775 0.196507 0.600775 0.197962 0.602713 0.209607 0.602713 0.211063 0.604651 0.224163 0.604651 0.225619 0.606589 0.254731 0.606589 0.256186 0.604651 0.273654 0.604651 0.275109 0.602713 0.292576 0.602713 0.294032 0.600775 0.305677 0.600775 0.307132 0.598837 0.318777 0.598837 0.320233 0.596899 0.321689 0.596899 0.323144 0.594961 0.3246 0.594961 0.326055 0.593023 0.327511 0.593023 0.328967 0.591085 0.330422 0.591085 0.331878 0.589147 0.333333 0.589147 0.334789 0.587209 0.336245 0.589147 0.336245 0.598837 0.3377 0.600775 0.3377 0.608527 0.336245 0.610465 0.336245 0.612403 0.331878 0.618217 0.331878 0.620155 0.328967 0.624031 0.328967 0.625969 0.326055 0.629845 0.326055 0.631783 0.3246 0.633721 0.3246 0.635659 0.320233 0.641473 0.320233 0.643411 0.315866 0.649225 0.31441 0.649225 0.312955 0.651163 0.310044 0.651163 0.308588 0.653101 0.307132 0.653101 0.305677 0.655039 0.302766 0.655039 0.30131 0.656977 0.299854 0.656977 0.298399 0.658915 0.280932 0.658915 0.279476 0.660853 0.27802 0.660853 0.273654 0.666667 0.272198 0.666667 0.269287 0.670543 0.266376 0.670543 0.26492 0.672481 0.262009 0.672481 0.260553 0.674419 0.254731 0.674419 0.253275 0.676357 0.247453 0.676357 0.245997 0.678295 0.240175 0.678295 0.238719 0.676357 0.24163 0.672481 0.24163 0.670543 0.244541 0.666667 0.227074 0.666667 0.225619 0.668605 0.213974 0.668605 0.212518 0.670543 0.202329 0.670543 0.200873 0.672481 0.193595 0.672481 0.19214 0.670543 0.19214 0.668605 0.193595 0.666667 0.193595 0.664729 0.195051 0.662791 0.195051 0.658915 0.196507 0.656977 0.195051 0.656977 0.193595 0.658915 0.190684 0.658915 0.189229 0.660853 0.184862 0.660853 0.183406 0.662791 0.180495 0.662791 0.179039 0.664729 0.176128 0.664729 0.174672 0.666667 0.173217 0.664729 0.173217 0.653101 0.171761 0.651163 0.171761 0.645349 0.171761 0.647287 0.170306 0.649225 0.170306 0.651163 0.16885 0.653101 0.16885 0.655039 0.167394 0.656977 0.167394 0.658915 0.165939 0.660853 0.165939 0.662791 0.164483 0.664729 0.163028 0.662791 0.138282 0.662791 0.135371 0.658915 0.131004 0.658915 0.129549 0.660853 0.128093 0.660853 0.126638 0.662791 0.123726 0.662791 0.122271 0.664729 0.120815 0.664729 0.11936 0.666667 0.116448 0.666667 0.114993 0.668605 0.113537 0.668605 0.110626 0.672481 0.10917 0.672481 0.106259 0.676357 0.104803 0.676357 0.101892 0.680233 0.100437 0.680233 0.114993 0.680233 0.116448 0.682171 0.116448 0.684109 0.117904 0.686047 0.117904 0.687984 0.11936 0.689922 0.11936 0.69186 0.120815 0.693798 0.120815 0.695736 0.123726 0.695736 0.125182 0.697674 0.128093 0.697674 0.129549 0.699612 0.133916 0.699612 0.135371 0.70155 0.138282 0.70155 0.139738 0.703488 0.138282 0.705426 0.136827 0.705426 0.133916 0.709302 0.13246 0.709302 0.131004 0.71124 0.129549 0.71124 0.126638 0.715116 0.125182 0.715116 0.125182 0.72093 0.128093 0.72093 0.129549 0.718992 0.135371 0.718992 0.136827 0.717054 0.141194 0.717054 0.142649 0.715116 0.147016 0.715116 0.148472 0.713178 0.154294 0.713178 0.15575 0.71124 0.160116 0.71124 0.161572 0.709302 0.165939 0.709302 0.167394 0.707364 0.173217 0.707364 0.174672 0.705426 0.179039 0.705426 0.180495 0.703488 0.181951 0.705426 0.187773 0.705426 0.189229 0.707364 0.193595 0.707364 0.195051 0.709302 0.200873 0.709302 0.202329 0.71124 0.206696 0.71124 0.208151 0.713178 0.213974 0.713178 0.215429 0.715116 0.245997 0.715116 0.247453 0.717054 0.247453 0.718992 0.248908 0.72093 0.248908 0.724806 0.250364 0.726744 0.25182 0.726744 0.253275 0.724806 0.256186 0.724806 0.257642 0.722868 0.260553 0.722868 0.262009 0.72093 0.26492 0.72093 0.266376 0.718992 0.30131 0.718992 0.302766 0.717054 0.31441 0.717054 0.315866 0.715116 0.328967 0.715116 0.330422 0.713178 0.342067 0.713178 0.343523 0.71124 0.347889 0.71124 0.349345 0.709302 0.352256 0.709302 0.353712 0.707364 0.358079 0.707364 0.359534 0.705426 0.362445 0.705426 0.363901 0.703488 0.368268 0.703488 0.369723 0.70155 0.384279 0.72093 0.384279 0.722868 0.395924 0.738372 0.423581 0.738372 0.423581 0.736434 0.425036 0.734496 0.414847 0.734496 0.413392 0.732558 0.411936 0.732558 0.409025 0.728682 0.407569 0.728682 0.404658 0.724806 0.403202 0.724806 0.401747 0.722868 0.400291 0.722868 0.39738 0.718992 0.395924 0.718992 0.387191 0.707364 0.387191 0.705426 0.379913 0.695736 0.381368 0.693798 0.395924 0.693798 0.39738 0.695736 0.400291 0.695736 0.401747 0.697674 0.406114 0.697674 0.407569 0.699612 0.41048 0.699612 0.411936 0.70155 0.414847 0.70155 0.416303 0.703488 0.42067 0.703488 0.422125 0.705426 0.425036 0.705426 0.426492 0.707364 0.429403 0.707364 0.430859 0.709302 0.435226 0.709302 0.436681 0.71124 0.439592 0.71124 0.441048 0.713178 0.465793 0.713178 0.467249 0.715116 0.49345 0.715116 0.494905 0.717054 0.502183 0.717054 0.503639 0.718992 0.510917 0.718992 0.512373 0.72093 0.512373 0.728682 0.510917 0.73062 0.510917 0.736434 0.521106 0.736434 0.522562 0.734496 0.525473 0.734496 0.526929 0.732558 0.52984 0.732558 0.531295 0.73062 0.534207 0.73062 0.535662 0.728682 0.538574 0.728682 0.540029 0.726744 0.54294 0.726744 0.544396 0.724806 0.547307 0.724806 0.548763 0.722868 0.550218 0.722868 0.551674 0.72093 0.554585 0.72093 0.556041 0.718992 0.557496 0.718992 0.558952 0.717054 0.561863 0.717054 0.563319 0.715116 0.56623 0.715116 0.567686 0.713178 0.569141 0.713178 0.570597 0.71124 0.573508 0.71124 0.574964 0.709302 0.577875 0.709302 0.57933 0.707364 0.580786 0.707364 0.582242 0.705426 0.585153 0.705426 0.586608 0.703488 0.588064 0.703488 0.58952 0.70155 0.592431 0.70155 0.593886 0.699612 0.595342 0.70155 0.608443 0.70155 0.609898 0.703488 0.622999 0.703488 0.624454 0.705426 0.637555 0.705426 0.63901 0.707364 0.652111 0.707364 0.653566 0.709302 0.666667 0.709302 0.668122 0.71124 0.657933 0.724806 0.657933 0.726744 0.649199 0.738372 0.649199 0.74031 0.647744 0.742248 0.647744 0.746124 0.646288 0.748062 0.646288 0.753876 0.644833 0.755814 0.659389 0.755814 0.665211 0.748062 0.666667 0.748062 0.672489 0.74031 0.672489 0.738372 0.673945 0.736434 0.673945 0.734496 0.6754 0.732558 0.6754 0.73062 0.676856 0.728682 0.676856 0.726744 0.668122 0.726744 0.666667 0.724806 0.668122 0.722868 0.669578 0.722868 0.672489 0.718992 0.673945 0.718992 0.676856 0.715116 0.678311 0.715116 0.681223 0.71124 0.682678 0.71124 0.68559 0.707364 0.707424 0.707364 0.708879 0.709302 0.710335 0.709302 0.71179 0.71124 0.714702 0.71124 0.716157 0.713178 0.717613 0.713178 0.719068 0.715116 0.72198 0.715116 0.723435 0.717054 0.724891 0.717054 0.726346 0.718992 0.729258 0.718992 0.730713 0.72093 0.732169 0.72093 0.733624 0.722868 0.732169 0.724806 0.732169 0.726744 0.730713 0.728682 0.730713 0.73062 0.727802 0.734496 0.726346 0.734496 0.72198 0.74031 0.720524 0.74031 0.714702 0.748062 0.713246 0.748062 0.71179 0.75 0.713246 0.751938 0.714702 0.751938 0.717613 0.755814 0.720524 0.755814 0.72198 0.753876 0.724891 0.753876 0.726346 0.751938 0.727802 0.751938 0.729258 0.75 0.730713 0.75 0.732169 0.748062 0.733624 0.748062 0.73508 0.746124 0.737991 0.746124 0.739447 0.744186 0.740902 0.744186 0.742358 0.742248 0.743814 0.742248 0.745269 0.74031 0.74818 0.744186 0.749636 0.744186 0.755459 0.751938 0.756914 0.751938 0.759825 0.755814 0.75837 0.757752 0.75837 0.75969 0.756914 0.761628 0.756914 0.763566 0.755459 0.765504 0.755459 0.767442 0.752547 0.771318 0.736536 0.771318 0.73508 0.773256 0.720524 0.773256 0.72198 0.775194 0.72198 0.777132 0.723435 0.77907 0.72198 0.781008 0.720524 0.781008 0.719068 0.782946 0.692868 0.782946 0.691412 0.784884 0.687045 0.77907 0.68559 0.77907 0.682678 0.775194 0.684134 0.773256 0.68559 0.773256 0.688501 0.76938 0.689956 0.76938 0.691412 0.767442 0.691412 0.765504 0.692868 0.763566 0.692868 0.761628 0.694323 0.75969 0.694323 0.757752 0.695779 0.755814 0.695779 0.753876 0.697234 0.751938 0.697234 0.75 0.687045 0.75 0.68559 0.748062 0.68559 0.744186 0.684134 0.742248 0.684134 0.736434 0.681223 0.74031 0.681223 0.742248 0.678311 0.746124 0.678311 0.748062 0.6754 0.751938 0.6754 0.753876 0.673945 0.755814 0.673945 0.757752 0.672489 0.75969 0.672489 0.763566 0.671033 0.765504 0.671033 0.771318 0.669578 0.773256 0.669578 0.777132 0.668122 0.77907 0.668122 0.782946 0.666667 0.784884 0.666667 0.790698 0.665211 0.792636 0.665211 0.796512 0.663755 0.79845 0.663755 0.800388 0.6623 0.802326 0.659389 0.802326 0.657933 0.804264 0.656477 0.804264 0.655022 0.806202 0.652111 0.806202 0.650655 0.80814 0.649199 0.80814 0.647744 0.810078 0.644833 0.810078 0.643377 0.812016 0.643377 0.813953 0.640466 0.817829 0.640466 0.819767 0.63901 0.821705 0.63901 0.823643 0.665211 0.823643 0.666667 0.821705 0.691412 0.821705 0.692868 0.819767 0.69869 0.819767 0.700146 0.817829 0.705968 0.817829 0.707424 0.815891 0.713246 0.815891 0.714702 0.813953 0.716157 0.815891 0.716157 0.823643 0.754003 0.823643 0.754003 0.821705 0.755459 0.819767 0.755459 0.817829 0.756914 0.815891 0.756914 0.813953 0.75837 0.812016 0.75837 0.810078 0.759825 0.80814 0.759825 0.804264 0.761281 0.802326 0.761281 0.800388 0.762737 0.79845 0.762737 0.796512 0.764192 0.794574 0.764192 0.792636 0.765648 0.790698 0.770015 0.790698 0.77147 0.78876 0.774381 0.78876 0.775837 0.786822 0.780204 0.786822 0.781659 0.784884 0.784571 0.784884 0.784571 0.77907 0.786026 0.777132 0.786026 0.771318 0.787482 0.76938 0.79476 0.76938 0.796215 0.771318 0.799127 0.771318 0.800582 0.773256 0.806405 0.773256 0.80786 0.771318 0.809316 0.771318 0.810771 0.76938 0.813683 0.76938 0.815138 0.767442 0.825328 0.767442 0.826783 0.765504 0.829694 0.76938 0.83115 0.76938 0.834061 0.773256 0.835517 0.773256 0.838428 0.777132 0.839884 0.777132 0.841339 0.77907 0.848617 0.77907 0.850073 0.781008 0.858806 0.781008 0.858806 0.77907 0.861718 0.775194 0.863173 0.777132 0.883552 0.777132 0.885007 0.77907 0.906841 0.77907 0.908297 0.781008 0.928675 0.781008 0.930131 0.782946 0.935953 0.782946 0.937409 0.784884 0.944687 0.784884 0.946143 0.786822 0.951965 0.786822 0.953421 0.78876 0.953421 0.792636 0.954876 0.794574 0.954876 0.796512 0.956332 0.796512 0.957787 0.79845 0.959243 0.79845 0.960699 0.800388 0.96361 0.800388 0.965066 0.802326 0.998544 0.802326 0.998544 0.724806 0.997089 0.722868 0.995633 0.722868 0.989811 0.715116 0.988355 0.715116 0.983988 0.709302 0.982533 0.709302 0.97671 0.70155 0.975255 0.70155 0.972344 0.697674 0.973799 0.695736 0.998544 0.695736 0.998544 0.656977 0.997089 0.655039 0.995633 0.655039 0.991266 0.649225 0.989811 0.649225 0.9869 0.645349 0.9869 0.641473 0.988355 0.639535 0.988355 0.633721 0.9869 0.631783 0.9869 0.629845 0.985444 0.627907 0.97671 0.627907 0.97671 0.631783 0.975255 0.633721 0.975255 0.641473 0.973799 0.643411 0.972344 0.643411 0.970888 0.645349 0.967977 0.645349 0.966521 0.647287 0.965066 0.647287 0.965066 0.655039 0.96361 0.656977 0.96361 0.666667 0.962154 0.668605 0.959243 0.668605 0.957787 0.670543 0.956332 0.670543 0.954876 0.672481 0.951965 0.672481 0.950509 0.674419 0.949054 0.674419 0.947598 0.676357 0.946143 0.674419 0.941776 0.674419 0.94032 0.672481 0.935953 0.672481 0.934498 0.670543 0.930131 0.670543 0.928675 0.668605 0.924309 0.668605 0.922853 0.666667 0.919942 0.666667 0.918486 0.664729 0.914119 0.664729 0.912664 0.662791 0.909753 0.662791 0.908297 0.660853 0.90393 0.660853 0.902475 0.658915 0.899563 0.658915 0.898108 0.656977 0.893741 0.656977 0.892285 0.655039 0.889374 0.655039 0.887918 0.653101 0.883552 0.653101 0.882096 0.651163 0.877729 0.651163 0.876274 0.649225 0.873362 0.649225 0.871907 0.647287 0.86754 0.647287 0.866084 0.645349 0.863173 0.645349 0.861718 0.643411 0.857351 0.643411 0.855895 0.641473 0.852984 0.641473 0.851528 0.639535 0.847162 0.639535 0.845706 0.637597 0.842795 0.637597 0.841339 0.635659 0.838428 0.635659 0.836972 0.637597 0.836972 0.643411 0.835517 0.645349 0.835517 0.649225 0.834061 0.651163 0.834061 0.655039 0.832606 0.656977 0.832606 0.662791 0.83115 0.664729 0.83115 0.666667 0.829694 0.668605 0.828239 0.668605 0.825328 0.672481 0.823872 0.672481 0.820961 0.676357 0.819505 0.674419 0.818049 0.674419 0.816594 0.672481 0.815138 0.672481 0.813683 0.670543 0.812227 0.670543 0.810771 0.668605 0.809316 0.668605 0.80786 0.666667 0.806405 0.666667 0.804949 0.664729 0.791849 0.664729 0.790393 0.666667 0.788937 0.664729 0.788937 0.662791 0.787482 0.660853 0.787482 0.655039 0.786026 0.653101 0.786026 0.651163 0.790393 0.645349 0.790393 0.643411 0.793304 0.639535 0.793304 0.637597 0.791849 0.635659 0.791849 0.633721 0.790393 0.631783 0.790393 0.629845 0.788937 0.627907 0.788937 0.625969 0.787482 0.624031 0.767103 0.624031 0.765648 0.622093 0.755459 0.622093 0.754003 0.620155 0.742358 0.620155 0.740902 0.618217 0.739447 0.618217 0.737991 0.616279 0.736536 0.616279 0.73508 0.614341 0.733624 0.614341 0.732169 0.612403 0.730713 0.612403 0.729258 0.610465 0.727802 0.610465 0.724891 0.606589 0.723435 0.606589 0.72198 0.604651 0.720524 0.604651 0.719068 0.602713 0.717613 0.602713 0.716157 0.600775 0.714702 0.600775 0.713246 0.598837 0.71179 0.598837 0.710335 0.596899 0.710335 0.593023 0.708879 0.591085 0.708879 0.581395 0.707424 0.579457 0.707424 0.575581 0.705968 0.575581 0.704512 0.573643 0.701601 0.573643 0.700146 0.571705 0.69869 0.571705 0.697234 0.569767 0.695779 0.569767 0.694323 0.567829 0.691412 0.567829 0.689956 0.565891 0.688501 0.565891 0.687045 0.563953 0.684134 0.563953 0.682678 0.562016 0.681223 0.562016 0.679767 0.560078 0.681223 0.55814 0.681223 0.556202 0.68559 0.550388 0.68559 0.54845 0.687045 0.546512 0.687045 0.542636 0.68559 0.540698 0.68559 0.534884 0.684134 0.532946 0.684134 0.52907 0.665211 0.52907 0.663755 0.527132 0.659389 0.527132 0.657933 0.525194 0.653566 0.525194 0.652111 0.523256 0.647744 0.523256 0.646288 0.521318 0.640466 0.521318 0.63901 0.51938 0.634643 0.51938 0.633188 0.517442 0.617176 0.517442 0.615721 0.51938 0.604076 0.51938 0.60262 0.521318 0.598253 0.521318 0.596798 0.523256 0.592431 0.523256 0.590975 0.525194 0.588064 0.525194 0.586608 0.527132 0.582242 0.527132 0.577875 0.532946 0.577875 0.534884 0.572052 0.542636 0.569141 0.542636 0.567686 0.544574 0.56623 0.544574 0.564774 0.546512 0.561863 0.546512 0.560408 0.54845 0.557496 0.54845 0.556041 0.550388 0.55313 0.550388 0.551674 0.552326 0.550218 0.552326 0.548763 0.554264 0.545852 0.554264 0.544396 0.556202 0.474527 0.556202 0.473071 0.55814 0.462882 0.55814 0.461426 0.560078 0.451237 0.560078 0.449782 0.562016 0.441048 0.562016 0.439592 0.563953 0.429403 0.563953 0.427948 0.565891 0.400291 0.565891 0.398836 0.567829 0.372635 0.567829 0.371179 0.569767 0.343523 0.569767 0.342067 0.571705 0.315866 0.571705 0.317322 0.571705 0.320233 0.575581 0.321689 0.575581 0.3246 0.579457 0.326055 0.579457 0.327511 0.581395 0.323144 0.587209 0.323144 0.589147 0.318777 0.594961 0.317322 0.593023 0.308588 0.593023 0.307132 0.591085 0.305677 0.591085 0.302766 0.587209 0.30131 0.587209 0.299854 0.585271 0.299854 0.579457 0.30131 0.577519 0.30131 0.573643 0.227074 0.573643 0.225619 0.575581 0.225619 0.577519 0.224163 0.579457 0.224163 0.581395 0.222707 0.583333 0.222707 0.585271 0.221252 0.587209 0.221252 0.589147 0.218341 0.593023 0.216885 0.591085 0.208151 0.591085 0.206696 0.589147 0.206696 0.581395 0.208151 0.579457 0.208151 0.571705 0.074236 0.571705 0.07278 0.573643 0.055313 0.573643 0.053857 0.575581 0.037846 0.575581 0.03639 0.577519 0.034934 0.575581 0.034934 0.573643 0.03639 0.571705 0.03639 0.569767 0.037846 0.567829 0.037846 0.563953 0.039301 0.562016 0.039301 0.560078 0.040757 0.55814 0.040757 0.554264 0.042213 0.552326 0.042213 0.550388 0.043668 0.54845 0.043668 0.544574 0.045124 0.542636 0.045124 0.540698 0.046579 0.53876 0.046579 0.534884 0.048035 0.532946 0.048035 0.531008 0.049491 0.52907 0.049491 0.525194 0.050946 0.523256 0.050946 0.521318 0.052402 0.51938 0.052402 0.515504 0.053857 0.513566 0.053857 0.511628 0.055313 0.50969 0.055313 0.505814 0.056769 0.503876 0.056769 0.501938 0.058224 0.5 0.058224 0.498062 0.05968 0.496124 0.05968 0.494186 0.061135 0.492248 0.061135 0.49031 0.064047 0.486434 0.064047 0.484496 0.066958 0.48062 0.066958 0.478682 0.069869 0.474806 0.069869 0.472868 0.07278 0.468992 0.07278 0.467054 0.075691 0.463178 0.084425 0.463178 0.085881 0.46124 0.087336 0.463178 0.116448 0.463178 0.117904 0.46124 0.122271 0.46124 0.123726 0.459302 0.128093 0.459302 0.129549 0.457364 0.131004 0.457364 0.133916 0.453488 0.135371 0.453488 0.136827 0.45155 0.13246 0.445736 0.129549 0.445736 0.128093 0.443798 0.122271 0.443798 0.120815 0.445736 0.117904 0.445736 0.116448 0.447674 0.113537 0.447674 0.112082 0.449612 0.110626 0.447674 0.106259 0.447674 0.104803 0.445736 0.100437 0.445736 0.098981 0.443798 0.094614 0.443798 0.091703 0.439922 0.090247 0.439922 0.087336 0.436047 0.085881 0.436047 0.082969 0.432171 0.081514 0.432171 0.078603 0.428295 0.077147 0.428295 0.075691 0.426357
1 0.22853 0.424419 0.227074 0.426357 0.222707 0.426357 0.221252 0.428295 0.218341 0.428295 0.216885 0.430233 0.196507 0.430233 0.195051 0.428295 0.193595 0.430233 0.176128 0.430233 0.176128 0.434109 0.174672 0.436047 0.174672 0.437984 0.189229 0.437984 0.190684 0.436047 0.209607 0.436047 0.211063 0.437984 0.211063 0.439922 0.212518 0.44186 0.212518 0.443798 0.216885 0.443798 0.218341 0.445736 0.221252 0.445736 0.222707 0.447674 0.224163 0.445736 0.225619 0.445736 0.22853 0.44186 0.253275 0.44186 0.254731 0.439922 0.259098 0.439922 0.260553 0.437984 0.260553 0.436047 0.262009 0.434109 0.257642 0.434109 0.256186 0.432171 0.253275 0.432171 0.25182 0.430233 0.245997 0.430233 0.244541 0.428295 0.237263 0.428295 0.235808 0.426357 0.229985 0.426357
1 0.981077 0.389535 0.979622 0.391473 0.97671 0.391473 0.975255 0.393411 0.973799 0.393411 0.972344 0.395349 0.957787 0.395349 0.953421 0.401163 0.951965 0.401163 0.947598 0.406977 0.943231 0.406977 0.941776 0.408915 0.938865 0.408915 0.937409 0.410853 0.934498 0.410853 0.933042 0.412791 0.931587 0.412791 0.930131 0.414729 0.914119 0.414729 0.906841 0.424419 0.906841 0.426357 0.899563 0.436047 0.899563 0.437984 0.896652 0.44186 0.896652 0.443798 0.895197 0.445736 0.895197 0.449612 0.901019 0.449612 0.902475 0.45155 0.902475 0.463178 0.905386 0.463178 0.906841 0.465116 0.908297 0.465116 0.909753 0.467054 0.912664 0.467054 0.914119 0.468992 0.911208 0.472868 0.911208 0.474806 0.909753 0.476744 0.911208 0.476744 0.912664 0.478682 0.914119 0.478682 0.917031 0.482558 0.918486 0.482558 0.919942 0.484496 0.921397 0.484496 0.922853 0.486434 0.921397 0.488372 0.917031 0.488372 0.915575 0.49031 0.912664 0.49031 0.911208 0.492248 0.908297 0.492248 0.906841 0.494186 0.892285 0.494186 0.89083 0.496124 0.89083 0.498062 0.889374 0.5 0.889374 0.501938 0.899563 0.501938 0.901019 0.503876 0.902475 0.503876 0.90393 0.505814 0.914119 0.505814 0.915575 0.503876 0.922853 0.503876 0.924309 0.501938 0.931587 0.501938 0.934498 0.498062 0.935953 0.498062 0.938865 0.494186 0.94032 0.496124 0.944687 0.496124 0.946143 0.498062 0.950509 0.498062 0.957787 0.507752 0.957787 0.511628 0.959243 0.513566 0.959243 0.515504 0.966521 0.515504 0.966521 0.50969 0.965066 0.507752 0.965066 0.501938 0.96361 0.5 0.96361 0.498062 0.960699 0.494186 0.962154 0.492248 0.96361 0.492248 0.966521 0.488372 0.979622 0.488372 0.981077 0.486434 0.9869 0.486434 0.988355 0.488372 0.989811 0.488372 0.991266 0.49031 0.992722 0.49031 0.994178 0.492248 0.997089 0.492248 0.998544 0.494186 0.998544 0.397287 0.995633 0.393411 0.994178 0.393411 0.991266 0.389535
1 0.3377 0.383721 0.336245 0.385659 0.336245 0.387597 0.331878 0.393411 0.330422 0.393411 0.328967 0.395349 0.326055 0.395349 0.3246 0.397287 0.323144 0.397287 0.321689 0.399225 0.318777 0.399225 0.317322 0.401163 0.310044 0.401163 0.308588 0.403101 0.299854 0.403101 0.298399 0.405039 0.291121 0.405039 0.289665 0.406977 0.280932 0.406977 0.279476 0.408915 0.279476 0.410853 0.276565 0.414729 0.276565 0.416667 0.275109 0.418605 0.276565 0.416667 0.295488 0.416667 0.296943 0.414729 0.315866 0.414729 0.317322 0.412791 0.318777 0.412791 0.321689 0.408915 0.323144 0.408915 0.326055 0.405039 0.336245 0.405039 0.3377 0.406977 0.336245 0.408915 0.336245 0.410853 0.331878 0.416667 0.331878 0.418605 0.328967 0.422481 0.363901 0.422481 0.365357 0.424419 0.366812 0.422481 0.37409 0.422481 0.375546 0.420543 0.394469 0.420543 0.395924 0.422481 0.39738 0.420543 0.400291 0.420543 0.401747 0.418605 0.406114 0.418605 0.407569 0.416667 0.41048 0.416667 0.411936 0.414729 0.416303 0.414729 0.417758 0.412791 0.42067 0.412791 0.422125 0.410853 0.45706 0.410853 0.458515 0.412791 0.458515 0.416667 0.459971 0.418605 0.459971 0.424419 0.458515 0.426357 0.44687 0.426357 0.445415 0.428295 0.432314 0.428295 0.432314 0.437984 0.454148 0.437984 0.455604 0.439922 0.477438 0.439922 0.478894 0.44186 0.480349 0.439922 0.484716 0.439922 0.486172 0.437984 0.491994 0.437984 0.49345 0.436047 0.497817 0.436047 0.497817 0.428295 0.499272 0.426357 0.499272 0.422481 0.500728 0.420543 0.54294 0.420543 0.544396 0.422481 0.544396 0.424419 0.54294 0.426357 0.54294 0.428295 0.541485 0.430233 0.541485 0.432171 0.540029 0.434109 0.54294 0.437984 0.54294 0.439922 0.544396 0.44186 0.54294 0.443798 0.54294 0.445736 0.540029 0.449612 0.532751 0.449612 0.531295 0.45155 0.509461 0.45155 0.508006 0.449612 0.50655 0.45155 0.496361 0.45155 0.494905 0.449612 0.49345 0.449612 0.491994 0.447674 0.490539 0.449612 0.483261 0.449612 0.483261 0.45155 0.481805 0.453488 0.481805 0.455426 0.480349 0.457364 0.480349 0.459302 0.487627 0.459302 0.489083 0.46124 0.49345 0.46124 0.494905 0.463178 0.497817 0.463178 0.499272 0.465116 0.502183 0.46124 0.521106 0.46124 0.522562 0.463178 0.524017 0.463178 0.525473 0.465116 0.557496 0.465116 0.558952 0.467054 0.561863 0.463178 0.561863 0.46124 0.564774 0.457364 0.56623 0.457364 0.567686 0.459302 0.569141 0.459302 0.572052 0.463178 0.573508 0.463178 0.577875 0.468992 0.57933 0.468992 0.586608 0.478682 0.588064 0.478682 0.592431 0.484496 0.592431 0.482558 0.593886 0.48062 0.593886 0.478682 0.596798 0.474806 0.621543 0.474806 0.622999 0.476744 0.624454 0.474806 0.668122 0.474806 0.669578 0.476744 0.671033 0.476744 0.673945 0.48062 0.6754 0.48062 0.678311 0.484496 0.679767 0.484496 0.681223 0.486434 0.687045 0.486434 0.68559 0.484496 0.68559 0.482558 0.682678 0.478682 0.682678 0.476744 0.681223 0.474806 0.682678 0.472868 0.687045 0.472868 0.688501 0.47093 0.692868 0.47093 0.694323 0.468992 0.700146 0.468992 0.701601 0.467054 0.723435 0.467054 0.724891 0.468992 0.727802 0.468992 0.729258 0.47093 0.727802 0.472868 0.714702 0.472868 0.713246 0.474806 0.713246 0.476744 0.710335 0.48062 0.729258 0.48062 0.730713 0.482558 0.740902 0.482558 0.742358 0.484496 0.739447 0.488372 0.736536 0.488372 0.73508 0.49031 0.732169 0.49031 0.730713 0.492248 0.730713 0.494186 0.729258 0.496124 0.730713 0.496124 0.732169 0.498062 0.733624 0.498062 0.73508 0.5 0.736536 0.5 0.737991 0.501938 0.737991 0.503876 0.739447 0.505814 0.739447 0.50969 0.746725 0.50969 0.74818 0.511628 0.74818 0.507752 0.746725 0.505814 0.746725 0.501938 0.74818 0.5 0.752547 0.5 0.755459 0.496124 0.756914 0.496124 0.75837 0.494186 0.759825 0.494186 0.761281 0.492248 0.762737 0.492248 0.764192 0.49031 0.767103 0.49031 0.768559 0.488372 0.784571 0.488372 0.786026 0.486434 0.788937 0.486434 0.790393 0.484496 0.79476 0.484496 0.793304 0.482558 0.793304 0.48062 0.791849 0.478682 0.791849 0.476744 0.790393 0.474806 0.790393 0.472868 0.796215 0.465116 0.797671 0.467054 0.797671 0.468992 0.799127 0.47093 0.799127 0.472868 0.800582 0.474806 0.800582 0.476744 0.802038 0.478682 0.806405 0.478682 0.80786 0.48062 0.812227 0.48062 0.813683 0.482558 0.818049 0.482558 0.819505 0.484496 0.820961 0.484496 0.822416 0.486434 0.823872 0.486434 0.825328 0.488372 0.826783 0.488372 0.828239 0.49031 0.829694 0.49031 0.83115 0.492248 0.832606 0.492248 0.835517 0.496124 0.835517 0.498062 0.838428 0.501938 0.838428 0.503876 0.839884 0.505814 0.839884 0.507752 0.842795 0.511628 0.84425 0.511628 0.852984 0.523256 0.852984 0.525194 0.857351 0.531008 0.858806 0.531008 0.860262 0.532946 0.861718 0.532946 0.864629 0.536822 0.866084 0.536822 0.86754 0.53876 0.868996 0.53876 0.870451 0.540698 0.874818 0.540698 0.876274 0.542636 0.88064 0.542636 0.883552 0.546512 0.883552 0.54845 0.885007 0.550388 0.885007 0.552326 0.887918 0.556202 0.889374 0.556202 0.892285 0.560078 0.893741 0.560078 0.898108 0.565891 0.899563 0.565891 0.902475 0.569767 0.90393 0.569767 0.906841 0.573643 0.930131 0.573643 0.930131 0.571705 0.931587 0.569767 0.931587 0.567829 0.928675 0.567829 0.92722 0.565891 0.924309 0.565891 0.922853 0.563953 0.921397 0.565891 0.919942 0.565891 0.918486 0.567829 0.912664 0.567829 0.911208 0.565891 0.911208 0.563953 0.909753 0.562016 0.909753 0.560078 0.90393 0.552326 0.905386 0.550388 0.908297 0.550388 0.909753 0.54845 0.917031 0.54845 0.918486 0.550388 0.921397 0.550388 0.922853 0.552326 0.924309 0.552326 0.925764 0.554264 0.928675 0.554264 0.930131 0.556202 0.931587 0.556202 0.933042 0.55814 0.935953 0.55814 0.937409 0.560078 0.925764 0.544574 0.922853 0.544574 0.921397 0.542636 0.917031 0.542636 0.915575 0.540698 0.912664 0.540698 0.911208 0.53876 0.90393 0.53876 0.902475 0.536822 0.902475 0.534884 0.901019 0.532946 0.901019 0.531008 0.896652 0.531008 0.895197 0.52907 0.89083 0.52907 0.889374 0.527132 0.885007 0.527132 0.88064 0.521318 0.879185 0.521318 0.873362 0.513566 0.874818 0.511628 0.89083 0.511628 0.886463 0.505814 0.883552 0.505814 0.882096 0.503876 0.877729 0.503876 0.876274 0.501938 0.873362 0.501938 0.871907 0.5 0.861718 0.5 0.855895 0.492248 0.855895 0.49031 0.848617 0.48062 0.847162 0.48062 0.84425 0.476744 0.842795 0.476744 0.836972 0.468992 0.835517 0.468992 0.826783 0.457364 0.826783 0.455426 0.825328 0.453488 0.819505 0.453488 0.818049 0.45155 0.813683 0.45155 0.812227 0.449612 0.806405 0.449612 0.804949 0.447674 0.802038 0.447674 0.800582 0.445736 0.797671 0.445736 0.796215 0.443798 0.79476 0.443798 0.793304 0.44186 0.790393 0.44186 0.780204 0.428295 0.775837 0.428295 0.774381 0.426357 0.770015 0.426357 0.768559 0.424419 0.765648 0.424419 0.764192 0.422481 0.759825 0.422481 0.75837 0.420543 0.756914 0.422481 0.755459 0.422481 0.754003 0.424419 0.752547 0.424419 0.749636 0.428295 0.74818 0.428295 0.746725 0.430233 0.730713 0.430233 0.729258 0.428295 0.727802 0.430233 0.724891 0.430233 0.723435 0.432171 0.720524 0.432171 0.719068 0.434109 0.717613 0.434109 0.716157 0.436047 0.713246 0.436047 0.71179 0.437984 0.708879 0.437984 0.707424 0.436047 0.705968 0.436047 0.701601 0.430233 0.700146 0.432171 0.697234 0.432171 0.695779 0.434109 0.692868 0.434109 0.691412 0.436047 0.688501 0.436047 0.687045 0.437984 0.684134 0.437984 0.684134 0.44186 0.682678 0.443798 0.682678 0.449612 0.681223 0.45155 0.681223 0.455426 0.679767 0.457364 0.653566 0.457364 0.652111 0.455426 0.653566 0.453488 0.653566 0.45155 0.655022 0.449612 0.655022 0.447674 0.653566 0.445736 0.653566 0.443798 0.652111 0.44186 0.652111 0.439922 0.650655 0.437984 0.650655 0.436047 0.643377 0.436047 0.641921 0.434109 0.634643 0.434109 0.633188 0.432171 0.62591 0.432171 0.624454 0.430233 0.615721 0.430233 0.614265 0.428295 0.605531 0.428295 0.604076 0.426357 0.57933 0.426357 0.574964 0.420543 0.576419 0.418605 0.57933 0.418605 0.580786 0.416667 0.582242 0.416667 0.583697 0.414729 0.586608 0.414729 0.588064 0.412791 0.58952 0.412791 0.590975 0.410853 0.593886 0.410853 0.593886 0.406977 0.595342 0.405039 0.595342 0.401163 0.57933 0.401163 0.577875 0.399225 0.561863 0.399225 0.560408 0.397287 0.55313 0.397287 0.551674 0.395349 0.544396 0.395349 0.54294 0.393411 0.537118 0.393411 0.535662 0.391473 0.52984 0.391473 0.528384 0.389535 0.522562 0.389535 0.521106 0.387597 0.47016 0.387597 0.468705 0.389535 0.455604 0.389535 0.454148 0.391473 0.439592 0.391473 0.438137 0.393411 0.419214 0.393411 0.417758 0.391473 0.41048 0.391473 0.409025 0.389535 0.407569 0.391473 0.406114 0.391473 0.404658 0.393411 0.403202 0.393411 0.400291 0.397287 0.398836 0.397287 0.39738 0.399225 0.395924 0.399225 0.394469 0.401163 0.372635 0.401163 0.371179 0.399225 0.369723 0.401163 0.342067 0.401163 0.340611 0.399225 0.340611 0.397287 0.339156 0.395349 0.340611 0.393411 0.350801 0.393411 0.350801 0.385659 0.339156 0.385659
1 0.343523 0.366279 0.342067 0.368217 0.3377 0.368217 0.336245 0.370155 0.331878 0.370155 0.330422 0.372093 0.296943 0.372093 0.295488 0.370155 0.295488 0.372093 0.294032 0.374031 0.294032 0.375969 0.295488 0.375969 0.296943 0.377907 0.298399 0.377907 0.299854 0.379845 0.333333 0.379845 0.334789 0.377907 0.336245 0.377907 0.3377 0.375969 0.339156 0.375969 0.340611 0.374031 0.342067 0.374031 0.343523 0.372093 0.344978 0.372093 0.344978 0.370155 0.343523 0.368217
1 0.69869 0.364341 0.697234 0.366279 0.672489 0.366279 0.672489 0.375969 0.673945 0.374031 0.700146 0.374031 0.700146 0.370155 0.69869 0.368217
1 0.259098 0.360465 0.259098 0.364341 0.257642 0.366279 0.257642 0.368217 0.259098 0.366279 0.26492 0.366279 0.266376 0.364341 0.273654 0.364341 0.275109 0.362403 0.280932 0.362403 0.260553 0.362403
1 0.775837 0.354651 0.772926 0.358527 0.772926 0.360465 0.770015 0.364341 0.77147 0.366279 0.77147 0.368217 0.772926 0.370155 0.772926 0.372093 0.77147 0.374031 0.77147 0.375969 0.770015 0.377907 0.780204 0.377907 0.781659 0.379845 0.781659 0.377907 0.780204 0.375969 0.780204 0.374031 0.778748 0.372093 0.778748 0.370155 0.780204 0.368217 0.786026 0.368217 0.786026 0.364341 0.780204 0.356589 0.777293 0.356589
1 0.689956 0.343023 0.688501 0.344961 0.679767 0.344961 0.678311 0.346899 0.668122 0.346899 0.666667 0.348837 0.655022 0.348837 0.653566 0.350775 0.641921 0.350775 0.641921 0.354651 0.665211 0.354651 0.666667 0.356589 0.668122 0.354651 0.681223 0.354651
1 0.922853 0.339147 0.918486 0.344961 0.919942 0.344961 0.921397 0.346899 0.924309 0.346899 0.925764 0.348837 0.92722 0.348837 0.928675 0.350775 0.930131 0.350775 0.931587 0.352713 0.934498 0.348837 0.935953 0.348837 0.937409 0.346899 0.941776 0.346899 0.943231 0.348837 0.947598 0.348837 0.949054 0.350775 0.951965 0.350775 0.953421 0.352713 0.957787 0.352713 0.959243 0.354651 0.960699 0.352713 0.967977 0.352713 0.969432 0.350775 0.978166 0.350775 0.978166 0.346899 0.97671 0.344961 0.97671 0.341085 0.938865 0.341085 0.937409 0.339147
1 0.842795 0.337209 0.842795 0.339147 0.841339 0.341085 0.841339 0.343023 0.839884 0.344961 0.838428 0.344961 0.836972 0.343023 0.834061 0.343023 0.832606 0.341085 0.83115 0.341085 0.829694 0.339147 0.828239 0.341085 0.790393 0.341085 0.790393 0.343023 0.791849 0.344961 0.791849 0.348837 0.803493 0.348837 0.804949 0.350775 0.815138 0.350775 0.819505 0.356589 0.818049 0.358527 0.815138 0.358527 0.813683 0.360465 0.812227 0.360465 0.810771 0.362403 0.80786 0.362403 0.802038 0.370155 0.836972 0.370155 0.838428 0.368217 0.839884 0.368217 0.841339 0.366279 0.842795 0.366279 0.84425 0.364341 0.847162 0.364341 0.848617 0.362403 0.851528 0.362403 0.852984 0.360465 0.855895 0.360465 0.857351 0.358527 0.860262 0.358527 0.861718 0.356589 0.864629 0.356589 0.866084 0.354651 0.868996 0.354651 0.868996 0.352713 0.86754 0.350775 0.86754 0.346899 0.866084 0.344961 0.866084 0.341085 0.864629 0.339147 0.864629 0.337209
1 0.336245 0.331395 0.336245 0.348837 0.334789 0.350775 0.321689 0.350775 0.320233 0.352713 0.305677 0.352713 0.305677 0.358527 0.311499 0.358527 0.312955 0.356589 0.340611 0.356589 0.342067 0.358527 0.343523 0.358527 0.344978 0.360465 0.347889 0.360465 0.349345 0.362403 0.350801 0.362403 0.352256 0.364341 0.355167 0.364341 0.356623 0.366279 0.358079 0.366279 0.359534 0.368217 0.366812 0.368217 0.368268 0.370155 0.37409 0.370155 0.375546 0.372093 0.382824 0.372093 0.384279 0.374031 0.37409 0.387597 0.37409 0.395349 0.375546 0.393411 0.384279 0.393411 0.385735 0.391473 0.387191 0.391473 0.388646 0.389535 0.390102 0.389535 0.391557 0.387597 0.393013 0.387597 0.394469 0.389535 0.394469 0.391473 0.395924 0.393411 0.398836 0.389535 0.400291 0.389535 0.403202 0.385659 0.404658 0.385659 0.407569 0.381783 0.409025 0.381783 0.41048 0.379845 0.414847 0.379845 0.416303 0.377907 0.42067 0.377907 0.422125 0.375969 0.426492 0.375969 0.427948 0.374031 0.432314 0.374031 0.432314 0.370155 0.430859 0.368217 0.430859 0.364341 0.432314 0.362403 0.451237 0.362403 0.452693 0.360465 0.452693 0.358527 0.454148 0.356589 0.454148 0.354651 0.455604 0.352713 0.454148 0.354651 0.427948 0.354651 0.426492 0.356589 0.385735 0.356589 0.384279 0.354651 0.368268 0.354651 0.366812 0.352713 0.352256 0.352713 0.350801 0.350775 0.355167 0.344961 0.356623 0.344961 0.359534 0.341085 0.359534 0.333333 0.3377 0.333333
1 0.848617 0.317829 0.847162 0.319767 0.810771 0.319767 0.80786 0.323643 0.797671 0.323643 0.796215 0.321705 0.767103 0.321705 0.765648 0.319767 0.764192 0.321705 0.761281 0.321705 0.762737 0.323643 0.762737 0.325581 0.764192 0.325581 0.765648 0.327519 0.767103 0.327519 0.768559 0.329457 0.770015 0.327519 0.809316 0.327519 0.810771 0.325581 0.863173 0.325581 0.864629 0.327519 0.863173 0.329457 0.861718 0.329457 0.882096 0.329457 0.883552 0.331395 0.882096 0.333333 0.88064 0.333333 0.879185 0.335271 0.877729 0.335271 0.876274 0.337209 0.874818 0.337209 0.873362 0.339147 0.871907 0.339147 0.873362 0.341085 0.874818 0.341085 0.877729 0.344961 0.879185 0.343023 0.88064 0.343023 0.883552 0.339147 0.885007 0.339147 0.886463 0.337209 0.889374 0.337209 0.89083 0.335271 0.906841 0.335271 0.908297 0.337209 0.911208 0.333333 0.912664 0.333333 0.915575 0.329457 0.917031 0.329457 0.918486 0.327519 0.930131 0.327519 0.931587 0.329457 0.930131 0.331395 0.928675 0.331395 0.92722 0.333333 0.933042 0.333333 0.937409 0.327519 0.949054 0.327519 0.950509 0.325581 0.96361 0.325581 0.960699 0.325581 0.959243 0.323643 0.956332 0.323643 0.954876 0.321705 0.914119 0.321705 0.912664 0.319767 0.850073 0.319767
1 0.649199 0.315891 0.647744 0.317829 0.630277 0.317829 0.628821 0.319767 0.627365 0.319767 0.62591 0.321705 0.622999 0.321705 0.621543 0.323643 0.573508 0.323643 0.573508 0.327519 0.583697 0.327519 0.585153 0.329457 0.588064 0.325581 0.605531 0.325581 0.606987 0.327519 0.684134 0.327519 0.68559 0.325581 0.737991 0.325581 0.739447 0.327519 0.739447 0.325581 0.740902 0.323643 0.740902 0.321705 0.742358 0.319767 0.737991 0.319767 0.736536 0.317829 0.713246 0.317829 0.71179 0.319767 0.687045 0.319767 0.68559 0.321705 0.665211 0.321705 0.663755 0.319767 0.663755 0.317829 0.6623 0.315891
1 0.107715 0.300388 0.106259 0.302326 0.103348 0.302326 0.101892 0.304264 0.097525 0.304264 0.09607 0.306202 0.093159 0.306202 0.091703 0.30814 0.087336 0.30814 0.110626 0.30814 0.112082 0.310078 0.113537 0.30814 0.167394 0.30814 0.167394 0.302326 0.165939 0.304264 0.13246 0.304264 0.131004 0.302326 0.117904 0.302326 0.116448 0.300388
1 0.381368 0.294574 0.379913 0.296512 0.375546 0.296512 0.37409 0.29845 0.369723 0.29845 0.368268 0.300388 0.363901 0.300388 0.362445 0.302326 0.346434 0.302326 0.344978 0.300388 0.343523 0.302326 0.340611 0.302326 0.339156 0.304264 0.3377 0.304264 0.336245 0.306202 0.292576 0.306202 0.291121 0.304264 0.195051 0.304264 0.193595 0.306202 0.193595 0.30814 0.19214 0.310078 0.219796 0.310078 0.221252 0.312016 0.247453 0.312016 0.253275 0.319767 0.311499 0.319767 0.312955 0.321705 0.315866 0.317829 0.317322 0.317829 0.320233 0.313953 0.321689 0.313953 0.323144 0.312016 0.366812 0.312016 0.368268 0.313953 0.369723 0.313953 0.371179 0.315891 0.384279 0.315891 0.385735 0.317829 0.387191 0.317829 0.391557 0.323643 0.398836 0.323643 0.400291 0.325581 0.406114 0.325581 0.407569 0.327519 0.429403 0.327519 0.430859 0.329457 0.445415 0.329457 0.44687 0.331395 0.459971 0.331395 0.465793 0.339147 0.473071 0.339147 0.474527 0.341085 0.480349 0.341085 0.481805 0.343023 0.481805 0.344961 0.480349 0.346899 0.480349 0.348837 0.486172 0.348837 0.487627 0.350775 0.491994 0.350775 0.49345 0.352713 0.503639 0.352713 0.505095 0.354651 0.50655 0.352713 0.525473 0.352713 0.526929 0.350775 0.547307 0.350775 0.544396 0.346899 0.544396 0.344961 0.54294 0.343023 0.497817 0.343023 0.496361 0.341085 0.49345 0.341085 0.491994 0.339147 0.489083 0.339147 0.487627 0.337209 0.486172 0.337209 0.484716 0.335271 0.483261 0.335271 0.481805 0.333333 0.478894 0.333333 0.477438 0.331395 0.475983 0.331395 0.474527 0.329457 0.471616 0.329457 0.47016 0.327519 0.471616 0.325581 0.49345 0.325581 0.494905 0.327519 0.519651 0.327519 0.521106 0.325581 0.521106 0.323643 0.522562 0.321705 0.524017 0.323643 0.526929 0.323643 0.528384 0.325581 0.55313 0.325581 0.55313 0.321705 0.52984 0.321705 0.528384 0.319767 0.516739 0.319767 0.515284 0.317829 0.513828 0.317829 0.512373 0.315891 0.503639 0.315891 0.502183 0.313953 0.49345 0.313953 0.491994 0.312016 0.478894 0.312016 0.475983 0.30814 0.474527 0.30814 0.47016 0.302326 0.464338 0.302326 0.462882 0.300388 0.455604 0.300388 0.454148 0.29845 0.448326 0.29845 0.44687 0.296512 0.429403 0.296512 0.427948 0.29845 0.416303 0.29845 0.414847 0.300388 0.395924 0.300388 0.394469 0.29845 0.388646 0.29845 0.387191 0.296512 0.382824 0.296512
1 0.365357 0.286822 0.363901 0.28876 0.347889 0.28876 0.347889 0.290698 0.349345 0.292636 0.349345 0.294574 0.350801 0.292636 0.368268 0.292636 0.366812 0.290698 0.366812 0.28876
1 0.69869 0.282946 0.697234 0.284884 0.694323 0.284884 0.692868 0.286822 0.688501 0.286822 0.687045 0.28876 0.608443 0.28876 0.606987 0.290698 0.605531 0.290698 0.60262 0.294574 0.601164 0.294574 0.599709 0.296512 0.592431 0.296512 0.590975 0.29845 0.582242 0.29845 0.580786 0.300388 0.573508 0.300388 0.604076 0.300388 0.605531 0.302326 0.655022 0.302326 0.656477 0.300388 0.75837 0.300388 0.759825 0.302326 0.84425 0.302326 0.845706 0.304264 0.845706 0.29845 0.767103 0.29845 0.765648 0.296512 0.761281 0.296512 0.759825 0.294574 0.755459 0.294574 0.754003 0.292636 0.719068 0.292636 0.717613 0.290698 0.714702 0.290698 0.713246 0.28876 0.708879 0.28876 0.707424 0.286822 0.704512 0.286822 0.703057 0.284884 0.700146 0.284884
