0 0.467026 0.791741 0.46568 0.793537 0.46568 0.795332 0.464334 0.797127 0.46568 0.798923 0.46568 0.800718 0.468371 0.800718 0.469717 0.802513 0.471063 0.800718 0.472409 0.800718 0.472409 0.798923 0.473755 0.797127 0.473755 0.793537 0.468371 0.793537
0 0.020188 0.421903 0.018843 0.423698 0.017497 0.423698 0.016151 0.425494 0.014805 0.425494 0.013459 0.427289 0.010767 0.427289 0.009421 0.429084 0.008075 0.429084 0.006729 0.43088 0.005384 0.43088 0.002692 0.43447 0.001346 0.43447 0.0 0.436266 0.0 0.450628 0.001346 0.448833 0.004038 0.448833 0.005384 0.447038 0.006729 0.447038 0.008075 0.445242 0.016151 0.445242 0.018843 0.441652 0.020188 0.441652 0.02288 0.438061 0.024226 0.438061 0.026918 0.43447 0.028264 0.43447 0.02961 0.432675 0.028264 0.43088 0.028264 0.429084 0.026918 0.427289 0.026918 0.425494 0.025572 0.423698 0.021534 0.423698
0 0.95424 0.38061 0.951548 0.384201 0.950202 0.384201 0.951548 0.384201 0.952894 0.385996 0.95424 0.385996 0.955585 0.387792 0.956931 0.387792 0.958277 0.389587 0.959623 0.389587 0.960969 0.391382 0.962315 0.391382 0.963661 0.393178 0.966353 0.389587 0.965007 0.387792 0.965007 0.385996 0.963661 0.384201 0.963661 0.382406 0.955585 0.382406
0 0.348587 0.328546 0.348587 0.335727 0.367429 0.335727 0.367429 0.328546
0 0.931359 0.256732 0.930013 0.258528 0.920592 0.258528 0.916555 0.263914 0.915209 0.263914 0.912517 0.267504 0.912517 0.271095 0.913863 0.27289 0.913863 0.278276 0.9179 0.283662 0.919246 0.283662 0.925976 0.292639 0.934051 0.292639 0.935397 0.294434 0.939435 0.289048 0.940781 0.289048 0.942127 0.287253 0.942127 0.285458 0.943472 0.283662 0.943472 0.281867 0.944818 0.280072 0.944818 0.27289 0.943472 0.271095 0.943472 0.265709 0.942127 0.265709 0.940781 0.263914 0.939435 0.263914 0.936743 0.260323 0.935397 0.260323 0.934051 0.258528 0.932705 0.258528
1 0.0 0.870736 0.0 0.881508 0.001346 0.883303 0.002692 0.883303 0.004038 0.885099 0.005384 0.885099 0.006729 0.886894 0.009421 0.886894 0.010767 0.888689 0.016151 0.888689 0.016151 0.885099 0.014805 0.883303 0.014805 0.881508 0.013459 0.879713 0.013459 0.877917 0.012113 0.877917 0.010767 0.876122 0.009421 0.876122 0.008075 0.874327 0.005384 0.874327 0.004038 0.872531 0.002692 0.872531 0.001346 0.870736
1 0.380888 0.845601 0.374159 0.854578 0.376851 0.854578 0.378197 0.856373 0.379542 0.856373 0.380888 0.858169 0.38358 0.858169 0.384926 0.859964 0.387618 0.859964 0.388964 0.861759 0.391655 0.861759 0.393001 0.863555 0.394347 0.863555 0.395693 0.86535 0.398385 0.86535 0.399731 0.867145 0.402423 0.867145 0.403769 0.868941 0.405114 0.868941 0.40646 0.870736 0.409152 0.870736 0.410498 0.872531 0.411844 0.870736 0.417227 0.870736 0.418573 0.868941 0.425303 0.868941 0.422611 0.868941 0.421265 0.867145 0.419919 0.867145 0.418573 0.86535 0.415882 0.86535 0.414536 0.863555 0.41319 0.863555 0.411844 0.861759 0.409152 0.861759 0.407806 0.859964 0.40646 0.859964 0.405114 0.858169 0.402423 0.858169 0.401077 0.856373 0.399731 0.856373 0.398385 0.854578 0.395693 0.854578 0.394347 0.852783 0.393001 0.852783 0.391655 0.850987 0.388964 0.850987 0.387618 0.849192 0.386272 0.849192 0.384926 0.847397 0.382234 0.847397
1 0.047106 0.597846 0.04576 0.599641 0.043069 0.599641 0.041723 0.601436 0.037685 0.601436 0.025572 0.617594 0.025572 0.61939 0.024226 0.621185 0.024226 0.62298 0.02288 0.624776 0.024226 0.62298 0.026918 0.62298 0.028264 0.621185 0.02961 0.621185 0.030956 0.61939 0.033647 0.61939 0.034993 0.617594 0.041723 0.617594 0.043069 0.61939 0.04576 0.61939 0.047106 0.621185 0.048452 0.61939 0.059219 0.61939 0.063257 0.614004 0.063257 0.612208 0.064603 0.610413 0.064603 0.608618 0.065949 0.606822 0.065949 0.605027 0.060565 0.597846 0.059219 0.599641 0.059219 0.601436 0.057873 0.603232 0.055182 0.603232 0.053836 0.601436 0.05249 0.601436 0.051144 0.599641 0.048452 0.599641
1 0.026918 0.560144 0.025572 0.561939 0.024226 0.561939 0.021534 0.56553 0.021534 0.56912 0.020188 0.570916 0.020188 0.576302 0.018843 0.578097 0.017497 0.576302 0.016151 0.576302 0.014805 0.574506 0.013459 0.574506 0.012113 0.572711 0.010767 0.572711 0.009421 0.570916 0.008075 0.570916 0.006729 0.56912 0.005384 0.56912 0.004038 0.567325 0.002692 0.567325 0.001346 0.56553 0.0 0.56553 0.0 0.599641 0.002692 0.599641 0.004038 0.597846 0.008075 0.597846 0.009421 0.59605 0.012113 0.59605 0.013459 0.594255 0.016151 0.594255 0.016151 0.59246 0.017497 0.590664 0.017497 0.588869 0.018843 0.587074 0.018843 0.585278 0.020188 0.583483 0.020188 0.581688 0.021534 0.579892 0.021534 0.578097 0.02288 0.576302 0.02288 0.574506 0.024226 0.572711 0.026918 0.572711 0.028264 0.570916 0.02961 0.570916 0.032301 0.567325 0.033647 0.567325 0.036339 0.563734 0.033647 0.563734 0.032301 0.561939 0.030956 0.561939 0.02961 0.560144
1 0.091521 0.490126 0.088829 0.493716 0.087483 0.493716 0.086137 0.495512 0.087483 0.497307 0.087483 0.499102 0.088829 0.500898 0.088829 0.502693 0.090175 0.504488 0.090175 0.506284 0.091521 0.504488 0.095559 0.504488 0.099596 0.499102 0.100942 0.499102 0.103634 0.495512 0.102288 0.493716 0.100942 0.493716 0.09825 0.490126
1 0.519515 0.420108 0.51817 0.421903 0.493943 0.421903 0.493943 0.429084 0.527591 0.429084 0.528937 0.43088 0.528937 0.436266 0.53432 0.436266 0.53432 0.429084 0.537012 0.425494 0.538358 0.425494 0.535666 0.425494 0.53432 0.423698 0.531629 0.423698 0.530283 0.421903 0.520861 0.421903
1 0.763122 0.409336 0.763122 0.411131 0.764468 0.412926 0.764468 0.414722 0.768506 0.414722 0.769852 0.416517 0.772544 0.416517 0.77389 0.418312 0.777927 0.418312 0.779273 0.420108 0.781965 0.420108 0.783311 0.421903 0.784657 0.420108 0.786003 0.420108 0.787349 0.418312 0.79004 0.418312 0.787349 0.418312 0.786003 0.416517 0.784657 0.416517 0.783311 0.414722 0.780619 0.414722 0.779273 0.412926 0.772544 0.412926 0.771198 0.411131 0.764468 0.411131
1 0.041723 0.355476 0.040377 0.357271 0.036339 0.357271 0.034993 0.359066 0.032301 0.359066 0.030956 0.360862 0.021534 0.360862 0.020188 0.362657 0.010767 0.362657 0.009421 0.364452 0.008075 0.362657 0.0 0.362657 0.0 0.375224 0.004038 0.375224 0.005384 0.373429 0.008075 0.373429 0.009421 0.371634 0.010767 0.373429 0.010767 0.37702 0.012113 0.378815 0.012113 0.382406 0.013459 0.384201 0.013459 0.385996 0.014805 0.387792 0.013459 0.389587 0.001346 0.389587 0.0 0.391382 0.0 0.409336 0.004038 0.409336 0.005384 0.40754 0.008075 0.40754 0.009421 0.405745 0.010767 0.405745 0.012113 0.40395 0.013459 0.40395 0.014805 0.402154 0.014805 0.400359 0.017497 0.396768 0.018843 0.398564 0.020188 0.398564 0.021534 0.400359 0.024226 0.400359 0.025572 0.398564 0.028264 0.398564 0.02961 0.396768 0.030956 0.396768 0.02961 0.394973 0.02961 0.393178 0.028264 0.391382 0.028264 0.389587 0.026918 0.387792 0.026918 0.385996 0.028264 0.384201 0.033647 0.384201 0.037685 0.389587 0.039031 0.389587 0.044415 0.396768 0.04576 0.396768 0.047106 0.398564 0.051144 0.398564 0.05249 0.396768 0.05249 0.394973 0.053836 0.393178 0.053836 0.391382 0.055182 0.389587 0.056528 0.391382 0.078062 0.391382 0.079408 0.389587 0.083445 0.389587 0.083445 0.387792 0.0821 0.385996 0.0821 0.38061 0.080754 0.378815 0.080754 0.37702 0.07537 0.37702 0.074024 0.375224 0.071332 0.375224 0.069987 0.373429 0.064603 0.373429 0.061911 0.37702 0.060565 0.375224 0.055182 0.375224 0.05249 0.371634 0.051144 0.371634 0.048452 0.368043 0.047106 0.368043 0.04576 0.366248 0.047106 0.364452 0.048452 0.364452 0.051144 0.360862 0.05249 0.360862 0.05249 0.359066 0.051144 0.357271 0.051144 0.355476
1 0.239569 0.351885 0.238223 0.35368 0.23284 0.35368 0.231494 0.355476 0.228802 0.355476 0.227456 0.357271 0.223419 0.357271 0.219381 0.362657 0.213997 0.362657 0.212651 0.360862 0.211306 0.362657 0.181696 0.362657 0.18035 0.364452 0.18035 0.366248 0.179004 0.368043 0.181696 0.368043 0.183042 0.369838 0.187079 0.369838 0.188425 0.371634 0.191117 0.371634 0.192463 0.373429 0.207268 0.373429 0.208614 0.375224 0.219381 0.375224 0.223419 0.38061 0.223419 0.382406 0.224764 0.384201 0.224764 0.385996 0.228802 0.385996 0.230148 0.387792 0.234186 0.387792 0.235532 0.389587 0.236878 0.387792 0.244953 0.387792 0.240915 0.382406 0.240915 0.38061 0.238223 0.37702 0.239569 0.375224 0.26245 0.375224 0.263795 0.373429 0.271871 0.373429 0.279946 0.384201 0.292059 0.384201 0.293405 0.385996 0.296097 0.385996 0.297443 0.387792 0.298789 0.387792 0.300135 0.389587 0.304172 0.389587 0.305518 0.391382 0.309556 0.391382 0.310902 0.393178 0.310902 0.385996 0.313594 0.382406 0.314939 0.382406 0.316285 0.38061 0.316285 0.378815 0.314939 0.37702 0.314939 0.375224 0.313594 0.375224 0.310902 0.371634 0.309556 0.371634 0.30821 0.369838 0.306864 0.369838 0.305518 0.368043 0.302826 0.368043 0.30148 0.366248 0.300135 0.366248 0.298789 0.364452 0.297443 0.364452 0.296097 0.362657 0.293405 0.366248 0.292059 0.366248 0.290713 0.368043 0.289367 0.368043 0.288022 0.366248 0.286676 0.366248 0.28533 0.364452 0.283984 0.364452 0.282638 0.362657 0.281292 0.362657 0.279946 0.360862 0.2786 0.360862 0.277254 0.359066 0.270525 0.359066 0.269179 0.357271 0.26245 0.357271 0.261104 0.355476 0.251682 0.355476 0.250336 0.35368 0.240915 0.35368
1 0.364738 0.341113 0.363392 0.342908 0.359354 0.342908 0.358008 0.344704 0.352624 0.344704 0.35397 0.346499 0.35397 0.348294 0.355316 0.35009 0.35397 0.351885 0.349933 0.351885 0.347241 0.348294 0.347241 0.346499 0.344549 0.342908 0.324361 0.342908 0.325707 0.344704 0.325707 0.346499 0.328398 0.35009 0.328398 0.351885 0.329744 0.35368 0.327052 0.357271 0.325707 0.357271 0.329744 0.357271 0.33109 0.359066 0.333782 0.359066 0.335128 0.360862 0.340511 0.360862 0.341857 0.362657 0.347241 0.362657 0.348587 0.364452 0.35397 0.364452 0.355316 0.366248 0.355316 0.368043 0.35397 0.369838 0.356662 0.373429 0.358008 0.373429 0.359354 0.375224 0.362046 0.375224 0.363392 0.37702 0.364738 0.37702 0.366083 0.378815 0.367429 0.378815 0.368775 0.38061 0.371467 0.38061 0.372813 0.382406 0.374159 0.382406 0.375505 0.384201 0.386272 0.384201 0.387618 0.382406 0.393001 0.382406 0.393001 0.378815 0.394347 0.37702 0.394347 0.375224 0.382234 0.375224 0.380888 0.373429 0.379542 0.373429 0.378197 0.371634 0.375505 0.371634 0.374159 0.369838 0.374159 0.348294 0.372813 0.348294 0.371467 0.346499 0.370121 0.346499 0.367429 0.342908 0.366083 0.342908
1 0.131898 0.339318 0.130552 0.341113 0.114401 0.341113 0.113055 0.342908 0.110363 0.342908 0.109017 0.344704 0.099596 0.344704 0.09825 0.346499 0.095559 0.346499 0.094213 0.348294 0.091521 0.348294 0.090175 0.35009 0.087483 0.35009 0.086137 0.351885 0.083445 0.351885 0.083445 0.35368 0.084791 0.355476 0.084791 0.357271 0.103634 0.357271 0.10498 0.355476 0.125168 0.355476 0.126514 0.35368 0.130552 0.35368 0.131898 0.351885 0.137281 0.351885 0.138627 0.35009 0.148048 0.35009 0.146703 0.348294 0.146703 0.346499 0.145357 0.344704 0.145357 0.342908 0.144011 0.341113 0.144011 0.339318
1 0.258412 0.283662 0.257066 0.285458 0.253028 0.285458 0.251682 0.287253 0.248991 0.287253 0.247645 0.289048 0.243607 0.289048 0.242261 0.290844 0.240915 0.290844 0.239569 0.292639 0.236878 0.292639 0.235532 0.294434 0.219381 0.294434 0.218035 0.29623 0.215343 0.29623 0.213997 0.298025 0.212651 0.298025 0.211306 0.29982 0.208614 0.29982 0.207268 0.301616 0.204576 0.301616 0.204576 0.305206 0.20323 0.307002 0.20323 0.308797 0.212651 0.308797 0.213997 0.310592 0.222073 0.310592 0.223419 0.312388 0.238223 0.312388 0.239569 0.314183 0.240915 0.314183 0.242261 0.315978 0.265141 0.315978 0.266487 0.317774 0.267833 0.317774 0.269179 0.319569 0.267833 0.321364 0.259758 0.321364 0.258412 0.32316 0.257066 0.32316 0.25572 0.324955 0.254374 0.324955 0.253028 0.32675 0.251682 0.32675 0.250336 0.328546 0.243607 0.328546 0.242261 0.32675 0.236878 0.32675 0.235532 0.324955 0.22611 0.324955 0.224764 0.32316 0.223419 0.324955 0.201884 0.324955 0.200538 0.32675 0.199192 0.32675 0.197847 0.328546 0.196501 0.328546 0.195155 0.330341 0.192463 0.330341 0.191117 0.332136 0.189771 0.332136 0.191117 0.333932 0.192463 0.333932 0.196501 0.339318 0.211306 0.339318 0.212651 0.337522 0.222073 0.337522 0.223419 0.339318 0.227456 0.339318 0.228802 0.341113 0.23284 0.341113 0.234186 0.342908 0.235532 0.341113 0.248991 0.341113 0.250336 0.339318 0.265141 0.339318 0.266487 0.337522 0.270525 0.337522 0.271871 0.335727 0.28533 0.335727 0.286676 0.333932 0.290713 0.333932 0.292059 0.332136 0.297443 0.332136 0.298789 0.330341 0.323015 0.330341 0.324361 0.332136 0.329744 0.332136 0.33109 0.333932 0.345895 0.333932 0.347241 0.335727 0.347241 0.328546 0.348587 0.32675 0.347241 0.324955 0.345895 0.324955 0.343203 0.321364 0.341857 0.321364 0.339166 0.317774 0.33782 0.317774 0.335128 0.314183 0.333782 0.314183 0.332436 0.312388 0.329744 0.312388 0.328398 0.310592 0.327052 0.310592 0.325707 0.308797 0.324361 0.308797 0.323015 0.307002 0.320323 0.307002 0.318977 0.305206 0.317631 0.305206 0.316285 0.303411 0.313594 0.303411 0.312248 0.301616 0.310902 0.303411 0.30821 0.303411 0.306864 0.305206 0.297443 0.305206 0.296097 0.303411 0.292059 0.303411 0.290713 0.301616 0.290713 0.29982 0.289367 0.298025 0.289367 0.29623 0.288022 0.294434 0.288022 0.290844 0.286676 0.289048 0.286676 0.287253 0.281292 0.287253 0.279946 0.285458 0.275908 0.285458 0.274563 0.283662
1 0.048452 0.283662 0.048452 0.285458 0.047106 0.287253 0.051144 0.287253 0.05249 0.289048 0.055182 0.289048 0.056528 0.290844 0.055182 0.292639 0.048452 0.292639 0.041723 0.301616 0.04576 0.301616 0.047106 0.303411 0.049798 0.303411 0.051144 0.305206 0.04576 0.312388 0.059219 0.312388 0.060565 0.314183 0.074024 0.314183 0.07537 0.315978 0.076716 0.314183 0.086137 0.314183 0.087483 0.312388 0.088829 0.312388 0.090175 0.310592 0.092867 0.310592 0.092867 0.307002 0.094213 0.305206 0.094213 0.303411 0.095559 0.301616 0.095559 0.29982 0.096904 0.298025 0.094213 0.298025 0.092867 0.29623 0.091521 0.29623 0.090175 0.294434 0.088829 0.29623 0.087483 0.29623 0.086137 0.298025 0.084791 0.298025 0.083445 0.29982 0.0821 0.29982 0.079408 0.303411 0.078062 0.303411 0.076716 0.305206 0.067295 0.305206 0.065949 0.303411 0.071332 0.29623 0.072678 0.29623 0.074024 0.294434 0.074024 0.292639 0.07537 0.290844 0.07537 0.289048 0.076716 0.287253 0.076716 0.285458 0.064603 0.285458 0.063257 0.283662
1 0.117093 0.276481 0.115747 0.278276 0.110363 0.278276 0.109017 0.280072 0.102288 0.280072 0.103634 0.281867 0.103634 0.283662 0.10498 0.285458 0.121131 0.285458 0.121131 0.283662 0.122476 0.281867 0.122476 0.280072 0.123822 0.278276 0.118439 0.278276
1 0.215343 0.271095 0.213997 0.27289 0.208614 0.27289 0.204576 0.278276 0.199192 0.278276 0.197847 0.276481 0.195155 0.276481 0.193809 0.274686 0.181696 0.274686 0.179004 0.278276 0.183042 0.283662 0.20996 0.283662 0.211306 0.281867 0.212651 0.281867 0.215343 0.278276 0.216689 0.278276 0.216689 0.276481 0.215343 0.274686
1 0.820996 0.2693 0.81965 0.271095 0.818304 0.271095 0.815612 0.274686 0.814266 0.274686 0.812921 0.276481 0.814266 0.276481 0.815612 0.278276 0.816958 0.278276 0.818304 0.280072 0.820996 0.280072 0.822342 0.281867 0.823688 0.281867 0.825034 0.283662 0.827725 0.283662 0.829071 0.285458 0.831763 0.285458 0.833109 0.287253 0.835801 0.287253 0.837147 0.289048 0.839838 0.289048 0.841184 0.290844 0.843876 0.290844 0.845222 0.292639 0.861373 0.292639 0.862719 0.294434 0.86541 0.294434 0.866756 0.29623 0.870794 0.29623 0.87214 0.298025 0.874832 0.298025 0.876178 0.29982 0.874832 0.301616 0.858681 0.301616 0.858681 0.303411 0.860027 0.305206 0.860027 0.307002 0.861373 0.308797 0.861373 0.310592 0.862719 0.312388 0.862719 0.314183 0.864065 0.315978 0.864065 0.319569 0.862719 0.321364 0.862719 0.32316 0.861373 0.324955 0.861373 0.328546 0.862719 0.330341 0.864065 0.330341 0.866756 0.333932 0.868102 0.333932 0.869448 0.335727 0.870794 0.335727 0.87214 0.337522 0.873486 0.337522 0.876178 0.341113 0.877524 0.341113 0.878869 0.342908 0.880215 0.342908 0.881561 0.344704 0.882907 0.344704 0.885599 0.348294 0.886945 0.348294 0.888291 0.35009 0.889637 0.35009 0.890983 0.351885 0.890983 0.35368 0.889637 0.355476 0.889637 0.357271 0.888291 0.359066 0.873486 0.359066 0.874832 0.359066 0.877524 0.362657 0.892328 0.362657 0.893674 0.364452 0.892328 0.366248 0.892328 0.368043 0.890983 0.369838 0.890983 0.371634 0.90175 0.385996 0.903096 0.385996 0.905787 0.389587 0.908479 0.389587 0.909825 0.391382 0.912517 0.391382 0.912517 0.389587 0.913863 0.387792 0.913863 0.384201 0.915209 0.382406 0.92463 0.382406 0.925976 0.38061 0.931359 0.387792 0.932705 0.387792 0.938089 0.394973 0.936743 0.396768 0.920592 0.396768 0.919246 0.398564 0.916555 0.398564 0.915209 0.400359 0.912517 0.400359 0.912517 0.40395 0.913863 0.405745 0.913863 0.40754 0.9179 0.40754 0.919246 0.409336 0.925976 0.409336 0.927322 0.40754 0.931359 0.412926 0.932705 0.412926 0.938089 0.420108 0.939435 0.420108 0.944818 0.427289 0.946164 0.427289 0.951548 0.43447 0.952894 0.43447 0.955585 0.438061 0.956931 0.438061 0.959623 0.441652 0.969044 0.441652 0.97039 0.443447 0.979812 0.443447 0.981157 0.445242 0.998654 0.445242 0.998654 0.382406 0.997308 0.38061 0.995962 0.38061 0.993271 0.37702 0.990579 0.37702 0.989233 0.375224 0.987887 0.375224 0.986541 0.373429 0.983849 0.373429 0.982503 0.371634 0.981157 0.371634 0.979812 0.369838 0.981157 0.368043 0.998654 0.368043 0.998654 0.360862 0.991925 0.360862 0.990579 0.359066 0.982503 0.359066 0.981157 0.357271 0.974428 0.357271 0.973082 0.355476 0.960969 0.355476 0.958277 0.351885 0.956931 0.351885 0.95424 0.348294 0.952894 0.348294 0.950202 0.344704 0.948856 0.344704 0.94751 0.342908 0.946164 0.342908 0.944818 0.341113 0.943472 0.341113 0.940781 0.337522 0.939435 0.337522 0.938089 0.335727 0.936743 0.335727 0.935397 0.333932 0.932705 0.333932 0.931359 0.332136 0.928668 0.332136 0.927322 0.330341 0.923284 0.330341 0.921938 0.328546 0.919246 0.328546 0.9179 0.32675 0.916555 0.32675 0.913863 0.32316 0.912517 0.32316 0.909825 0.319569 0.908479 0.319569 0.907133 0.317774 0.908479 0.315978 0.921938 0.315978 0.923284 0.317774 0.930013 0.317774 0.931359 0.319569 0.939435 0.319569 0.940781 0.321364 0.94751 0.321364 0.948856 0.32316 0.95424 0.32316 0.955585 0.324955 0.960969 0.324955 0.962315 0.32675 0.967699 0.32675 0.969044 0.328546 0.973082 0.328546 0.974428 0.330341 0.979812 0.330341 0.981157 0.332136 0.986541 0.332136 0.987887 0.333932 0.993271 0.333932 0.994616 0.335727 0.998654 0.335727 0.998654 0.32675 0.987887 0.32675 0.986541 0.324955 0.975774 0.324955 0.974428 0.32316 0.969044 0.32316 0.967699 0.321364 0.960969 0.321364 0.959623 0.319569 0.95424 0.319569 0.952894 0.317774 0.950202 0.317774 0.948856 0.315978 0.946164 0.315978 0.944818 0.314183 0.931359 0.314183 0.930013 0.312388 0.928668 0.312388 0.927322 0.310592 0.925976 0.310592 0.923284 0.307002 0.921938 0.307002 0.920592 0.305206 0.919246 0.305206 0.9179 0.303411 0.916555 0.303411 0.915209 0.301616 0.915209 0.285458 0.913863 0.283662 0.913863 0.281867 0.912517 0.280072 0.909825 0.283662 0.908479 0.283662 0.907133 0.285458 0.907133 0.287253 0.904441 0.290844 0.904441 0.292639 0.90175 0.29623 0.900404 0.294434 0.896366 0.294434 0.89502 0.292639 0.892328 0.292639 0.890983 0.290844 0.886945 0.290844 0.885599 0.289048 0.873486 0.289048 0.87214 0.287253 0.868102 0.287253 0.866756 0.285458 0.862719 0.285458 0.861373 0.283662 0.855989 0.283662 0.854643 0.281867 0.850606 0.281867 0.84926 0.280072 0.846568 0.280072 0.845222 0.278276 0.84253 0.278276 0.841184 0.276481 0.838493 0.276481 0.837147 0.274686 0.833109 0.274686 0.831763 0.27289 0.829071 0.27289 0.827725 0.271095 0.825034 0.271095 0.823688 0.2693
1 0.261104 0.256732 0.259758 0.258528 0.253028 0.258528 0.253028 0.260323 0.251682 0.262118 0.251682 0.263914 0.250336 0.265709 0.254374 0.271095 0.259758 0.271095 0.261104 0.27289 0.265141 0.27289 0.266487 0.274686 0.267833 0.27289 0.273217 0.27289 0.273217 0.271095 0.274563 0.2693 0.274563 0.267504 0.275908 0.265709 0.273217 0.262118 0.270525 0.262118 0.269179 0.260323 0.266487 0.260323 0.265141 0.258528 0.26245 0.258528
1 0.282638 0.238779 0.281292 0.240575 0.279946 0.240575 0.2786 0.24237 0.275908 0.24237 0.277254 0.244165 0.277254 0.245961 0.2786 0.247756 0.275908 0.251346 0.274563 0.251346 0.274563 0.254937 0.289367 0.254937 0.289367 0.253142 0.290713 0.251346 0.290713 0.249551 0.286676 0.249551 0.28533 0.247756 0.286676 0.245961 0.290713 0.245961 0.290713 0.244165 0.292059 0.24237 0.288022 0.24237 0.286676 0.240575 0.283984 0.240575
1 0.399731 0.231598 0.398385 0.233393 0.398385 0.235189 0.397039 0.236984 0.409152 0.236984 0.410498 0.235189 0.410498 0.233393 0.411844 0.231598
1 0.109017 0.224417 0.107672 0.226212 0.106326 0.226212 0.10498 0.228007 0.103634 0.228007 0.102288 0.229803 0.099596 0.229803 0.09825 0.231598 0.096904 0.231598 0.095559 0.233393 0.094213 0.233393 0.091521 0.236984 0.090175 0.236984 0.088829 0.238779 0.102288 0.238779 0.103634 0.236984 0.106326 0.236984 0.107672 0.235189 0.109017 0.236984 0.111709 0.236984 0.113055 0.238779 0.115747 0.238779 0.117093 0.240575 0.119785 0.240575 0.125168 0.233393 0.130552 0.233393 0.135935 0.226212 0.110363 0.226212
