0 0.644684 0.863555 0.643338 0.86535 0.632571 0.86535 0.627187 0.872531 0.627187 0.874327 0.628533 0.876122 0.628533 0.881508 0.629879 0.883303 0.629879 0.886894 0.64603 0.886894 0.647376 0.885099 0.648721 0.885099 0.650067 0.883303 0.651413 0.883303 0.652759 0.881508 0.654105 0.881508 0.654105 0.876122 0.652759 0.874327 0.652759 0.868941 0.651413 0.868941 0.650067 0.867145 0.648721 0.867145 0.647376 0.86535 0.64603 0.86535
0 0.702557 0.621185 0.701211 0.62298 0.69852 0.62298 0.697174 0.624776 0.695828 0.624776 0.694482 0.626571 0.69179 0.626571 0.690444 0.628366 0.690444 0.630162 0.689098 0.631957 0.689098 0.633752 0.686406 0.637343 0.686406 0.639138 0.685061 0.640934 0.686406 0.640934 0.687752 0.642729 0.689098 0.642729 0.690444 0.644524 0.69179 0.644524 0.693136 0.64632 0.695828 0.64632 0.697174 0.648115 0.69852 0.648115 0.699865 0.64991 0.701211 0.64991 0.702557 0.651706 0.703903 0.651706 0.705249 0.653501 0.706595 0.651706 0.710633 0.651706 0.710633 0.644524 0.709287 0.642729 0.709287 0.633752 0.707941 0.631957 0.707941 0.630162 0.703903 0.624776 0.703903 0.62298
0 0.829071 0.594255 0.827725 0.59605 0.822342 0.59605 0.822342 0.605027 0.830417 0.605027 0.831763 0.603232 0.831763 0.601436 0.834455 0.597846 0.833109 0.597846 0.831763 0.59605 0.830417 0.59605
0 0.26245 0.508079 0.261104 0.509874 0.247645 0.509874 0.246299 0.51167 0.23284 0.51167 0.23284 0.513465 0.234186 0.51526 0.234186 0.517056 0.235532 0.51526 0.266487 0.51526 0.263795 0.51167 0.263795 0.509874
0 0.983849 0.473968 0.982503 0.475763 0.967699 0.475763 0.967699 0.481149 0.966353 0.482944 0.966353 0.48833 0.967699 0.48833 0.969044 0.490126 0.97039 0.490126 0.971736 0.491921 0.973082 0.491921 0.974428 0.493716 0.975774 0.493716 0.97712 0.495512 0.991925 0.495512 0.993271 0.497307 0.993271 0.490126 0.994616 0.48833 0.994616 0.482944 0.993271 0.482944 0.990579 0.479354 0.989233 0.479354 0.986541 0.475763 0.985195 0.475763
0 0.479139 0.473968 0.479139 0.475763 0.477793 0.477558 0.477793 0.481149 0.476447 0.482944 0.476447 0.490126 0.477793 0.491921 0.477793 0.497307 0.480485 0.497307 0.48183 0.499102 0.485868 0.499102 0.487214 0.500898 0.489906 0.500898 0.491252 0.502693 0.492598 0.500898 0.492598 0.499102 0.495289 0.495512 0.493943 0.493716 0.493943 0.491921 0.492598 0.490126 0.492598 0.48833 0.491252 0.486535 0.491252 0.48474 0.489906 0.482944 0.489906 0.481149 0.48856 0.479354 0.48856 0.477558 0.484522 0.477558 0.483176 0.475763 0.480485 0.475763
0 0.239569 0.456014 0.238223 0.45781 0.235532 0.45781 0.234186 0.459605 0.23284 0.459605 0.231494 0.4614 0.228802 0.4614 0.228802 0.468582 0.248991 0.468582 0.248991 0.4614 0.247645 0.4614 0.246299 0.459605 0.243607 0.459605 0.242261 0.45781 0.240915 0.45781
0 0.016151 0.337522 0.014805 0.339318 0.009421 0.339318 0.009421 0.341113 0.008075 0.342908 0.008075 0.344704 0.006729 0.346499 0.016151 0.346499 0.017497 0.348294 0.026918 0.348294 0.028264 0.35009 0.028264 0.342908 0.025572 0.342908 0.024226 0.341113 0.021534 0.341113 0.020188 0.339318 0.017497 0.339318
0 0.589502 0.314183 0.588156 0.315978 0.580081 0.315978 0.580081 0.321364 0.581427 0.32316 0.581427 0.328546 0.584118 0.328546 0.585464 0.330341 0.588156 0.330341 0.589502 0.332136 0.589502 0.328546 0.590848 0.32675 0.590848 0.321364 0.589502 0.319569
0 0.244953 0.303411 0.235532 0.315978 0.235532 0.317774 0.224764 0.332136 0.22611 0.330341 0.239569 0.330341 0.240915 0.328546 0.25572 0.328546 0.25572 0.32316 0.254374 0.321364 0.254374 0.314183 0.251682 0.310592 0.250336 0.310592
1 0.228802 0.912029 0.218035 0.926391 0.216689 0.926391 0.208614 0.937163 0.211306 0.940754 0.215343 0.935368 0.216689 0.935368 0.223419 0.926391 0.224764 0.926391 0.231494 0.917415 0.23284 0.917415 0.235532 0.913824 0.230148 0.913824
1 0.572005 0.83842 0.572005 0.840215 0.570659 0.842011 0.570659 0.843806 0.574697 0.843806 0.576043 0.845601 0.578735 0.845601 0.580081 0.847397 0.584118 0.847397 0.585464 0.849192 0.588156 0.849192 0.589502 0.850987 0.59354 0.850987 0.594886 0.852783 0.597577 0.852783 0.598923 0.854578 0.648721 0.854578 0.650067 0.856373 0.650067 0.852783 0.625841 0.852783 0.624495 0.850987 0.601615 0.850987 0.600269 0.849192 0.596231 0.849192 0.594886 0.847397 0.592194 0.847397 0.590848 0.845601 0.58681 0.845601 0.585464 0.843806 0.582773 0.843806 0.581427 0.842011 0.577389 0.842011 0.576043 0.840215 0.573351 0.840215
1 0.862719 0.675045 0.861373 0.67684 0.851952 0.67684 0.850606 0.678636 0.829071 0.678636 0.827725 0.680431 0.823688 0.680431 0.822342 0.682226 0.81965 0.682226 0.818304 0.684022 0.814266 0.684022 0.812921 0.685817 0.812921 0.687612 0.810229 0.691203 0.810229 0.692998 0.808883 0.694794 0.810229 0.696589 0.811575 0.696589 0.814266 0.70018 0.815612 0.698384 0.818304 0.698384 0.81965 0.696589 0.822342 0.696589 0.823688 0.694794 0.827725 0.694794 0.829071 0.692998 0.843876 0.692998 0.845222 0.694794 0.846568 0.692998 0.853297 0.692998 0.854643 0.691203 0.862719 0.691203 0.86541 0.694794 0.86541 0.696589 0.868102 0.70018 0.87214 0.70018 0.873486 0.701975 0.877524 0.701975 0.878869 0.70377 0.881561 0.70377 0.882907 0.705566 0.885599 0.705566 0.889637 0.710952 0.889637 0.712747 0.892328 0.716338 0.893674 0.714542 0.896366 0.714542 0.897712 0.712747 0.899058 0.712747 0.900404 0.710952 0.903096 0.710952 0.904441 0.712747 0.904441 0.714542 0.907133 0.718133 0.907133 0.719928 0.909825 0.723519 0.909825 0.725314 0.915209 0.732496 0.915209 0.734291 0.919246 0.739677 0.920592 0.739677 0.921938 0.741472 0.923284 0.741472 0.92463 0.743268 0.92463 0.752244 0.923284 0.754039 0.923284 0.761221 0.92463 0.759425 0.925976 0.759425 0.927322 0.75763 0.930013 0.75763 0.931359 0.755835 0.932705 0.755835 0.934051 0.754039 0.935397 0.754039 0.936743 0.752244 0.939435 0.752244 0.940781 0.750449 0.942127 0.750449 0.942127 0.748654 0.940781 0.746858 0.940781 0.745063 0.939435 0.743268 0.939435 0.741472 0.938089 0.739677 0.938089 0.737882 0.936743 0.736086 0.936743 0.734291 0.935397 0.732496 0.936743 0.7307 0.939435 0.7307 0.940781 0.732496 0.940781 0.72711 0.942127 0.725314 0.942127 0.721724 0.944818 0.718133 0.946164 0.718133 0.950202 0.712747 0.951548 0.712747 0.952894 0.710952 0.952894 0.709156 0.95424 0.707361 0.95424 0.705566 0.955585 0.70377 0.948856 0.70377 0.94751 0.701975 0.940781 0.701975 0.939435 0.70018 0.939435 0.705566 0.938089 0.707361 0.938089 0.710952 0.935397 0.714542 0.934051 0.714542 0.931359 0.718133 0.930013 0.718133 0.927322 0.721724 0.92463 0.721724 0.921938 0.718133 0.920592 0.718133 0.9179 0.714542 0.916555 0.714542 0.913863 0.710952 0.912517 0.710952 0.909825 0.707361 0.908479 0.707361 0.907133 0.705566 0.905787 0.705566 0.903096 0.701975 0.90175 0.701975 0.900404 0.70018 0.899058 0.701975 0.897712 0.701975 0.896366 0.70377 0.89502 0.70377 0.893674 0.705566 0.892328 0.705566 0.886945 0.698384 0.886945 0.694794 0.885599 0.692998 0.885599 0.689408 0.873486 0.689408 0.87214 0.687612 0.87214 0.685817 0.870794 0.684022 0.870794 0.682226 0.869448 0.682226 0.866756 0.678636 0.86541 0.678636
1 0.659489 0.522442 0.66218 0.526032 0.66218 0.527828 0.66891 0.536804 0.66891 0.5386 0.674293 0.545781 0.674293 0.547576 0.676985 0.551167 0.676985 0.554758 0.675639 0.556553 0.675639 0.561939 0.674293 0.563734 0.674293 0.567325 0.676985 0.567325 0.678331 0.56912 0.679677 0.56912 0.681023 0.570916 0.681023 0.572711 0.679677 0.574506 0.679677 0.578097 0.678331 0.579892 0.678331 0.581688 0.682369 0.587074 0.681023 0.588869 0.681023 0.590664 0.678331 0.594255 0.678331 0.59605 0.676985 0.597846 0.679677 0.601436 0.681023 0.601436 0.686406 0.608618 0.687752 0.606822 0.69179 0.606822 0.693136 0.605027 0.697174 0.605027 0.69852 0.603232 0.699865 0.603232 0.701211 0.601436 0.702557 0.601436 0.703903 0.599641 0.705249 0.599641 0.703903 0.597846 0.702557 0.597846 0.69852 0.59246 0.69852 0.588869 0.697174 0.587074 0.697174 0.581688 0.702557 0.574506 0.701211 0.574506 0.699865 0.572711 0.69852 0.572711 0.697174 0.570916 0.695828 0.570916 0.694482 0.56912 0.693136 0.56912 0.69179 0.567325 0.69179 0.56553 0.693136 0.563734 0.693136 0.561939 0.694482 0.560144 0.694482 0.558348 0.695828 0.556553 0.695828 0.554758 0.697174 0.552962 0.693136 0.552962 0.69179 0.551167 0.689098 0.551167 0.687752 0.549372 0.683715 0.549372 0.663526 0.522442
1 0.122476 0.51167 0.119785 0.51526 0.122476 0.518851 0.123822 0.518851 0.130552 0.527828 0.130552 0.529623 0.131898 0.531418 0.131898 0.533214 0.133244 0.535009 0.133244 0.536804 0.13459 0.536804 0.135935 0.5386 0.137281 0.5386 0.138627 0.540395 0.139973 0.540395 0.142665 0.543986 0.144011 0.543986 0.145357 0.545781 0.146703 0.545781 0.15074 0.551167 0.15074 0.552962 0.156124 0.560144 0.156124 0.561939 0.158816 0.56553 0.158816 0.581688 0.15747 0.583483 0.156124 0.583483 0.154778 0.585278 0.152086 0.585278 0.15074 0.587074 0.149394 0.587074 0.148048 0.588869 0.145357 0.588869 0.145357 0.594255 0.146703 0.59605 0.146703 0.601436 0.15747 0.601436 0.158816 0.603232 0.162853 0.603232 0.164199 0.605027 0.166891 0.605027 0.168237 0.606822 0.169583 0.605027 0.170929 0.605027 0.172275 0.603232 0.17362 0.603232 0.174966 0.601436 0.176312 0.601436 0.177658 0.599641 0.179004 0.599641 0.18035 0.597846 0.181696 0.597846 0.183042 0.59605 0.184388 0.59605 0.185734 0.594255 0.187079 0.594255 0.188425 0.59246 0.189771 0.59246 0.191117 0.590664 0.192463 0.590664 0.193809 0.588869 0.195155 0.588869 0.196501 0.587074 0.197847 0.587074 0.199192 0.585278 0.200538 0.585278 0.200538 0.583483 0.199192 0.581688 0.199192 0.578097 0.197847 0.579892 0.196501 0.579892 0.195155 0.581688 0.193809 0.581688 0.191117 0.585278 0.189771 0.585278 0.188425 0.587074 0.187079 0.587074 0.185734 0.588869 0.183042 0.588869 0.181696 0.587074 0.18035 0.587074 0.179004 0.585278 0.181696 0.581688 0.183042 0.581688 0.188425 0.574506 0.189771 0.574506 0.193809 0.56912 0.195155 0.56912 0.196501 0.567325 0.197847 0.56912 0.199192 0.56912 0.204576 0.576302 0.205922 0.576302 0.208614 0.579892 0.213997 0.579892 0.215343 0.581688 0.215343 0.590664 0.216689 0.588869 0.220727 0.588869 0.222073 0.587074 0.238223 0.587074 0.239569 0.588869 0.240915 0.587074 0.243607 0.587074 0.244953 0.585278 0.247645 0.585278 0.248991 0.583483 0.250336 0.583483 0.251682 0.581688 0.254374 0.581688 0.25572 0.579892 0.258412 0.579892 0.259758 0.578097 0.26245 0.578097 0.265141 0.574506 0.266487 0.574506 0.269179 0.570916 0.270525 0.570916 0.265141 0.563734 0.263795 0.56553 0.26245 0.56553 0.261104 0.567325 0.248991 0.567325 0.247645 0.56553 0.246299 0.56553 0.242261 0.560144 0.239569 0.563734 0.238223 0.563734 0.236878 0.56553 0.235532 0.56553 0.23284 0.56912 0.231494 0.56912 0.230148 0.570916 0.228802 0.570916 0.22611 0.574506 0.223419 0.574506 0.222073 0.572711 0.220727 0.572711 0.219381 0.570916 0.218035 0.570916 0.216689 0.56912 0.213997 0.56912 0.212651 0.567325 0.211306 0.567325 0.20996 0.56553 0.208614 0.56553 0.207268 0.563734 0.205922 0.563734 0.204576 0.561939 0.204576 0.551167 0.20323 0.552962 0.185734 0.552962 0.181696 0.558348 0.181696 0.560144 0.176312 0.567325 0.172275 0.567325 0.170929 0.56553 0.168237 0.56553 0.165545 0.561939 0.165545 0.560144 0.164199 0.558348 0.164199 0.556553 0.162853 0.554758 0.162853 0.552962 0.160162 0.549372 0.160162 0.547576 0.158816 0.545781 0.158816 0.543986 0.15747 0.54219 0.15747 0.540395 0.156124 0.5386 0.156124 0.536804 0.15747 0.535009 0.15747 0.531418 0.156124 0.529623 0.156124 0.526032 0.139973 0.526032 0.138627 0.524237 0.137281 0.524237 0.13459 0.520646 0.133244 0.520646 0.131898 0.518851 0.130552 0.518851 0.129206 0.517056 0.12786 0.517056 0.125168 0.513465 0.123822 0.513465
1 0.427995 0.495512 0.426649 0.497307 0.422611 0.497307 0.422611 0.499102 0.423957 0.500898 0.423957 0.502693 0.425303 0.504488 0.425303 0.508079 0.426649 0.509874 0.425303 0.51167 0.422611 0.51167 0.419919 0.51526 0.419919 0.517056 0.417227 0.520646 0.417227 0.522442 0.418573 0.524237 0.418573 0.526032 0.419919 0.527828 0.419919 0.531418 0.421265 0.533214 0.421265 0.535009 0.422611 0.535009 0.425303 0.5386 0.426649 0.5386 0.429341 0.54219 0.430686 0.540395 0.432032 0.540395 0.433378 0.5386 0.434724 0.5386 0.434724 0.517056 0.43607 0.51526 0.43607 0.51167 0.437416 0.509874 0.437416 0.508079
1 0.573351 0.482944 0.572005 0.48474 0.567968 0.48474 0.566622 0.486535 0.56393 0.486535 0.562584 0.48833 0.558546 0.48833 0.557201 0.490126 0.554509 0.490126 0.553163 0.491921 0.549125 0.491921 0.547779 0.493716 0.545087 0.493716 0.543742 0.495512 0.539704 0.495512 0.538358 0.497307 0.535666 0.497307 0.53432 0.499102 0.503365 0.499102 0.503365 0.513465 0.502019 0.51526 0.492598 0.51526 0.492598 0.518851 0.493943 0.520646 0.493943 0.526032 0.495289 0.524237 0.500673 0.524237 0.502019 0.522442 0.507402 0.522442 0.508748 0.520646 0.515478 0.520646 0.516824 0.518851 0.522207 0.518851 0.522207 0.513465 0.523553 0.51167 0.523553 0.509874 0.524899 0.508079 0.531629 0.508079 0.532974 0.509874 0.530283 0.513465 0.530283 0.51526 0.524899 0.522442 0.523553 0.522442 0.522207 0.524237 0.520861 0.524237 0.519515 0.526032 0.51817 0.526032 0.516824 0.527828 0.515478 0.527828 0.512786 0.531418 0.51144 0.531418 0.510094 0.533214 0.508748 0.533214 0.507402 0.535009 0.506057 0.535009 0.504711 0.536804 0.503365 0.536804 0.504711 0.536804 0.506057 0.5386 0.507402 0.5386 0.508748 0.540395 0.510094 0.5386 0.51144 0.5386 0.512786 0.536804 0.514132 0.536804 0.516824 0.533214 0.51817 0.533214 0.519515 0.531418 0.520861 0.531418 0.522207 0.529623 0.523553 0.529623 0.524899 0.527828 0.526245 0.527828 0.527591 0.526032 0.528937 0.526032 0.531629 0.522442 0.532974 0.522442 0.53432 0.520646 0.535666 0.520646 0.543742 0.509874 0.543742 0.504488 0.545087 0.502693 0.545087 0.497307 0.546433 0.495512 0.550471 0.495512 0.551817 0.493716 0.557201 0.493716 0.558546 0.491921 0.562584 0.491921 0.56393 0.490126 0.569314 0.490126 0.570659 0.48833 0.574697 0.48833 0.574697 0.486535 0.573351 0.48474
1 0.913863 0.445242 0.913863 0.450628 0.9179 0.450628 0.919246 0.452424 0.921938 0.452424 0.923284 0.454219 0.927322 0.454219 0.928668 0.456014 0.931359 0.456014 0.934051 0.459605 0.935397 0.459605 0.938089 0.463196 0.938089 0.464991 0.936743 0.466786 0.936743 0.468582 0.935397 0.470377 0.935397 0.473968 0.936743 0.475763 0.936743 0.477558 0.938089 0.479354 0.936743 0.481149 0.927322 0.481149 0.925976 0.479354 0.92463 0.481149 0.920592 0.481149 0.919246 0.482944 0.912517 0.482944 0.911171 0.481149 0.907133 0.481149 0.905787 0.479354 0.903096 0.479354 0.90175 0.477558 0.890983 0.477558 0.889637 0.475763 0.880215 0.475763 0.878869 0.473968 0.878869 0.479354 0.897712 0.479354 0.899058 0.481149 0.900404 0.481149 0.90175 0.482944 0.903096 0.482944 0.905787 0.486535 0.907133 0.486535 0.908479 0.48833 0.925976 0.48833 0.928668 0.491921 0.928668 0.493716 0.930013 0.495512 0.931359 0.493716 0.934051 0.493716 0.935397 0.491921 0.938089 0.491921 0.939435 0.490126 0.942127 0.490126 0.943472 0.48833 0.944818 0.48833 0.946164 0.486535 0.94751 0.486535 0.948856 0.48474 0.950202 0.48474 0.946164 0.479354 0.946164 0.477558 0.943472 0.473968 0.943472 0.472172 0.944818 0.470377 0.944818 0.468582 0.946164 0.466786 0.946164 0.464991 0.94751 0.463196 0.94751 0.4614 0.948856 0.459605 0.950202 0.459605 0.952894 0.456014 0.95424 0.456014 0.952894 0.456014 0.950202 0.452424 0.938089 0.452424 0.936743 0.450628 0.930013 0.450628 0.928668 0.448833 0.923284 0.448833 0.921938 0.447038 0.915209 0.447038
1 0.090175 0.420108 0.088829 0.421903 0.087483 0.421903 0.086137 0.423698 0.084791 0.423698 0.083445 0.425494 0.0821 0.425494 0.080754 0.427289 0.079408 0.427289 0.078062 0.429084 0.076716 0.429084 0.07537 0.43088 0.074024 0.43088 0.072678 0.432675 0.071332 0.432675 0.069987 0.43447 0.068641 0.43447 0.067295 0.436266 0.065949 0.436266 0.064603 0.438061 0.063257 0.438061 0.061911 0.439856 0.060565 0.439856 0.059219 0.441652 0.057873 0.441652 0.056528 0.443447 0.055182 0.443447 0.053836 0.445242 0.05249 0.445242 0.051144 0.447038 0.049798 0.447038 0.048452 0.448833 0.047106 0.448833 0.04576 0.450628 0.043069 0.450628 0.041723 0.452424 0.040377 0.452424 0.039031 0.454219 0.037685 0.454219 0.036339 0.456014 0.034993 0.456014 0.033647 0.45781 0.032301 0.45781 0.030956 0.459605 0.02961 0.459605 0.028264 0.4614 0.026918 0.4614 0.025572 0.463196 0.024226 0.463196 0.02288 0.464991 0.021534 0.464991 0.020188 0.466786 0.018843 0.466786 0.017497 0.468582 0.016151 0.468582 0.014805 0.470377 0.013459 0.470377 0.012113 0.472172 0.010767 0.472172 0.009421 0.473968 0.008075 0.473968 0.006729 0.475763 0.005384 0.475763 0.004038 0.477558 0.002692 0.477558 0.001346 0.479354 0.0 0.479354 0.0 0.486535 0.001346 0.48474 0.002692 0.48474 0.004038 0.482944 0.005384 0.482944 0.006729 0.481149 0.008075 0.481149 0.009421 0.479354 0.010767 0.479354 0.012113 0.477558 0.013459 0.477558 0.014805 0.475763 0.016151 0.475763 0.017497 0.473968 0.018843 0.473968 0.020188 0.472172 0.021534 0.472172 0.02288 0.470377 0.024226 0.470377 0.025572 0.468582 0.026918 0.468582 0.028264 0.466786 0.02961 0.466786 0.030956 0.464991 0.032301 0.464991 0.033647 0.463196 0.034993 0.463196 0.036339 0.4614 0.037685 0.4614 0.039031 0.459605 0.040377 0.459605 0.041723 0.45781 0.043069 0.45781 0.044415 0.456014 0.04576 0.456014 0.047106 0.454219 0.049798 0.454219 0.051144 0.452424 0.05249 0.452424 0.053836 0.450628 0.055182 0.450628 0.056528 0.448833 0.057873 0.448833 0.059219 0.447038 0.060565 0.447038 0.061911 0.445242 0.063257 0.445242 0.064603 0.443447 0.065949 0.443447 0.067295 0.441652 0.068641 0.441652 0.069987 0.439856 0.071332 0.439856 0.072678 0.438061 0.074024 0.438061 0.07537 0.436266 0.076716 0.436266 0.078062 0.43447 0.079408 0.43447 0.080754 0.432675 0.0821 0.432675 0.083445 0.43088 0.084791 0.43088 0.086137 0.429084 0.087483 0.429084 0.088829 0.427289 0.090175 0.427289 0.091521 0.425494 0.092867 0.425494 0.091521 0.423698 0.091521 0.421903
1 0.107672 0.303411 0.106326 0.305206 0.107672 0.307002 0.107672 0.308797 0.110363 0.312388 0.110363 0.314183 0.109017 0.315978 0.096904 0.315978 0.095559 0.314183 0.083445 0.314183 0.083445 0.315978 0.084791 0.317774 0.084791 0.324955 0.086137 0.32675 0.086137 0.332136 0.087483 0.333932 0.087483 0.335727 0.113055 0.335727 0.113055 0.330341 0.114401 0.328546 0.114401 0.319569 0.115747 0.317774 0.117093 0.319569 0.153432 0.319569 0.154778 0.317774 0.156124 0.317774 0.15747 0.315978 0.160162 0.315978 0.15747 0.312388 0.15747 0.310592 0.154778 0.307002 0.125168 0.307002 0.123822 0.305206 0.117093 0.305206 0.115747 0.303411
