0 0.670256 0.938959 0.670256 0.94614 0.678331 0.94614 0.678331 0.938959
0 0.81965 0.924596 0.823688 0.929982 0.825034 0.929982 0.833109 0.940754 0.834455 0.940754 0.839838 0.947935 0.84253 0.944345 0.841184 0.942549 0.839838 0.942549 0.835801 0.937163 0.834455 0.937163 0.831763 0.933573 0.830417 0.933573 0.82638 0.928187 0.825034 0.928187 0.822342 0.924596
0 0.407806 0.921005 0.40646 0.922801 0.398385 0.922801 0.397039 0.924596 0.387618 0.924596 0.39031 0.924596 0.391655 0.926391 0.393001 0.926391 0.394347 0.928187 0.397039 0.928187 0.398385 0.929982 0.399731 0.929982 0.401077 0.931777 0.403769 0.928187 0.403769 0.926391
0 0.94751 0.912029 0.94751 0.915619 0.946164 0.917415 0.946164 0.91921 0.950202 0.91921 0.951548 0.921005 0.95424 0.921005 0.955585 0.922801 0.955585 0.921005 0.956931 0.91921 0.956931 0.917415 0.958277 0.915619 0.958277 0.913824 0.959623 0.912029
0 0.297443 0.899461 0.298789 0.901257 0.298789 0.903052 0.300135 0.904847 0.300135 0.906643 0.30148 0.908438 0.30148 0.910233 0.310902 0.910233 0.312248 0.912029 0.312248 0.910233 0.310902 0.908438 0.310902 0.906643 0.309556 0.904847 0.309556 0.903052 0.30821 0.901257 0.30821 0.899461
0 0.117093 0.895871 0.115747 0.897666 0.114401 0.897666 0.113055 0.899461 0.110363 0.899461 0.114401 0.904847 0.115747 0.903052 0.119785 0.903052 0.119785 0.899461
0 0.690444 0.879713 0.687752 0.883303 0.686406 0.883303 0.685061 0.885099 0.686406 0.885099 0.689098 0.888689 0.690444 0.888689 0.69179 0.890485 0.695828 0.885099 0.694482 0.883303 0.693136 0.883303
0 0.485868 0.879713 0.485868 0.886894 0.491252 0.886894 0.492598 0.888689 0.492598 0.885099 0.493943 0.883303 0.493943 0.879713
0 0.343203 0.856373 0.341857 0.858169 0.335128 0.858169 0.335128 0.859964 0.336474 0.861759 0.336474 0.863555 0.33782 0.86535 0.33782 0.868941 0.339166 0.870736 0.339166 0.872531 0.340511 0.872531 0.343203 0.876122 0.344549 0.876122 0.347241 0.879713 0.348587 0.879713 0.349933 0.881508 0.349933 0.867145 0.345895 0.861759 0.345895 0.859964
0 0.77389 0.852783 0.771198 0.856373 0.771198 0.858169 0.76716 0.863555 0.76716 0.86535 0.765814 0.867145 0.765814 0.872531 0.764468 0.874327 0.764468 0.876122 0.76716 0.876122 0.768506 0.877917 0.768506 0.874327 0.769852 0.872531 0.769852 0.867145 0.771198 0.86535 0.771198 0.863555 0.777927 0.854578 0.775236 0.854578
0 0.399731 0.779174 0.399731 0.780969 0.401077 0.782765 0.401077 0.78456 0.414536 0.78456 0.415882 0.786355 0.427995 0.786355 0.429341 0.788151 0.429341 0.786355 0.430686 0.78456 0.422611 0.78456 0.421265 0.782765 0.414536 0.782765 0.41319 0.780969 0.401077 0.780969
0 0.524899 0.761221 0.512786 0.777379 0.515478 0.780969 0.520861 0.773788 0.520861 0.771993 0.526245 0.764811 0.524899 0.763016
0 0.177658 0.70018 0.176312 0.701975 0.17362 0.701975 0.172275 0.70377 0.169583 0.70377 0.168237 0.705566 0.164199 0.705566 0.179004 0.705566 0.179004 0.70377 0.177658 0.701975
0 0.833109 0.698384 0.833109 0.70018 0.831763 0.701975 0.831763 0.70377 0.830417 0.705566 0.841184 0.705566 0.84253 0.707361 0.84253 0.70377 0.841184 0.701975 0.841184 0.698384
0 0.656797 0.671454 0.656797 0.67684 0.664872 0.67684 0.664872 0.671454
0 0.442799 0.644524 0.440108 0.648115 0.438762 0.648115 0.43607 0.651706 0.434724 0.651706 0.433378 0.653501 0.43607 0.657092 0.43607 0.658887 0.440108 0.664273 0.440108 0.666068 0.441454 0.667864 0.442799 0.667864 0.444145 0.669659 0.445491 0.669659 0.448183 0.67325 0.449529 0.67325 0.450875 0.675045 0.452221 0.675045 0.453567 0.67684 0.454913 0.675045 0.462988 0.675045 0.464334 0.67325 0.484522 0.67325 0.485868 0.675045 0.485868 0.67325 0.487214 0.671454 0.487214 0.669659 0.484522 0.666068 0.483176 0.666068 0.479139 0.660682 0.477793 0.662478 0.475101 0.662478 0.473755 0.664273 0.457604 0.664273 0.456258 0.662478 0.457604 0.660682 0.457604 0.658887 0.456258 0.657092 0.456258 0.655296 0.453567 0.651706 0.453567 0.64991 0.452221 0.648115 0.452221 0.64632 0.450875 0.644524
0 0.40646 0.631957 0.402423 0.637343 0.401077 0.637343 0.399731 0.639138 0.401077 0.639138 0.403769 0.642729 0.405114 0.642729 0.40646 0.644524 0.407806 0.642729 0.41319 0.642729 0.41319 0.640934 0.414536 0.639138 0.414536 0.637343 0.415882 0.635548 0.411844 0.635548 0.410498 0.633752 0.407806 0.633752
0 0.379542 0.628366 0.378197 0.630162 0.376851 0.630162 0.375505 0.631957 0.372813 0.631957 0.372813 0.633752 0.371467 0.635548 0.371467 0.637343 0.370121 0.639138 0.370121 0.640934 0.368775 0.642729 0.370121 0.644524 0.370121 0.64632 0.371467 0.648115 0.371467 0.64991 0.372813 0.651706 0.372813 0.653501 0.380888 0.653501 0.380888 0.651706 0.379542 0.64991 0.379542 0.64632 0.378197 0.64632 0.375505 0.642729 0.382234 0.633752 0.380888 0.631957 0.380888 0.630162
0 0.951548 0.615799 0.950202 0.617594 0.942127 0.617594 0.943472 0.61939 0.944818 0.61939 0.94751 0.62298 0.948856 0.62298 0.951548 0.626571 0.952894 0.624776 0.95424 0.624776 0.955585 0.62298 0.956931 0.62298 0.958277 0.621185 0.959623 0.621185 0.958277 0.621185 0.956931 0.61939 0.955585 0.61939 0.95424 0.617594 0.952894 0.617594
0 0.293405 0.610413 0.292059 0.612208 0.290713 0.612208 0.289367 0.614004 0.286676 0.614004 0.28533 0.615799 0.283984 0.615799 0.282638 0.617594 0.279946 0.617594 0.281292 0.61939 0.281292 0.621185 0.282638 0.62298 0.282638 0.624776 0.283984 0.626571 0.283984 0.628366 0.292059 0.628366 0.293405 0.630162 0.298789 0.62298 0.296097 0.61939 0.296097 0.617594 0.294751 0.615799 0.294751 0.614004 0.293405 0.612208
0 0.441454 0.59605 0.441454 0.599641 0.440108 0.601436 0.440108 0.608618 0.441454 0.610413 0.441454 0.61939 0.442799 0.621185 0.442799 0.626571 0.444145 0.624776 0.480485 0.624776 0.480485 0.62298 0.48183 0.621185 0.48183 0.615799 0.483176 0.614004 0.483176 0.612208 0.48183 0.612208 0.480485 0.610413 0.479139 0.610413 0.477793 0.608618 0.476447 0.608618 0.475101 0.606822 0.475101 0.605027 0.473755 0.603232 0.473755 0.599641 0.472409 0.597846 0.472409 0.59605
0 0.79677 0.572711 0.795424 0.574506 0.795424 0.576302 0.794078 0.578097 0.794078 0.579892 0.792732 0.581688 0.794078 0.579892 0.806191 0.579892 0.810229 0.574506 0.798116 0.574506
0 0.514132 0.517056 0.512786 0.518851 0.510094 0.518851 0.508748 0.520646 0.507402 0.520646 0.506057 0.522442 0.503365 0.522442 0.504711 0.524237 0.504711 0.526032 0.507402 0.529623 0.507402 0.531418 0.508748 0.533214 0.520861 0.533214 0.520861 0.527828 0.522207 0.526032 0.522207 0.522442 0.520861 0.522442 0.519515 0.520646 0.51817 0.520646 0.516824 0.518851 0.515478 0.518851
1 0.84926 0.888689 0.84926 0.89228 0.851952 0.89228 0.853297 0.894075 0.857335 0.894075 0.858681 0.895871 0.861373 0.895871 0.862719 0.897666 0.86541 0.897666 0.866756 0.899461 0.868102 0.899461 0.869448 0.901257 0.87214 0.901257 0.873486 0.903052 0.874832 0.903052 0.876178 0.904847 0.878869 0.904847 0.880215 0.906643 0.881561 0.906643 0.888291 0.915619 0.888291 0.917415 0.893674 0.924596 0.89502 0.922801 0.896366 0.922801 0.896366 0.921005 0.89502 0.91921 0.89502 0.915619 0.893674 0.913824 0.893674 0.912029 0.892328 0.910233 0.890983 0.910233 0.888291 0.906643 0.886945 0.906643 0.884253 0.903052 0.882907 0.903052 0.880215 0.899461 0.876178 0.899461 0.874832 0.897666 0.870794 0.897666 0.869448 0.895871 0.86541 0.895871 0.864065 0.894075 0.861373 0.894075 0.860027 0.89228 0.855989 0.89228 0.854643 0.890485 0.850606 0.890485
1 0.818304 0.876122 0.812921 0.883303 0.811575 0.883303 0.808883 0.886894 0.810229 0.886894 0.811575 0.888689 0.812921 0.888689 0.815612 0.89228 0.816958 0.89228 0.818304 0.894075 0.81965 0.894075 0.820996 0.895871 0.823688 0.89228 0.823688 0.890485 0.827725 0.885099 0.82638 0.883303 0.825034 0.883303 0.822342 0.879713 0.820996 0.879713
1 0.133244 0.833034 0.133244 0.834829 0.131898 0.836625 0.131898 0.840215 0.130552 0.842011 0.130552 0.843806 0.129206 0.845601 0.129206 0.847397 0.141319 0.847397 0.142665 0.849192 0.144011 0.847397 0.144011 0.845601 0.146703 0.842011 0.146703 0.840215 0.148048 0.83842 0.144011 0.83842 0.142665 0.836625 0.139973 0.836625 0.138627 0.834829 0.13459 0.834829
1 0.35397 0.793537 0.352624 0.795332 0.351279 0.795332 0.349933 0.797127 0.347241 0.797127 0.345895 0.798923 0.344549 0.798923 0.344549 0.800718 0.345895 0.802513 0.345895 0.804309 0.347241 0.806104 0.347241 0.807899 0.348587 0.809695 0.348587 0.81149 0.351279 0.815081 0.351279 0.816876 0.352624 0.818671 0.352624 0.820467 0.35397 0.822262 0.355316 0.822262 0.358008 0.825853 0.359354 0.824057 0.3607 0.824057 0.362046 0.822262 0.363392 0.822262 0.349933 0.804309 0.349933 0.798923 0.351279 0.797127 0.363392 0.797127 0.362046 0.795332 0.362046 0.793537
1 0.864065 0.780969 0.862719 0.782765 0.861373 0.782765 0.860027 0.78456 0.857335 0.78456 0.855989 0.786355 0.854643 0.786355 0.853297 0.788151 0.816958 0.788151 0.815612 0.786355 0.811575 0.786355 0.810229 0.78456 0.810229 0.789946 0.822342 0.789946 0.823688 0.791741 0.834455 0.791741 0.835801 0.793537 0.835801 0.797127 0.839838 0.797127 0.841184 0.798923 0.84253 0.797127 0.84253 0.795332 0.845222 0.791741 0.84926 0.791741 0.850606 0.789946 0.855989 0.789946 0.857335 0.788151 0.861373 0.788151 0.864065 0.791741 0.864065 0.793537 0.86541 0.795332 0.868102 0.795332 0.869448 0.797127 0.870794 0.797127 0.87214 0.798923 0.874832 0.798923 0.876178 0.800718 0.877524 0.800718 0.880215 0.804309 0.880215 0.806104 0.884253 0.81149 0.884253 0.813285 0.886945 0.816876 0.888291 0.816876 0.893674 0.824057 0.89502 0.824057 0.897712 0.827648 0.899058 0.825853 0.900404 0.825853 0.899058 0.824057 0.899058 0.822262 0.896366 0.818671 0.896366 0.816876 0.893674 0.813285 0.893674 0.81149 0.890983 0.807899 0.890983 0.806104 0.889637 0.804309 0.889637 0.802513 0.888291 0.800718 0.888291 0.798923 0.886945 0.797127 0.886945 0.795332 0.881561 0.795332 0.880215 0.793537 0.876178 0.793537 0.873486 0.789946 0.87214 0.789946 0.868102 0.78456 0.866756 0.78456
1 0.030956 0.770197 0.02961 0.771993 0.010767 0.771993 0.010767 0.780969 0.012113 0.779174 0.030956 0.779174 0.033647 0.775583 0.032301 0.773788 0.032301 0.771993
1 0.057873 0.750449 0.056528 0.752244 0.05249 0.752244 0.051144 0.754039 0.048452 0.754039 0.047106 0.755835 0.043069 0.755835 0.043069 0.763016 0.044415 0.761221 0.064603 0.761221 0.064603 0.759425 0.063257 0.75763 0.063257 0.754039 0.061911 0.754039 0.060565 0.752244 0.059219 0.752244
1 0.057873 0.728905 0.056528 0.7307 0.055182 0.7307 0.053836 0.732496 0.05249 0.732496 0.051144 0.734291 0.049798 0.734291 0.05249 0.737882 0.05249 0.739677 0.053836 0.741472 0.055182 0.739677 0.07537 0.739677 0.076716 0.737882 0.078062 0.737882 0.076716 0.736086 0.076716 0.734291 0.07537 0.734291 0.072678 0.7307 0.071332 0.7307 0.069987 0.728905
1 0.102288 0.698384 0.088829 0.716338 0.096904 0.716338 0.09825 0.718133 0.106326 0.718133 0.107672 0.719928 0.109017 0.718133 0.113055 0.718133 0.114401 0.716338 0.118439 0.716338 0.119785 0.714542 0.121131 0.714542 0.122476 0.712747 0.123822 0.712747 0.125168 0.710952 0.126514 0.710952 0.12786 0.709156 0.129206 0.709156 0.129206 0.707361 0.12786 0.705566 0.12786 0.70377 0.126514 0.701975 0.126514 0.70018 0.103634 0.70018
1 0.605653 0.694794 0.605653 0.696589 0.606999 0.698384 0.606999 0.70018 0.611036 0.70018 0.612382 0.701975 0.61642 0.701975 0.617766 0.70377 0.620458 0.70377 0.621803 0.705566 0.625841 0.705566 0.627187 0.707361 0.628533 0.705566 0.628533 0.701975 0.627187 0.701975 0.625841 0.70018 0.624495 0.70018 0.623149 0.698384 0.615074 0.698384 0.613728 0.696589 0.606999 0.696589
1 0.244953 0.64991 0.239569 0.657092 0.254374 0.657092 0.25572 0.658887 0.25572 0.653501 0.251682 0.653501 0.250336 0.651706 0.246299 0.651706
1 0.66218 0.608618 0.660834 0.610413 0.659489 0.610413 0.656797 0.614004 0.655451 0.614004 0.652759 0.617594 0.650067 0.617594 0.647376 0.614004 0.64603 0.614004 0.644684 0.612208 0.640646 0.617594 0.64603 0.624776 0.647376 0.62298 0.654105 0.62298 0.655451 0.621185 0.663526 0.621185 0.670256 0.612208 0.667564 0.612208 0.666218 0.610413 0.663526 0.610413
1 0.33109 0.581688 0.329744 0.583483 0.323015 0.583483 0.321669 0.585278 0.314939 0.585278 0.313594 0.587074 0.306864 0.587074 0.306864 0.588869 0.30821 0.590664 0.30821 0.594255 0.309556 0.59246 0.320323 0.59246 0.321669 0.590664 0.333782 0.590664 0.335128 0.59246 0.33782 0.59246 0.339166 0.594255 0.340511 0.594255 0.341857 0.59605 0.343203 0.594255 0.347241 0.594255 0.348587 0.59246 0.35397 0.59246 0.352624 0.590664 0.351279 0.590664 0.348587 0.587074 0.347241 0.587074 0.344549 0.583483 0.332436 0.583483
1 0.179004 0.576302 0.177658 0.578097 0.176312 0.578097 0.174966 0.579892 0.17362 0.579892 0.172275 0.581688 0.170929 0.581688 0.172275 0.581688 0.17362 0.583483 0.174966 0.583483 0.176312 0.585278 0.179004 0.585278 0.18035 0.587074 0.181696 0.587074 0.183042 0.588869 0.184388 0.588869 0.185734 0.590664 0.187079 0.588869 0.188425 0.588869 0.189771 0.587074 0.192463 0.587074 0.193809 0.585278 0.195155 0.585278 0.193809 0.583483 0.193809 0.581688 0.192463 0.579892 0.187079 0.579892 0.185734 0.578097 0.18035 0.578097
1 0.057873 0.574506 0.056528 0.576302 0.055182 0.576302 0.053836 0.578097 0.05249 0.578097 0.051144 0.579892 0.049798 0.579892 0.048452 0.581688 0.047106 0.581688 0.065949 0.581688 0.067295 0.583483 0.068641 0.581688 0.072678 0.581688 0.072678 0.579892 0.071332 0.578097 0.071332 0.574506
1 0.414536 0.556553 0.41319 0.558348 0.407806 0.558348 0.40646 0.560144 0.401077 0.560144 0.401077 0.56553 0.402423 0.563734 0.409152 0.563734 0.410498 0.561939 0.417227 0.561939 0.418573 0.563734 0.417227 0.56553 0.417227 0.567325 0.415882 0.56912 0.415882 0.570916 0.417227 0.56912 0.432032 0.56912 0.43607 0.574506 0.444145 0.574506 0.445491 0.572711 0.445491 0.570916 0.448183 0.567325 0.448183 0.563734 0.449529 0.561939 0.449529 0.558348 0.448183 0.560144 0.442799 0.560144 0.441454 0.561939 0.425303 0.561939 0.422611 0.558348 0.422611 0.556553
1 0.625841 0.552962 0.624495 0.554758 0.621803 0.554758 0.620458 0.556553 0.61642 0.556553 0.61642 0.561939 0.617766 0.563734 0.617766 0.579892 0.624495 0.579892 0.624495 0.578097 0.625841 0.576302 0.625841 0.570916 0.627187 0.56912 0.627187 0.567325 0.628533 0.56553 0.633917 0.56553 0.632571 0.563734 0.632571 0.561939
1 0.425303 0.529623 0.425303 0.540395 0.432032 0.540395 0.433378 0.54219 0.440108 0.54219 0.441454 0.543986 0.450875 0.543986 0.452221 0.545781 0.460296 0.545781 0.461642 0.547576 0.461642 0.545781 0.462988 0.543986 0.462988 0.54219 0.461642 0.540395 0.461642 0.5386 0.45895 0.5386 0.457604 0.536804 0.454913 0.536804 0.453567 0.535009 0.437416 0.535009 0.433378 0.529623
1 0.017497 0.524237 0.016151 0.526032 0.013459 0.526032 0.012113 0.527828 0.008075 0.527828 0.009421 0.529623 0.009421 0.531418 0.010767 0.533214 0.010767 0.535009 0.012113 0.536804 0.013459 0.535009 0.014805 0.535009 0.016151 0.533214 0.017497 0.533214 0.018843 0.531418 0.021534 0.531418 0.02288 0.529623 0.024226 0.529623 0.02288 0.529623 0.020188 0.526032 0.018843 0.526032
1 0.189771 0.48474 0.185734 0.490126 0.184388 0.490126 0.18035 0.495512 0.166891 0.495512 0.165545 0.497307 0.152086 0.497307 0.15074 0.499102 0.146703 0.499102 0.145357 0.500898 0.141319 0.500898 0.139973 0.502693 0.12786 0.502693 0.126514 0.500898 0.117093 0.500898 0.115747 0.499102 0.107672 0.499102 0.106326 0.497307 0.106326 0.499102 0.10498 0.500898 0.10498 0.504488 0.103634 0.506284 0.103634 0.508079 0.106326 0.508079 0.107672 0.509874 0.109017 0.509874 0.110363 0.51167 0.113055 0.51167 0.114401 0.513465 0.115747 0.513465 0.117093 0.51526 0.118439 0.513465 0.123822 0.513465 0.125168 0.51167 0.156124 0.51167 0.15747 0.509874 0.160162 0.509874 0.161507 0.508079 0.185734 0.508079 0.187079 0.509874 0.188425 0.509874 0.189771 0.51167 0.191117 0.51167 0.192463 0.513465 0.193809 0.513465 0.195155 0.51526 0.196501 0.51526 0.197847 0.517056 0.199192 0.51526 0.200538 0.51526 0.201884 0.513465 0.204576 0.513465 0.205922 0.51167 0.207268 0.51167 0.208614 0.509874 0.213997 0.509874 0.215343 0.51167 0.216689 0.51167 0.218035 0.513465 0.220727 0.513465 0.222073 0.51526 0.223419 0.513465 0.223419 0.51167 0.227456 0.506284 0.227456 0.504488 0.230148 0.500898 0.228802 0.499102 0.227456 0.499102 0.223419 0.493716 0.222073 0.493716 0.219381 0.490126 0.211306 0.490126 0.20996 0.48833 0.200538 0.48833 0.199192 0.486535 0.191117 0.486535
1 0.722746 0.473968 0.722746 0.482944 0.730821 0.482944 0.732167 0.48474 0.729475 0.481149 0.728129 0.481149
1 0.71467 0.450628 0.71467 0.459605 0.720054 0.459605 0.7214 0.4614 0.732167 0.4614 0.730821 0.4614 0.729475 0.459605 0.728129 0.459605 0.726783 0.45781 0.724092 0.45781 0.722746 0.456014 0.7214 0.456014 0.720054 0.454219 0.718708 0.454219 0.717362 0.452424 0.716016 0.452424
1 0.489906 0.450628 0.48856 0.452424 0.402423 0.452424 0.401077 0.454219 0.398385 0.454219 0.397039 0.456014 0.395693 0.456014 0.394347 0.45781 0.391655 0.45781 0.39031 0.459605 0.386272 0.459605 0.384926 0.4614 0.379542 0.4614 0.378197 0.463196 0.374159 0.463196 0.372813 0.464991 0.358008 0.464991 0.356662 0.466786 0.33109 0.466786 0.329744 0.468582 0.328398 0.468582 0.327052 0.470377 0.324361 0.470377 0.323015 0.472172 0.321669 0.472172 0.320323 0.473968 0.317631 0.473968 0.316285 0.475763 0.312248 0.475763 0.310902 0.477558 0.306864 0.477558 0.306864 0.481149 0.30821 0.482944 0.30821 0.486535 0.312248 0.486535 0.313594 0.48833 0.316285 0.48833 0.317631 0.490126 0.318977 0.48833 0.320323 0.48833 0.321669 0.486535 0.323015 0.486535 0.324361 0.48474 0.325707 0.48474 0.327052 0.482944 0.328398 0.482944 0.329744 0.481149 0.33109 0.481149 0.332436 0.479354 0.333782 0.479354 0.335128 0.477558 0.336474 0.477558 0.33782 0.475763 0.352624 0.475763 0.35397 0.473968 0.375505 0.473968 0.376851 0.472172 0.422611 0.472172 0.422611 0.470377 0.423957 0.468582 0.423957 0.466786 0.425303 0.464991 0.425303 0.463196 0.427995 0.459605 0.442799 0.459605 0.444145 0.4614 0.460296 0.4614 0.461642 0.463196 0.477793 0.463196 0.479139 0.464991 0.532974 0.464991 0.531629 0.464991 0.530283 0.463196 0.528937 0.463196 0.527591 0.4614 0.526245 0.4614 0.524899 0.459605 0.522207 0.459605 0.520861 0.45781 0.519515 0.45781 0.51817 0.456014 0.516824 0.456014 0.515478 0.454219 0.514132 0.454219 0.512786 0.452424 0.51144 0.452424 0.510094 0.450628
1 0.806191 0.439856 0.804845 0.441652 0.803499 0.441652 0.802153 0.443447 0.799462 0.443447 0.800808 0.443447 0.803499 0.447038 0.804845 0.447038 0.807537 0.450628 0.806191 0.452424 0.787349 0.452424 0.786003 0.450628 0.783311 0.450628 0.781965 0.448833 0.780619 0.448833 0.779273 0.447038 0.772544 0.447038 0.771198 0.445242 0.764468 0.445242 0.763122 0.443447 0.760431 0.447038 0.765814 0.447038 0.76716 0.448833 0.771198 0.448833 0.772544 0.450628 0.775236 0.450628 0.776581 0.452424 0.779273 0.452424 0.780619 0.454219 0.783311 0.454219 0.784657 0.456014 0.787349 0.456014 0.788694 0.45781 0.791386 0.45781 0.792732 0.459605 0.850606 0.459605 0.851952 0.45781 0.892328 0.45781 0.892328 0.454219 0.893674 0.452424 0.893674 0.450628 0.890983 0.450628 0.889637 0.448833 0.885599 0.448833 0.884253 0.447038 0.881561 0.447038 0.880215 0.445242 0.857335 0.445242 0.855989 0.447038 0.851952 0.447038 0.850606 0.448833 0.820996 0.448833 0.81965 0.447038 0.818304 0.447038 0.816958 0.445242 0.814266 0.445242 0.812921 0.443447 0.811575 0.443447 0.810229 0.441652 0.807537 0.441652
1 0.318977 0.411131 0.316285 0.414722 0.316285 0.416517 0.313594 0.420108 0.318977 0.420108 0.320323 0.421903 0.325707 0.414722 0.323015 0.414722 0.321669 0.412926 0.320323 0.412926
1 0.17362 0.40395 0.169583 0.409336 0.17362 0.409336 0.174966 0.411131 0.177658 0.411131 0.179004 0.412926 0.18035 0.411131 0.181696 0.411131 0.183042 0.409336 0.184388 0.409336 0.185734 0.40754 0.187079 0.40754 0.181696 0.40754 0.18035 0.405745 0.174966 0.405745
1 0.274563 0.398564 0.274563 0.400359 0.273217 0.402154 0.277254 0.402154 0.2786 0.40395 0.275908 0.40754 0.274563 0.40754 0.288022 0.40754 0.289367 0.409336 0.289367 0.405745 0.288022 0.40395 0.288022 0.398564
1 0.650067 0.378815 0.650067 0.384201 0.666218 0.384201 0.666218 0.378815
1 0.437416 0.348294 0.43607 0.35009 0.423957 0.35009 0.422611 0.351885 0.372813 0.351885 0.371467 0.35009 0.370121 0.351885 0.363392 0.351885 0.362046 0.35368 0.35397 0.35368 0.352624 0.355476 0.349933 0.355476 0.348587 0.357271 0.344549 0.357271 0.343203 0.359066 0.340511 0.359066 0.339166 0.360862 0.325707 0.360862 0.324361 0.362657 0.277254 0.362657 0.275908 0.364452 0.247645 0.364452 0.246299 0.366248 0.244953 0.366248 0.243607 0.368043 0.240915 0.368043 0.240915 0.371634 0.242261 0.369838 0.273217 0.369838 0.274563 0.368043 0.288022 0.368043 0.289367 0.366248 0.304172 0.366248 0.305518 0.364452 0.323015 0.364452 0.324361 0.362657 0.341857 0.362657 0.343203 0.360862 0.363392 0.360862 0.364738 0.359066 0.382234 0.359066 0.38358 0.357271 0.401077 0.357271 0.402423 0.355476 0.425303 0.355476 0.426649 0.35368 0.449529 0.35368 0.449529 0.351885 0.448183 0.35009 0.448183 0.348294
1 0.275908 0.337522 0.2786 0.341113 0.2786 0.342908 0.279946 0.344704 0.293405 0.344704 0.294751 0.346499 0.294751 0.339318 0.277254 0.339318
