0 0.054711 0.506073 0.054711 0.51417 0.051672 0.518219 0.051672 0.522267 0.054711 0.518219 0.069909 0.518219 0.069909 0.51417 0.072948 0.510121 0.072948 0.506073
0 0.848024 0.133603 0.844985 0.137652 0.835866 0.137652 0.835866 0.145749 0.838906 0.149798 0.863222 0.149798 0.860182 0.145749 0.860182 0.1417 0.857143 0.137652 0.857143 0.133603
1 0.121581 0.97166 0.121581 0.983806 0.118541 0.987854 0.118541 0.995951 0.151976 0.995951 0.151976 0.991903 0.148936 0.987854 0.148936 0.975709 0.12462 0.975709
1 0.458967 0.870445 0.455927 0.874494 0.443769 0.874494 0.440729 0.878543 0.428571 0.878543 0.425532 0.882591 0.416413 0.882591 0.413374 0.88664 0.401216 0.88664 0.404255 0.890688 0.404255 0.894737 0.413374 0.906883 0.413374 0.910931 0.416413 0.91498 0.416413 0.923077 0.413374 0.927126 0.413374 0.931174 0.416413 0.935223 0.419453 0.935223 0.425532 0.94332 0.428571 0.939271 0.474164 0.939271 0.477204 0.935223 0.492401 0.935223 0.495441 0.931174 0.510638 0.931174 0.513678 0.927126 0.550152 0.927126 0.553191 0.931174 0.559271 0.931174 0.56231 0.935223 0.56535 0.935223 0.568389 0.939271 0.571429 0.935223 0.571429 0.931174 0.580547 0.919028 0.589666 0.919028 0.592705 0.91498 0.598784 0.91498 0.601824 0.910931 0.610942 0.910931 0.610942 0.906883 0.607903 0.902834 0.607903 0.894737 0.598784 0.894737 0.595745 0.890688 0.586626 0.890688 0.583587 0.88664 0.574468 0.88664 0.571429 0.882591 0.544073 0.882591 0.541033 0.878543 0.537994 0.878543 0.534954 0.874494 0.531915 0.874494 0.528875 0.870445 0.525836 0.874494 0.462006 0.874494
1 0.088146 0.663968 0.085106 0.668016 0.075988 0.668016 0.072948 0.672065 0.066869 0.672065 0.06383 0.676113 0.054711 0.676113 0.051672 0.680162 0.042553 0.680162 0.039514 0.684211 0.027356 0.684211 0.0 0.720648 0.0 0.773279 0.021277 0.744939 0.021277 0.740891 0.042553 0.712551 0.051672 0.712551 0.054711 0.716599 0.06079 0.716599 0.06383 0.720648 0.072948 0.720648 0.075988 0.724696 0.075988 0.732794 0.072948 0.736842 0.072948 0.748988 0.069909 0.753036 0.069909 0.761134 0.072948 0.761134 0.079027 0.769231 0.082067 0.769231 0.088146 0.777328 0.091185 0.777328 0.100304 0.789474 0.103343 0.789474 0.115502 0.805668 0.118541 0.805668 0.130699 0.821862 0.133739 0.821862 0.142857 0.834008 0.145897 0.82996 0.148936 0.82996 0.151976 0.825911 0.155015 0.825911 0.161094 0.817814 0.164134 0.817814 0.167173 0.813765 0.170213 0.813765 0.173252 0.809717 0.176292 0.809717 0.179331 0.805668 0.215805 0.805668 0.215805 0.801619 0.212766 0.797571 0.212766 0.793522 0.209726 0.789474 0.209726 0.781377 0.206687 0.777328 0.206687 0.773279 0.203647 0.769231 0.203647 0.765182 0.200608 0.761134 0.197568 0.761134 0.191489 0.753036 0.18845 0.753036 0.182371 0.744939 0.179331 0.744939 0.176292 0.740891 0.173252 0.740891 0.170213 0.736842 0.167173 0.736842 0.164134 0.732794 0.158055 0.732794 0.155015 0.728745 0.151976 0.728745 0.148936 0.724696 0.145897 0.724696 0.142857 0.720648 0.139818 0.720648 0.136778 0.716599 0.133739 0.716599 0.130699 0.712551 0.12766 0.712551 0.12462 0.708502 0.121581 0.708502 0.118541 0.704453 0.115502 0.704453 0.112462 0.700405 0.115502 0.696356 0.142857 0.696356 0.142857 0.692308 0.145897 0.688259 0.145897 0.684211 0.148936 0.680162 0.139818 0.680162 0.136778 0.676113 0.130699 0.676113 0.12766 0.672065 0.118541 0.672065 0.115502 0.668016 0.091185 0.668016
1 0.109422 0.352227 0.109422 0.356275 0.106383 0.360324 0.106383 0.364372 0.103343 0.368421 0.12462 0.368421 0.12766 0.37247 0.136778 0.360324 0.139818 0.360324 0.142857 0.356275 0.112462 0.356275
1 0.848024 0.295547 0.838906 0.307692 0.835866 0.307692 0.829787 0.315789 0.832827 0.315789 0.835866 0.319838 0.838906 0.319838 0.844985 0.327935 0.848024 0.327935 0.851064 0.331984 0.854103 0.327935 0.878419 0.327935 0.881459 0.331984 0.890578 0.331984 0.893617 0.336032 0.899696 0.336032 0.902736 0.340081 0.908815 0.340081 0.911854 0.34413 0.911854 0.340081 0.914894 0.336032 0.914894 0.331984 0.911854 0.331984 0.905775 0.323887 0.902736 0.323887 0.896657 0.315789 0.893617 0.315789 0.881459 0.299595 0.851064 0.299595
1 0.413374 0.226721 0.413374 0.251012 0.446809 0.251012 0.449848 0.246964 0.452888 0.246964 0.455927 0.242915 0.458967 0.242915 0.449848 0.242915 0.446809 0.238866 0.43769 0.238866 0.43465 0.234818 0.428571 0.234818 0.425532 0.230769 0.416413 0.230769
1 0.334347 0.226721 0.331307 0.230769 0.31003 0.230769 0.31307 0.230769 0.319149 0.238866 0.322188 0.238866 0.328267 0.246964 0.343465 0.246964 0.346505 0.251012 0.343465 0.246964 0.343465 0.242915 0.337386 0.234818 0.337386 0.230769
1 0.492401 0.198381 0.489362 0.202429 0.477204 0.202429 0.474164 0.206478 0.462006 0.206478 0.462006 0.214575 0.458967 0.218623 0.458967 0.222672 0.462006 0.218623 0.483283 0.218623 0.486322 0.214575 0.507599 0.214575 0.504559 0.210526 0.50152 0.210526
1 0.537994 0.182186 0.541033 0.186235 0.541033 0.190283 0.544073 0.194332 0.544073 0.198381 0.604863 0.198381 0.607903 0.202429 0.607903 0.190283 0.574468 0.190283 0.571429 0.186235 0.541033 0.186235
1 0.218845 0.149798 0.215805 0.153846 0.191489 0.153846 0.18845 0.157895 0.164134 0.157895 0.173252 0.17004 0.206687 0.17004 0.209726 0.165992 0.231003 0.165992
