0 0.694482 0.258528 0.693136 0.260323 0.69179 0.260323 0.690444 0.262118 0.689098 0.262118 0.687752 0.263914 0.686406 0.263914 0.685061 0.265709 0.683715 0.265709 0.682369 0.267504 0.682369 0.2693 0.679677 0.27289 0.679677 0.274686 0.678331 0.276481 0.678331 0.280072 0.676985 0.281867 0.676985 0.287253 0.675639 0.289048 0.675639 0.294434 0.672948 0.298025 0.671602 0.29623 0.670256 0.29623 0.667564 0.292639 0.666218 0.292639 0.664872 0.290844 0.663526 0.290844 0.660834 0.287253 0.659489 0.287253 0.658143 0.285458 0.656797 0.287253 0.656797 0.289048 0.655451 0.290844 0.655451 0.292639 0.654105 0.294434 0.654105 0.29982 0.66218 0.29982 0.663526 0.301616 0.664872 0.301616 0.667564 0.305206 0.66891 0.305206 0.671602 0.308797 0.672948 0.308797 0.675639 0.312388 0.675639 0.315978 0.674293 0.317774 0.674293 0.32316 0.672948 0.324955 0.672948 0.328546 0.682369 0.341113 0.685061 0.341113 0.686406 0.342908 0.689098 0.342908 0.690444 0.344704 0.693136 0.344704 0.694482 0.346499 0.697174 0.346499 0.69852 0.348294 0.720054 0.348294 0.7214 0.346499 0.722746 0.346499 0.725437 0.342908 0.726783 0.342908 0.728129 0.341113 0.729475 0.341113 0.732167 0.337522 0.733513 0.337522 0.738896 0.330341 0.740242 0.330341 0.742934 0.32675 0.742934 0.32316 0.74428 0.321364 0.74428 0.315978 0.745626 0.314183 0.745626 0.308797 0.746972 0.307002 0.746972 0.298025 0.748318 0.29623 0.748318 0.289048 0.749664 0.287253 0.749664 0.285458 0.751009 0.283662 0.751009 0.281867 0.752355 0.280072 0.751009 0.278276 0.751009 0.276481 0.749664 0.274686 0.749664 0.27289 0.748318 0.271095 0.748318 0.2693 0.746972 0.2693 0.745626 0.267504 0.74428 0.267504 0.742934 0.265709 0.741588 0.265709 0.740242 0.263914 0.738896 0.263914 0.73755 0.262118 0.73755 0.263914 0.736205 0.265709 0.736205 0.267504 0.734859 0.2693 0.730821 0.263914 0.720054 0.263914 0.718708 0.262118 0.717362 0.263914 0.71467 0.263914 0.71467 0.267504 0.716016 0.2693 0.716016 0.278276 0.717362 0.280072 0.717362 0.285458 0.716016 0.287253 0.713324 0.287253 0.711978 0.289048 0.709287 0.289048 0.707941 0.287253 0.707941 0.283662 0.709287 0.281867 0.709287 0.276481 0.707941 0.274686 0.707941 0.27289 0.706595 0.271095 0.706595 0.2693 0.705249 0.2693 0.702557 0.265709 0.701211 0.265709 0.69852 0.262118 0.697174 0.262118
0 0.336474 0.24237 0.33109 0.249551 0.33109 0.256732 0.333782 0.256732 0.33782 0.251346 0.339166 0.251346 0.340511 0.249551 0.344549 0.249551 0.351279 0.258528 0.351279 0.249551 0.349933 0.247756 0.348587 0.247756 0.344549 0.24237
0 0.841184 0.18851 0.841184 0.190305 0.839838 0.192101 0.839838 0.193896 0.838493 0.195691 0.838493 0.197487 0.837147 0.199282 0.837147 0.201077 0.838493 0.202873 0.839838 0.202873 0.843876 0.208259 0.845222 0.208259 0.853297 0.219031 0.854643 0.219031 0.858681 0.224417 0.860027 0.222621 0.861373 0.222621 0.866756 0.21544 0.868102 0.21544 0.869448 0.213645 0.868102 0.211849 0.866756 0.211849 0.861373 0.204668 0.860027 0.204668 0.853297 0.195691 0.853297 0.193896 0.84926 0.18851
0 0.270525 0.183124 0.270525 0.193896 0.2786 0.193896 0.279946 0.192101 0.281292 0.192101 0.282638 0.190305 0.28533 0.190305 0.28533 0.186715 0.286676 0.184919 0.286676 0.183124
0 0.650067 0.177738 0.650067 0.181329 0.648721 0.183124 0.648721 0.18851 0.666218 0.18851 0.667564 0.190305 0.685061 0.190305 0.686406 0.192101 0.703903 0.192101 0.705249 0.193896 0.710633 0.193896 0.711978 0.195691 0.717362 0.195691 0.718708 0.197487 0.725437 0.197487 0.726783 0.199282 0.732167 0.199282 0.733513 0.201077 0.738896 0.201077 0.740242 0.202873 0.757739 0.202873 0.759085 0.204668 0.776581 0.204668 0.776581 0.199282 0.777927 0.197487 0.777927 0.190305 0.768506 0.190305 0.76716 0.18851 0.756393 0.18851 0.755047 0.186715 0.745626 0.186715 0.74428 0.184919 0.726783 0.184919 0.725437 0.183124 0.706595 0.183124 0.705249 0.181329 0.687752 0.181329 0.686406 0.179533 0.667564 0.179533 0.666218 0.177738
0 0.224764 0.165171 0.224764 0.166966 0.223419 0.168761 0.22611 0.172352 0.227456 0.170557 0.231494 0.170557 0.231494 0.165171
0 0.473755 0.154399 0.472409 0.156194 0.468371 0.156194 0.468371 0.159785 0.475101 0.159785 0.476447 0.157989 0.477793 0.157989 0.480485 0.154399 0.48183 0.154399
0 0.450875 0.150808 0.450875 0.152603 0.449529 0.154399 0.450875 0.154399 0.453567 0.157989 0.45895 0.157989 0.461642 0.154399 0.462988 0.154399 0.461642 0.152603 0.461642 0.150808
0 0.109017 0.13465 0.107672 0.136445 0.102288 0.136445 0.100942 0.138241 0.095559 0.138241 0.094213 0.140036 0.087483 0.140036 0.088829 0.141831 0.088829 0.143627 0.090175 0.145422 0.090175 0.147217 0.099596 0.147217 0.100942 0.145422 0.102288 0.145422 0.103634 0.143627 0.10498 0.143627 0.106326 0.141831 0.107672 0.141831 0.109017 0.140036 0.110363 0.140036 0.111709 0.138241 0.142665 0.138241 0.142665 0.136445 0.144011 0.13465
0 0.729475 0.131059 0.728129 0.132855 0.725437 0.132855 0.720054 0.140036 0.720054 0.141831 0.71467 0.149013 0.720054 0.149013 0.7214 0.150808 0.722746 0.149013 0.734859 0.149013 0.734859 0.143627 0.733513 0.141831 0.733513 0.140036 0.732167 0.138241 0.732167 0.136445 0.730821 0.13465 0.730821 0.132855
0 0.676985 0.127469 0.675639 0.129264 0.632571 0.129264 0.632571 0.136445 0.631225 0.138241 0.631225 0.145422 0.632571 0.147217 0.633917 0.147217 0.636608 0.150808 0.637954 0.149013 0.686406 0.149013 0.686406 0.13465 0.685061 0.132855 0.685061 0.131059 0.683715 0.129264 0.683715 0.127469
0 0.091521 0.100539 0.090175 0.102334 0.088829 0.102334 0.086137 0.105925 0.084791 0.105925 0.0821 0.109515 0.080754 0.109515 0.080754 0.114901 0.0821 0.113106 0.099596 0.113106 0.100942 0.111311 0.100942 0.109515 0.102288 0.10772 0.102288 0.105925 0.103634 0.104129 0.100942 0.104129 0.099596 0.102334 0.09825 0.102334 0.096904 0.100539
0 0.561238 0.0 0.561238 0.001795 0.559892 0.003591 0.559892 0.005386 0.558546 0.007181 0.558546 0.008977 0.559892 0.010772 0.561238 0.010772 0.56393 0.014363 0.573351 0.014363 0.574697 0.016158 0.581427 0.016158 0.584118 0.012567 0.576043 0.012567 0.574697 0.010772 0.574697 0.008977 0.573351 0.007181 0.573351 0.005386 0.572005 0.003591 0.572005 0.001795 0.570659 0.0
0 0.489906 0.0 0.48856 0.001795 0.487214 0.001795 0.484522 0.005386 0.483176 0.005386 0.48183 0.007181 0.48183 0.012567 0.514132 0.012567 0.514132 0.010772 0.515478 0.008977 0.515478 0.0
1 0.318977 0.745063 0.317631 0.746858 0.316285 0.746858 0.314939 0.748654 0.313594 0.748654 0.313594 0.75763 0.316285 0.75763 0.317631 0.759425 0.318977 0.759425 0.320323 0.761221 0.327052 0.761221 0.328398 0.759425 0.328398 0.75763 0.329744 0.755835 0.327052 0.755835
1 0.333782 0.712747 0.332436 0.714542 0.328398 0.714542 0.327052 0.716338 0.324361 0.716338 0.323015 0.718133 0.318977 0.718133 0.317631 0.719928 0.314939 0.719928 0.314939 0.721724 0.313594 0.723519 0.313594 0.725314 0.312248 0.72711 0.314939 0.72711 0.316285 0.728905 0.317631 0.72711 0.320323 0.72711 0.321669 0.725314 0.325707 0.725314 0.327052 0.723519 0.329744 0.723519 0.33109 0.721724 0.335128 0.721724 0.336474 0.719928 0.339166 0.719928 0.339166 0.714542 0.335128 0.714542
1 0.088829 0.710952 0.088829 0.714542 0.091521 0.714542 0.092867 0.716338 0.094213 0.716338 0.096904 0.719928 0.09825 0.719928 0.103634 0.72711 0.10498 0.72711 0.107672 0.7307 0.103634 0.736086 0.102288 0.736086 0.099596 0.739677 0.095559 0.739677 0.094213 0.741472 0.091521 0.741472 0.090175 0.743268 0.086137 0.743268 0.084791 0.745063 0.080754 0.745063 0.079408 0.746858 0.068641 0.746858 0.067295 0.748654 0.049798 0.748654 0.048452 0.746858 0.043069 0.746858 0.041723 0.745063 0.034993 0.745063 0.033647 0.743268 0.032301 0.745063 0.02961 0.745063 0.034993 0.745063 0.036339 0.746858 0.043069 0.746858 0.044415 0.748654 0.049798 0.748654 0.051144 0.750449 0.071332 0.750449 0.072678 0.748654 0.079408 0.748654 0.080754 0.746858 0.087483 0.746858 0.088829 0.745063 0.092867 0.745063 0.094213 0.743268 0.099596 0.743268 0.102288 0.739677 0.103634 0.739677 0.106326 0.736086 0.107672 0.736086 0.109017 0.734291 0.113055 0.734291 0.115747 0.7307 0.117093 0.7307 0.119785 0.72711 0.119785 0.725314 0.121131 0.723519 0.118439 0.723519 0.115747 0.72711 0.114401 0.72711 0.113055 0.728905 0.110363 0.728905 0.103634 0.719928 0.103634 0.714542 0.094213 0.714542 0.092867 0.712747 0.090175 0.712747
1 0.312248 0.705566 0.310902 0.707361 0.305518 0.707361 0.305518 0.709156 0.306864 0.710952 0.306864 0.712747 0.30821 0.710952 0.314939 0.710952 0.316285 0.709156 0.316285 0.707361 0.317631 0.705566
1 0.22611 0.680431 0.224764 0.682226 0.212651 0.682226 0.212651 0.684022 0.211306 0.685817 0.231494 0.685817 0.231494 0.680431
1 0.095559 0.680431 0.095559 0.682226 0.094213 0.684022 0.094213 0.685817 0.095559 0.687612 0.095559 0.689408 0.096904 0.691203 0.09825 0.691203 0.100942 0.694794 0.102288 0.694794 0.10498 0.698384 0.106326 0.698384 0.109017 0.701975 0.109017 0.70377 0.110363 0.705566 0.110363 0.709156 0.125168 0.709156 0.126514 0.710952 0.129206 0.707361 0.130552 0.707361 0.131898 0.705566 0.135935 0.710952 0.137281 0.709156 0.138627 0.709156 0.139973 0.707361 0.148048 0.707361 0.149394 0.705566 0.152086 0.705566 0.153432 0.70377 0.15747 0.70377 0.160162 0.707361 0.164199 0.707361 0.165545 0.709156 0.165545 0.701975 0.162853 0.698384 0.162853 0.696589 0.161507 0.694794 0.15747 0.694794 0.156124 0.692998 0.154778 0.694794 0.145357 0.694794 0.144011 0.692998 0.141319 0.692998 0.139973 0.691203 0.138627 0.692998 0.131898 0.692998 0.130552 0.694794 0.129206 0.694794 0.12786 0.696589 0.119785 0.696589 0.118439 0.694794 0.117093 0.696589 0.117093 0.698384 0.114401 0.701975 0.113055 0.701975 0.110363 0.698384 0.109017 0.698384 0.099596 0.685817 0.100942 0.684022 0.10498 0.684022 0.10498 0.682226 0.106326 0.680431
1 0.244953 0.61939 0.243607 0.621185 0.242261 0.621185 0.240915 0.62298 0.238223 0.62298 0.236878 0.624776 0.235532 0.624776 0.234186 0.626571 0.23284 0.626571 0.231494 0.628366 0.228802 0.628366 0.227456 0.630162 0.22611 0.630162 0.224764 0.631957 0.223419 0.631957 0.222073 0.633752 0.220727 0.633752 0.219381 0.635548 0.216689 0.635548 0.215343 0.637343 0.213997 0.637343 0.212651 0.639138 0.211306 0.639138 0.20996 0.640934 0.207268 0.640934 0.205922 0.642729 0.204576 0.642729 0.20323 0.644524 0.188425 0.644524 0.187079 0.64632 0.174966 0.64632 0.17362 0.644524 0.172275 0.644524 0.169583 0.640934 0.154778 0.640934 0.154778 0.64632 0.168237 0.64632 0.169583 0.648115 0.170929 0.648115 0.172275 0.64991 0.183042 0.64991 0.184388 0.651706 0.185734 0.64991 0.187079 0.64991 0.189771 0.64632 0.197847 0.64632 0.199192 0.648115 0.200538 0.64632 0.205922 0.64632 0.207268 0.644524 0.212651 0.644524 0.213997 0.642729 0.215343 0.642729 0.216689 0.640934 0.219381 0.640934 0.220727 0.639138 0.222073 0.639138 0.223419 0.637343 0.224764 0.637343 0.22611 0.635548 0.227456 0.635548 0.228802 0.633752 0.231494 0.633752 0.23284 0.631957 0.234186 0.631957 0.235532 0.630162 0.236878 0.630162 0.238223 0.628366 0.240915 0.628366 0.242261 0.626571 0.243607 0.626571 0.247645 0.621185 0.248991 0.621185 0.250336 0.61939
1 0.837147 0.578097 0.835801 0.579892 0.831763 0.579892 0.831763 0.585278 0.860027 0.585278 0.860027 0.578097
1 0.847914 0.522442 0.847914 0.524237 0.846568 0.526032 0.846568 0.527828 0.847914 0.526032 0.885599 0.526032 0.885599 0.524237 0.886945 0.522442
1 0.897712 0.303411 0.896366 0.305206 0.890983 0.305206 0.889637 0.307002 0.82638 0.307002 0.823688 0.310592 0.823688 0.312388 0.820996 0.315978 0.820996 0.324955 0.822342 0.324955 0.823688 0.32675 0.825034 0.32675 0.82638 0.328546 0.827725 0.328546 0.829071 0.330341 0.841184 0.330341 0.84253 0.332136 0.843876 0.330341 0.845222 0.330341 0.846568 0.328546 0.847914 0.328546 0.84926 0.32675 0.851952 0.32675 0.853297 0.324955 0.854643 0.324955 0.855989 0.32316 0.864065 0.32316 0.86541 0.321364 0.874832 0.321364 0.876178 0.319569 0.884253 0.319569 0.885599 0.317774 0.886945 0.317774 0.888291 0.315978 0.889637 0.315978 0.890983 0.314183 0.892328 0.314183 0.89502 0.310592 0.896366 0.310592 0.897712 0.308797 0.899058 0.308797 0.900404 0.307002 0.925976 0.307002 0.927322 0.308797 0.939435 0.308797 0.940781 0.310592 0.955585 0.310592 0.956931 0.312388 0.971736 0.312388 0.973082 0.314183 0.974428 0.314183 0.975774 0.315978 0.97712 0.315978 0.979812 0.319569 0.979812 0.321364 0.981157 0.32316 0.981157 0.324955 0.982503 0.32675 0.985195 0.32675 0.985195 0.324955 0.986541 0.32316 0.986541 0.321364 0.985195 0.319569 0.985195 0.317774 0.983849 0.315978 0.983849 0.314183 0.982503 0.312388 0.982503 0.310592 0.981157 0.308797 0.981157 0.307002 0.974428 0.307002 0.973082 0.305206 0.899058 0.305206
1 0.363392 0.150808 0.362046 0.152603 0.351279 0.152603 0.351279 0.154399 0.349933 0.156194 0.352624 0.156194 0.35397 0.157989 0.364738 0.157989 0.368775 0.152603 0.364738 0.152603
