0 0.826667 0.975089 0.825333 0.976868 0.821333 0.976868 0.82 0.978648 0.814667 0.978648 0.816 0.980427 0.816 0.982206 0.817333 0.983986 0.817333 0.985765 0.818667 0.987544 0.82 0.985765 0.828 0.985765 0.828 0.982206 0.826667 0.980427
0 0.968 0.918149 0.966667 0.919929 0.962667 0.919929 0.961333 0.921708 0.958667 0.921708 0.958667 0.935943 0.962667 0.941281 0.962667 0.94306 0.968 0.950178 0.966667 0.951957 0.96 0.951957 0.958667 0.953737 0.957333 0.951957 0.954667 0.951957 0.953333 0.950178 0.950667 0.950178 0.949333 0.948399 0.948 0.948399 0.946667 0.950178 0.946667 0.951957 0.945333 0.953737 0.945333 0.957295 0.944 0.959075 0.944 0.960854 0.946667 0.960854 0.948 0.962633 0.950667 0.962633 0.952 0.964413 0.954667 0.964413 0.956 0.966192 0.957333 0.966192 0.958667 0.967972 0.961333 0.967972 0.962667 0.969751 0.965333 0.969751 0.966667 0.97153 0.969333 0.97153 0.970667 0.97331 0.974667 0.97331 0.976 0.97153 0.977333 0.97153 0.98 0.967972 0.981333 0.967972 0.985333 0.962633 0.985333 0.960854 0.994667 0.948399 0.994667 0.946619 0.998667 0.941281 0.998667 0.921708 0.997333 0.923488 0.996 0.923488 0.993333 0.927046 0.992 0.927046 0.990667 0.928826 0.989333 0.928826 0.988 0.930605 0.978667 0.918149
0 0.950667 0.855872 0.950667 0.857651 0.949333 0.859431 0.949333 0.86121 0.948 0.862989 0.948 0.864769 0.946667 0.866548 0.944 0.866548 0.942667 0.868327 0.941333 0.868327 0.94 0.870107 0.938667 0.870107 0.941333 0.873665 0.942667 0.873665 0.948 0.880783 0.949333 0.879004 0.952 0.879004 0.953333 0.877224 0.957333 0.877224 0.957333 0.873665 0.958667 0.871886 0.958667 0.868327 0.954667 0.862989 0.954667 0.86121
0 0.138667 0.795374 0.133333 0.802491 0.133333 0.80427 0.134667 0.80605 0.134667 0.809609 0.136 0.807829 0.14 0.807829 0.141333 0.80605 0.142667 0.80605 0.144 0.80427 0.145333 0.80427 0.145333 0.802491 0.144 0.800712 0.144 0.797153 0.14 0.797153
0 0.881333 0.793594 0.881333 0.795374 0.88 0.797153 0.88 0.800712 0.878667 0.802491 0.878667 0.80427 0.885333 0.813167 0.886667 0.811388 0.893333 0.811388 0.893333 0.809609 0.892 0.807829 0.892 0.802491 0.890667 0.800712 0.890667 0.798932 0.886667 0.793594
0 0.653333 0.775801 0.652 0.77758 0.650667 0.77758 0.649333 0.779359 0.648 0.779359 0.646667 0.781139 0.645333 0.781139 0.646667 0.782918 0.646667 0.784698 0.648 0.786477 0.648 0.788256 0.650667 0.788256 0.652 0.790036 0.653333 0.790036 0.654667 0.791815 0.656 0.790036 0.661333 0.790036 0.661333 0.786477 0.66 0.784698 0.66 0.781139 0.658667 0.781139 0.656 0.77758 0.654667 0.77758
0 0.685333 0.725979 0.685333 0.734875 0.690667 0.734875 0.692 0.736655 0.696 0.736655 0.697333 0.738434 0.698667 0.736655 0.698667 0.734875 0.7 0.733096 0.694667 0.725979
0 0.957333 0.718861 0.956 0.720641 0.948 0.720641 0.946667 0.72242 0.938667 0.72242 0.937333 0.724199 0.928 0.724199 0.926667 0.725979 0.918667 0.725979 0.918667 0.734875 0.917333 0.736655 0.917333 0.743772 0.918667 0.745552 0.92 0.745552 0.921333 0.747331 0.922667 0.747331 0.924 0.74911 0.926667 0.74911 0.928 0.75089 0.929333 0.75089 0.930667 0.752669 0.932 0.752669 0.933333 0.754448 0.933333 0.756228 0.932 0.758007 0.932 0.761566 0.930667 0.763345 0.930667 0.768683 0.929333 0.770463 0.929333 0.772242 0.930667 0.774021 0.932 0.774021 0.936 0.779359 0.937333 0.779359 0.941333 0.784698 0.942667 0.784698 0.945333 0.788256 0.946667 0.788256 0.949333 0.791815 0.950667 0.791815 0.953333 0.795374 0.956 0.795374 0.957333 0.793594 0.958667 0.793594 0.96 0.791815 0.961333 0.791815 0.962667 0.790036 0.964 0.790036 0.966667 0.786477 0.968 0.786477 0.969333 0.784698 0.970667 0.784698 0.972 0.782918 0.973333 0.782918 0.974667 0.781139 0.976 0.781139 0.977333 0.779359 0.978667 0.779359 0.98 0.77758 0.981333 0.77758 0.982667 0.775801 0.984 0.775801 0.985333 0.774021 0.986667 0.774021 0.989333 0.770463 0.990667 0.770463 0.992 0.768683 0.993333 0.768683 0.994667 0.766904 0.996 0.766904 0.997333 0.765125 0.998667 0.765125 0.998667 0.741993 0.997333 0.741993 0.996 0.743772 0.994667 0.743772 0.993333 0.745552 0.992 0.745552 0.990667 0.747331 0.989333 0.747331 0.988 0.74911 0.986667 0.74911 0.985333 0.75089 0.984 0.75089 0.982667 0.752669 0.981333 0.752669 0.98 0.754448 0.978667 0.754448 0.977333 0.756228 0.976 0.756228 0.974667 0.758007 0.973333 0.758007 0.972 0.759786 0.970667 0.758007 0.970667 0.736655
0 0.561333 0.674377 0.56 0.676157 0.557333 0.676157 0.556 0.677936 0.554667 0.677936 0.553333 0.679715 0.550667 0.679715 0.549333 0.681495 0.548 0.681495 0.546667 0.683274 0.544 0.683274 0.544 0.692171 0.542667 0.69395 0.542667 0.702847 0.561333 0.702847 0.562667 0.701068 0.565333 0.701068 0.566667 0.699288 0.570667 0.699288 0.572 0.697509 0.574667 0.697509 0.576 0.69573 0.58 0.69573 0.581333 0.69395 0.584 0.69395 0.584 0.690391 0.582667 0.688612 0.582667 0.681495 0.581333 0.679715 0.581333 0.676157 0.562667 0.676157
0 0.761333 0.649466 0.76 0.651246 0.757333 0.651246 0.756 0.653025 0.752 0.653025 0.752 0.66548 0.754667 0.669039 0.756 0.669039 0.76 0.674377 0.761333 0.672598 0.762667 0.672598 0.765333 0.669039 0.766667 0.669039 0.768 0.66726 0.769333 0.66726 0.769333 0.663701 0.768 0.661922 0.768 0.656584 0.766667 0.654804 0.765333 0.654804
0 0.0 0.588968 0.0 0.617438 0.001333 0.617438 0.002667 0.615658 0.004 0.615658 0.005333 0.613879 0.006667 0.613879 0.008 0.6121 0.009333 0.6121 0.010667 0.61032 0.012 0.61032 0.014667 0.606762 0.016 0.606762 0.017333 0.604982 0.018667 0.604982 0.02 0.603203 0.021333 0.603203 0.022667 0.601423 0.024 0.601423 0.022667 0.599644 0.022667 0.597865 0.02 0.594306 0.02 0.592527 0.018667 0.590747 0.010667 0.590747 0.009333 0.588968
0 0.561333 0.455516 0.56 0.457295 0.558667 0.457295 0.557333 0.459075 0.556 0.459075 0.556 0.466192 0.557333 0.466192 0.56 0.469751 0.564 0.469751 0.564 0.467972 0.565333 0.466192 0.565333 0.464413 0.566667 0.462633
0 0.668 0.325623 0.666667 0.327402 0.664 0.327402 0.662667 0.329181 0.661333 0.329181 0.66 0.330961 0.657333 0.330961 0.657333 0.336299 0.674667 0.336299 0.674667 0.33452 0.673333 0.33274 0.673333 0.329181 0.672 0.329181 0.670667 0.327402 0.669333 0.327402
1 0.105333 0.88968 0.096 0.902135 0.094667 0.902135 0.085333 0.914591 0.085333 0.91637 0.084 0.918149 0.084 0.921708 0.082667 0.923488 0.082667 0.927046 0.081333 0.928826 0.081333 0.930605 0.08 0.932384 0.077333 0.932384 0.076 0.934164 0.073333 0.934164 0.072 0.935943 0.069333 0.935943 0.068 0.937722 0.064 0.937722 0.062667 0.939502 0.06 0.939502 0.058667 0.941281 0.056 0.941281 0.054667 0.94306 0.052 0.94306 0.050667 0.94484 0.049333 0.94306 0.042667 0.94306 0.041333 0.941281 0.041333 0.935943 0.042667 0.934164 0.042667 0.928826 0.037333 0.928826 0.036 0.930605 0.034667 0.928826 0.034667 0.927046 0.036 0.925267 0.036 0.921708 0.033333 0.918149 0.033333 0.91637 0.028 0.909253 0.026667 0.909253 0.024 0.905694 0.022667 0.905694 0.02 0.902135 0.018667 0.902135 0.017333 0.900356 0.0 0.900356 0.0 0.905694 0.018667 0.905694 0.024 0.912811 0.025333 0.912811 0.030667 0.919929 0.030667 0.921708 0.032 0.923488 0.032 0.925267 0.033333 0.927046 0.032 0.928826 0.032 0.930605 0.030667 0.932384 0.030667 0.934164 0.028 0.937722 0.026667 0.937722 0.024 0.941281 0.022667 0.941281 0.02 0.94484 0.018667 0.94484 0.017333 0.946619 0.016 0.946619 0.013333 0.950178 0.012 0.950178 0.010667 0.951957 0.009333 0.951957 0.006667 0.955516 0.005333 0.955516 0.002667 0.959075 0.001333 0.959075 0.0 0.960854 0.0 0.998221 0.001333 0.996441 0.001333 0.994662 0.005333 0.989324 0.005333 0.987544 0.009333 0.982206 0.009333 0.980427 0.012 0.976868 0.013333 0.976868 0.014667 0.975089 0.017333 0.975089 0.018667 0.97331 0.02 0.97331 0.021333 0.97153 0.022667 0.97153 0.026667 0.966192 0.026667 0.964413 0.033333 0.955516 0.033333 0.953737 0.037333 0.948399 0.049333 0.948399 0.050667 0.946619 0.052 0.946619 0.053333 0.94484 0.056 0.94484 0.057333 0.94306 0.061333 0.94306 0.062667 0.941281 0.066667 0.941281 0.068 0.939502 0.070667 0.939502 0.072 0.937722 0.076 0.937722 0.077333 0.935943 0.081333 0.935943 0.082667 0.934164 0.084 0.935943 0.084 0.94306 0.082667 0.94484 0.082667 0.951957 0.086667 0.951957 0.088 0.950178 0.088 0.94484 0.089333 0.94306 0.089333 0.937722 0.090667 0.935943 0.090667 0.934164 0.092 0.932384 0.096 0.932384 0.097333 0.930605 0.1 0.930605 0.101333 0.928826 0.105333 0.928826 0.106667 0.927046 0.109333 0.927046 0.110667 0.925267 0.112 0.927046 0.112 0.930605 0.113333 0.932384 0.113333 0.935943 0.112 0.937722 0.105333 0.937722 0.104 0.939502 0.098667 0.939502 0.098667 0.941281 0.097333 0.94306 0.097333 0.948399 0.096 0.950178 0.096 0.953737 0.094667 0.955516 0.094667 0.959075 0.093333 0.960854 0.093333 0.966192 0.092 0.967972 0.092 0.97153 0.090667 0.97331 0.090667 0.978648 0.089333 0.980427 0.089333 0.983986 0.088 0.985765 0.088 0.989324 0.086667 0.991103 0.086667 0.996441 0.085333 0.998221 0.090667 0.998221 0.090667 0.996441 0.092 0.994662 0.092 0.989324 0.093333 0.987544 0.093333 0.980427 0.094667 0.978648 0.094667 0.97331 0.096 0.97153 0.096 0.964413 0.097333 0.962633 0.097333 0.957295 0.098667 0.955516 0.098667 0.951957 0.1 0.950178 0.105333 0.950178 0.106667 0.948399 0.112 0.948399 0.113333 0.946619 0.117333 0.946619 0.118667 0.94484 0.124 0.94484 0.125333 0.94306 0.136 0.94306 0.137333 0.941281 0.146667 0.941281 0.148 0.939502 0.149333 0.941281 0.149333 0.964413 0.152 0.964413 0.152 0.94306 0.153333 0.941281 0.156 0.941281 0.157333 0.939502 0.161333 0.939502 0.162667 0.937722 0.165333 0.937722 0.165333 0.935943 0.166667 0.934164 0.153333 0.934164 0.152 0.932384 0.152 0.930605 0.153333 0.928826 0.153333 0.925267 0.154667 0.923488 0.156 0.923488 0.158667 0.919929 0.16 0.919929 0.161333 0.918149 0.162667 0.918149 0.164 0.91637 0.165333 0.91637 0.166667 0.914591 0.164 0.914591 0.162667 0.91637 0.156 0.91637 0.154667 0.918149 0.153333 0.91637 0.153333 0.911032 0.154667 0.909253 0.154667 0.903915 0.152 0.903915 0.152 0.909253 0.150667 0.911032 0.150667 0.919929 0.149333 0.921708 0.148 0.921708 0.146667 0.923488 0.145333 0.923488 0.144 0.925267 0.142667 0.925267 0.141333 0.927046 0.14 0.927046 0.138667 0.928826 0.137333 0.928826 0.136 0.930605 0.134667 0.930605 0.133333 0.932384 0.129333 0.932384 0.128 0.934164 0.125333 0.934164 0.124 0.935943 0.12 0.935943 0.118667 0.937722 0.117333 0.935943 0.117333 0.934164 0.118667 0.932384 0.118667 0.930605 0.12 0.928826 0.12 0.927046 0.121333 0.925267 0.121333 0.923488 0.122667 0.921708 0.098667 0.921708 0.097333 0.919929 0.097333 0.918149 0.098667 0.91637 0.098667 0.914591 0.1 0.912811 0.1 0.911032 0.106667 0.902135 0.106667 0.900356 0.113333 0.891459 0.110667 0.891459 0.109333 0.88968
1 0.924 0.644128 0.921333 0.647687 0.92 0.647687 0.917333 0.651246 0.916 0.651246 0.914667 0.653025 0.914667 0.654804 0.913333 0.656584 0.913333 0.658363 0.912 0.660142 0.912 0.663701 0.910667 0.66548 0.910667 0.66726 0.909333 0.669039 0.909333 0.670819 0.908 0.672598 0.897333 0.672598 0.896 0.674377 0.894667 0.674377 0.893333 0.676157 0.892 0.676157 0.890667 0.677936 0.889333 0.677936 0.888 0.679715 0.886667 0.679715 0.877333 0.692171 0.877333 0.69395 0.868 0.706406 0.866667 0.706406 0.865333 0.708185 0.862667 0.708185 0.861333 0.709964 0.86 0.709964 0.858667 0.711744 0.856 0.711744 0.854667 0.713523 0.853333 0.713523 0.852 0.715302 0.850667 0.713523 0.84 0.713523 0.834667 0.706406 0.834667 0.704626 0.830667 0.699288 0.828 0.699288 0.828 0.701068 0.829333 0.702847 0.829333 0.706406 0.828 0.708185 0.825333 0.708185 0.824 0.709964 0.822667 0.709964 0.821333 0.711744 0.814667 0.711744 0.808 0.720641 0.808 0.72242 0.801333 0.731317 0.801333 0.736655 0.802667 0.738434 0.802667 0.741993 0.813333 0.756228 0.813333 0.758007 0.824 0.772242 0.832 0.772242 0.833333 0.774021 0.842667 0.774021 0.848 0.766904 0.849333 0.766904 0.858667 0.754448 0.858667 0.752669 0.861333 0.74911 0.862667 0.74911 0.864 0.747331 0.865333 0.747331 0.866667 0.745552 0.868 0.745552 0.869333 0.743772 0.870667 0.743772 0.872 0.741993 0.873333 0.741993 0.874667 0.740214 0.876 0.740214 0.877333 0.738434 0.878667 0.738434 0.88 0.736655 0.881333 0.736655 0.882667 0.734875 0.884 0.736655 0.889333 0.736655 0.890667 0.738434 0.896 0.738434 0.897333 0.740214 0.904 0.740214 0.905333 0.741993 0.910667 0.741993 0.912 0.743772 0.916 0.743772 0.916 0.736655 0.917333 0.734875 0.917333 0.725979 0.918667 0.724199 0.926667 0.724199 0.928 0.72242 0.937333 0.72242 0.938667 0.720641 0.946667 0.720641 0.948 0.718861 0.956 0.718861 0.957333 0.717082 0.972 0.736655 0.972 0.758007 0.973333 0.756228 0.974667 0.756228 0.976 0.754448 0.977333 0.754448 0.978667 0.752669 0.98 0.752669 0.981333 0.75089 0.982667 0.75089 0.984 0.74911 0.985333 0.74911 0.986667 0.747331 0.988 0.747331 0.989333 0.745552 0.990667 0.745552 0.992 0.743772 0.993333 0.743772 0.994667 0.741993 0.996 0.741993 0.997333 0.740214 0.998667 0.740214 0.998667 0.66726 0.988 0.66726 0.986667 0.669039 0.974667 0.669039 0.973333 0.670819 0.970667 0.66726 0.969333 0.66726 0.965333 0.661922 0.964 0.661922 0.961333 0.658363 0.96 0.658363 0.957333 0.654804 0.957333 0.645907 0.942667 0.645907 0.941333 0.644128
1 0.542667 0.590747 0.546667 0.596085 0.546667 0.597865 0.554667 0.608541 0.554667 0.61032 0.558667 0.615658 0.554667 0.620996 0.553333 0.620996 0.550667 0.624555 0.532 0.624555 0.530667 0.622776 0.529333 0.624555 0.528 0.624555 0.526667 0.626335 0.525333 0.626335 0.522667 0.629893 0.521333 0.629893 0.52 0.631673 0.518667 0.631673 0.517333 0.633452 0.516 0.633452 0.504 0.649466 0.504 0.651246 0.490667 0.669039 0.488 0.669039 0.486667 0.670819 0.482667 0.670819 0.481333 0.672598 0.478667 0.672598 0.477333 0.674377 0.473333 0.674377 0.472 0.676157 0.457333 0.676157 0.456 0.674377 0.445333 0.674377 0.444 0.672598 0.42 0.672598 0.418667 0.670819 0.394667 0.670819 0.392 0.674377 0.390667 0.674377 0.386667 0.679715 0.385333 0.679715 0.381333 0.685053 0.38 0.685053 0.376 0.690391 0.374667 0.690391 0.370667 0.69573 0.369333 0.69573 0.364 0.702847 0.362667 0.702847 0.358667 0.708185 0.357333 0.708185 0.356 0.709964 0.354667 0.709964 0.353333 0.708185 0.350667 0.708185 0.349333 0.706406 0.348 0.706406 0.346667 0.704626 0.344 0.704626 0.342667 0.702847 0.341333 0.702847 0.34 0.701068 0.338667 0.702847 0.337333 0.702847 0.336 0.704626 0.333333 0.704626 0.333333 0.706406 0.332 0.708185 0.332 0.709964 0.330667 0.711744 0.330667 0.713523 0.332 0.715302 0.332 0.717082 0.336 0.72242 0.336 0.724199 0.34 0.729537 0.34 0.731317 0.341333 0.733096 0.34 0.734875 0.338667 0.734875 0.337333 0.736655 0.336 0.736655 0.334667 0.738434 0.332 0.738434 0.330667 0.740214 0.329333 0.740214 0.328 0.741993 0.326667 0.741993 0.324 0.738434 0.324 0.736655 0.32 0.731317 0.32 0.729537 0.316 0.724199 0.316 0.72242 0.314667 0.720641 0.313333 0.720641 0.312 0.718861 0.310667 0.718861 0.309333 0.717082 0.308 0.717082 0.305333 0.713523 0.304 0.713523 0.302667 0.711744 0.301333 0.711744 0.3 0.709964 0.298667 0.709964 0.297333 0.708185 0.294667 0.708185 0.293333 0.706406 0.290667 0.706406 0.289333 0.704626 0.286667 0.704626 0.285333 0.702847 0.282667 0.702847 0.281333 0.701068 0.278667 0.701068 0.277333 0.699288 0.274667 0.699288 0.273333 0.697509 0.270667 0.697509 0.269333 0.69573 0.266667 0.69573 0.265333 0.69395 0.262667 0.69395 0.261333 0.692171 0.258667 0.692171 0.257333 0.690391 0.254667 0.690391 0.253333 0.688612 0.218667 0.688612 0.216 0.685053 0.216 0.683274 0.214667 0.681495 0.214667 0.679715 0.213333 0.677936 0.213333 0.676157 0.212 0.674377 0.212 0.672598 0.202667 0.660142 0.202667 0.658363 0.196 0.649466 0.196 0.635231 0.181333 0.635231 0.18 0.633452 0.166667 0.633452 0.165333 0.631673 0.164 0.633452 0.158667 0.633452 0.157333 0.635231 0.153333 0.635231 0.152 0.637011 0.146667 0.637011 0.145333 0.63879 0.141333 0.63879 0.14 0.640569 0.134667 0.640569 0.133333 0.642349 0.132 0.642349 0.130667 0.644128 0.128 0.644128 0.126667 0.645907 0.125333 0.645907 0.124 0.647687 0.122667 0.647687 0.12 0.651246 0.118667 0.651246 0.117333 0.653025 0.116 0.653025 0.113333 0.656584 0.112 0.656584 0.110667 0.658363 0.109333 0.658363 0.106667 0.661922 0.105333 0.661922 0.102667 0.66548 0.102667 0.66726 0.098667 0.672598 0.098667 0.674377 0.093333 0.681495 0.093333 0.683274 0.090667 0.686833 0.092 0.688612 0.092 0.690391 0.093333 0.692171 0.096 0.688612 0.097333 0.688612 0.102667 0.681495 0.104 0.681495 0.108 0.676157 0.109333 0.676157 0.110667 0.674377 0.122667 0.674377 0.124 0.676157 0.124 0.679715 0.125333 0.681495 0.125333 0.690391 0.126667 0.692171 0.126667 0.699288 0.128 0.701068 0.128 0.709964 0.129333 0.711744 0.129333 0.715302 0.132 0.715302 0.133333 0.717082 0.133333 0.706406 0.132 0.704626 0.132 0.69395 0.133333 0.692171 0.136 0.69573 0.137333 0.69573 0.14 0.699288 0.14 0.701068 0.142667 0.704626 0.142667 0.706406 0.144 0.708185 0.144 0.709964 0.146667 0.713523 0.146667 0.715302 0.149333 0.718861 0.149333 0.720641 0.150667 0.72242 0.150667 0.724199 0.153333 0.727758 0.153333 0.729537 0.156 0.733096 0.156 0.734875 0.157333 0.736655 0.157333 0.738434 0.16 0.741993 0.16 0.743772 0.162667 0.747331 0.162667 0.74911 0.165333 0.752669 0.165333 0.754448 0.168 0.758007 0.168 0.759786 0.170667 0.763345 0.170667 0.765125 0.173333 0.768683 0.173333 0.770463 0.176 0.774021 0.176 0.775801 0.178667 0.779359 0.178667 0.781139 0.182667 0.786477 0.182667 0.788256 0.186667 0.793594 0.186667 0.795374 0.188 0.797153 0.185333 0.800712 0.185333 0.802491 0.182667 0.80605 0.184 0.80605 0.186667 0.809609 0.188 0.809609 0.190667 0.813167 0.192 0.813167 0.193333 0.814947 0.197333 0.814947 0.198667 0.816726 0.202667 0.816726 0.204 0.818505 0.196 0.829181 0.193333 0.829181 0.192 0.827402 0.188 0.827402 0.186667 0.825623 0.184 0.825623 0.182667 0.823843 0.18 0.823843 0.178667 0.822064 0.176 0.822064 0.174667 0.820285 0.170667 0.820285 0.169333 0.818505 0.166667 0.818505 0.165333 0.816726 0.164 0.818505 0.162667 0.818505 0.164 0.820285 0.165333 0.820285 0.168 0.823843 0.169333 0.823843 0.170667 0.825623 0.173333 0.825623 0.174667 0.827402 0.176 0.827402 0.177333 0.829181 0.178667 0.829181 0.18 0.830961 0.181333 0.830961 0.182667 0.83274 0.185333 0.83274 0.186667 0.83452 0.188 0.83452 0.189333 0.836299 0.190667 0.836299 0.192 0.838078 0.193333 0.838078 0.194667 0.839858 0.197333 0.839858 0.198667 0.841637 0.2 0.841637 0.201333 0.843416 0.22 0.843416 0.221333 0.845196 0.222667 0.843416 0.225333 0.843416 0.226667 0.841637 0.230667 0.841637 0.232 0.839858 0.234667 0.839858 0.236 0.838078 0.238667 0.838078 0.241333 0.841637 0.241333 0.843416 0.242667 0.845196 0.242667 0.846975 0.244 0.848754 0.244 0.850534 0.245333 0.852313 0.245333 0.854093 0.246667 0.852313 0.248 0.852313 0.250667 0.848754 0.252 0.848754 0.254667 0.845196 0.256 0.845196 0.256 0.843416 0.254667 0.841637 0.254667 0.839858 0.253333 0.838078 0.253333 0.836299 0.254667 0.83452 0.254667 0.83274 0.258667 0.827402 0.264 0.827402 0.265333 0.825623 0.269333 0.825623 0.270667 0.823843 0.276 0.823843 0.277333 0.822064 0.282667 0.822064 0.288 0.814947 0.289333 0.814947 0.297333 0.80427 0.298667 0.80427 0.306667 0.793594 0.308 0.793594 0.316 0.782918 0.317333 0.782918 0.322667 0.775801 0.324 0.775801 0.329333 0.768683 0.330667 0.768683 0.336 0.761566 0.337333 0.761566 0.342667 0.754448 0.344 0.754448 0.349333 0.747331 0.350667 0.747331 0.352 0.74911 0.352 0.779359 0.350667 0.781139 0.349333 0.781139 0.348 0.782918 0.346667 0.782918 0.345333 0.784698 0.344 0.784698 0.341333 0.788256 0.34 0.788256 0.338667 0.790036 0.337333 0.790036 0.336 0.791815 0.334667 0.791815 0.333333 0.793594 0.332 0.793594 0.330667 0.795374 0.329333 0.795374 0.328 0.797153 0.326667 0.797153 0.325333 0.798932 0.324 0.798932 0.321333 0.802491 0.32 0.802491 0.318667 0.80427 0.317333 0.80427 0.316 0.80605 0.314667 0.80605 0.3 0.825623 0.338667 0.825623 0.34 0.827402 0.341333 0.825623 0.344 0.825623 0.345333 0.823843 0.348 0.823843 0.349333 0.822064 0.352 0.822064 0.353333 0.820285 0.356 0.820285 0.357333 0.818505 0.36 0.818505 0.361333 0.816726 0.364 0.816726 0.365333 0.814947 0.368 0.814947 0.369333 0.813167 0.372 0.813167 0.373333 0.811388 0.376 0.811388 0.377333 0.809609 0.38 0.809609 0.381333 0.807829 0.385333 0.807829 0.386667 0.809609 0.389333 0.809609 0.390667 0.811388 0.392 0.811388 0.393333 0.813167 0.394667 0.813167 0.396 0.814947 0.397333 0.814947 0.398667 0.816726 0.401333 0.816726 0.402667 0.818505 0.404 0.818505 0.405333 0.820285 0.405333 0.822064 0.404 0.823843 0.404 0.827402 0.402667 0.829181 0.402667 0.83274 0.401333 0.83452 0.401333 0.838078 0.4 0.839858 0.4 0.843416 0.398667 0.845196 0.398667 0.846975 0.397333 0.848754 0.397333 0.852313 0.396 0.854093 0.396 0.857651 0.394667 0.859431 0.394667 0.862989 0.393333 0.864769 0.393333 0.866548 0.392 0.868327 0.392 0.870107 0.389333 0.873665 0.389333 0.875445 0.386667 0.879004 0.386667 0.880783 0.382667 0.886121 0.382667 0.8879 0.38 0.891459 0.38 0.893238 0.378667 0.895018 0.381333 0.895018 0.382667 0.896797 0.385333 0.896797 0.386667 0.898577 0.389333 0.898577 0.390667 0.900356 0.393333 0.900356 0.394667 0.902135 0.396 0.902135 0.397333 0.903915 0.4 0.903915 0.401333 0.905694 0.404 0.905694 0.405333 0.907473 0.408 0.907473 0.409333 0.909253 0.408 0.911032 0.405333 0.911032 0.404 0.912811 0.401333 0.912811 0.4 0.914591 0.397333 0.914591 0.396 0.91637 0.393333 0.91637 0.392 0.918149 0.388 0.918149 0.386667 0.919929 0.384 0.919929 0.382667 0.921708 0.38 0.921708 0.378667 0.923488 0.376 0.923488 0.374667 0.925267 0.372 0.925267 0.369333 0.928826 0.369333 0.930605 0.365333 0.935943 0.365333 0.937722 0.36 0.94484 0.36 0.946619 0.354667 0.953737 0.354667 0.955516 0.350667 0.960854 0.350667 0.962633 0.348 0.966192 0.346667 0.966192 0.345333 0.964413 0.342667 0.964413 0.341333 0.962633 0.34 0.962633 0.338667 0.960854 0.337333 0.960854 0.336 0.959075 0.333333 0.959075 0.332 0.957295 0.330667 0.957295 0.329333 0.955516 0.328 0.955516 0.326667 0.953737 0.325333 0.953737 0.324 0.951957 0.321333 0.951957 0.32 0.950178 0.318667 0.950178 0.317333 0.948399 0.314667 0.951957 0.313333 0.951957 0.314667 0.953737 0.316 0.953737 0.318667 0.957295 0.32 0.957295 0.322667 0.960854 0.324 0.960854 0.326667 0.964413 0.328 0.964413 0.330667 0.967972 0.332 0.967972 0.334667 0.97153 0.336 0.97153 0.338667 0.975089 0.34 0.975089 0.342667 0.978648 0.342667 0.980427 0.341333 0.982206 0.341333 0.985765 0.34 0.987544 0.34 0.991103 0.338667 0.992883 0.338667 0.996441 0.337333 0.998221 0.384 0.998221 0.385333 0.996441 0.386667 0.996441 0.390667 0.991103 0.392 0.991103 0.396 0.985765 0.397333 0.985765 0.401333 0.980427 0.402667 0.980427 0.406667 0.975089 0.408 0.975089 0.412 0.969751 0.413333 0.969751 0.417333 0.964413 0.418667 0.964413 0.422667 0.959075 0.424 0.959075 0.425333 0.957295 0.428 0.960854 0.428 0.962633 0.433333 0.969751 0.433333 0.97153 0.436 0.975089 0.437333 0.97331 0.44 0.97331 0.441333 0.97153 0.444 0.97153 0.445333 0.969751 0.446667 0.969751 0.448 0.967972 0.450667 0.967972 0.452 0.966192 0.454667 0.966192 0.456 0.964413 0.458667 0.964413 0.46 0.962633 0.462667 0.962633 0.464 0.960854 0.465333 0.960854 0.466667 0.959075 0.469333 0.959075 0.470667 0.957295 0.473333 0.957295 0.474667 0.955516 0.474667 0.953737 0.477333 0.950178 0.477333 0.948399 0.481333 0.94306 0.481333 0.941281 0.484 0.937722 0.484 0.935943 0.485333 0.934164 0.485333 0.932384 0.484 0.930605 0.484 0.925267 0.482667 0.923488 0.482667 0.918149 0.484 0.91637 0.484 0.914591 0.485333 0.912811 0.485333 0.911032 0.486667 0.909253 0.486667 0.905694 0.488 0.903915 0.488 0.902135 0.489333 0.900356 0.489333 0.898577 0.490667 0.896797 0.490667 0.895018 0.492 0.893238 0.493333 0.893238 0.516 0.923488 0.517333 0.921708 0.518667 0.921708 0.52 0.919929 0.521333 0.919929 0.513333 0.909253 0.513333 0.907473 0.496 0.884342 0.496 0.882562 0.488 0.871886 0.489333 0.870107 0.490667 0.870107 0.493333 0.866548 0.494667 0.866548 0.497333 0.862989 0.498667 0.862989 0.5 0.86121 0.501333 0.86121 0.504 0.857651 0.505333 0.857651 0.506667 0.855872 0.508 0.855872 0.510667 0.852313 0.512 0.852313 0.514667 0.848754 0.516 0.848754 0.517333 0.846975 0.518667 0.846975 0.521333 0.843416 0.522667 0.843416 0.525333 0.839858 0.526667 0.839858 0.528 0.838078 0.529333 0.838078 0.532 0.83452 0.533333 0.83452 0.536 0.830961 0.537333 0.830961 0.538667 0.829181 0.54 0.829181 0.542667 0.825623 0.544 0.825623 0.545333 0.823843 0.546667 0.823843 0.549333 0.820285 0.550667 0.820285 0.553333 0.816726 0.554667 0.816726 0.556 0.814947 0.557333 0.814947 0.56 0.811388 0.561333 0.811388 0.564 0.807829 0.566667 0.807829 0.568 0.809609 0.569333 0.809609 0.570667 0.811388 0.572 0.811388 0.573333 0.813167 0.574667 0.813167 0.576 0.814947 0.577333 0.814947 0.578667 0.816726 0.581333 0.816726 0.582667 0.818505 0.584 0.818505 0.585333 0.820285 0.586667 0.820285 0.588 0.822064 0.589333 0.822064 0.590667 0.823843 0.592 0.823843 0.593333 0.825623 0.594667 0.825623 0.596 0.827402 0.596 0.825623 0.597333 0.823843 0.597333 0.818505 0.598667 0.816726 0.598667 0.811388 0.6 0.809609 0.6 0.807829 0.597333 0.807829 0.596 0.80605 0.592 0.80605 0.590667 0.80427 0.588 0.80427 0.586667 0.802491 0.582667 0.802491 0.581333 0.800712 0.578667 0.800712 0.577333 0.798932 0.574667 0.798932 0.573333 0.797153 0.569333 0.797153 0.568 0.795374 0.565333 0.795374 0.564 0.793594 0.562667 0.793594 0.56 0.790036 0.558667 0.790036 0.556 0.786477 0.554667 0.786477 0.552 0.782918 0.550667 0.782918 0.549333 0.781139 0.548 0.781139 0.546667 0.779359 0.545333 0.779359 0.544 0.77758 0.541333 0.77758 0.54 0.775801 0.538667 0.775801 0.537333 0.774021 0.536 0.774021 0.534667 0.772242 0.533333 0.772242 0.530667 0.768683 0.529333 0.768683 0.526667 0.765125 0.525333 0.765125 0.521333 0.759786 0.52 0.759786 0.517333 0.756228 0.52 0.752669 0.521333 0.752669 0.525333 0.747331 0.526667 0.747331 0.529333 0.743772 0.537333 0.743772 0.538667 0.741993 0.546667 0.741993 0.548 0.740214 0.557333 0.740214 0.558667 0.738434 0.629333 0.738434 0.630667 0.740214 0.634667 0.740214 0.636 0.741993 0.638667 0.741993 0.64 0.743772 0.642667 0.743772 0.644 0.745552 0.648 0.745552 0.649333 0.747331 0.652 0.747331 0.653333 0.74911 0.657333 0.74911 0.658667 0.75089 0.661333 0.75089 0.662667 0.752669 0.665333 0.752669 0.666667 0.754448 0.670667 0.754448 0.672 0.756228 0.674667 0.756228 0.677333 0.759786 0.678667 0.759786 0.684 0.766904 0.685333 0.766904 0.690667 0.774021 0.692 0.774021 0.694667 0.77758 0.694667 0.781139 0.693333 0.782918 0.693333 0.790036 0.692 0.791815 0.692 0.800712 0.690667 0.802491 0.690667 0.809609 0.689333 0.811388 0.689333 0.814947 0.692 0.811388 0.692 0.809609 0.698667 0.800712 0.698667 0.798932 0.705333 0.790036 0.705333 0.788256 0.712 0.779359 0.712 0.77758 0.714667 0.774021 0.718667 0.774021 0.72 0.775801 0.724 0.775801 0.725333 0.77758 0.728 0.77758 0.729333 0.779359 0.733333 0.779359 0.734667 0.781139 0.738667 0.781139 0.74 0.782918 0.744 0.782918 0.745333 0.784698 0.748 0.784698 0.749333 0.786477 0.753333 0.786477 0.754667 0.788256 0.757333 0.784698 0.758667 0.784698 0.764 0.77758 0.765333 0.77758 0.766667 0.775801 0.766667 0.770463 0.768 0.768683 0.768 0.756228 0.769333 0.754448 0.769333 0.741993 0.770667 0.740214 0.770667 0.734875 0.728 0.734875 0.726667 0.733096 0.726667 0.725979 0.728 0.724199 0.728 0.708185 0.729333 0.706406 0.729333 0.699288 0.728 0.697509 0.726667 0.697509 0.721333 0.690391 0.72 0.690391 0.714667 0.683274 0.713333 0.683274 0.709333 0.677936 0.708 0.677936 0.702667 0.670819 0.701333 0.670819 0.697333 0.66548 0.696 0.66548 0.690667 0.658363 0.689333 0.658363 0.684 0.651246 0.682667 0.651246 0.68 0.647687 0.68 0.642349 0.678667 0.640569 0.678667 0.629893 0.677333 0.628114 0.677333 0.615658 0.676 0.613879 0.676 0.608541 0.669333 0.608541 0.668 0.606762 0.661333 0.606762 0.66 0.604982 0.654667 0.604982 0.653333 0.603203 0.646667 0.603203 0.645333 0.601423 0.621333 0.601423 0.62 0.603203 0.613333 0.603203 0.612 0.604982 0.605333 0.604982 0.604 0.606762 0.597333 0.606762 0.594667 0.61032 0.594667 0.6121 0.590667 0.617438 0.584 0.617438 0.582667 0.615658 0.577333 0.615658 0.576 0.613879 0.569333 0.613879 0.566667 0.61032 0.565333 0.61032 0.56 0.603203 0.558667 0.603203 0.553333 0.596085 0.552 0.596085 0.548 0.590747
1 0.232 0.574733 0.230667 0.576512 0.204 0.576512 0.202667 0.578292 0.176 0.578292 0.174667 0.580071 0.148 0.580071 0.146667 0.581851 0.144 0.581851 0.142667 0.58363 0.138667 0.58363 0.137333 0.585409 0.134667 0.585409 0.134667 0.594306 0.136 0.592527 0.18 0.592527 0.181333 0.590747 0.193333 0.590747 0.194667 0.588968 0.206667 0.588968 0.208 0.587189 0.22 0.587189 0.221333 0.585409 0.233333 0.585409 0.233333 0.581851 0.232 0.580071
1 0.165333 0.524911 0.164 0.52669 0.142667 0.52669 0.141333 0.52847 0.118667 0.52847 0.117333 0.530249 0.112 0.530249 0.110667 0.532028 0.105333 0.532028 0.104 0.533808 0.098667 0.533808 0.097333 0.535587 0.090667 0.535587 0.089333 0.537367 0.084 0.537367 0.082667 0.539146 0.077333 0.539146 0.076 0.540925 0.070667 0.540925 0.069333 0.542705 0.066667 0.542705 0.065333 0.544484 0.064 0.544484 0.062667 0.546263 0.06 0.546263 0.058667 0.548043 0.057333 0.548043 0.056 0.549822 0.053333 0.549822 0.057333 0.55516 0.058667 0.553381 0.065333 0.553381 0.066667 0.551601 0.073333 0.551601 0.074667 0.549822 0.081333 0.549822 0.082667 0.548043 0.089333 0.548043 0.090667 0.546263 0.097333 0.546263 0.098667 0.544484 0.104 0.544484 0.105333 0.542705 0.109333 0.542705 0.110667 0.540925 0.116 0.540925 0.117333 0.539146 0.124 0.539146 0.125333 0.537367 0.132 0.537367 0.133333 0.535587 0.14 0.535587 0.141333 0.533808 0.149333 0.533808 0.150667 0.532028 0.157333 0.532028 0.158667 0.530249 0.165333 0.530249
1 0.236 0.457295 0.234667 0.459075 0.204 0.459075 0.202667 0.460854 0.170667 0.460854 0.170667 0.462633 0.169333 0.464413 0.169333 0.466192 0.168 0.467972 0.168 0.469751 0.193333 0.469751 0.194667 0.467972 0.213333 0.467972 0.214667 0.466192 0.232 0.466192 0.233333 0.464413 0.252 0.464413 0.253333 0.462633 0.272 0.462633 0.273333 0.460854 0.274667 0.460854 0.277333 0.457295 0.278667 0.457295
1 0.717333 0.307829 0.717333 0.311388 0.718667 0.313167 0.718667 0.318505 0.72 0.316726 0.748 0.316726 0.749333 0.314947 0.777333 0.314947 0.777333 0.309609 0.750667 0.309609 0.749333 0.307829
1 0.134667 0.30427 0.133333 0.30605 0.132 0.30605 0.130667 0.307829 0.129333 0.307829 0.129333 0.313167 0.132 0.313167 0.133333 0.314947 0.134667 0.314947 0.136 0.316726 0.137333 0.314947 0.142667 0.314947 0.142667 0.309609 0.141333 0.307829 0.141333 0.30605 0.14 0.30427
1 0.294667 0.25089 0.304 0.263345 0.302667 0.265125 0.298667 0.265125 0.297333 0.266904 0.294667 0.266904 0.293333 0.268683 0.289333 0.268683 0.288 0.270463 0.285333 0.270463 0.284 0.272242 0.28 0.272242 0.278667 0.274021 0.274667 0.274021 0.273333 0.275801 0.270667 0.275801 0.269333 0.27758 0.265333 0.27758 0.265333 0.281139 0.264 0.282918 0.264 0.288256 0.262667 0.290036 0.262667 0.291815 0.264 0.290036 0.268 0.290036 0.269333 0.288256 0.273333 0.288256 0.274667 0.286477 0.278667 0.286477 0.28 0.284698 0.282667 0.284698 0.284 0.282918 0.288 0.282918 0.289333 0.281139 0.293333 0.281139 0.294667 0.279359 0.298667 0.279359 0.3 0.27758 0.409333 0.27758 0.410667 0.279359 0.424 0.279359 0.425333 0.281139 0.438667 0.281139 0.44 0.282918 0.453333 0.282918 0.454667 0.284698 0.468 0.284698 0.469333 0.286477 0.473333 0.286477 0.474667 0.288256 0.478667 0.288256 0.48 0.290036 0.484 0.290036 0.485333 0.291815 0.489333 0.291815 0.490667 0.293594 0.494667 0.293594 0.496 0.295374 0.498667 0.295374 0.5 0.297153 0.504 0.297153 0.505333 0.298932 0.509333 0.298932 0.510667 0.300712 0.514667 0.300712 0.516 0.302491 0.52 0.302491 0.521333 0.30427 0.522667 0.302491 0.544 0.302491 0.545333 0.300712 0.585333 0.300712 0.586667 0.302491 0.604 0.302491 0.605333 0.30427 0.621333 0.30427 0.622667 0.30605 0.64 0.30605 0.641333 0.307829 0.649333 0.307829 0.650667 0.309609 0.658667 0.309609 0.66 0.311388 0.668 0.311388 0.669333 0.313167 0.677333 0.313167 0.678667 0.314947 0.686667 0.314947 0.688 0.316726 0.696 0.316726 0.697333 0.318505 0.704 0.318505 0.705333 0.320285 0.710667 0.320285 0.712 0.322064 0.712 0.320285 0.710667 0.318505 0.710667 0.316726 0.709333 0.314947 0.709333 0.311388 0.708 0.309609 0.708 0.307829 0.706667 0.30605 0.706667 0.30427 0.698667 0.30427 0.697333 0.302491 0.689333 0.302491 0.688 0.300712 0.68 0.300712 0.678667 0.298932 0.670667 0.298932 0.669333 0.297153 0.661333 0.297153 0.66 0.295374 0.652 0.295374 0.650667 0.293594 0.642667 0.293594 0.641333 0.291815 0.616 0.291815 0.614667 0.290036 0.589333 0.290036 0.588 0.288256 0.562667 0.288256 0.561333 0.286477 0.56 0.286477 0.557333 0.282918 0.556 0.282918 0.554667 0.281139 0.553333 0.281139 0.550667 0.27758 0.549333 0.27758 0.546667 0.274021 0.545333 0.274021 0.544 0.272242 0.5 0.272242 0.498667 0.270463 0.485333 0.270463 0.484 0.268683 0.482667 0.270463 0.474667 0.270463 0.473333 0.272242 0.466667 0.272242 0.465333 0.270463 0.465333 0.259786 0.421333 0.259786 0.42 0.258007 0.398667 0.258007 0.397333 0.256228 0.377333 0.256228 0.376 0.254448 0.336 0.254448 0.334667 0.252669 0.296 0.252669
