0 0.578457 0.858156 0.577128 0.859929 0.577128 0.861702 0.575798 0.863475 0.575798 0.865248 0.574468 0.867021 0.575798 0.868794 0.575798 0.870567 0.577128 0.87234 0.577128 0.874113 0.578457 0.875887 0.578457 0.87766 0.581117 0.881206 0.582447 0.881206 0.587766 0.888298 0.589096 0.888298 0.591755 0.891844 0.594415 0.888298 0.595745 0.888298 0.597074 0.886525 0.602394 0.886525 0.602394 0.879433 0.601064 0.87766 0.601064 0.867021 0.599734 0.865248 0.599734 0.861702 0.595745 0.861702 0.594415 0.859929 0.590426 0.859929 0.589096 0.858156
0 0.678191 0.824468 0.674202 0.829787 0.674202 0.83156 0.670213 0.836879 0.670213 0.843972 0.671543 0.845745 0.671543 0.861702 0.672872 0.863475 0.672872 0.870567 0.676862 0.870567 0.678191 0.87234 0.682181 0.87234 0.683511 0.874113 0.683511 0.835106 0.682181 0.833333 0.682181 0.83156 0.679521 0.828014 0.679521 0.826241
0 0.0 0.79078 0.0 0.819149 0.006649 0.819149 0.007979 0.820922 0.007979 0.806738 0.006649 0.804965 0.006649 0.79078
0 0.634309 0.789007 0.631649 0.792553 0.631649 0.794326 0.630319 0.796099 0.630319 0.797872 0.628989 0.799645 0.628989 0.801418 0.630319 0.801418 0.631649 0.803191 0.632979 0.803191 0.634309 0.804965 0.635638 0.804965 0.636968 0.806738 0.638298 0.806738 0.639628 0.808511 0.640957 0.808511 0.642287 0.810284 0.643617 0.810284 0.644947 0.812057 0.646277 0.812057 0.647606 0.81383 0.648936 0.81383 0.650266 0.815603 0.651596 0.815603 0.652926 0.817376 0.654255 0.815603 0.654255 0.81383 0.655585 0.812057 0.655585 0.810284 0.656915 0.808511 0.656915 0.806738 0.662234 0.799645 0.663564 0.799645 0.666223 0.796099 0.664894 0.794326 0.664894 0.792553 0.663564 0.79078 0.655585 0.79078 0.654255 0.789007 0.654255 0.796099 0.652926 0.797872 0.652926 0.799645 0.651596 0.801418 0.650266 0.801418 0.644947 0.794326 0.643617 0.794326 0.639628 0.789007
0 0.80984 0.787234 0.80984 0.789007 0.808511 0.79078 0.808511 0.792553 0.807181 0.794326 0.808511 0.796099 0.808511 0.797872 0.81117 0.801418 0.81117 0.803191 0.8125 0.804965 0.81383 0.803191 0.828457 0.803191 0.827128 0.801418 0.827128 0.799645 0.824468 0.796099 0.824468 0.794326 0.823138 0.792553 0.823138 0.79078 0.820479 0.79078 0.819149 0.789007 0.816489 0.789007 0.81516 0.787234
0 0.371011 0.741135 0.369681 0.742908 0.363032 0.742908 0.359043 0.748227 0.359043 0.75 0.360372 0.751773 0.360372 0.753546 0.361702 0.755319 0.361702 0.758865 0.363032 0.760638 0.363032 0.764184 0.364362 0.765957 0.364362 0.76773 0.365691 0.769504 0.365691 0.771277 0.37234 0.771277 0.37367 0.769504 0.378989 0.769504 0.378989 0.765957 0.380319 0.764184 0.380319 0.762411 0.378989 0.760638 0.378989 0.758865 0.37766 0.757092 0.37766 0.755319 0.375 0.751773 0.375 0.75 0.37367 0.748227 0.37367 0.746454 0.37234 0.744681 0.37234 0.742908
0 0.030585 0.721631 0.029255 0.723404 0.025266 0.723404 0.023936 0.725177 0.018617 0.725177 0.015957 0.728723 0.014628 0.728723 0.014628 0.730496 0.015957 0.73227 0.015957 0.734043 0.017287 0.735816 0.017287 0.737589 0.019947 0.737589 0.021277 0.739362 0.023936 0.739362 0.025266 0.741135 0.026596 0.739362 0.027926 0.739362 0.029255 0.737589 0.030585 0.737589 0.031915 0.735816 0.033245 0.735816 0.034574 0.734043 0.035904 0.734043 0.038564 0.730496 0.038564 0.728723 0.037234 0.72695 0.037234 0.723404 0.031915 0.723404
0 0.335106 0.687943 0.333777 0.689716 0.323138 0.689716 0.323138 0.691489 0.321809 0.693262 0.31383 0.693262 0.3125 0.695035 0.3125 0.696809 0.31117 0.698582 0.31117 0.700355 0.30984 0.702128 0.30984 0.714539 0.31117 0.716312 0.31117 0.718085 0.3125 0.719858 0.319149 0.719858 0.320479 0.718085 0.320479 0.716312 0.323138 0.712766 0.323138 0.710993 0.324468 0.70922 0.324468 0.705674 0.327128 0.702128 0.331117 0.702128 0.332447 0.703901 0.333777 0.702128 0.335106 0.702128 0.336436 0.700355 0.337766 0.700355 0.337766 0.698582 0.339096 0.696809 0.339096 0.695035 0.336436 0.691489 0.336436 0.689716
0 0.958777 0.656028 0.957447 0.657801 0.956117 0.657801 0.954787 0.659574 0.952128 0.659574 0.950798 0.661348 0.949468 0.661348 0.949468 0.663121 0.950798 0.664894 0.950798 0.666667 0.956117 0.666667 0.957447 0.66844 0.957447 0.671986 0.958777 0.673759 0.958777 0.675532 0.960106 0.677305 0.960106 0.679078 0.965426 0.68617 0.974734 0.68617 0.974734 0.680851 0.976064 0.679078 0.984043 0.679078 0.985372 0.680851 0.986702 0.679078 0.988032 0.679078 0.986702 0.679078 0.985372 0.677305 0.984043 0.677305 0.981383 0.673759 0.980053 0.673759 0.978723 0.671986 0.977394 0.671986 0.976064 0.670213 0.973404 0.670213 0.972074 0.66844 0.969415 0.66844 0.968085 0.666667 0.965426 0.666667 0.961436 0.661348 0.961436 0.659574
0 0.049202 0.641844 0.047872 0.643617 0.043883 0.643617 0.042553 0.64539 0.038564 0.64539 0.037234 0.647163 0.033245 0.647163 0.031915 0.648936 0.014628 0.648936 0.013298 0.650709 0.009309 0.650709 0.009309 0.652482 0.007979 0.654255 0.007979 0.656028 0.006649 0.657801 0.018617 0.657801 0.019947 0.656028 0.027926 0.656028 0.029255 0.654255 0.034574 0.654255 0.035904 0.652482 0.041223 0.652482 0.042553 0.650709 0.043883 0.650709 0.045213 0.648936 0.046543 0.648936 0.047872 0.647163 0.049202 0.647163 0.050532 0.64539 0.053191 0.64539 0.054521 0.643617 0.055851 0.643617 0.057181 0.641844 0.058511 0.641844
0 0.625 0.632979 0.621011 0.638298 0.621011 0.647163 0.640957 0.647163 0.640957 0.638298 0.639628 0.636525 0.638298 0.636525 0.635638 0.632979
0 0.449468 0.60461 0.448138 0.606383 0.446809 0.606383 0.444149 0.609929 0.442819 0.609929 0.444149 0.611702 0.444149 0.613475 0.445479 0.615248 0.445479 0.617021 0.446809 0.618794 0.446809 0.620567 0.448138 0.62234 0.448138 0.624113 0.449468 0.625887 0.449468 0.62766 0.450798 0.629433 0.452128 0.629433 0.453457 0.631206 0.454787 0.631206 0.456117 0.632979 0.457447 0.631206 0.458777 0.631206 0.460106 0.629433 0.461436 0.629433 0.468085 0.620567 0.461436 0.611702 0.461436 0.609929 0.457447 0.60461
0 0.492021 0.570922 0.488032 0.576241 0.488032 0.578014 0.486702 0.579787 0.486702 0.58156 0.485372 0.583333 0.485372 0.586879 0.486702 0.588652 0.486702 0.592199 0.489362 0.592199 0.490691 0.593972 0.492021 0.593972 0.493351 0.595745 0.494681 0.593972 0.496011 0.593972 0.49734 0.592199 0.49867 0.592199 0.5 0.590426 0.5 0.588652 0.50133 0.586879 0.50133 0.576241 0.5 0.574468 0.5 0.570922
0 0.296543 0.547872 0.295213 0.549645 0.292553 0.549645 0.291223 0.551418 0.284574 0.551418 0.283245 0.553191 0.281915 0.553191 0.280585 0.554965 0.277926 0.554965 0.276596 0.556738 0.275266 0.556738 0.272606 0.560284 0.271277 0.560284 0.269947 0.562057 0.268617 0.562057 0.267287 0.56383 0.265957 0.56383 0.263298 0.567376 0.261968 0.567376 0.260638 0.569149 0.259309 0.569149 0.259309 0.570922 0.257979 0.572695 0.259309 0.574468 0.259309 0.576241 0.260638 0.578014 0.268617 0.578014 0.269947 0.579787 0.271277 0.578014 0.272606 0.578014 0.273936 0.576241 0.276596 0.576241 0.277926 0.574468 0.279255 0.574468 0.280585 0.572695 0.283245 0.572695 0.284574 0.570922 0.285904 0.570922 0.287234 0.569149 0.289894 0.569149 0.289894 0.567376 0.291223 0.565603 0.291223 0.56383 0.292553 0.562057 0.292553 0.560284 0.293883 0.558511 0.299202 0.558511 0.299202 0.556738 0.297872 0.554965 0.297872 0.551418 0.296543 0.549645
0 0.490691 0.480496 0.490691 0.487589 0.492021 0.489362 0.492021 0.498227 0.509309 0.498227 0.510638 0.5 0.510638 0.491135 0.511968 0.489362 0.511968 0.48227 0.492021 0.48227
0 0.458777 0.47695 0.457447 0.478723 0.453457 0.478723 0.450798 0.48227 0.450798 0.484043 0.448138 0.487589 0.448138 0.489362 0.449468 0.491135 0.449468 0.492908 0.461436 0.492908 0.462766 0.491135 0.466755 0.491135 0.469415 0.487589 0.470745 0.487589 0.470745 0.485816 0.469415 0.484043 0.469415 0.48227 0.466755 0.48227 0.465426 0.480496 0.464096 0.480496 0.462766 0.478723 0.460106 0.478723
0 0.081117 0.47695 0.079787 0.478723 0.075798 0.478723 0.074468 0.480496 0.070479 0.480496 0.069149 0.48227 0.069149 0.484043 0.066489 0.487589 0.066489 0.491135 0.070479 0.491135 0.071809 0.489362 0.074468 0.489362 0.075798 0.487589 0.089096 0.487589 0.089096 0.48227 0.087766 0.48227 0.086436 0.480496 0.085106 0.480496 0.083777 0.478723 0.082447 0.478723
0 0.150266 0.450355 0.148936 0.452128 0.142287 0.452128 0.142287 0.453901 0.143617 0.455674 0.143617 0.45922 0.144947 0.457447 0.158245 0.457447 0.158245 0.450355
0 0.496011 0.404255 0.494681 0.406028 0.490691 0.406028 0.489362 0.407801 0.484043 0.407801 0.484043 0.413121 0.485372 0.414894 0.485372 0.423759 0.486702 0.425532 0.486702 0.430851 0.488032 0.432624 0.488032 0.434397 0.492021 0.439716 0.492021 0.441489 0.496011 0.446809 0.496011 0.448582 0.5 0.453901 0.5 0.455674 0.50133 0.457447 0.510638 0.457447 0.510638 0.446809 0.509309 0.445035 0.509309 0.420213 0.507979 0.41844 0.507979 0.406028 0.49734 0.406028
0 0.293883 0.404255 0.292553 0.406028 0.285904 0.406028 0.285904 0.409574 0.284574 0.411348 0.284574 0.416667 0.283245 0.41844 0.283245 0.421986 0.284574 0.420213 0.287234 0.420213 0.288564 0.41844 0.291223 0.41844 0.292553 0.416667 0.293883 0.416667 0.295213 0.414894 0.297872 0.414894 0.299202 0.413121 0.301862 0.413121 0.299202 0.409574 0.297872 0.409574
0 0.56516 0.363475 0.56516 0.365248 0.56383 0.367021 0.56383 0.37234 0.5625 0.374113 0.5625 0.37766 0.56117 0.379433 0.56117 0.381206 0.55984 0.382979 0.555851 0.382979 0.554521 0.384752 0.549202 0.384752 0.549202 0.386525 0.550532 0.388298 0.550532 0.393617 0.551862 0.39539 0.551862 0.400709 0.553191 0.402482 0.553191 0.404255 0.554521 0.406028 0.554521 0.407801 0.558511 0.413121 0.558511 0.414894 0.5625 0.420213 0.5625 0.421986 0.56383 0.423759 0.567819 0.41844 0.569149 0.41844 0.570479 0.416667 0.570479 0.413121 0.569149 0.411348 0.569149 0.402482 0.567819 0.400709 0.567819 0.39539 0.570479 0.391844 0.571809 0.391844 0.577128 0.384752 0.578457 0.384752 0.582447 0.379433 0.583777 0.379433 0.585106 0.37766 0.583777 0.375887 0.583777 0.374113 0.581117 0.370567 0.581117 0.368794 0.579787 0.367021 0.579787 0.365248 0.578457 0.363475
0 0.538564 0.35461 0.538564 0.361702 0.537234 0.363475 0.537234 0.368794 0.538564 0.368794 0.539894 0.370567 0.542553 0.370567 0.543883 0.37234 0.545213 0.37234 0.546543 0.374113 0.547872 0.374113 0.549202 0.375887 0.550532 0.374113 0.555851 0.374113 0.555851 0.37234 0.554521 0.370567 0.554521 0.368794 0.553191 0.368794 0.550532 0.365248 0.549202 0.365248 0.546543 0.361702 0.545213 0.361702 0.542553 0.358156 0.541223 0.358156
0 0.329787 0.294326 0.328457 0.296099 0.327128 0.296099 0.325798 0.297872 0.324468 0.297872 0.324468 0.301418 0.325798 0.303191 0.325798 0.306738 0.327128 0.306738 0.328457 0.308511 0.329787 0.308511 0.331117 0.310284 0.333777 0.306738 0.333777 0.304965 0.336436 0.301418 0.335106 0.299645 0.333777 0.299645
0 0.845745 0.278369 0.844415 0.280142 0.833777 0.280142 0.825798 0.29078 0.827128 0.29078 0.828457 0.292553 0.831117 0.292553 0.832447 0.294326 0.833777 0.294326 0.835106 0.296099 0.836436 0.296099 0.837766 0.297872 0.875 0.297872 0.87633 0.299645 0.87234 0.294326 0.87234 0.292553 0.868351 0.287234 0.865691 0.287234 0.864362 0.285461 0.863032 0.285461 0.861702 0.283688 0.859043 0.283688 0.857713 0.281915 0.856383 0.281915 0.855053 0.280142 0.847074 0.280142
1 0.042553 0.960993 0.035904 0.969858 0.00133 0.969858 0.0 0.971631 0.0 0.980496 0.00266 0.980496 0.003989 0.978723 0.005319 0.978723 0.006649 0.97695 0.009309 0.97695 0.010638 0.975177 0.041223 0.975177 0.042553 0.973404 0.047872 0.973404 0.046543 0.971631 0.046543 0.969858 0.045213 0.968085 0.045213 0.966312 0.042553 0.962766
1 0.990691 0.514184 0.990691 0.515957 0.988032 0.519504 0.973404 0.519504 0.972074 0.521277 0.981383 0.521277 0.982713 0.52305 0.980053 0.526596 0.980053 0.528369 0.976064 0.533688 0.970745 0.533688 0.970745 0.535461 0.969415 0.537234 0.969415 0.54078 0.968085 0.542553 0.966755 0.54078 0.962766 0.54078 0.961436 0.539007 0.958777 0.539007 0.957447 0.537234 0.953457 0.537234 0.952128 0.535461 0.945479 0.535461 0.944149 0.533688 0.9375 0.533688 0.933511 0.528369 0.932181 0.528369 0.930851 0.526596 0.925532 0.533688 0.926862 0.535461 0.928191 0.535461 0.929521 0.537234 0.929521 0.54078 0.928191 0.542553 0.928191 0.547872 0.930851 0.547872 0.932181 0.549645 0.926862 0.556738 0.932181 0.556738 0.933511 0.558511 0.933511 0.56383 0.93484 0.565603 0.9375 0.565603 0.93883 0.56383 0.94016 0.56383 0.941489 0.562057 0.944149 0.562057 0.945479 0.560284 0.946809 0.560284 0.948138 0.558511 0.950798 0.562057 0.952128 0.562057 0.953457 0.56383 0.960106 0.56383 0.961436 0.565603 0.969415 0.565603 0.972074 0.569149 0.973404 0.569149 0.976064 0.572695 0.977394 0.572695 0.980053 0.576241 0.981383 0.576241 0.984043 0.579787 0.985372 0.579787 0.988032 0.583333 0.986702 0.585106 0.977394 0.585106 0.978723 0.586879 0.986702 0.586879 0.988032 0.585106 0.990691 0.588652 0.992021 0.588652 0.994681 0.592199 0.996011 0.592199 0.99867 0.595745 0.99867 0.583333 0.990691 0.583333 0.985372 0.576241 0.984043 0.576241 0.980053 0.570922 0.981383 0.569149 0.982713 0.569149 0.984043 0.567376 0.985372 0.567376 0.986702 0.565603 0.988032 0.567376 0.990691 0.567376 0.992021 0.569149 0.996011 0.569149 0.99734 0.570922 0.99867 0.570922 0.99867 0.549645 0.994681 0.549645 0.993351 0.547872 0.989362 0.547872 0.988032 0.546099 0.982713 0.546099 0.976064 0.537234 0.986702 0.52305 0.988032 0.524823 0.993351 0.524823 0.994681 0.526596 0.99867 0.526596 0.99867 0.51773 0.99734 0.51773 0.996011 0.515957 0.993351 0.515957 0.992021 0.514184
1 0.484043 0.27305 0.482713 0.274823 0.478723 0.274823 0.477394 0.276596 0.473404 0.276596 0.474734 0.278369 0.474734 0.280142 0.478723 0.285461 0.478723 0.287234 0.477394 0.289007 0.476064 0.289007 0.473404 0.285461 0.472074 0.285461 0.470745 0.283688 0.466755 0.283688 0.465426 0.281915 0.461436 0.281915 0.460106 0.280142 0.442819 0.280142 0.441489 0.281915 0.44016 0.281915 0.4375 0.285461 0.43617 0.285461 0.43617 0.29078 0.445479 0.29078 0.446809 0.292553 0.448138 0.292553 0.449468 0.294326 0.452128 0.294326 0.453457 0.296099 0.454787 0.296099 0.456117 0.297872 0.458777 0.297872 0.460106 0.299645 0.464096 0.299645 0.465426 0.301418 0.469415 0.301418 0.470745 0.303191 0.470745 0.306738 0.472074 0.308511 0.472074 0.310284 0.470745 0.312057 0.465426 0.312057 0.464096 0.31383 0.460106 0.31383 0.460106 0.315603 0.461436 0.317376 0.461436 0.320922 0.460106 0.322695 0.460106 0.326241 0.458777 0.328014 0.458777 0.329787 0.457447 0.33156 0.446809 0.33156 0.445479 0.333333 0.444149 0.33156 0.442819 0.33156 0.441489 0.329787 0.44016 0.329787 0.4375 0.326241 0.43617 0.326241 0.43484 0.324468 0.433511 0.324468 0.432181 0.322695 0.420213 0.322695 0.418883 0.320922 0.418883 0.317376 0.420213 0.315603 0.420213 0.310284 0.422872 0.306738 0.422872 0.304965 0.425532 0.301418 0.425532 0.294326 0.418883 0.285461 0.416223 0.285461 0.414894 0.283688 0.413564 0.283688 0.412234 0.281915 0.409574 0.281915 0.406915 0.278369 0.405585 0.278369 0.404255 0.276596 0.388298 0.276596 0.386968 0.278369 0.384309 0.278369 0.382979 0.280142 0.380319 0.280142 0.378989 0.281915 0.37633 0.281915 0.37633 0.283688 0.37766 0.285461 0.37766 0.287234 0.378989 0.289007 0.378989 0.292553 0.380319 0.294326 0.380319 0.296099 0.381649 0.297872 0.380319 0.299645 0.37766 0.299645 0.37633 0.301418 0.37367 0.301418 0.37234 0.303191 0.369681 0.303191 0.368351 0.304965 0.349734 0.304965 0.348404 0.303191 0.336436 0.303191 0.335106 0.304965 0.335106 0.306738 0.331117 0.312057 0.329787 0.310284 0.328457 0.310284 0.327128 0.308511 0.328457 0.310284 0.328457 0.312057 0.329787 0.31383 0.329787 0.315603 0.331117 0.317376 0.332447 0.317376 0.335106 0.320922 0.336436 0.320922 0.337766 0.322695 0.365691 0.322695 0.367021 0.320922 0.368351 0.320922 0.37234 0.315603 0.37367 0.315603 0.37633 0.312057 0.37766 0.31383 0.378989 0.31383 0.380319 0.315603 0.381649 0.315603 0.382979 0.317376 0.385638 0.317376 0.386968 0.319149 0.388298 0.319149 0.389628 0.320922 0.390957 0.320922 0.392287 0.322695 0.393617 0.322695 0.394947 0.324468 0.396277 0.324468 0.398936 0.328014 0.400266 0.328014 0.401596 0.329787 0.402926 0.329787 0.404255 0.33156 0.409574 0.33156 0.410904 0.333333 0.414894 0.333333 0.416223 0.335106 0.421543 0.335106 0.422872 0.336879 0.422872 0.338652 0.421543 0.340426 0.421543 0.343972 0.420213 0.345745 0.406915 0.345745 0.405585 0.347518 0.404255 0.347518 0.401596 0.351064 0.400266 0.351064 0.397606 0.35461 0.396277 0.35461 0.389628 0.363475 0.389628 0.365248 0.390957 0.367021 0.390957 0.368794 0.392287 0.370567 0.392287 0.37234 0.393617 0.374113 0.392287 0.375887 0.382979 0.375887 0.381649 0.374113 0.378989 0.374113 0.37766 0.37234 0.37633 0.37234 0.375 0.370567 0.37234 0.370567 0.371011 0.368794 0.367021 0.368794 0.365691 0.367021 0.361702 0.367021 0.363032 0.368794 0.363032 0.37234 0.364362 0.374113 0.364362 0.375887 0.363032 0.37766 0.363032 0.379433 0.361702 0.381206 0.361702 0.382979 0.360372 0.384752 0.361702 0.386525 0.361702 0.388298 0.363032 0.390071 0.363032 0.391844 0.364362 0.393617 0.364362 0.39539 0.365691 0.397163 0.365691 0.398936 0.367021 0.400709 0.367021 0.402482 0.368351 0.404255 0.368351 0.406028 0.369681 0.407801 0.369681 0.409574 0.371011 0.411348 0.371011 0.413121 0.37234 0.414894 0.37234 0.416667 0.37367 0.41844 0.37367 0.420213 0.375 0.421986 0.37367 0.423759 0.356383 0.423759 0.355053 0.421986 0.352394 0.421986 0.351064 0.420213 0.349734 0.420213 0.348404 0.41844 0.345745 0.41844 0.343085 0.414894 0.341755 0.414894 0.339096 0.411348 0.337766 0.411348 0.333777 0.406028 0.332447 0.406028 0.329787 0.402482 0.328457 0.402482 0.325798 0.398936 0.327128 0.397163 0.329787 0.397163 0.328457 0.39539 0.327128 0.39539 0.325798 0.397163 0.324468 0.397163 0.321809 0.400709 0.320479 0.400709 0.319149 0.402482 0.317819 0.402482 0.316489 0.404255 0.31516 0.404255 0.31383 0.406028 0.3125 0.406028 0.31117 0.407801 0.30984 0.407801 0.307181 0.411348 0.305851 0.411348 0.304521 0.413121 0.303191 0.413121 0.301862 0.414894 0.299202 0.414894 0.297872 0.416667 0.295213 0.416667 0.293883 0.41844 0.292553 0.41844 0.291223 0.420213 0.288564 0.420213 0.287234 0.421986 0.284574 0.421986 0.283245 0.423759 0.273936 0.423759 0.272606 0.425532 0.269947 0.421986 0.269947 0.420213 0.267287 0.416667 0.267287 0.414894 0.265957 0.413121 0.265957 0.411348 0.263298 0.407801 0.263298 0.406028 0.260638 0.402482 0.260638 0.400709 0.259309 0.398936 0.259309 0.397163 0.257979 0.39539 0.257979 0.391844 0.256649 0.390071 0.256649 0.388298 0.253989 0.388298 0.253989 0.390071 0.25266 0.391844 0.25266 0.393617 0.25 0.397163 0.24867 0.397163 0.24734 0.398936 0.244681 0.398936 0.243351 0.400709 0.242021 0.400709 0.242021 0.402482 0.243351 0.404255 0.243351 0.406028 0.244681 0.407801 0.244681 0.409574 0.25266 0.420213 0.25266 0.427305 0.25133 0.429078 0.24867 0.429078 0.24734 0.430851 0.244681 0.430851 0.243351 0.432624 0.240691 0.432624 0.239362 0.434397 0.238032 0.432624 0.227394 0.432624 0.226064 0.430851 0.214096 0.430851 0.206117 0.420213 0.206117 0.413121 0.207447 0.411348 0.207447 0.404255 0.206117 0.402482 0.206117 0.400709 0.204787 0.398936 0.204787 0.400709 0.203457 0.402482 0.203457 0.406028 0.202128 0.407801 0.202128 0.409574 0.200798 0.411348 0.200798 0.413121 0.199468 0.414894 0.199468 0.416667 0.198138 0.41844 0.198138 0.420213 0.196809 0.421986 0.196809 0.423759 0.195479 0.425532 0.194149 0.425532 0.192819 0.427305 0.191489 0.427305 0.19016 0.429078 0.18883 0.429078 0.1875 0.430851 0.18617 0.429078 0.18484 0.429078 0.182181 0.425532 0.180851 0.425532 0.178191 0.421986 0.176862 0.421986 0.175532 0.420213 0.168883 0.420213 0.167553 0.41844 0.167553 0.416667 0.166223 0.414894 0.155585 0.414894 0.154255 0.416667 0.151596 0.416667 0.150266 0.41844 0.147606 0.41844 0.146277 0.420213 0.143617 0.420213 0.142287 0.421986 0.139628 0.421986 0.138298 0.423759 0.136968 0.421986 0.135638 0.421986 0.132979 0.41844 0.131649 0.41844 0.130319 0.416667 0.128989 0.416667 0.12766 0.414894 0.12766 0.413121 0.128989 0.411348 0.128989 0.406028 0.130319 0.404255 0.130319 0.398936 0.131649 0.397163 0.131649 0.390071 0.132979 0.388298 0.132979 0.384752 0.134309 0.382979 0.135638 0.384752 0.135638 0.386525 0.136968 0.388298 0.136968 0.390071 0.138298 0.391844 0.138298 0.393617 0.139628 0.39539 0.139628 0.397163 0.142287 0.393617 0.143617 0.393617 0.156915 0.375887 0.158245 0.37766 0.158245 0.379433 0.159574 0.381206 0.159574 0.382979 0.162234 0.386525 0.162234 0.388298 0.163564 0.390071 0.163564 0.391844 0.168883 0.391844 0.170213 0.390071 0.175532 0.390071 0.176862 0.388298 0.178191 0.388298 0.179521 0.386525 0.180851 0.386525 0.182181 0.384752 0.18484 0.384752 0.18617 0.382979 0.1875 0.382979 0.18883 0.381206 0.19016 0.381206 0.191489 0.379433 0.192819 0.381206 0.192819 0.391844 0.194149 0.391844 0.194149 0.388298 0.195479 0.386525 0.195479 0.37766 0.196809 0.375887 0.196809 0.37234 0.198138 0.370567 0.199468 0.37234 0.206117 0.37234 0.207447 0.370567 0.208777 0.370567 0.210106 0.368794 0.203457 0.368794 0.202128 0.367021 0.202128 0.361702 0.200798 0.359929 0.200798 0.358156 0.196809 0.358156 0.195479 0.359929 0.194149 0.358156 0.192819 0.358156 0.191489 0.356383 0.18883 0.356383 0.18617 0.352837 0.18617 0.351064 0.183511 0.351064 0.182181 0.352837 0.180851 0.352837 0.179521 0.35461 0.175532 0.349291 0.174202 0.349291 0.171543 0.345745 0.162234 0.345745 0.156915 0.352837 0.151596 0.352837 0.150266 0.351064 0.150266 0.343972 0.148936 0.342199 0.148936 0.336879 0.150266 0.335106 0.151596 0.335106 0.152926 0.333333 0.154255 0.333333 0.156915 0.329787 0.158245 0.329787 0.159574 0.328014 0.160904 0.328014 0.162234 0.326241 0.163564 0.328014 0.164894 0.328014 0.166223 0.329787 0.168883 0.329787 0.170213 0.33156 0.183511 0.33156 0.18484 0.333333 0.196809 0.333333 0.196809 0.329787 0.195479 0.328014 0.195479 0.326241 0.19016 0.326241 0.18883 0.324468 0.182181 0.324468 0.180851 0.322695 0.178191 0.322695 0.176862 0.320922 0.172872 0.320922 0.171543 0.319149 0.172872 0.317376 0.172872 0.315603 0.174202 0.31383 0.174202 0.312057 0.175532 0.310284 0.175532 0.308511 0.176862 0.306738 0.179521 0.306738 0.180851 0.304965 0.183511 0.304965 0.18484 0.303191 0.176862 0.303191 0.175532 0.304965 0.174202 0.303191 0.174202 0.297872 0.175532 0.296099 0.175532 0.29078 0.174202 0.289007 0.174202 0.287234 0.172872 0.289007 0.172872 0.29078 0.168883 0.296099 0.168883 0.297872 0.167553 0.299645 0.167553 0.301418 0.166223 0.303191 0.166223 0.304965 0.164894 0.306738 0.164894 0.308511 0.163564 0.310284 0.162234 0.310284 0.159574 0.31383 0.158245 0.31383 0.155585 0.317376 0.154255 0.317376 0.152926 0.319149 0.150266 0.319149 0.148936 0.320922 0.147606 0.320922 0.146277 0.322695 0.143617 0.322695 0.142287 0.324468 0.140957 0.322695 0.140957 0.317376 0.139628 0.317376 0.138298 0.315603 0.130319 0.315603 0.128989 0.317376 0.12766 0.317376 0.12633 0.319149 0.125 0.319149 0.12234 0.322695 0.121011 0.322695 0.119681 0.324468 0.119681 0.326241 0.118351 0.328014 0.118351 0.329787 0.117021 0.33156 0.117021 0.333333 0.115691 0.335106 0.115691 0.336879 0.114362 0.338652 0.114362 0.340426 0.111702 0.343972 0.109043 0.343972 0.107713 0.345745 0.105053 0.345745 0.103723 0.347518 0.101064 0.347518 0.099734 0.349291 0.098404 0.347518 0.098404 0.342199 0.099734 0.340426 0.099734 0.335106 0.097074 0.335106 0.094415 0.338652 0.094415 0.342199 0.093085 0.343972 0.093085 0.351064 0.094415 0.352837 0.094415 0.35461 0.095745 0.356383 0.097074 0.356383 0.099734 0.359929 0.111702 0.359929 0.113032 0.358156 0.114362 0.358156 0.115691 0.356383 0.12234 0.356383 0.128989 0.365248 0.128989 0.367021 0.12766 0.368794 0.12766 0.37234 0.12633 0.374113 0.12633 0.375887 0.125 0.37766 0.125 0.379433 0.12367 0.381206 0.12367 0.382979 0.119681 0.388298 0.119681 0.390071 0.117021 0.393617 0.115691 0.391844 0.113032 0.391844 0.111702 0.390071 0.111702 0.391844 0.113032 0.393617 0.113032 0.39539 0.114362 0.397163 0.114362 0.398936 0.115691 0.400709 0.115691 0.402482 0.117021 0.404255 0.117021 0.407801 0.118351 0.409574 0.118351 0.413121 0.12234 0.41844 0.12234 0.420213 0.125 0.423759 0.125 0.425532 0.12633 0.427305 0.12633 0.429078 0.12766 0.430851 0.12766 0.432624 0.128989 0.434397 0.128989 0.43617 0.144947 0.43617 0.150266 0.443262 0.150266 0.445035 0.151596 0.446809 0.150266 0.448582 0.148936 0.448582 0.147606 0.450355 0.146277 0.450355 0.148936 0.450355 0.150266 0.448582 0.158245 0.448582 0.159574 0.450355 0.159574 0.457447 0.158245 0.45922 0.144947 0.45922 0.143617 0.460993 0.142287 0.45922 0.142287 0.455674 0.142287 0.457447 0.140957 0.45922 0.140957 0.460993 0.139628 0.462766 0.139628 0.464539 0.138298 0.466312 0.12367 0.466312 0.12234 0.468085 0.119681 0.468085 0.118351 0.469858 0.114362 0.469858 0.113032 0.471631 0.109043 0.471631 0.107713 0.473404 0.103723 0.473404 0.102394 0.475177 0.098404 0.475177 0.097074 0.47695 0.093085 0.47695 0.091755 0.478723 0.090426 0.47695 0.082447 0.47695 0.083777 0.47695 0.085106 0.478723 0.086436 0.478723 0.087766 0.480496 0.089096 0.480496 0.090426 0.48227 0.090426 0.487589 0.089096 0.489362 0.075798 0.489362 0.074468 0.491135 0.071809 0.491135 0.070479 0.492908 0.066489 0.492908 0.06516 0.491135 0.06516 0.487589 0.067819 0.484043 0.067819 0.48227 0.070479 0.478723 0.074468 0.478723 0.075798 0.47695 0.079787 0.47695 0.067819 0.47695 0.066489 0.478723 0.066489 0.480496 0.06383 0.484043 0.0625 0.484043 0.06117 0.485816 0.058511 0.485816 0.057181 0.487589 0.055851 0.487589 0.054521 0.489362 0.053191 0.489362 0.051862 0.491135 0.049202 0.491135 0.047872 0.492908 0.043883 0.492908 0.042553 0.494681 0.039894 0.494681 0.038564 0.496454 0.037234 0.496454 0.035904 0.498227 0.034574 0.498227 0.033245 0.5 0.031915 0.5 0.030585 0.501773 0.029255 0.501773 0.027926 0.503546 0.025266 0.503546 0.023936 0.505319 0.022606 0.505319 0.021277 0.507092 0.019947 0.507092 0.018617 0.508865 0.014628 0.508865 0.013298 0.510638 0.010638 0.510638 0.009309 0.512411 0.005319 0.512411 0.003989 0.514184 0.00133 0.514184 0.003989 0.51773 0.003989 0.519504 0.007979 0.524823 0.010638 0.524823 0.011968 0.526596 0.015957 0.526596 0.017287 0.528369 0.017287 0.530142 0.018617 0.531915 0.018617 0.535461 0.019947 0.537234 0.019947 0.539007 0.015957 0.544326 0.014628 0.544326 0.010638 0.549645 0.013298 0.553191 0.023936 0.553191 0.025266 0.554965 0.026596 0.554965 0.027926 0.556738 0.029255 0.556738 0.030585 0.558511 0.031915 0.558511 0.033245 0.560284 0.034574 0.560284 0.035904 0.562057 0.037234 0.562057 0.038564 0.56383 0.039894 0.56383 0.041223 0.565603 0.035904 0.572695 0.034574 0.572695 0.027926 0.58156 0.027926 0.583333 0.023936 0.588652 0.007979 0.588652 0.006649 0.586879 0.009309 0.583333 0.009309 0.58156 0.015957 0.572695 0.017287 0.572695 0.019947 0.569149 0.017287 0.565603 0.014628 0.565603 0.013298 0.567376 0.009309 0.567376 0.007979 0.569149 0.005319 0.569149 0.005319 0.572695 0.006649 0.574468 0.006649 0.578014 0.005319 0.579787 0.005319 0.58156 0.003989 0.583333 0.003989 0.585106 0.00266 0.586879 0.00266 0.588652 0.00133 0.590426 0.00133 0.592199 0.0 0.593972 0.0 0.789007 0.006649 0.789007 0.007979 0.79078 0.007979 0.804965 0.009309 0.806738 0.009309 0.819149 0.010638 0.817376 0.013298 0.817376 0.014628 0.815603 0.015957 0.815603 0.017287 0.81383 0.019947 0.81383 0.021277 0.812057 0.022606 0.812057 0.027926 0.804965 0.029255 0.804965 0.034574 0.797872 0.035904 0.799645 0.035904 0.804965 0.037234 0.806738 0.037234 0.815603 0.038564 0.817376 0.038564 0.822695 0.039894 0.822695 0.041223 0.820922 0.041223 0.815603 0.042553 0.81383 0.042553 0.810284 0.043883 0.808511 0.043883 0.803191 0.045213 0.801418 0.045213 0.799645 0.047872 0.796099 0.049202 0.796099 0.051862 0.792553 0.053191 0.794326 0.066489 0.794326 0.067819 0.796099 0.067819 0.799645 0.066489 0.801418 0.066489 0.806738 0.081117 0.806738 0.082447 0.808511 0.099734 0.808511 0.101064 0.806738 0.102394 0.806738 0.097074 0.806738 0.095745 0.804965 0.089096 0.804965 0.087766 0.803191 0.082447 0.803191 0.081117 0.801418 0.081117 0.799645 0.079787 0.797872 0.081117 0.796099 0.087766 0.796099 0.089096 0.794326 0.095745 0.794326 0.098404 0.79078 0.098404 0.789007 0.106383 0.778369 0.119681 0.778369 0.121011 0.780142 0.139628 0.780142 0.140957 0.781915 0.152926 0.781915 0.155585 0.785461 0.155585 0.787234 0.156915 0.789007 0.156915 0.79078 0.158245 0.792553 0.156915 0.794326 0.148936 0.794326 0.147606 0.796099 0.140957 0.796099 0.139628 0.797872 0.139628 0.799645 0.138298 0.801418 0.138298 0.812057 0.135638 0.815603 0.134309 0.815603 0.131649 0.819149 0.132979 0.820922 0.132979 0.822695 0.134309 0.824468 0.134309 0.826241 0.135638 0.828014 0.135638 0.829787 0.136968 0.83156 0.136968 0.835106 0.138298 0.836879 0.138298 0.838652 0.139628 0.840426 0.139628 0.842199 0.142287 0.842199 0.143617 0.843972 0.144947 0.843972 0.146277 0.845745 0.182181 0.845745 0.183511 0.847518 0.179521 0.852837 0.179521 0.85461 0.175532 0.859929 0.176862 0.861702 0.179521 0.861702 0.180851 0.859929 0.182181 0.859929 0.183511 0.858156 0.18484 0.858156 0.18617 0.856383 0.1875 0.856383 0.19016 0.852837 0.191489 0.852837 0.194149 0.849291 0.195479 0.849291 0.198138 0.845745 0.206117 0.856383 0.207447 0.856383 0.216755 0.868794 0.216755 0.870567 0.220745 0.875887 0.220745 0.87766 0.222074 0.879433 0.220745 0.881206 0.219415 0.881206 0.218085 0.882979 0.216755 0.882979 0.215426 0.884752 0.214096 0.884752 0.211436 0.888298 0.210106 0.888298 0.208777 0.890071 0.207447 0.890071 0.206117 0.891844 0.204787 0.891844 0.203457 0.893617 0.202128 0.893617 0.200798 0.89539 0.199468 0.89539 0.198138 0.897163 0.196809 0.897163 0.194149 0.900709 0.192819 0.900709 0.191489 0.902482 0.19016 0.902482 0.18883 0.904255 0.1875 0.904255 0.18617 0.906028 0.18484 0.906028 0.183511 0.907801 0.182181 0.907801 0.179521 0.911348 0.178191 0.911348 0.176862 0.913121 0.175532 0.913121 0.174202 0.914894 0.172872 0.914894 0.171543 0.916667 0.168883 0.913121 0.167553 0.913121 0.162234 0.906028 0.160904 0.906028 0.158245 0.902482 0.155585 0.902482 0.154255 0.900709 0.151596 0.900709 0.150266 0.898936 0.148936 0.898936 0.150266 0.900709 0.150266 0.902482 0.151596 0.904255 0.150266 0.906028 0.142287 0.906028 0.142287 0.909574 0.143617 0.911348 0.143617 0.913121 0.154255 0.913121 0.155585 0.914894 0.154255 0.916667 0.152926 0.916667 0.150266 0.920213 0.148936 0.920213 0.147606 0.921986 0.146277 0.921986 0.144947 0.923759 0.143617 0.923759 0.140957 0.927305 0.139628 0.927305 0.138298 0.929078 0.136968 0.929078 0.135638 0.930851 0.134309 0.930851 0.131649 0.934397 0.130319 0.934397 0.128989 0.93617 0.12766 0.93617 0.12633 0.937943 0.125 0.937943 0.12234 0.941489 0.121011 0.941489 0.119681 0.943262 0.118351 0.941489 0.106383 0.941489 0.105053 0.939716 0.106383 0.937943 0.106383 0.93617 0.107713 0.934397 0.107713 0.932624 0.109043 0.930851 0.107713 0.930851 0.102394 0.937943 0.101064 0.93617 0.101064 0.934397 0.102394 0.932624 0.102394 0.930851 0.103723 0.929078 0.103723 0.923759 0.102394 0.921986 0.101064 0.923759 0.099734 0.923759 0.097074 0.927305 0.095745 0.927305 0.094415 0.929078 0.093085 0.929078 0.091755 0.930851 0.089096 0.927305 0.089096 0.925532 0.085106 0.920213 0.085106 0.91844 0.083777 0.91844 0.083777 0.920213 0.082447 0.921986 0.082447 0.925532 0.081117 0.927305 0.081117 0.939716 0.083777 0.943262 0.085106 0.943262 0.087766 0.946809 0.087766 0.948582 0.086436 0.950355 0.086436 0.955674 0.085106 0.957447 0.085106 0.95922 0.083777 0.960993 0.083777 0.962766 0.082447 0.964539 0.082447 0.966312 0.079787 0.969858 0.074468 0.962766 0.073138 0.962766 0.071809 0.964539 0.071809 0.971631 0.070479 0.973404 0.070479 0.98227 0.069149 0.984043 0.069149 0.985816 0.067819 0.987589 0.067819 0.989362 0.066489 0.991135 0.066489 0.992908 0.06516 0.994681 0.06516 0.996454 0.06383 0.998227 0.071809 0.998227 0.073138 0.996454 0.074468 0.996454 0.075798 0.994681 0.077128 0.994681 0.078457 0.992908 0.079787 0.992908 0.081117 0.991135 0.082447 0.991135 0.085106 0.987589 0.086436 0.987589 0.089096 0.984043 0.089096 0.98227 0.093085 0.97695 0.093085 0.975177 0.095745 0.971631 0.097074 0.973404 0.097074 0.975177 0.098404 0.97695 0.098404 0.978723 0.099734 0.980496 0.099734 0.98227 0.101064 0.984043 0.101064 0.985816 0.102394 0.987589 0.102394 0.991135 0.103723 0.992908 0.103723 0.996454 0.105053 0.998227 0.117021 0.998227 0.117021 0.989362 0.118351 0.987589 0.118351 0.975177 0.12234 0.969858 0.12367 0.969858 0.12766 0.964539 0.140957 0.964539 0.142287 0.962766 0.148936 0.962766 0.150266 0.964539 0.150266 0.966312 0.147606 0.969858 0.147606 0.971631 0.144947 0.975177 0.144947 0.97695 0.143617 0.978723 0.143617 0.980496 0.144947 0.98227 0.144947 0.984043 0.144947 0.98227 0.146277 0.980496 0.146277 0.978723 0.148936 0.975177 0.148936 0.973404 0.150266 0.971631 0.150266 0.969858 0.152926 0.966312 0.152926 0.964539 0.154255 0.962766 0.154255 0.960993 0.156915 0.957447 0.158245 0.95922 0.158245 0.964539 0.159574 0.966312 0.159574 0.975177 0.160904 0.97695 0.160904 0.98227 0.162234 0.984043 0.163564 0.984043 0.166223 0.987589 0.166223 0.985816 0.164894 0.984043 0.164894 0.980496 0.163564 0.978723 0.163564 0.973404 0.162234 0.971631 0.162234 0.966312 0.160904 0.964539 0.160904 0.95922 0.159574 0.957447 0.159574 0.955674 0.160904 0.953901 0.164894 0.953901 0.166223 0.952128 0.168883 0.952128 0.170213 0.950355 0.174202 0.950355 0.175532 0.948582 0.176862 0.950355 0.176862 0.957447 0.178191 0.95922 0.178191 0.973404 0.179521 0.975177 0.179521 0.985816 0.178191 0.987589 0.178191 0.994681 0.176862 0.996454 0.176862 0.998227 0.182181 0.998227 0.182181 0.994681 0.183511 0.992908 0.183511 0.984043 0.18484 0.98227 0.18484 0.980496 0.18617 0.978723 0.18617 0.97695 0.1875 0.975177 0.1875 0.973404 0.18883 0.971631 0.18883 0.968085 0.19016 0.966312 0.19016 0.964539 0.191489 0.962766 0.191489 0.960993 0.192819 0.95922 0.192819 0.957447 0.194149 0.955674 0.195479 0.955674 0.196809 0.953901 0.198138 0.953901 0.200798 0.950355 0.202128 0.950355 0.203457 0.948582 0.204787 0.948582 0.204787 0.946809 0.206117 0.945035 0.206117 0.943262 0.207447 0.941489 0.207447 0.939716 0.208777 0.937943 0.208777 0.93617 0.210106 0.934397 0.215426 0.941489 0.215426 0.943262 0.219415 0.948582 0.219415 0.950355 0.220745 0.952128 0.220745 0.953901 0.222074 0.955674 0.222074 0.957447 0.223404 0.95922 0.223404 0.960993 0.222074 0.962766 0.222074 0.964539 0.218085 0.969858 0.218085 0.971631 0.207447 0.985816 0.199468 0.985816 0.199468 0.987589 0.198138 0.989362 0.198138 0.994681 0.196809 0.996454 0.196809 0.998227 0.226064 0.998227 0.238032 0.98227 0.239362 0.98227 0.244681 0.975177 0.246011 0.975177 0.25133 0.968085 0.25266 0.968085 0.257979 0.960993 0.259309 0.960993 0.264628 0.953901 0.265957 0.953901 0.268617 0.950355 0.268617 0.946809 0.265957 0.950355 0.264628 0.950355 0.261968 0.953901 0.260638 0.953901 0.257979 0.957447 0.256649 0.957447 0.255319 0.95922 0.253989 0.95922 0.25133 0.962766 0.25 0.962766 0.24734 0.966312 0.246011 0.966312 0.244681 0.968085 0.243351 0.968085 0.240691 0.971631 0.239362 0.971631 0.236702 0.975177 0.235372 0.975177 0.234043 0.97695 0.232713 0.975177 0.232713 0.968085 0.231383 0.966312 0.231383 0.960993 0.227394 0.960993 0.226064 0.95922 0.226064 0.957447 0.224734 0.955674 0.224734 0.953901 0.223404 0.952128 0.223404 0.950355 0.222074 0.948582 0.222074 0.946809 0.220745 0.945035 0.234043 0.927305 0.232713 0.925532 0.231383 0.927305 0.230053 0.927305 0.224734 0.934397 0.223404 0.934397 0.220745 0.937943 0.210106 0.923759 0.210106 0.921986 0.206117 0.916667 0.206117 0.914894 0.202128 0.909574 0.202128 0.907801 0.199468 0.904255 0.200798 0.902482 0.202128 0.902482 0.204787 0.898936 0.206117 0.898936 0.208777 0.89539 0.210106 0.89539 0.211436 0.893617 0.214096 0.897163 0.215426 0.897163 0.216755 0.898936 0.218085 0.898936 0.219415 0.897163 0.222074 0.897163 0.223404 0.89539 0.224734 0.89539 0.226064 0.893617 0.227394 0.893617 0.226064 0.891844 0.226064 0.890071 0.223404 0.886525 0.224734 0.884752 0.228723 0.884752 0.230053 0.882979 0.232713 0.882979 0.234043 0.881206 0.235372 0.882979 0.236702 0.882979 0.238032 0.884752 0.240691 0.884752 0.242021 0.886525 0.243351 0.886525 0.244681 0.888298 0.246011 0.888298 0.24734 0.890071 0.24867 0.890071 0.25 0.891844 0.25266 0.891844 0.253989 0.893617 0.255319 0.893617 0.256649 0.89539 0.257979 0.89539 0.259309 0.897163 0.271277 0.897163 0.268617 0.893617 0.268617 0.891844 0.264628 0.886525 0.265957 0.884752 0.268617 0.884752 0.269947 0.882979 0.271277 0.882979 0.272606 0.881206 0.279255 0.890071 0.279255 0.891844 0.283245 0.897163 0.283245 0.89539 0.281915 0.893617 0.281915 0.891844 0.280585 0.890071 0.281915 0.888298 0.283245 0.888298 0.284574 0.886525 0.285904 0.886525 0.287234 0.884752 0.288564 0.884752 0.289894 0.882979 0.291223 0.882979 0.292553 0.881206 0.293883 0.881206 0.296543 0.87766 0.297872 0.87766 0.299202 0.875887 0.300532 0.875887 0.301862 0.874113 0.303191 0.874113 0.304521 0.87234 0.305851 0.87234 0.307181 0.870567 0.308511 0.87234 0.321809 0.87234 0.323138 0.874113 0.324468 0.874113 0.325798 0.875887 0.327128 0.875887 0.328457 0.87766 0.329787 0.87766 0.331117 0.879433 0.332447 0.879433 0.333777 0.881206 0.352394 0.881206 0.353723 0.882979 0.351064 0.886525 0.349734 0.886525 0.348404 0.888298 0.349734 0.888298 0.352394 0.891844 0.353723 0.891844 0.356383 0.89539 0.356383 0.893617 0.357713 0.891844 0.357713 0.884752 0.359043 0.882979 0.359043 0.875887 0.360372 0.874113 0.360372 0.867021 0.359043 0.867021 0.356383 0.870567 0.348404 0.859929 0.348404 0.858156 0.340426 0.847518 0.340426 0.845745 0.341755 0.843972 0.341755 0.842199 0.343085 0.840426 0.343085 0.838652 0.344415 0.836879 0.349734 0.836879 0.351064 0.835106 0.356383 0.835106 0.356383 0.833333 0.357713 0.83156 0.357713 0.829787 0.359043 0.828014 0.359043 0.824468 0.360372 0.822695 0.360372 0.820922 0.361702 0.819149 0.371011 0.819149 0.37234 0.817376 0.385638 0.817376 0.386968 0.819149 0.384309 0.822695 0.384309 0.824468 0.382979 0.826241 0.393617 0.826241 0.394947 0.828014 0.394947 0.829787 0.393617 0.83156 0.393617 0.833333 0.392287 0.835106 0.392287 0.836879 0.394947 0.836879 0.396277 0.838652 0.400266 0.838652 0.410904 0.824468 0.416223 0.824468 0.417553 0.822695 0.418883 0.824468 0.418883 0.826241 0.420213 0.828014 0.420213 0.83156 0.421543 0.833333 0.421543 0.836879 0.422872 0.838652 0.422872 0.842199 0.424202 0.843972 0.424202 0.845745 0.425532 0.847518 0.425532 0.851064 0.426862 0.852837 0.426862 0.856383 0.428191 0.858156 0.428191 0.859929 0.417553 0.874113 0.417553 0.875887 0.413564 0.881206 0.413564 0.882979 0.410904 0.886525 0.400266 0.886525 0.398936 0.888298 0.389628 0.888298 0.388298 0.890071 0.384309 0.884752 0.384309 0.882979 0.384309 0.888298 0.385638 0.890071 0.385638 0.891844 0.386968 0.893617 0.402926 0.893617 0.404255 0.891844 0.405585 0.891844 0.406915 0.890071 0.409574 0.890071 0.410904 0.888298 0.412234 0.888298 0.413564 0.886525 0.414894 0.886525 0.421543 0.87766 0.421543 0.875887 0.428191 0.867021 0.429521 0.868794 0.44016 0.868794 0.442819 0.87234 0.442819 0.874113 0.445479 0.87766 0.445479 0.879433 0.448138 0.882979 0.448138 0.884752 0.449468 0.886525 0.448138 0.888298 0.446809 0.888298 0.445479 0.890071 0.444149 0.890071 0.442819 0.891844 0.441489 0.891844 0.43883 0.89539 0.4375 0.89539 0.43617 0.897163 0.43484 0.897163 0.4375 0.897163 0.43883 0.898936 0.44016 0.898936 0.441489 0.900709 0.444149 0.900709 0.445479 0.902482 0.448138 0.902482 0.449468 0.900709 0.450798 0.900709 0.453457 0.897163 0.454787 0.897163 0.457447 0.893617 0.458777 0.893617 0.461436 0.890071 0.462766 0.890071 0.465426 0.886525 0.466755 0.888298 0.469415 0.888298 0.470745 0.890071 0.473404 0.890071 0.474734 0.891844 0.474734 0.89539 0.476064 0.897163 0.476064 0.902482 0.477394 0.904255 0.477394 0.907801 0.468085 0.920213 0.466755 0.91844 0.465426 0.91844 0.462766 0.914894 0.461436 0.914894 0.458777 0.911348 0.458777 0.913121 0.460106 0.914894 0.460106 0.921986 0.461436 0.923759 0.461436 0.927305 0.460106 0.929078 0.452128 0.929078 0.450798 0.930851 0.444149 0.930851 0.442819 0.932624 0.43484 0.932624 0.433511 0.930851 0.433511 0.920213 0.43484 0.91844 0.43484 0.909574 0.430851 0.909574 0.429521 0.911348 0.429521 0.914894 0.428191 0.916667 0.428191 0.921986 0.426862 0.923759 0.426862 0.927305 0.425532 0.929078 0.425532 0.930851 0.424202 0.932624 0.422872 0.932624 0.420213 0.93617 0.418883 0.93617 0.416223 0.939716 0.414894 0.939716 0.412234 0.943262 0.410904 0.943262 0.408245 0.946809 0.406915 0.946809 0.404255 0.950355 0.402926 0.950355 0.400266 0.953901 0.398936 0.953901 0.396277 0.957447 0.394947 0.957447 0.393617 0.95922 0.393617 0.960993 0.394947 0.962766 0.397606 0.95922 0.398936 0.95922 0.400266 0.957447 0.401596 0.957447 0.404255 0.953901 0.405585 0.953901 0.408245 0.950355 0.409574 0.950355 0.410904 0.948582 0.412234 0.950355 0.412234 0.966312 0.413564 0.968085 0.413564 0.98227 0.410904 0.985816 0.409574 0.985816 0.405585 0.991135 0.396277 0.991135 0.394947 0.992908 0.393617 0.991135 0.393617 0.989362 0.392287 0.987589 0.392287 0.98227 0.390957 0.980496 0.389628 0.980496 0.389628 0.989362 0.390957 0.991135 0.390957 0.998227 0.99867 0.998227 0.99867 0.907801 0.99867 0.909574 0.994681 0.914894 0.994681 0.916667 0.990691 0.921986 0.985372 0.921986 0.984043 0.920213 0.978723 0.920213 0.977394 0.91844 0.972074 0.91844 0.969415 0.914894 0.968085 0.914894 0.965426 0.911348 0.964096 0.911348 0.960106 0.906028 0.958777 0.906028 0.956117 0.902482 0.954787 0.902482 0.950798 0.897163 0.949468 0.897163 0.946809 0.893617 0.945479 0.893617 0.942819 0.890071 0.941489 0.890071 0.9375 0.884752 0.93617 0.884752 0.933511 0.881206 0.932181 0.881206 0.928191 0.875887 0.926862 0.875887 0.924202 0.87234 0.922872 0.87234 0.920213 0.868794 0.921543 0.867021 0.926862 0.867021 0.928191 0.865248 0.932181 0.865248 0.926862 0.858156 0.925532 0.858156 0.924202 0.856383 0.922872 0.856383 0.921543 0.85461 0.920213 0.85461 0.918883 0.852837 0.917553 0.852837 0.916223 0.851064 0.914894 0.851064 0.913564 0.849291 0.912234 0.849291 0.910904 0.847518 0.912234 0.845745 0.913564 0.845745 0.914894 0.843972 0.916223 0.843972 0.917553 0.842199 0.918883 0.842199 0.920213 0.840426 0.921543 0.840426 0.920213 0.838652 0.920213 0.836879 0.916223 0.83156 0.916223 0.829787 0.917553 0.828014 0.922872 0.828014 0.926862 0.833333 0.928191 0.833333 0.93617 0.843972 0.9375 0.843972 0.944149 0.852837 0.945479 0.852837 0.949468 0.858156 0.949468 0.859929 0.950798 0.861702 0.950798 0.865248 0.952128 0.867021 0.952128 0.868794 0.952128 0.865248 0.953457 0.863475 0.953457 0.861702 0.954787 0.859929 0.960106 0.867021 0.960106 0.868794 0.964096 0.874113 0.965426 0.87234 0.965426 0.870567 0.966755 0.868794 0.964096 0.865248 0.962766 0.865248 0.957447 0.858156 0.956117 0.858156 0.950798 0.851064 0.949468 0.851064 0.944149 0.843972 0.942819 0.843972 0.9375 0.836879 0.93617 0.836879 0.932181 0.83156 0.933511 0.829787 0.933511 0.828014 0.93484 0.826241 0.933511 0.824468 0.933511 0.822695 0.930851 0.819149 0.930851 0.817376 0.928191 0.81383 0.928191 0.812057 0.929521 0.810284 0.93484 0.810284 0.93617 0.812057 0.93883 0.812057 0.94016 0.81383 0.942819 0.81383 0.944149 0.815603 0.948138 0.815603 0.949468 0.817376 0.952128 0.817376 0.961436 0.829787 0.964096 0.829787 0.965426 0.83156 0.989362 0.83156 0.990691 0.829787 0.99867 0.829787 0.99867 0.801418 0.976064 0.801418 0.974734 0.803191 0.968085 0.794326 0.969415 0.792553 0.99867 0.792553 0.99867 0.780142 0.961436 0.780142 0.960106 0.781915 0.958777 0.780142 0.942819 0.780142 0.941489 0.778369 0.925532 0.778369 0.924202 0.776596 0.908245 0.776596 0.906915 0.774823 0.906915 0.76773 0.905585 0.765957 0.905585 0.758865 0.904255 0.758865 0.902926 0.757092 0.901596 0.757092 0.900266 0.755319 0.897606 0.755319 0.894947 0.758865 0.893617 0.758865 0.890957 0.762411 0.888298 0.762411 0.886968 0.764184 0.882979 0.764184 0.881649 0.765957 0.878989 0.765957 0.87766 0.76773 0.869681 0.76773 0.868351 0.765957 0.851064 0.765957 0.849734 0.764184 0.849734 0.760638 0.848404 0.758865 0.847074 0.758865 0.844415 0.755319 0.843085 0.755319 0.840426 0.751773 0.839096 0.751773 0.836436 0.748227 0.835106 0.748227 0.832447 0.744681 0.831117 0.744681 0.828457 0.741135 0.828457 0.737589 0.827128 0.735816 0.827128 0.734043 0.829787 0.730496 0.831117 0.730496 0.832447 0.728723 0.828457 0.728723 0.827128 0.72695 0.827128 0.725177 0.825798 0.723404 0.825798 0.721631 0.824468 0.719858 0.825798 0.718085 0.827128 0.718085 0.829787 0.714539 0.831117 0.714539 0.832447 0.712766 0.832447 0.70922 0.827128 0.70922 0.825798 0.707447 0.825798 0.705674 0.824468 0.703901 0.824468 0.700355 0.823138 0.698582 0.823138 0.696809 0.820479 0.693262 0.819149 0.693262 0.81383 0.68617 0.8125 0.68617 0.808511 0.680851 0.808511 0.679078 0.807181 0.677305 0.807181 0.675532 0.805851 0.673759 0.805851 0.671986 0.804521 0.670213 0.804521 0.66844 0.803191 0.666667 0.803191 0.663121 0.801862 0.661348 0.801862 0.659574 0.799202 0.659574 0.797872 0.657801 0.795213 0.657801 0.793883 0.656028 0.789894 0.656028 0.788564 0.654255 0.785904 0.654255 0.784574 0.652482 0.781915 0.652482 0.780585 0.650709 0.779255 0.650709 0.776596 0.647163 0.775266 0.647163 0.772606 0.643617 0.771277 0.643617 0.768617 0.640071 0.767287 0.640071 0.765957 0.638298 0.764628 0.638298 0.761968 0.634752 0.760638 0.634752 0.759309 0.632979 0.757979 0.632979 0.755319 0.629433 0.753989 0.629433 0.75133 0.625887 0.75 0.625887 0.74867 0.624113 0.74734 0.624113 0.744681 0.620567 0.743351 0.620567 0.742021 0.618794 0.740691 0.618794 0.738032 0.615248 0.736702 0.615248 0.735372 0.613475 0.734043 0.613475 0.731383 0.609929 0.730053 0.609929 0.727394 0.606383 0.726064 0.606383 0.723404 0.602837 0.722074 0.602837 0.720745 0.601064 0.719415 0.601064 0.716755 0.597518 0.715426 0.597518 0.712766 0.593972 0.711436 0.593972 0.710106 0.592199 0.708777 0.592199 0.706117 0.588652 0.704787 0.588652 0.702128 0.585106 0.700798 0.585106 0.698138 0.58156 0.696809 0.58156 0.695479 0.579787 0.694149 0.579787 0.691489 0.576241 0.69016 0.576241 0.6875 0.572695 0.68883 0.570922 0.692819 0.570922 0.694149 0.572695 0.700798 0.572695 0.702128 0.574468 0.728723 0.574468 0.730053 0.572695 0.736702 0.572695 0.738032 0.570922 0.742021 0.576241 0.743351 0.576241 0.746011 0.579787 0.74734 0.579787 0.74867 0.58156 0.75 0.58156 0.75266 0.585106 0.753989 0.585106 0.755319 0.586879 0.756649 0.586879 0.757979 0.588652 0.759309 0.588652 0.761968 0.592199 0.763298 0.592199 0.764628 0.593972 0.765957 0.593972 0.767287 0.595745 0.769947 0.595745 0.771277 0.597518 0.776596 0.597518 0.777926 0.595745 0.779255 0.595745 0.779255 0.590426 0.780585 0.588652 0.780585 0.56383 0.781915 0.562057 0.781915 0.556738 0.783245 0.554965 0.783245 0.551418 0.780585 0.551418 0.779255 0.549645 0.777926 0.549645 0.776596 0.547872 0.773936 0.547872 0.772606 0.546099 0.771277 0.546099 0.769947 0.544326 0.767287 0.544326 0.765957 0.542553 0.767287 0.54078 0.773936 0.54078 0.775266 0.539007 0.780585 0.539007 0.780585 0.535461 0.781915 0.533688 0.781915 0.528369 0.783245 0.526596 0.784574 0.528369 0.785904 0.528369 0.787234 0.530142 0.789894 0.530142 0.791223 0.531915 0.792553 0.531915 0.793883 0.533688 0.796543 0.533688 0.797872 0.535461 0.81117 0.535461 0.8125 0.533688 0.8125 0.530142 0.81383 0.528369 0.81383 0.526596 0.81117 0.52305 0.80984 0.52305 0.804521 0.515957 0.803191 0.515957 0.800532 0.512411 0.797872 0.512411 0.796543 0.510638 0.793883 0.510638 0.792553 0.508865 0.788564 0.508865 0.787234 0.507092 0.784574 0.507092 0.783245 0.505319 0.784574 0.503546 0.784574 0.501773 0.785904 0.5 0.785904 0.498227 0.788564 0.494681 0.788564 0.492908 0.791223 0.489362 0.791223 0.487589 0.792553 0.485816 0.792553 0.484043 0.793883 0.48227 0.792553 0.480496 0.791223 0.480496 0.791223 0.48227 0.789894 0.484043 0.789894 0.485816 0.787234 0.489362 0.787234 0.491135 0.784574 0.494681 0.784574 0.496454 0.783245 0.498227 0.783245 0.5 0.780585 0.503546 0.777926 0.5 0.777926 0.498227 0.775266 0.494681 0.775266 0.492908 0.772606 0.489362 0.772606 0.487589 0.771277 0.485816 0.769947 0.485816 0.768617 0.484043 0.767287 0.484043 0.765957 0.48227 0.764628 0.48227 0.763298 0.480496 0.761968 0.480496 0.760638 0.478723 0.755319 0.478723 0.753989 0.47695 0.739362 0.47695 0.738032 0.478723 0.730053 0.478723 0.728723 0.47695 0.728723 0.475177 0.727394 0.473404 0.727394 0.471631 0.726064 0.469858 0.726064 0.468085 0.724734 0.466312 0.724734 0.464539 0.723404 0.462766 0.723404 0.460993 0.722074 0.45922 0.720745 0.45922 0.718085 0.455674 0.716755 0.455674 0.715426 0.453901 0.712766 0.453901 0.711436 0.452128 0.710106 0.452128 0.708777 0.450355 0.706117 0.450355 0.704787 0.448582 0.704787 0.432624 0.703457 0.432624 0.702128 0.430851 0.700798 0.430851 0.699468 0.429078 0.698138 0.429078 0.696809 0.427305 0.695479 0.427305 0.694149 0.425532 0.692819 0.425532 0.691489 0.423759 0.682181 0.423759 0.680851 0.421986 0.678191 0.421986 0.676862 0.420213 0.672872 0.420213 0.671543 0.41844 0.668883 0.41844 0.667553 0.416667 0.663564 0.416667 0.658245 0.409574 0.656915 0.409574 0.652926 0.404255 0.648936 0.404255 0.647606 0.402482 0.644947 0.402482 0.643617 0.400709 0.638298 0.400709 0.635638 0.404255 0.634309 0.404255 0.631649 0.407801 0.630319 0.407801 0.630319 0.420213 0.628989 0.421986 0.613032 0.421986 0.611702 0.423759 0.610372 0.421986 0.610372 0.41844 0.609043 0.416667 0.609043 0.411348 0.607713 0.409574 0.607713 0.406028 0.609043 0.404255 0.609043 0.402482 0.610372 0.400709 0.610372 0.398936 0.611702 0.397163 0.613032 0.398936 0.621011 0.398936 0.621011 0.393617 0.619681 0.391844 0.619681 0.384752 0.618351 0.382979 0.618351 0.381206 0.617021 0.379433 0.617021 0.37766 0.599734 0.37766 0.598404 0.375887 0.598404 0.370567 0.597074 0.368794 0.597074 0.365248 0.598404 0.363475 0.614362 0.363475 0.614362 0.361702 0.615691 0.359929 0.615691 0.356383 0.617021 0.35461 0.617021 0.335106 0.618351 0.333333 0.618351 0.326241 0.619681 0.324468 0.619681 0.319149 0.618351 0.317376 0.618351 0.315603 0.617021 0.31383 0.617021 0.312057 0.615691 0.310284 0.615691 0.308511 0.614362 0.306738 0.614362 0.303191 0.613032 0.301418 0.613032 0.296099 0.611702 0.294326 0.611702 0.292553 0.610372 0.29078 0.609043 0.29078 0.607713 0.289007 0.579787 0.289007 0.578457 0.287234 0.571809 0.287234 0.570479 0.285461 0.56383 0.285461 0.5625 0.283688 0.555851 0.283688 0.554521 0.281915 0.550532 0.281915 0.549202 0.280142 0.543883 0.280142 0.542553 0.278369 0.538564 0.278369 0.537234 0.276596 0.533245 0.276596 0.531915 0.274823 0.526596 0.274823 0.525266 0.27305
1 0.121011 0.26773 0.121011 0.271277 0.132979 0.287234 0.134309 0.287234 0.136968 0.29078 0.138298 0.29078 0.139628 0.292553 0.140957 0.292553 0.143617 0.296099 0.144947 0.296099 0.146277 0.297872 0.147606 0.296099 0.150266 0.296099 0.148936 0.296099 0.147606 0.294326 0.146277 0.294326 0.144947 0.292553 0.143617 0.292553 0.142287 0.29078 0.140957 0.29078 0.139628 0.289007 0.138298 0.289007 0.136968 0.287234 0.135638 0.287234
1 0.618351 0.234043 0.618351 0.237589 0.617021 0.239362 0.617021 0.241135 0.621011 0.241135 0.62234 0.242908 0.630319 0.242908 0.630319 0.241135 0.631649 0.239362 0.628989 0.239362 0.62766 0.237589 0.62633 0.237589 0.625 0.235816 0.619681 0.235816
1 0.291223 0.23227 0.289894 0.234043 0.288564 0.234043 0.292553 0.239362 0.292553 0.241135 0.301862 0.253546 0.301862 0.255319 0.304521 0.258865 0.303191 0.260638 0.301862 0.260638 0.293883 0.25 0.293883 0.248227 0.287234 0.239362 0.283245 0.239362 0.288564 0.246454 0.288564 0.248227 0.292553 0.253546 0.285904 0.262411 0.285904 0.264184 0.277926 0.274823 0.272606 0.274823 0.271277 0.276596 0.242021 0.276596 0.244681 0.280142 0.244681 0.281915 0.246011 0.283688 0.259309 0.283688 0.260638 0.285461 0.261968 0.285461 0.263298 0.287234 0.265957 0.287234 0.267287 0.289007 0.268617 0.289007 0.269947 0.29078 0.271277 0.29078 0.272606 0.292553 0.264628 0.281915 0.265957 0.280142 0.276596 0.280142 0.277926 0.281915 0.279255 0.281915 0.280585 0.283688 0.281915 0.283688 0.283245 0.285461 0.285904 0.285461 0.287234 0.287234 0.288564 0.287234 0.289894 0.289007 0.291223 0.289007 0.292553 0.29078 0.293883 0.29078 0.295213 0.292553 0.296543 0.292553 0.297872 0.294326 0.291223 0.285461 0.291223 0.283688 0.285904 0.276596 0.287234 0.274823 0.299202 0.274823 0.300532 0.27305 0.31383 0.27305 0.31516 0.271277 0.351064 0.271277 0.349734 0.269504 0.349734 0.26773 0.348404 0.265957 0.347074 0.26773 0.317819 0.26773 0.316489 0.265957 0.317819 0.264184 0.321809 0.264184 0.323138 0.262411 0.325798 0.262411 0.327128 0.260638 0.331117 0.260638 0.332447 0.258865 0.352394 0.258865 0.353723 0.260638 0.364362 0.260638 0.365691 0.262411 0.37234 0.253546 0.37234 0.248227 0.368351 0.253546 0.367021 0.253546 0.365691 0.255319 0.364362 0.255319 0.363032 0.253546 0.361702 0.253546 0.360372 0.251773 0.357713 0.255319 0.353723 0.255319 0.352394 0.253546 0.344415 0.253546 0.343085 0.251773 0.341755 0.253546 0.335106 0.253546 0.333777 0.255319 0.324468 0.255319 0.323138 0.257092 0.320479 0.257092 0.319149 0.258865 0.31516 0.258865 0.31383 0.260638 0.3125 0.260638 0.31117 0.258865 0.31117 0.253546 0.30984 0.251773 0.30984 0.242908 0.308511 0.244681 0.307181 0.244681 0.307181 0.248227 0.308511 0.25 0.308511 0.251773 0.307181 0.253546
