0 0.615385 0.748062 0.615385 0.755814 0.628447 0.755814 0.628447 0.748062
0 0.023222 0.715116 0.021771 0.717054 0.018868 0.717054 0.018868 0.726744 0.036284 0.726744 0.037736 0.724806 0.049347 0.724806 0.049347 0.722868 0.050798 0.72093 0.050798 0.718992 0.05225 0.717054 0.050798 0.715116
0 0.143687 0.71124 0.140784 0.715116 0.139332 0.715116 0.133527 0.722868 0.130624 0.722868 0.129173 0.72093 0.129173 0.718992 0.127721 0.717054 0.127721 0.715116 0.12627 0.717054 0.124819 0.717054 0.123367 0.718992 0.120464 0.718992 0.11611 0.724806 0.114659 0.724806 0.113208 0.726744 0.114659 0.728682 0.114659 0.73062 0.117562 0.734496 0.117562 0.736434 0.119013 0.738372 0.121916 0.738372 0.123367 0.74031 0.124819 0.74031 0.12627 0.742248 0.129173 0.742248 0.130624 0.744186 0.140784 0.73062 0.140784 0.728682 0.150943 0.715116 0.148041 0.715116 0.146589 0.713178 0.145138 0.713178
0 0.480406 0.703488 0.478955 0.705426 0.477504 0.705426 0.476052 0.707364 0.473149 0.707364 0.473149 0.715116 0.484761 0.715116 0.486212 0.717054 0.486212 0.713178 0.487663 0.71124 0.487663 0.707364 0.484761 0.707364 0.483309 0.705426 0.481858 0.705426
0 0.701016 0.687984 0.701016 0.695736 0.699565 0.697674 0.699565 0.703488 0.706821 0.703488 0.711176 0.697674 0.71553 0.697674 0.71553 0.695736 0.714078 0.693798 0.714078 0.689922 0.709724 0.689922 0.708273 0.687984
0 0.451379 0.620155 0.448476 0.624031 0.447025 0.624031 0.445573 0.625969 0.444122 0.625969 0.444122 0.633721 0.45283 0.633721 0.454282 0.635659 0.455733 0.633721 0.457184 0.633721 0.458636 0.631783 0.458636 0.629845 0.460087 0.627907 0.460087 0.624031 0.458636 0.622093 0.458636 0.620155
0 0.403483 0.579457 0.403483 0.581395 0.402032 0.583333 0.402032 0.585271 0.400581 0.587209 0.400581 0.589147 0.399129 0.591085 0.399129 0.598837 0.400581 0.600775 0.400581 0.604651 0.403483 0.604651 0.404935 0.606589 0.409289 0.606589 0.41074 0.608527 0.412192 0.606589 0.4209 0.606589 0.422351 0.604651 0.429608 0.604651 0.43106 0.602713 0.43106 0.600775 0.432511 0.598837 0.432511 0.596899 0.433962 0.594961 0.432511 0.594961 0.43106 0.593023 0.429608 0.593023 0.428157 0.591085 0.426705 0.591085 0.423803 0.587209 0.422351 0.587209 0.4209 0.585271 0.419448 0.585271 0.417997 0.583333 0.416546 0.583333 0.415094 0.581395 0.41074 0.581395 0.409289 0.579457
0 0.33672 0.515504 0.33672 0.517442 0.338171 0.51938 0.338171 0.523256 0.339623 0.525194 0.355588 0.525194 0.355588 0.521318 0.357039 0.51938 0.357039 0.515504
1 0.738752 0.656977 0.7373 0.658915 0.615385 0.658915 0.618287 0.662791 0.618287 0.664729 0.619739 0.666667 0.669086 0.666667 0.670537 0.668605 0.741655 0.668605 0.741655 0.666667 0.740203 0.664729 0.740203 0.660853 0.738752 0.658915
1 0.09434 0.637597 0.08418 0.651163 0.082729 0.651163 0.07402 0.662791 0.062409 0.662791 0.060958 0.664729 0.049347 0.664729 0.047896 0.666667 0.036284 0.666667 0.034833 0.668605 0.023222 0.668605 0.017417 0.676357 0.017417 0.678295 0.008708 0.689922 0.007257 0.689922 0.008708 0.689922 0.01016 0.69186 0.011611 0.69186 0.013062 0.693798 0.014514 0.693798 0.017417 0.697674 0.018868 0.697674 0.020319 0.699612 0.021771 0.699612 0.024673 0.703488 0.024673 0.705426 0.026125 0.707364 0.026125 0.709302 0.027576 0.71124 0.027576 0.713178 0.050798 0.713178 0.05225 0.715116 0.056604 0.709302 0.056604 0.707364 0.063861 0.697674 0.066763 0.697674 0.068215 0.695736 0.069666 0.695736 0.071118 0.693798 0.07402 0.693798 0.075472 0.69186 0.078374 0.69186 0.079826 0.689922 0.105951 0.689922 0.105951 0.684109 0.104499 0.682171 0.104499 0.672481 0.103048 0.670543 0.103048 0.658915 0.104499 0.656977 0.104499 0.647287 0.105951 0.645349 0.105951 0.641473 0.101597 0.641473 0.100145 0.639535 0.095791 0.639535
1 0.177068 0.591085 0.175617 0.593023 0.175617 0.594961 0.171263 0.600775 0.171263 0.602713 0.16836 0.606589 0.164006 0.606589 0.162554 0.604651 0.159652 0.604651 0.1582 0.602713 0.137881 0.602713 0.137881 0.606589 0.139332 0.608527 0.139332 0.614341 0.140784 0.616279 0.140784 0.620155 0.143687 0.620155 0.145138 0.622093 0.149492 0.622093 0.150943 0.624031 0.153846 0.624031 0.155298 0.625969 0.1582 0.625969 0.159652 0.627907 0.1582 0.629845 0.156749 0.629845 0.155298 0.631783 0.153846 0.631783 0.152395 0.633721 0.150943 0.633721 0.150943 0.635659 0.152395 0.637597 0.152395 0.643411 0.153846 0.645349 0.153846 0.651163 0.155298 0.653101 0.155298 0.658915 0.156749 0.660853 0.156749 0.662791 0.134978 0.69186 0.13643 0.693798 0.13643 0.695736 0.137881 0.697674 0.137881 0.699612 0.140784 0.703488 0.140784 0.705426 0.142235 0.707364 0.142235 0.709302 0.143687 0.709302 0.145138 0.71124 0.146589 0.71124 0.148041 0.713178 0.150943 0.713178 0.152395 0.715116 0.156749 0.715116 0.1582 0.717054 0.164006 0.717054 0.165457 0.718992 0.169811 0.718992 0.171263 0.72093 0.177068 0.72093 0.17852 0.722868 0.198839 0.722868 0.204644 0.73062 0.204644 0.732558 0.21045 0.74031 0.21045 0.732558 0.211901 0.73062 0.211901 0.726744 0.213353 0.724806 0.222061 0.724806 0.216255 0.717054 0.214804 0.717054 0.206096 0.705426 0.207547 0.703488 0.207547 0.70155 0.208999 0.699612 0.208999 0.697674 0.21045 0.695736 0.21045 0.693798 0.213353 0.689922 0.213353 0.687984 0.214804 0.686047 0.214804 0.684109 0.216255 0.682171 0.216255 0.680233 0.217707 0.678295 0.217707 0.676357 0.219158 0.674419 0.201742 0.651163 0.201742 0.647287 0.20029 0.645349 0.20029 0.639535 0.197388 0.635659 0.195936 0.635659 0.190131 0.627907 0.188679 0.627907 0.182874 0.620155 0.181422 0.620155 0.177068 0.614341 0.177068 0.612403 0.17852 0.610465 0.17852 0.606589 0.179971 0.604651 0.179971 0.600775 0.181422 0.598837 0.181422 0.594961 0.182874 0.593023 0.182874 0.591085
1 0.812772 0.585271 0.811321 0.587209 0.806967 0.587209 0.805515 0.589147 0.801161 0.589147 0.79971 0.591085 0.796807 0.591085 0.795356 0.593023 0.791001 0.593023 0.78955 0.594961 0.785196 0.594961 0.783745 0.596899 0.782293 0.596899 0.780842 0.598837 0.77939 0.598837 0.777939 0.600775 0.776488 0.600775 0.775036 0.602713 0.773585 0.602713 0.770682 0.606589 0.769231 0.606589 0.767779 0.608527 0.766328 0.608527 0.764877 0.610465 0.763425 0.610465 0.761974 0.612403 0.748911 0.612403 0.74746 0.610465 0.74746 0.624031 0.746009 0.625969 0.746009 0.639535 0.74746 0.641473 0.74746 0.643411 0.748911 0.645349 0.748911 0.647287 0.750363 0.649225 0.750363 0.651163 0.751814 0.653101 0.751814 0.655039 0.753266 0.656977 0.753266 0.658915 0.754717 0.660853 0.756168 0.660853 0.760522 0.666667 0.761974 0.666667 0.764877 0.670543 0.766328 0.668605 0.77939 0.668605 0.782293 0.672481 0.782293 0.676357 0.783745 0.678295 0.783745 0.682171 0.785196 0.684109 0.785196 0.686047 0.792453 0.686047 0.793904 0.687984 0.802612 0.687984 0.804064 0.689922 0.811321 0.689922 0.812772 0.69186 0.814224 0.689922 0.82148 0.689922 0.822932 0.687984 0.83164 0.687984 0.833091 0.686047 0.840348 0.686047 0.8418 0.684109 0.849057 0.684109 0.850508 0.682171 0.859216 0.682171 0.860668 0.680233 0.867925 0.680233 0.869376 0.678295 0.878084 0.678295 0.879536 0.676357 0.886792 0.676357 0.889695 0.672481 0.891147 0.672481 0.894049 0.668605 0.895501 0.668605 0.896952 0.666667 0.896952 0.664729 0.898403 0.662791 0.898403 0.658915 0.899855 0.656977 0.899855 0.653101 0.901306 0.651163 0.901306 0.649225 0.902758 0.647287 0.902758 0.643411 0.904209 0.641473 0.904209 0.639535 0.902758 0.637597 0.902758 0.635659 0.899855 0.631783 0.899855 0.629845 0.898403 0.627907 0.898403 0.625969 0.895501 0.622093 0.895501 0.620155 0.894049 0.618217 0.892598 0.618217 0.891147 0.616279 0.889695 0.616279 0.886792 0.612403 0.885341 0.612403 0.88389 0.610465 0.882438 0.610465 0.880987 0.608527 0.879536 0.608527 0.878084 0.606589 0.876633 0.606589 0.87373 0.602713 0.872279 0.602713 0.870827 0.600775 0.869376 0.600775 0.867925 0.598837 0.859216 0.610465 0.857765 0.610465 0.850508 0.620155 0.849057 0.618217 0.849057 0.616279 0.846154 0.612403 0.846154 0.610465 0.843251 0.606589 0.843251 0.604651 0.840348 0.600775 0.840348 0.598837 0.837446 0.594961 0.837446 0.593023 0.835994 0.591085 0.830189 0.591085 0.828737 0.589147 0.82148 0.589147 0.820029 0.587209 0.814224 0.587209
1 0.338171 0.525194 0.33672 0.527132 0.333817 0.527132 0.332366 0.52907 0.329463 0.52907 0.328012 0.531008 0.325109 0.531008 0.323657 0.532946 0.320755 0.532946 0.319303 0.534884 0.317852 0.534884 0.316401 0.536822 0.314949 0.536822 0.313498 0.53876 0.310595 0.53876 0.309144 0.540698 0.307692 0.540698 0.306241 0.542636 0.30479 0.542636 0.303338 0.544574 0.301887 0.544574 0.300435 0.546512 0.297533 0.546512 0.296081 0.54845 0.29463 0.54845 0.293179 0.550388 0.291727 0.550388 0.290276 0.552326 0.287373 0.552326 0.285922 0.554264 0.281567 0.554264 0.280116 0.556202 0.277213 0.556202 0.275762 0.55814 0.272859 0.55814 0.271408 0.560078 0.267054 0.560078 0.265602 0.562016 0.2627 0.562016 0.261248 0.563953 0.256894 0.563953 0.255443 0.565891 0.25254 0.565891 0.251089 0.567829 0.246734 0.567829 0.245283 0.569767 0.240929 0.569767 0.239478 0.571705 0.235123 0.571705 0.233672 0.573643 0.230769 0.573643 0.229318 0.575581 0.224964 0.575581 0.223512 0.577519 0.219158 0.577519 0.217707 0.579457 0.213353 0.579457 0.211901 0.581395 0.206096 0.581395 0.204644 0.583333 0.20029 0.583333 0.198839 0.585271 0.193033 0.585271 0.193033 0.606589 0.197388 0.612403 0.198839 0.612403 0.208999 0.625969 0.21045 0.625969 0.216255 0.633721 0.216255 0.637597 0.214804 0.639535 0.214804 0.645349 0.213353 0.647287 0.213353 0.651163 0.214804 0.651163 0.216255 0.653101 0.217707 0.653101 0.219158 0.655039 0.22061 0.655039 0.223512 0.658915 0.224964 0.658915 0.226415 0.660853 0.227866 0.660853 0.229318 0.662791 0.230769 0.662791 0.232221 0.664729 0.233672 0.662791 0.235123 0.662791 0.236575 0.660853 0.238026 0.660853 0.239478 0.658915 0.24238 0.658915 0.243832 0.656977 0.245283 0.656977 0.246734 0.655039 0.25254 0.655039 0.253991 0.653101 0.267054 0.653101 0.268505 0.655039 0.275762 0.655039 0.277213 0.656977 0.283019 0.656977 0.28447 0.658915 0.291727 0.658915 0.293179 0.660853 0.298984 0.660853 0.300435 0.662791 0.306241 0.662791 0.307692 0.664729 0.312046 0.664729 0.313498 0.666667 0.319303 0.666667 0.320755 0.668605 0.322206 0.666667 0.323657 0.666667 0.325109 0.664729 0.32656 0.664729 0.329463 0.660853 0.330914 0.660853 0.332366 0.658915 0.333817 0.658915 0.335269 0.656977 0.33672 0.656977 0.339623 0.653101 0.341074 0.653101 0.342525 0.651163 0.343977 0.651163 0.345428 0.649225 0.34688 0.649225 0.349782 0.645349 0.351234 0.645349 0.354136 0.641473 0.355588 0.641473 0.358491 0.637597 0.359942 0.637597 0.361393 0.635659 0.362845 0.635659 0.365747 0.631783 0.367199 0.631783 0.370102 0.627907 0.371553 0.627907 0.373004 0.625969 0.374456 0.625969 0.375907 0.624031 0.37881 0.624031 0.380261 0.622093 0.381713 0.622093 0.383164 0.620155 0.386067 0.620155 0.387518 0.618217 0.38897 0.618217 0.390421 0.616279 0.393324 0.616279 0.394775 0.614341 0.396226 0.614341 0.396226 0.612403 0.397678 0.610465 0.397678 0.608527 0.399129 0.606589 0.399129 0.600775 0.397678 0.598837 0.397678 0.591085 0.399129 0.589147 0.399129 0.587209 0.400581 0.585271 0.400581 0.583333 0.402032 0.581395 0.402032 0.579457 0.403483 0.577519 0.409289 0.577519 0.41074 0.579457 0.415094 0.579457 0.416546 0.581395 0.417997 0.581395 0.419448 0.583333 0.4209 0.583333 0.422351 0.585271 0.423803 0.585271 0.426705 0.589147 0.428157 0.589147 0.429608 0.591085 0.43106 0.591085 0.432511 0.593023 0.433962 0.593023 0.435414 0.594961 0.433962 0.596899 0.433962 0.598837 0.432511 0.600775 0.432511 0.602713 0.43106 0.604651 0.432511 0.604651 0.433962 0.606589 0.436865 0.606589 0.438316 0.608527 0.439768 0.608527 0.441219 0.610465 0.442671 0.610465 0.444122 0.612403 0.445573 0.612403 0.447025 0.614341 0.449927 0.614341 0.451379 0.616279 0.45283 0.616279 0.454282 0.618217 0.458636 0.618217 0.460087 0.620155 0.460087 0.622093 0.461538 0.624031 0.461538 0.627907 0.460087 0.629845 0.460087 0.631783 0.46299 0.631783 0.464441 0.633721 0.467344 0.633721 0.468795 0.635659 0.471698 0.635659 0.473149 0.637597 0.476052 0.637597 0.477504 0.639535 0.480406 0.639535 0.481858 0.641473 0.484761 0.641473 0.486212 0.643411 0.489115 0.639535 0.489115 0.637597 0.49492 0.629845 0.49492 0.627907 0.497823 0.624031 0.496372 0.622093 0.496372 0.620155 0.49492 0.618217 0.49492 0.616279 0.492017 0.612403 0.492017 0.610465 0.490566 0.608527 0.490566 0.606589 0.489115 0.604651 0.489115 0.602713 0.487663 0.600775 0.489115 0.598837 0.489115 0.596899 0.490566 0.594961 0.490566 0.593023 0.493469 0.589147 0.493469 0.587209 0.49492 0.585271 0.49492 0.583333 0.497823 0.579457 0.506531 0.579457 0.507983 0.577519 0.518142 0.577519 0.519594 0.575581 0.528302 0.575581 0.529753 0.573643 0.532656 0.573643 0.534107 0.571705 0.535559 0.571705 0.53701 0.569767 0.539913 0.569767 0.541364 0.567829 0.542816 0.567829 0.544267 0.565891 0.54717 0.565891 0.54717 0.563953 0.548621 0.562016 0.548621 0.55814 0.550073 0.556202 0.550073 0.552326 0.551524 0.550388 0.551524 0.546512 0.552975 0.544574 0.552975 0.542636 0.554427 0.540698 0.576197 0.540698 0.577649 0.53876 0.600871 0.53876 0.603774 0.542636 0.605225 0.540698 0.629898 0.540698 0.629898 0.536822 0.63135 0.534884 0.63135 0.532946 0.608128 0.532946 0.605225 0.52907 0.605225 0.527132 0.603774 0.525194 0.602322 0.527132 0.590711 0.527132 0.58926 0.52907 0.576197 0.52907 0.574746 0.531008 0.563135 0.531008 0.561684 0.532946 0.558781 0.532946 0.557329 0.534884 0.554427 0.534884 0.552975 0.536822 0.534107 0.536822 0.532656 0.534884 0.518142 0.534884 0.516691 0.532946 0.515239 0.534884 0.464441 0.534884 0.46299 0.536822 0.413643 0.536822 0.412192 0.534884 0.403483 0.534884 0.402032 0.532946 0.393324 0.532946 0.391872 0.531008 0.374456 0.531008 0.373004 0.52907 0.357039 0.52907 0.355588 0.527132 0.339623 0.527132
1 0.679245 0.439922 0.686502 0.449612 0.687954 0.449612 0.69521 0.459302 0.693759 0.46124 0.685051 0.46124 0.683599 0.459302 0.67344 0.459302 0.671988 0.457364 0.660377 0.457364 0.658926 0.455426 0.657475 0.457364 0.654572 0.457364 0.65312 0.459302 0.651669 0.459302 0.650218 0.46124 0.647315 0.46124 0.645864 0.463178 0.644412 0.463178 0.642961 0.465116 0.640058 0.465116 0.638607 0.467054 0.635704 0.467054 0.634253 0.468992 0.632801 0.468992 0.63135 0.47093 0.62119 0.47093 0.619739 0.468992 0.61103 0.468992 0.609579 0.467054 0.602322 0.467054 0.600871 0.465116 0.555878 0.465116 0.554427 0.463178 0.552975 0.465116 0.522496 0.465116 0.521045 0.467054 0.492017 0.467054 0.490566 0.468992 0.460087 0.468992 0.458636 0.47093 0.448476 0.47093 0.447025 0.472868 0.436865 0.472868 0.435414 0.474806 0.425254 0.474806 0.423803 0.476744 0.412192 0.476744 0.41074 0.478682 0.400581 0.478682 0.399129 0.48062 0.38897 0.48062 0.387518 0.482558 0.377358 0.482558 0.375907 0.484496 0.290276 0.484496 0.288824 0.482558 0.283019 0.482558 0.281567 0.48062 0.275762 0.48062 0.274311 0.478682 0.268505 0.478682 0.267054 0.476744 0.261248 0.476744 0.259797 0.474806 0.253991 0.474806 0.25254 0.472868 0.246734 0.472868 0.245283 0.47093 0.239478 0.47093 0.238026 0.468992 0.232221 0.468992 0.230769 0.467054 0.224964 0.467054 0.223512 0.465116 0.22061 0.465116 0.219158 0.463178 0.216255 0.463178 0.214804 0.46124 0.203193 0.476744 0.182874 0.476744 0.181422 0.474806 0.175617 0.482558 0.169811 0.482558 0.16836 0.48062 0.162554 0.48062 0.161103 0.478682 0.150943 0.478682 0.149492 0.476744 0.148041 0.478682 0.145138 0.478682 0.143687 0.48062 0.142235 0.48062 0.140784 0.482558 0.137881 0.482558 0.146589 0.494186 0.143687 0.498062 0.142235 0.498062 0.137881 0.503876 0.13643 0.503876 0.133527 0.507752 0.132075 0.507752 0.130624 0.50969 0.114659 0.50969 0.113208 0.507752 0.111756 0.50969 0.110305 0.50969 0.108853 0.511628 0.105951 0.511628 0.104499 0.513566 0.103048 0.513566 0.103048 0.527132 0.101597 0.52907 0.101597 0.540698 0.105951 0.540698 0.107402 0.542636 0.111756 0.542636 0.113208 0.544574 0.11611 0.544574 0.117562 0.546512 0.121916 0.546512 0.123367 0.54845 0.123367 0.556202 0.121916 0.55814 0.121916 0.563953 0.137881 0.563953 0.139332 0.562016 0.142235 0.562016 0.143687 0.560078 0.145138 0.560078 0.146589 0.55814 0.149492 0.55814 0.150943 0.556202 0.153846 0.556202 0.155298 0.554264 0.156749 0.554264 0.1582 0.552326 0.161103 0.552326 0.162554 0.550388 0.164006 0.550388 0.165457 0.54845 0.16836 0.54845 0.169811 0.546512 0.172714 0.546512 0.174165 0.544574 0.175617 0.544574 0.177068 0.542636 0.179971 0.542636 0.181422 0.540698 0.184325 0.540698 0.185776 0.53876 0.187228 0.53876 0.188679 0.536822 0.191582 0.536822 0.193033 0.534884 0.195936 0.534884 0.197388 0.532946 0.198839 0.532946 0.20029 0.531008 0.203193 0.531008 0.204644 0.52907 0.206096 0.52907 0.207547 0.527132 0.21045 0.527132 0.211901 0.525194 0.214804 0.525194 0.216255 0.523256 0.217707 0.523256 0.219158 0.521318 0.222061 0.521318 0.223512 0.51938 0.251089 0.51938 0.25254 0.517442 0.278665 0.517442 0.280116 0.515504 0.307692 0.515504 0.309144 0.513566 0.357039 0.513566 0.358491 0.511628 0.387518 0.511628 0.38897 0.50969 0.419448 0.50969 0.4209 0.507752 0.449927 0.507752 0.451379 0.505814 0.474601 0.505814 0.476052 0.503876 0.499274 0.503876 0.500726 0.501938 0.522496 0.501938 0.523948 0.5 0.54717 0.5 0.548621 0.498062 0.577649 0.498062 0.5791 0.5 0.583454 0.5 0.584906 0.501938 0.590711 0.501938 0.592163 0.503876 0.596517 0.503876 0.597968 0.505814 0.603774 0.505814 0.605225 0.507752 0.632801 0.507752 0.634253 0.50969 0.661829 0.50969 0.66328 0.511628 0.692308 0.511628 0.693759 0.513566 0.721335 0.513566 0.722787 0.515504 0.750363 0.515504 0.751814 0.517442 0.763425 0.517442 0.764877 0.51938 0.776488 0.51938 0.777939 0.521318 0.78955 0.521318 0.791001 0.523256 0.802612 0.523256 0.804064 0.525194 0.815675 0.525194 0.817126 0.527132 0.817126 0.525194 0.815675 0.523256 0.815675 0.517442 0.814224 0.515504 0.814224 0.511628 0.812772 0.50969 0.812772 0.503876 0.811321 0.501938 0.811321 0.5 0.79971 0.5 0.798258 0.498062 0.796807 0.498062 0.793904 0.494186 0.792453 0.494186 0.791001 0.492248 0.78955 0.492248 0.786647 0.488372 0.785196 0.488372 0.782293 0.484496 0.780842 0.484496 0.77939 0.482558 0.777939 0.482558 0.775036 0.478682 0.773585 0.478682 0.772134 0.476744 0.770682 0.476744 0.767779 0.472868 0.766328 0.472868 0.763425 0.468992 0.761974 0.468992 0.760522 0.467054 0.759071 0.467054 0.756168 0.463178 0.754717 0.463178 0.753266 0.46124 0.751814 0.463178 0.74746 0.463178 0.746009 0.465116 0.740203 0.465116 0.738752 0.467054 0.734398 0.467054 0.732946 0.468992 0.725689 0.468992 0.724238 0.467054 0.722787 0.467054 0.721335 0.465116 0.719884 0.465116 0.718433 0.463178 0.716981 0.463178 0.71553 0.46124 0.714078 0.46124 0.712627 0.459302 0.711176 0.459302 0.709724 0.457364 0.708273 0.457364 0.706821 0.455426 0.70537 0.455426 0.703919 0.453488 0.702467 0.453488 0.701016 0.45155 0.699565 0.45155 0.698113 0.449612 0.696662 0.449612 0.69521 0.447674 0.693759 0.447674 0.692308 0.445736 0.690856 0.445736 0.689405 0.443798 0.687954 0.443798 0.686502 0.44186 0.685051 0.44186 0.683599 0.439922
