0 0.154778 0.691203 0.153432 0.692998 0.15074 0.692998 0.149394 0.694794 0.146703 0.694794 0.146703 0.696589 0.145357 0.698384 0.145357 0.70018 0.146703 0.698384 0.164199 0.698384 0.164199 0.696589 0.162853 0.694794 0.162853 0.692998 0.156124 0.692998
0 0.244953 0.35009 0.240915 0.355476 0.239569 0.355476 0.236878 0.359066 0.244953 0.359066 0.250336 0.351885 0.246299 0.351885
0 0.930013 0.341113 0.928668 0.342908 0.925976 0.342908 0.92463 0.344704 0.920592 0.344704 0.919246 0.346499 0.897712 0.346499 0.896366 0.348294 0.874832 0.348294 0.873486 0.35009 0.851952 0.35009 0.851952 0.351885 0.850606 0.35368 0.850606 0.355476 0.851952 0.35368 0.881561 0.35368 0.882907 0.351885 0.911171 0.351885 0.912517 0.35368 0.912517 0.355476 0.911171 0.357271 0.911171 0.359066 0.908479 0.362657 0.908479 0.364452 0.911171 0.364452 0.912517 0.362657 0.916555 0.362657 0.9179 0.360862 0.921938 0.360862 0.923284 0.359066 0.928668 0.359066 0.930013 0.357271 0.934051 0.357271 0.935397 0.355476 0.939435 0.355476 0.940781 0.35368 0.944818 0.35368 0.943472 0.35368 0.942127 0.351885 0.940781 0.351885 0.939435 0.35009 0.939435 0.348294 0.938089 0.346499 0.938089 0.344704 0.935397 0.344704 0.934051 0.342908 0.931359 0.342908
0 0.757739 0.341113 0.757739 0.344704 0.756393 0.346499 0.756393 0.348294 0.757739 0.348294 0.759085 0.35009 0.760431 0.35009 0.761777 0.351885 0.764468 0.348294 0.765814 0.348294 0.76716 0.346499 0.765814 0.346499 0.764468 0.344704 0.761777 0.344704 0.760431 0.342908 0.759085 0.342908
0 0.234186 0.324955 0.23284 0.32675 0.231494 0.32675 0.230148 0.328546 0.228802 0.328546 0.227456 0.330341 0.224764 0.330341 0.223419 0.332136 0.222073 0.332136 0.22611 0.337522 0.227456 0.335727 0.230148 0.335727 0.231494 0.333932 0.23284 0.333932 0.234186 0.332136 0.236878 0.332136 0.235532 0.330341 0.235532 0.328546 0.234186 0.32675
0 0.652759 0.267504 0.651413 0.2693 0.6393 0.2693 0.637954 0.271095 0.635262 0.271095 0.633917 0.27289 0.629879 0.27289 0.628533 0.274686 0.625841 0.274686 0.624495 0.276481 0.620458 0.276481 0.621803 0.278276 0.621803 0.280072 0.623149 0.281867 0.624495 0.280072 0.637954 0.280072 0.6393 0.278276 0.654105 0.278276 0.654105 0.274686 0.652759 0.27289
0 0.641992 0.238779 0.640646 0.240575 0.636608 0.240575 0.635262 0.24237 0.629879 0.24237 0.629879 0.253142 0.631225 0.251346 0.641992 0.251346
0 0.220727 0.235189 0.220727 0.236984 0.219381 0.238779 0.219381 0.240575 0.224764 0.240575 0.22611 0.24237 0.22611 0.235189
0 0.069987 0.224417 0.067295 0.228007 0.059219 0.228007 0.059219 0.229803 0.060565 0.231598 0.060565 0.235189 0.061911 0.236984 0.061911 0.240575 0.063257 0.24237 0.063257 0.244165 0.067295 0.238779 0.068641 0.238779 0.072678 0.233393 0.074024 0.233393 0.076716 0.229803 0.078062 0.229803 0.079408 0.228007 0.076716 0.224417
0 0.355316 0.219031 0.355316 0.220826 0.35397 0.222621 0.35397 0.224417 0.355316 0.222621 0.363392 0.222621 0.362046 0.220826 0.362046 0.219031
0 0.286676 0.204668 0.286676 0.206463 0.28533 0.208259 0.28533 0.210054 0.283984 0.211849 0.290713 0.211849 0.292059 0.213645 0.290713 0.21544 0.288022 0.21544 0.286676 0.217235 0.282638 0.217235 0.281292 0.219031 0.275908 0.219031 0.274563 0.220826 0.270525 0.220826 0.269179 0.222621 0.263795 0.222621 0.263795 0.251346 0.26245 0.253142 0.257066 0.253142 0.257066 0.254937 0.25572 0.256732 0.25572 0.258528 0.254374 0.260323 0.25572 0.258528 0.263795 0.258528 0.274563 0.244165 0.275908 0.244165 0.2786 0.240575 0.279946 0.240575 0.282638 0.236984 0.283984 0.236984 0.282638 0.235189 0.282638 0.233393 0.281292 0.231598 0.281292 0.229803 0.279946 0.228007 0.279946 0.226212 0.281292 0.224417 0.283984 0.224417 0.28533 0.222621 0.289367 0.222621 0.290713 0.220826 0.293405 0.220826 0.294751 0.219031 0.298789 0.219031 0.298789 0.213645 0.297443 0.211849 0.297443 0.204668
0 0.312248 0.179533 0.312248 0.192101 0.324361 0.192101 0.324361 0.179533
0 0.932705 0.168761 0.931359 0.170557 0.930013 0.170557 0.927322 0.174147 0.925976 0.174147 0.923284 0.177738 0.921938 0.177738 0.923284 0.177738 0.925976 0.181329 0.927322 0.181329 0.930013 0.184919 0.931359 0.184919 0.932705 0.186715 0.935397 0.186715 0.936743 0.18851 0.938089 0.18851 0.939435 0.190305 0.940781 0.18851 0.94751 0.18851 0.948856 0.186715 0.956931 0.186715 0.958277 0.184919 0.960969 0.184919 0.962315 0.183124 0.966353 0.183124 0.967699 0.181329 0.97039 0.181329 0.971736 0.179533 0.974428 0.179533 0.975774 0.177738 0.978466 0.177738 0.979812 0.175943 0.983849 0.175943 0.985195 0.174147 0.987887 0.174147 0.985195 0.174147 0.983849 0.172352 0.982503 0.172352 0.981157 0.170557 0.979812 0.172352 0.974428 0.172352 0.973082 0.174147 0.967699 0.174147 0.966353 0.175943 0.94751 0.175943 0.946164 0.174147 0.944818 0.174147 0.943472 0.172352 0.939435 0.172352 0.938089 0.170557 0.934051 0.170557
0 0.40646 0.163375 0.405114 0.165171 0.398385 0.165171 0.397039 0.166966 0.388964 0.166966 0.387618 0.168761 0.379542 0.168761 0.378197 0.170557 0.371467 0.170557 0.370121 0.172352 0.362046 0.172352 0.3607 0.174147 0.359354 0.172352 0.356662 0.172352 0.355316 0.170557 0.351279 0.170557 0.349933 0.172352 0.348587 0.172352 0.347241 0.174147 0.345895 0.174147 0.344549 0.175943 0.343203 0.175943 0.341857 0.177738 0.340511 0.177738 0.339166 0.179533 0.33782 0.179533 0.336474 0.181329 0.335128 0.181329 0.333782 0.183124 0.332436 0.183124 0.33109 0.184919 0.329744 0.184919 0.332436 0.184919 0.333782 0.183124 0.339166 0.183124 0.340511 0.181329 0.347241 0.181329 0.348587 0.179533 0.355316 0.179533 0.356662 0.177738 0.362046 0.177738 0.363392 0.175943 0.370121 0.175943 0.371467 0.174147 0.378197 0.174147 0.379542 0.172352 0.384926 0.172352 0.386272 0.170557 0.393001 0.170557 0.394347 0.168761 0.401077 0.168761 0.402423 0.166966 0.407806 0.166966 0.409152 0.165171 0.415882 0.165171 0.414536 0.163375
0 0.900404 0.159785 0.899058 0.16158 0.886945 0.16158 0.884253 0.165171 0.882907 0.165171 0.878869 0.170557 0.877524 0.170557 0.874832 0.174147 0.873486 0.174147 0.870794 0.177738 0.870794 0.179533 0.869448 0.181329 0.869448 0.183124 0.868102 0.184919 0.868102 0.186715 0.86541 0.190305 0.86541 0.192101 0.864065 0.193896 0.864065 0.195691 0.862719 0.197487 0.845222 0.197487 0.843876 0.195691 0.843876 0.193896 0.845222 0.192101 0.845222 0.18851 0.846568 0.186715 0.846568 0.184919 0.841184 0.184919 0.839838 0.183124 0.839838 0.184919 0.838493 0.186715 0.838493 0.190305 0.837147 0.192101 0.837147 0.193896 0.835801 0.195691 0.835801 0.197487 0.834455 0.199282 0.822342 0.199282 0.820996 0.197487 0.81965 0.197487 0.818304 0.195691 0.815612 0.195691 0.814266 0.193896 0.810229 0.193896 0.808883 0.192101 0.806191 0.192101 0.804845 0.190305 0.800808 0.190305 0.799462 0.18851 0.79677 0.18851 0.795424 0.186715 0.795424 0.190305 0.794078 0.192101 0.794078 0.195691 0.79677 0.195691 0.798116 0.197487 0.800808 0.197487 0.802153 0.199282 0.804845 0.199282 0.806191 0.201077 0.808883 0.201077 0.810229 0.202873 0.812921 0.202873 0.814266 0.204668 0.815612 0.204668 0.816958 0.206463 0.81965 0.206463 0.820996 0.208259 0.823688 0.208259 0.825034 0.210054 0.827725 0.210054 0.829071 0.211849 0.831763 0.211849 0.833109 0.213645 0.834455 0.211849 0.860027 0.211849 0.864065 0.206463 0.86541 0.206463 0.866756 0.204668 0.870794 0.204668 0.87214 0.206463 0.874832 0.206463 0.876178 0.208259 0.880215 0.208259 0.881561 0.210054 0.886945 0.202873 0.888291 0.202873 0.890983 0.199282 0.890983 0.190305 0.889637 0.190305 0.886945 0.186715 0.885599 0.186715 0.884253 0.184919 0.882907 0.184919 0.880215 0.181329 0.878869 0.181329 0.877524 0.179533 0.882907 0.172352 0.884253 0.172352 0.888291 0.166966 0.90175 0.166966 0.90175 0.165171 0.900404 0.163375
0 0.781965 0.145422 0.780619 0.147217 0.779273 0.147217 0.776581 0.150808 0.775236 0.150808 0.776581 0.152603 0.776581 0.154399 0.777927 0.156194 0.779273 0.154399 0.787349 0.154399 0.787349 0.150808 0.788694 0.149013 0.788694 0.145422
0 0.467026 0.13465 0.46568 0.136445 0.461642 0.136445 0.460296 0.138241 0.454913 0.138241 0.456258 0.140036 0.456258 0.141831 0.457604 0.140036 0.471063 0.140036
0 0.9179 0.127469 0.916555 0.129264 0.913863 0.129264 0.912517 0.131059 0.908479 0.131059 0.909825 0.132855 0.909825 0.13465 0.912517 0.138241 0.912517 0.140036 0.913863 0.141831 0.913863 0.152603 0.916555 0.152603 0.9179 0.154399 0.919246 0.154399 0.920592 0.156194 0.923284 0.156194 0.92463 0.157989 0.925976 0.157989 0.927322 0.159785 0.928668 0.157989 0.932705 0.157989 0.932705 0.147217 0.92463 0.147217 0.923284 0.145422 0.923284 0.143627 0.92463 0.141831 0.92463 0.138241 0.925976 0.136445 0.925976 0.13465 0.92463 0.13465 0.921938 0.131059 0.920592 0.131059
0 0.84253 0.125673 0.84253 0.132855 0.841184 0.13465 0.841184 0.138241 0.839838 0.140036 0.839838 0.141831 0.838493 0.143627 0.838493 0.145422 0.839838 0.147217 0.839838 0.149013 0.841184 0.150808 0.841184 0.152603 0.84253 0.154399 0.850606 0.154399 0.854643 0.159785 0.854643 0.16158 0.857335 0.165171 0.857335 0.16158 0.858681 0.159785 0.858681 0.152603 0.860027 0.150808 0.860027 0.147217 0.858681 0.147217 0.857335 0.145422 0.854643 0.145422 0.853297 0.143627 0.851952 0.143627 0.850606 0.141831 0.846568 0.147217 0.845222 0.145422 0.845222 0.143627 0.843876 0.141831 0.843876 0.140036 0.851952 0.129264 0.847914 0.129264 0.846568 0.127469 0.843876 0.127469
0 0.925976 0.111311 0.92463 0.113106 0.920592 0.113106 0.919246 0.114901 0.915209 0.114901 0.913863 0.116697 0.909825 0.116697 0.909825 0.118492 0.911171 0.120287 0.911171 0.123878 0.912517 0.122083 0.915209 0.122083 0.916555 0.120287 0.920592 0.120287 0.921938 0.118492 0.92463 0.118492 0.92463 0.114901 0.925976 0.113106
0 0.502019 0.104129 0.499327 0.10772 0.497981 0.10772 0.500673 0.111311 0.503365 0.10772 0.504711 0.10772 0.506057 0.105925 0.503365 0.105925
0 0.546433 0.093357 0.545087 0.095153 0.54105 0.095153 0.538358 0.098743 0.545087 0.098743 0.545087 0.096948 0.546433 0.095153
0 0.86541 0.089767 0.864065 0.091562 0.857335 0.091562 0.857335 0.102334 0.855989 0.104129 0.853297 0.104129 0.851952 0.102334 0.847914 0.102334 0.846568 0.100539 0.845222 0.102334 0.839838 0.102334 0.838493 0.104129 0.831763 0.104129 0.830417 0.105925 0.825034 0.105925 0.823688 0.10772 0.816958 0.10772 0.815612 0.109515 0.810229 0.109515 0.810229 0.113106 0.811575 0.114901 0.811575 0.118492 0.812921 0.118492 0.814266 0.120287 0.815612 0.120287 0.816958 0.122083 0.818304 0.122083 0.81965 0.123878 0.820996 0.123878 0.822342 0.125673 0.823688 0.123878 0.825034 0.123878 0.825034 0.120287 0.82638 0.118492 0.82638 0.116697 0.827725 0.114901 0.834455 0.114901 0.835801 0.113106 0.843876 0.113106 0.845222 0.114901 0.847914 0.114901 0.84926 0.116697 0.850606 0.116697 0.851952 0.118492 0.857335 0.118492 0.858681 0.120287 0.864065 0.113106 0.86541 0.113106 0.869448 0.10772 0.869448 0.105925 0.868102 0.104129 0.868102 0.100539 0.866756 0.098743 0.866756 0.093357 0.86541 0.091562
0 0.908479 0.077199 0.905787 0.08079 0.904441 0.08079 0.90175 0.084381 0.900404 0.084381 0.899058 0.086176 0.897712 0.084381 0.897712 0.082585 0.896366 0.08079 0.896366 0.078995 0.893674 0.078995 0.893674 0.086176 0.892328 0.087971 0.877524 0.087971 0.880215 0.091562 0.90175 0.091562 0.903096 0.089767 0.904441 0.089767 0.905787 0.087971 0.908479 0.087971
0 0.997308 0.073609 0.995962 0.075404 0.993271 0.075404 0.991925 0.077199 0.990579 0.077199 0.989233 0.078995 0.978466 0.078995 0.97712 0.077199 0.969044 0.077199 0.967699 0.075404 0.966353 0.077199 0.965007 0.077199 0.963661 0.078995 0.962315 0.078995 0.960969 0.08079 0.959623 0.08079 0.958277 0.082585 0.955585 0.082585 0.95424 0.084381 0.952894 0.084381 0.951548 0.086176 0.950202 0.086176 0.948856 0.087971 0.94751 0.087971 0.94751 0.100539 0.946164 0.102334 0.925976 0.102334 0.92463 0.100539 0.930013 0.10772 0.930013 0.114901 0.928668 0.116697 0.928668 0.123878 0.934051 0.131059 0.935397 0.131059 0.942127 0.140036 0.94751 0.140036 0.948856 0.141831 0.952894 0.141831 0.95424 0.143627 0.95424 0.140036 0.955585 0.138241 0.955585 0.131059 0.956931 0.129264 0.956931 0.123878 0.958277 0.122083 0.958277 0.116697 0.956931 0.114901 0.956931 0.113106 0.955585 0.111311 0.955585 0.109515 0.95424 0.10772 0.95424 0.105925 0.956931 0.102334 0.958277 0.102334 0.959623 0.100539 0.960969 0.100539 0.962315 0.098743 0.965007 0.098743 0.969044 0.104129 0.981157 0.104129 0.982503 0.105925 0.998654 0.105925 0.998654 0.073609
0 0.561238 0.073609 0.558546 0.077199 0.558546 0.078995 0.555855 0.082585 0.551817 0.082585 0.550471 0.08079 0.547779 0.08079 0.547779 0.082585 0.549125 0.084381 0.549125 0.087971 0.553163 0.087971 0.555855 0.091562 0.557201 0.091562 0.561238 0.096948 0.562584 0.095153 0.56393 0.095153 0.565276 0.093357 0.566622 0.093357 0.566622 0.086176 0.567968 0.084381 0.567968 0.077199 0.565276 0.08079 0.56393 0.08079 0.562584 0.078995 0.562584 0.077199 0.561238 0.075404
0 0.523553 0.073609 0.523553 0.077199 0.522207 0.078995 0.522207 0.08079 0.527591 0.08079 0.527591 0.073609
0 0.547779 0.064632 0.542396 0.071813 0.547779 0.071813
0 0.61642 0.059246 0.620458 0.064632 0.620458 0.070018 0.621803 0.068223 0.623149 0.068223 0.624495 0.066427 0.625841 0.066427 0.627187 0.064632 0.628533 0.064632 0.624495 0.059246
0 0.874832 0.052065 0.870794 0.057451 0.869448 0.057451 0.866756 0.061041 0.869448 0.064632 0.870794 0.062837 0.87214 0.062837 0.873486 0.061041 0.874832 0.061041 0.876178 0.059246 0.877524 0.059246 0.876178 0.057451 0.876178 0.055655 0.874832 0.05386
0 0.759085 0.010772 0.757739 0.012567 0.753701 0.012567 0.751009 0.016158 0.746972 0.016158 0.745626 0.014363 0.745626 0.017953 0.742934 0.021544 0.745626 0.025135 0.745626 0.02693 0.746972 0.028725 0.748318 0.02693 0.751009 0.02693 0.757739 0.017953 0.759085 0.017953 0.760431 0.016158 0.760431 0.014363 0.759085 0.012567
1 0.886945 0.928187 0.886945 0.937163 0.888291 0.938959 0.888291 0.955117 0.889637 0.956912 0.889637 0.97307 0.890983 0.974865 0.890983 0.983842 0.893674 0.983842 0.893674 0.974865 0.892328 0.97307 0.892328 0.956912 0.890983 0.955117 0.890983 0.938959 0.889637 0.937163 0.889637 0.928187
1 0.749664 0.928187 0.748318 0.929982 0.746972 0.929982 0.74428 0.933573 0.742934 0.933573 0.741588 0.935368 0.740242 0.935368 0.741588 0.937163 0.741588 0.938959 0.742934 0.940754 0.742934 0.942549 0.74428 0.944345 0.74428 0.94614 0.746972 0.949731 0.746972 0.951526 0.748318 0.953321 0.748318 0.955117 0.749664 0.956912 0.749664 0.958707 0.751009 0.960503 0.749664 0.962298 0.748318 0.962298 0.746972 0.964093 0.745626 0.964093 0.74428 0.965889 0.742934 0.965889 0.741588 0.967684 0.738896 0.967684 0.73755 0.969479 0.733513 0.969479 0.724092 0.982047 0.724092 0.989228 0.725437 0.991023 0.725437 0.998205 0.755047 0.998205 0.755047 0.996409 0.753701 0.994614 0.753701 0.991023 0.748318 0.983842 0.748318 0.982047 0.746972 0.980251 0.746972 0.976661 0.748318 0.974865 0.749664 0.974865 0.751009 0.97307 0.752355 0.97307 0.753701 0.971275 0.755047 0.971275 0.756393 0.969479 0.757739 0.969479 0.768506 0.955117 0.76716 0.953321 0.76716 0.951526 0.765814 0.949731 0.765814 0.947935 0.763122 0.944345 0.763122 0.942549 0.761777 0.940754 0.761777 0.938959 0.760431 0.937163 0.760431 0.935368 0.759085 0.933573 0.757739 0.933573 0.756393 0.931777 0.753701 0.931777 0.752355 0.929982 0.751009 0.929982
1 0.429341 0.91921 0.429341 0.922801 0.427995 0.924596 0.427995 0.929982 0.426649 0.931777 0.426649 0.935368 0.429341 0.935368 0.430686 0.937163 0.433378 0.937163 0.434724 0.938959 0.43607 0.938959 0.437416 0.940754 0.440108 0.940754 0.441454 0.942549 0.442799 0.940754 0.444145 0.940754 0.445491 0.938959 0.446837 0.938959 0.446837 0.937163 0.448183 0.935368 0.448183 0.933573 0.444145 0.928187 0.442799 0.928187 0.437416 0.921005 0.430686 0.921005
1 0.932705 0.824057 0.927322 0.831239 0.925976 0.831239 0.923284 0.834829 0.923284 0.836625 0.921938 0.83842 0.921938 0.840215 0.920592 0.842011 0.920592 0.843806 0.919246 0.845601 0.919246 0.847397 0.9179 0.849192 0.9179 0.852783 0.916555 0.854578 0.916555 0.856373 0.915209 0.858169 0.915209 0.859964 0.913863 0.861759 0.913863 0.86535 0.912517 0.867145 0.912517 0.868941 0.911171 0.870736 0.911171 0.872531 0.909825 0.874327 0.909825 0.876122 0.908479 0.877917 0.908479 0.89228 0.909825 0.894075 0.909825 0.908438 0.913863 0.908438 0.913863 0.903052 0.912517 0.901257 0.912517 0.89228 0.911171 0.890485 0.911171 0.885099 0.912517 0.883303 0.912517 0.881508 0.913863 0.879713 0.913863 0.877917 0.915209 0.876122 0.915209 0.874327 0.916555 0.872531 0.916555 0.870736 0.919246 0.867145 0.919246 0.86535 0.920592 0.863555 0.920592 0.861759 0.921938 0.859964 0.921938 0.858169 0.923284 0.856373 0.923284 0.854578 0.92463 0.852783 0.935397 0.852783 0.936743 0.854578 0.939435 0.854578 0.940781 0.856373 0.942127 0.854578 0.948856 0.854578 0.950202 0.852783 0.955585 0.852783 0.956931 0.854578 0.956931 0.86535 0.958277 0.867145 0.958277 0.879713 0.960969 0.879713 0.960969 0.868941 0.962315 0.867145 0.962315 0.854578 0.960969 0.852783 0.960969 0.845601 0.959623 0.843806 0.959623 0.842011 0.960969 0.840215 0.974428 0.840215 0.975774 0.842011 0.97712 0.842011 0.978466 0.843806 0.979812 0.843806 0.981157 0.845601 0.982503 0.845601 0.985195 0.849192 0.986541 0.849192 0.987887 0.850987 0.989233 0.850987 0.990579 0.852783 0.991925 0.852783 0.993271 0.854578 0.994616 0.854578 0.995962 0.856373 0.995962 0.850987 0.994616 0.850987 0.991925 0.847397 0.990579 0.847397 0.989233 0.845601 0.987887 0.845601 0.985195 0.842011 0.983849 0.842011 0.981157 0.83842 0.979812 0.83842 0.978466 0.836625 0.952894 0.836625 0.951548 0.834829 0.950202 0.834829 0.948856 0.833034 0.94751 0.833034 0.946164 0.831239 0.944818 0.831239 0.943472 0.829443 0.942127 0.829443 0.940781 0.827648 0.939435 0.827648 0.938089 0.825853 0.934051 0.825853
1 0.450875 0.743268 0.449529 0.745063 0.449529 0.746858 0.446837 0.750449 0.446837 0.752244 0.445491 0.754039 0.445491 0.755835 0.446837 0.75763 0.446837 0.763016 0.448183 0.764811 0.448183 0.789946 0.449529 0.791741 0.449529 0.798923 0.450875 0.800718 0.450875 0.804309 0.452221 0.802513 0.45895 0.802513 0.460296 0.800718 0.468371 0.800718 0.469717 0.798923 0.471063 0.798923 0.473755 0.795332 0.475101 0.795332 0.476447 0.793537 0.477793 0.793537 0.477793 0.791741 0.476447 0.789946 0.476447 0.788151 0.475101 0.786355 0.475101 0.78456 0.473755 0.782765 0.473755 0.780969 0.472409 0.779174 0.472409 0.777379 0.468371 0.771993 0.468371 0.770197 0.464334 0.764811 0.464334 0.763016 0.462988 0.761221 0.462988 0.755835 0.461642 0.754039 0.461642 0.748654 0.460296 0.746858 0.460296 0.743268
1 0.938089 0.692998 0.936743 0.694794 0.932705 0.694794 0.931359 0.696589 0.927322 0.696589 0.927322 0.70377 0.928668 0.705566 0.928668 0.714542 0.940781 0.714542 0.942127 0.716338 0.943472 0.714542 0.944818 0.714542 0.94751 0.710952 0.948856 0.710952 0.951548 0.707361 0.952894 0.707361 0.951548 0.705566 0.950202 0.705566 0.94751 0.701975 0.946164 0.701975 0.942127 0.696589 0.940781 0.696589
1 0.787349 0.675045 0.786003 0.67684 0.784657 0.67684 0.788694 0.67684 0.79004 0.678636 0.795424 0.678636 0.79677 0.680431 0.800808 0.680431 0.802153 0.682226 0.807537 0.682226 0.808883 0.684022 0.812921 0.684022 0.814266 0.685817 0.81965 0.685817 0.820996 0.687612 0.825034 0.687612 0.82638 0.689408 0.831763 0.689408 0.833109 0.691203 0.837147 0.691203 0.838493 0.692998 0.841184 0.692998 0.84253 0.694794 0.843876 0.694794 0.845222 0.696589 0.847914 0.696589 0.84926 0.698384 0.850606 0.698384 0.851952 0.70018 0.854643 0.70018 0.855989 0.701975 0.858681 0.701975 0.860027 0.70377 0.861373 0.70377 0.862719 0.705566 0.86541 0.705566 0.866756 0.707361 0.868102 0.707361 0.869448 0.709156 0.87214 0.709156 0.873486 0.710952 0.873486 0.709156 0.874832 0.707361 0.874832 0.705566 0.873486 0.705566 0.87214 0.70377 0.869448 0.70377 0.868102 0.701975 0.866756 0.701975 0.86541 0.70018 0.862719 0.70018 0.861373 0.698384 0.860027 0.698384 0.858681 0.696589 0.855989 0.696589 0.854643 0.694794 0.853297 0.694794 0.851952 0.692998 0.84926 0.692998 0.847914 0.691203 0.846568 0.691203 0.845222 0.689408 0.84253 0.689408 0.841184 0.687612 0.839838 0.687612 0.838493 0.685817 0.831763 0.685817 0.830417 0.684022 0.822342 0.684022 0.820996 0.682226 0.814266 0.682226 0.812921 0.680431 0.806191 0.680431 0.804845 0.678636 0.79677 0.678636 0.795424 0.67684 0.788694 0.67684
1 0.347241 0.667864 0.345895 0.669659 0.333782 0.669659 0.332436 0.671454 0.332436 0.67325 0.33109 0.675045 0.33109 0.67684 0.329744 0.678636 0.329744 0.680431 0.328398 0.682226 0.332436 0.687612 0.332436 0.689408 0.336474 0.694794 0.339166 0.691203 0.340511 0.691203 0.345895 0.684022 0.347241 0.684022 0.348587 0.682226 0.348587 0.67684 0.347241 0.675045
1 0.962315 0.612208 0.956931 0.61939 0.955585 0.61939 0.952894 0.62298 0.952894 0.624776 0.95424 0.626571 0.95424 0.628366 0.955585 0.630162 0.955585 0.633752 0.956931 0.635548 0.956931 0.637343 0.958277 0.639138 0.958277 0.640934 0.962315 0.640934 0.963661 0.642729 0.967699 0.642729 0.969044 0.644524 0.971736 0.644524 0.973082 0.64632 0.97712 0.64632 0.978466 0.648115 0.981157 0.648115 0.982503 0.64991 0.985195 0.64991 0.986541 0.651706 0.986541 0.644524 0.987887 0.642729 0.987887 0.635548 0.975774 0.61939 0.974428 0.61939 0.97039 0.614004 0.963661 0.614004
1 0.076716 0.59246 0.074024 0.59605 0.074024 0.597846 0.069987 0.603232 0.065949 0.603232 0.064603 0.605027 0.060565 0.605027 0.059219 0.606822 0.055182 0.606822 0.053836 0.608618 0.053836 0.610413 0.05249 0.612208 0.05249 0.614004 0.051144 0.615799 0.051144 0.617594 0.049798 0.61939 0.049798 0.621185 0.048452 0.62298 0.048452 0.624776 0.047106 0.626571 0.047106 0.628366 0.04576 0.630162 0.04576 0.631957 0.044415 0.633752 0.044415 0.635548 0.043069 0.637343 0.044415 0.635548 0.048452 0.635548 0.049798 0.633752 0.053836 0.633752 0.055182 0.631957 0.057873 0.631957 0.059219 0.630162 0.063257 0.630162 0.064603 0.628366 0.068641 0.628366 0.069987 0.626571 0.072678 0.626571 0.074024 0.624776 0.076716 0.624776 0.078062 0.62298 0.080754 0.62298 0.0821 0.621185 0.084791 0.621185 0.086137 0.61939 0.088829 0.61939 0.090175 0.617594 0.092867 0.617594 0.094213 0.615799 0.096904 0.615799 0.09825 0.614004 0.100942 0.614004 0.100942 0.612208 0.099596 0.610413 0.099596 0.606822 0.09825 0.605027 0.09825 0.603232 0.088829 0.603232 0.087483 0.601436 0.088829 0.599641 0.088829 0.597846 0.090175 0.59605 0.090175 0.594255 0.091521 0.59246
1 0.966353 0.583483 0.965007 0.585278 0.963661 0.585278 0.962315 0.587074 0.959623 0.587074 0.958277 0.588869 0.956931 0.588869 0.955585 0.590664 0.952894 0.590664 0.951548 0.59246 0.94751 0.59246 0.946164 0.590664 0.944818 0.590664 0.943472 0.588869 0.940781 0.588869 0.939435 0.587074 0.925976 0.587074 0.92463 0.585278 0.923284 0.587074 0.921938 0.587074 0.920592 0.588869 0.919246 0.588869 0.921938 0.59246 0.921938 0.594255 0.92463 0.597846 0.925976 0.59605 0.928668 0.59605 0.930013 0.594255 0.932705 0.594255 0.934051 0.59246 0.938089 0.59246 0.939435 0.594255 0.940781 0.594255 0.942127 0.59605 0.943472 0.59605 0.944818 0.597846 0.946164 0.597846 0.94751 0.599641 0.948856 0.599641 0.950202 0.601436 0.951548 0.599641 0.95424 0.599641 0.955585 0.597846 0.959623 0.597846 0.960969 0.59605 0.963661 0.59605 0.965007 0.594255 0.969044 0.594255 0.969044 0.590664 0.97039 0.588869 0.97039 0.587074 0.969044 0.587074
1 0.043069 0.5386 0.037685 0.545781 0.036339 0.545781 0.032301 0.551167 0.041723 0.551167 0.043069 0.552962 0.04576 0.552962 0.047106 0.554758 0.055182 0.543986 0.05249 0.543986 0.051144 0.54219 0.048452 0.54219 0.047106 0.540395 0.044415 0.540395
1 0.833109 0.48833 0.829071 0.493716 0.861373 0.493716 0.862719 0.495512 0.862719 0.491921 0.858681 0.491921 0.857335 0.490126 0.853297 0.490126 0.851952 0.48833
1 0.156124 0.473968 0.154778 0.475763 0.152086 0.475763 0.15074 0.477558 0.139973 0.477558 0.131898 0.48833 0.133244 0.48833 0.13459 0.490126 0.135935 0.490126 0.137281 0.491921 0.138627 0.491921 0.139973 0.493716 0.141319 0.491921 0.142665 0.491921 0.144011 0.490126 0.145357 0.490126 0.146703 0.48833 0.148048 0.48833 0.149394 0.486535 0.15074 0.486535 0.152086 0.48474 0.153432 0.48474 0.154778 0.482944 0.156124 0.482944 0.15747 0.481149 0.174966 0.481149 0.176312 0.482944 0.176312 0.477558 0.166891 0.477558 0.165545 0.475763 0.15747 0.475763
1 0.974428 0.466786 0.974428 0.470377 0.973082 0.472172 0.973082 0.473968 0.971736 0.475763 0.97039 0.475763 0.969044 0.477558 0.967699 0.477558 0.966353 0.479354 0.963661 0.479354 0.962315 0.481149 0.960969 0.481149 0.960969 0.486535 0.971736 0.486535 0.973082 0.48833 0.982503 0.48833 0.983849 0.490126 0.985195 0.490126 0.986541 0.491921 0.989233 0.491921 0.990579 0.493716 0.991925 0.493716 0.993271 0.495512 0.995962 0.495512 0.997308 0.497307 0.998654 0.497307 0.998654 0.479354 0.997308 0.477558 0.994616 0.477558 0.993271 0.475763 0.991925 0.475763 0.990579 0.473968 0.990579 0.466786
1 0.087483 0.45781 0.083445 0.463196 0.0821 0.463196 0.080754 0.464991 0.078062 0.464991 0.076716 0.463196 0.07537 0.463196 0.074024 0.4614 0.072678 0.463196 0.071332 0.463196 0.069987 0.464991 0.068641 0.464991 0.067295 0.466786 0.056528 0.466786 0.055182 0.468582 0.053836 0.468582 0.05249 0.470377 0.051144 0.470377 0.048452 0.473968 0.047106 0.473968 0.04576 0.475763 0.044415 0.475763 0.040377 0.481149 0.040377 0.486535 0.041723 0.486535 0.043069 0.48833 0.044415 0.48833 0.04576 0.490126 0.043069 0.493716 0.041723 0.493716 0.040377 0.495512 0.036339 0.495512 0.02961 0.504488 0.028264 0.504488 0.024226 0.509874 0.025572 0.509874 0.026918 0.51167 0.028264 0.51167 0.02961 0.513465 0.030956 0.513465 0.032301 0.51526 0.033647 0.51526 0.034993 0.517056 0.036339 0.51526 0.037685 0.51526 0.039031 0.513465 0.041723 0.513465 0.043069 0.51167 0.044415 0.51167 0.04576 0.509874 0.048452 0.509874 0.049798 0.508079 0.056528 0.508079 0.057873 0.506284 0.060565 0.506284 0.061911 0.504488 0.065949 0.504488 0.067295 0.502693 0.069987 0.502693 0.071332 0.500898 0.07537 0.500898 0.074024 0.499102 0.074024 0.497307 0.072678 0.495512 0.072678 0.493716 0.074024 0.491921 0.076716 0.491921 0.078062 0.490126 0.0821 0.490126 0.083445 0.48833 0.086137 0.48833 0.087483 0.486535 0.091521 0.486535 0.092867 0.48474 0.095559 0.48474 0.096904 0.482944 0.100942 0.482944 0.100942 0.479354 0.102288 0.477558 0.102288 0.473968 0.090175 0.473968 0.087483 0.470377 0.087483 0.468582 0.086137 0.466786 0.087483 0.464991 0.087483 0.463196 0.090175 0.459605 0.088829 0.459605
1 0.088829 0.436266 0.088829 0.450628 0.090175 0.448833 0.092867 0.448833 0.094213 0.447038 0.09825 0.447038 0.099596 0.445242 0.102288 0.445242 0.103634 0.443447 0.107672 0.443447 0.109017 0.441652 0.109017 0.439856 0.110363 0.438061 0.094213 0.438061 0.092867 0.436266
1 0.125168 0.414722 0.123822 0.416517 0.122476 0.416517 0.119785 0.420108 0.118439 0.420108 0.117093 0.421903 0.110363 0.421903 0.107672 0.425494 0.106326 0.425494 0.10498 0.427289 0.119785 0.427289 0.121131 0.429084 0.12786 0.420108 0.126514 0.418312 0.126514 0.416517
1 0.935397 0.396768 0.934051 0.398564 0.932705 0.398564 0.931359 0.400359 0.930013 0.400359 0.928668 0.402154 0.927322 0.402154 0.92463 0.405745 0.923284 0.405745 0.921938 0.40754 0.920592 0.40754 0.919246 0.409336 0.9179 0.409336 0.916555 0.411131 0.915209 0.411131 0.9179 0.414722 0.919246 0.412926 0.920592 0.412926 0.921938 0.411131 0.923284 0.411131 0.92463 0.409336 0.925976 0.409336 0.927322 0.40754 0.928668 0.40754 0.930013 0.405745 0.931359 0.405745 0.932705 0.40395 0.934051 0.40395 0.935397 0.402154 0.936743 0.402154 0.936743 0.400359 0.935397 0.398564
1 0.985195 0.389587 0.985195 0.393178 0.986541 0.394973 0.986541 0.398564 0.998654 0.398564 0.998654 0.391382 0.986541 0.391382
1 0.676985 0.385996 0.676985 0.387792 0.678331 0.389587 0.678331 0.391382 0.676985 0.393178 0.674293 0.393178 0.674293 0.398564 0.672948 0.400359 0.672948 0.40395 0.675639 0.40395 0.675639 0.402154 0.676985 0.400359 0.676985 0.398564 0.679677 0.394973 0.690444 0.394973 0.693136 0.391382 0.69179 0.391382 0.690444 0.389587 0.687752 0.389587 0.686406 0.387792 0.685061 0.387792 0.683715 0.385996
1 0.195155 0.38061 0.188425 0.389587 0.181696 0.389587 0.18035 0.391382 0.17362 0.391382 0.172275 0.393178 0.169583 0.393178 0.168237 0.394973 0.165545 0.394973 0.164199 0.396768 0.161507 0.396768 0.161507 0.400359 0.160162 0.402154 0.160162 0.40395 0.161507 0.402154 0.184388 0.402154 0.185734 0.40395 0.200538 0.40395 0.201884 0.405745 0.20323 0.40395 0.20323 0.402154 0.204576 0.400359 0.193809 0.400359 0.192463 0.398564 0.192463 0.394973 0.193809 0.393178 0.196501 0.393178 0.197847 0.391382 0.201884 0.391382 0.20323 0.389587 0.205922 0.389587 0.207268 0.387792 0.211306 0.387792 0.212651 0.385996 0.215343 0.385996 0.215343 0.382406 0.213997 0.384201 0.200538 0.384201 0.199192 0.382406 0.199192 0.38061
1 0.97712 0.35009 0.975774 0.351885 0.962315 0.351885 0.960969 0.35368 0.946164 0.35368 0.944818 0.355476 0.940781 0.355476 0.939435 0.357271 0.935397 0.357271 0.934051 0.359066 0.930013 0.359066 0.928668 0.360862 0.923284 0.360862 0.921938 0.362657 0.9179 0.362657 0.916555 0.364452 0.912517 0.364452 0.911171 0.366248 0.907133 0.366248 0.905787 0.368043 0.899058 0.368043 0.897712 0.369838 0.890983 0.369838 0.889637 0.371634 0.882907 0.371634 0.881561 0.373429 0.874832 0.373429 0.873486 0.375224 0.866756 0.375224 0.86541 0.37702 0.858681 0.37702 0.857335 0.378815 0.850606 0.378815 0.84926 0.38061 0.84253 0.38061 0.845222 0.38061 0.846568 0.382406 0.84926 0.382406 0.850606 0.384201 0.853297 0.384201 0.854643 0.385996 0.855989 0.384201 0.870794 0.384201 0.87214 0.382406 0.885599 0.382406 0.886945 0.38061 0.904441 0.38061 0.905787 0.382406 0.916555 0.382406 0.921938 0.375224 0.931359 0.375224 0.932705 0.373429 0.940781 0.373429 0.942127 0.371634 0.951548 0.371634 0.952894 0.369838 0.960969 0.369838 0.962315 0.368043 0.971736 0.368043 0.971736 0.364452 0.97039 0.362657 0.97039 0.359066 0.967699 0.355476 0.969044 0.35368 0.978466 0.35368 0.97712 0.351885
1 0.636608 0.346499 0.636608 0.348294 0.635262 0.35009 0.678331 0.35009 0.676985 0.348294 0.676985 0.346499
1 0.967699 0.335727 0.967699 0.337522 0.969044 0.339318 0.969044 0.341113 0.97039 0.339318 0.998654 0.339318 0.998654 0.335727
1 0.572005 0.335727 0.570659 0.337522 0.567968 0.337522 0.566622 0.339318 0.56393 0.339318 0.562584 0.341113 0.561238 0.341113 0.559892 0.342908 0.557201 0.342908 0.555855 0.344704 0.553163 0.344704 0.554509 0.346499 0.554509 0.348294 0.555855 0.346499 0.558546 0.346499 0.559892 0.344704 0.562584 0.344704 0.56393 0.342908 0.565276 0.342908 0.566622 0.341113 0.569314 0.341113 0.570659 0.339318 0.573351 0.339318 0.572005 0.337522
1 0.010767 0.32675 0.008075 0.330341 0.006729 0.330341 0.002692 0.335727 0.001346 0.335727 0.0 0.337522 0.0 0.346499 0.001346 0.344704 0.004038 0.344704 0.005384 0.342908 0.009421 0.342908 0.010767 0.341113 0.013459 0.341113 0.014805 0.339318 0.018843 0.339318 0.014805 0.333932 0.014805 0.332136
1 0.061911 0.324955 0.05249 0.337522 0.053836 0.335727 0.064603 0.335727 0.065949 0.333932 0.078062 0.333932 0.07537 0.330341 0.074024 0.330341 0.069987 0.324955
1 0.040377 0.32316 0.039031 0.324955 0.037685 0.324955 0.034993 0.328546 0.033647 0.328546 0.032301 0.330341 0.030956 0.330341 0.030956 0.332136 0.032301 0.333932 0.032301 0.337522 0.033647 0.339318 0.033647 0.341113 0.034993 0.339318 0.037685 0.339318 0.039031 0.337522 0.041723 0.337522 0.04576 0.332136 0.047106 0.332136 0.049798 0.328546 0.048452 0.328546 0.047106 0.32675 0.044415 0.32675 0.043069 0.324955 0.041723 0.324955
1 0.672948 0.319569 0.671602 0.321364 0.666218 0.321364 0.664872 0.32316 0.658143 0.32316 0.658143 0.328546 0.674293 0.328546 0.675639 0.330341 0.676985 0.328546 0.682369 0.328546 0.683715 0.32675 0.687752 0.32675 0.689098 0.324955 0.694482 0.324955 0.695828 0.32316 0.701211 0.32316 0.701211 0.319569
1 0.590848 0.314183 0.590848 0.315978 0.592194 0.317774 0.592194 0.319569 0.59354 0.321364 0.59354 0.32316 0.594886 0.324955 0.594886 0.32675 0.596231 0.324955 0.613728 0.324955 0.615074 0.32316 0.619112 0.32316 0.620458 0.321364 0.625841 0.321364 0.625841 0.319569 0.624495 0.317774 0.624495 0.315978 0.623149 0.317774 0.620458 0.317774 0.619112 0.319569 0.602961 0.319569 0.601615 0.317774 0.600269 0.317774 0.597577 0.314183
1 0.452221 0.29623 0.449529 0.29982 0.437416 0.29982 0.437416 0.303411 0.450875 0.303411 0.450875 0.29982 0.452221 0.298025
1 0.507402 0.290844 0.506057 0.292639 0.503365 0.292639 0.502019 0.294434 0.499327 0.294434 0.497981 0.29623 0.495289 0.29623 0.493943 0.298025 0.491252 0.298025 0.492598 0.298025 0.493943 0.29982 0.495289 0.298025 0.497981 0.298025 0.499327 0.29623 0.503365 0.29623 0.504711 0.294434 0.507402 0.294434
1 0.244953 0.289048 0.243607 0.290844 0.240915 0.290844 0.239569 0.292639 0.238223 0.292639 0.236878 0.294434 0.215343 0.294434 0.213997 0.29623 0.20996 0.29623 0.208614 0.298025 0.204576 0.298025 0.20323 0.29982 0.199192 0.29982 0.191117 0.310592 0.192463 0.308797 0.195155 0.308797 0.196501 0.307002 0.199192 0.307002 0.200538 0.305206 0.20323 0.305206 0.204576 0.303411 0.208614 0.303411 0.20996 0.301616 0.212651 0.301616 0.213997 0.29982 0.239569 0.29982 0.240915 0.298025 0.242261 0.298025 0.244953 0.294434 0.246299 0.294434 0.247645 0.292639 0.248991 0.292639 0.247645 0.292639
1 0.759085 0.278276 0.759085 0.281867 0.79004 0.281867 0.79004 0.280072 0.791386 0.278276
1 0.530283 0.2693 0.528937 0.271095 0.520861 0.271095 0.520861 0.274686 0.522207 0.27289 0.530283 0.27289
1 0.468371 0.2693 0.467026 0.271095 0.46568 0.271095 0.464334 0.27289 0.462988 0.27289 0.461642 0.274686 0.460296 0.274686 0.45895 0.276481 0.457604 0.276481 0.45895 0.278276 0.45895 0.280072 0.460296 0.278276 0.46568 0.278276 0.467026 0.280072 0.468371 0.280072 0.472409 0.285458 0.475101 0.281867 0.476447 0.281867 0.479139 0.278276 0.480485 0.278276 0.483176 0.274686 0.484522 0.274686 0.483176 0.274686 0.48183 0.27289 0.480485 0.274686 0.479139 0.274686 0.477793 0.276481 0.475101 0.276481 0.473755 0.278276 0.471063 0.278276 0.468371 0.274686
1 0.22611 0.245961 0.224764 0.247756 0.223419 0.247756 0.222073 0.249551 0.220727 0.249551 0.219381 0.251346 0.218035 0.251346 0.216689 0.253142 0.215343 0.253142 0.213997 0.254937 0.212651 0.254937 0.211306 0.256732 0.20996 0.256732 0.207268 0.260323 0.207268 0.262118 0.204576 0.265709 0.205922 0.263914 0.219381 0.263914 0.220727 0.265709 0.222073 0.265709 0.22611 0.271095 0.227456 0.271095 0.230148 0.274686 0.231494 0.27289 0.23284 0.27289 0.235532 0.2693 0.236878 0.2693 0.238223 0.267504 0.239569 0.267504 0.242261 0.263914 0.243607 0.263914 0.244953 0.262118 0.246299 0.262118 0.248991 0.258528 0.250336 0.258528 0.248991 0.256732 0.248991 0.254937 0.247645 0.253142 0.247645 0.251346 0.246299 0.253142 0.243607 0.253142 0.242261 0.254937 0.236878 0.254937 0.235532 0.253142 0.234186 0.253142 0.231494 0.249551 0.230148 0.249551 0.228802 0.247756 0.227456 0.247756
1 0.452221 0.233393 0.450875 0.235189 0.441454 0.235189 0.441454 0.236984 0.442799 0.238779 0.442799 0.240575 0.444145 0.238779 0.448183 0.238779 0.449529 0.236984 0.453567 0.236984 0.452221 0.235189
1 0.125168 0.229803 0.123822 0.231598 0.113055 0.231598 0.113055 0.233393 0.114401 0.235189 0.114401 0.238779 0.115747 0.236984 0.118439 0.236984 0.119785 0.235189 0.121131 0.235189 0.122476 0.233393 0.125168 0.233393
1 0.20996 0.226212 0.205922 0.231598 0.204576 0.231598 0.201884 0.235189 0.219381 0.235189 0.220727 0.233393 0.227456 0.233393 0.230148 0.229803 0.220727 0.229803 0.219381 0.228007 0.211306 0.228007
1 0.804845 0.224417 0.803499 0.226212 0.769852 0.226212 0.769852 0.228007 0.768506 0.229803 0.768506 0.231598 0.806191 0.231598 0.806191 0.229803 0.804845 0.228007
1 0.989233 0.217235 0.987887 0.219031 0.979812 0.219031 0.978466 0.220826 0.969044 0.220826 0.967699 0.222621 0.958277 0.222621 0.958277 0.235189 0.962315 0.235189 0.963661 0.236984 0.966353 0.236984 0.967699 0.238779 0.971736 0.238779 0.981157 0.251346 0.981157 0.253142 0.987887 0.262118 0.998654 0.262118 0.998654 0.258528 0.995962 0.254937 0.994616 0.254937 0.991925 0.251346 0.990579 0.251346 0.987887 0.247756 0.987887 0.236984 0.989233 0.235189 0.993271 0.235189 0.994616 0.233393 0.998654 0.233393 0.998654 0.217235
1 0.652759 0.217235 0.651413 0.219031 0.636608 0.219031 0.635262 0.220826 0.624495 0.220826 0.623149 0.222621 0.612382 0.222621 0.611036 0.224417 0.600269 0.224417 0.598923 0.226212 0.588156 0.226212 0.58681 0.228007 0.576043 0.228007 0.573351 0.231598 0.572005 0.231598 0.570659 0.233393 0.573351 0.236984 0.574697 0.235189 0.582773 0.235189 0.584118 0.233393 0.59354 0.233393 0.594886 0.231598 0.602961 0.231598 0.604307 0.229803 0.613728 0.229803 0.615074 0.228007 0.623149 0.228007 0.624495 0.229803 0.624495 0.231598 0.625841 0.233393 0.625841 0.235189 0.627187 0.233393 0.635262 0.233393 0.636608 0.231598 0.644684 0.231598 0.64603 0.229803 0.652759 0.229803 0.654105 0.228007 0.66218 0.228007 0.663526 0.226212 0.671602 0.226212 0.672948 0.228007 0.672948 0.229803 0.675639 0.233393 0.675639 0.235189 0.676985 0.236984 0.678331 0.235189 0.693136 0.235189 0.693136 0.231598 0.678331 0.231598 0.675639 0.228007 0.675639 0.224417 0.664872 0.224417 0.663526 0.222621 0.66218 0.224417 0.656797 0.224417 0.655451 0.226212 0.650067 0.226212 0.648721 0.228007 0.643338 0.228007 0.641992 0.229803 0.636608 0.229803 0.635262 0.228007 0.636608 0.226212 0.6393 0.226212 0.640646 0.224417 0.643338 0.224417 0.644684 0.222621 0.647376 0.222621 0.648721 0.220826 0.651413 0.220826 0.652759 0.219031 0.655451 0.219031 0.654105 0.219031
1 0.893674 0.213645 0.892328 0.21544 0.884253 0.21544 0.882907 0.217235 0.873486 0.217235 0.87214 0.219031 0.864065 0.219031 0.862719 0.220826 0.854643 0.220826 0.853297 0.222621 0.843876 0.222621 0.84253 0.224417 0.834455 0.224417 0.835801 0.226212 0.835801 0.228007 0.837147 0.226212 0.84926 0.226212 0.850606 0.224417 0.864065 0.224417 0.86541 0.222621 0.874832 0.222621 0.876178 0.224417 0.870794 0.231598 0.869448 0.231598 0.86541 0.236984 0.866756 0.235189 0.87214 0.235189 0.873486 0.233393 0.880215 0.233393 0.880215 0.229803 0.881561 0.228007 0.885599 0.228007 0.886945 0.226212 0.892328 0.226212 0.893674 0.224417 0.896366 0.224417 0.897712 0.226212 0.897712 0.229803 0.896366 0.231598 0.890983 0.231598 0.889637 0.233393 0.884253 0.233393 0.893674 0.233393 0.89502 0.235189 0.896366 0.233393 0.90175 0.233393 0.903096 0.231598 0.909825 0.231598 0.911171 0.229803 0.916555 0.229803 0.916555 0.228007 0.915209 0.226212 0.915209 0.222621 0.913863 0.220826 0.913863 0.219031 0.912517 0.220826 0.896366 0.220826 0.89502 0.219031 0.89502 0.217235 0.893674 0.21544
1 0.446837 0.206463 0.446837 0.210054 0.445491 0.211849 0.445491 0.213645 0.446837 0.211849 0.453567 0.211849 0.454913 0.210054 0.461642 0.210054 0.461642 0.206463
1 0.690444 0.186715 0.689098 0.18851 0.676985 0.18851 0.675639 0.190305 0.663526 0.190305 0.66218 0.192101 0.648721 0.192101 0.647376 0.193896 0.635262 0.193896 0.633917 0.195691 0.629879 0.195691 0.628533 0.197487 0.623149 0.197487 0.619112 0.202873 0.620458 0.201077 0.631225 0.201077 0.632571 0.199282 0.641992 0.199282 0.643338 0.197487 0.654105 0.197487 0.655451 0.195691 0.666218 0.195691 0.667564 0.193896 0.676985 0.193896 0.678331 0.192101 0.689098 0.192101 0.689098 0.190305 0.690444 0.18851
1 0.557201 0.118492 0.554509 0.122083 0.553163 0.122083 0.549125 0.127469 0.547779 0.127469 0.546433 0.129264 0.546433 0.13465 0.545087 0.136445 0.545087 0.141831 0.546433 0.140036 0.547779 0.140036 0.550471 0.136445 0.551817 0.136445 0.553163 0.13465 0.554509 0.13465 0.554509 0.132855 0.555855 0.131059 0.555855 0.127469 0.558546 0.123878 0.559892 0.125673 0.561238 0.125673 0.562584 0.127469 0.56393 0.127469 0.565276 0.129264 0.566622 0.127469 0.569314 0.127469 0.570659 0.125673 0.574697 0.125673 0.572005 0.125673 0.570659 0.123878 0.566622 0.123878 0.565276 0.122083 0.562584 0.122083 0.561238 0.120287 0.558546 0.120287
1 0.632571 0.102334 0.631225 0.104129 0.629879 0.104129 0.628533 0.105925 0.627187 0.105925 0.625841 0.10772 0.623149 0.10772 0.621803 0.109515 0.612382 0.109515 0.611036 0.10772 0.60969 0.109515 0.606999 0.109515 0.605653 0.111311 0.604307 0.111311 0.602961 0.113106 0.600269 0.113106 0.598923 0.114901 0.597577 0.114901 0.596231 0.116697 0.59354 0.116697 0.592194 0.118492 0.589502 0.118492 0.588156 0.120287 0.58681 0.120287 0.585464 0.122083 0.582773 0.122083 0.589502 0.122083 0.590848 0.123878 0.592194 0.122083 0.596231 0.122083 0.597577 0.120287 0.601615 0.120287 0.602961 0.118492 0.606999 0.118492 0.608345 0.116697 0.612382 0.116697 0.613728 0.114901 0.617766 0.114901 0.619112 0.113106 0.623149 0.113106 0.624495 0.111311 0.627187 0.111311 0.628533 0.109515 0.632571 0.109515
1 0.79677 0.093357 0.795424 0.095153 0.776581 0.095153 0.775236 0.096948 0.755047 0.096948 0.755047 0.098743 0.756393 0.100539 0.756393 0.104129 0.757739 0.105925 0.757739 0.10772 0.765814 0.10772 0.76716 0.109515 0.77389 0.109515 0.775236 0.111311 0.775236 0.116697 0.77389 0.118492 0.769852 0.118492 0.768506 0.120287 0.763122 0.120287 0.761777 0.122083 0.757739 0.122083 0.756393 0.123878 0.751009 0.123878 0.749664 0.125673 0.745626 0.125673 0.745626 0.127469 0.746972 0.129264 0.746972 0.131059 0.748318 0.129264 0.752355 0.129264 0.753701 0.127469 0.759085 0.127469 0.760431 0.125673 0.764468 0.125673 0.765814 0.123878 0.769852 0.123878 0.771198 0.122083 0.776581 0.122083 0.777927 0.120287 0.780619 0.120287 0.781965 0.122083 0.781965 0.127469 0.783311 0.129264 0.783311 0.136445 0.784657 0.13465 0.787349 0.13465 0.788694 0.132855 0.791386 0.132855 0.792732 0.131059 0.79677 0.131059 0.798116 0.129264 0.800808 0.129264 0.802153 0.131059 0.803499 0.131059 0.806191 0.13465 0.804845 0.136445 0.799462 0.136445 0.798116 0.138241 0.794078 0.138241 0.792732 0.140036 0.787349 0.140036 0.786003 0.141831 0.780619 0.141831 0.779273 0.143627 0.775236 0.143627 0.77389 0.145422 0.768506 0.145422 0.76716 0.147217 0.763122 0.147217 0.761777 0.149013 0.756393 0.149013 0.755047 0.150808 0.749664 0.150808 0.748318 0.152603 0.74428 0.152603 0.742934 0.154399 0.73755 0.154399 0.738896 0.156194 0.738896 0.157989 0.740242 0.159785 0.740242 0.16158 0.741588 0.163375 0.742934 0.16158 0.746972 0.16158 0.748318 0.159785 0.751009 0.159785 0.752355 0.157989 0.756393 0.157989 0.757739 0.156194 0.760431 0.156194 0.761777 0.154399 0.768506 0.154399 0.769852 0.156194 0.772544 0.156194 0.77389 0.157989 0.772544 0.159785 0.769852 0.159785 0.768506 0.16158 0.764468 0.16158 0.763122 0.163375 0.760431 0.163375 0.759085 0.165171 0.755047 0.165171 0.753701 0.166966 0.751009 0.166966 0.749664 0.168761 0.746972 0.168761 0.745626 0.170557 0.741588 0.170557 0.740242 0.172352 0.73755 0.172352 0.736205 0.174147 0.733513 0.174147 0.732167 0.175943 0.728129 0.175943 0.726783 0.177738 0.724092 0.177738 0.722746 0.179533 0.718708 0.179533 0.717362 0.181329 0.71467 0.181329 0.71467 0.184919 0.716016 0.183124 0.725437 0.183124 0.726783 0.181329 0.732167 0.181329 0.733513 0.179533 0.73755 0.179533 0.738896 0.177738 0.74428 0.177738 0.745626 0.175943 0.751009 0.175943 0.752355 0.174147 0.756393 0.174147 0.757739 0.172352 0.763122 0.172352 0.764468 0.170557 0.775236 0.170557 0.776581 0.168761 0.791386 0.168761 0.792732 0.170557 0.791386 0.172352 0.79004 0.172352 0.788694 0.174147 0.786003 0.174147 0.784657 0.175943 0.781965 0.175943 0.781965 0.181329 0.780619 0.183124 0.776581 0.183124 0.775236 0.184919 0.771198 0.184919 0.769852 0.186715 0.765814 0.186715 0.764468 0.18851 0.760431 0.18851 0.759085 0.190305 0.755047 0.190305 0.753701 0.192101 0.752355 0.192101 0.751009 0.193896 0.749664 0.193896 0.748318 0.195691 0.746972 0.195691 0.745626 0.197487 0.74428 0.197487 0.742934 0.199282 0.741588 0.199282 0.740242 0.201077 0.738896 0.201077 0.73755 0.202873 0.736205 0.202873 0.734859 0.204668 0.733513 0.204668 0.732167 0.206463 0.730821 0.206463 0.729475 0.208259 0.728129 0.208259 0.729475 0.210054 0.729475 0.211849 0.730821 0.210054 0.732167 0.210054 0.733513 0.208259 0.734859 0.208259 0.736205 0.206463 0.738896 0.206463 0.740242 0.204668 0.741588 0.204668 0.742934 0.202873 0.74428 0.202873 0.745626 0.201077 0.746972 0.201077 0.748318 0.199282 0.749664 0.199282 0.751009 0.197487 0.752355 0.197487 0.753701 0.195691 0.756393 0.195691 0.757739 0.193896 0.759085 0.193896 0.760431 0.192101 0.761777 0.192101 0.763122 0.190305 0.772544 0.190305 0.77389 0.18851 0.784657 0.18851 0.786003 0.186715 0.794078 0.186715 0.795424 0.184919 0.79677 0.186715 0.799462 0.186715 0.800808 0.18851 0.804845 0.18851 0.806191 0.190305 0.808883 0.190305 0.810229 0.192101 0.814266 0.192101 0.815612 0.193896 0.818304 0.193896 0.81965 0.195691 0.820996 0.195691 0.822342 0.197487 0.834455 0.197487 0.834455 0.195691 0.835801 0.193896 0.835801 0.192101 0.837147 0.190305 0.837147 0.186715 0.838493 0.184919 0.838493 0.183124 0.839838 0.181329 0.841184 0.183124 0.846568 0.183124 0.847914 0.184919 0.847914 0.186715 0.846568 0.18851 0.846568 0.192101 0.845222 0.193896 0.845222 0.195691 0.862719 0.195691 0.862719 0.193896 0.864065 0.192101 0.864065 0.190305 0.866756 0.186715 0.866756 0.184919 0.868102 0.183124 0.868102 0.181329 0.869448 0.179533 0.869448 0.177738 0.873486 0.172352 0.874832 0.172352 0.877524 0.168761 0.878869 0.168761 0.882907 0.163375 0.884253 0.163375 0.886945 0.159785 0.899058 0.159785 0.900404 0.157989 0.90175 0.159785 0.90175 0.163375 0.903096 0.165171 0.903096 0.166966 0.90175 0.168761 0.888291 0.168761 0.884253 0.174147 0.882907 0.174147 0.878869 0.179533 0.880215 0.179533 0.882907 0.183124 0.884253 0.183124 0.885599 0.184919 0.886945 0.184919 0.889637 0.18851 0.897712 0.18851 0.899058 0.186715 0.905787 0.186715 0.907133 0.184919 0.908479 0.184919 0.909825 0.183124 0.912517 0.183124 0.913863 0.181329 0.915209 0.181329 0.916555 0.179533 0.919246 0.179533 0.921938 0.175943 0.923284 0.175943 0.925976 0.172352 0.927322 0.172352 0.930013 0.168761 0.931359 0.168761 0.932705 0.166966 0.934051 0.168761 0.938089 0.168761 0.939435 0.170557 0.943472 0.170557 0.944818 0.172352 0.946164 0.172352 0.94751 0.174147 0.966353 0.174147 0.967699 0.172352 0.973082 0.172352 0.974428 0.170557 0.979812 0.170557 0.981157 0.168761 0.985195 0.168761 0.986541 0.166966 0.990579 0.166966 0.991925 0.165171 0.994616 0.165171 0.995962 0.163375 0.998654 0.163375 0.998654 0.10772 0.982503 0.10772 0.981157 0.105925 0.969044 0.105925 0.965007 0.100539 0.962315 0.100539 0.960969 0.102334 0.959623 0.102334 0.958277 0.104129 0.956931 0.104129 0.955585 0.105925 0.955585 0.10772 0.956931 0.109515 0.956931 0.111311 0.958277 0.113106 0.958277 0.114901 0.959623 0.116697 0.959623 0.122083 0.958277 0.123878 0.958277 0.129264 0.956931 0.131059 0.956931 0.138241 0.955585 0.140036 0.955585 0.143627 0.95424 0.145422 0.952894 0.143627 0.948856 0.143627 0.94751 0.141831 0.942127 0.141831 0.935397 0.132855 0.934051 0.132855 0.927322 0.123878 0.927322 0.116697 0.928668 0.114901 0.928668 0.10772 0.923284 0.100539 0.908479 0.100539 0.907133 0.098743 0.905787 0.100539 0.904441 0.100539 0.90175 0.104129 0.900404 0.104129 0.899058 0.105925 0.892328 0.105925 0.890983 0.10772 0.881561 0.10772 0.880215 0.105925 0.878869 0.105925 0.877524 0.104129 0.876178 0.105925 0.873486 0.105925 0.87214 0.10772 0.870794 0.10772 0.86541 0.114901 0.864065 0.114901 0.858681 0.122083 0.857335 0.120287 0.851952 0.120287 0.850606 0.118492 0.84926 0.118492 0.847914 0.116697 0.845222 0.116697 0.843876 0.114901 0.835801 0.114901 0.834455 0.116697 0.827725 0.116697 0.827725 0.118492 0.82638 0.120287 0.82638 0.123878 0.825034 0.125673 0.823688 0.125673 0.822342 0.127469 0.820996 0.125673 0.81965 0.125673 0.818304 0.123878 0.816958 0.123878 0.815612 0.122083 0.814266 0.122083 0.812921 0.120287 0.811575 0.120287 0.810229 0.118492 0.810229 0.114901 0.808883 0.113106 0.808883 0.109515 0.807537 0.10772 0.804845 0.10772 0.803499 0.105925 0.802153 0.105925 0.800808 0.104129 0.798116 0.104129 0.79677 0.102334 0.795424 0.102334 0.794078 0.100539 0.794078 0.098743 0.795424 0.096948 0.795424 0.095153
