1 0.211306 0.895871 0.211306 0.899461 0.20996 0.901257 0.20996 0.903052 0.215343 0.910233 0.216689 0.910233 0.223419 0.91921 0.228802 0.91921 0.230148 0.921005 0.230148 0.915619 0.215343 0.895871
1 0.223419 0.791741 0.218035 0.798923 0.216689 0.798923 0.212651 0.804309 0.211306 0.804309 0.208614 0.807899 0.207268 0.807899 0.204576 0.81149 0.20323 0.81149 0.199192 0.816876 0.199192 0.818671 0.195155 0.824057 0.196501 0.825853 0.196501 0.827648 0.197847 0.829443 0.197847 0.831239 0.199192 0.831239 0.200538 0.833034 0.201884 0.833034 0.204576 0.836625 0.205922 0.836625 0.207268 0.83842 0.224764 0.83842 0.22611 0.836625 0.230148 0.836625 0.231494 0.834829 0.236878 0.834829 0.238223 0.833034 0.242261 0.833034 0.242261 0.831239 0.240915 0.829443 0.240915 0.827648 0.236878 0.827648 0.235532 0.825853 0.234186 0.827648 0.228802 0.827648 0.227456 0.825853 0.224764 0.825853 0.223419 0.824057 0.220727 0.824057 0.219381 0.822262 0.216689 0.822262 0.215343 0.820467 0.216689 0.818671 0.218035 0.818671 0.219381 0.816876 0.220727 0.816876 0.222073 0.815081 0.223419 0.815081 0.224764 0.813285 0.231494 0.813285 0.231494 0.81149 0.23284 0.809695 0.23284 0.806104 0.234186 0.804309 0.234186 0.800718 0.23284 0.798923 0.23284 0.795332 0.231494 0.793537 0.231494 0.791741
1 0.137281 0.536804 0.137281 0.540395 0.138627 0.54219 0.138627 0.547576 0.141319 0.551167 0.141319 0.552962 0.144011 0.556553 0.144011 0.558348 0.145357 0.560144 0.145357 0.563734 0.139973 0.570916 0.138627 0.570916 0.13459 0.576302 0.138627 0.576302 0.139973 0.574506 0.142665 0.574506 0.144011 0.572711 0.145357 0.572711 0.146703 0.570916 0.149394 0.570916 0.15074 0.56912 0.153432 0.56912 0.154778 0.567325 0.162853 0.567325 0.162853 0.56553 0.164199 0.563734 0.164199 0.561939 0.165545 0.560144 0.165545 0.558348 0.174966 0.545781 0.17362 0.545781 0.172275 0.543986 0.170929 0.543986 0.169583 0.54219 0.168237 0.54219 0.166891 0.540395 0.165545 0.540395 0.164199 0.5386 0.138627 0.5386
1 0.580081 0.265709 0.578735 0.267504 0.576043 0.267504 0.577389 0.2693 0.577389 0.271095 0.584118 0.271095 0.585464 0.2693 0.597577 0.2693 0.597577 0.265709
1 0.347241 0.249551 0.347241 0.253142 0.358008 0.253142 0.358008 0.251346 0.359354 0.249551
1 0.506057 0.235189 0.504711 0.236984 0.504711 0.238779 0.503365 0.240575 0.512786 0.240575 0.512786 0.238779 0.51144 0.236984 0.51144 0.235189
1 0.343203 0.235189 0.341857 0.236984 0.340511 0.236984 0.33782 0.240575 0.336474 0.240575 0.335128 0.24237 0.333782 0.24237 0.348587 0.24237 0.348587 0.240575 0.347241 0.238779 0.347241 0.236984 0.344549 0.236984
1 0.524899 0.233393 0.523553 0.235189 0.522207 0.235189 0.519515 0.238779 0.51817 0.238779 0.51817 0.240575 0.519515 0.24237 0.519515 0.244165 0.520861 0.245961 0.520861 0.247756 0.532974 0.247756 0.532974 0.240575 0.531629 0.238779 0.531629 0.235189 0.526245 0.235189
1 0.452221 0.231598 0.450875 0.233393 0.450875 0.235189 0.449529 0.236984 0.446837 0.236984 0.445491 0.235189 0.444145 0.236984 0.444145 0.238779 0.442799 0.240575 0.442799 0.24237 0.441454 0.244165 0.442799 0.244165 0.444145 0.245961 0.445491 0.245961 0.449529 0.251346 0.452221 0.247756 0.453567 0.247756 0.454913 0.245961 0.457604 0.245961 0.45895 0.244165 0.462988 0.244165 0.462988 0.24237 0.464334 0.240575 0.464334 0.238779 0.462988 0.238779 0.461642 0.236984 0.45895 0.236984 0.457604 0.235189 0.456258 0.235189 0.454913 0.233393 0.453567 0.233393
1 0.344549 0.219031 0.344549 0.220826 0.343203 0.222621 0.343203 0.224417 0.355316 0.224417 0.355316 0.222621 0.356662 0.220826 0.345895 0.220826
1 0.477793 0.21544 0.476447 0.217235 0.464334 0.217235 0.464334 0.219031 0.462988 0.220826 0.464334 0.219031 0.477793 0.219031
1 0.950202 0.213645 0.94751 0.217235 0.94751 0.219031 0.944818 0.222621 0.956931 0.222621 0.958277 0.224417
1 0.423957 0.210054 0.423957 0.21544 0.440108 0.21544 0.438762 0.213645 0.438762 0.211849 0.425303 0.211849
1 0.71467 0.201077 0.713324 0.202873 0.707941 0.202873 0.706595 0.204668 0.701211 0.204668 0.699865 0.206463 0.689098 0.206463 0.689098 0.208259 0.687752 0.210054 0.687752 0.211849 0.686406 0.213645 0.686406 0.21544 0.683715 0.219031 0.683715 0.220826 0.681023 0.224417 0.681023 0.226212 0.678331 0.229803 0.678331 0.231598 0.675639 0.235189 0.674293 0.235189 0.672948 0.233393 0.671602 0.233393 0.670256 0.231598 0.66891 0.231598 0.667564 0.229803 0.666218 0.229803 0.664872 0.228007 0.663526 0.228007 0.659489 0.222621 0.655451 0.228007 0.654105 0.228007 0.652759 0.229803 0.647376 0.229803 0.64603 0.228007 0.647376 0.229803 0.647376 0.231598 0.648721 0.233393 0.648721 0.235189 0.650067 0.236984 0.650067 0.238779 0.651413 0.240575 0.651413 0.24237 0.652759 0.244165 0.671602 0.244165 0.672948 0.245961 0.690444 0.245961 0.69179 0.247756 0.703903 0.247756 0.705249 0.249551 0.71467 0.249551 0.716016 0.251346 0.725437 0.251346 0.726783 0.253142 0.73755 0.253142 0.738896 0.254937 0.748318 0.254937 0.749664 0.256732 0.759085 0.256732 0.760431 0.258528 0.764468 0.258528 0.765814 0.260323 0.771198 0.260323 0.772544 0.262118 0.776581 0.262118 0.777927 0.263914 0.783311 0.263914 0.784657 0.265709 0.788694 0.265709 0.79004 0.267504 0.795424 0.267504 0.79677 0.2693 0.800808 0.2693 0.802153 0.271095 0.807537 0.271095 0.808883 0.27289 0.812921 0.27289 0.814266 0.274686 0.81965 0.274686 0.820996 0.276481 0.825034 0.276481 0.82638 0.278276 0.831763 0.278276 0.833109 0.280072 0.837147 0.280072 0.838493 0.281867 0.843876 0.281867 0.845222 0.283662 0.84926 0.283662 0.850606 0.285458 0.847914 0.289048 0.846568 0.289048 0.847914 0.289048 0.84926 0.290844 0.850606 0.290844 0.851952 0.292639 0.853297 0.290844 0.854643 0.290844 0.855989 0.289048 0.861373 0.289048 0.862719 0.290844 0.86541 0.290844 0.866756 0.292639 0.870794 0.292639 0.87214 0.294434 0.874832 0.294434 0.876178 0.29623 0.880215 0.29623 0.881561 0.298025 0.884253 0.298025 0.885599 0.29982 0.889637 0.29982 0.890983 0.301616 0.893674 0.301616 0.89502 0.303411 0.899058 0.303411 0.900404 0.305206 0.903096 0.305206 0.904441 0.307002 0.908479 0.307002 0.909825 0.308797 0.913863 0.308797 0.915209 0.310592 0.921938 0.310592 0.923284 0.312388 0.928668 0.312388 0.930013 0.314183 0.936743 0.314183 0.938089 0.315978 0.944818 0.315978 0.946164 0.317774 0.952894 0.317774 0.95424 0.319569 0.959623 0.319569 0.960969 0.321364 0.967699 0.321364 0.969044 0.32316 0.97039 0.32316 0.973082 0.32675 0.974428 0.32675 0.97712 0.330341 0.978466 0.330341 0.981157 0.333932 0.982503 0.333932 0.983849 0.335727 0.983849 0.333932 0.985195 0.332136 0.985195 0.328546 0.986541 0.32675 0.986541 0.324955 0.987887 0.32316 0.987887 0.319569 0.989233 0.317774 0.989233 0.315978 0.987887 0.315978 0.986541 0.314183 0.985195 0.314183 0.983849 0.312388 0.981157 0.312388 0.979812 0.310592 0.978466 0.310592 0.97712 0.308797 0.975774 0.308797 0.974428 0.307002 0.973082 0.307002 0.971736 0.305206 0.97039 0.305206 0.969044 0.303411 0.966353 0.303411 0.965007 0.301616 0.963661 0.301616 0.962315 0.29982 0.960969 0.29982 0.959623 0.298025 0.955585 0.298025 0.95424 0.29623 0.948856 0.29623 0.94751 0.294434 0.943472 0.294434 0.942127 0.292639 0.936743 0.292639 0.935397 0.290844 0.931359 0.290844 0.930013 0.289048 0.925976 0.289048 0.92463 0.287253 0.919246 0.287253 0.9179 0.285458 0.913863 0.285458 0.912517 0.283662 0.908479 0.283662 0.907133 0.281867 0.904441 0.281867 0.903096 0.280072 0.904441 0.278276 0.907133 0.278276 0.908479 0.276481 0.909825 0.276481 0.911171 0.274686 0.913863 0.274686 0.911171 0.271095 0.909825 0.27289 0.893674 0.27289 0.892328 0.271095 0.889637 0.271095 0.888291 0.2693 0.886945 0.2693 0.885599 0.267504 0.882907 0.267504 0.881561 0.265709 0.878869 0.265709 0.877524 0.263914 0.86541 0.263914 0.864065 0.262118 0.851952 0.262118 0.850606 0.260323 0.846568 0.260323 0.845222 0.258528 0.84253 0.258528 0.839838 0.254937 0.839838 0.253142 0.838493 0.251346 0.838493 0.249551 0.834455 0.254937 0.833109 0.254937 0.831763 0.256732 0.827725 0.256732 0.82638 0.254937 0.823688 0.254937 0.822342 0.253142 0.822342 0.244165 0.818304 0.249551 0.818304 0.251346 0.816958 0.253142 0.815612 0.253142 0.810229 0.245961 0.808883 0.245961 0.806191 0.24237 0.804845 0.244165 0.784657 0.244165 0.783311 0.24237 0.780619 0.24237 0.779273 0.240575 0.775236 0.240575 0.77389 0.238779 0.771198 0.238779 0.769852 0.236984 0.765814 0.236984 0.764468 0.235189 0.761777 0.235189 0.760431 0.233393 0.756393 0.233393 0.755047 0.231598 0.755047 0.229803 0.753701 0.228007 0.753701 0.222621 0.752355 0.220826 0.752355 0.219031 0.740242 0.219031 0.738896 0.217235 0.720054 0.217235 0.718708 0.21544 0.718708 0.213645 0.717362 0.211849 0.717362 0.210054 0.716016 0.208259 0.716016 0.204668 0.71467 0.202873
1 0.493943 0.190305 0.493943 0.192101 0.492598 0.193896 0.493943 0.193896 0.495289 0.195691 0.496635 0.195691 0.497981 0.197487 0.499327 0.197487 0.500673 0.199282 0.508748 0.199282 0.508748 0.193896 0.499327 0.193896 0.497981 0.192101 0.495289 0.192101
1 0.347241 0.190305 0.347241 0.193896 0.355316 0.193896 0.356662 0.195691 0.362046 0.195691 0.366083 0.201077 0.371467 0.201077 0.372813 0.199282 0.378197 0.199282 0.378197 0.193896 0.370121 0.193896 0.368775 0.192101 0.362046 0.192101 0.3607 0.190305
1 0.769852 0.174147 0.768506 0.175943 0.768506 0.177738 0.764468 0.183124 0.764468 0.184919 0.763122 0.186715 0.771198 0.186715 0.771198 0.181329 0.769852 0.179533
1 0.643338 0.172352 0.641992 0.174147 0.640646 0.174147 0.637954 0.177738 0.636608 0.177738 0.648721 0.177738 0.650067 0.179533 0.650067 0.177738 0.648721 0.175943 0.648721 0.172352
1 0.54105 0.170557 0.54105 0.172352 0.542396 0.174147 0.542396 0.177738 0.550471 0.177738 0.550471 0.175943 0.551817 0.174147 0.551817 0.172352 0.553163 0.170557
1 0.751009 0.159785 0.751009 0.16158 0.752355 0.163375 0.752355 0.166966 0.753701 0.168761 0.753701 0.170557 0.755047 0.170557 0.756393 0.172352 0.757739 0.172352 0.759085 0.174147 0.759085 0.163375 0.756393 0.163375 0.755047 0.16158 0.752355 0.16158
