0 0.697174 0.840215 0.69179 0.847397 0.693136 0.847397 0.694482 0.849192 0.695828 0.849192 0.697174 0.850987 0.69852 0.849192 0.69852 0.847397 0.699865 0.845601 0.69852 0.843806 0.69852 0.842011
0 0.66218 0.798923 0.66218 0.802513 0.660834 0.804309 0.660834 0.807899 0.66218 0.806104 0.667564 0.806104 0.667564 0.804309 0.66891 0.802513 0.66891 0.800718 0.663526 0.800718
1 0.454913 0.971275 0.453567 0.97307 0.450875 0.97307 0.453567 0.97307 0.454913 0.974865 0.45895 0.974865 0.460296 0.976661 0.462988 0.976661 0.464334 0.978456 0.464334 0.976661 0.46568 0.974865 0.461642 0.974865 0.460296 0.97307 0.456258 0.97307
1 0.612382 0.944345 0.60969 0.947935 0.608345 0.947935 0.608345 0.949731 0.606999 0.951526 0.606999 0.956912 0.605653 0.958707 0.605653 0.964093 0.604307 0.965889 0.604307 0.967684 0.605653 0.967684 0.606999 0.969479 0.608345 0.967684 0.608345 0.965889 0.60969 0.964093 0.60969 0.962298 0.611036 0.960503 0.611036 0.958707 0.612382 0.956912 0.612382 0.955117 0.613728 0.953321 0.623149 0.953321 0.624495 0.955117 0.629879 0.955117 0.631225 0.956912 0.637954 0.956912 0.6393 0.958707 0.640646 0.956912 0.6393 0.956912 0.637954 0.955117 0.635262 0.955117 0.633917 0.953321 0.632571 0.953321 0.631225 0.951526 0.629879 0.951526 0.628533 0.949731 0.625841 0.949731 0.624495 0.947935 0.623149 0.947935 0.621803 0.94614 0.613728 0.94614
1 0.410498 0.917415 0.409152 0.91921 0.409152 0.921005 0.407806 0.922801 0.407806 0.924596 0.405114 0.928187 0.405114 0.929982 0.403769 0.931777 0.403769 0.933573 0.402423 0.935368 0.402423 0.938959 0.403769 0.940754 0.403769 0.942549 0.405114 0.944345 0.405114 0.94614 0.40646 0.947935 0.40646 0.949731 0.407806 0.951526 0.407806 0.953321 0.409152 0.951526 0.410498 0.951526 0.409152 0.949731 0.409152 0.947935 0.407806 0.94614 0.407806 0.944345 0.40646 0.942549 0.40646 0.940754 0.405114 0.938959 0.405114 0.937163 0.40646 0.935368 0.40646 0.933573 0.407806 0.931777 0.407806 0.929982 0.410498 0.926391 0.410498 0.924596 0.411844 0.922801 0.411844 0.921005 0.41319 0.91921 0.411844 0.91921
1 0.024226 0.901257 0.02288 0.903052 0.021534 0.903052 0.02288 0.904847 0.02288 0.906643 0.025572 0.910233 0.025572 0.912029 0.026918 0.913824 0.025572 0.915619 0.020188 0.915619 0.018843 0.917415 0.013459 0.917415 0.013459 0.921005 0.014805 0.91921 0.02288 0.91921 0.024226 0.917415 0.026918 0.917415 0.028264 0.915619 0.030956 0.915619 0.032301 0.913824 0.034993 0.913824 0.036339 0.912029 0.039031 0.912029 0.041723 0.908438 0.043069 0.908438 0.040377 0.904847 0.039031 0.906643 0.037685 0.906643 0.036339 0.908438 0.034993 0.908438 0.033647 0.910233 0.032301 0.910233 0.02961 0.906643 0.028264 0.906643
1 0.736205 0.897666 0.734859 0.899461 0.729475 0.899461 0.726783 0.903052 0.725437 0.903052 0.7214 0.908438 0.720054 0.908438 0.716016 0.913824 0.71467 0.913824 0.710633 0.91921 0.710633 0.921005 0.705249 0.928187 0.705249 0.929982 0.702557 0.933573 0.706595 0.933573 0.709287 0.929982 0.709287 0.928187 0.713324 0.922801 0.713324 0.921005 0.718708 0.913824 0.720054 0.913824 0.724092 0.908438 0.725437 0.908438 0.729475 0.903052 0.730821 0.903052 0.732167 0.901257 0.736205 0.901257
1 0.87214 0.877917 0.870794 0.879713 0.869448 0.879713 0.880215 0.894075 0.880215 0.895871 0.889637 0.908438 0.890983 0.906643 0.892328 0.906643 0.881561 0.89228 0.881561 0.890485
1 0.899058 0.867145 0.897712 0.868941 0.893674 0.868941 0.897712 0.874327 0.897712 0.876122 0.90175 0.881508 0.903096 0.879713 0.904441 0.879713 0.905787 0.877917 0.907133 0.877917
1 0.343203 0.86535 0.341857 0.867145 0.33782 0.867145 0.343203 0.874327 0.344549 0.874327 0.35397 0.886894 0.35397 0.888689 0.358008 0.894075 0.358008 0.895871 0.363392 0.903052 0.363392 0.904847 0.367429 0.910233 0.367429 0.912029 0.371467 0.917415 0.371467 0.91921 0.374159 0.922801 0.376851 0.91921 0.378197 0.91921 0.375505 0.915619 0.375505 0.913824 0.370121 0.906643 0.370121 0.904847 0.3607 0.89228 0.3607 0.890485 0.348587 0.874327 0.348587 0.872531
1 0.224764 0.850987 0.223419 0.852783 0.216689 0.852783 0.215343 0.854578 0.20996 0.854578 0.208614 0.856373 0.201884 0.856373 0.201884 0.861759 0.20323 0.859964 0.207268 0.859964 0.208614 0.858169 0.212651 0.858169 0.213997 0.856373 0.219381 0.856373 0.220727 0.854578 0.224764 0.854578
1 0.364738 0.845601 0.364738 0.850987 0.414536 0.850987 0.414536 0.847397 0.366083 0.847397
1 0.133244 0.824057 0.131898 0.825853 0.130552 0.825853 0.131898 0.827648 0.133244 0.827648 0.138627 0.834829 0.139973 0.834829 0.144011 0.840215 0.148048 0.840215 0.149394 0.842011 0.152086 0.842011 0.153432 0.843806 0.154778 0.842011 0.15747 0.842011 0.156124 0.842011 0.154778 0.840215 0.153432 0.840215 0.152086 0.83842 0.15074 0.83842 0.149394 0.836625 0.148048 0.836625 0.146703 0.834829 0.145357 0.834829 0.144011 0.833034 0.142665 0.833034 0.139973 0.829443 0.138627 0.829443 0.135935 0.825853 0.13459 0.825853
1 0.290713 0.820467 0.286676 0.825853 0.28533 0.825853 0.279946 0.833034 0.2786 0.833034 0.277254 0.834829 0.282638 0.834829 0.283984 0.836625 0.289367 0.829443 0.290713 0.829443 0.293405 0.825853 0.292059 0.824057 0.292059 0.822262
1 0.889637 0.818671 0.880215 0.831239 0.880215 0.836625 0.878869 0.83842 0.878869 0.843806 0.880215 0.842011 0.882907 0.842011 0.882907 0.833034 0.892328 0.820467 0.890983 0.820467
1 0.753701 0.816876 0.751009 0.820467 0.752355 0.822262 0.753701 0.822262 0.756393 0.825853 0.757739 0.825853 0.761777 0.831239 0.763122 0.831239 0.765814 0.834829 0.76716 0.834829 0.769852 0.83842 0.771198 0.836625 0.771198 0.834829 0.772544 0.833034 0.771198 0.833034 0.768506 0.829443 0.76716 0.829443 0.764468 0.825853 0.763122 0.825853 0.760431 0.822262 0.759085 0.822262 0.756393 0.818671 0.755047 0.818671
1 0.179004 0.809695 0.179004 0.816876 0.177658 0.818671 0.177658 0.831239 0.176312 0.833034 0.176312 0.840215 0.179004 0.840215 0.179004 0.833034 0.18035 0.831239 0.18035 0.818671 0.181696 0.816876 0.181696 0.81149 0.18035 0.81149
1 0.253028 0.804309 0.253028 0.807899 0.274563 0.807899 0.275908 0.809695 0.286676 0.809695 0.288022 0.81149 0.300135 0.81149 0.30148 0.813285 0.312248 0.813285 0.313594 0.815081 0.316285 0.815081 0.317631 0.816876 0.324361 0.816876 0.325707 0.818671 0.33109 0.818671 0.332436 0.820467 0.333782 0.818671 0.329744 0.818671 0.328398 0.816876 0.325707 0.816876 0.324361 0.815081 0.318977 0.815081 0.317631 0.813285 0.312248 0.813285 0.310902 0.81149 0.305518 0.81149 0.304172 0.809695 0.292059 0.809695 0.290713 0.807899 0.281292 0.807899 0.279946 0.806104 0.254374 0.806104
1 0.224764 0.800718 0.223419 0.802513 0.218035 0.802513 0.215343 0.806104 0.213997 0.806104 0.211306 0.809695 0.20996 0.809695 0.208614 0.81149 0.211306 0.81149 0.212651 0.813285 0.216689 0.807899 0.218035 0.807899 0.219381 0.806104 0.22611 0.806104 0.227456 0.807899 0.23284 0.807899 0.234186 0.809695 0.244953 0.809695 0.246299 0.81149 0.246299 0.807899 0.247645 0.806104 0.247645 0.804309 0.236878 0.804309 0.235532 0.802513 0.22611 0.802513
1 0.916555 0.78456 0.913863 0.788151 0.916555 0.788151 0.9179 0.789946 0.920592 0.789946 0.921938 0.791741 0.923284 0.791741 0.92463 0.793537 0.927322 0.793537 0.928668 0.795332 0.931359 0.795332 0.932705 0.797127 0.935397 0.797127 0.936743 0.798923 0.939435 0.798923 0.940781 0.800718 0.942127 0.800718 0.943472 0.802513 0.946164 0.802513 0.94751 0.804309 0.950202 0.804309 0.951548 0.806104 0.95424 0.806104 0.955585 0.807899 0.956931 0.807899 0.958277 0.809695 0.960969 0.809695 0.962315 0.81149 0.965007 0.81149 0.966353 0.813285 0.950202 0.834829 0.951548 0.834829 0.95424 0.83842 0.967699 0.820467 0.969044 0.820467 0.979812 0.806104 0.97712 0.802513 0.975774 0.804309 0.974428 0.804309 0.971736 0.807899 0.967699 0.807899 0.966353 0.806104 0.963661 0.806104 0.962315 0.804309 0.963661 0.802513 0.963661 0.800718 0.967699 0.795332 0.967699 0.793537 0.969044 0.791741 0.965007 0.791741 0.963661 0.789946 0.955585 0.800718 0.952894 0.800718 0.951548 0.798923 0.948856 0.798923 0.94751 0.797127 0.943472 0.797127 0.942127 0.795332 0.939435 0.795332 0.938089 0.793537 0.935397 0.793537 0.934051 0.791741 0.931359 0.791741 0.930013 0.789946 0.925976 0.789946 0.92463 0.788151 0.921938 0.788151 0.920592 0.786355 0.9179 0.786355
1 0.87214 0.780969 0.869448 0.78456 0.870794 0.786355 0.87214 0.786355 0.876178 0.791741 0.876178 0.795332 0.880215 0.795332 0.881561 0.793537 0.889637 0.793537 0.890983 0.795332 0.896366 0.795332 0.897712 0.797127 0.897712 0.795332 0.899058 0.793537 0.889637 0.793537 0.888291 0.791741 0.884253 0.791741 0.882907 0.789946 0.878869 0.789946
1 0.149394 0.768402 0.149394 0.775583 0.148048 0.777379 0.148048 0.782765 0.154778 0.782765 0.154778 0.768402
1 0.746972 0.764811 0.74428 0.768402 0.745626 0.768402 0.748318 0.771993 0.749664 0.771993 0.752355 0.775583 0.753701 0.775583 0.755047 0.777379 0.756393 0.777379 0.757739 0.779174 0.759085 0.779174 0.760431 0.780969 0.761777 0.780969 0.763122 0.782765 0.764468 0.782765 0.765814 0.78456 0.76716 0.78456 0.768506 0.786355 0.769852 0.786355 0.771198 0.788151 0.772544 0.788151 0.77389 0.789946 0.775236 0.789946 0.776581 0.791741 0.777927 0.791741 0.779273 0.793537 0.780619 0.793537 0.781965 0.795332 0.788694 0.795332 0.79004 0.797127 0.79004 0.793537 0.788694 0.793537 0.787349 0.791741 0.784657 0.791741 0.783311 0.789946 0.781965 0.789946 0.780619 0.788151 0.779273 0.788151 0.777927 0.786355 0.776581 0.786355 0.775236 0.78456 0.772544 0.78456 0.771198 0.782765 0.769852 0.782765 0.768506 0.780969 0.76716 0.780969 0.765814 0.779174 0.764468 0.779174 0.763122 0.777379 0.761777 0.777379 0.759085 0.773788 0.757739 0.773788 0.756393 0.771993 0.755047 0.771993 0.753701 0.770197 0.752355 0.770197 0.749664 0.766607 0.748318 0.766607
1 0.41319 0.761221 0.414536 0.763016 0.414536 0.764811 0.417227 0.768402 0.417227 0.770197 0.418573 0.771993 0.421265 0.771993 0.419919 0.770197 0.419919 0.768402 0.417227 0.764811 0.417227 0.763016 0.415882 0.761221
1 0.497981 0.745063 0.495289 0.748654 0.495289 0.752244 0.504711 0.752244 0.506057 0.750449 0.507402 0.750449 0.508748 0.748654 0.510094 0.748654 0.51144 0.746858 0.512786 0.746858 0.51144 0.746858 0.510094 0.745063
1 0.283984 0.743268 0.282638 0.745063 0.281292 0.745063 0.290713 0.75763 0.289367 0.759425 0.286676 0.759425 0.28533 0.761221 0.282638 0.761221 0.281292 0.759425 0.281292 0.75763 0.282638 0.755835 0.282638 0.752244 0.279946 0.748654 0.267833 0.748654 0.267833 0.752244 0.275908 0.752244 0.277254 0.754039 0.277254 0.766607 0.2786 0.766607 0.281292 0.770197 0.28533 0.770197 0.288022 0.766607 0.289367 0.766607 0.292059 0.763016 0.293405 0.763016 0.293405 0.761221 0.294751 0.759425 0.294751 0.75763
1 0.689098 0.725314 0.687752 0.72711 0.686406 0.72711 0.687752 0.728905 0.689098 0.728905 0.69179 0.732496 0.693136 0.732496 0.695828 0.736086 0.697174 0.736086 0.699865 0.739677 0.701211 0.737882 0.702557 0.737882 0.701211 0.736086 0.699865 0.736086 0.697174 0.732496 0.695828 0.732496 0.693136 0.728905 0.69179 0.728905
1 0.635262 0.725314 0.628533 0.734291 0.627187 0.734291 0.623149 0.739677 0.627187 0.739677 0.632571 0.732496 0.633917 0.732496 0.636608 0.728905 0.635262 0.72711
1 0.500673 0.698384 0.497981 0.701975 0.497981 0.70377 0.493943 0.709156 0.495289 0.709156 0.496635 0.710952 0.500673 0.705566 0.502019 0.705566 0.503365 0.70377 0.503365 0.701975 0.504711 0.70018 0.504711 0.698384
1 0.462988 0.696589 0.468371 0.70377 0.468371 0.705566 0.472409 0.710952 0.483176 0.710952 0.483176 0.709156 0.484522 0.707361 0.484522 0.705566 0.480485 0.705566 0.479139 0.70377 0.477793 0.705566 0.473755 0.705566 0.467026 0.696589
1 0.760431 0.692998 0.761777 0.694794 0.761777 0.696589 0.791386 0.696589 0.791386 0.694794 0.792732 0.692998
1 0.440108 0.692998 0.437416 0.696589 0.43607 0.696589 0.430686 0.70377 0.429341 0.70377 0.425303 0.709156 0.423957 0.709156 0.422611 0.710952 0.423957 0.712747 0.423957 0.714542 0.426649 0.710952 0.427995 0.710952 0.433378 0.70377 0.434724 0.70377 0.440108 0.696589 0.441454 0.696589 0.442799 0.694794 0.441454 0.694794
1 0.631225 0.680431 0.629879 0.682226 0.628533 0.682226 0.627187 0.684022 0.625841 0.684022 0.623149 0.687612 0.621803 0.687612 0.620458 0.689408 0.619112 0.689408 0.619112 0.694794 0.620458 0.692998 0.621803 0.692998 0.624495 0.689408 0.625841 0.689408 0.627187 0.687612 0.628533 0.687612 0.631225 0.684022 0.632571 0.684022 0.631225 0.682226
1 0.510094 0.675045 0.510094 0.678636 0.515478 0.678636 0.516824 0.680431 0.520861 0.680431 0.522207 0.682226 0.523553 0.682226 0.524899 0.684022 0.526245 0.684022 0.527591 0.685817 0.528937 0.685817 0.530283 0.687612 0.530283 0.682226 0.526245 0.682226 0.524899 0.680431 0.520861 0.680431 0.519515 0.678636 0.516824 0.678636 0.515478 0.67684 0.51144 0.67684
1 0.286676 0.658887 0.28533 0.660682 0.283984 0.660682 0.282638 0.662478 0.281292 0.662478 0.28533 0.667864 0.282638 0.671454 0.281292 0.671454 0.279946 0.67325 0.282638 0.67325 0.283984 0.675045 0.28533 0.67325 0.290713 0.67325 0.292059 0.675045 0.290713 0.67684 0.290713 0.678636 0.288022 0.682226 0.290713 0.682226 0.292059 0.684022 0.294751 0.680431 0.294751 0.678636 0.297443 0.675045 0.297443 0.67325 0.296097 0.671454 0.296097 0.669659 0.297443 0.667864 0.298789 0.669659 0.300135 0.669659 0.30148 0.671454 0.302826 0.671454 0.305518 0.675045 0.304172 0.67684 0.304172 0.678636 0.30148 0.682226 0.30148 0.684022 0.297443 0.689408 0.297443 0.691203 0.294751 0.694794 0.294751 0.696589 0.293405 0.698384 0.294751 0.698384 0.296097 0.70018 0.297443 0.70018 0.300135 0.70377 0.30148 0.70377 0.302826 0.705566 0.304172 0.70377 0.304172 0.701975 0.305518 0.70018 0.304172 0.70018 0.30148 0.696589 0.300135 0.696589 0.298789 0.694794 0.300135 0.692998 0.300135 0.691203 0.302826 0.687612 0.302826 0.685817 0.305518 0.682226 0.305518 0.680431 0.30821 0.67684 0.30821 0.675045 0.310902 0.671454 0.310902 0.669659 0.313594 0.666068 0.297443 0.666068 0.296097 0.664273 0.294751 0.664273 0.293405 0.662478 0.290713 0.662478 0.289367 0.660682 0.288022 0.660682
1 0.065949 0.658887 0.063257 0.662478 0.061911 0.662478 0.059219 0.666068 0.057873 0.666068 0.053836 0.671454 0.05249 0.671454 0.049798 0.675045 0.048452 0.675045 0.044415 0.680431 0.043069 0.680431 0.039031 0.685817 0.037685 0.685817 0.034993 0.689408 0.033647 0.689408 0.02961 0.694794 0.028264 0.694794 0.025572 0.698384 0.024226 0.698384 0.02288 0.70018 0.026918 0.705566 0.033647 0.696589 0.034993 0.696589 0.043069 0.685817 0.044415 0.685817 0.048452 0.680431 0.049798 0.680431 0.053836 0.675045 0.055182 0.675045 0.059219 0.669659 0.060565 0.669659 0.064603 0.664273 0.065949 0.664273 0.067295 0.662478 0.065949 0.660682
1 0.376851 0.64632 0.375505 0.648115 0.372813 0.648115 0.371467 0.64991 0.367429 0.64991 0.366083 0.651706 0.363392 0.651706 0.362046 0.653501 0.3607 0.653501 0.359354 0.655296 0.358008 0.655296 0.356662 0.657092 0.355316 0.657092 0.35397 0.658887 0.351279 0.658887 0.349933 0.660682 0.348587 0.660682 0.347241 0.662478 0.345895 0.662478 0.344549 0.664273 0.343203 0.664273 0.343203 0.666068 0.344549 0.667864 0.344549 0.671454 0.345895 0.669659 0.35397 0.669659 0.35397 0.667864 0.355316 0.666068 0.352624 0.662478 0.35397 0.660682 0.355316 0.660682 0.356662 0.658887 0.358008 0.658887 0.359354 0.657092 0.3607 0.657092 0.362046 0.655296 0.363392 0.655296 0.364738 0.657092 0.364738 0.658887 0.368775 0.658887 0.370121 0.657092 0.375505 0.657092 0.376851 0.655296 0.38358 0.655296 0.38358 0.653501 0.382234 0.651706 0.382234 0.64991 0.380888 0.64991 0.379542 0.648115 0.378197 0.648115
1 0.794078 0.631957 0.792732 0.633752 0.791386 0.633752 0.79004 0.635548 0.788694 0.635548 0.787349 0.637343 0.784657 0.637343 0.783311 0.639138 0.781965 0.639138 0.780619 0.640934 0.779273 0.640934 0.777927 0.642729 0.776581 0.642729 0.775236 0.644524 0.772544 0.644524 0.771198 0.64632 0.769852 0.64632 0.764468 0.653501 0.765814 0.653501 0.76716 0.655296 0.77389 0.64632 0.775236 0.64632 0.776581 0.644524 0.779273 0.644524 0.780619 0.642729 0.781965 0.642729 0.783311 0.640934 0.784657 0.640934 0.786003 0.639138 0.787349 0.639138 0.788694 0.637343 0.791386 0.637343 0.792732 0.635548 0.794078 0.635548
1 0.442799 0.631957 0.441454 0.633752 0.440108 0.633752 0.438762 0.635548 0.43607 0.635548 0.434724 0.637343 0.432032 0.637343 0.430686 0.639138 0.427995 0.639138 0.426649 0.640934 0.425303 0.640934 0.423957 0.642729 0.421265 0.642729 0.419919 0.644524 0.417227 0.644524 0.417227 0.64991 0.418573 0.648115 0.423957 0.648115 0.425303 0.64991 0.425303 0.651706 0.426649 0.653501 0.426649 0.657092 0.427995 0.658887 0.429341 0.658887 0.434724 0.666068 0.43607 0.666068 0.440108 0.671454 0.444145 0.671454 0.445491 0.67325 0.445491 0.671454 0.446837 0.669659 0.445491 0.667864 0.444145 0.667864 0.441454 0.664273 0.440108 0.664273 0.437416 0.660682 0.43607 0.660682 0.432032 0.655296 0.432032 0.653501 0.430686 0.651706 0.430686 0.64991 0.429341 0.648115 0.429341 0.64632 0.427995 0.644524 0.429341 0.642729 0.430686 0.642729 0.432032 0.640934 0.434724 0.640934 0.43607 0.639138 0.437416 0.639138 0.438762 0.637343 0.441454 0.637343 0.442799 0.635548 0.444145 0.635548 0.442799 0.633752
1 0.275908 0.630162 0.274563 0.631957 0.273217 0.631957 0.274563 0.631957 0.277254 0.635548 0.2786 0.635548 0.281292 0.639138 0.282638 0.639138 0.28533 0.642729 0.28533 0.640934 0.286676 0.639138 0.28533 0.639138 0.282638 0.635548 0.281292 0.635548 0.2786 0.631957 0.277254 0.631957
1 0.69852 0.61939 0.69852 0.630162 0.697174 0.631957 0.697174 0.633752 0.693136 0.639138 0.693136 0.640934 0.689098 0.64632 0.689098 0.648115 0.686406 0.651706 0.689098 0.651706 0.690444 0.653501 0.69179 0.653501 0.693136 0.655296 0.693136 0.653501 0.694482 0.651706 0.694482 0.64991 0.695828 0.648115 0.695828 0.64632 0.697174 0.644524 0.697174 0.642729 0.69852 0.640934 0.69852 0.639138 0.699865 0.637343 0.699865 0.635548 0.701211 0.633752 0.701211 0.631957 0.702557 0.630162 0.702557 0.624776 0.701211 0.62298 0.701211 0.61939
1 0.427995 0.614004 0.426649 0.615799 0.415882 0.615799 0.414536 0.617594 0.411844 0.617594 0.410498 0.61939 0.407806 0.61939 0.40646 0.621185 0.403769 0.621185 0.403769 0.62298 0.405114 0.624776 0.405114 0.626571 0.40646 0.624776 0.409152 0.624776 0.410498 0.62298 0.411844 0.62298 0.41319 0.621185 0.415882 0.621185 0.417227 0.61939 0.419919 0.61939 0.421265 0.617594 0.427995 0.617594
1 0.297443 0.614004 0.296097 0.615799 0.293405 0.615799 0.292059 0.617594 0.288022 0.617594 0.288022 0.61939 0.289367 0.621185 0.289367 0.62298 0.290713 0.624776 0.290713 0.626571 0.292059 0.628366 0.321669 0.628366 0.323015 0.630162 0.323015 0.626571 0.316285 0.626571 0.314939 0.624776 0.309556 0.624776 0.30821 0.62298 0.310902 0.61939 0.321669 0.61939 0.323015 0.621185 0.327052 0.621185 0.328398 0.62298 0.332436 0.62298 0.333782 0.624776 0.333782 0.621185 0.329744 0.621185 0.328398 0.61939 0.325707 0.61939 0.324361 0.617594 0.320323 0.617594 0.318977 0.615799 0.298789 0.615799
1 0.200538 0.610413 0.200538 0.612208 0.201884 0.614004 0.201884 0.61939 0.20323 0.621185 0.20323 0.62298 0.201884 0.624776 0.200538 0.624776 0.199192 0.62298 0.199192 0.621185 0.197847 0.61939 0.195155 0.62298 0.193809 0.62298 0.192463 0.621185 0.191117 0.621185 0.189771 0.61939 0.188425 0.621185 0.187079 0.621185 0.185734 0.62298 0.183042 0.62298 0.187079 0.628366 0.185734 0.630162 0.184388 0.630162 0.183042 0.631957 0.18035 0.631957 0.176312 0.637343 0.176312 0.639138 0.174966 0.640934 0.174966 0.642729 0.17362 0.644524 0.17362 0.64632 0.172275 0.648115 0.172275 0.64991 0.169583 0.653501 0.165545 0.653501 0.164199 0.651706 0.165545 0.64991 0.165545 0.644524 0.166891 0.642729 0.166891 0.639138 0.165545 0.637343 0.165545 0.635548 0.164199 0.633752 0.164199 0.631957 0.162853 0.630162 0.164199 0.628366 0.176312 0.628366 0.176312 0.621185 0.174966 0.62298 0.172275 0.62298 0.170929 0.624776 0.166891 0.624776 0.165545 0.626571 0.161507 0.626571 0.160162 0.624776 0.160162 0.621185 0.158816 0.61939 0.158816 0.614004 0.154778 0.614004 0.154778 0.628366 0.156124 0.630162 0.156124 0.64632 0.152086 0.651706 0.15074 0.651706 0.144011 0.660682 0.142665 0.660682 0.139973 0.664273 0.142665 0.664273 0.144011 0.666068 0.146703 0.662478 0.148048 0.662478 0.15074 0.658887 0.152086 0.658887 0.153432 0.657092 0.15747 0.662478 0.158816 0.662478 0.161507 0.666068 0.162853 0.666068 0.169583 0.675045 0.169583 0.67684 0.17362 0.682226 0.172275 0.684022 0.161507 0.684022 0.156124 0.691203 0.152086 0.691203 0.15074 0.689408 0.146703 0.689408 0.145357 0.687612 0.141319 0.687612 0.139973 0.685817 0.135935 0.685817 0.13459 0.684022 0.135935 0.682226 0.135935 0.680431 0.137281 0.678636 0.129206 0.678636 0.12786 0.67684 0.126514 0.67684 0.125168 0.675045 0.123822 0.675045 0.122476 0.67325 0.121131 0.675045 0.114401 0.675045 0.110363 0.669659 0.10498 0.669659 0.10498 0.675045 0.103634 0.67684 0.103634 0.682226 0.100942 0.685817 0.100942 0.687612 0.09825 0.691203 0.09825 0.694794 0.096904 0.696589 0.096904 0.719928 0.103634 0.719928 0.106326 0.716338 0.106326 0.714542 0.109017 0.710952 0.109017 0.709156 0.110363 0.707361 0.100942 0.707361 0.099596 0.705566 0.099596 0.70377 0.100942 0.701975 0.100942 0.70018 0.102288 0.698384 0.102288 0.696589 0.103634 0.694794 0.10498 0.694794 0.106326 0.692998 0.107672 0.692998 0.109017 0.691203 0.110363 0.691203 0.111709 0.689408 0.113055 0.689408 0.114401 0.687612 0.125168 0.687612 0.126514 0.689408 0.12786 0.689408 0.129206 0.691203 0.131898 0.691203 0.133244 0.692998 0.13459 0.692998 0.135935 0.694794 0.13459 0.696589 0.130552 0.696589 0.129206 0.698384 0.126514 0.698384 0.125168 0.70018 0.121131 0.70018 0.121131 0.70377 0.13459 0.70377 0.137281 0.70018 0.141319 0.70018 0.142665 0.701975 0.141319 0.70377 0.141319 0.705566 0.139973 0.707361 0.139973 0.709156 0.137281 0.712747 0.137281 0.714542 0.133244 0.719928 0.131898 0.719928 0.126514 0.72711 0.125168 0.72711 0.122476 0.7307 0.118439 0.7307 0.118439 0.732496 0.117093 0.734291 0.107672 0.734291 0.107672 0.736086 0.109017 0.737882 0.109017 0.739677 0.121131 0.739677 0.122476 0.741472 0.122476 0.743268 0.123822 0.745063 0.131898 0.745063 0.133244 0.746858 0.13459 0.745063 0.138627 0.745063 0.138627 0.737882 0.139973 0.736086 0.139973 0.728905 0.137281 0.728905 0.135935 0.72711 0.137281 0.725314 0.137281 0.723519 0.139973 0.719928 0.139973 0.718133 0.144011 0.712747 0.144011 0.710952 0.146703 0.707361 0.146703 0.705566 0.148048 0.70377 0.149394 0.70377 0.152086 0.707361 0.152086 0.709156 0.15074 0.710952 0.15074 0.712747 0.149394 0.714542 0.149394 0.716338 0.148048 0.718133 0.149394 0.718133 0.15074 0.719928 0.156124 0.712747 0.15747 0.712747 0.161507 0.707361 0.164199 0.707361 0.165545 0.709156 0.168237 0.709156 0.169583 0.710952 0.170929 0.710952 0.17362 0.714542 0.174966 0.714542 0.177658 0.718133 0.176312 0.719928 0.176312 0.721724 0.174966 0.723519 0.174966 0.725314 0.17362 0.72711 0.189771 0.72711 0.191117 0.728905 0.195155 0.723519 0.196501 0.723519 0.197847 0.721724 0.200538 0.721724 0.20323 0.725314 0.204576 0.725314 0.205922 0.72711 0.205922 0.725314 0.207268 0.723519 0.205922 0.721724 0.204576 0.721724 0.201884 0.718133 0.201884 0.716338 0.200538 0.714542 0.200538 0.709156 0.199192 0.707361 0.200538 0.705566 0.205922 0.705566 0.207268 0.707361 0.205922 0.709156 0.205922 0.710952 0.208614 0.714542 0.208614 0.712747 0.20996 0.710952 0.20996 0.707361 0.212651 0.70377 0.213997 0.705566 0.216689 0.705566 0.218035 0.707361 0.219381 0.707361 0.220727 0.709156 0.222073 0.709156 0.223419 0.710952 0.231494 0.710952 0.23284 0.712747 0.23284 0.723519 0.239569 0.723519 0.240915 0.725314 0.240915 0.723519 0.242261 0.721724 0.243607 0.721724 0.247645 0.72711 0.251682 0.72711 0.246299 0.719928 0.247645 0.718133 0.266487 0.718133 0.267833 0.719928 0.267833 0.718133 0.269179 0.716338 0.269179 0.714542 0.242261 0.714542 0.240915 0.712747 0.240915 0.709156 0.239569 0.707361 0.239569 0.701975 0.234186 0.701975 0.234186 0.70377 0.23284 0.705566 0.230148 0.701975 0.228802 0.701975 0.227456 0.70018 0.22611 0.70018 0.223419 0.696589 0.222073 0.696589 0.220727 0.694794 0.224764 0.689408 0.220727 0.689408 0.219381 0.687612 0.219381 0.685817 0.220727 0.684022 0.220727 0.678636 0.219381 0.678636 0.218035 0.67684 0.216689 0.67684 0.215343 0.675045 0.215343 0.667864 0.20323 0.667864 0.201884 0.666068 0.201884 0.664273 0.20323 0.662478 0.20323 0.658887 0.204576 0.657092 0.205922 0.657092 0.207268 0.655296 0.20996 0.655296 0.211306 0.657092 0.212651 0.657092 0.213997 0.658887 0.216689 0.658887 0.218035 0.660682 0.219381 0.660682 0.220727 0.662478 0.222073 0.662478 0.223419 0.664273 0.224764 0.664273 0.22611 0.666068 0.227456 0.664273 0.228802 0.664273 0.231494 0.660682 0.234186 0.660682 0.235532 0.662478 0.238223 0.662478 0.239569 0.664273 0.240915 0.664273 0.242261 0.666068 0.243607 0.666068 0.244953 0.667864 0.258412 0.667864 0.259758 0.669659 0.259758 0.671454 0.258412 0.67325 0.258412 0.678636 0.257066 0.680431 0.257066 0.685817 0.25572 0.687612 0.25572 0.692998 0.254374 0.694794 0.254374 0.70018 0.253028 0.701975 0.253028 0.70377 0.257066 0.70377 0.257066 0.70018 0.258412 0.698384 0.258412 0.692998 0.259758 0.691203 0.259758 0.685817 0.261104 0.684022 0.261104 0.678636 0.26245 0.67684 0.26245 0.671454 0.263795 0.669659 0.263795 0.664273 0.266487 0.660682 0.273217 0.660682 0.273217 0.655296 0.257066 0.655296 0.25572 0.653501 0.254374 0.653501 0.251682 0.64991 0.250336 0.64991 0.248991 0.648115 0.247645 0.648115 0.246299 0.64632 0.244953 0.64632 0.242261 0.642729 0.240915 0.642729 0.239569 0.640934 0.239569 0.639138 0.240915 0.637343 0.247645 0.637343 0.247645 0.635548 0.248991 0.633752 0.238223 0.633752 0.236878 0.631957 0.238223 0.630162 0.239569 0.630162 0.240915 0.628366 0.243607 0.628366 0.243607 0.624776 0.234186 0.624776 0.23284 0.62298 0.23284 0.624776 0.231494 0.626571 0.231494 0.628366 0.230148 0.630162 0.218035 0.630162 0.216689 0.628366 0.20996 0.628366 0.208614 0.626571 0.208614 0.624776 0.207268 0.62298 0.207268 0.621185 0.205922 0.61939 0.205922 0.617594 0.204576 0.615799 0.204576 0.614004 0.20323 0.612208 0.20323 0.610413
1 0.359354 0.603232 0.358008 0.605027 0.355316 0.605027 0.356662 0.606822 0.356662 0.608618 0.363392 0.608618 0.364738 0.610413 0.366083 0.610413 0.367429 0.612208 0.368775 0.612208 0.370121 0.614004 0.371467 0.614004 0.372813 0.615799 0.374159 0.614004 0.376851 0.614004 0.378197 0.612208 0.380888 0.612208 0.382234 0.610413 0.393001 0.610413 0.393001 0.606822 0.391655 0.608618 0.370121 0.608618 0.368775 0.606822 0.366083 0.606822 0.364738 0.605027 0.3607 0.605027
1 0.95424 0.579892 0.95424 0.583483 0.973082 0.583483 0.973082 0.579892
1 0.794078 0.520646 0.792732 0.522442 0.791386 0.522442 0.803499 0.5386 0.802153 0.540395 0.799462 0.540395 0.798116 0.54219 0.795424 0.54219 0.794078 0.543986 0.792732 0.543986 0.791386 0.545781 0.788694 0.545781 0.787349 0.547576 0.784657 0.547576 0.783311 0.549372 0.780619 0.549372 0.781965 0.551167 0.781965 0.552962 0.783311 0.551167 0.786003 0.551167 0.787349 0.549372 0.79004 0.549372 0.791386 0.547576 0.794078 0.547576 0.795424 0.545781 0.79677 0.545781 0.798116 0.543986 0.800808 0.543986 0.802153 0.54219 0.804845 0.54219 0.806191 0.540395 0.808883 0.540395 0.810229 0.5386 0.812921 0.5386 0.814266 0.536804 0.814266 0.535009 0.816958 0.531418 0.814266 0.527828 0.814266 0.526032 0.812921 0.524237 0.811575 0.524237 0.810229 0.522442 0.810229 0.524237 0.808883 0.526032 0.808883 0.527828 0.804845 0.533214 0.800808 0.527828 0.799462 0.527828
1 0.316285 0.517056 0.316285 0.518851 0.314939 0.520646 0.314939 0.522442 0.313594 0.524237 0.313594 0.526032 0.312248 0.527828 0.312248 0.529623 0.310902 0.531418 0.310902 0.533214 0.309556 0.535009 0.313594 0.535009 0.314939 0.533214 0.314939 0.531418 0.317631 0.527828 0.317631 0.526032 0.318977 0.524237 0.320323 0.524237 0.321669 0.526032 0.323015 0.524237 0.324361 0.524237 0.323015 0.522442 0.323015 0.520646 0.321669 0.518851 0.321669 0.517056
1 0.158816 0.499102 0.15747 0.500898 0.154778 0.500898 0.153432 0.502693 0.15074 0.502693 0.149394 0.504488 0.146703 0.504488 0.145357 0.506284 0.142665 0.506284 0.141319 0.508079 0.137281 0.508079 0.135935 0.509874 0.133244 0.509874 0.131898 0.51167 0.12786 0.51167 0.126514 0.513465 0.123822 0.513465 0.122476 0.51526 0.121131 0.51526 0.119785 0.517056 0.118439 0.517056 0.117093 0.518851 0.115747 0.518851 0.114401 0.520646 0.113055 0.520646 0.107672 0.527828 0.106326 0.527828 0.09825 0.5386 0.096904 0.5386 0.094213 0.54219 0.095559 0.54219 0.096904 0.543986 0.100942 0.5386 0.102288 0.5386 0.107672 0.531418 0.109017 0.531418 0.114401 0.524237 0.115747 0.524237 0.118439 0.520646 0.119785 0.520646 0.121131 0.518851 0.123822 0.518851 0.125168 0.517056 0.12786 0.517056 0.129206 0.51526 0.131898 0.51526 0.133244 0.513465 0.135935 0.513465 0.137281 0.51167 0.139973 0.51167 0.141319 0.509874 0.142665 0.509874 0.144011 0.508079 0.146703 0.508079 0.148048 0.506284 0.15074 0.506284 0.152086 0.504488 0.160162 0.504488 0.160162 0.502693 0.158816 0.500898
1 0.310902 0.495512 0.310902 0.500898 0.313594 0.500898 0.314939 0.502693 0.313594 0.504488 0.312248 0.504488 0.310902 0.506284 0.30821 0.506284 0.306864 0.508079 0.305518 0.508079 0.305518 0.509874 0.306864 0.51167 0.306864 0.513465 0.30821 0.51167 0.309556 0.51167 0.310902 0.509874 0.312248 0.509874 0.313594 0.508079 0.314939 0.508079 0.316285 0.506284 0.317631 0.506284 0.318977 0.504488 0.320323 0.504488 0.321669 0.502693 0.340511 0.502693 0.340511 0.500898 0.341857 0.499102 0.327052 0.499102 0.325707 0.497307 0.312248 0.497307
1 0.868102 0.481149 0.868102 0.482944 0.866756 0.48474 0.868102 0.486535 0.869448 0.486535 0.87214 0.490126 0.873486 0.490126 0.877524 0.495512 0.878869 0.495512 0.881561 0.499102 0.882907 0.499102 0.885599 0.502693 0.886945 0.502693 0.888291 0.504488 0.889637 0.504488 0.892328 0.508079 0.893674 0.508079 0.89502 0.509874 0.897712 0.509874 0.899058 0.51167 0.903096 0.51167 0.904441 0.513465 0.907133 0.513465 0.909825 0.517056 0.911171 0.517056 0.915209 0.522442 0.916555 0.522442 0.920592 0.527828 0.921938 0.527828 0.92463 0.531418 0.925976 0.529623 0.928668 0.529623 0.927322 0.527828 0.925976 0.527828 0.921938 0.522442 0.920592 0.522442 0.916555 0.517056 0.915209 0.517056 0.912517 0.513465 0.909825 0.513465 0.908479 0.51167 0.905787 0.51167 0.904441 0.509874 0.90175 0.509874 0.900404 0.508079 0.899058 0.508079 0.896366 0.504488 0.89502 0.504488 0.892328 0.500898 0.890983 0.500898 0.889637 0.499102 0.888291 0.499102 0.885599 0.495512 0.884253 0.495512 0.881561 0.491921 0.880215 0.491921 0.878869 0.490126 0.877524 0.490126 0.874832 0.486535 0.873486 0.486535 0.870794 0.482944 0.869448 0.482944
1 0.877524 0.475763 0.876178 0.477558 0.874832 0.477558 0.877524 0.477558 0.878869 0.479354 0.881561 0.479354 0.882907 0.481149 0.885599 0.481149 0.886945 0.482944 0.888291 0.482944 0.889637 0.48474 0.892328 0.48474 0.893674 0.486535 0.896366 0.486535 0.897712 0.48833 0.900404 0.48833 0.90175 0.490126 0.90175 0.48833 0.903096 0.486535 0.900404 0.486535 0.899058 0.48474 0.896366 0.48474 0.89502 0.482944 0.890983 0.482944 0.889637 0.481149 0.886945 0.481149 0.885599 0.479354 0.882907 0.479354 0.881561 0.477558 0.878869 0.477558
1 0.344549 0.463196 0.341857 0.466786 0.340511 0.466786 0.340511 0.472172 0.343203 0.475763 0.343203 0.477558 0.344549 0.479354 0.352624 0.479354 0.352624 0.464991 0.351279 0.464991 0.349933 0.463196
1 0.823688 0.456014 0.823688 0.45781 0.822342 0.459605 0.822342 0.4614 0.81965 0.464991 0.815612 0.464991 0.818304 0.468582 0.81965 0.466786 0.82638 0.466786 0.827725 0.464991 0.829071 0.464991 0.830417 0.466786 0.830417 0.468582 0.831763 0.470377 0.831763 0.472172 0.834455 0.472172 0.834455 0.470377 0.833109 0.468582 0.833109 0.464991 0.831763 0.463196 0.833109 0.4614 0.839838 0.4614 0.841184 0.459605 0.87214 0.459605 0.873486 0.4614 0.873486 0.45781 0.825034 0.45781
1 0.931359 0.443447 0.934051 0.447038 0.935397 0.447038 0.939435 0.452424 0.940781 0.450628 0.950202 0.450628 0.950202 0.448833 0.948856 0.447038 0.948856 0.443447
1 0.219381 0.427289 0.219381 0.43088 0.231494 0.43088 0.231494 0.427289
1 0.0 0.420108 0.0 0.45781 0.001346 0.459605 0.013459 0.459605 0.014805 0.45781 0.017497 0.45781 0.018843 0.456014 0.02288 0.456014 0.024226 0.454219 0.028264 0.454219 0.02961 0.452424 0.032301 0.452424 0.033647 0.450628 0.037685 0.450628 0.039031 0.452424 0.036339 0.456014 0.034993 0.456014 0.02961 0.463196 0.028264 0.463196 0.021534 0.472172 0.020188 0.472172 0.017497 0.475763 0.018843 0.475763 0.020188 0.477558 0.02288 0.477558 0.024226 0.475763 0.025572 0.475763 0.02961 0.470377 0.030956 0.470377 0.036339 0.463196 0.037685 0.463196 0.041723 0.45781 0.043069 0.45781 0.04576 0.454219 0.048452 0.45781 0.048452 0.459605 0.05249 0.464991 0.05249 0.466786 0.056528 0.472172 0.056528 0.473968 0.057873 0.475763 0.071332 0.475763 0.071332 0.470377 0.072678 0.468582 0.072678 0.4614 0.074024 0.459605 0.091521 0.459605 0.092867 0.45781 0.094213 0.45781 0.095559 0.456014 0.096904 0.456014 0.09825 0.454219 0.100942 0.45781 0.102288 0.45781 0.10498 0.4614 0.106326 0.4614 0.109017 0.45781 0.110363 0.45781 0.114401 0.452424 0.114401 0.447038 0.115747 0.445242 0.115747 0.439856 0.114401 0.441652 0.111709 0.441652 0.110363 0.443447 0.109017 0.443447 0.107672 0.445242 0.10498 0.445242 0.103634 0.447038 0.102288 0.447038 0.100942 0.448833 0.09825 0.445242 0.096904 0.445242 0.092867 0.439856 0.091521 0.439856 0.088829 0.436266 0.087483 0.436266 0.084791 0.432675 0.088829 0.427289 0.090175 0.427289 0.094213 0.421903 0.096904 0.421903 0.087483 0.421903 0.086137 0.423698 0.086137 0.425494 0.080754 0.432675 0.080754 0.43447 0.076716 0.439856 0.074024 0.439856 0.072678 0.441652 0.069987 0.441652 0.068641 0.443447 0.067295 0.441652 0.067295 0.439856 0.068641 0.438061 0.068641 0.43447 0.069987 0.432675 0.069987 0.429084 0.071332 0.427289 0.041723 0.427289 0.040377 0.425494 0.021534 0.425494 0.020188 0.423698 0.014805 0.423698 0.013459 0.421903 0.006729 0.421903 0.005384 0.420108
1 0.528937 0.40395 0.527591 0.405745 0.524899 0.405745 0.523553 0.40754 0.519515 0.40754 0.51817 0.409336 0.515478 0.409336 0.516824 0.411131 0.51817 0.409336 0.522207 0.409336 0.523553 0.40754 0.528937 0.40754 0.535666 0.416517 0.535666 0.418312 0.542396 0.427289 0.543742 0.425494 0.545087 0.425494
1 0.815612 0.394973 0.815612 0.400359 0.830417 0.400359 0.831763 0.402154 0.833109 0.402154 0.834455 0.40395 0.853297 0.40395 0.853297 0.400359 0.837147 0.400359 0.835801 0.398564 0.833109 0.398564 0.831763 0.396768 0.830417 0.396768 0.829071 0.394973
1 0.345895 0.384201 0.343203 0.387792 0.341857 0.387792 0.343203 0.389587 0.343203 0.391382 0.345895 0.394973 0.345895 0.396768 0.348587 0.400359 0.348587 0.402154 0.349933 0.40395 0.345895 0.409336 0.344549 0.409336 0.341857 0.412926 0.344549 0.412926 0.345895 0.414722 0.348587 0.414722 0.349933 0.416517 0.352624 0.412926 0.35397 0.412926 0.356662 0.409336 0.358008 0.409336 0.359354 0.411131 0.359354 0.412926 0.3607 0.414722 0.366083 0.414722 0.368775 0.418312 0.367429 0.420108 0.356662 0.420108 0.355316 0.418312 0.355316 0.421903 0.368775 0.421903 0.370121 0.423698 0.371467 0.421903 0.372813 0.421903 0.374159 0.420108 0.375505 0.420108 0.376851 0.418312 0.379542 0.418312 0.380888 0.416517 0.382234 0.416517 0.38358 0.414722 0.387618 0.414722 0.388964 0.416517 0.391655 0.416517 0.393001 0.418312 0.394347 0.418312 0.395693 0.420108 0.398385 0.420108 0.399731 0.421903 0.401077 0.421903 0.402423 0.423698 0.402423 0.425494 0.401077 0.427289 0.401077 0.429084 0.402423 0.429084 0.405114 0.432675 0.40646 0.432675 0.407806 0.43447 0.418573 0.43447 0.419919 0.436266 0.425303 0.436266 0.426649 0.438061 0.426649 0.439856 0.425303 0.441652 0.425303 0.443447 0.423957 0.445242 0.429341 0.452424 0.427995 0.454219 0.418573 0.454219 0.417227 0.456014 0.415882 0.456014 0.41319 0.459605 0.411844 0.459605 0.410498 0.4614 0.40646 0.4614 0.405114 0.459605 0.403769 0.459605 0.402423 0.45781 0.398385 0.45781 0.397039 0.456014 0.397039 0.4614 0.395693 0.463196 0.395693 0.464991 0.394347 0.466786 0.391655 0.466786 0.39031 0.464991 0.387618 0.464991 0.386272 0.463196 0.382234 0.463196 0.380888 0.4614 0.380888 0.463196 0.379542 0.464991 0.38358 0.464991 0.384926 0.466786 0.387618 0.466786 0.388964 0.468582 0.393001 0.468582 0.394347 0.470377 0.394347 0.473968 0.393001 0.475763 0.393001 0.479354 0.394347 0.477558 0.401077 0.477558 0.402423 0.475763 0.402423 0.473968 0.403769 0.472172 0.407806 0.472172 0.409152 0.473968 0.411844 0.473968 0.41319 0.475763 0.415882 0.475763 0.417227 0.477558 0.418573 0.477558 0.421265 0.481149 0.421265 0.482944 0.422611 0.48474 0.422611 0.48833 0.423957 0.490126 0.423957 0.491921 0.425303 0.493716 0.425303 0.495512 0.426649 0.497307 0.426649 0.499102 0.429341 0.502693 0.429341 0.504488 0.427995 0.506284 0.409152 0.506284 0.407806 0.504488 0.398385 0.504488 0.397039 0.502693 0.394347 0.502693 0.393001 0.500898 0.39031 0.500898 0.388964 0.499102 0.384926 0.499102 0.38358 0.497307 0.380888 0.497307 0.379542 0.495512 0.376851 0.495512 0.375505 0.493716 0.378197 0.497307 0.378197 0.499102 0.379542 0.500898 0.38358 0.500898 0.384926 0.502693 0.387618 0.502693 0.388964 0.504488 0.391655 0.504488 0.393001 0.506284 0.395693 0.506284 0.397039 0.508079 0.399731 0.508079 0.401077 0.509874 0.405114 0.509874 0.40646 0.51167 0.409152 0.51167 0.410498 0.513465 0.410498 0.518851 0.409152 0.520646 0.409152 0.524237 0.410498 0.526032 0.410498 0.527828 0.411844 0.529623 0.411844 0.531418 0.41319 0.533214 0.41319 0.535009 0.414536 0.536804 0.414536 0.54219 0.415882 0.543986 0.415882 0.545781 0.417227 0.547576 0.417227 0.549372 0.418573 0.551167 0.418573 0.552962 0.417227 0.554758 0.417227 0.561939 0.415882 0.563734 0.407806 0.563734 0.40646 0.56553 0.397039 0.56553 0.395693 0.567325 0.386272 0.567325 0.384926 0.56912 0.38358 0.56912 0.382234 0.570916 0.380888 0.570916 0.380888 0.574506 0.382234 0.572711 0.39031 0.572711 0.391655 0.570916 0.395693 0.570916 0.397039 0.56912 0.410498 0.56912 0.411844 0.567325 0.417227 0.567325 0.418573 0.56553 0.425303 0.56553 0.429341 0.570916 0.429341 0.572711 0.433378 0.578097 0.432032 0.579892 0.426649 0.579892 0.426649 0.581688 0.427995 0.583483 0.427995 0.587074 0.425303 0.590664 0.423957 0.590664 0.419919 0.59605 0.418573 0.59605 0.415882 0.599641 0.414536 0.599641 0.411844 0.603232 0.411844 0.605027 0.410498 0.606822 0.418573 0.606822 0.419919 0.608618 0.426649 0.608618 0.427995 0.610413 0.438762 0.59605 0.450875 0.59605 0.462988 0.612208 0.462988 0.610413 0.464334 0.608618 0.45895 0.601436 0.45895 0.599641 0.456258 0.59605 0.457604 0.594255 0.469717 0.594255 0.471063 0.59246 0.485868 0.59246 0.48856 0.588869 0.506057 0.588869 0.507402 0.590664 0.514132 0.590664 0.51817 0.59605 0.51817 0.597846 0.519515 0.599641 0.51817 0.601436 0.516824 0.601436 0.514132 0.605027 0.512786 0.605027 0.512786 0.612208 0.527591 0.612208 0.528937 0.614004 0.530283 0.614004 0.532974 0.617594 0.53432 0.617594 0.537012 0.621185 0.538358 0.621185 0.54105 0.624776 0.542396 0.624776 0.543742 0.626571 0.546433 0.626571 0.547779 0.628366 0.550471 0.628366 0.551817 0.630162 0.554509 0.630162 0.555855 0.631957 0.558546 0.631957 0.559892 0.633752 0.559892 0.630162 0.557201 0.630162 0.555855 0.628366 0.553163 0.628366 0.550471 0.624776 0.549125 0.624776 0.545087 0.61939 0.54105 0.61939 0.539704 0.617594 0.537012 0.617594 0.532974 0.612208 0.532974 0.610413 0.531629 0.608618 0.530283 0.608618 0.527591 0.605027 0.526245 0.605027 0.524899 0.603232 0.528937 0.597846 0.530283 0.597846 0.532974 0.594255 0.54105 0.594255 0.542396 0.59246 0.557201 0.59246 0.558546 0.594255 0.570659 0.594255 0.572005 0.59605 0.574697 0.59605 0.576043 0.597846 0.577389 0.597846 0.578735 0.599641 0.581427 0.599641 0.582773 0.601436 0.584118 0.599641 0.584118 0.597846 0.58681 0.594255 0.581427 0.587074 0.581427 0.585278 0.578735 0.581688 0.577389 0.581688 0.576043 0.579892 0.574697 0.579892 0.573351 0.578097 0.572005 0.578097 0.570659 0.576302 0.569314 0.576302 0.567968 0.574506 0.570659 0.570916 0.572005 0.570916 0.573351 0.56912 0.588156 0.56912 0.590848 0.56553 0.592194 0.56553 0.59354 0.563734 0.594886 0.563734 0.597577 0.567325 0.601615 0.567325 0.601615 0.56553 0.600269 0.563734 0.600269 0.560144 0.598923 0.558348 0.600269 0.556553 0.613728 0.556553 0.620458 0.56553 0.621803 0.56553 0.627187 0.572711 0.627187 0.570916 0.628533 0.56912 0.619112 0.556553 0.619112 0.552962 0.623149 0.547576 0.624495 0.547576 0.625841 0.545781 0.631225 0.545781 0.632571 0.547576 0.633917 0.547576 0.6393 0.554758 0.640646 0.554758 0.64603 0.561939 0.647376 0.561939 0.650067 0.56553 0.651413 0.56553 0.654105 0.56912 0.655451 0.56912 0.658143 0.572711 0.659489 0.572711 0.666218 0.581688 0.667564 0.581688 0.672948 0.588869 0.672948 0.583483 0.674293 0.581688 0.678331 0.581688 0.679677 0.583483 0.685061 0.583483 0.686406 0.585278 0.686406 0.579892 0.678331 0.579892 0.676985 0.578097 0.66891 0.578097 0.666218 0.574506 0.664872 0.574506 0.66218 0.570916 0.660834 0.570916 0.656797 0.56553 0.655451 0.56553 0.652759 0.561939 0.655451 0.558348 0.655451 0.556553 0.658143 0.552962 0.656797 0.551167 0.656797 0.549372 0.654105 0.552962 0.652759 0.552962 0.650067 0.556553 0.648721 0.556553 0.647376 0.554758 0.64603 0.554758 0.640646 0.547576 0.6393 0.547576 0.635262 0.54219 0.635262 0.5386 0.636608 0.536804 0.636608 0.533214 0.637954 0.531418 0.640646 0.531418 0.641992 0.529623 0.64603 0.529623 0.647376 0.527828 0.651413 0.527828 0.652759 0.529623 0.654105 0.529623 0.655451 0.531418 0.656797 0.531418 0.658143 0.533214 0.658143 0.545781 0.672948 0.545781 0.674293 0.547576 0.674293 0.5386 0.672948 0.536804 0.671602 0.536804 0.66891 0.533214 0.667564 0.533214 0.664872 0.529623 0.671602 0.520646 0.674293 0.520646 0.675639 0.518851 0.687752 0.518851 0.689098 0.517056 0.69179 0.517056 0.693136 0.518851 0.694482 0.517056 0.695828 0.517056 0.697174 0.51526 0.699865 0.51526 0.701211 0.513465 0.711978 0.513465 0.713324 0.51526 0.713324 0.522442 0.711978 0.524237 0.711978 0.531418 0.716016 0.531418 0.716016 0.529623 0.717362 0.527828 0.717362 0.522442 0.720054 0.518851 0.734859 0.518851 0.73755 0.522442 0.73755 0.524237 0.738896 0.526032 0.738896 0.527828 0.741588 0.531418 0.741588 0.533214 0.742934 0.535009 0.746972 0.535009 0.748318 0.536804 0.749664 0.535009 0.756393 0.535009 0.757739 0.533214 0.760431 0.533214 0.761777 0.531418 0.765814 0.531418 0.765814 0.524237 0.763122 0.524237 0.761777 0.522442 0.759085 0.522442 0.757739 0.520646 0.755047 0.520646 0.753701 0.518851 0.748318 0.518851 0.746972 0.517056 0.741588 0.517056 0.740242 0.51526 0.738896 0.51526 0.736205 0.51167 0.734859 0.51167 0.733513 0.509874 0.732167 0.51167 0.717362 0.51167 0.716016 0.509874 0.716016 0.508079 0.71467 0.506284 0.71467 0.504488 0.713324 0.502693 0.699865 0.502693 0.69852 0.500898 0.69179 0.500898 0.690444 0.499102 0.687752 0.502693 0.687752 0.504488 0.683715 0.509874 0.679677 0.509874 0.678331 0.508079 0.675639 0.508079 0.674293 0.506284 0.674293 0.504488 0.675639 0.502693 0.675639 0.500898 0.676985 0.499102 0.675639 0.497307 0.674293 0.497307 0.670256 0.491921 0.666218 0.497307 0.664872 0.497307 0.663526 0.499102 0.660834 0.499102 0.659489 0.497307 0.656797 0.497307 0.655451 0.495512 0.656797 0.493716 0.658143 0.493716 0.660834 0.490126 0.66218 0.490126 0.66218 0.48833 0.663526 0.486535 0.659489 0.486535 0.658143 0.48474 0.652759 0.48474 0.651413 0.482944 0.647376 0.482944 0.64603 0.481149 0.641992 0.481149 0.640646 0.479354 0.640646 0.477558 0.641992 0.475763 0.641992 0.473968 0.644684 0.470377 0.654105 0.470377 0.655451 0.472172 0.656797 0.472172 0.658143 0.473968 0.659489 0.473968 0.660834 0.475763 0.66218 0.475763 0.663526 0.477558 0.666218 0.477558 0.667564 0.479354 0.66891 0.479354 0.670256 0.481149 0.671602 0.481149 0.672948 0.482944 0.674293 0.482944 0.676985 0.486535 0.678331 0.486535 0.681023 0.490126 0.682369 0.48833 0.685061 0.48833 0.681023 0.482944 0.682369 0.481149 0.683715 0.481149 0.685061 0.482944 0.689098 0.482944 0.690444 0.48474 0.705249 0.48474 0.706595 0.486535 0.707941 0.48474 0.709287 0.48474 0.710633 0.482944 0.718708 0.482944 0.720054 0.48474 0.726783 0.48474 0.728129 0.486535 0.733513 0.486535 0.734859 0.48833 0.734859 0.48474 0.730821 0.48474 0.729475 0.482944 0.726783 0.482944 0.725437 0.481149 0.7214 0.481149 0.720054 0.479354 0.716016 0.479354 0.71467 0.477558 0.710633 0.477558 0.709287 0.475763 0.706595 0.475763 0.705249 0.473968 0.701211 0.473968 0.699865 0.472172 0.685061 0.472172 0.683715 0.470377 0.66891 0.470377 0.667564 0.468582 0.667564 0.456014 0.663526 0.456014 0.66218 0.454219 0.66218 0.456014 0.660834 0.45781 0.660834 0.459605 0.659489 0.4614 0.651413 0.4614 0.650067 0.459605 0.651413 0.45781 0.651413 0.456014 0.652759 0.454219 0.652759 0.452424 0.648721 0.452424 0.647376 0.450628 0.641992 0.450628 0.640646 0.448833 0.636608 0.448833 0.635262 0.447038 0.637954 0.443447 0.6393 0.443447 0.641992 0.439856 0.643338 0.439856 0.64603 0.436266 0.658143 0.436266 0.659489 0.438061 0.658143 0.439856 0.658143 0.441652 0.656797 0.443447 0.656797 0.445242 0.658143 0.443447 0.66218 0.443447 0.663526 0.441652 0.666218 0.441652 0.667564 0.443447 0.670256 0.443447 0.671602 0.445242 0.672948 0.445242 0.674293 0.447038 0.674293 0.445242 0.675639 0.443447 0.675639 0.441652 0.676985 0.439856 0.672948 0.43447 0.671602 0.43447 0.664872 0.425494 0.655451 0.425494 0.654105 0.423698 0.654105 0.427289 0.652759 0.429084 0.652759 0.43088 0.651413 0.432675 0.648721 0.432675 0.647376 0.43447 0.643338 0.43447 0.641992 0.436266 0.6393 0.436266 0.629879 0.448833 0.611036 0.448833 0.60969 0.447038 0.597577 0.447038 0.590848 0.438061 0.589502 0.439856 0.578735 0.439856 0.581427 0.443447 0.581427 0.445242 0.580081 0.447038 0.578735 0.445242 0.576043 0.445242 0.574697 0.443447 0.572005 0.443447 0.570659 0.441652 0.569314 0.443447 0.567968 0.443447 0.566622 0.445242 0.565276 0.445242 0.565276 0.452424 0.56393 0.454219 0.562584 0.452424 0.561238 0.452424 0.559892 0.450628 0.558546 0.450628 0.557201 0.448833 0.555855 0.448833 0.554509 0.447038 0.553163 0.448833 0.551817 0.448833 0.550471 0.450628 0.547779 0.450628 0.546433 0.452424 0.545087 0.452424 0.542396 0.456014 0.539704 0.456014 0.538358 0.454219 0.537012 0.454219 0.535666 0.452424 0.53432 0.452424 0.532974 0.450628 0.531629 0.450628 0.528937 0.447038 0.53432 0.439856 0.535666 0.439856 0.538358 0.436266 0.532974 0.436266 0.531629 0.43447 0.524899 0.43447 0.523553 0.432675 0.51817 0.432675 0.516824 0.43088 0.516824 0.432675 0.515478 0.43447 0.520861 0.43447 0.522207 0.436266 0.526245 0.436266 0.527591 0.438061 0.527591 0.441652 0.526245 0.443447 0.523553 0.443447 0.522207 0.445242 0.520861 0.445242 0.519515 0.447038 0.516824 0.447038 0.515478 0.448833 0.514132 0.448833 0.51144 0.452424 0.510094 0.452424 0.507402 0.456014 0.506057 0.456014 0.504711 0.454219 0.503365 0.454219 0.499327 0.448833 0.499327 0.441652 0.497981 0.439856 0.497981 0.438061 0.496635 0.436266 0.496635 0.43447 0.495289 0.43447 0.492598 0.43088 0.483176 0.43088 0.483176 0.450628 0.48183 0.452424 0.473755 0.452424 0.472409 0.450628 0.457604 0.450628 0.456258 0.448833 0.456258 0.443447 0.457604 0.441652 0.462988 0.441652 0.464334 0.439856 0.472409 0.439856 0.475101 0.436266 0.476447 0.436266 0.477793 0.43447 0.477793 0.43088 0.479139 0.429084 0.479139 0.427289 0.477793 0.427289 0.476447 0.425494 0.473755 0.425494 0.472409 0.423698 0.471063 0.423698 0.469717 0.421903 0.468371 0.421903 0.467026 0.420108 0.453567 0.420108 0.452221 0.418312 0.450875 0.420108 0.448183 0.420108 0.446837 0.421903 0.445491 0.421903 0.444145 0.423698 0.441454 0.423698 0.438762 0.427289 0.437416 0.427289 0.434724 0.43088 0.430686 0.43088 0.429341 0.429084 0.426649 0.429084 0.425303 0.427289 0.423957 0.427289 0.422611 0.425494 0.419919 0.425494 0.418573 0.423698 0.415882 0.423698 0.414536 0.421903 0.410498 0.421903 0.409152 0.420108 0.40646 0.420108 0.405114 0.418312 0.407806 0.414722 0.407806 0.412926 0.410498 0.409336 0.410498 0.40754 0.411844 0.405745 0.411844 0.40395 0.41319 0.402154 0.41319 0.400359 0.410498 0.400359 0.409152 0.398564 0.407806 0.398564 0.40646 0.396768 0.405114 0.398564 0.403769 0.398564 0.402423 0.400359 0.401077 0.400359 0.398385 0.40395 0.397039 0.40395 0.395693 0.405745 0.376851 0.405745 0.375505 0.40395 0.371467 0.40395 0.370121 0.402154 0.366083 0.402154 0.364738 0.400359 0.363392 0.400359 0.3607 0.396768 0.359354 0.396768 0.356662 0.393178 0.355316 0.393178 0.352624 0.389587 0.351279 0.389587 0.348587 0.385996 0.347241 0.385996
1 0.220727 0.382406 0.220727 0.384201 0.219381 0.385996 0.219381 0.387792 0.216689 0.391382 0.208614 0.391382 0.208614 0.394973 0.211306 0.394973 0.212651 0.396768 0.213997 0.396768 0.215343 0.398564 0.218035 0.398564 0.219381 0.400359 0.220727 0.400359 0.224764 0.405745 0.230148 0.405745 0.231494 0.40754 0.23284 0.405745 0.236878 0.405745 0.236878 0.40395 0.238223 0.402154 0.238223 0.400359 0.236878 0.400359 0.234186 0.396768 0.22611 0.396768 0.224764 0.394973 0.224764 0.389587 0.22611 0.387792 0.22611 0.382406
1 0.602961 0.375224 0.601615 0.37702 0.600269 0.37702 0.602961 0.38061 0.604307 0.38061 0.608345 0.385996 0.60969 0.384201 0.611036 0.384201 0.608345 0.38061 0.606999 0.38061
1 0.612382 0.362657 0.624495 0.378815 0.624495 0.37702 0.625841 0.375224 0.621803 0.369838 0.621803 0.368043 0.617766 0.362657
1 0.900404 0.360862 0.899058 0.362657 0.893674 0.362657 0.892328 0.364452 0.888291 0.364452 0.886945 0.366248 0.882907 0.366248 0.878869 0.371634 0.878869 0.373429 0.876178 0.37702 0.876178 0.391382 0.878869 0.394973 0.880215 0.394973 0.885599 0.402154 0.886945 0.402154 0.890983 0.40754 0.896366 0.40754 0.897712 0.409336 0.931359 0.409336 0.932705 0.411131 0.940781 0.411131 0.942127 0.412926 0.950202 0.412926 0.951548 0.414722 0.959623 0.414722 0.960969 0.416517 0.969044 0.416517 0.97039 0.418312 0.979812 0.418312 0.981157 0.420108 0.979812 0.421903 0.97712 0.421903 0.975774 0.423698 0.973082 0.423698 0.971736 0.425494 0.969044 0.425494 0.967699 0.427289 0.965007 0.427289 0.963661 0.429084 0.960969 0.429084 0.959623 0.43088 0.956931 0.43088 0.956931 0.436266 0.969044 0.436266 0.97039 0.43447 0.971736 0.43447 0.973082 0.432675 0.974428 0.432675 0.975774 0.43088 0.97712 0.43088 0.978466 0.429084 0.979812 0.429084 0.981157 0.427289 0.985195 0.427289 0.986541 0.425494 0.990579 0.425494 0.991925 0.423698 0.994616 0.427289 0.995962 0.427289 0.998654 0.43088 0.998654 0.40754 0.994616 0.40754 0.993271 0.405745 0.987887 0.405745 0.986541 0.40395 0.983849 0.40395 0.982503 0.402154 0.978466 0.402154 0.97712 0.400359 0.974428 0.400359 0.973082 0.398564 0.974428 0.396768 0.974428 0.394973 0.975774 0.393178 0.975774 0.391382 0.97712 0.389587 0.97712 0.387792 0.978466 0.385996 0.978466 0.384201 0.979812 0.382406 0.979812 0.38061 0.981157 0.378815 0.981157 0.37702 0.982503 0.375224 0.982503 0.373429 0.983849 0.371634 0.982503 0.371634 0.981157 0.369838 0.979812 0.369838 0.978466 0.368043 0.975774 0.368043 0.974428 0.366248 0.973082 0.366248 0.971736 0.364452 0.956931 0.364452 0.955585 0.366248 0.95424 0.364452 0.944818 0.364452 0.943472 0.362657 0.932705 0.362657 0.931359 0.360862
1 0.710633 0.35009 0.709287 0.351885 0.710633 0.35368 0.710633 0.355476 0.711978 0.357271 0.711978 0.359066 0.713324 0.360862 0.713324 0.362657 0.71467 0.364452 0.71467 0.362657 0.716016 0.360862 0.71467 0.359066 0.71467 0.357271 0.711978 0.35368 0.711978 0.351885
1 0.347241 0.346499 0.345895 0.348294 0.345895 0.35009 0.344549 0.351885 0.344549 0.35368 0.343203 0.355476 0.343203 0.357271 0.341857 0.359066 0.33782 0.359066 0.33782 0.364452 0.343203 0.364452 0.344549 0.366248 0.345895 0.366248 0.347241 0.368043 0.35397 0.368043 0.35397 0.35368 0.351279 0.35009 0.351279 0.348294 0.349933 0.346499
1 0.224764 0.335727 0.224764 0.337522 0.223419 0.339318 0.220727 0.339318 0.220727 0.344704 0.235532 0.344704 0.236878 0.342908 0.244953 0.342908 0.244953 0.341113 0.246299 0.339318 0.246299 0.337522 0.22611 0.337522
1 0.227456 0.308797 0.22611 0.310592 0.218035 0.310592 0.216689 0.312388 0.208614 0.312388 0.207268 0.314183 0.197847 0.314183 0.196501 0.315978 0.188425 0.315978 0.187079 0.317774 0.179004 0.317774 0.179004 0.319569 0.18035 0.321364 0.18035 0.32316 0.181696 0.321364 0.189771 0.321364 0.191117 0.319569 0.199192 0.319569 0.200538 0.317774 0.208614 0.317774 0.20996 0.315978 0.218035 0.315978 0.219381 0.314183 0.227456 0.314183
1 0.223419 0.267504 0.216689 0.276481 0.211306 0.276481 0.211306 0.278276 0.220727 0.278276 0.224764 0.27289 0.224764 0.271095 0.22611 0.2693 0.22611 0.267504
1 0.650067 0.166966 0.648721 0.168761 0.647376 0.168761 0.644684 0.172352 0.676985 0.172352 0.675639 0.170557 0.675639 0.168761 0.674293 0.166966
1 0.45895 0.138241 0.457604 0.140036 0.456258 0.140036 0.454913 0.141831 0.453567 0.141831 0.460296 0.150808 0.473755 0.150808 0.473755 0.145422 0.472409 0.143627 0.472409 0.138241
1 0.763122 0.131059 0.763122 0.132855 0.761777 0.13465 0.761777 0.136445 0.760431 0.138241 0.760431 0.140036 0.761777 0.140036 0.763122 0.141831 0.765814 0.141831 0.76716 0.143627 0.768506 0.143627 0.769852 0.145422 0.77389 0.140036 0.775236 0.140036 0.777927 0.136445 0.776581 0.136445 0.77389 0.132855 0.772544 0.132855 0.771198 0.131059
1 0.391655 0.046679 0.387618 0.052065 0.386272 0.052065 0.380888 0.059246 0.379542 0.059246 0.378197 0.061041 0.379542 0.062837 0.379542 0.064632 0.382234 0.061041 0.38358 0.061041 0.386272 0.057451 0.387618 0.057451 0.388964 0.059246 0.388964 0.070018 0.39031 0.068223 0.391655 0.068223 0.393001 0.066427 0.394347 0.066427 0.395693 0.064632 0.397039 0.064632 0.398385 0.062837 0.401077 0.062837 0.402423 0.061041 0.403769 0.061041 0.405114 0.059246 0.415882 0.059246 0.417227 0.061041 0.418573 0.061041 0.419919 0.062837 0.421265 0.062837 0.423957 0.066427 0.425303 0.066427 0.426649 0.068223 0.427995 0.068223 0.429341 0.070018 0.432032 0.070018 0.430686 0.068223 0.429341 0.068223 0.423957 0.061041 0.422611 0.061041 0.419919 0.057451 0.415882 0.057451 0.414536 0.055655 0.410498 0.055655 0.409152 0.05386 0.407806 0.055655 0.405114 0.055655 0.403769 0.057451 0.402423 0.057451 0.401077 0.059246 0.398385 0.059246 0.397039 0.061041 0.395693 0.061041 0.394347 0.062837 0.393001 0.062837 0.391655 0.061041 0.391655 0.057451 0.393001 0.055655 0.393001 0.050269 0.391655 0.048474
