0 0.374159 0.464991 0.374159 0.466786 0.372813 0.468582 0.372813 0.470377 0.375505 0.470377 0.376851 0.472172 0.378197 0.472172 0.379542 0.473968 0.382234 0.473968 0.38358 0.475763 0.384926 0.475763 0.386272 0.477558 0.388964 0.477558 0.39031 0.479354 0.393001 0.479354 0.394347 0.481149 0.397039 0.481149 0.398385 0.482944 0.399731 0.481149 0.403769 0.481149 0.405114 0.479354 0.409152 0.479354 0.405114 0.473968 0.403769 0.473968 0.397039 0.464991
0 0.432032 0.2693 0.430686 0.271095 0.419919 0.271095 0.418573 0.27289 0.418573 0.274686 0.417227 0.276481 0.452221 0.276481 0.453567 0.274686 0.453567 0.27289 0.454913 0.271095 0.433378 0.271095
0 0.196501 0.231598 0.192463 0.236984 0.196501 0.24237 0.196501 0.244165 0.197847 0.245961 0.199192 0.244165 0.224764 0.244165 0.224764 0.238779 0.22611 0.236984 0.22611 0.231598
0 0.955585 0.217235 0.955585 0.222621 0.95424 0.224417 0.95424 0.229803 0.959623 0.229803 0.960969 0.228007 0.962315 0.228007 0.963661 0.226212 0.963661 0.217235
0 0.433378 0.213645 0.432032 0.21544 0.430686 0.21544 0.429341 0.217235 0.426649 0.217235 0.426649 0.222621 0.427995 0.224417 0.427995 0.229803 0.442799 0.229803 0.444145 0.231598 0.444145 0.229803 0.445491 0.228007 0.445491 0.226212 0.444145 0.224417 0.442799 0.224417 0.437416 0.217235 0.43607 0.217235
0 0.841184 0.211849 0.841184 0.219031 0.854643 0.219031 0.855989 0.220826 0.855989 0.211849
0 0.658143 0.18851 0.658143 0.190305 0.659489 0.192101 0.659489 0.193896 0.666218 0.193896 0.666218 0.18851
1 0.827725 0.852783 0.82638 0.854578 0.82638 0.856373 0.825034 0.858169 0.830417 0.86535 0.838493 0.86535 0.839838 0.867145 0.846568 0.867145 0.847914 0.868941 0.847914 0.863555 0.84253 0.863555 0.841184 0.861759 0.841184 0.859964 0.839838 0.858169 0.837147 0.858169 0.835801 0.856373 0.833109 0.856373 0.831763 0.854578 0.829071 0.854578
1 0.508748 0.827648 0.506057 0.831239 0.504711 0.831239 0.502019 0.834829 0.500673 0.834829 0.497981 0.83842 0.491252 0.83842 0.489906 0.840215 0.483176 0.840215 0.48183 0.842011 0.479139 0.842011 0.477793 0.843806 0.473755 0.843806 0.475101 0.843806 0.476447 0.845601 0.477793 0.845601 0.479139 0.847397 0.480485 0.847397 0.48183 0.849192 0.483176 0.849192 0.484522 0.850987 0.485868 0.850987 0.487214 0.852783 0.489906 0.852783 0.491252 0.854578 0.492598 0.854578 0.493943 0.856373 0.496635 0.856373 0.497981 0.858169 0.499327 0.858169 0.500673 0.859964 0.500673 0.863555 0.502019 0.86535 0.502019 0.868941 0.504711 0.872531 0.506057 0.872531 0.510094 0.877917 0.51144 0.877917 0.512786 0.879713 0.514132 0.879713 0.515478 0.881508 0.516824 0.881508 0.51817 0.883303 0.519515 0.883303 0.520861 0.885099 0.522207 0.885099 0.523553 0.886894 0.524899 0.886894 0.526245 0.888689 0.528937 0.888689 0.530283 0.890485 0.53432 0.890485 0.535666 0.89228 0.538358 0.89228 0.539704 0.894075 0.542396 0.894075 0.543742 0.895871 0.547779 0.890485 0.546433 0.890485 0.543742 0.886894 0.542396 0.886894 0.54105 0.885099 0.542396 0.883303 0.542396 0.881508 0.543742 0.879713 0.542396 0.879713 0.539704 0.876122 0.538358 0.876122 0.535666 0.872531 0.53432 0.872531 0.527591 0.863555 0.527591 0.861759 0.520861 0.852783 0.520861 0.850987 0.516824 0.845601 0.51817 0.843806 0.51817 0.842011 0.519515 0.840215 0.519515 0.83842 0.520861 0.836625 0.519515 0.836625 0.51817 0.834829 0.516824 0.834829 0.514132 0.831239 0.512786 0.831239 0.51144 0.829443 0.510094 0.829443
1 0.502019 0.788151 0.500673 0.789946 0.496635 0.789946 0.495289 0.791741 0.492598 0.791741 0.491252 0.793537 0.487214 0.793537 0.487214 0.798923 0.48856 0.800718 0.48856 0.807899 0.489906 0.806104 0.491252 0.806104 0.492598 0.804309 0.493943 0.804309 0.495289 0.802513 0.496635 0.802513 0.497981 0.800718 0.500673 0.800718 0.502019 0.798923 0.503365 0.798923 0.504711 0.797127 0.506057 0.797127 0.507402 0.795332 0.522207 0.795332 0.523553 0.793537 0.538358 0.793537 0.537012 0.791741 0.537012 0.789946 0.535666 0.788151
1 0.960969 0.628366 0.959623 0.630162 0.955585 0.630162 0.955585 0.631957 0.95424 0.633752 0.955585 0.633752 0.958277 0.637343 0.959623 0.637343 0.962315 0.640934 0.963661 0.640934 0.966353 0.644524 0.967699 0.644524 0.97039 0.648115 0.971736 0.648115 0.973082 0.64991 0.974428 0.648115 0.983849 0.648115 0.983849 0.64632 0.985195 0.644524 0.985195 0.642729 0.982503 0.642729 0.981157 0.640934 0.979812 0.642729 0.978466 0.642729 0.97712 0.644524 0.975774 0.644524 0.973082 0.640934 0.971736 0.640934 0.966353 0.633752 0.965007 0.633752
1 0.598923 0.551167 0.597577 0.552962 0.588156 0.552962 0.588156 0.556553 0.58681 0.558348 0.58681 0.561939 0.59354 0.561939 0.594886 0.563734 0.596231 0.563734 0.598923 0.567325 0.600269 0.56553 0.605653 0.56553 0.606999 0.567325 0.608345 0.567325 0.60969 0.56912 0.612382 0.56912 0.613728 0.570916 0.615074 0.570916 0.61642 0.572711 0.619112 0.572711 0.620458 0.574506 0.621803 0.574506 0.623149 0.576302 0.625841 0.572711 0.624495 0.572711 0.623149 0.570916 0.621803 0.570916 0.619112 0.567325 0.617766 0.567325 0.61642 0.56553 0.615074 0.56553 0.613728 0.563734 0.611036 0.563734 0.60969 0.561939 0.608345 0.561939 0.604307 0.556553 0.602961 0.556553
1 0.069987 0.517056 0.068641 0.518851 0.064603 0.518851 0.063257 0.520646 0.059219 0.520646 0.063257 0.526032 0.063257 0.527828 0.065949 0.531418 0.079408 0.531418 0.079408 0.526032 0.078062 0.524237 0.076716 0.524237 0.074024 0.520646 0.072678 0.520646
1 0.472409 0.445242 0.472409 0.450628 0.500673 0.450628 0.502019 0.448833 0.497981 0.448833 0.496635 0.447038 0.473755 0.447038
1 0.200538 0.443447 0.199192 0.445242 0.191117 0.445242 0.189771 0.447038 0.189771 0.448833 0.188425 0.450628 0.188425 0.452424 0.187079 0.454219 0.187079 0.456014 0.185734 0.45781 0.185734 0.4614 0.187079 0.463196 0.187079 0.466786 0.191117 0.466786 0.192463 0.468582 0.197847 0.468582 0.199192 0.470377 0.20323 0.470377 0.204576 0.472172 0.208614 0.472172 0.20996 0.473968 0.211306 0.473968 0.212651 0.475763 0.213997 0.475763 0.215343 0.477558 0.216689 0.477558 0.218035 0.479354 0.220727 0.479354 0.222073 0.481149 0.223419 0.481149 0.224764 0.482944 0.22611 0.482944 0.227456 0.48474 0.228802 0.48474 0.230148 0.486535 0.230148 0.482944 0.231494 0.481149 0.231494 0.479354 0.22611 0.479354 0.224764 0.477558 0.220727 0.477558 0.219381 0.475763 0.219381 0.472172 0.220727 0.470377 0.222073 0.470377 0.223419 0.472172 0.224764 0.472172 0.22611 0.473968 0.227456 0.472172 0.227456 0.470377 0.228802 0.468582 0.228802 0.464991 0.227456 0.463196 0.227456 0.459605 0.228802 0.45781 0.236878 0.45781 0.238223 0.456014 0.238223 0.454219 0.239569 0.452424 0.238223 0.452424 0.236878 0.450628 0.234186 0.450628 0.23284 0.448833 0.231494 0.448833 0.230148 0.447038 0.218035 0.447038 0.216689 0.448833 0.205922 0.448833 0.20323 0.445242 0.201884 0.445242
1 0.021534 0.35368 0.020188 0.355476 0.017497 0.355476 0.016151 0.357271 0.010767 0.357271 0.009421 0.359066 0.004038 0.359066 0.004038 0.364452 0.005384 0.362657 0.008075 0.362657 0.009421 0.360862 0.041723 0.360862 0.039031 0.357271 0.02961 0.357271 0.028264 0.355476 0.02288 0.355476
1 0.56393 0.319569 0.561238 0.32316 0.562584 0.324955 0.562584 0.32675 0.56393 0.328546 0.569314 0.328546 0.572005 0.332136 0.581427 0.332136 0.581427 0.328546 0.577389 0.328546 0.576043 0.32675 0.573351 0.32675 0.572005 0.324955 0.570659 0.324955 0.569314 0.32316 0.567968 0.32316 0.566622 0.321364 0.565276 0.321364
1 0.162853 0.312388 0.162853 0.32675 0.166891 0.332136 0.168237 0.330341 0.172275 0.330341 0.172275 0.32316 0.169583 0.32316 0.168237 0.321364 0.169583 0.319569 0.18035 0.319569 0.181696 0.321364 0.188425 0.321364 0.189771 0.32316 0.189771 0.321364 0.191117 0.319569 0.191117 0.317774 0.185734 0.317774 0.184388 0.315978 0.179004 0.315978 0.177658 0.314183 0.164199 0.314183
1 0.837147 0.307002 0.835801 0.308797 0.830417 0.308797 0.829071 0.310592 0.823688 0.310592 0.823688 0.312388 0.825034 0.314183 0.825034 0.315978 0.82638 0.314183 0.830417 0.314183 0.831763 0.312388 0.837147 0.312388
1 0.562584 0.29982 0.562584 0.301616 0.56393 0.303411 0.56393 0.305206 0.573351 0.305206 0.573351 0.29982
1 0.851952 0.289048 0.851952 0.29623 0.864065 0.29623 0.86541 0.298025 0.86541 0.29623 0.866756 0.294434 0.866756 0.292639 0.86541 0.290844 0.86541 0.289048
1 0.66218 0.281867 0.660834 0.283662 0.660834 0.285458 0.658143 0.289048 0.652759 0.289048 0.651413 0.287253 0.620458 0.287253 0.619112 0.289048 0.619112 0.290844 0.617766 0.292639 0.633917 0.292639 0.635262 0.294434 0.651413 0.294434 0.652759 0.29623 0.654105 0.29623 0.664872 0.310592 0.666218 0.308797 0.66891 0.308797 0.670256 0.307002 0.672948 0.307002 0.675639 0.303411 0.676985 0.303411 0.679677 0.29982 0.681023 0.29982 0.679677 0.29982 0.678331 0.298025 0.675639 0.298025 0.674293 0.29623 0.672948 0.29623 0.671602 0.294434 0.670256 0.294434 0.66891 0.292639 0.671602 0.289048 0.672948 0.289048 0.674293 0.287253 0.671602 0.287253 0.670256 0.285458 0.667564 0.285458 0.666218 0.283662 0.663526 0.283662
1 0.578735 0.271095 0.577389 0.27289 0.574697 0.27289 0.574697 0.274686 0.573351 0.276481 0.573351 0.278276 0.572005 0.280072 0.573351 0.281867 0.574697 0.281867 0.577389 0.285458 0.588156 0.285458 0.589502 0.287253 0.589502 0.281867 0.584118 0.281867 0.582773 0.280072 0.582773 0.274686 0.581427 0.274686
1 0.060565 0.271095 0.059219 0.27289 0.041723 0.27289 0.041723 0.283662 0.057873 0.283662 0.059219 0.281867 0.061911 0.281867 0.063257 0.280072 0.065949 0.280072 0.067295 0.278276 0.069987 0.278276 0.068641 0.276481 0.068641 0.274686 0.065949 0.274686 0.064603 0.27289 0.061911 0.27289
1 0.839838 0.267504 0.838493 0.2693 0.837147 0.2693 0.835801 0.271095 0.834455 0.271095 0.835801 0.271095 0.837147 0.27289 0.839838 0.27289 0.841184 0.274686 0.84253 0.274686 0.843876 0.276481 0.846568 0.27289 0.845222 0.27289 0.84253 0.2693 0.841184 0.2693
1 0.853297 0.262118 0.853297 0.267504 0.880215 0.267504 0.881561 0.2693 0.888291 0.2693 0.886945 0.2693 0.884253 0.265709 0.882907 0.265709 0.880215 0.262118
1 0.139973 0.258528 0.139973 0.260323 0.138627 0.262118 0.138627 0.263914 0.156124 0.263914 0.15747 0.265709 0.15747 0.263914 0.156124 0.262118 0.156124 0.260323 0.141319 0.260323
1 0.298789 0.253142 0.297443 0.254937 0.296097 0.254937 0.294751 0.256732 0.293405 0.256732 0.292059 0.258528 0.283984 0.258528 0.282638 0.256732 0.277254 0.256732 0.275908 0.254937 0.271871 0.260323 0.271871 0.262118 0.273217 0.263914 0.273217 0.265709 0.274563 0.267504 0.274563 0.2693 0.273217 0.271095 0.269179 0.271095 0.267833 0.27289 0.265141 0.27289 0.263795 0.274686 0.259758 0.274686 0.259758 0.278276 0.258412 0.280072 0.258412 0.283662 0.269179 0.283662 0.270525 0.285458 0.269179 0.287253 0.269179 0.289048 0.266487 0.292639 0.267833 0.294434 0.267833 0.29623 0.269179 0.298025 0.269179 0.29982 0.270525 0.301616 0.270525 0.303411 0.271871 0.305206 0.271871 0.307002 0.273217 0.308797 0.273217 0.312388 0.274563 0.314183 0.274563 0.315978 0.275908 0.314183 0.282638 0.314183 0.283984 0.312388 0.292059 0.312388 0.292059 0.310592 0.293405 0.308797 0.293405 0.305206 0.292059 0.303411 0.292059 0.301616 0.290713 0.29982 0.290713 0.298025 0.289367 0.298025 0.286676 0.294434 0.28533 0.294434 0.281292 0.289048 0.281292 0.287253 0.279946 0.285458 0.279946 0.283662 0.2786 0.281867 0.279946 0.280072 0.281292 0.280072 0.282638 0.278276 0.283984 0.278276 0.28533 0.276481 0.289367 0.276481 0.290713 0.274686 0.296097 0.274686 0.296097 0.267504 0.297443 0.265709 0.316285 0.265709 0.317631 0.263914 0.332436 0.263914 0.333782 0.265709 0.33782 0.260323 0.332436 0.260323 0.33109 0.258528 0.327052 0.258528 0.325707 0.256732 0.312248 0.256732 0.310902 0.254937 0.300135 0.254937
1 0.473755 0.251346 0.472409 0.253142 0.471063 0.253142 0.469717 0.254937 0.467026 0.254937 0.46568 0.256732 0.464334 0.256732 0.462988 0.258528 0.460296 0.258528 0.460296 0.260323 0.461642 0.262118 0.461642 0.265709 0.462988 0.263914 0.471063 0.263914 0.472409 0.265709 0.472409 0.267504 0.471063 0.2693 0.471063 0.271095 0.473755 0.274686 0.473755 0.276481 0.475101 0.278276 0.475101 0.280072 0.473755 0.281867 0.473755 0.283662 0.484522 0.283662 0.485868 0.285458 0.487214 0.283662 0.48856 0.283662 0.489906 0.281867 0.492598 0.281867 0.493943 0.280072 0.495289 0.280072 0.495289 0.274686 0.496635 0.27289 0.496635 0.2693 0.491252 0.2693 0.489906 0.267504 0.484522 0.267504 0.483176 0.265709 0.483176 0.256732 0.48183 0.256732 0.480485 0.254937 0.477793 0.254937 0.476447 0.253142 0.475101 0.253142
1 0.907133 0.249551 0.907133 0.251346 0.908479 0.253142 0.908479 0.256732 0.909825 0.254937 0.928668 0.254937 0.928668 0.249551
1 0.174966 0.236984 0.174966 0.245961 0.185734 0.245961 0.188425 0.24237 0.187079 0.24237 0.185734 0.240575 0.184388 0.240575 0.181696 0.236984
1 0.502019 0.233393 0.500673 0.235189 0.499327 0.235189 0.497981 0.236984 0.484522 0.236984 0.484522 0.244165 0.506057 0.244165 0.507402 0.24237 0.514132 0.24237 0.515478 0.240575 0.516824 0.240575 0.51817 0.238779 0.520861 0.238779 0.522207 0.236984 0.523553 0.236984 0.523553 0.233393
1 0.535666 0.226212 0.535666 0.229803 0.537012 0.231598 0.537012 0.236984 0.547779 0.236984 0.549125 0.238779 0.559892 0.238779 0.561238 0.240575 0.561238 0.236984 0.562584 0.235189 0.562584 0.231598 0.555855 0.231598 0.554509 0.229803 0.547779 0.229803 0.546433 0.228007 0.537012 0.228007
1 0.987887 0.224417 0.981157 0.233393 0.979812 0.231598 0.97712 0.231598 0.975774 0.229803 0.973082 0.229803 0.971736 0.228007 0.963661 0.228007 0.960969 0.231598 0.95424 0.231598 0.952894 0.233393 0.943472 0.233393 0.943472 0.238779 0.998654 0.238779 0.998654 0.224417
1 0.371467 0.219031 0.370121 0.220826 0.368775 0.220826 0.366083 0.224417 0.364738 0.224417 0.363392 0.226212 0.362046 0.226212 0.364738 0.229803 0.364738 0.231598 0.367429 0.235189 0.371467 0.235189 0.372813 0.236984 0.376851 0.236984 0.378197 0.238779 0.384926 0.238779 0.386272 0.240575 0.393001 0.240575 0.394347 0.24237 0.394347 0.240575 0.395693 0.238779 0.394347 0.238779 0.393001 0.236984 0.391655 0.236984 0.388964 0.233393 0.387618 0.233393 0.386272 0.231598 0.384926 0.231598 0.38358 0.229803 0.384926 0.228007 0.394347 0.228007 0.394347 0.222621 0.387618 0.222621 0.386272 0.220826 0.384926 0.222621 0.375505 0.222621 0.374159 0.220826 0.372813 0.220826
1 0.028264 0.217235 0.026918 0.219031 0.02288 0.219031 0.020188 0.222621 0.021534 0.222621 0.02288 0.224417 0.024226 0.222621 0.030956 0.222621 0.02961 0.220826 0.02961 0.219031
1 0.597577 0.21544 0.596231 0.217235 0.592194 0.217235 0.590848 0.219031 0.58681 0.219031 0.585464 0.220826 0.580081 0.220826 0.578735 0.222621 0.573351 0.222621 0.573351 0.229803 0.576043 0.229803 0.577389 0.231598 0.580081 0.231598 0.581427 0.233393 0.584118 0.233393 0.585464 0.235189 0.588156 0.235189 0.589502 0.236984 0.590848 0.235189 0.592194 0.235189 0.59354 0.233393 0.596231 0.233393 0.597577 0.231598 0.598923 0.231598 0.598923 0.229803 0.600269 0.228007 0.600269 0.224417 0.601615 0.222621 0.601615 0.220826
1 0.834455 0.208259 0.833109 0.210054 0.81965 0.210054 0.81965 0.219031 0.839838 0.219031 0.839838 0.211849 0.838493 0.211849 0.837147 0.210054 0.835801 0.210054
1 0.989233 0.202873 0.989233 0.206463 0.998654 0.206463 0.998654 0.202873
1 0.722746 0.197487 0.7214 0.199282 0.703903 0.199282 0.703903 0.202873 0.702557 0.204668 0.702557 0.208259 0.701211 0.210054 0.697174 0.210054 0.695828 0.211849 0.685061 0.211849 0.683715 0.210054 0.651413 0.210054 0.650067 0.211849 0.635262 0.211849 0.633917 0.213645 0.625841 0.213645 0.624495 0.21544 0.613728 0.21544 0.613728 0.217235 0.615074 0.219031 0.615074 0.222621 0.61642 0.220826 0.640646 0.220826 0.641992 0.219031 0.654105 0.219031 0.655451 0.217235 0.687752 0.217235 0.689098 0.21544 0.707941 0.21544 0.709287 0.213645 0.71467 0.213645 0.716016 0.211849 0.738896 0.211849 0.740242 0.213645 0.740242 0.211849 0.741588 0.210054 0.741588 0.208259 0.742934 0.206463 0.753701 0.206463 0.755047 0.208259 0.765814 0.208259 0.76716 0.210054 0.76716 0.211849 0.765814 0.213645 0.765814 0.21544 0.764468 0.217235 0.764468 0.219031 0.79677 0.219031 0.798116 0.220826 0.798116 0.211849 0.794078 0.211849 0.792732 0.210054 0.787349 0.210054 0.786003 0.208259 0.781965 0.208259 0.780619 0.206463 0.776581 0.206463 0.775236 0.204668 0.761777 0.204668 0.760431 0.202873 0.748318 0.202873 0.746972 0.201077 0.736205 0.201077 0.734859 0.199282 0.724092 0.199282
