0 0.804688 0.895833 0.803125 0.897917 0.796875 0.897917 0.796875 0.90625 0.803125 0.90625 0.804688 0.908333 0.809375 0.902083 0.809375 0.897917 0.80625 0.897917
0 0.985938 0.89375 0.984375 0.895833 0.970312 0.895833 0.975 0.902083 0.976562 0.902083 0.982812 0.910417 0.984375 0.910417 0.985938 0.9125 0.989062 0.9125 0.990625 0.914583 0.992188 0.914583 0.99375 0.916667 0.996875 0.916667 0.998438 0.91875 0.998438 0.895833 0.996875 0.895833 0.995312 0.89375
0 0.045312 0.89375 0.04375 0.895833 0.040625 0.895833 0.039062 0.897917 0.035938 0.897917 0.034375 0.9 0.029688 0.9 0.028125 0.902083 0.025 0.902083 0.025 0.904167 0.023438 0.90625 0.023438 0.910417 0.021875 0.9125 0.021875 0.914583 0.040625 0.914583 0.042188 0.916667 0.04375 0.914583 0.046875 0.914583 0.048438 0.9125 0.053125 0.9125 0.059375 0.904167 0.060938 0.904167 0.065625 0.897917 0.05625 0.897917 0.054688 0.895833 0.046875 0.895833
0 0.009375 0.89375 0.007812 0.895833 0.001562 0.895833 0.0 0.897917 0.0 0.922917 0.001562 0.922917 0.003125 0.920833 0.004688 0.920833 0.00625 0.91875 0.007812 0.91875 0.009375 0.916667 0.010938 0.916667 0.0125 0.914583 0.014062 0.914583 0.014062 0.904167 0.0125 0.902083 0.0125 0.89375
0 0.867188 0.804167 0.865625 0.80625 0.864062 0.80625 0.8625 0.808333 0.860938 0.808333 0.859375 0.810417 0.857812 0.810417 0.857812 0.81875 0.85625 0.820833 0.85625 0.827083 0.859375 0.83125 0.859375 0.833333 0.864062 0.839583 0.864062 0.841667 0.865625 0.84375 0.870312 0.84375 0.871875 0.845833 0.876562 0.845833 0.878125 0.847917 0.879688 0.845833 0.88125 0.845833 0.882812 0.84375 0.884375 0.84375 0.884375 0.841667 0.885938 0.839583 0.885938 0.8375 0.8875 0.835417 0.8875 0.833333 0.889062 0.83125 0.889062 0.822917 0.8875 0.820833 0.8875 0.8125 0.885938 0.8125 0.882812 0.808333 0.88125 0.808333 0.878125 0.804167
0 0.285938 0.7875 0.28125 0.79375 0.28125 0.795833 0.282812 0.797917 0.282812 0.802083 0.296875 0.802083 0.301562 0.795833 0.301562 0.79375 0.3 0.791667 0.3 0.7875
0 0.332812 0.69375 0.332812 0.695833 0.33125 0.697917 0.33125 0.7 0.332812 0.7 0.334375 0.702083 0.3375 0.702083 0.339062 0.704167 0.340625 0.704167 0.342188 0.70625 0.345312 0.70625 0.346875 0.708333 0.348438 0.708333 0.35 0.710417 0.35625 0.710417 0.357812 0.7125 0.3625 0.7125 0.364062 0.714583 0.370312 0.714583 0.371875 0.716667 0.396875 0.716667 0.398438 0.71875 0.398438 0.716667 0.4 0.714583 0.4 0.7125 0.401562 0.710417 0.401562 0.708333 0.382812 0.708333 0.38125 0.70625 0.3625 0.70625 0.360938 0.704167 0.357812 0.704167 0.35625 0.702083 0.354688 0.702083 0.353125 0.7 0.35 0.7 0.348438 0.697917 0.346875 0.697917 0.345312 0.695833 0.334375 0.695833
0 0.670312 0.683333 0.667188 0.6875 0.667188 0.689583 0.66875 0.691667 0.66875 0.69375 0.670312 0.695833 0.670312 0.697917 0.671875 0.7 0.673438 0.7 0.675 0.702083 0.696875 0.702083 0.696875 0.69375 0.695312 0.69375 0.69375 0.691667 0.692188 0.691667 0.690625 0.689583 0.689062 0.689583 0.6875 0.6875 0.685938 0.6875 0.684375 0.685417 0.68125 0.685417 0.679688 0.683333
0 0.664062 0.660417 0.664062 0.6625 0.665625 0.664583 0.665625 0.666667 0.670312 0.666667 0.670312 0.660417
0 0.615625 0.625 0.615625 0.627083 0.6125 0.63125 0.6125 0.635417 0.620312 0.635417 0.620312 0.63125 0.61875 0.629167 0.61875 0.625
0 0.415625 0.61875 0.415625 0.620833 0.417188 0.622917 0.417188 0.63125 0.41875 0.633333 0.41875 0.6375 0.43125 0.6375 0.429688 0.635417 0.429688 0.633333 0.428125 0.63125 0.428125 0.629167 0.426562 0.627083 0.426562 0.625 0.423438 0.620833 0.417188 0.620833
0 0.214062 0.56875 0.214062 0.572917 0.221875 0.572917 0.221875 0.56875
0 0.81875 0.202083 0.817188 0.204167 0.796875 0.204167 0.798438 0.204167 0.801562 0.208333 0.803125 0.208333 0.80625 0.2125 0.807812 0.2125 0.810938 0.216667 0.8125 0.214583 0.817188 0.214583 0.81875 0.2125 0.823438 0.2125 0.821875 0.210417 0.821875 0.208333 0.820312 0.20625 0.820312 0.204167
1 0.442188 0.975 0.442188 0.9875 0.44375 0.989583 0.44375 0.997917 0.48125 0.997917 0.482812 0.995833 0.484375 0.995833 0.471875 0.979167 0.470312 0.979167 0.46875 0.977083 0.467188 0.977083 0.465625 0.975
1 0.698438 0.960417 0.698438 0.9625 0.7 0.964583 0.7 0.966667 0.739062 0.966667 0.740625 0.96875 0.740625 0.9625 0.723438 0.9625 0.721875 0.960417
1 0.703125 0.885417 0.701562 0.8875 0.701562 0.889583 0.696875 0.895833 0.696875 0.897917 0.695312 0.9 0.714062 0.9 0.715625 0.902083 0.717188 0.902083 0.71875 0.904167 0.720312 0.904167 0.721875 0.90625 0.723438 0.904167 0.726562 0.904167 0.728125 0.902083 0.732812 0.902083 0.732812 0.897917 0.73125 0.895833 0.73125 0.891667 0.723438 0.891667 0.721875 0.889583 0.707812 0.889583 0.70625 0.8875 0.704688 0.8875
1 0.68125 0.833333 0.68125 0.835417 0.682812 0.8375 0.682812 0.841667 0.696875 0.841667 0.698438 0.84375 0.698438 0.835417 0.682812 0.835417
1 0.101562 0.833333 0.098438 0.8375 0.096875 0.8375 0.095312 0.839583 0.09375 0.839583 0.092188 0.841667 0.090625 0.841667 0.0875 0.845833 0.085938 0.845833 0.082812 0.85 0.08125 0.85 0.076562 0.85625 0.075 0.85625 0.071875 0.860417 0.060938 0.860417 0.059375 0.8625 0.042188 0.8625 0.040625 0.860417 0.03125 0.860417 0.029688 0.858333 0.021875 0.858333 0.021875 0.864583 0.03125 0.864583 0.032812 0.866667 0.03125 0.86875 0.029688 0.86875 0.026562 0.872917 0.025 0.872917 0.023438 0.875 0.020312 0.875 0.01875 0.877083 0.017188 0.877083 0.015625 0.879167 0.0125 0.879167 0.010938 0.88125 0.009375 0.88125 0.007812 0.883333 0.004688 0.883333 0.003125 0.885417 0.001562 0.885417 0.0 0.8875 0.0 0.89375 0.004688 0.89375 0.00625 0.891667 0.0125 0.891667 0.014062 0.889583 0.017188 0.889583 0.01875 0.8875 0.021875 0.8875 0.023438 0.885417 0.025 0.885417 0.026562 0.883333 0.029688 0.883333 0.03125 0.88125 0.034375 0.88125 0.035938 0.879167 0.039062 0.879167 0.040625 0.877083 0.042188 0.877083 0.04375 0.875 0.046875 0.875 0.048438 0.872917 0.051562 0.872917 0.053125 0.870833 0.057812 0.870833 0.059375 0.86875 0.064062 0.86875 0.065625 0.866667 0.070312 0.866667 0.073438 0.8625 0.075 0.8625 0.078125 0.858333 0.079688 0.858333 0.082812 0.854167 0.084375 0.854167 0.0875 0.85 0.089062 0.85 0.09375 0.84375 0.095312 0.84375 0.098438 0.839583 0.1 0.839583 0.103125 0.835417 0.104688 0.835417 0.10625 0.833333
1 0.523438 0.820833 0.521875 0.822917 0.515625 0.822917 0.514062 0.825 0.50625 0.825 0.50625 0.827083 0.507812 0.829167 0.507812 0.835417 0.509375 0.8375 0.509375 0.839583 0.510938 0.8375 0.54375 0.8375 0.54375 0.829167 0.534375 0.829167 0.532812 0.827083 0.53125 0.827083 0.529688 0.825 0.528125 0.825 0.526562 0.822917 0.525 0.822917
1 0.6125 0.81875 0.6125 0.827083 0.620312 0.827083 0.620312 0.825 0.621875 0.822917 0.621875 0.820833 0.623438 0.81875
1 0.05625 0.777083 0.054688 0.779167 0.051562 0.779167 0.05 0.78125 0.03125 0.78125 0.029688 0.779167 0.026562 0.783333 0.025 0.783333 0.023438 0.785417 0.025 0.785417 0.026562 0.7875 0.029688 0.7875 0.03125 0.789583 0.032812 0.789583 0.034375 0.791667 0.0375 0.791667 0.039062 0.79375 0.040625 0.79375 0.042188 0.795833 0.045312 0.791667 0.046875 0.791667 0.05 0.7875 0.075 0.7875 0.075 0.785417 0.076562 0.783333 0.076562 0.78125 0.078125 0.779167 0.078125 0.777083
1 0.714062 0.7125 0.710938 0.716667 0.710938 0.725 0.725 0.725 0.725 0.71875 0.723438 0.71875 0.721875 0.716667 0.720312 0.716667 0.71875 0.714583 0.717188 0.714583 0.715625 0.7125
1 0.534375 0.675 0.534375 0.685417 0.557812 0.685417 0.557812 0.68125 0.55625 0.68125 0.554688 0.679167 0.553125 0.679167 0.551562 0.677083 0.535938 0.677083
1 0.148438 0.60625 0.148438 0.6125 0.1625 0.6125 0.1625 0.610417 0.164062 0.608333 0.164062 0.60625
1 0.325 0.597917 0.325 0.604167 0.351562 0.604167 0.353125 0.60625 0.35625 0.60625 0.357812 0.608333 0.3625 0.608333 0.364062 0.610417 0.365625 0.610417 0.367188 0.6125 0.36875 0.6125 0.370312 0.614583 0.371875 0.614583 0.373438 0.616667 0.375 0.616667 0.376562 0.61875 0.378125 0.61875 0.379688 0.620833 0.38125 0.620833 0.382812 0.622917 0.384375 0.622917 0.385938 0.625 0.3875 0.625 0.389062 0.627083 0.390625 0.627083 0.392188 0.629167 0.39375 0.627083 0.39375 0.625 0.395312 0.622917 0.39375 0.622917 0.392188 0.620833 0.390625 0.620833 0.389062 0.61875 0.3875 0.61875 0.385938 0.616667 0.384375 0.616667 0.382812 0.614583 0.38125 0.614583 0.379688 0.6125 0.378125 0.6125 0.376562 0.610417 0.375 0.610417 0.373438 0.608333 0.371875 0.608333 0.370312 0.60625 0.36875 0.60625 0.367188 0.604167 0.360938 0.604167 0.359375 0.602083 0.353125 0.602083 0.351562 0.6 0.326562 0.6
1 0.434375 0.575 0.434375 0.577083 0.432812 0.579167 0.432812 0.58125 0.43125 0.583333 0.43125 0.585417 0.439062 0.585417 0.440625 0.5875 0.448438 0.5875 0.45 0.589583 0.457812 0.589583 0.459375 0.591667 0.457812 0.589583 0.457812 0.5875 0.45625 0.585417 0.45625 0.583333 0.454688 0.58125 0.454688 0.579167 0.445312 0.579167 0.44375 0.577083 0.435938 0.577083
1 0.307812 0.572917 0.307812 0.58125 0.351562 0.58125 0.353125 0.579167 0.353125 0.577083 0.35625 0.572917 0.35 0.572917 0.348438 0.575 0.345312 0.575 0.34375 0.577083 0.342188 0.575 0.321875 0.575 0.320312 0.572917
1 0.165625 0.572917 0.165625 0.58125 0.178125 0.58125 0.178125 0.572917
1 0.69375 0.235417 0.69375 0.245833 0.695312 0.24375 0.707812 0.24375 0.70625 0.241667 0.70625 0.239583 0.704688 0.2375 0.704688 0.235417
1 0.95625 0.214583 0.953125 0.21875 0.953125 0.220833 0.95 0.225 0.926562 0.225 0.925 0.222917 0.925 0.233333 0.95 0.233333 0.951562 0.235417 0.953125 0.233333 0.954688 0.233333 0.95625 0.23125 0.957812 0.23125 0.959375 0.229167 0.9625 0.229167 0.964062 0.227083 0.976562 0.227083 0.978125 0.229167 0.9875 0.229167 0.989062 0.23125 0.998438 0.23125 0.998438 0.222917 0.989062 0.222917 0.9875 0.220833 0.976562 0.220833 0.975 0.21875 0.971875 0.21875 0.970312 0.216667 0.967188 0.216667 0.965625 0.214583
1 0.492188 0.189583 0.490625 0.191667 0.410938 0.191667 0.409375 0.19375 0.329688 0.19375 0.328125 0.195833 0.248438 0.195833 0.246875 0.197917 0.167188 0.197917 0.165625 0.2 0.125 0.2 0.123438 0.202083 0.084375 0.202083 0.082812 0.204167 0.042188 0.204167 0.040625 0.20625 0.0 0.20625 0.0 0.241667 0.010938 0.241667 0.0125 0.239583 0.014062 0.239583 0.015625 0.2375 0.01875 0.2375 0.020312 0.235417 0.021875 0.235417 0.023438 0.233333 0.026562 0.233333 0.028125 0.23125 0.029688 0.23125 0.03125 0.229167 0.034375 0.229167 0.035938 0.227083 0.05 0.227083 0.054688 0.233333 0.054688 0.235417 0.057812 0.239583 0.059375 0.2375 0.065625 0.2375 0.067188 0.235417 0.073438 0.235417 0.075 0.233333 0.079688 0.233333 0.08125 0.23125 0.0875 0.23125 0.089062 0.229167 0.095312 0.229167 0.096875 0.227083 0.104688 0.227083 0.107812 0.23125 0.109375 0.23125 0.110938 0.233333 0.1125 0.23125 0.115625 0.23125 0.117188 0.229167 0.120312 0.229167 0.121875 0.227083 0.126562 0.227083 0.128125 0.225 0.13125 0.225 0.132812 0.222917 0.135938 0.222917 0.1375 0.220833 0.1375 0.21875 0.140625 0.214583 0.159375 0.214583 0.160938 0.216667 0.167188 0.216667 0.16875 0.21875 0.173438 0.21875 0.175 0.220833 0.18125 0.220833 0.182812 0.222917 0.195312 0.20625 0.260938 0.20625 0.2625 0.204167 0.328125 0.204167 0.329688 0.202083 0.396875 0.202083 0.398438 0.2 0.464062 0.2 0.465625 0.197917 0.473438 0.197917 0.475 0.195833 0.484375 0.195833 0.485938 0.19375 0.492188 0.19375
1 0.60625 0.185417 0.604688 0.1875 0.603125 0.1875 0.601562 0.189583 0.6 0.189583 0.598438 0.191667 0.595312 0.191667 0.59375 0.19375 0.592188 0.19375 0.65625 0.19375 0.657812 0.195833 0.723438 0.195833 0.725 0.197917 0.789062 0.197917 0.790625 0.2 0.792188 0.2 0.79375 0.202083 0.817188 0.202083 0.81875 0.2 0.820312 0.202083 0.825 0.202083 0.826562 0.204167 0.83125 0.204167 0.832812 0.20625 0.839062 0.20625 0.840625 0.208333 0.846875 0.208333 0.848438 0.210417 0.854688 0.210417 0.85625 0.2125 0.860938 0.2125 0.8625 0.214583 0.86875 0.214583 0.870312 0.216667 0.875 0.210417 0.875 0.208333 0.879688 0.202083 0.871875 0.202083 0.870312 0.2 0.860938 0.2 0.859375 0.197917 0.851562 0.197917 0.85 0.195833 0.842188 0.195833 0.840625 0.19375 0.83125 0.19375 0.829688 0.191667 0.821875 0.191667 0.820312 0.189583 0.714062 0.189583 0.7125 0.1875 0.607812 0.1875
