1 0.227273 0.817814 0.224242 0.821862 0.215152 0.821862 0.215152 0.850202 0.251515 0.850202 0.254545 0.854251 0.254545 0.846154 0.257576 0.842105 0.257576 0.834008 0.254545 0.834008 0.251515 0.82996 0.248485 0.82996 0.245455 0.825911 0.239394 0.825911 0.236364 0.821862 0.230303 0.821862
1 0.354545 0.676113 0.348485 0.684211 0.345455 0.684211 0.342424 0.688259 0.345455 0.692308 0.345455 0.696356 0.348485 0.700405 0.348485 0.704453 0.351515 0.708502 0.351515 0.712551 0.354545 0.716599 0.360606 0.716599 0.363636 0.720648 0.378788 0.700405 0.378788 0.696356 0.381818 0.692308 0.381818 0.688259 0.384848 0.684211 0.372727 0.684211 0.369697 0.680162 0.357576 0.680162
1 0.151515 0.651822 0.151515 0.663968 0.154545 0.659919 0.166667 0.659919 0.163636 0.65587 0.154545 0.65587
1 0.727273 0.62753 0.727273 0.643725 0.751515 0.643725 0.751515 0.62753
1 0.339394 0.62753 0.339394 0.643725 0.360606 0.643725 0.363636 0.647773 0.363636 0.639676 0.366667 0.635628 0.366667 0.631579 0.342424 0.631579
1 0.930303 0.619433 0.927273 0.623482 0.918182 0.623482 0.918182 0.639676 0.951515 0.639676 0.951515 0.635628 0.948485 0.631579 0.948485 0.62753 0.942424 0.62753 0.939394 0.623482 0.933333 0.623482
1 0.10303 0.603239 0.1 0.607287 0.09697 0.607287 0.093939 0.611336 0.087879 0.611336 0.084848 0.615385 0.081818 0.615385 0.078788 0.619433 0.072727 0.619433 0.069697 0.623482 0.063636 0.623482 0.060606 0.62753 0.054545 0.62753 0.051515 0.631579 0.033333 0.631579 0.033333 0.635628 0.030303 0.639676 0.030303 0.643725 0.045455 0.643725 0.051515 0.651822 0.051515 0.65587 0.054545 0.659919 0.057576 0.659919 0.060606 0.663968 0.066667 0.663968 0.069697 0.668016 0.072727 0.668016 0.075758 0.672065 0.075758 0.668016 0.078788 0.663968 0.078788 0.65587 0.081818 0.651822 0.081818 0.647773 0.087879 0.639676 0.087879 0.635628 0.09697 0.623482 0.1 0.623482 0.106061 0.615385 0.109091 0.615385 0.106061 0.611336 0.106061 0.607287
1 0.630303 0.595142 0.627273 0.59919 0.618182 0.59919 0.618182 0.611336 0.642424 0.611336 0.642424 0.607287 0.645455 0.603239 0.645455 0.59919 0.633333 0.59919
1 0.475758 0.522267 0.475758 0.526316 0.472727 0.530364 0.472727 0.534413 0.469697 0.538462 0.469697 0.54251 0.472727 0.546559 0.472727 0.558704 0.475758 0.562753 0.475758 0.57085 0.481818 0.57085 0.484848 0.574899 0.490909 0.574899 0.493939 0.578947 0.493939 0.603239 0.49697 0.59919 0.506061 0.59919 0.506061 0.591093 0.509091 0.587045 0.509091 0.574899 0.512121 0.57085 0.512121 0.562753 0.509091 0.562753 0.50303 0.554656 0.5 0.554656 0.490909 0.54251 0.490909 0.538462 0.487879 0.534413 0.487879 0.530364 0.484848 0.526316 0.478788 0.526316
1 0.712121 0.493927 0.712121 0.510121 0.709091 0.51417 0.706061 0.51417 0.706061 0.518219 0.709091 0.522267 0.709091 0.526316 0.733333 0.526316 0.736364 0.530364 0.736364 0.51417 0.724242 0.51417 0.721212 0.510121 0.724242 0.506073 0.730303 0.506073 0.730303 0.502024 0.733333 0.497976 0.733333 0.493927
1 0.866667 0.489879 0.866667 0.506073 0.89697 0.506073 0.89697 0.489879
1 0.721212 0.445344 0.718182 0.449393 0.718182 0.453441 0.715152 0.45749 0.724242 0.469636 0.727273 0.465587 0.754545 0.465587 0.754545 0.45749 0.733333 0.45749 0.730303 0.453441 0.733333 0.449393 0.724242 0.449393
1 0.315152 0.437247 0.312121 0.441296 0.290909 0.441296 0.284848 0.449393 0.281818 0.449393 0.278788 0.453441 0.290909 0.453441 0.29697 0.461538 0.29697 0.465587 0.306061 0.465587 0.312121 0.45749 0.315152 0.45749 0.321212 0.449393 0.318182 0.445344 0.318182 0.441296
1 0.193939 0.433198 0.193939 0.449393 0.242424 0.449393 0.242424 0.437247 0.19697 0.437247
1 0.560606 0.421053 0.557576 0.425101 0.557576 0.42915 0.554545 0.433198 0.560606 0.441296 0.560606 0.445344 0.563636 0.449393 0.578788 0.449393 0.581818 0.445344 0.581818 0.441296 0.584848 0.437247 0.584848 0.425101 0.581818 0.425101 0.578788 0.421053
1 0.430303 0.421053 0.424242 0.42915 0.421212 0.42915 0.418182 0.433198 0.412121 0.433198 0.412121 0.437247 0.409091 0.441296 0.409091 0.445344 0.430303 0.445344 0.433333 0.449393 0.433333 0.433198 0.436364 0.42915
1 0.042424 0.417004 0.042424 0.421053 0.039394 0.425101 0.039394 0.42915 0.036364 0.433198 0.033333 0.433198 0.036364 0.437247 0.036364 0.441296 0.048485 0.441296 0.051515 0.445344 0.051515 0.441296 0.054545 0.437247 0.048485 0.42915 0.048485 0.425101 0.051515 0.421053 0.051515 0.417004
1 0.639394 0.392713 0.639394 0.408907 0.675758 0.408907 0.675758 0.392713
1 0.348485 0.37247 0.348485 0.380567 0.342424 0.388664 0.339394 0.388664 0.384848 0.388664 0.378788 0.388664 0.375758 0.384615 0.372727 0.384615 0.369697 0.380567 0.369697 0.37247
1 0.257576 0.364372 0.254545 0.368421 0.242424 0.368421 0.242424 0.37247 0.239394 0.376518 0.239394 0.380567 0.263636 0.380567 0.263636 0.376518 0.266667 0.37247 0.266667 0.368421 0.260606 0.368421
1 0.845455 0.360324 0.842424 0.364372 0.833333 0.364372 0.830303 0.368421 0.818182 0.368421 0.818182 0.37247 0.815152 0.376518 0.815152 0.380567 0.824242 0.380567 0.827273 0.376518 0.830303 0.376518 0.833333 0.37247 0.839394 0.37247 0.842424 0.368421 0.845455 0.368421
1 0.018182 0.352227 0.018182 0.380567 0.015152 0.384615 0.009091 0.384615 0.006061 0.388664 0.00303 0.388664 0.0 0.392713 0.0 0.408907 0.024242 0.408907 0.024242 0.404858 0.021212 0.40081 0.021212 0.392713 0.024242 0.388664 0.024242 0.376518 0.021212 0.37247 0.021212 0.364372 0.024242 0.360324 0.027273 0.360324 0.030303 0.356275 0.027273 0.352227
1 0.466667 0.348178 0.466667 0.360324 0.469697 0.364372 0.469697 0.37247 0.484848 0.37247 0.484848 0.360324 0.475758 0.348178
1 0.427273 0.348178 0.415152 0.364372 0.415152 0.37247 0.412121 0.376518 0.412121 0.388664 0.436364 0.388664 0.439394 0.392713 0.445455 0.384615 0.451515 0.384615 0.454545 0.388664 0.457576 0.384615 0.460606 0.388664 0.460606 0.42915 0.469697 0.42915 0.475758 0.437247 0.475758 0.441296 0.478788 0.437247 0.490909 0.437247 0.493939 0.433198 0.506061 0.433198 0.506061 0.42915 0.509091 0.425101 0.509091 0.412955 0.512121 0.408907 0.512121 0.40081 0.509091 0.396761 0.509091 0.388664 0.50303 0.388664 0.5 0.384615 0.49697 0.388664 0.490909 0.388664 0.487879 0.392713 0.463636 0.392713 0.460606 0.388664 0.463636 0.384615 0.463636 0.380567 0.460606 0.376518 0.460606 0.37247 0.457576 0.37247 0.454545 0.368421 0.454545 0.356275 0.433333 0.356275
1 0.342424 0.327935 0.339394 0.331984 0.336364 0.331984 0.333333 0.336032 0.327273 0.336032 0.324242 0.340081 0.321212 0.340081 0.318182 0.34413 0.312121 0.34413 0.312121 0.348178 0.315152 0.352227 0.315152 0.356275 0.318182 0.360324 0.318182 0.364372 0.321212 0.360324 0.339394 0.360324 0.342424 0.356275 0.360606 0.356275 0.360606 0.348178 0.363636 0.34413 0.363636 0.336032 0.360606 0.336032 0.354545 0.327935
1 0.624242 0.323887 0.624242 0.327935 0.621212 0.331984 0.609091 0.331984 0.60303 0.340081 0.60303 0.348178 0.606061 0.352227 0.606061 0.384615 0.618182 0.384615 0.621212 0.388664 0.624242 0.388664 0.627273 0.392713 0.633333 0.384615 0.633333 0.376518 0.630303 0.37247 0.630303 0.360324 0.633333 0.356275 0.633333 0.348178 0.636364 0.34413 0.636364 0.340081 0.630303 0.331984 0.630303 0.323887
1 0.206061 0.299595 0.20303 0.303644 0.2 0.303644 0.19697 0.307692 0.193939 0.307692 0.19697 0.311741 0.19697 0.315789 0.206061 0.315789 0.209091 0.311741 0.215152 0.311741
1 0.121212 0.295547 0.121212 0.303644 0.118182 0.307692 0.118182 0.315789 0.133333 0.315789 0.136364 0.319838 0.133333 0.323887 0.124242 0.323887 0.124242 0.327935 0.121212 0.331984 0.121212 0.336032 0.118182 0.340081 0.115152 0.340081 0.109091 0.331984 0.106061 0.336032 0.075758 0.336032 0.081818 0.34413 0.081818 0.352227 0.078788 0.356275 0.078788 0.364372 0.081818 0.368421 0.081818 0.380567 0.084848 0.384615 0.084848 0.396761 0.081818 0.40081 0.081818 0.404858 0.078788 0.408907 0.078788 0.412955 0.084848 0.421053 0.106061 0.392713 0.112121 0.392713 0.115152 0.396761 0.115152 0.408907 0.127273 0.408907 0.130303 0.412955 0.139394 0.412955 0.142424 0.417004 0.142424 0.40081 0.139394 0.396761 0.139394 0.384615 0.142424 0.380567 0.145455 0.384615 0.151515 0.384615 0.154545 0.388664 0.157576 0.388664 0.160606 0.392713 0.172727 0.376518 0.172727 0.37247 0.169697 0.368421 0.169697 0.356275 0.172727 0.352227 0.206061 0.352227 0.20303 0.348178 0.2 0.348178 0.193939 0.340081 0.169697 0.340081 0.166667 0.336032 0.166667 0.331984 0.163636 0.327935 0.163636 0.319838 0.160606 0.319838 0.154545 0.311741 0.151515 0.311741 0.148485 0.307692 0.136364 0.307692 0.133333 0.303644 0.130303 0.303644 0.127273 0.299595 0.124242 0.299595
1 0.042424 0.291498 0.036364 0.299595 0.036364 0.303644 0.030303 0.311741 0.030303 0.315789 0.033333 0.319838 0.033333 0.323887 0.030303 0.327935 0.030303 0.331984 0.027273 0.336032 0.030303 0.331984 0.042424 0.331984 0.045455 0.336032 0.066667 0.336032 0.069697 0.340081 0.069697 0.327935 0.072727 0.323887 0.051515 0.323887 0.048485 0.319838 0.048485 0.315789 0.051515 0.311741 0.051515 0.303644 0.054545 0.299595 0.054545 0.295547 0.057576 0.291498
1 0.315152 0.287449 0.312121 0.291498 0.248485 0.291498 0.242424 0.299595 0.260606 0.299595 0.263636 0.295547 0.312121 0.295547 0.315152 0.299595
1 0.654545 0.279352 0.654545 0.291498 0.678788 0.291498 0.678788 0.287449 0.675758 0.283401 0.675758 0.279352
1 0.763636 0.255061 0.760606 0.259109 0.748485 0.259109 0.748485 0.267206 0.751515 0.263158 0.766667 0.263158 0.763636 0.259109
1 0.533333 0.255061 0.533333 0.263158 0.536364 0.267206 0.536364 0.279352 0.533333 0.283401 0.533333 0.287449 0.530303 0.291498 0.530303 0.295547 0.527273 0.299595 0.518182 0.299595 0.515152 0.303644 0.509091 0.303644 0.506061 0.299595 0.506061 0.291498 0.50303 0.295547 0.481818 0.295547 0.481818 0.303644 0.484848 0.307692 0.484848 0.319838 0.487879 0.323887 0.487879 0.331984 0.50303 0.331984 0.506061 0.327935 0.515152 0.327935 0.518182 0.323887 0.545455 0.323887 0.548485 0.319838 0.557576 0.319838 0.557576 0.299595 0.560606 0.295547 0.560606 0.291498 0.566667 0.283401 0.569697 0.283401 0.572727 0.279352 0.575758 0.279352 0.572727 0.279352 0.566667 0.271255 0.569697 0.267206 0.569697 0.263158 0.572727 0.259109 0.536364 0.259109
1 0.163636 0.255061 0.160606 0.259109 0.145455 0.259109 0.145455 0.271255 0.154545 0.271255 0.160606 0.263158 0.175758 0.263158 0.178788 0.267206 0.178788 0.275304 0.175758 0.279352 0.175758 0.287449 0.178788 0.291498 0.190909 0.275304 0.193939 0.275304 0.19697 0.271255 0.212121 0.271255 0.215152 0.275304 0.215152 0.279352 0.218182 0.283401 0.218182 0.291498 0.224242 0.291498 0.224242 0.263158 0.221212 0.263158 0.218182 0.259109 0.19697 0.259109 0.193939 0.255061
1 0.718182 0.246964 0.718182 0.259109 0.736364 0.259109 0.736364 0.246964
1 0.272727 0.238866 0.272727 0.251012 0.278788 0.251012 0.284848 0.259109 0.312121 0.259109 0.312121 0.255061 0.309091 0.251012 0.309091 0.238866 0.30303 0.238866 0.29697 0.246964 0.284848 0.246964 0.281818 0.242915 0.281818 0.238866
1 0.109091 0.238866 0.109091 0.242915 0.106061 0.246964 0.106061 0.251012 0.10303 0.255061 0.10303 0.267206 0.130303 0.267206 0.133333 0.271255 0.133333 0.267206 0.136364 0.263158 0.136364 0.259109 0.127273 0.259109 0.124242 0.255061 0.124242 0.251012 0.121212 0.246964 0.121212 0.238866
1 0.59697 0.194332 0.59697 0.206478 0.615152 0.206478 0.618182 0.202429 0.618182 0.198381 0.621212 0.194332
1 0.075758 0.165992 0.072727 0.17004 0.069697 0.17004 0.069697 0.174089 0.072727 0.178138 0.072727 0.182186 0.069697 0.186235 0.060606 0.186235 0.060606 0.194332 0.081818 0.194332 0.084848 0.190283 0.093939 0.190283 0.1 0.198381 0.1 0.202429 0.115152 0.202429 0.112121 0.198381 0.112121 0.194332 0.109091 0.190283 0.112121 0.186235 0.118182 0.186235 0.118182 0.178138 0.115152 0.182186 0.106061 0.182186 0.10303 0.178138 0.106061 0.174089 0.09697 0.174089 0.093939 0.17004 0.087879 0.17004 0.084848 0.165992
