0 0.823688 0.786355 0.823688 0.788151 0.822342 0.789946 0.822342 0.791741 0.820996 0.793537 0.822342 0.793537 0.823688 0.795332 0.825034 0.795332 0.82638 0.797127 0.830417 0.797127 0.831763 0.798923 0.833109 0.797127 0.834455 0.797127 0.834455 0.793537 0.831763 0.789946 0.831763 0.788151 0.830417 0.786355
0 0.084791 0.490126 0.083445 0.491921 0.0821 0.491921 0.079408 0.495512 0.078062 0.495512 0.076716 0.497307 0.07537 0.497307 0.072678 0.500898 0.074024 0.502693 0.074024 0.504488 0.07537 0.506284 0.07537 0.508079 0.076716 0.509874 0.076716 0.51167 0.079408 0.51167 0.080754 0.509874 0.0821 0.509874 0.083445 0.508079 0.086137 0.508079 0.086137 0.506284 0.087483 0.504488 0.087483 0.502693 0.088829 0.500898 0.088829 0.497307 0.087483 0.495512 0.087483 0.493716
0 0.916555 0.289048 0.916555 0.292639 0.9179 0.294434 0.9179 0.298025 0.931359 0.298025 0.932705 0.29982 0.932705 0.298025 0.934051 0.29623 0.934051 0.294434 0.930013 0.294434 0.928668 0.292639 0.923284 0.292639 0.921938 0.290844 0.9179 0.290844
0 0.40646 0.285458 0.405114 0.287253 0.395693 0.287253 0.394347 0.289048 0.384926 0.289048 0.38358 0.290844 0.374159 0.290844 0.372813 0.292639 0.363392 0.292639 0.362046 0.294434 0.352624 0.294434 0.351279 0.29623 0.340511 0.29623 0.339166 0.298025 0.329744 0.298025 0.328398 0.29982 0.318977 0.29982 0.317631 0.301616 0.30821 0.301616 0.306864 0.303411 0.297443 0.303411 0.296097 0.305206 0.286676 0.305206 0.286676 0.310592 0.288022 0.312388 0.288022 0.317774 0.289367 0.315978 0.297443 0.315978 0.298789 0.314183 0.306864 0.314183 0.30821 0.312388 0.316285 0.312388 0.317631 0.310592 0.327052 0.310592 0.328398 0.308797 0.336474 0.308797 0.33782 0.307002 0.345895 0.307002 0.347241 0.305206 0.356662 0.305206 0.358008 0.303411 0.366083 0.303411 0.367429 0.301616 0.376851 0.301616 0.378197 0.29982 0.387618 0.29982 0.388964 0.298025 0.397039 0.298025 0.398385 0.29623 0.407806 0.29623 0.407806 0.292639 0.40646 0.290844
1 0.841184 0.982047 0.841184 0.983842 0.838493 0.987433 0.79004 0.987433 0.788694 0.989228 0.777927 0.989228 0.777927 0.992819 0.780619 0.992819 0.783311 0.996409 0.783311 0.998205 0.930013 0.998205 0.930013 0.996409 0.927322 0.992819 0.927322 0.991023 0.925976 0.989228 0.913863 0.989228 0.912517 0.987433 0.909825 0.987433 0.908479 0.985637 0.896366 0.985637 0.896366 0.987433 0.89502 0.989228 0.89502 0.991023 0.893674 0.992819 0.892328 0.991023 0.889637 0.991023 0.888291 0.989228 0.884253 0.989228 0.882907 0.987433 0.880215 0.987433 0.878869 0.985637 0.874832 0.985637 0.873486 0.983842 0.870794 0.983842 0.869448 0.982047
1 0.53432 0.958707 0.531629 0.962298 0.530283 0.962298 0.527591 0.965889 0.51144 0.965889 0.510094 0.964093 0.496635 0.964093 0.495289 0.962298 0.495289 0.969479 0.493943 0.971275 0.493943 0.976661 0.504711 0.976661 0.506057 0.978456 0.515478 0.978456 0.516824 0.980251 0.527591 0.980251 0.530283 0.983842 0.530283 0.985637 0.531629 0.987433 0.531629 0.989228 0.532974 0.991023 0.53432 0.989228 0.547779 0.989228 0.549125 0.987433 0.549125 0.985637 0.551817 0.982047 0.573351 0.982047 0.574697 0.980251 0.597577 0.980251 0.597577 0.978456 0.598923 0.976661 0.59354 0.976661 0.592194 0.974865 0.588156 0.974865 0.58681 0.97307 0.574697 0.97307 0.573351 0.971275 0.561238 0.971275 0.559892 0.969479 0.547779 0.969479 0.546433 0.967684 0.546433 0.964093 0.545087 0.962298 0.545087 0.958707
1 0.952894 0.861759 0.951548 0.863555 0.940781 0.863555 0.940781 0.867145 0.942127 0.868941 0.942127 0.876122 0.943472 0.877917 0.943472 0.881508 0.944818 0.881508 0.94751 0.885099 0.948856 0.885099 0.951548 0.888689 0.959623 0.888689 0.959623 0.885099 0.960969 0.883303 0.960969 0.877917 0.962315 0.876122 0.962315 0.872531 0.959623 0.868941 0.958277 0.868941
1 0.978466 0.843806 0.97712 0.845601 0.987887 0.859964 0.989233 0.859964 0.998654 0.872531 0.998654 0.86535 0.994616 0.859964 0.993271 0.859964 0.985195 0.849192 0.983849 0.849192 0.979812 0.843806
1 0.325707 0.797127 0.320323 0.804309 0.318977 0.804309 0.314939 0.809695 0.314939 0.81149 0.313594 0.813285 0.313594 0.815081 0.312248 0.816876 0.312248 0.818671 0.310902 0.820467 0.310902 0.822262 0.309556 0.824057 0.309556 0.825853 0.30821 0.827648 0.30821 0.829443 0.306864 0.831239 0.306864 0.833034 0.305518 0.834829 0.305518 0.836625 0.304172 0.83842 0.304172 0.840215 0.302826 0.842011 0.302826 0.843806 0.30148 0.845601 0.30148 0.847397 0.302826 0.849192 0.302826 0.854578 0.304172 0.856373 0.304172 0.858169 0.305518 0.859964 0.306864 0.859964 0.309556 0.863555 0.323015 0.863555 0.324361 0.861759 0.324361 0.859964 0.325707 0.858169 0.325707 0.856373 0.327052 0.854578 0.327052 0.852783 0.329744 0.849192 0.329744 0.847397 0.33109 0.845601 0.33109 0.843806 0.332436 0.842011 0.332436 0.840215 0.333782 0.83842 0.333782 0.836625 0.336474 0.833034 0.336474 0.831239 0.33782 0.829443 0.33782 0.827648 0.339166 0.825853 0.339166 0.824057 0.340511 0.822262 0.340511 0.804309 0.33782 0.804309 0.336474 0.802513 0.333782 0.802513 0.332436 0.800718 0.33109 0.800718 0.329744 0.798923 0.327052 0.798923
1 0.397039 0.75763 0.395693 0.759425 0.394347 0.759425 0.393001 0.761221 0.391655 0.761221 0.39031 0.763016 0.387618 0.763016 0.386272 0.764811 0.384926 0.764811 0.38358 0.766607 0.382234 0.766607 0.380888 0.768402 0.379542 0.768402 0.378197 0.770197 0.376851 0.770197 0.375505 0.771993 0.372813 0.771993 0.371467 0.773788 0.370121 0.773788 0.368775 0.775583 0.367429 0.775583 0.366083 0.777379 0.364738 0.777379 0.363392 0.779174 0.3607 0.779174 0.359354 0.780969 0.358008 0.780969 0.356662 0.782765 0.355316 0.782765 0.351279 0.788151 0.356662 0.788151 0.358008 0.786355 0.3607 0.786355 0.362046 0.78456 0.364738 0.78456 0.366083 0.782765 0.367429 0.782765 0.368775 0.780969 0.371467 0.780969 0.372813 0.779174 0.375505 0.779174 0.376851 0.777379 0.379542 0.777379 0.380888 0.775583 0.38358 0.775583 0.384926 0.773788 0.386272 0.773788 0.387618 0.771993 0.39031 0.771993 0.391655 0.770197 0.394347 0.770197 0.394347 0.768402 0.395693 0.766607 0.395693 0.764811 0.397039 0.763016
1 0.667564 0.745063 0.664872 0.748654 0.663526 0.748654 0.660834 0.752244 0.659489 0.752244 0.658143 0.754039 0.658143 0.766607 0.659489 0.764811 0.66218 0.764811 0.663526 0.763016 0.666218 0.763016 0.667564 0.761221 0.66891 0.761221 0.670256 0.759425 0.672948 0.759425 0.674293 0.75763 0.676985 0.75763
1 0.049798 0.685817 0.048452 0.687612 0.041723 0.687612 0.040377 0.689408 0.033647 0.689408 0.032301 0.691203 0.025572 0.691203 0.024226 0.692998 0.014805 0.692998 0.013459 0.694794 0.004038 0.694794 0.005384 0.696589 0.006729 0.696589 0.009421 0.70018 0.010767 0.698384 0.024226 0.698384 0.025572 0.696589 0.02961 0.696589 0.030956 0.694794 0.034993 0.694794 0.036339 0.692998 0.040377 0.692998 0.041723 0.691203 0.04576 0.691203
1 0.304172 0.531418 0.302826 0.533214 0.297443 0.533214 0.296097 0.535009 0.294751 0.535009 0.292059 0.5386 0.290713 0.5386 0.288022 0.54219 0.286676 0.54219 0.286676 0.543986 0.288022 0.545781 0.288022 0.552962 0.286676 0.554758 0.286676 0.560144 0.288022 0.560144 0.290713 0.563734 0.292059 0.561939 0.302826 0.561939 0.30821 0.554758 0.30821 0.552962 0.314939 0.543986 0.310902 0.5386 0.309556 0.5386
1 0.083445 0.470377 0.0821 0.472172 0.079408 0.472172 0.078062 0.473968 0.07537 0.473968 0.074024 0.475763 0.071332 0.475763 0.069987 0.477558 0.067295 0.477558 0.065949 0.479354 0.063257 0.479354 0.061911 0.481149 0.059219 0.481149 0.057873 0.482944 0.055182 0.482944 0.053836 0.48474 0.051144 0.48474 0.049798 0.486535 0.047106 0.482944 0.047106 0.481149 0.039031 0.481149 0.036339 0.48474 0.034993 0.48474 0.032301 0.48833 0.030956 0.486535 0.02961 0.486535 0.028264 0.48474 0.018843 0.48474 0.017497 0.486535 0.010767 0.486535 0.009421 0.48833 0.001346 0.48833 0.0 0.490126 0.0 0.508079 0.001346 0.509874 0.02288 0.509874 0.024226 0.508079 0.026918 0.508079 0.028264 0.506284 0.032301 0.51167 0.032301 0.513465 0.036339 0.518851 0.034993 0.520646 0.028264 0.520646 0.026918 0.522442 0.020188 0.522442 0.018843 0.524237 0.012113 0.524237 0.012113 0.526032 0.013459 0.527828 0.013459 0.529623 0.014805 0.531418 0.014805 0.533214 0.021534 0.533214 0.02288 0.535009 0.030956 0.535009 0.032301 0.533214 0.033647 0.533214 0.034993 0.531418 0.036339 0.533214 0.037685 0.533214 0.040377 0.536804 0.041723 0.536804 0.044415 0.540395 0.04576 0.540395 0.047106 0.54219 0.048452 0.54219 0.051144 0.545781 0.05249 0.545781 0.053836 0.547576 0.060565 0.547576 0.061911 0.549372 0.079408 0.549372 0.080754 0.547576 0.090175 0.547576 0.091521 0.545781 0.096904 0.552962 0.103634 0.552962 0.10498 0.551167 0.10498 0.545781 0.106326 0.543986 0.106326 0.540395 0.107672 0.5386 0.117093 0.5386 0.119785 0.535009 0.121131 0.535009 0.123822 0.531418 0.125168 0.531418 0.12786 0.527828 0.139973 0.527828 0.141319 0.526032 0.152086 0.526032 0.153432 0.524237 0.154778 0.526032 0.154778 0.529623 0.156124 0.531418 0.164199 0.531418 0.165545 0.529623 0.174966 0.529623 0.176312 0.527828 0.185734 0.527828 0.185734 0.526032 0.184388 0.524237 0.184388 0.522442 0.183042 0.520646 0.183042 0.518851 0.181696 0.517056 0.181696 0.51526 0.17362 0.51526 0.170929 0.51167 0.170929 0.509874 0.169583 0.508079 0.168237 0.508079 0.166891 0.509874 0.165545 0.509874 0.162853 0.513465 0.161507 0.513465 0.160162 0.51526 0.135935 0.51526 0.13459 0.517056 0.129206 0.517056 0.12786 0.518851 0.126514 0.517056 0.121131 0.517056 0.119785 0.51526 0.113055 0.51526 0.111709 0.517056 0.117093 0.517056 0.118439 0.518851 0.118439 0.522442 0.119785 0.524237 0.119785 0.526032 0.118439 0.527828 0.109017 0.527828 0.107672 0.529623 0.10498 0.529623 0.103634 0.531418 0.102288 0.531418 0.100942 0.533214 0.09825 0.533214 0.096904 0.535009 0.094213 0.535009 0.092867 0.536804 0.090175 0.536804 0.088829 0.5386 0.084791 0.5386 0.083445 0.540395 0.080754 0.540395 0.079408 0.54219 0.076716 0.54219 0.07537 0.543986 0.072678 0.543986 0.071332 0.545781 0.067295 0.540395 0.065949 0.540395 0.063257 0.536804 0.064603 0.535009 0.065949 0.535009 0.067295 0.533214 0.068641 0.533214 0.069987 0.531418 0.071332 0.531418 0.072678 0.529623 0.07537 0.529623 0.076716 0.527828 0.078062 0.527828 0.079408 0.526032 0.080754 0.526032 0.0821 0.524237 0.083445 0.524237 0.084791 0.522442 0.086137 0.522442 0.084791 0.522442 0.0821 0.518851 0.080754 0.518851 0.078062 0.51526 0.069987 0.51526 0.068641 0.517056 0.061911 0.517056 0.060565 0.518851 0.057873 0.51526 0.056528 0.51526 0.053836 0.51167 0.055182 0.509874 0.056528 0.509874 0.057873 0.508079 0.059219 0.508079 0.060565 0.506284 0.061911 0.506284 0.063257 0.504488 0.064603 0.504488 0.065949 0.502693 0.067295 0.502693 0.068641 0.500898 0.069987 0.500898 0.071332 0.499102 0.072678 0.499102 0.07537 0.495512 0.076716 0.495512 0.078062 0.493716 0.079408 0.493716 0.0821 0.490126 0.083445 0.490126 0.084791 0.48833 0.088829 0.493716 0.088829 0.495512 0.091521 0.499102 0.095559 0.499102 0.096904 0.500898 0.100942 0.500898 0.102288 0.502693 0.103634 0.502693 0.09825 0.495512 0.09825 0.491921 0.096904 0.490126 0.096904 0.48833 0.09825 0.486535 0.100942 0.486535 0.102288 0.48474 0.10498 0.48474 0.106326 0.482944 0.109017 0.482944 0.110363 0.481149 0.113055 0.481149 0.113055 0.479354 0.111709 0.477558 0.111709 0.475763 0.110363 0.473968 0.110363 0.472172 0.10498 0.472172 0.103634 0.473968 0.09825 0.473968 0.096904 0.475763 0.095559 0.473968 0.092867 0.473968 0.091521 0.472172 0.090175 0.472172 0.088829 0.470377
1 0.851952 0.420108 0.850606 0.421903 0.804845 0.421903 0.804845 0.423698 0.803499 0.425494 0.803499 0.427289 0.804845 0.425494 0.847914 0.425494
1 0.720054 0.400359 0.718708 0.402154 0.713324 0.402154 0.711978 0.40395 0.705249 0.40395 0.703903 0.405745 0.69852 0.405745 0.697174 0.40754 0.690444 0.40754 0.689098 0.409336 0.683715 0.409336 0.682369 0.411131 0.676985 0.411131 0.675639 0.412926 0.66891 0.412926 0.667564 0.414722 0.66218 0.414722 0.660834 0.416517 0.654105 0.416517 0.652759 0.418312 0.647376 0.418312 0.64603 0.420108 0.6393 0.420108 0.637954 0.421903 0.632571 0.421903 0.628533 0.427289 0.627187 0.427289 0.621803 0.43447 0.620458 0.43447 0.619112 0.436266 0.598923 0.436266 0.597577 0.43447 0.578735 0.43447 0.577389 0.432675 0.576043 0.43447 0.574697 0.43447 0.573351 0.436266 0.570659 0.436266 0.567968 0.439856 0.566622 0.439856 0.56393 0.443447 0.562584 0.443447 0.559892 0.447038 0.558546 0.447038 0.557201 0.448833 0.542396 0.448833 0.535666 0.439856 0.53432 0.439856 0.532974 0.438061 0.531629 0.438061 0.530283 0.436266 0.528937 0.436266 0.527591 0.43447 0.526245 0.43447 0.524899 0.432675 0.523553 0.432675 0.522207 0.43088 0.520861 0.432675 0.473755 0.432675 0.472409 0.43088 0.461642 0.43088 0.460296 0.429084 0.460296 0.432675 0.45895 0.43447 0.45895 0.438061 0.460296 0.436266 0.51817 0.436266 0.519515 0.438061 0.519515 0.439856 0.520861 0.441652 0.520861 0.445242 0.522207 0.447038 0.522207 0.448833 0.523553 0.450628 0.523553 0.452424 0.524899 0.454219 0.523553 0.456014 0.480485 0.456014 0.479139 0.454219 0.477793 0.456014 0.473755 0.456014 0.477793 0.4614 0.479139 0.4614 0.485868 0.470377 0.484522 0.472172 0.477793 0.472172 0.476447 0.473968 0.469717 0.473968 0.468371 0.475763 0.460296 0.475763 0.45895 0.477558 0.452221 0.477558 0.450875 0.479354 0.425303 0.479354 0.423957 0.477558 0.40646 0.477558 0.405114 0.475763 0.402423 0.479354 0.394347 0.479354 0.393001 0.477558 0.384926 0.477558 0.38358 0.475763 0.362046 0.475763 0.359354 0.472172 0.358008 0.472172 0.355316 0.468582 0.35397 0.468582 0.351279 0.464991 0.349933 0.464991 0.347241 0.4614 0.345895 0.4614 0.344549 0.459605 0.329744 0.459605 0.328398 0.45781 0.327052 0.459605 0.325707 0.459605 0.323015 0.463196 0.321669 0.463196 0.320323 0.464991 0.318977 0.464991 0.320323 0.466786 0.321669 0.466786 0.325707 0.472172 0.340511 0.472172 0.341857 0.473968 0.341857 0.475763 0.340511 0.477558 0.340511 0.479354 0.339166 0.481149 0.339166 0.482944 0.33782 0.48474 0.33782 0.486535 0.336474 0.48833 0.332436 0.48833 0.33109 0.490126 0.327052 0.490126 0.325707 0.491921 0.321669 0.491921 0.321669 0.500898 0.323015 0.499102 0.335128 0.499102 0.336474 0.497307 0.349933 0.497307 0.351279 0.495512 0.363392 0.495512 0.364738 0.493716 0.378197 0.493716 0.382234 0.499102 0.382234 0.500898 0.384926 0.504488 0.386272 0.502693 0.421265 0.502693 0.422611 0.500898 0.457604 0.500898 0.45895 0.499102 0.493943 0.499102 0.495289 0.497307 0.530283 0.497307 0.531629 0.495512 0.531629 0.493716 0.532974 0.491921 0.532974 0.490126 0.53432 0.48833 0.532974 0.48833 0.531629 0.486535 0.530283 0.486535 0.527591 0.482944 0.526245 0.482944 0.524899 0.481149 0.523553 0.481149 0.519515 0.475763 0.519515 0.473968 0.51817 0.472172 0.519515 0.470377 0.523553 0.470377 0.524899 0.468582 0.527591 0.468582 0.528937 0.466786 0.532974 0.466786 0.53432 0.464991 0.538358 0.464991 0.539704 0.463196 0.543742 0.463196 0.545087 0.4614 0.547779 0.4614 0.549125 0.459605 0.553163 0.459605 0.554509 0.45781 0.566622 0.45781 0.567968 0.456014 0.637954 0.456014 0.6393 0.45781 0.6393 0.456014 0.640646 0.454219 0.640646 0.448833 0.641992 0.447038 0.641992 0.445242 0.632571 0.445242 0.631225 0.443447 0.631225 0.436266 0.632571 0.43447 0.632571 0.429084 0.633917 0.427289 0.655451 0.427289 0.656797 0.425494 0.663526 0.425494 0.664872 0.423698 0.671602 0.423698 0.672948 0.421903 0.681023 0.421903 0.682369 0.420108 0.706595 0.420108 0.707941 0.421903 0.709287 0.420108 0.710633 0.420108 0.713324 0.416517 0.71467 0.416517 0.711978 0.412926 0.713324 0.411131 0.729475 0.411131 0.730821 0.412926 0.734859 0.412926 0.736205 0.414722 0.741588 0.414722 0.742934 0.416517 0.746972 0.416517 0.748318 0.418312 0.753701 0.418312 0.755047 0.420108 0.763122 0.420108 0.763122 0.412926 0.745626 0.412926 0.74428 0.411131 0.741588 0.411131 0.740242 0.409336 0.73755 0.409336 0.736205 0.40754 0.733513 0.40754 0.732167 0.405745 0.729475 0.405745 0.728129 0.40395 0.725437 0.40395 0.724092 0.402154 0.7214 0.402154
1 0.107672 0.396768 0.107672 0.405745 0.122476 0.405745 0.123822 0.40754 0.123822 0.40395 0.125168 0.402154 0.125168 0.400359 0.117093 0.400359 0.115747 0.398564 0.109017 0.398564
1 0.275908 0.37702 0.274563 0.378815 0.269179 0.378815 0.267833 0.38061 0.26245 0.38061 0.261104 0.382406 0.25572 0.382406 0.254374 0.384201 0.248991 0.384201 0.247645 0.385996 0.242261 0.385996 0.240915 0.387792 0.236878 0.387792 0.234186 0.384201 0.234186 0.382406 0.23284 0.384201 0.218035 0.384201 0.215343 0.387792 0.215343 0.389587 0.20996 0.396768 0.205922 0.396768 0.204576 0.398564 0.200538 0.398564 0.199192 0.400359 0.193809 0.400359 0.192463 0.402154 0.188425 0.402154 0.185734 0.405745 0.184388 0.405745 0.181696 0.409336 0.18035 0.409336 0.177658 0.412926 0.158816 0.412926 0.158816 0.416517 0.174966 0.416517 0.176312 0.418312 0.176312 0.423698 0.174966 0.425494 0.168237 0.425494 0.168237 0.427289 0.165545 0.43088 0.162853 0.43088 0.161507 0.432675 0.15747 0.432675 0.156124 0.43447 0.152086 0.43447 0.15074 0.436266 0.146703 0.436266 0.142665 0.441652 0.141319 0.441652 0.138627 0.445242 0.139973 0.443447 0.176312 0.443447 0.177658 0.441652 0.179004 0.441652 0.18035 0.439856 0.183042 0.439856 0.184388 0.438061 0.185734 0.438061 0.184388 0.436266 0.184388 0.43447 0.183042 0.432675 0.183042 0.43088 0.18035 0.427289 0.18035 0.425494 0.183042 0.421903 0.184388 0.421903 0.187079 0.418312 0.188425 0.418312 0.188425 0.414722 0.189771 0.412926 0.189771 0.411131 0.191117 0.409336 0.195155 0.409336 0.196501 0.40754 0.201884 0.40754 0.20323 0.405745 0.207268 0.405745 0.208614 0.40395 0.213997 0.40395 0.215343 0.402154 0.219381 0.402154 0.220727 0.400359 0.223419 0.400359 0.224764 0.398564 0.228802 0.398564 0.230148 0.396768 0.23284 0.396768 0.234186 0.394973 0.238223 0.394973 0.239569 0.393178 0.243607 0.393178 0.244953 0.391382 0.250336 0.391382 0.251682 0.389587 0.25572 0.389587 0.257066 0.387792 0.261104 0.387792 0.26245 0.385996 0.266487 0.385996 0.267833 0.384201 0.273217 0.384201 0.274563 0.382406 0.2786 0.382406 0.277254 0.38061 0.277254 0.378815
1 0.573351 0.35009 0.572005 0.351885 0.555855 0.351885 0.555855 0.355476 0.554509 0.357271 0.554509 0.359066 0.553163 0.360862 0.543742 0.360862 0.542396 0.359066 0.547779 0.351885 0.538358 0.351885 0.539704 0.35368 0.539704 0.355476 0.537012 0.359066 0.535666 0.359066 0.53432 0.357271 0.53432 0.35368 0.527591 0.35368 0.522207 0.360862 0.487214 0.360862 0.484522 0.364452 0.483176 0.364452 0.480485 0.368043 0.471063 0.368043 0.464334 0.37702 0.461642 0.37702 0.460296 0.378815 0.457604 0.378815 0.457604 0.384201 0.456258 0.385996 0.456258 0.391382 0.461642 0.391382 0.462988 0.393178 0.468371 0.393178 0.469717 0.394973 0.471063 0.393178 0.504711 0.393178 0.506057 0.391382 0.508748 0.391382 0.510094 0.389587 0.512786 0.389587 0.514132 0.387792 0.524899 0.387792 0.526245 0.389587 0.526245 0.391382 0.527591 0.393178 0.527591 0.394973 0.528937 0.393178 0.537012 0.393178 0.537012 0.389587 0.538358 0.387792 0.538358 0.385996 0.539704 0.384201 0.547779 0.384201 0.549125 0.382406 0.557201 0.382406 0.558546 0.38061 0.567968 0.38061 0.569314 0.378815 0.577389 0.378815 0.577389 0.375224 0.578735 0.373429 0.581427 0.373429 0.582773 0.371634 0.585464 0.371634 0.585464 0.364452 0.584118 0.366248 0.581427 0.366248 0.578735 0.362657 0.574697 0.362657 0.573351 0.360862 0.569314 0.360862 0.567968 0.359066 0.570659 0.355476 0.570659 0.35368
1 0.438762 0.35009 0.43607 0.35368 0.434724 0.35368 0.429341 0.360862 0.434724 0.360862 0.43607 0.362657 0.437416 0.360862 0.452221 0.360862 0.452221 0.35009
1 0.476447 0.319569 0.473755 0.32316 0.472409 0.32316 0.469717 0.32675 0.468371 0.32675 0.467026 0.328546 0.467026 0.332136 0.46568 0.333932 0.46568 0.337522 0.467026 0.335727 0.489906 0.335727 0.491252 0.333932 0.515478 0.333932 0.514132 0.332136 0.514132 0.330341 0.512786 0.328546 0.512786 0.32675 0.51144 0.324955 0.510094 0.324955 0.508748 0.32316 0.507402 0.32316 0.506057 0.321364 0.504711 0.321364 0.503365 0.319569
1 0.676985 0.307002 0.675639 0.308797 0.672948 0.308797 0.671602 0.310592 0.66891 0.310592 0.667564 0.312388 0.666218 0.312388 0.664872 0.314183 0.66218 0.314183 0.660834 0.315978 0.659489 0.315978 0.658143 0.317774 0.655451 0.317774 0.654105 0.319569 0.652759 0.319569 0.651413 0.317774 0.651413 0.315978 0.650067 0.314183 0.650067 0.312388 0.648721 0.310592 0.647376 0.312388 0.628533 0.312388 0.627187 0.314183 0.625841 0.314183 0.623149 0.317774 0.621803 0.317774 0.620458 0.319569 0.619112 0.319569 0.61642 0.32316 0.615074 0.32316 0.605653 0.335727 0.604307 0.333932 0.602961 0.333932 0.597577 0.32675 0.596231 0.32675 0.59354 0.32316 0.592194 0.324955 0.589502 0.324955 0.602961 0.342908 0.615074 0.342908 0.61642 0.344704 0.628533 0.344704 0.631225 0.348294 0.631225 0.35009 0.629879 0.351885 0.628533 0.351885 0.625841 0.355476 0.624495 0.355476 0.625841 0.357271 0.625841 0.359066 0.627187 0.360862 0.627187 0.362657 0.628533 0.364452 0.628533 0.366248 0.629879 0.364452 0.674293 0.364452 0.681023 0.355476 0.716016 0.355476 0.716016 0.35368 0.717362 0.351885 0.717362 0.35009 0.718708 0.348294 0.718708 0.346499 0.720054 0.344704 0.720054 0.342908 0.718708 0.342908 0.716016 0.339318 0.71467 0.339318 0.711978 0.335727 0.710633 0.337522 0.689098 0.337522 0.687752 0.339318 0.687752 0.341113 0.686406 0.342908 0.689098 0.346499 0.689098 0.348294 0.687752 0.35009 0.676985 0.35009 0.674293 0.346499 0.674293 0.341113 0.672948 0.339318 0.672948 0.337522 0.671602 0.335727 0.671602 0.333932 0.66891 0.330341 0.66891 0.328546 0.667564 0.32675 0.667564 0.324955 0.666218 0.32316 0.671602 0.315978 0.671602 0.314183
1 0.66891 0.287253 0.66891 0.289048 0.667564 0.290844 0.667564 0.292639 0.666218 0.294434 0.667564 0.294434 0.66891 0.29623 0.670256 0.29623 0.671602 0.298025 0.676985 0.298025 0.678331 0.29982 0.678331 0.289048 0.670256 0.289048
1 0.736205 0.235189 0.736205 0.249551 0.734859 0.251346 0.733513 0.251346 0.732167 0.253142 0.730821 0.253142 0.729475 0.254937 0.728129 0.254937 0.726783 0.256732 0.725437 0.256732 0.724092 0.258528 0.722746 0.258528 0.722746 0.262118 0.720054 0.265709 0.713324 0.265709 0.713324 0.267504 0.711978 0.2693 0.711978 0.271095 0.710633 0.27289 0.710633 0.274686 0.709287 0.276481 0.728129 0.276481 0.729475 0.274686 0.730821 0.274686 0.732167 0.27289 0.734859 0.27289 0.736205 0.271095 0.73755 0.271095 0.738896 0.2693 0.742934 0.2693 0.74428 0.271095 0.745626 0.271095 0.746972 0.27289 0.748318 0.27289 0.751009 0.276481 0.752355 0.276481 0.753701 0.278276 0.755047 0.276481 0.757739 0.276481 0.759085 0.274686 0.761777 0.274686 0.761777 0.271095 0.763122 0.2693 0.765814 0.2693 0.76716 0.267504 0.771198 0.267504 0.771198 0.260323 0.769852 0.258528 0.769852 0.251346 0.771198 0.249551 0.772544 0.249551 0.77389 0.247756 0.776581 0.247756 0.776581 0.240575 0.775236 0.24237 0.771198 0.24237 0.769852 0.244165 0.764468 0.244165 0.763122 0.245961 0.759085 0.245961 0.757739 0.247756 0.755047 0.247756 0.753701 0.245961 0.757739 0.240575 0.752355 0.240575 0.751009 0.238779 0.749664 0.240575 0.749664 0.24237 0.746972 0.245961 0.741588 0.245961 0.740242 0.244165 0.740242 0.24237 0.738896 0.240575 0.738896 0.235189
1 0.581427 0.192101 0.578735 0.195691 0.578735 0.197487 0.576043 0.201077 0.59354 0.201077 0.59354 0.197487 0.594886 0.195691 0.594886 0.193896 0.582773 0.193896
