0 0.085288 0.738636 0.085288 0.741477 0.083156 0.744318 0.083156 0.747159 0.08742 0.747159 0.089552 0.75 0.091684 0.747159 0.093817 0.747159 0.093817 0.744318 0.095949 0.741477 0.095949 0.738636
0 0.788913 0.542614 0.78678 0.545455 0.78678 0.548295 0.784648 0.551136 0.791045 0.559659 0.799574 0.559659 0.801706 0.5625 0.801706 0.545455 0.791045 0.545455
0 0.58209 0.414773 0.58209 0.423295 0.601279 0.423295 0.603412 0.426136 0.603412 0.423295 0.605544 0.420455 0.605544 0.417614 0.607676 0.414773
0 0.511727 0.164773 0.509595 0.167614 0.507463 0.167614 0.507463 0.170455 0.50533 0.173295 0.511727 0.181818 0.513859 0.178977 0.522388 0.178977 0.520256 0.176136 0.520256 0.173295 0.518124 0.170455 0.518124 0.167614 0.513859 0.167614
1 0.923241 0.917614 0.923241 0.920455 0.921109 0.923295 0.921109 0.928977 0.918977 0.931818 0.918977 0.934659 0.929638 0.948864 0.93177 0.946023 0.936034 0.946023 0.936034 0.926136 0.933902 0.926136 0.93177 0.923295 0.929638 0.923295 0.927505 0.920455 0.925373 0.920455
1 0.014925 0.551136 0.012793 0.553977 0.010661 0.553977 0.006397 0.559659 0.004264 0.559659 0.002132 0.5625 0.0 0.5625 0.0 0.573864 0.002132 0.571023 0.004264 0.571023 0.008529 0.565341 0.010661 0.565341 0.014925 0.559659 0.017058 0.559659 0.017058 0.556818 0.014925 0.553977
1 0.754797 0.508523 0.754797 0.517045 0.769723 0.517045 0.771855 0.519886 0.776119 0.519886 0.778252 0.522727 0.782516 0.522727 0.784648 0.525568 0.78678 0.525568 0.788913 0.528409 0.793177 0.528409 0.795309 0.53125 0.797441 0.53125 0.801706 0.536932 0.803838 0.536932 0.808102 0.542614 0.810235 0.542614 0.816631 0.551136 0.816631 0.553977 0.818763 0.556818 0.818763 0.559659 0.820896 0.5625 0.82516 0.556818 0.835821 0.556818 0.835821 0.542614 0.827292 0.542614 0.82516 0.539773 0.820896 0.539773 0.818763 0.536932 0.816631 0.536932 0.814499 0.534091 0.810235 0.534091 0.808102 0.53125 0.80597 0.53125 0.803838 0.528409 0.801706 0.528409 0.799574 0.525568 0.797441 0.525568 0.795309 0.522727 0.793177 0.522727 0.788913 0.517045 0.78678 0.517045 0.784648 0.514205 0.782516 0.514205 0.780384 0.511364 0.75693 0.511364
1 0.628998 0.5 0.646055 0.522727 0.648188 0.519886 0.682303 0.519886 0.680171 0.517045 0.680171 0.514205 0.678038 0.511364 0.678038 0.508523 0.652452 0.508523 0.65032 0.505682 0.641791 0.505682 0.639659 0.502841 0.63113 0.502841
1 0.264392 0.482955 0.26226 0.485795 0.260128 0.485795 0.255864 0.491477 0.253731 0.491477 0.255864 0.494318 0.257996 0.494318 0.26226 0.5 0.26226 0.502841 0.260128 0.505682 0.260128 0.508523 0.275053 0.508523 0.277186 0.511364 0.279318 0.508523 0.28145 0.508523 0.283582 0.505682 0.287846 0.505682 0.289979 0.502841 0.292111 0.502841 0.294243 0.5 0.298507 0.5 0.30064 0.497159 0.302772 0.497159 0.302772 0.491477 0.298507 0.491477 0.296375 0.488636 0.294243 0.491477 0.287846 0.491477 0.285714 0.494318 0.272921 0.494318
1 0.914712 0.471591 0.914712 0.474432 0.91258 0.477273 0.914712 0.477273 0.916844 0.480114 0.918977 0.480114 0.921109 0.482955 0.923241 0.480114 0.927505 0.480114 0.927505 0.474432 0.916844 0.474432
1 0.940299 0.389205 0.944563 0.389205 0.948827 0.394886 0.950959 0.394886 0.955224 0.400568 0.957356 0.400568 0.96162 0.40625 0.968017 0.40625 0.970149 0.409091 0.976546 0.409091 0.978678 0.411932 0.978678 0.409091 0.976546 0.40625 0.976546 0.403409 0.974414 0.403409 0.972281 0.400568 0.970149 0.400568 0.968017 0.397727 0.963753 0.397727 0.96162 0.394886 0.959488 0.394886 0.957356 0.392045 0.955224 0.392045 0.953092 0.389205
1 0.537313 0.295455 0.537313 0.298295 0.535181 0.301136 0.535181 0.303977 0.537313 0.306818 0.539446 0.306818 0.545842 0.315341 0.547974 0.315341 0.552239 0.321023 0.554371 0.318182 0.569296 0.318182 0.571429 0.321023 0.575693 0.321023 0.577825 0.323864 0.579957 0.323864 0.58209 0.326705 0.584222 0.326705 0.586354 0.329545 0.588486 0.326705 0.588486 0.323864 0.590618 0.321023 0.588486 0.321023 0.586354 0.318182 0.584222 0.318182 0.58209 0.315341 0.579957 0.315341 0.577825 0.3125 0.575693 0.3125 0.573561 0.309659 0.571429 0.309659 0.569296 0.306818 0.567164 0.309659 0.5629 0.309659 0.560768 0.3125 0.554371 0.3125 0.550107 0.306818 0.547974 0.306818 0.54371 0.301136 0.541578 0.301136
1 0.641791 0.289773 0.641791 0.292614 0.639659 0.295455 0.626866 0.295455 0.624733 0.298295 0.622601 0.298295 0.620469 0.301136 0.618337 0.301136 0.616205 0.303977 0.614072 0.303977 0.616205 0.303977 0.620469 0.309659 0.622601 0.309659 0.624733 0.3125 0.635394 0.3125 0.637527 0.315341 0.648188 0.315341 0.65032 0.318182 0.660981 0.318182 0.663113 0.315341 0.665245 0.315341 0.665245 0.301136 0.652452 0.301136 0.65032 0.298295 0.648188 0.298295
1 0.673774 0.272727 0.673774 0.275568 0.675906 0.278409 0.675906 0.284091 0.707889 0.284091 0.710021 0.286932 0.712154 0.284091 0.724947 0.284091 0.724947 0.275568 0.675906 0.275568
1 0.765458 0.190341 0.765458 0.201705 0.763326 0.204545 0.763326 0.207386 0.761194 0.210227 0.763326 0.207386 0.765458 0.207386 0.767591 0.204545 0.771855 0.204545 0.773987 0.201705 0.793177 0.201705 0.795309 0.204545 0.799574 0.204545 0.799574 0.190341
1 0.622601 0.184659 0.620469 0.1875 0.605544 0.1875 0.603412 0.190341 0.588486 0.190341 0.588486 0.198864 0.601279 0.198864 0.603412 0.201705 0.624733 0.201705 0.626866 0.204545 0.648188 0.204545 0.65032 0.207386 0.652452 0.207386 0.654584 0.210227 0.652452 0.213068 0.635394 0.213068 0.637527 0.215909 0.637527 0.21875 0.639659 0.221591 0.658849 0.221591 0.663113 0.215909 0.665245 0.215909 0.673774 0.204545 0.675906 0.204545 0.680171 0.210227 0.682303 0.210227 0.684435 0.213068 0.697228 0.213068 0.69936 0.215909 0.69936 0.21875 0.701493 0.21875 0.703625 0.221591 0.716418 0.221591 0.71855 0.224432 0.727079 0.224432 0.729211 0.227273 0.729211 0.224432 0.731343 0.221591 0.731343 0.213068 0.733475 0.210227 0.733475 0.204545 0.735608 0.201705 0.735608 0.198864 0.73774 0.196023 0.73774 0.193182 0.739872 0.190341 0.652452 0.190341 0.65032 0.1875 0.624733 0.1875
1 0.466951 0.164773 0.464819 0.167614 0.462687 0.167614 0.462687 0.170455 0.464819 0.173295 0.464819 0.176136 0.466951 0.176136 0.471215 0.181818 0.486141 0.181818 0.488273 0.184659 0.490405 0.181818 0.49467 0.181818 0.496802 0.178977 0.498934 0.178977 0.501066 0.176136 0.50533 0.176136 0.496802 0.176136 0.49467 0.173295 0.488273 0.173295 0.486141 0.170455 0.477612 0.170455 0.47548 0.167614 0.469083 0.167614
