0 0.026918 0.915619 0.020188 0.924596 0.018843 0.924596 0.014805 0.929982 0.025572 0.929982 0.028264 0.926391 0.028264 0.924596 0.030956 0.921005
0 0.59354 0.843806 0.592194 0.845601 0.589502 0.845601 0.590848 0.847397 0.590848 0.849192 0.59354 0.852783 0.59354 0.854578 0.594886 0.856373 0.600269 0.849192 0.598923 0.849192 0.596231 0.845601 0.594886 0.845601
0 0.604307 0.836625 0.602961 0.83842 0.598923 0.83842 0.601615 0.842011 0.601615 0.843806 0.602961 0.845601 0.605653 0.842011 0.606999 0.842011 0.608345 0.840215 0.606999 0.840215
0 0.664872 0.806104 0.663526 0.807899 0.651413 0.807899 0.651413 0.818671 0.655451 0.818671 0.656797 0.816876 0.659489 0.816876 0.660834 0.815081 0.664872 0.815081
0 0.380888 0.682226 0.380888 0.684022 0.379542 0.685817 0.379542 0.687612 0.378197 0.689408 0.378197 0.691203 0.397039 0.691203 0.397039 0.689408 0.398385 0.687612 0.398385 0.685817 0.39031 0.685817 0.388964 0.684022 0.382234 0.684022
0 0.896366 0.662478 0.893674 0.666068 0.892328 0.666068 0.890983 0.667864 0.890983 0.675045 0.899058 0.675045 0.900404 0.67325 0.90175 0.67325 0.904441 0.669659 0.905787 0.669659 0.908479 0.666068 0.909825 0.666068 0.904441 0.666068 0.903096 0.664273 0.897712 0.664273
0 0.491252 0.574506 0.489906 0.576302 0.48856 0.576302 0.487214 0.578097 0.485868 0.578097 0.484522 0.579892 0.483176 0.579892 0.483176 0.583483 0.484522 0.585278 0.484522 0.590664 0.485868 0.59246 0.485868 0.59605 0.487214 0.594255 0.489906 0.594255 0.491252 0.59246 0.495289 0.59246 0.496635 0.590664 0.499327 0.590664 0.497981 0.588869 0.497981 0.587074 0.495289 0.583483 0.495289 0.581688 0.492598 0.578097 0.492598 0.576302
0 0.756393 0.547576 0.756393 0.552962 0.757739 0.554758 0.757739 0.560144 0.760431 0.563734 0.760431 0.56553 0.761777 0.567325 0.763122 0.567325 0.764468 0.56912 0.76716 0.56912 0.768506 0.570916 0.769852 0.570916 0.771198 0.572711 0.775236 0.567325 0.776581 0.567325 0.780619 0.561939 0.781965 0.561939 0.780619 0.561939 0.779273 0.560144 0.776581 0.560144 0.775236 0.558348 0.77389 0.558348 0.772544 0.556553 0.769852 0.556553 0.768506 0.554758 0.76716 0.554758 0.765814 0.552962 0.764468 0.552962 0.763122 0.551167 0.760431 0.551167 0.759085 0.549372 0.757739 0.549372
0 0.697174 0.491921 0.697174 0.495512 0.69852 0.497307 0.69852 0.502693 0.710633 0.502693 0.711978 0.504488 0.724092 0.504488 0.725437 0.506284 0.724092 0.504488 0.724092 0.502693 0.722746 0.500898 0.722746 0.499102 0.7214 0.497307 0.7214 0.495512 0.710633 0.495512 0.709287 0.493716 0.69852 0.493716
0 0.475101 0.481149 0.475101 0.48833 0.483176 0.48833 0.484522 0.490126 0.484522 0.486535 0.485868 0.48474 0.485868 0.482944 0.476447 0.482944
0 0.987887 0.479354 0.985195 0.482944 0.985195 0.48474 0.982503 0.48833 0.983849 0.490126 0.983849 0.491921 0.985195 0.493716 0.985195 0.495512 0.989233 0.490126 0.989233 0.48833 0.994616 0.481149 0.989233 0.481149
0 0.952894 0.452424 0.952894 0.45781 0.955585 0.45781 0.956931 0.459605 0.959623 0.459605 0.960969 0.4614 0.966353 0.454219 0.95424 0.454219
0 0.928668 0.35368 0.927322 0.355476 0.908479 0.355476 0.908479 0.357271 0.909825 0.359066 0.909825 0.360862 0.911171 0.362657 0.911171 0.364452 0.912517 0.362657 0.920592 0.362657 0.921938 0.360862 0.930013 0.360862 0.930013 0.359066 0.928668 0.357271
0 0.636608 0.332136 0.635262 0.333932 0.631225 0.333932 0.631225 0.335727 0.632571 0.337522 0.632571 0.341113 0.633917 0.342908 0.633917 0.344704 0.6393 0.344704 0.6393 0.342908 0.637954 0.341113 0.637954 0.335727 0.636608 0.333932
0 0.172275 0.271095 0.169583 0.274686 0.168237 0.274686 0.166891 0.276481 0.168237 0.276481 0.170929 0.280072 0.172275 0.278276 0.17362 0.278276 0.176312 0.274686 0.177658 0.274686 0.179004 0.27289 0.18035 0.27289 0.17362 0.27289
0 0.604307 0.204668 0.604307 0.21544 0.613728 0.21544 0.612382 0.213645 0.612382 0.211849 0.611036 0.210054 0.611036 0.208259 0.608345 0.208259 0.606999 0.206463 0.605653 0.206463
1 0.745626 0.917415 0.74428 0.91921 0.741588 0.91921 0.740242 0.921005 0.738896 0.921005 0.73755 0.922801 0.734859 0.922801 0.736205 0.924596 0.736205 0.926391 0.73755 0.928187 0.73755 0.929982 0.738896 0.931777 0.738896 0.933573 0.740242 0.931777 0.741588 0.931777 0.742934 0.929982 0.74428 0.929982 0.745626 0.928187 0.746972 0.928187 0.746972 0.924596 0.745626 0.922801
1 0.889637 0.901257 0.889637 0.913824 0.896366 0.913824 0.897712 0.915619 0.897712 0.901257
1 0.312248 0.836625 0.310902 0.83842 0.298789 0.83842 0.297443 0.840215 0.297443 0.842011 0.296097 0.843806 0.296097 0.845601 0.294751 0.847397 0.294751 0.849192 0.293405 0.850987 0.293405 0.852783 0.292059 0.854578 0.293405 0.852783 0.298789 0.852783 0.298789 0.850987 0.300135 0.849192 0.300135 0.847397 0.30148 0.845601 0.304172 0.845601 0.305518 0.843806 0.30821 0.843806 0.309556 0.842011 0.312248 0.842011
1 0.240915 0.816876 0.239569 0.818671 0.238223 0.818671 0.235532 0.822262 0.234186 0.822262 0.234186 0.824057 0.235532 0.825853 0.235532 0.831239 0.236878 0.833034 0.236878 0.834829 0.238223 0.833034 0.243607 0.833034 0.244953 0.831239 0.250336 0.831239 0.251682 0.829443 0.257066 0.829443 0.258412 0.827648 0.263795 0.827648 0.263795 0.816876
1 0.764468 0.748654 0.763122 0.750449 0.761777 0.750449 0.760431 0.752244 0.759085 0.752244 0.763122 0.75763 0.764468 0.75763 0.769852 0.764811 0.771198 0.763016 0.772544 0.763016 0.77389 0.761221 0.775236 0.761221 0.771198 0.755835 0.769852 0.755835
1 0.401077 0.723519 0.398385 0.72711 0.397039 0.72711 0.394347 0.7307 0.393001 0.7307 0.391655 0.732496 0.394347 0.736086 0.394347 0.737882 0.395693 0.739677 0.398385 0.736086 0.399731 0.736086 0.403769 0.7307 0.405114 0.7307 0.40646 0.728905 0.405114 0.72711 0.403769 0.72711
1 0.905787 0.719928 0.903096 0.723519 0.903096 0.725314 0.90175 0.72711 0.90175 0.728905 0.900404 0.7307 0.900404 0.732496 0.912517 0.732496 0.912517 0.7307 0.911171 0.728905 0.911171 0.72711 0.909825 0.725314 0.909825 0.723519 0.908479 0.723519
1 0.464334 0.637343 0.462988 0.639138 0.461642 0.639138 0.45895 0.642729 0.457604 0.642729 0.456258 0.644524 0.454913 0.644524 0.457604 0.644524 0.45895 0.64632 0.461642 0.64632 0.462988 0.648115 0.464334 0.64632 0.46568 0.64632 0.467026 0.644524 0.469717 0.644524
1 0.76716 0.633752 0.76716 0.637343 0.765814 0.639138 0.765814 0.642729 0.76716 0.640934 0.780619 0.640934 0.780619 0.635548 0.768506 0.635548
1 0.290713 0.630162 0.289367 0.631957 0.288022 0.631957 0.286676 0.633752 0.283984 0.633752 0.283984 0.644524 0.28533 0.642729 0.296097 0.642729 0.294751 0.640934 0.294751 0.639138 0.293405 0.637343 0.293405 0.635548 0.292059 0.633752 0.292059 0.631957
1 0.483176 0.626571 0.48183 0.628366 0.48183 0.630162 0.477793 0.635548 0.477793 0.637343 0.475101 0.640934 0.479139 0.640934 0.480485 0.642729 0.483176 0.642729 0.484522 0.644524 0.487214 0.640934 0.487214 0.639138 0.489906 0.635548
1 0.991925 0.621185 0.990579 0.62298 0.983849 0.62298 0.983849 0.624776 0.985195 0.626571 0.985195 0.630162 0.993271 0.630162 0.993271 0.626571 0.991925 0.624776
1 0.720054 0.621185 0.720054 0.628366 0.7214 0.626571 0.730821 0.626571 0.730821 0.624776 0.729475 0.62298 0.729475 0.621185
1 0.742934 0.606822 0.741588 0.608618 0.738896 0.608618 0.73755 0.610413 0.734859 0.610413 0.736205 0.612208 0.736205 0.614004 0.73755 0.615799 0.73755 0.617594 0.745626 0.617594 0.745626 0.615799 0.74428 0.614004 0.74428 0.610413 0.742934 0.608618
1 0.690444 0.59605 0.690444 0.599641 0.689098 0.601436 0.689098 0.603232 0.699865 0.603232 0.699865 0.599641 0.701211 0.597846 0.701211 0.59605
1 0.554509 0.583483 0.551817 0.587074 0.551817 0.588869 0.547779 0.594255 0.547779 0.59605 0.549125 0.597846 0.549125 0.599641 0.550471 0.597846 0.553163 0.597846 0.554509 0.59605 0.557201 0.59605 0.557201 0.594255 0.555855 0.59246 0.555855 0.587074 0.554509 0.585278
1 0.908479 0.574506 0.911171 0.578097 0.911171 0.579892 0.9179 0.588869 0.9179 0.590664 0.920592 0.594255 0.921938 0.59246 0.925976 0.59246 0.927322 0.590664 0.932705 0.590664 0.934051 0.588869 0.938089 0.588869 0.936743 0.587074 0.935397 0.587074 0.930013 0.579892 0.928668 0.579892 0.92463 0.574506
1 0.742934 0.543986 0.742934 0.551167 0.741588 0.552962 0.741588 0.560144 0.756393 0.560144 0.756393 0.554758 0.755047 0.552962 0.755047 0.547576 0.751009 0.547576 0.749664 0.545781 0.74428 0.545781
1 0.648721 0.524237 0.647376 0.526032 0.64603 0.526032 0.644684 0.527828 0.641992 0.527828 0.641992 0.529623 0.643338 0.531418 0.643338 0.533214 0.644684 0.535009 0.644684 0.536804 0.64603 0.535009 0.658143 0.535009 0.655451 0.531418 0.654105 0.531418
1 0.633917 0.524237 0.632571 0.526032 0.631225 0.526032 0.629879 0.527828 0.627187 0.527828 0.629879 0.531418 0.629879 0.533214 0.633917 0.5386 0.633917 0.540395 0.635262 0.54219 0.637954 0.5386 0.6393 0.5386 0.637954 0.536804 0.637954 0.535009 0.636608 0.533214 0.636608 0.531418 0.635262 0.529623 0.635262 0.527828 0.633917 0.526032
1 0.76716 0.51526 0.76716 0.517056 0.765814 0.518851 0.765814 0.520646 0.764468 0.522442 0.769852 0.522442 0.771198 0.524237 0.77389 0.520646 0.772544 0.520646 0.769852 0.517056 0.768506 0.517056
1 0.748318 0.508079 0.746972 0.509874 0.73755 0.509874 0.73755 0.517056 0.738896 0.51526 0.749664 0.51526 0.749664 0.513465 0.748318 0.51167
1 0.81965 0.479354 0.81965 0.481149 0.818304 0.482944 0.818304 0.486535 0.816958 0.48833 0.816958 0.490126 0.818304 0.48833 0.820996 0.48833 0.822342 0.486535 0.825034 0.486535 0.82638 0.48833 0.825034 0.490126 0.825034 0.491921 0.823688 0.493716 0.823688 0.495512 0.822342 0.497307 0.823688 0.495512 0.825034 0.495512 0.82638 0.493716 0.829071 0.493716 0.830417 0.491921 0.831763 0.491921 0.833109 0.490126 0.834455 0.490126 0.835801 0.48833 0.837147 0.48833 0.838493 0.486535 0.841184 0.486535 0.84253 0.48474 0.843876 0.48474 0.84253 0.482944 0.841184 0.482944 0.838493 0.479354
1 0.576043 0.443447 0.576043 0.452424 0.577389 0.450628 0.588156 0.450628 0.588156 0.448833 0.58681 0.447038 0.58681 0.443447
1 0.855989 0.441652 0.854643 0.443447 0.851952 0.443447 0.850606 0.445242 0.846568 0.445242 0.846568 0.447038 0.847914 0.448833 0.847914 0.450628 0.84926 0.448833 0.857335 0.448833 0.857335 0.447038 0.855989 0.445242
1 0.802153 0.412926 0.800808 0.414722 0.791386 0.414722 0.792732 0.416517 0.792732 0.418312 0.794078 0.420108 0.794078 0.421903 0.795424 0.423698 0.79677 0.421903 0.803499 0.421903 0.803499 0.418312 0.802153 0.416517
1 0.718708 0.40754 0.717362 0.409336 0.710633 0.409336 0.709287 0.411131 0.702557 0.411131 0.702557 0.412926 0.703903 0.414722 0.703903 0.420108 0.705249 0.421903 0.705249 0.425494 0.711978 0.416517 0.718708 0.416517
1 0.864065 0.387792 0.866756 0.391382 0.866756 0.393178 0.869448 0.396768 0.870794 0.396768 0.87214 0.398564 0.873486 0.398564 0.874832 0.400359 0.876178 0.400359 0.877524 0.402154 0.877524 0.396768 0.876178 0.394973 0.876178 0.387792
1 0.475101 0.384201 0.473755 0.385996 0.469717 0.385996 0.468371 0.387792 0.464334 0.387792 0.464334 0.394973 0.46568 0.393178 0.469717 0.393178 0.471063 0.391382 0.473755 0.391382 0.475101 0.389587 0.479139 0.389587
1 0.791386 0.38061 0.786003 0.387792 0.800808 0.387792 0.800808 0.385996 0.802153 0.384201 0.802153 0.382406 0.792732 0.382406
1 0.759085 0.362657 0.760431 0.364452 0.760431 0.366248 0.763122 0.369838 0.763122 0.371634 0.764468 0.373429 0.764468 0.375224 0.765814 0.37702 0.76716 0.375224 0.768506 0.375224 0.771198 0.371634 0.772544 0.371634 0.77389 0.369838 0.775236 0.369838 0.77389 0.369838 0.771198 0.366248 0.769852 0.366248 0.76716 0.362657
1 0.444145 0.355476 0.442799 0.357271 0.442799 0.359066 0.440108 0.362657 0.442799 0.362657 0.444145 0.364452 0.445491 0.364452 0.446837 0.366248 0.446837 0.364452 0.448183 0.362657 0.448183 0.360862 0.449529 0.359066 0.448183 0.359066 0.446837 0.357271 0.445491 0.357271
1 0.71467 0.348294 0.713324 0.35009 0.709287 0.35009 0.713324 0.355476 0.71467 0.355476 0.720054 0.362657 0.722746 0.359066 0.724092 0.359066 0.7214 0.355476 0.720054 0.355476
1 0.432032 0.321364 0.432032 0.324955 0.430686 0.32675 0.430686 0.330341 0.432032 0.328546 0.444145 0.328546 0.444145 0.32675 0.442799 0.324955 0.442799 0.321364
1 0.916555 0.312388 0.916555 0.321364 0.9179 0.319569 0.932705 0.319569 0.932705 0.314183 0.9179 0.314183
1 0.831763 0.312388 0.831763 0.314183 0.833109 0.315978 0.833109 0.319569 0.841184 0.319569 0.84253 0.321364 0.84926 0.321364 0.84926 0.317774 0.845222 0.317774 0.843876 0.315978 0.838493 0.315978 0.837147 0.314183 0.833109 0.314183
1 0.009421 0.303411 0.006729 0.307002 0.005384 0.307002 0.004038 0.308797 0.005384 0.308797 0.006729 0.310592 0.008075 0.310592 0.009421 0.312388 0.014805 0.305206 0.010767 0.305206
1 0.456258 0.283662 0.453567 0.287253 0.452221 0.287253 0.449529 0.290844 0.448183 0.290844 0.446837 0.292639 0.448183 0.292639 0.449529 0.294434 0.452221 0.294434 0.453567 0.29623 0.454913 0.29623 0.456258 0.298025 0.457604 0.29623 0.457604 0.294434 0.45895 0.292639 0.45895 0.290844 0.460296 0.289048
1 0.403769 0.281867 0.403769 0.283662 0.402423 0.285458 0.402423 0.287253 0.401077 0.289048 0.401077 0.290844 0.399731 0.292639 0.399731 0.294434 0.405114 0.301616 0.405114 0.29982 0.40646 0.298025 0.40646 0.294434 0.407806 0.292639 0.407806 0.289048 0.409152 0.287253 0.409152 0.285458 0.407806 0.285458 0.40646 0.283662 0.405114 0.283662
1 0.530283 0.276481 0.528937 0.278276 0.528937 0.280072 0.526245 0.283662 0.528937 0.283662 0.530283 0.285458 0.531629 0.285458 0.532974 0.287253 0.53432 0.285458 0.53432 0.283662 0.535666 0.281867 0.53432 0.280072 0.532974 0.280072
1 0.794078 0.267504 0.794078 0.2693 0.795424 0.271095 0.795424 0.27289 0.800808 0.27289 0.800808 0.267504
1 0.426649 0.263914 0.423957 0.267504 0.422611 0.267504 0.419919 0.271095 0.418573 0.271095 0.417227 0.27289 0.421265 0.278276 0.425303 0.27289 0.426649 0.27289 0.429341 0.2693 0.432032 0.2693 0.433378 0.271095 0.43607 0.271095 0.437416 0.27289 0.437416 0.2693 0.43607 0.267504 0.43607 0.263914
1 0.61642 0.262118 0.61642 0.263914 0.615074 0.265709 0.615074 0.267504 0.613728 0.2693 0.621803 0.2693 0.621803 0.267504 0.623149 0.265709 0.623149 0.263914 0.617766 0.263914
1 0.33782 0.258528 0.336474 0.260323 0.332436 0.260323 0.33109 0.262118 0.325707 0.262118 0.324361 0.263914 0.324361 0.265709 0.321669 0.2693 0.323015 0.267504 0.327052 0.267504 0.328398 0.265709 0.333782 0.265709 0.335128 0.263914 0.339166 0.263914 0.339166 0.262118 0.33782 0.260323
1 0.460296 0.247756 0.45895 0.249551 0.456258 0.249551 0.454913 0.251346 0.450875 0.251346 0.445491 0.258528 0.445491 0.260323 0.446837 0.262118 0.446837 0.265709 0.450875 0.265709 0.450875 0.263914 0.452221 0.262118 0.452221 0.260323 0.453567 0.258528 0.464334 0.258528 0.46568 0.260323 0.46568 0.253142 0.464334 0.251346 0.462988 0.251346
1 0.784657 0.24237 0.784657 0.244165 0.783311 0.245961 0.783311 0.249551 0.781965 0.251346 0.781965 0.254937 0.780619 0.256732 0.780619 0.258528 0.781965 0.256732 0.787349 0.256732 0.787349 0.254937 0.788694 0.253142 0.788694 0.251346 0.79004 0.249551 0.79004 0.247756 0.791386 0.245961 0.791386 0.244165 0.792732 0.24237
1 0.881561 0.236984 0.881561 0.244165 0.897712 0.244165 0.896366 0.24237 0.896366 0.240575 0.893674 0.240575 0.892328 0.238779 0.889637 0.238779 0.888291 0.236984
1 0.425303 0.213645 0.425303 0.21544 0.426649 0.217235 0.426649 0.219031 0.434724 0.219031 0.43607 0.220826 0.43607 0.213645
1 0.90175 0.197487 0.900404 0.199282 0.899058 0.199282 0.897712 0.201077 0.89502 0.201077 0.893674 0.202873 0.892328 0.202873 0.890983 0.204668 0.890983 0.206463 0.886945 0.211849 0.886945 0.213645 0.884253 0.217235 0.885599 0.217235 0.886945 0.219031 0.888291 0.219031 0.889637 0.220826 0.890983 0.220826 0.892328 0.222621 0.893674 0.222621 0.89502 0.224417 0.896366 0.224417 0.897712 0.226212 0.899058 0.226212 0.900404 0.228007 0.9179 0.228007 0.919246 0.229803 0.920592 0.228007 0.921938 0.228007 0.92463 0.224417 0.925976 0.224417 0.928668 0.220826 0.930013 0.220826 0.930013 0.219031 0.928668 0.217235 0.928668 0.21544 0.927322 0.213645 0.927322 0.211849 0.923284 0.217235 0.921938 0.217235 0.920592 0.219031 0.9179 0.21544 0.916555 0.21544 0.908479 0.204668 0.907133 0.204668
1 0.60969 0.166966 0.60969 0.172352 0.621803 0.172352 0.621803 0.166966
1 0.472409 0.159785 0.471063 0.16158 0.469717 0.16158 0.468371 0.163375 0.467026 0.163375 0.46568 0.165171 0.462988 0.165171 0.461642 0.166966 0.460296 0.166966 0.462988 0.166966 0.464334 0.168761 0.467026 0.168761 0.468371 0.170557 0.484522 0.170557 0.484522 0.166966 0.483176 0.165171 0.483176 0.159785
1 0.341857 0.159785 0.340511 0.16158 0.33782 0.16158 0.336474 0.163375 0.335128 0.163375 0.333782 0.165171 0.33109 0.165171 0.329744 0.166966 0.327052 0.166966 0.328398 0.166966 0.33109 0.170557 0.332436 0.168761 0.335128 0.168761 0.336474 0.166966 0.340511 0.166966 0.341857 0.165171 0.344549 0.165171 0.343203 0.163375 0.343203 0.16158
