0 0.951515 0.906883 0.951515 0.910931 0.954545 0.91498 0.954545 0.919028 0.957576 0.923077 0.957576 0.931174 0.960606 0.935223 0.960606 0.939271 0.963636 0.94332 0.963636 0.947368 0.969697 0.939271 0.972727 0.939271 0.972727 0.935223 0.969697 0.931174 0.969697 0.927126 0.966667 0.923077 0.966667 0.91498 0.963636 0.910931 0.963636 0.906883
0 0.748485 0.817814 0.745455 0.821862 0.739394 0.821862 0.739394 0.82996 0.742424 0.834008 0.742424 0.838057 0.745455 0.842105 0.745455 0.846154 0.748485 0.850202 0.751515 0.850202 0.754545 0.854251 0.757576 0.854251 0.760606 0.8583 0.763636 0.854251 0.763636 0.850202 0.775758 0.834008 0.778788 0.834008 0.781818 0.82996 0.772727 0.82996 0.769697 0.825911 0.763636 0.825911 0.760606 0.821862 0.751515 0.821862
0 0.324242 0.643725 0.318182 0.651822 0.315152 0.651822 0.309091 0.659919 0.306061 0.659919 0.30303 0.663968 0.324242 0.692308 0.348485 0.692308 0.357576 0.704453 0.360606 0.704453 0.372727 0.720648 0.375758 0.716599 0.378788 0.716599 0.381818 0.712551 0.387879 0.712551 0.384848 0.708502 0.384848 0.704453 0.381818 0.700405 0.381818 0.696356 0.387879 0.688259 0.390909 0.688259 0.390909 0.684211 0.387879 0.680162 0.387879 0.676113 0.384848 0.672065 0.381818 0.672065 0.369697 0.65587 0.366667 0.65587 0.360606 0.647773 0.327273 0.647773
0 0.433333 0.623482 0.433333 0.62753 0.430303 0.631579 0.430303 0.635628 0.427273 0.639676 0.445455 0.639676 0.448485 0.643725 0.439394 0.65587 0.415152 0.65587 0.415152 0.680162 0.478788 0.680162 0.481818 0.684211 0.481818 0.680162 0.487879 0.672065 0.493939 0.680162 0.50303 0.668016 0.506061 0.668016 0.512121 0.659919 0.512121 0.65587 0.509091 0.651822 0.509091 0.639676 0.506061 0.635628 0.506061 0.62753 0.436364 0.62753
0 0.754545 0.48583 0.748485 0.493927 0.745455 0.493927 0.739394 0.502024 0.736364 0.502024 0.730303 0.510121 0.727273 0.510121 0.727273 0.51417 0.730303 0.518219 0.730303 0.526316 0.733333 0.522267 0.772727 0.522267 0.778788 0.530364 0.8 0.530364 0.8 0.526316 0.79697 0.522267 0.79697 0.51417 0.793939 0.510121 0.793939 0.506073 0.790909 0.506073 0.784848 0.497976 0.781818 0.497976 0.775758 0.489879 0.757576 0.489879
1 0.645455 0.821862 0.636364 0.834008 0.633333 0.834008 0.630303 0.838057 0.633333 0.842105 0.633333 0.846154 0.642424 0.8583 0.642424 0.862348 0.651515 0.874494 0.651515 0.878543 0.654545 0.882591 0.666667 0.866397 0.669697 0.866397 0.678788 0.854251 0.678788 0.838057 0.669697 0.838057 0.657576 0.821862
1 0.0 0.748988 0.0 0.761134 0.00303 0.765182 0.012121 0.765182 0.015152 0.769231 0.024242 0.769231 0.027273 0.765182 0.027273 0.757085 0.021212 0.757085 0.018182 0.753036 0.009091 0.753036 0.006061 0.748988
1 0.463636 0.744939 0.463636 0.753036 0.481818 0.753036 0.481818 0.744939
1 0.809091 0.696356 0.806061 0.700405 0.8 0.700405 0.80303 0.700405 0.806061 0.704453 0.809091 0.704453 0.812121 0.708502 0.815152 0.708502 0.821212 0.716599 0.824242 0.716599 0.827273 0.720648 0.830303 0.720648 0.833333 0.724696 0.845455 0.708502 0.827273 0.708502 0.824242 0.704453 0.821212 0.704453 0.818182 0.700405 0.812121 0.700405
1 0.963636 0.684211 0.951515 0.700405 0.957576 0.700405 0.960606 0.704453 0.969697 0.704453 0.972727 0.708502 0.978788 0.708502 0.981818 0.712551 0.990909 0.712551 0.993939 0.716599 0.99697 0.716599 0.99697 0.684211
1 0.548485 0.659919 0.548485 0.663968 0.551515 0.668016 0.551515 0.676113 0.569697 0.676113 0.569697 0.672065 0.566667 0.668016 0.566667 0.659919
1 0.351515 0.574899 0.351515 0.595142 0.357576 0.587045 0.378788 0.587045 0.378788 0.582996 0.375758 0.578947 0.375758 0.574899
1 0.260606 0.510121 0.260606 0.518219 0.278788 0.518219 0.278788 0.510121
1 0.887879 0.384615 0.884848 0.388664 0.878788 0.388664 0.875758 0.392713 0.866667 0.392713 0.866667 0.396761 0.869697 0.40081 0.869697 0.408907 0.887879 0.408907 0.89697 0.396761
1 0.072727 0.336032 0.072727 0.34413 0.087879 0.34413 0.087879 0.336032
1 0.042424 0.327935 0.042424 0.331984 0.045455 0.336032 0.045455 0.340081 0.063636 0.340081 0.063636 0.327935
1 0.469697 0.311741 0.469697 0.323887 0.490909 0.323887 0.490909 0.311741
1 0.754545 0.303644 0.754545 0.307692 0.757576 0.311741 0.757576 0.315789 0.775758 0.315789 0.775758 0.303644
1 0.954545 0.259109 0.960606 0.267206 0.960606 0.271255 0.966667 0.279352 0.969697 0.275304 0.984848 0.275304 0.981818 0.275304 0.975758 0.267206 0.972727 0.267206 0.969697 0.263158 0.957576 0.263158
1 0.9 0.259109 0.9 0.263158 0.90303 0.267206 0.90303 0.271255 0.921212 0.271255 0.921212 0.267206 0.924242 0.263158 0.924242 0.259109
1 0.924242 0.206478 0.924242 0.214575 0.939394 0.214575 0.939394 0.206478
