0 0.081535 0.958599 0.067146 0.977707 0.067146 0.980892 0.055156 0.996815 0.069544 0.996815 0.093525 0.964968 0.088729 0.964968 0.086331 0.961783 0.083933 0.961783
0 0.709832 0.761146 0.709832 0.767516 0.71223 0.770701 0.71223 0.780255 0.726619 0.780255 0.726619 0.761146
1 0.82494 0.503185 0.822542 0.506369 0.767386 0.506369 0.764988 0.509554 0.709832 0.509554 0.709832 0.512739 0.707434 0.515924 0.707434 0.519108 0.798561 0.519108 0.800959 0.522293 0.827338 0.522293 0.827338 0.515924 0.82494 0.512739
1 0.390887 0.493631 0.388489 0.496815 0.366906 0.496815 0.364508 0.5 0.36211 0.5 0.357314 0.506369 0.354916 0.506369 0.352518 0.509554 0.35012 0.509554 0.35012 0.512739 0.352518 0.515924 0.352518 0.519108 0.354916 0.515924 0.402878 0.515924 0.407674 0.522293 0.410072 0.522293 0.417266 0.531847 0.417266 0.528662 0.419664 0.525478 0.414868 0.519108 0.414868 0.515924 0.410072 0.509554 0.407674 0.509554 0.405276 0.506369 0.402878 0.506369 0.40048 0.503185 0.398082 0.503185
1 0.203837 0.423567 0.201439 0.426752 0.191847 0.426752 0.189448 0.429936 0.179856 0.429936 0.172662 0.43949 0.131894 0.43949 0.127098 0.433121 0.1247 0.436306 0.122302 0.436306 0.117506 0.442675 0.115108 0.442675 0.11271 0.44586 0.103118 0.44586 0.100719 0.449045 0.067146 0.449045 0.064748 0.452229 0.064748 0.455414 0.06235 0.458599 0.06235 0.461783 0.059952 0.464968 0.059952 0.468153 0.06235 0.471338 0.06235 0.474522 0.064748 0.477707 0.064748 0.480892 0.067146 0.484076 0.067146 0.487261 0.069544 0.484076 0.071942 0.484076 0.074341 0.480892 0.079137 0.480892 0.081535 0.484076 0.083933 0.484076 0.088729 0.490446 0.091127 0.490446 0.093525 0.493631 0.119904 0.493631 0.122302 0.496815 0.129496 0.487261 0.136691 0.487261 0.139089 0.490446 0.143885 0.490446 0.146283 0.493631 0.153477 0.493631 0.155875 0.496815 0.16307 0.487261 0.16307 0.471338 0.165468 0.468153 0.182254 0.468153 0.184652 0.471338 0.191847 0.461783 0.194245 0.461783 0.196643 0.458599 0.213429 0.458599 0.213429 0.452229 0.215827 0.449045 0.215827 0.44586 0.206235 0.44586 0.203837 0.442675 0.194245 0.442675 0.191847 0.43949 0.194245 0.436306 0.199041 0.436306 0.201439 0.433121 0.206235 0.433121 0.206235 0.429936 0.203837 0.426752
1 0.491607 0.359873 0.491607 0.369427 0.489209 0.372611 0.489209 0.382166 0.484412 0.388535 0.491607 0.398089 0.491607 0.401274 0.494005 0.404459 0.494005 0.407643 0.496403 0.410828 0.496403 0.414013 0.501199 0.414013 0.503597 0.410828 0.505995 0.410828 0.508393 0.407643 0.510791 0.407643 0.501199 0.394904 0.503597 0.39172 0.510791 0.39172 0.513189 0.388535 0.520384 0.388535 0.522782 0.38535 0.527578 0.38535 0.529976 0.382166 0.53717 0.382166 0.539568 0.378981 0.546763 0.378981 0.541966 0.372611 0.541966 0.369427 0.539568 0.366242 0.529976 0.366242 0.527578 0.363057 0.522782 0.369427 0.515588 0.369427 0.513189 0.366242 0.510791 0.366242 0.508393 0.363057 0.494005 0.363057
1 0.064748 0.324841 0.06235 0.328025 0.05036 0.328025 0.047962 0.33121 0.043165 0.33121 0.040767 0.334395 0.035971 0.334395 0.033573 0.33758 0.031175 0.334395 0.028777 0.334395 0.026379 0.33121 0.023981 0.33121 0.021583 0.328025 0.0 0.328025 0.0 0.347134 0.031175 0.347134 0.033573 0.343949 0.035971 0.343949 0.038369 0.340764 0.043165 0.340764 0.045564 0.33758 0.047962 0.33758 0.05036 0.334395 0.079137 0.334395 0.079137 0.33121 0.076739 0.328025 0.076739 0.324841
1 0.966427 0.315287 0.966427 0.318471 0.964029 0.321656 0.952038 0.321656 0.94964 0.324841 0.935252 0.324841 0.932854 0.328025 0.920863 0.328025 0.920863 0.334395 0.918465 0.33758 0.88729 0.33758 0.88729 0.340764 0.916067 0.340764 0.918465 0.343949 0.920863 0.343949 0.923261 0.347134 0.959233 0.347134 0.961631 0.350318 0.997602 0.350318 0.997602 0.315287
1 0.36211 0.312102 0.359712 0.315287 0.338129 0.315287 0.338129 0.318471 0.335731 0.321656 0.335731 0.324841 0.340528 0.324841 0.342926 0.328025 0.386091 0.328025 0.386091 0.324841 0.388489 0.321656 0.381295 0.321656 0.378897 0.318471 0.374101 0.318471 0.371703 0.315287 0.364508 0.315287
1 0.520384 0.292994 0.520384 0.305732 0.517986 0.308917 0.517986 0.315287 0.515588 0.318471 0.515588 0.321656 0.513189 0.324841 0.498801 0.324841 0.498801 0.33758 0.501199 0.334395 0.527578 0.334395 0.527578 0.328025 0.529976 0.324841 0.529976 0.321656 0.532374 0.318471 0.53717 0.318471 0.53717 0.302548 0.539568 0.299363 0.539568 0.296178 0.522782 0.296178
1 0.230216 0.292994 0.227818 0.296178 0.223022 0.296178 0.220624 0.299363 0.215827 0.299363 0.215827 0.305732 0.213429 0.308917 0.213429 0.312102 0.215827 0.308917 0.235012 0.308917 0.23741 0.305732 0.256595 0.305732 0.258993 0.302548 0.266187 0.302548 0.268585 0.299363 0.278177 0.299363 0.280576 0.296178 0.28777 0.296178 0.270983 0.296178 0.268585 0.292994
1 0.625899 0.267516 0.623501 0.270701 0.621103 0.270701 0.618705 0.273885 0.613909 0.273885 0.611511 0.27707 0.609113 0.27707 0.606715 0.280255 0.604317 0.280255 0.59952 0.273885 0.59952 0.270701 0.585132 0.270701 0.582734 0.273885 0.577938 0.273885 0.57554 0.27707 0.570743 0.27707 0.580336 0.289809 0.577938 0.292994 0.570743 0.292994 0.570743 0.296178 0.568345 0.299363 0.568345 0.305732 0.565947 0.308917 0.565947 0.315287 0.563549 0.318471 0.563549 0.321656 0.561151 0.324841 0.582734 0.324841 0.585132 0.328025 0.585132 0.33758 0.582734 0.340764 0.582734 0.347134 0.609113 0.347134 0.609113 0.340764 0.611511 0.33758 0.611511 0.328025 0.613909 0.324841 0.613909 0.315287 0.616307 0.312102 0.616307 0.302548 0.618705 0.299363 0.618705 0.296178 0.621103 0.292994 0.621103 0.289809 0.630695 0.27707 0.633094 0.27707 0.640288 0.267516
1 0.0 0.267516 0.0 0.292994 0.002398 0.289809 0.035971 0.289809 0.038369 0.292994 0.040767 0.292994 0.045564 0.299363 0.076739 0.299363 0.057554 0.273885 0.031175 0.273885 0.028777 0.270701 0.002398 0.270701
1 0.256595 0.264331 0.254197 0.267516 0.254197 0.270701 0.2494 0.27707 0.261391 0.27707 0.263789 0.273885 0.275779 0.273885 0.275779 0.270701 0.270983 0.270701 0.268585 0.267516 0.261391 0.267516 0.258993 0.264331
1 0.803357 0.242038 0.800959 0.245223 0.796163 0.245223 0.793765 0.248408 0.781775 0.248408 0.779376 0.251592 0.769784 0.251592 0.767386 0.254777 0.764988 0.251592 0.764988 0.248408 0.76259 0.245223 0.760192 0.248408 0.755396 0.248408 0.752998 0.251592 0.7506 0.251592 0.7506 0.254777 0.748201 0.257962 0.748201 0.264331 0.745803 0.267516 0.767386 0.267516 0.769784 0.270701 0.772182 0.270701 0.77458 0.273885 0.779376 0.273885 0.781775 0.27707 0.800959 0.27707 0.805755 0.270701 0.808153 0.273885 0.815348 0.273885 0.817746 0.27707 0.856115 0.27707 0.860911 0.270701 0.863309 0.270701 0.865707 0.267516 0.8753 0.280255 0.88729 0.280255 0.889688 0.27707 0.899281 0.27707 0.901679 0.273885 0.911271 0.273885 0.913669 0.270701 0.923261 0.283439 0.940048 0.283439 0.942446 0.286624 0.959233 0.286624 0.964029 0.292994 0.966427 0.292994 0.968825 0.296178 0.978417 0.296178 0.980815 0.292994 0.997602 0.292994 0.997602 0.248408 0.995204 0.248408 0.992806 0.251592 0.98801 0.251592 0.985612 0.254777 0.952038 0.254777 0.94964 0.257962 0.947242 0.257962 0.944844 0.261146 0.942446 0.261146 0.940048 0.264331 0.93765 0.261146 0.928058 0.261146 0.925659 0.257962 0.913669 0.257962 0.911271 0.254777 0.901679 0.254777 0.899281 0.251592 0.896882 0.251592 0.894484 0.248408 0.892086 0.248408 0.889688 0.245223 0.884892 0.245223 0.880096 0.251592 0.877698 0.251592 0.872902 0.257962 0.870504 0.257962 0.868106 0.261146 0.863309 0.254777 0.860911 0.254777 0.856115 0.248408 0.856115 0.245223 0.844125 0.245223 0.841727 0.248408 0.839329 0.245223 0.834532 0.245223 0.832134 0.242038
1 0.652278 0.226115 0.652278 0.229299 0.64988 0.232484 0.64988 0.235669 0.647482 0.238854 0.611511 0.238854 0.611511 0.242038 0.613909 0.245223 0.613909 0.251592 0.633094 0.251592 0.635492 0.254777 0.63789 0.251592 0.669065 0.251592 0.671463 0.254777 0.676259 0.254777 0.678657 0.257962 0.678657 0.267516 0.681055 0.264331 0.70024 0.264331 0.70024 0.245223 0.705036 0.238854 0.707434 0.238854 0.705036 0.235669 0.705036 0.232484 0.681055 0.232484 0.678657 0.229299 0.654676 0.229299
