0 0.626391 0.991489 0.624801 0.993617 0.624801 0.995745 0.623211 0.997872 0.63593 0.997872 0.63593 0.991489
0 0.63275 0.902128 0.631161 0.904255 0.629571 0.904255 0.627981 0.906383 0.624801 0.906383 0.623211 0.908511 0.604134 0.908511 0.602544 0.906383 0.602544 0.908511 0.600954 0.910638 0.600954 0.914894 0.599364 0.917021 0.599364 0.919149 0.604134 0.919149 0.605723 0.921277 0.612083 0.921277 0.613672 0.923404 0.618442 0.923404 0.620032 0.925532 0.621622 0.923404 0.623211 0.923404 0.624801 0.921277 0.626391 0.921277 0.629571 0.917021 0.631161 0.917021 0.63275 0.914894 0.63434 0.914894 0.63434 0.912766 0.63593 0.910638 0.63593 0.906383 0.63752 0.904255 0.63752 0.902128
0 0.863275 0.897872 0.856916 0.906383 0.855326 0.906383 0.850556 0.912766 0.852146 0.914894 0.852146 0.917021 0.855326 0.921277 0.855326 0.923404 0.856916 0.925532 0.858506 0.923404 0.866455 0.923404 0.868045 0.921277 0.875994 0.921277 0.877583 0.919149 0.887122 0.919149 0.888712 0.917021 0.899841 0.917021 0.899841 0.906383 0.895072 0.906383 0.893482 0.904255 0.890302 0.904255 0.888712 0.902128 0.883943 0.902128 0.882353 0.9 0.864865 0.9
0 0.895072 0.787234 0.895072 0.789362 0.893482 0.791489 0.893482 0.793617 0.891892 0.795745 0.891892 0.797872 0.890302 0.8 0.891892 0.802128 0.893482 0.802128 0.896661 0.806383 0.898251 0.806383 0.901431 0.810638 0.903021 0.808511 0.9062 0.808511 0.90779 0.806383 0.91097 0.806383 0.91256 0.804255 0.915739 0.804255 0.917329 0.802128 0.917329 0.8 0.918919 0.797872 0.91097 0.787234
0 0.648649 0.734043 0.647059 0.73617 0.645469 0.73617 0.643879 0.738298 0.6407 0.738298 0.63911 0.740426 0.63752 0.740426 0.63593 0.742553 0.63275 0.742553 0.631161 0.744681 0.629571 0.744681 0.631161 0.746809 0.631161 0.748936 0.63275 0.751064 0.63275 0.753191 0.63434 0.751064 0.63593 0.751064 0.63752 0.748936 0.6407 0.748936 0.642289 0.746809 0.643879 0.746809 0.645469 0.744681 0.648649 0.744681
0 0.567568 0.606383 0.565978 0.608511 0.564388 0.608511 0.562798 0.610638 0.559618 0.610638 0.558029 0.612766 0.556439 0.612766 0.554849 0.614894 0.551669 0.614894 0.553259 0.617021 0.554849 0.617021 0.558029 0.621277 0.559618 0.619149 0.561208 0.619149 0.562798 0.617021 0.564388 0.617021 0.567568 0.612766 0.569157 0.612766 0.570747 0.610638 0.572337 0.610638 0.570747 0.610638
0 0.656598 0.576596 0.651828 0.582979 0.650238 0.582979 0.648649 0.585106 0.648649 0.587234 0.650238 0.589362 0.650238 0.593617 0.656598 0.593617 0.658188 0.595745 0.661367 0.591489 0.662957 0.591489 0.666137 0.587234 0.667727 0.587234 0.667727 0.582979 0.669316 0.580851 0.669316 0.578723 0.658188 0.578723
0 0.325914 0.551064 0.317965 0.561702 0.316375 0.561702 0.310016 0.570213 0.310016 0.576596 0.308426 0.578723 0.308426 0.582979 0.314785 0.582979 0.316375 0.585106 0.314785 0.587234 0.313196 0.587234 0.310016 0.591489 0.308426 0.591489 0.306836 0.593617 0.305246 0.593617 0.306836 0.595745 0.306836 0.597872 0.308426 0.6 0.308426 0.602128 0.310016 0.6 0.322734 0.6 0.325914 0.595745 0.327504 0.595745 0.330684 0.591489 0.332273 0.591489 0.330684 0.589362 0.330684 0.587234 0.329094 0.585106 0.330684 0.582979 0.337043 0.582979 0.338633 0.585106 0.341812 0.580851 0.343402 0.580851 0.349762 0.57234 0.351351 0.57234 0.352941 0.570213 0.352941 0.568085 0.351351 0.565957 0.351351 0.559574 0.349762 0.557447 0.349762 0.555319 0.338633 0.555319 0.337043 0.553191 0.327504 0.553191
0 0.011129 0.542553 0.009539 0.544681 0.006359 0.544681 0.004769 0.546809 0.00159 0.546809 0.0 0.548936 0.0 0.57234 0.00159 0.574468 0.017488 0.574468 0.017488 0.57234 0.019078 0.570213 0.019078 0.56383 0.020668 0.561702 0.028617 0.561702 0.028617 0.557447 0.030207 0.555319 0.030207 0.553191 0.022258 0.553191 0.020668 0.551064 0.022258 0.548936 0.022258 0.546809 0.023847 0.544681 0.022258 0.542553
0 0.163752 0.506383 0.162162 0.508511 0.157393 0.508511 0.155803 0.510638 0.151033 0.510638 0.149444 0.512766 0.144674 0.512766 0.143084 0.514894 0.143084 0.517021 0.139905 0.521277 0.139905 0.523404 0.135135 0.529787 0.135135 0.531915 0.131955 0.53617 0.130366 0.53617 0.127186 0.540426 0.125596 0.540426 0.122417 0.544681 0.120827 0.544681 0.119237 0.546809 0.117647 0.546809 0.114467 0.551064 0.112878 0.551064 0.149444 0.551064 0.152623 0.546809 0.152623 0.544681 0.158983 0.53617 0.158983 0.534043 0.162162 0.529787 0.162162 0.52766 0.163752 0.525532 0.163752 0.523404 0.166932 0.519149 0.166932 0.517021 0.168521 0.514894 0.165342 0.510638 0.165342 0.508511
0 0.383148 0.417021 0.383148 0.423404 0.381558 0.425532 0.381558 0.431915 0.383148 0.431915 0.386328 0.43617 0.387917 0.43617 0.391097 0.440426 0.392687 0.438298 0.394277 0.438298 0.397456 0.434043 0.399046 0.434043 0.405405 0.425532 0.397456 0.425532 0.394277 0.421277 0.392687 0.421277 0.389507 0.417021
0 0.327504 0.414894 0.325914 0.417021 0.321145 0.417021 0.319555 0.419149 0.316375 0.419149 0.314785 0.421277 0.310016 0.421277 0.306836 0.425532 0.305246 0.425532 0.302067 0.429787 0.300477 0.429787 0.297297 0.434043 0.295707 0.434043 0.294118 0.43617 0.295707 0.43617 0.298887 0.440426 0.300477 0.440426 0.303657 0.444681 0.321145 0.444681 0.322734 0.446809 0.324324 0.444681 0.325914 0.444681 0.327504 0.442553 0.330684 0.442553 0.332273 0.440426 0.333863 0.440426 0.335453 0.438298 0.335453 0.43617 0.340223 0.429787 0.340223 0.42766 0.343402 0.423404 0.341812 0.421277 0.341812 0.419149 0.340223 0.417021 0.340223 0.414894
0 0.432432 0.365957 0.430843 0.368085 0.429253 0.368085 0.426073 0.37234 0.424483 0.37234 0.421304 0.376596 0.419714 0.376596 0.421304 0.378723 0.421304 0.380851 0.422893 0.382979 0.422893 0.385106 0.424483 0.387234 0.422893 0.389362 0.421304 0.389362 0.418124 0.393617 0.416534 0.393617 0.414944 0.395745 0.413355 0.395745 0.411765 0.397872 0.410175 0.397872 0.408585 0.4 0.405405 0.4 0.403816 0.402128 0.402226 0.402128 0.402226 0.404255 0.403816 0.406383 0.403816 0.408511 0.405405 0.406383 0.408585 0.406383 0.410175 0.404255 0.413355 0.404255 0.414944 0.402128 0.416534 0.402128 0.418124 0.4 0.421304 0.4 0.422893 0.397872 0.424483 0.397872 0.426073 0.395745 0.430843 0.395745 0.432432 0.393617 0.438792 0.393617 0.440382 0.391489 0.445151 0.391489 0.445151 0.380851 0.446741 0.378723 0.446741 0.370213 0.440382 0.370213 0.438792 0.368085 0.434022 0.368085
0 0.801272 0.319149 0.802862 0.319149 0.804452 0.321277 0.807631 0.321277 0.809221 0.323404 0.810811 0.323404 0.812401 0.325532 0.81399 0.325532 0.81558 0.32766 0.81876 0.32766 0.82035 0.329787 0.82194 0.329787 0.823529 0.331915 0.825119 0.329787 0.829889 0.329787 0.828299 0.329787 0.826709 0.32766 0.825119 0.32766 0.823529 0.325532 0.82035 0.325532 0.81876 0.323404 0.81717 0.323404 0.81558 0.321277 0.81399 0.321277 0.812401 0.319149
0 0.155803 0.306383 0.154213 0.308511 0.144674 0.308511 0.143084 0.310638 0.141494 0.310638 0.138315 0.314894 0.136725 0.314894 0.135135 0.317021 0.133545 0.317021 0.131955 0.319149 0.130366 0.319149 0.127186 0.323404 0.125596 0.323404 0.124006 0.325532 0.120827 0.325532 0.119237 0.32766 0.117647 0.32766 0.116057 0.329787 0.112878 0.329787 0.111288 0.331915 0.108108 0.331915 0.106518 0.334043 0.103339 0.334043 0.101749 0.33617 0.100159 0.33617 0.098569 0.338298 0.09539 0.338298 0.0938 0.340426 0.08903 0.340426 0.08744 0.342553 0.081081 0.342553 0.079491 0.344681 0.074722 0.344681 0.073132 0.346809 0.068362 0.346809 0.069952 0.346809 0.071542 0.348936 0.074722 0.348936 0.076312 0.351064 0.077901 0.351064 0.079491 0.353191 0.077901 0.355319 0.076312 0.355319 0.074722 0.357447 0.073132 0.357447 0.071542 0.359574 0.069952 0.359574 0.068362 0.361702 0.062003 0.361702 0.060413 0.36383 0.054054 0.36383 0.052464 0.365957 0.046105 0.365957 0.044515 0.368085 0.031797 0.368085 0.030207 0.370213 0.015898 0.370213 0.014308 0.37234 0.00159 0.37234 0.0 0.374468 0.0 0.485106 0.012719 0.485106 0.014308 0.482979 0.015898 0.485106 0.015898 0.489362 0.017488 0.491489 0.017488 0.495745 0.019078 0.495745 0.022258 0.5 0.023847 0.5 0.027027 0.504255 0.033386 0.504255 0.034976 0.502128 0.039746 0.502128 0.041335 0.5 0.044515 0.5 0.046105 0.497872 0.050874 0.497872 0.052464 0.495745 0.057234 0.495745 0.057234 0.487234 0.055644 0.485106 0.055644 0.476596 0.054054 0.476596 0.052464 0.474468 0.050874 0.474468 0.049285 0.47234 0.046105 0.47234 0.044515 0.470213 0.042925 0.470213 0.041335 0.468085 0.042925 0.465957 0.046105 0.465957 0.047695 0.46383 0.050874 0.46383 0.052464 0.461702 0.057234 0.461702 0.058824 0.459574 0.065183 0.459574 0.066773 0.457447 0.071542 0.457447 0.073132 0.455319 0.084261 0.455319 0.085851 0.453191 0.09539 0.453191 0.096979 0.451064 0.108108 0.451064 0.109698 0.448936 0.119237 0.448936 0.120827 0.446809 0.124006 0.446809 0.125596 0.444681 0.127186 0.444681 0.128776 0.442553 0.131955 0.442553 0.133545 0.440426 0.135135 0.440426 0.136725 0.438298 0.139905 0.438298 0.141494 0.43617 0.143084 0.43617 0.144674 0.434043 0.147854 0.434043 0.149444 0.431915 0.151033 0.431915 0.152623 0.429787 0.155803 0.429787 0.157393 0.42766 0.162162 0.42766 0.163752 0.425532 0.166932 0.425532 0.168521 0.423404 0.173291 0.423404 0.174881 0.421277 0.17806 0.421277 0.17965 0.419149 0.18283 0.419149 0.18442 0.417021 0.189189 0.417021 0.190779 0.414894 0.193959 0.414894 0.195548 0.412766 0.200318 0.412766 0.201908 0.410638 0.205087 0.410638 0.201908 0.410638 0.200318 0.408511 0.197138 0.408511 0.195548 0.406383 0.192369 0.406383 0.190779 0.404255 0.190779 0.397872 0.192369 0.395745 0.192369 0.389362 0.201908 0.376596 0.203498 0.378723 0.206677 0.378723 0.208267 0.380851 0.213037 0.380851 0.214626 0.382979 0.219396 0.382979 0.220986 0.385106 0.225755 0.385106 0.227345 0.387234 0.232114 0.387234 0.233704 0.389362 0.257552 0.389362 0.259141 0.387234 0.260731 0.389362 0.27663 0.389362 0.27663 0.387234 0.279809 0.382979 0.279809 0.380851 0.281399 0.378723 0.281399 0.376596 0.282989 0.374468 0.281399 0.374468 0.278219 0.370213 0.27663 0.370213 0.27504 0.368085 0.27186 0.368085 0.27027 0.365957 0.26868 0.365957 0.267091 0.36383 0.263911 0.36383 0.260731 0.359574 0.260731 0.357447 0.259141 0.355319 0.259141 0.353191 0.257552 0.351064 0.257552 0.348936 0.233704 0.348936 0.232114 0.351064 0.230525 0.348936 0.216216 0.348936 0.214626 0.346809 0.216216 0.344681 0.216216 0.342553 0.217806 0.340426 0.249603 0.340426 0.249603 0.331915 0.251192 0.329787 0.251192 0.323404 0.249603 0.325532 0.246423 0.325532 0.244833 0.32766 0.243243 0.32766 0.241653 0.329787 0.238474 0.329787 0.236884 0.331915 0.235294 0.331915 0.233704 0.334043 0.227345 0.334043 0.225755 0.33617 0.219396 0.33617 0.217806 0.338298 0.213037 0.338298 0.211447 0.340426 0.208267 0.340426 0.206677 0.338298 0.209857 0.334043 0.209857 0.331915 0.213037 0.32766 0.213037 0.325532 0.214626 0.323404 0.214626 0.319149 0.216216 0.317021 0.216216 0.314894 0.217806 0.312766 0.217806 0.308511 0.219396 0.306383 0.200318 0.306383 0.198728 0.308511 0.193959 0.308511 0.192369 0.310638 0.190779 0.308511 0.17965 0.308511 0.17806 0.306383
0 0.518283 0.26383 0.518283 0.274468 0.534181 0.274468 0.534181 0.26383
0 0.72496 0.255319 0.72337 0.257447 0.713831 0.257447 0.712242 0.259574 0.710652 0.259574 0.709062 0.261702 0.707472 0.261702 0.705882 0.26383 0.704293 0.26383 0.702703 0.265957 0.701113 0.265957 0.702703 0.268085 0.702703 0.270213 0.737679 0.270213 0.739269 0.268085 0.740859 0.268085 0.742448 0.265957 0.745628 0.265957 0.747218 0.26383 0.748808 0.26383 0.745628 0.259574 0.736089 0.259574 0.734499 0.257447 0.72655 0.257447
0 0.842607 0.214894 0.842607 0.223404 0.847377 0.229787 0.852146 0.229787 0.853736 0.22766 0.855326 0.22766 0.856916 0.225532 0.860095 0.225532 0.861685 0.223404 0.863275 0.223404 0.861685 0.223404 0.860095 0.221277 0.858506 0.221277 0.856916 0.219149 0.853736 0.219149 0.852146 0.217021 0.850556 0.217021 0.848967 0.214894
0 0.798092 0.214894 0.798092 0.217021 0.799682 0.219149 0.799682 0.221277 0.801272 0.223404 0.801272 0.225532 0.802862 0.223404 0.812401 0.223404 0.812401 0.219149 0.810811 0.217021 0.802862 0.217021 0.801272 0.214894
0 0.578696 0.195745 0.577107 0.197872 0.577107 0.202128 0.578696 0.204255 0.578696 0.208511 0.580286 0.210638 0.580286 0.212766 0.578696 0.214894 0.569157 0.214894 0.567568 0.212766 0.564388 0.212766 0.562798 0.210638 0.559618 0.210638 0.558029 0.208511 0.54849 0.208511 0.5469 0.210638 0.540541 0.210638 0.537361 0.214894 0.537361 0.217021 0.532591 0.223404 0.531002 0.221277 0.513514 0.221277 0.510334 0.217021 0.508744 0.217021 0.505564 0.212766 0.503975 0.212766 0.500795 0.208511 0.499205 0.208511 0.497615 0.206383 0.491256 0.206383 0.489666 0.204255 0.480127 0.204255 0.478537 0.206383 0.475358 0.206383 0.473768 0.208511 0.472178 0.208511 0.470588 0.210638 0.467409 0.210638 0.465819 0.212766 0.462639 0.212766 0.462639 0.214894 0.461049 0.217021 0.461049 0.219149 0.459459 0.221277 0.459459 0.225532 0.45787 0.22766 0.45787 0.229787 0.45628 0.231915 0.448331 0.231915 0.446741 0.234043 0.445151 0.231915 0.440382 0.231915 0.438792 0.229787 0.432432 0.229787 0.430843 0.22766 0.424483 0.22766 0.422893 0.229787 0.419714 0.229787 0.418124 0.231915 0.416534 0.231915 0.414944 0.234043 0.413355 0.234043 0.411765 0.23617 0.408585 0.23617 0.406995 0.238298 0.402226 0.238298 0.400636 0.240426 0.397456 0.240426 0.395866 0.242553 0.391097 0.242553 0.389507 0.244681 0.386328 0.244681 0.384738 0.246809 0.381558 0.246809 0.379968 0.248936 0.376789 0.248936 0.375199 0.251064 0.373609 0.251064 0.372019 0.253191 0.368839 0.253191 0.36725 0.255319 0.36566 0.253191 0.357711 0.253191 0.356121 0.251064 0.349762 0.251064 0.348172 0.248936 0.324324 0.248936 0.322734 0.251064 0.321145 0.251064 0.319555 0.253191 0.316375 0.253191 0.314785 0.255319 0.313196 0.255319 0.311606 0.257447 0.286169 0.257447 0.284579 0.259574 0.27504 0.259574 0.27345 0.261702 0.259141 0.261702 0.259141 0.26383 0.257552 0.265957 0.257552 0.268085 0.254372 0.27234 0.243243 0.27234 0.241653 0.274468 0.240064 0.274468 0.238474 0.276596 0.236884 0.276596 0.235294 0.278723 0.232114 0.278723 0.230525 0.280851 0.228935 0.280851 0.227345 0.282979 0.225755 0.282979 0.224165 0.285106 0.222576 0.285106 0.232114 0.297872 0.236884 0.297872 0.238474 0.3 0.241653 0.3 0.243243 0.302128 0.248013 0.302128 0.249603 0.304255 0.252782 0.304255 0.254372 0.306383 0.26868 0.306383 0.27027 0.304255 0.278219 0.304255 0.279809 0.302128 0.289348 0.302128 0.290938 0.304255 0.287758 0.308511 0.287758 0.310638 0.279809 0.321277 0.279809 0.323404 0.27663 0.32766 0.27663 0.329787 0.27504 0.331915 0.27504 0.334043 0.302067 0.334043 0.303657 0.331915 0.319555 0.331915 0.321145 0.329787 0.322734 0.331915 0.327504 0.331915 0.329094 0.334043 0.335453 0.334043 0.337043 0.33617 0.341812 0.33617 0.343402 0.338298 0.344992 0.338298 0.346582 0.340426 0.348172 0.340426 0.349762 0.342553 0.351351 0.342553 0.352941 0.344681 0.354531 0.344681 0.356121 0.346809 0.357711 0.346809 0.3593 0.348936 0.36089 0.348936 0.36248 0.351064 0.36407 0.351064 0.36566 0.353191 0.394277 0.353191 0.395866 0.351064 0.402226 0.351064 0.403816 0.348936 0.408585 0.348936 0.410175 0.346809 0.414944 0.346809 0.416534 0.344681 0.418124 0.344681 0.419714 0.342553 0.421304 0.342553 0.422893 0.340426 0.424483 0.340426 0.426073 0.338298 0.427663 0.338298 0.429253 0.33617 0.430843 0.33617 0.432432 0.334043 0.434022 0.334043 0.434022 0.32766 0.430843 0.32766 0.429253 0.325532 0.427663 0.325532 0.426073 0.323404 0.422893 0.323404 0.419714 0.319149 0.418124 0.319149 0.416534 0.317021 0.418124 0.314894 0.421304 0.314894 0.422893 0.312766 0.424483 0.312766 0.418124 0.304255 0.414944 0.304255 0.413355 0.302128 0.411765 0.302128 0.410175 0.3 0.402226 0.3 0.400636 0.302128 0.395866 0.302128 0.394277 0.304255 0.392687 0.302128 0.392687 0.297872 0.391097 0.295745 0.391097 0.289362 0.389507 0.287234 0.389507 0.282979 0.391097 0.280851 0.392687 0.282979 0.395866 0.282979 0.397456 0.285106 0.399046 0.285106 0.400636 0.287234 0.403816 0.287234 0.405405 0.289362 0.406995 0.289362 0.408585 0.291489 0.411765 0.291489 0.411765 0.289362 0.414944 0.285106 0.414944 0.282979 0.416534 0.280851 0.416534 0.278723 0.418124 0.276596 0.418124 0.274468 0.416534 0.27234 0.416534 0.268085 0.414944 0.265957 0.414944 0.26383 0.413355 0.261702 0.413355 0.259574 0.414944 0.257447 0.465819 0.257447 0.467409 0.255319 0.472178 0.255319 0.473768 0.253191 0.478537 0.253191 0.480127 0.251064 0.484897 0.251064 0.486486 0.248936 0.491256 0.248936 0.492846 0.246809 0.500795 0.246809 0.502385 0.244681 0.508744 0.244681 0.510334 0.242553 0.518283 0.242553 0.519873 0.240426 0.561208 0.240426 0.562798 0.238298 0.573927 0.238298 0.575517 0.23617 0.578696 0.23617 0.580286 0.234043 0.583466 0.234043 0.585056 0.231915 0.588235 0.231915 0.589825 0.229787 0.593005 0.229787 0.596184 0.225532 0.596184 0.223404 0.604134 0.212766 0.604134 0.210638 0.608903 0.204255 0.607313 0.202128 0.605723 0.202128 0.602544 0.197872 0.600954 0.197872 0.599364 0.195745
1 0.438792 0.887234 0.437202 0.889362 0.435612 0.889362 0.434022 0.891489 0.432432 0.891489 0.430843 0.893617 0.429253 0.893617 0.426073 0.897872 0.424483 0.897872 0.421304 0.902128 0.419714 0.902128 0.419714 0.904255 0.418124 0.906383 0.418124 0.910638 0.416534 0.912766 0.416534 0.917021 0.414944 0.919149 0.414944 0.921277 0.403816 0.93617 0.410175 0.93617 0.413355 0.931915 0.414944 0.931915 0.419714 0.925532 0.421304 0.925532 0.426073 0.919149 0.427663 0.919149 0.430843 0.914894 0.432432 0.914894 0.437202 0.908511 0.438792 0.908511 0.443561 0.902128 0.445151 0.902128 0.446741 0.9 0.441971 0.893617 0.441971 0.891489
1 0.799682 0.47234 0.798092 0.474468 0.783784 0.474468 0.782194 0.476596 0.767886 0.476596 0.767886 0.485106 0.769475 0.482979 0.780604 0.482979 0.782194 0.480851 0.794913 0.480851 0.796502 0.478723 0.82035 0.478723 0.82035 0.476596 0.82194 0.474468 0.82194 0.47234
1 0.321145 0.331915 0.319555 0.334043 0.303657 0.334043 0.302067 0.33617 0.27504 0.33617 0.27504 0.338298 0.27345 0.340426 0.27345 0.342553 0.27186 0.344681 0.27186 0.346809 0.27027 0.348936 0.267091 0.344681 0.265501 0.344681 0.263911 0.342553 0.217806 0.342553 0.217806 0.344681 0.216216 0.346809 0.230525 0.346809 0.232114 0.348936 0.233704 0.346809 0.255962 0.346809 0.257552 0.344681 0.259141 0.346809 0.260731 0.346809 0.262321 0.348936 0.265501 0.348936 0.267091 0.351064 0.26868 0.351064 0.27027 0.353191 0.27345 0.353191 0.27504 0.355319 0.27663 0.355319 0.278219 0.357447 0.281399 0.357447 0.282989 0.359574 0.290938 0.359574 0.292528 0.361702 0.300477 0.361702 0.302067 0.36383 0.300477 0.365957 0.298887 0.365957 0.297297 0.368085 0.295707 0.368085 0.294118 0.370213 0.292528 0.370213 0.290938 0.37234 0.289348 0.37234 0.287758 0.374468 0.286169 0.374468 0.284579 0.376596 0.282989 0.376596 0.282989 0.378723 0.281399 0.380851 0.281399 0.382979 0.278219 0.387234 0.278219 0.391489 0.27663 0.393617 0.27504 0.393617 0.27345 0.395745 0.27186 0.395745 0.27027 0.397872 0.26868 0.397872 0.265501 0.402128 0.263911 0.402128 0.262321 0.404255 0.260731 0.404255 0.259141 0.406383 0.251192 0.406383 0.249603 0.408511 0.241653 0.408511 0.240064 0.410638 0.232114 0.410638 0.230525 0.412766 0.201908 0.412766 0.200318 0.414894 0.195548 0.414894 0.193959 0.417021 0.190779 0.417021 0.189189 0.419149 0.18442 0.419149 0.18283 0.421277 0.17965 0.421277 0.17806 0.423404 0.174881 0.423404 0.173291 0.425532 0.168521 0.425532 0.166932 0.42766 0.163752 0.42766 0.162162 0.429787 0.157393 0.429787 0.155803 0.431915 0.154213 0.431915 0.160572 0.440426 0.160572 0.442553 0.165342 0.448936 0.171701 0.448936 0.173291 0.446809 0.18124 0.446809 0.18283 0.444681 0.189189 0.444681 0.190779 0.442553 0.197138 0.442553 0.198728 0.440426 0.206677 0.440426 0.208267 0.438298 0.214626 0.438298 0.216216 0.43617 0.227345 0.43617 0.228935 0.434043 0.240064 0.434043 0.241653 0.431915 0.243243 0.434043 0.243243 0.43617 0.244833 0.438298 0.244833 0.442553 0.246423 0.444681 0.246423 0.448936 0.248013 0.451064 0.248013 0.455319 0.249603 0.457447 0.249603 0.461702 0.251192 0.46383 0.262321 0.46383 0.263911 0.461702 0.263911 0.455319 0.265501 0.453191 0.265501 0.444681 0.267091 0.442553 0.267091 0.434043 0.26868 0.431915 0.27027 0.431915 0.27186 0.429787 0.27345 0.429787 0.27504 0.42766 0.27663 0.42766 0.278219 0.425532 0.281399 0.425532 0.282989 0.423404 0.284579 0.423404 0.286169 0.421277 0.287758 0.421277 0.289348 0.419149 0.290938 0.419149 0.290938 0.417021 0.292528 0.414894 0.292528 0.412766 0.294118 0.410638 0.294118 0.406383 0.295707 0.404255 0.295707 0.402128 0.297297 0.4 0.297297 0.397872 0.298887 0.395745 0.313196 0.395745 0.314785 0.393617 0.327504 0.393617 0.329094 0.391489 0.330684 0.393617 0.330684 0.395745 0.332273 0.397872 0.332273 0.4 0.333863 0.402128 0.338633 0.402128 0.340223 0.404255 0.36566 0.404255 0.368839 0.4 0.370429 0.4 0.376789 0.391489 0.378378 0.391489 0.379968 0.389362 0.379968 0.380851 0.378378 0.378723 0.378378 0.370213 0.375199 0.365957 0.373609 0.365957 0.36725 0.357447 0.36566 0.357447 0.36407 0.355319 0.344992 0.355319 0.343402 0.357447 0.341812 0.357447 0.340223 0.359574 0.338633 0.359574 0.337043 0.361702 0.333863 0.361702 0.332273 0.36383 0.330684 0.36383 0.329094 0.365957 0.327504 0.365957 0.325914 0.36383 0.327504 0.361702 0.327504 0.359574 0.332273 0.353191 0.332273 0.351064 0.337043 0.344681 0.337043 0.342553 0.340223 0.338298 0.337043 0.338298 0.335453 0.33617 0.329094 0.33617 0.327504 0.334043 0.322734 0.334043
1 0.661367 0.187234 0.659777 0.189362 0.658188 0.189362 0.655008 0.193617 0.653418 0.193617 0.651828 0.195745 0.651828 0.197872 0.648649 0.202128 0.648649 0.204255 0.647059 0.206383 0.647059 0.208511 0.648649 0.210638 0.648649 0.217021 0.650238 0.219149 0.650238 0.223404 0.651828 0.225532 0.651828 0.229787 0.653418 0.231915 0.653418 0.238298 0.655008 0.240426 0.655008 0.242553 0.664547 0.242553 0.666137 0.244681 0.72814 0.244681 0.72973 0.242553 0.745628 0.242553 0.747218 0.240426 0.748808 0.242553 0.766296 0.242553 0.767886 0.244681 0.785374 0.244681 0.783784 0.242553 0.783784 0.240426 0.785374 0.238298 0.845787 0.238298 0.847377 0.23617 0.847377 0.231915 0.837838 0.219149 0.836248 0.219149 0.834658 0.217021 0.82194 0.217021 0.81876 0.221277 0.81717 0.221277 0.81399 0.225532 0.802862 0.225532 0.801272 0.22766 0.799682 0.225532 0.799682 0.223404 0.798092 0.221277 0.798092 0.219149 0.796502 0.217021 0.796502 0.214894 0.794913 0.212766 0.788553 0.212766 0.786963 0.210638 0.779014 0.210638 0.777424 0.208511 0.767886 0.208511 0.766296 0.206383 0.721781 0.206383 0.720191 0.208511 0.710652 0.208511 0.709062 0.210638 0.705882 0.206383 0.704293 0.206383 0.701113 0.202128 0.699523 0.202128 0.696343 0.197872 0.694754 0.197872 0.688394 0.189362 0.686804 0.189362 0.685215 0.187234
