0 0.793323 0.97234 0.793323 0.982979 0.794913 0.985106 0.794913 0.995745 0.806041 0.995745 0.806041 0.985106 0.804452 0.982979 0.804452 0.97234
0 0.449921 0.97234 0.449921 0.974468 0.448331 0.976596 0.448331 0.982979 0.446741 0.985106 0.446741 0.987234 0.465819 0.987234 0.467409 0.989362 0.480127 0.97234
0 0.974563 0.914894 0.966614 0.925532 0.965024 0.925532 0.963434 0.92766 0.965024 0.92766 0.966614 0.929787 0.968203 0.929787 0.969793 0.931915 0.971383 0.931915 0.972973 0.934043 0.974563 0.934043 0.976153 0.93617 0.977742 0.93617 0.979332 0.938298 0.980922 0.93617 0.987281 0.93617 0.985692 0.934043 0.985692 0.931915 0.984102 0.929787 0.984102 0.92766 0.982512 0.925532 0.982512 0.923404 0.980922 0.921277 0.979332 0.921277
0 0.72973 0.897872 0.72814 0.9 0.712242 0.9 0.710652 0.902128 0.701113 0.902128 0.699523 0.904255 0.689984 0.904255 0.689984 0.908511 0.691574 0.910638 0.691574 0.917021 0.693164 0.919149 0.693164 0.923404 0.694754 0.921277 0.715421 0.921277 0.717011 0.919149 0.737679 0.919149 0.737679 0.912766 0.736089 0.910638 0.736089 0.902128 0.734499 0.902128 0.732909 0.9 0.73132 0.9
0 0.368839 0.880851 0.36566 0.885106 0.36407 0.885106 0.36407 0.887234 0.36248 0.889362 0.36248 0.895745 0.36089 0.897872 0.36089 0.9 0.36248 0.902128 0.36407 0.902128 0.36566 0.904255 0.36725 0.904255 0.368839 0.906383 0.370429 0.906383 0.372019 0.908511 0.375199 0.908511 0.376789 0.910638 0.378378 0.910638 0.379968 0.912766 0.381558 0.912766 0.383148 0.914894 0.384738 0.914894 0.386328 0.917021 0.387917 0.917021 0.389507 0.919149 0.399046 0.919149 0.399046 0.906383 0.397456 0.904255 0.397456 0.891489 0.395866 0.889362 0.392687 0.889362 0.391097 0.887234 0.386328 0.887234 0.384738 0.885106 0.381558 0.885106 0.379968 0.882979 0.375199 0.882979 0.373609 0.880851
0 0.216216 0.855319 0.214626 0.857447 0.208267 0.857447 0.208267 0.86383 0.209857 0.865957 0.209857 0.870213 0.230525 0.870213 0.232114 0.868085 0.233704 0.868085 0.235294 0.865957 0.235294 0.86383 0.233704 0.861702 0.233704 0.855319
0 0.467409 0.789362 0.464229 0.793617 0.462639 0.793617 0.462639 0.795745 0.464229 0.797872 0.464229 0.804255 0.465819 0.806383 0.464229 0.808511 0.45628 0.808511 0.45469 0.806383 0.45469 0.817021 0.468998 0.817021 0.472178 0.821277 0.472178 0.823404 0.475358 0.82766 0.481717 0.819149 0.481717 0.817021 0.480127 0.814894 0.480127 0.812766 0.478537 0.810638 0.478537 0.806383 0.476948 0.804255 0.476948 0.797872 0.475358 0.795745 0.475358 0.791489 0.468998 0.791489
0 0.531002 0.759574 0.531002 0.77234 0.532591 0.774468 0.532591 0.787234 0.537361 0.787234 0.538951 0.789362 0.54372 0.789362 0.54531 0.791489 0.551669 0.791489 0.553259 0.793617 0.558029 0.793617 0.559618 0.795745 0.564388 0.795745 0.565978 0.797872 0.570747 0.797872 0.572337 0.8 0.578696 0.8 0.580286 0.802128 0.588235 0.802128 0.589825 0.804255 0.596184 0.804255 0.597774 0.806383 0.604134 0.806383 0.605723 0.808511 0.607313 0.806383 0.621622 0.806383 0.621622 0.795745 0.623211 0.793617 0.623211 0.782979 0.616852 0.782979 0.615262 0.780851 0.607313 0.780851 0.605723 0.778723 0.599364 0.778723 0.597774 0.776596 0.591415 0.776596 0.589825 0.774468 0.585056 0.774468 0.583466 0.77234 0.578696 0.77234 0.577107 0.770213 0.570747 0.770213 0.569157 0.768085 0.564388 0.768085 0.562798 0.765957 0.558029 0.765957 0.556439 0.76383 0.551669 0.76383 0.550079 0.761702 0.532591 0.761702
0 0.195548 0.680851 0.192369 0.685106 0.190779 0.685106 0.18124 0.697872 0.17965 0.697872 0.173291 0.706383 0.171701 0.706383 0.171701 0.708511 0.170111 0.710638 0.170111 0.712766 0.166932 0.717021 0.166932 0.719149 0.165342 0.721277 0.165342 0.723404 0.163752 0.725532 0.165342 0.72766 0.165342 0.729787 0.166932 0.731915 0.166932 0.734043 0.168521 0.73617 0.168521 0.738298 0.170111 0.740426 0.170111 0.742553 0.171701 0.744681 0.171701 0.746809 0.173291 0.748936 0.173291 0.751064 0.174881 0.753191 0.174881 0.755319 0.176471 0.757447 0.176471 0.759574 0.17806 0.761702 0.17806 0.76383 0.17965 0.765957 0.17965 0.768085 0.18124 0.770213 0.18124 0.77234 0.18283 0.770213 0.187599 0.770213 0.189189 0.768085 0.195548 0.768085 0.197138 0.765957 0.200318 0.765957 0.200318 0.755319 0.201908 0.753191 0.201908 0.740426 0.203498 0.738298 0.203498 0.734043 0.205087 0.731915 0.205087 0.729787 0.206677 0.72766 0.206677 0.723404 0.208267 0.721277 0.208267 0.717021 0.209857 0.714894 0.209857 0.712766 0.208267 0.712766 0.205087 0.708511 0.203498 0.708511 0.201908 0.706383 0.200318 0.706383 0.198728 0.704255 0.200318 0.702128 0.200318 0.7 0.201908 0.697872 0.201908 0.695745 0.203498 0.693617 0.203498 0.691489 0.205087 0.689362 0.205087 0.687234 0.203498 0.687234 0.200318 0.682979 0.198728 0.682979 0.197138 0.680851
0 0.046105 0.612766 0.044515 0.614894 0.038156 0.614894 0.034976 0.619149 0.033386 0.619149 0.030207 0.623404 0.028617 0.623404 0.025437 0.62766 0.023847 0.62766 0.019078 0.634043 0.017488 0.634043 0.014308 0.638298 0.012719 0.638298 0.009539 0.642553 0.007949 0.642553 0.006359 0.644681 0.006359 0.646809 0.007949 0.648936 0.007949 0.653191 0.009539 0.655319 0.009539 0.657447 0.011129 0.659574 0.014308 0.659574 0.015898 0.657447 0.020668 0.657447 0.022258 0.655319 0.025437 0.655319 0.027027 0.653191 0.031797 0.653191 0.033386 0.651064 0.036566 0.651064 0.038156 0.648936 0.041335 0.648936 0.042925 0.646809 0.044515 0.646809 0.046105 0.644681 0.049285 0.644681 0.049285 0.642553 0.050874 0.640426 0.050874 0.63617 0.052464 0.634043 0.052464 0.612766
0 0.079491 0.551064 0.077901 0.553191 0.074722 0.553191 0.074722 0.555319 0.073132 0.557447 0.073132 0.559574 0.071542 0.561702 0.073132 0.561702 0.074722 0.56383 0.076312 0.56383 0.077901 0.565957 0.079491 0.565957 0.081081 0.568085 0.08903 0.568085 0.08903 0.553191 0.085851 0.553191 0.084261 0.551064
1 0.042925 0.576596 0.039746 0.580851 0.038156 0.580851 0.033386 0.587234 0.041335 0.597872 0.062003 0.597872 0.063593 0.6 0.054054 0.612766 0.054054 0.634043 0.052464 0.63617 0.052464 0.640426 0.050874 0.642553 0.052464 0.644681 0.066773 0.644681 0.068362 0.642553 0.074722 0.642553 0.076312 0.640426 0.077901 0.640426 0.079491 0.638298 0.081081 0.638298 0.082671 0.63617 0.084261 0.63617 0.08744 0.631915 0.08903 0.631915 0.09062 0.629787 0.09221 0.629787 0.0938 0.62766 0.09539 0.62766 0.096979 0.625532 0.098569 0.62766 0.103339 0.62766 0.104928 0.629787 0.109698 0.629787 0.111288 0.631915 0.116057 0.631915 0.120827 0.638298 0.120827 0.640426 0.124006 0.644681 0.124006 0.646809 0.122417 0.648936 0.122417 0.653191 0.120827 0.655319 0.120827 0.657447 0.119237 0.659574 0.119237 0.66383 0.117647 0.665957 0.117647 0.670213 0.116057 0.67234 0.116057 0.674468 0.111288 0.680851 0.109698 0.680851 0.101749 0.691489 0.100159 0.691489 0.09221 0.702128 0.09221 0.704255 0.08903 0.708511 0.096979 0.719149 0.098569 0.719149 0.108108 0.731915 0.109698 0.731915 0.111288 0.734043 0.112878 0.734043 0.114467 0.73617 0.116057 0.73617 0.117647 0.738298 0.119237 0.738298 0.120827 0.740426 0.122417 0.740426 0.124006 0.742553 0.125596 0.742553 0.130366 0.748936 0.131955 0.748936 0.139905 0.759574 0.141494 0.759574 0.144674 0.76383 0.158983 0.76383 0.160572 0.761702 0.163752 0.765957 0.163752 0.768085 0.166932 0.77234 0.165342 0.774468 0.165342 0.776596 0.163752 0.778723 0.163752 0.780851 0.162162 0.782979 0.162162 0.785106 0.160572 0.787234 0.160572 0.789362 0.165342 0.795745 0.166932 0.795745 0.171701 0.802128 0.174881 0.802128 0.176471 0.804255 0.17965 0.804255 0.18124 0.806383 0.18283 0.806383 0.18442 0.808511 0.187599 0.808511 0.189189 0.810638 0.209857 0.810638 0.222576 0.82766 0.230525 0.82766 0.232114 0.829787 0.222576 0.842553 0.222576 0.844681 0.224165 0.846809 0.224165 0.848936 0.225755 0.851064 0.225755 0.853191 0.233704 0.853191 0.235294 0.855319 0.235294 0.861702 0.236884 0.86383 0.236884 0.868085 0.246423 0.868085 0.248013 0.870213 0.257552 0.870213 0.260731 0.874468 0.262321 0.874468 0.265501 0.878723 0.267091 0.878723 0.27027 0.882979 0.27186 0.882979 0.27345 0.885106 0.27504 0.885106 0.27663 0.887234 0.278219 0.887234 0.279809 0.889362 0.281399 0.889362 0.282989 0.891489 0.284579 0.891489 0.286169 0.893617 0.286169 0.897872 0.287758 0.9 0.287758 0.906383 0.289348 0.908511 0.289348 0.917021 0.290938 0.919149 0.290938 0.925532 0.292528 0.92766 0.292528 0.93617 0.294118 0.938298 0.294118 0.946809 0.295707 0.948936 0.295707 0.955319 0.297297 0.957447 0.297297 0.965957 0.298887 0.968085 0.298887 0.97234 0.308426 0.97234 0.310016 0.974468 0.319555 0.974468 0.321145 0.976596 0.330684 0.976596 0.332273 0.978723 0.333863 0.978723 0.335453 0.980851 0.338633 0.980851 0.340223 0.982979 0.344992 0.982979 0.346582 0.985106 0.351351 0.985106 0.352941 0.987234 0.357711 0.987234 0.3593 0.989362 0.36089 0.989362 0.36407 0.993617 0.36566 0.993617 0.368839 0.997872 0.510334 0.997872 0.508744 0.995745 0.508744 0.991489 0.507154 0.989362 0.507154 0.985106 0.505564 0.982979 0.505564 0.980851 0.503975 0.978723 0.503975 0.974468 0.502385 0.97234 0.502385 0.968085 0.500795 0.965957 0.500795 0.96383 0.502385 0.961702 0.503975 0.961702 0.507154 0.957447 0.508744 0.957447 0.510334 0.955319 0.513514 0.959574 0.513514 0.961702 0.515103 0.96383 0.515103 0.965957 0.518283 0.970213 0.518283 0.97234 0.519873 0.974468 0.519873 0.976596 0.523052 0.980851 0.523052 0.982979 0.524642 0.985106 0.524642 0.987234 0.527822 0.991489 0.527822 0.993617 0.529412 0.995745 0.529412 0.997872 0.538951 0.997872 0.540541 0.995745 0.540541 0.989362 0.54213 0.987234 0.54213 0.980851 0.54372 0.978723 0.54372 0.974468 0.54531 0.97234 0.54531 0.965957 0.5469 0.96383 0.5469 0.959574 0.54849 0.957447 0.54849 0.951064 0.550079 0.948936 0.550079 0.942553 0.551669 0.940426 0.551669 0.910638 0.550079 0.908511 0.550079 0.906383 0.54849 0.904255 0.54849 0.902128 0.5469 0.9 0.5469 0.897872 0.54531 0.895745 0.54531 0.893617 0.54372 0.891489 0.54372 0.889362 0.54849 0.882979 0.54849 0.880851 0.553259 0.874468 0.553259 0.87234 0.551669 0.870213 0.551669 0.868085 0.550079 0.865957 0.550079 0.86383 0.54849 0.861702 0.54849 0.859574 0.5469 0.857447 0.5469 0.855319 0.54531 0.853191 0.538951 0.853191 0.537361 0.855319 0.534181 0.855319 0.532591 0.857447 0.531002 0.857447 0.529412 0.859574 0.526232 0.859574 0.524642 0.861702 0.523052 0.861702 0.521463 0.86383 0.518283 0.86383 0.516693 0.865957 0.513514 0.865957 0.511924 0.868085 0.508744 0.868085 0.507154 0.870213 0.503975 0.870213 0.502385 0.87234 0.499205 0.87234 0.497615 0.874468 0.494436 0.874468 0.492846 0.876596 0.489666 0.876596 0.488076 0.878723 0.488076 0.880851 0.486486 0.882979 0.486486 0.885106 0.484897 0.887234 0.484897 0.891489 0.483307 0.893617 0.483307 0.897872 0.481717 0.9 0.481717 0.906383 0.480127 0.908511 0.480127 0.912766 0.481717 0.914894 0.481717 0.917021 0.483307 0.919149 0.483307 0.921277 0.484897 0.923404 0.484897 0.925532 0.483307 0.92766 0.481717 0.925532 0.472178 0.925532 0.470588 0.923404 0.459459 0.923404 0.45787 0.921277 0.4531 0.921277 0.45151 0.919149 0.448331 0.919149 0.446741 0.917021 0.441971 0.917021 0.440382 0.914894 0.432432 0.914894 0.430843 0.917021 0.427663 0.917021 0.426073 0.919149 0.424483 0.919149 0.422893 0.921277 0.419714 0.921277 0.418124 0.923404 0.416534 0.921277 0.414944 0.921277 0.413355 0.919149 0.410175 0.919149 0.408585 0.917021 0.408585 0.912766 0.406995 0.910638 0.406995 0.902128 0.405405 0.9 0.405405 0.882979 0.403816 0.885106 0.402226 0.885106 0.399046 0.889362 0.399046 0.904255 0.400636 0.906383 0.400636 0.919149 0.399046 0.921277 0.389507 0.921277 0.387917 0.919149 0.386328 0.919149 0.384738 0.917021 0.383148 0.917021 0.381558 0.914894 0.379968 0.914894 0.378378 0.912766 0.376789 0.912766 0.375199 0.910638 0.372019 0.910638 0.370429 0.908511 0.368839 0.908511 0.36725 0.906383 0.36566 0.906383 0.36407 0.904255 0.36248 0.904255 0.36089 0.902128 0.3593 0.902128 0.356121 0.897872 0.354531 0.897872 0.349762 0.891489 0.348172 0.891489 0.343402 0.885106 0.341812 0.885106 0.337043 0.878723 0.335453 0.878723 0.330684 0.87234 0.329094 0.87234 0.325914 0.868085 0.324324 0.868085 0.322734 0.865957 0.321145 0.865957 0.319555 0.86383 0.317965 0.86383 0.316375 0.861702 0.313196 0.861702 0.311606 0.859574 0.310016 0.859574 0.308426 0.857447 0.306836 0.857447 0.305246 0.855319 0.303657 0.855319 0.302067 0.853191 0.300477 0.853191 0.298887 0.851064 0.297297 0.851064 0.295707 0.848936 0.292528 0.848936 0.290938 0.846809 0.289348 0.846809 0.287758 0.844681 0.286169 0.844681 0.284579 0.842553 0.282989 0.842553 0.281399 0.840426 0.279809 0.840426 0.278219 0.838298 0.27663 0.838298 0.27345 0.834043 0.27186 0.834043 0.27027 0.831915 0.26868 0.831915 0.267091 0.829787 0.265501 0.829787 0.262321 0.825532 0.260731 0.825532 0.259141 0.823404 0.257552 0.823404 0.255962 0.821277 0.254372 0.821277 0.251192 0.817021 0.249603 0.817021 0.248013 0.814894 0.246423 0.814894 0.244833 0.812766 0.246423 0.810638 0.246423 0.808511 0.248013 0.806383 0.248013 0.804255 0.249603 0.802128 0.249603 0.8 0.251192 0.797872 0.251192 0.795745 0.252782 0.793617 0.254372 0.793617 0.255962 0.791489 0.259141 0.791489 0.260731 0.789362 0.262321 0.789362 0.263911 0.787234 0.265501 0.787234 0.267091 0.785106 0.27027 0.785106 0.27186 0.782979 0.27345 0.782979 0.27504 0.780851 0.27663 0.780851 0.278219 0.778723 0.279809 0.778723 0.281399 0.776596 0.282989 0.776596 0.286169 0.77234 0.287758 0.77234 0.289348 0.770213 0.290938 0.770213 0.290938 0.765957 0.292528 0.76383 0.292528 0.757447 0.294118 0.755319 0.294118 0.746809 0.295707 0.744681 0.295707 0.742553 0.289348 0.742553 0.287758 0.744681 0.278219 0.744681 0.27663 0.746809 0.26868 0.746809 0.267091 0.748936 0.259141 0.748936 0.257552 0.751064 0.255962 0.748936 0.232114 0.748936 0.230525 0.751064 0.227345 0.751064 0.225755 0.753191 0.224165 0.753191 0.222576 0.755319 0.220986 0.755319 0.219396 0.757447 0.216216 0.757447 0.214626 0.759574 0.213037 0.759574 0.211447 0.761702 0.209857 0.761702 0.208267 0.76383 0.206677 0.76383 0.205087 0.765957 0.203498 0.765957 0.201908 0.768085 0.197138 0.768085 0.195548 0.770213 0.189189 0.770213 0.187599 0.77234 0.18283 0.77234 0.18124 0.774468 0.17965 0.77234 0.17965 0.770213 0.17806 0.768085 0.17806 0.765957 0.176471 0.76383 0.176471 0.761702 0.174881 0.759574 0.174881 0.757447 0.173291 0.755319 0.173291 0.753191 0.171701 0.751064 0.171701 0.748936 0.170111 0.746809 0.170111 0.744681 0.168521 0.742553 0.168521 0.740426 0.166932 0.738298 0.166932 0.73617 0.165342 0.734043 0.165342 0.731915 0.163752 0.729787 0.163752 0.72766 0.162162 0.725532 0.163752 0.723404 0.163752 0.721277 0.165342 0.719149 0.165342 0.717021 0.168521 0.712766 0.168521 0.710638 0.170111 0.708511 0.170111 0.706383 0.171701 0.704255 0.170111 0.702128 0.170111 0.7 0.168521 0.697872 0.168521 0.695745 0.165342 0.691489 0.165342 0.689362 0.163752 0.687234 0.168521 0.680851 0.170111 0.680851 0.17806 0.670213 0.17965 0.670213 0.18442 0.66383 0.187599 0.66383 0.189189 0.661702 0.190779 0.661702 0.192369 0.659574 0.195548 0.659574 0.197138 0.657447 0.198728 0.657447 0.200318 0.655319 0.201908 0.655319 0.203498 0.653191 0.205087 0.653191 0.206677 0.651064 0.208267 0.651064 0.209857 0.648936 0.211447 0.648936 0.213037 0.646809 0.214626 0.646809 0.216216 0.644681 0.217806 0.644681 0.219396 0.642553 0.219396 0.640426 0.222576 0.63617 0.222576 0.634043 0.224165 0.631915 0.217806 0.631915 0.216216 0.629787 0.209857 0.629787 0.208267 0.62766 0.200318 0.62766 0.198728 0.625532 0.192369 0.625532 0.190779 0.623404 0.192369 0.621277 0.195548 0.621277 0.197138 0.619149 0.200318 0.619149 0.201908 0.617021 0.203498 0.617021 0.205087 0.614894 0.208267 0.614894 0.209857 0.612766 0.213037 0.612766 0.214626 0.610638 0.216216 0.612766 0.228935 0.612766 0.228935 0.610638 0.230525 0.608511 0.230525 0.606383 0.232114 0.604255 0.232114 0.602128 0.236884 0.595745 0.238474 0.595745 0.243243 0.589362 0.244833 0.589362 0.246423 0.587234 0.244833 0.587234 0.243243 0.585106 0.241653 0.585106 0.240064 0.582979 0.236884 0.582979 0.235294 0.580851 0.233704 0.580851 0.232114 0.578723 0.213037 0.578723 0.211447 0.580851 0.195548 0.580851 0.193959 0.582979 0.190779 0.582979 0.189189 0.585106 0.187599 0.585106 0.18601 0.587234 0.18283 0.587234 0.18124 0.589362 0.17806 0.589362 0.176471 0.591489 0.174881 0.591489 0.173291 0.593617 0.170111 0.593617 0.168521 0.595745 0.151033 0.595745 0.149444 0.597872 0.133545 0.597872 0.131955 0.6 0.130366 0.597872 0.120827 0.597872 0.119237 0.595745 0.108108 0.595745 0.106518 0.593617 0.096979 0.593617 0.09539 0.591489 0.0938 0.591489 0.09221 0.589362 0.08903 0.589362 0.08744 0.587234 0.085851 0.587234 0.084261 0.585106 0.082671 0.585106 0.081081 0.582979 0.077901 0.582979 0.076312 0.580851 0.074722 0.580851 0.073132 0.578723 0.069952 0.578723 0.068362 0.576596
1 0.031797 0.510638 0.030207 0.512766 0.020668 0.512766 0.019078 0.514894 0.011129 0.514894 0.009539 0.517021 0.00159 0.517021 0.0 0.519149 0.0 0.557447 0.036566 0.557447 0.038156 0.555319 0.044515 0.555319 0.042925 0.553191 0.041335 0.553191 0.038156 0.548936 0.044515 0.540426 0.046105 0.542553 0.062003 0.542553 0.063593 0.540426 0.065183 0.540426 0.073132 0.529787 0.069952 0.529787 0.068362 0.52766 0.065183 0.52766 0.063593 0.525532 0.060413 0.525532 0.058824 0.523404 0.055644 0.523404 0.054054 0.521277 0.050874 0.521277 0.047695 0.517021 0.046105 0.517021 0.042925 0.512766 0.041335 0.512766 0.039746 0.510638
1 0.468998 0.493617 0.467409 0.495745 0.461049 0.495745 0.459459 0.497872 0.4531 0.497872 0.45151 0.5 0.443561 0.5 0.441971 0.502128 0.435612 0.502128 0.434022 0.504255 0.427663 0.504255 0.426073 0.506383 0.421304 0.506383 0.419714 0.508511 0.414944 0.508511 0.416534 0.508511 0.418124 0.510638 0.419714 0.510638 0.421304 0.512766 0.422893 0.512766 0.426073 0.517021 0.427663 0.517021 0.429253 0.519149 0.430843 0.519149 0.432432 0.521277 0.434022 0.519149 0.489666 0.519149 0.491256 0.521277 0.492846 0.521277 0.494436 0.523404 0.496025 0.523404 0.497615 0.525532 0.499205 0.525532 0.502385 0.529787 0.503975 0.529787 0.505564 0.531915 0.507154 0.531915 0.508744 0.534043 0.510334 0.534043 0.511924 0.53617 0.513514 0.53617 0.515103 0.538298 0.54372 0.538298 0.54213 0.53617 0.540541 0.53617 0.537361 0.531915 0.535771 0.531915 0.532591 0.52766 0.535771 0.523404 0.535771 0.521277 0.538951 0.517021 0.54213 0.517021 0.54372 0.519149 0.54849 0.519149 0.550079 0.521277 0.553259 0.521277 0.554849 0.523404 0.554849 0.521277 0.556439 0.519149 0.556439 0.514894 0.558029 0.512766 0.558029 0.510638 0.556439 0.508511 0.554849 0.508511 0.551669 0.504255 0.550079 0.504255 0.54531 0.497872 0.54372 0.497872 0.540541 0.493617 0.538951 0.495745 0.470588 0.495745
1 0.155803 0.482979 0.154213 0.485106 0.152623 0.485106 0.151033 0.487234 0.149444 0.487234 0.147854 0.489362 0.146264 0.489362 0.144674 0.491489 0.143084 0.491489 0.141494 0.493617 0.139905 0.493617 0.138315 0.495745 0.136725 0.495745 0.133545 0.5 0.131955 0.5 0.127186 0.506383 0.125596 0.506383 0.124006 0.508511 0.125596 0.510638 0.127186 0.510638 0.133545 0.519149 0.135135 0.519149 0.138315 0.523404 0.143084 0.523404 0.144674 0.525532 0.147854 0.525532 0.149444 0.52766 0.154213 0.52766 0.155803 0.529787 0.163752 0.519149 0.171701 0.519149 0.173291 0.517021 0.17806 0.517021 0.17965 0.514894 0.18283 0.514894 0.18442 0.512766 0.189189 0.512766 0.187599 0.510638 0.187599 0.508511 0.18601 0.506383 0.18601 0.504255 0.18283 0.5 0.18283 0.497872 0.18124 0.495745 0.18124 0.493617 0.17965 0.491489 0.17965 0.489362 0.17806 0.487234 0.168521 0.487234 0.166932 0.485106 0.157393 0.485106
1 0.310016 0.448936 0.310016 0.451064 0.308426 0.453191 0.308426 0.455319 0.306836 0.457447 0.306836 0.459574 0.305246 0.461702 0.306836 0.46383 0.308426 0.46383 0.313196 0.470213 0.321145 0.470213 0.322734 0.47234 0.330684 0.47234 0.332273 0.474468 0.340223 0.474468 0.341812 0.476596 0.343402 0.474468 0.370429 0.474468 0.372019 0.47234 0.375199 0.47234 0.376789 0.470213 0.379968 0.470213 0.381558 0.468085 0.383148 0.468085 0.384738 0.465957 0.387917 0.465957 0.389507 0.46383 0.392687 0.46383 0.391097 0.461702 0.391097 0.459574 0.389507 0.457447 0.389507 0.455319 0.387917 0.453191 0.36248 0.453191 0.36089 0.451064 0.311606 0.451064
1 0.0 0.42766 0.0 0.440426 0.017488 0.440426 0.019078 0.438298 0.020668 0.438298 0.022258 0.43617 0.020668 0.434043 0.020668 0.431915 0.019078 0.429787 0.019078 0.42766
1 0.112878 0.370213 0.111288 0.37234 0.104928 0.37234 0.103339 0.374468 0.096979 0.374468 0.09539 0.376596 0.08903 0.376596 0.08903 0.380851 0.09062 0.382979 0.09062 0.387234 0.111288 0.387234 0.112878 0.389362 0.114467 0.387234 0.119237 0.387234 0.120827 0.385106 0.125596 0.385106 0.127186 0.382979 0.131955 0.382979 0.131955 0.376596 0.133545 0.374468 0.133545 0.370213
