0 0.991925 0.929982 0.991925 0.938959 0.994616 0.942549 0.994616 0.944345 0.995962 0.94614 0.997308 0.94614 0.998654 0.947935 0.998654 0.931777 0.993271 0.931777
0 0.951548 0.929982 0.951548 0.931777 0.952894 0.933573 0.952894 0.935368 0.95424 0.937163 0.95424 0.938959 0.963661 0.938959 0.963661 0.937163 0.962315 0.935368 0.962315 0.933573 0.960969 0.931777 0.960969 0.929982
0 0.430686 0.924596 0.429341 0.926391 0.426649 0.926391 0.425303 0.928187 0.422611 0.928187 0.421265 0.929982 0.417227 0.929982 0.415882 0.931777 0.41319 0.931777 0.411844 0.933573 0.409152 0.933573 0.40646 0.937163 0.409152 0.937163 0.410498 0.938959 0.411844 0.937163 0.419919 0.937163 0.421265 0.935368 0.430686 0.935368 0.432032 0.933573 0.440108 0.933573 0.437416 0.929982 0.437416 0.928187 0.434724 0.924596
0 0.659489 0.888689 0.658143 0.890485 0.658143 0.89228 0.656797 0.894075 0.663526 0.894075 0.664872 0.895871 0.670256 0.895871 0.671602 0.897666 0.679677 0.897666 0.679677 0.895871 0.678331 0.894075 0.678331 0.89228 0.672948 0.89228 0.671602 0.890485 0.667564 0.890485 0.666218 0.888689
0 0.590848 0.885099 0.589502 0.886894 0.585464 0.886894 0.582773 0.890485 0.585464 0.894075 0.589502 0.894075 0.590848 0.895871 0.59354 0.89228 0.594886 0.89228 0.594886 0.886894 0.592194 0.886894
0 0.853297 0.883303 0.851952 0.885099 0.851952 0.886894 0.850606 0.888689 0.850606 0.890485 0.84926 0.89228 0.84926 0.894075 0.847914 0.895871 0.84926 0.897666 0.850606 0.897666 0.851952 0.899461 0.87214 0.899461 0.873486 0.897666 0.886945 0.897666 0.890983 0.89228 0.89502 0.89228 0.896366 0.890485 0.900404 0.890485 0.90175 0.888689 0.904441 0.89228 0.907133 0.89228 0.907133 0.886894 0.90175 0.886894 0.900404 0.885099 0.89502 0.885099 0.893674 0.883303
0 0.742934 0.881508 0.741588 0.883303 0.740242 0.883303 0.740242 0.885099 0.738896 0.886894 0.738896 0.888689 0.73755 0.890485 0.73755 0.89228 0.746972 0.89228 0.746972 0.890485 0.748318 0.888689 0.748318 0.886894 0.746972 0.885099 0.746972 0.883303 0.745626 0.881508
0 0.647376 0.86535 0.647376 0.867145 0.64603 0.868941 0.64603 0.870736 0.644684 0.872531 0.644684 0.874327 0.647376 0.874327 0.648721 0.876122 0.650067 0.876122 0.651413 0.877917 0.654105 0.877917 0.655451 0.879713 0.658143 0.879713 0.659489 0.881508 0.660834 0.879713 0.663526 0.879713 0.664872 0.877917 0.66891 0.877917 0.66891 0.874327 0.666218 0.874327 0.664872 0.872531 0.658143 0.872531 0.655451 0.868941 0.654105 0.868941 0.651413 0.86535
0 0.615074 0.863555 0.615074 0.86535 0.61642 0.867145 0.61642 0.868941 0.627187 0.868941 0.627187 0.863555
0 0.594886 0.859964 0.594886 0.870736 0.606999 0.870736 0.608345 0.868941 0.60969 0.868941 0.608345 0.867145 0.608345 0.86535 0.606999 0.863555 0.606999 0.861759 0.604307 0.861759 0.602961 0.859964
0 0.574697 0.829443 0.573351 0.831239 0.565276 0.831239 0.56393 0.833034 0.558546 0.833034 0.557201 0.834829 0.551817 0.834829 0.549125 0.83842 0.549125 0.840215 0.546433 0.843806 0.546433 0.845601 0.547779 0.847397 0.547779 0.849192 0.549125 0.850987 0.549125 0.852783 0.555855 0.852783 0.562584 0.843806 0.573351 0.843806 0.574697 0.842011 0.576043 0.842011 0.578735 0.83842 0.580081 0.83842 0.580081 0.831239 0.576043 0.831239
0 0.520861 0.813285 0.520861 0.816876 0.519515 0.818671 0.519515 0.820467 0.516824 0.824057 0.515478 0.824057 0.514132 0.825853 0.519515 0.825853 0.520861 0.827648 0.537012 0.827648 0.539704 0.824057 0.54105 0.824057 0.54105 0.822262 0.539704 0.820467 0.539704 0.816876 0.537012 0.816876 0.535666 0.815081 0.53432 0.815081 0.532974 0.813285
0 0.492598 0.813285 0.491252 0.815081 0.485868 0.815081 0.485868 0.820467 0.484522 0.822262 0.484522 0.825853 0.487214 0.825853 0.48856 0.827648 0.500673 0.827648 0.504711 0.822262 0.504711 0.820467 0.508748 0.815081 0.503365 0.815081 0.502019 0.813285
0 0.39031 0.755835 0.387618 0.759425 0.388964 0.761221 0.388964 0.763016 0.39031 0.764811 0.391655 0.763016 0.40646 0.763016 0.405114 0.761221 0.405114 0.759425 0.403769 0.75763 0.403769 0.755835
0 0.690444 0.750449 0.689098 0.752244 0.685061 0.752244 0.681023 0.75763 0.679677 0.75763 0.678331 0.759425 0.678331 0.764811 0.676985 0.766607 0.676985 0.770197 0.679677 0.770197 0.681023 0.771993 0.682369 0.771993 0.683715 0.773788 0.694482 0.773788 0.697174 0.770197 0.69852 0.770197 0.699865 0.768402 0.699865 0.764811 0.701211 0.763016 0.701211 0.759425 0.697174 0.754039 0.694482 0.754039 0.693136 0.752244 0.69179 0.752244
0 0.763122 0.745063 0.761777 0.746858 0.760431 0.746858 0.757739 0.750449 0.756393 0.750449 0.755047 0.752244 0.753701 0.752244 0.752355 0.754039 0.749664 0.754039 0.748318 0.755835 0.74428 0.755835 0.742934 0.75763 0.742934 0.759425 0.741588 0.761221 0.742934 0.761221 0.745626 0.764811 0.746972 0.764811 0.748318 0.766607 0.761777 0.766607 0.763122 0.768402 0.761777 0.770197 0.761777 0.771993 0.763122 0.773788 0.763122 0.775583 0.764468 0.777379 0.787349 0.777379 0.788694 0.775583 0.79004 0.775583 0.791386 0.773788 0.794078 0.773788 0.794078 0.768402 0.792732 0.766607 0.792732 0.764811 0.791386 0.763016 0.791386 0.761221 0.79004 0.759425 0.788694 0.759425 0.786003 0.755835 0.779273 0.755835 0.775236 0.750449 0.775236 0.748654 0.772544 0.745063
0 0.632571 0.739677 0.631225 0.741472 0.620458 0.741472 0.620458 0.745063 0.619112 0.746858 0.619112 0.750449 0.628533 0.750449 0.629879 0.752244 0.631225 0.750449 0.631225 0.748654 0.633917 0.745063 0.633917 0.743268 0.632571 0.741472
0 0.418573 0.728905 0.417227 0.7307 0.41319 0.7307 0.41319 0.732496 0.414536 0.734291 0.414536 0.736086 0.415882 0.736086 0.417227 0.737882 0.418573 0.737882 0.419919 0.739677 0.421265 0.737882 0.438762 0.737882 0.438762 0.734291 0.440108 0.732496 0.440108 0.7307 0.437416 0.7307 0.43607 0.728905
0 0.51817 0.723519 0.516824 0.725314 0.515478 0.725314 0.514132 0.72711 0.51144 0.72711 0.510094 0.728905 0.503365 0.728905 0.502019 0.7307 0.496635 0.7307 0.492598 0.736086 0.495289 0.736086 0.496635 0.737882 0.497981 0.737882 0.499327 0.739677 0.506057 0.739677 0.507402 0.737882 0.51817 0.737882 0.519515 0.736086 0.526245 0.736086 0.526245 0.734291 0.527591 0.732496 0.526245 0.732496 0.522207 0.72711 0.520861 0.72711
0 0.253028 0.718133 0.250336 0.721724 0.248991 0.721724 0.248991 0.723519 0.250336 0.725314 0.250336 0.728905 0.258412 0.728905 0.259758 0.72711 0.263795 0.72711 0.269179 0.719928 0.265141 0.719928 0.263795 0.718133
0 0.442799 0.710952 0.442799 0.714542 0.441454 0.716338 0.441454 0.721724 0.442799 0.723519 0.442799 0.725314 0.444145 0.72711 0.444145 0.728905 0.446837 0.728905 0.448183 0.7307 0.450875 0.7307 0.452221 0.732496 0.464334 0.732496 0.46568 0.7307 0.467026 0.7307 0.468371 0.728905 0.469717 0.728905 0.469717 0.72711 0.471063 0.725314 0.471063 0.723519 0.469717 0.723519 0.468371 0.721724 0.467026 0.721724 0.46568 0.719928 0.461642 0.719928 0.460296 0.718133 0.457604 0.718133 0.452221 0.710952
0 0.316285 0.705566 0.316285 0.719928 0.317631 0.719928 0.320323 0.723519 0.328398 0.723519 0.328398 0.721724 0.329744 0.719928 0.329744 0.710952 0.328398 0.709156 0.328398 0.707361 0.327052 0.705566
0 0.324361 0.698384 0.324361 0.701975 0.332436 0.701975 0.332436 0.698384
0 0.149394 0.698384 0.148048 0.70018 0.137281 0.70018 0.138627 0.70018 0.139973 0.701975 0.141319 0.701975 0.144011 0.705566 0.145357 0.705566 0.146703 0.707361 0.149394 0.707361 0.15074 0.709156 0.152086 0.709156 0.153432 0.710952 0.156124 0.710952 0.15747 0.712747 0.158816 0.712747 0.160162 0.714542 0.162853 0.714542 0.164199 0.716338 0.165545 0.714542 0.168237 0.714542 0.169583 0.712747 0.177658 0.712747 0.179004 0.714542 0.183042 0.709156 0.189771 0.709156 0.191117 0.710952 0.199192 0.710952 0.205922 0.719928 0.20996 0.719928 0.211306 0.721724 0.213997 0.721724 0.215343 0.723519 0.215343 0.721724 0.213997 0.719928 0.213997 0.718133 0.212651 0.716338 0.212651 0.712747 0.211306 0.710952 0.211306 0.709156 0.205922 0.709156 0.204576 0.707361 0.201884 0.707361 0.200538 0.705566 0.196501 0.705566 0.195155 0.70377 0.192463 0.70377 0.191117 0.701975 0.183042 0.701975 0.181696 0.70018 0.18035 0.701975 0.179004 0.701975 0.177658 0.70377 0.170929 0.70377 0.169583 0.701975 0.165545 0.701975 0.164199 0.70018 0.162853 0.701975 0.153432 0.701975 0.152086 0.70018 0.15074 0.70018
0 0.839838 0.696589 0.839838 0.70018 0.841184 0.701975 0.841184 0.70377 0.84253 0.70377 0.843876 0.705566 0.846568 0.705566 0.847914 0.707361 0.878869 0.707361 0.878869 0.701975 0.87214 0.701975 0.870794 0.70018 0.869448 0.70018 0.868102 0.698384 0.850606 0.698384 0.84926 0.696589
0 0.370121 0.687612 0.368775 0.689408 0.35397 0.689408 0.352624 0.691203 0.345895 0.691203 0.344549 0.692998 0.33782 0.692998 0.33782 0.694794 0.339166 0.696589 0.339166 0.698384 0.351279 0.698384 0.352624 0.70018 0.35397 0.698384 0.362046 0.698384 0.363392 0.696589 0.372813 0.696589 0.372813 0.694794 0.371467 0.692998 0.371467 0.691203 0.370121 0.689408
0 0.707941 0.671454 0.707941 0.685817 0.710633 0.685817 0.711978 0.687612 0.730821 0.687612 0.732167 0.689408 0.725437 0.698384 0.724092 0.698384 0.717362 0.707361 0.716016 0.707361 0.713324 0.710952 0.711978 0.710952 0.709287 0.714542 0.707941 0.714542 0.706595 0.716338 0.690444 0.716338 0.689098 0.718133 0.687752 0.718133 0.686406 0.719928 0.685061 0.719928 0.685061 0.723519 0.686406 0.725314 0.686406 0.728905 0.694482 0.728905 0.695828 0.7307 0.697174 0.728905 0.724092 0.728905 0.726783 0.732496 0.726783 0.734291 0.734859 0.734291 0.736205 0.732496 0.764468 0.732496 0.765814 0.734291 0.76716 0.732496 0.76716 0.7307 0.768506 0.728905 0.768506 0.72711 0.769852 0.725314 0.769852 0.723519 0.771198 0.721724 0.771198 0.710952 0.76716 0.710952 0.764468 0.707361 0.763122 0.707361 0.759085 0.701975 0.757739 0.701975 0.756393 0.70018 0.755047 0.70018 0.753701 0.698384 0.752355 0.698384 0.751009 0.696589 0.749664 0.696589 0.748318 0.694794 0.746972 0.694794 0.745626 0.692998 0.74428 0.692998 0.742934 0.691203 0.741588 0.691203 0.740242 0.689408 0.741588 0.687612 0.740242 0.685817 0.740242 0.682226 0.738896 0.680431 0.738896 0.678636 0.734859 0.678636 0.733513 0.67684 0.733513 0.675045 0.730821 0.671454
0 0.643338 0.660682 0.643338 0.666068 0.641992 0.667864 0.641992 0.671454 0.644684 0.671454 0.64603 0.67325 0.647376 0.67325 0.648721 0.675045 0.663526 0.675045 0.664872 0.67325 0.670256 0.67325 0.670256 0.664273 0.666218 0.664273 0.664872 0.662478 0.644684 0.662478
0 0.281292 0.633752 0.281292 0.637343 0.290713 0.637343 0.292059 0.639138 0.300135 0.639138 0.300135 0.635548 0.290713 0.635548 0.289367 0.633752
0 0.578735 0.624776 0.578735 0.630162 0.584118 0.630162 0.585464 0.631957 0.589502 0.631957 0.589502 0.626571 0.585464 0.626571 0.584118 0.624776
0 0.401077 0.617594 0.401077 0.61939 0.399731 0.621185 0.399731 0.624776 0.402423 0.628366 0.40646 0.628366 0.411844 0.621185 0.411844 0.61939 0.410498 0.61939 0.409152 0.617594
0 0.491252 0.614004 0.489906 0.615799 0.48856 0.615799 0.487214 0.617594 0.485868 0.617594 0.484522 0.61939 0.484522 0.621185 0.485868 0.62298 0.485868 0.624776 0.487214 0.626571 0.487214 0.628366 0.496635 0.628366 0.499327 0.631957 0.500673 0.631957 0.502019 0.633752 0.519515 0.633752 0.520861 0.631957 0.522207 0.631957 0.524899 0.628366 0.522207 0.628366 0.520861 0.626571 0.504711 0.626571 0.503365 0.624776 0.499327 0.624776 0.497981 0.62298 0.497981 0.61939 0.496635 0.617594 0.496635 0.614004
0 0.04576 0.603232 0.047106 0.605027 0.047106 0.606822 0.05249 0.606822 0.053836 0.605027 0.055182 0.605027 0.056528 0.603232
0 0.84253 0.59246 0.841184 0.594255 0.831763 0.594255 0.830417 0.59605 0.830417 0.597846 0.831763 0.599641 0.831763 0.601436 0.833109 0.603232 0.846568 0.603232 0.847914 0.605027 0.84926 0.603232 0.84926 0.601436 0.851952 0.597846 0.84926 0.594255 0.847914 0.594255 0.846568 0.59246
0 0.375505 0.588869 0.372813 0.59246 0.371467 0.59246 0.367429 0.597846 0.364738 0.597846 0.363392 0.599641 0.3607 0.599641 0.362046 0.599641 0.364738 0.603232 0.366083 0.603232 0.367429 0.605027 0.380888 0.605027 0.382234 0.606822 0.399731 0.606822 0.401077 0.605027 0.403769 0.605027 0.405114 0.603232 0.40646 0.603232 0.40646 0.599641 0.405114 0.597846 0.405114 0.59605 0.403769 0.594255 0.402423 0.594255 0.401077 0.59246 0.399731 0.59246 0.398385 0.590664 0.394347 0.590664 0.393001 0.588869
0 0.839838 0.574506 0.838493 0.576302 0.838493 0.578097 0.837147 0.579892 0.838493 0.579892 0.841184 0.583483 0.84253 0.581688 0.845222 0.581688 0.845222 0.579892 0.843876 0.578097 0.843876 0.576302 0.841184 0.576302
0 0.538358 0.572711 0.53432 0.578097 0.53432 0.579892 0.535666 0.581688 0.535666 0.583483 0.537012 0.583483 0.539704 0.587074 0.54105 0.585278 0.553163 0.585278 0.553163 0.578097 0.551817 0.576302 0.551817 0.574506 0.547779 0.574506 0.546433 0.572711
0 0.247645 0.56553 0.247645 0.578097 0.254374 0.578097 0.257066 0.574506 0.257066 0.572711 0.258412 0.570916 0.258412 0.56553
0 0.565276 0.561939 0.565276 0.56912 0.572005 0.56912 0.573351 0.570916 0.577389 0.570916 0.578735 0.572711 0.581427 0.572711 0.582773 0.574506 0.59354 0.574506 0.594886 0.572711 0.602961 0.572711 0.602961 0.56553 0.574697 0.56553 0.573351 0.563734 0.566622 0.563734
0 0.489906 0.560144 0.489906 0.561939 0.491252 0.563734 0.491252 0.56553 0.492598 0.567325 0.491252 0.56912 0.48856 0.56912 0.487214 0.567325 0.484522 0.570916 0.483176 0.570916 0.487214 0.576302 0.492598 0.576302 0.493943 0.578097 0.493943 0.587074 0.51144 0.587074 0.512786 0.585278 0.519515 0.585278 0.520861 0.583483 0.528937 0.583483 0.528937 0.579892 0.527591 0.578097 0.527591 0.572711 0.526245 0.570916 0.526245 0.56912 0.524899 0.567325 0.524899 0.56553 0.523553 0.563734 0.514132 0.563734 0.512786 0.561939 0.51144 0.563734 0.510094 0.563734 0.508748 0.56553 0.506057 0.56553 0.504711 0.567325 0.503365 0.567325 0.497981 0.560144
0 0.286676 0.556553 0.286676 0.56912 0.290713 0.56912 0.290713 0.561939 0.289367 0.560144 0.289367 0.556553
0 0.973082 0.551167 0.971736 0.552962 0.971736 0.554758 0.97039 0.556553 0.97039 0.558348 0.971736 0.560144 0.971736 0.561939 0.982503 0.561939 0.986541 0.556553 0.982503 0.551167
1 0.794078 0.863555 0.792732 0.86535 0.784657 0.86535 0.783311 0.867145 0.775236 0.867145 0.772544 0.870736 0.771198 0.870736 0.768506 0.874327 0.76716 0.874327 0.765814 0.876122 0.763122 0.876122 0.761777 0.877917 0.757739 0.877917 0.756393 0.879713 0.745626 0.879713 0.748318 0.883303 0.748318 0.885099 0.749664 0.886894 0.749664 0.888689 0.748318 0.890485 0.748318 0.89228 0.746972 0.894075 0.763122 0.894075 0.764468 0.89228 0.76716 0.89228 0.768506 0.890485 0.776581 0.890485 0.777927 0.89228 0.780619 0.89228 0.781965 0.894075 0.781965 0.895871 0.783311 0.897666 0.783311 0.899461 0.792732 0.899461 0.794078 0.901257 0.804845 0.901257 0.806191 0.903052 0.806191 0.904847 0.807537 0.906643 0.806191 0.908438 0.794078 0.908438 0.795424 0.908438 0.79677 0.910233 0.798116 0.910233 0.799462 0.912029 0.800808 0.912029 0.802153 0.913824 0.803499 0.913824 0.804845 0.915619 0.806191 0.913824 0.822342 0.913824 0.823688 0.915619 0.82638 0.915619 0.827725 0.917415 0.837147 0.917415 0.838493 0.91921 0.84253 0.91921 0.843876 0.921005 0.847914 0.921005 0.84926 0.922801 0.853297 0.922801 0.854643 0.924596 0.862719 0.924596 0.864065 0.926391 0.869448 0.926391 0.870794 0.928187 0.876178 0.928187 0.877524 0.929982 0.880215 0.929982 0.881561 0.931777 0.882907 0.931777 0.884253 0.933573 0.886945 0.933573 0.888291 0.935368 0.889637 0.935368 0.890983 0.937163 0.897712 0.937163 0.899058 0.938959 0.904441 0.938959 0.905787 0.940754 0.908479 0.940754 0.909825 0.942549 0.911171 0.942549 0.912517 0.944345 0.915209 0.944345 0.916555 0.94614 0.9179 0.94614 0.919246 0.947935 0.920592 0.947935 0.921938 0.949731 0.92463 0.949731 0.925976 0.951526 0.927322 0.951526 0.928668 0.953321 0.930013 0.953321 0.931359 0.955117 0.944818 0.955117 0.946164 0.956912 0.94751 0.955117 0.95424 0.955117 0.952894 0.953321 0.952894 0.951526 0.951548 0.949731 0.946164 0.949731 0.944818 0.947935 0.940781 0.947935 0.939435 0.94614 0.939435 0.944345 0.940781 0.942549 0.940781 0.940754 0.942127 0.938959 0.952894 0.938959 0.952894 0.937163 0.951548 0.935368 0.951548 0.933573 0.950202 0.931777 0.950202 0.929982 0.951548 0.928187 0.960969 0.928187 0.962315 0.929982 0.962315 0.931777 0.963661 0.933573 0.963661 0.935368 0.965007 0.937163 0.965007 0.938959 0.966353 0.940754 0.967699 0.938959 0.981157 0.938959 0.982503 0.940754 0.983849 0.940754 0.985195 0.942549 0.97712 0.953321 0.978466 0.955117 0.978466 0.956912 0.982503 0.962298 0.982503 0.964093 0.983849 0.965889 0.989233 0.965889 0.990579 0.967684 0.991925 0.965889 0.993271 0.965889 0.994616 0.964093 0.997308 0.964093 0.997308 0.956912 0.995962 0.955117 0.995962 0.947935 0.993271 0.944345 0.993271 0.942549 0.990579 0.938959 0.990579 0.929982 0.987887 0.926391 0.986541 0.926391 0.983849 0.922801 0.978466 0.922801 0.97712 0.921005 0.97039 0.921005 0.969044 0.91921 0.963661 0.91921 0.962315 0.917415 0.960969 0.91921 0.94751 0.91921 0.939435 0.929982 0.936743 0.929982 0.935397 0.931777 0.930013 0.931777 0.928668 0.929982 0.925976 0.929982 0.92463 0.928187 0.92463 0.926391 0.923284 0.924596 0.923284 0.922801 0.921938 0.921005 0.921938 0.91921 0.923284 0.917415 0.923284 0.915619 0.92463 0.913824 0.92463 0.912029 0.925976 0.910233 0.92463 0.910233 0.923284 0.908438 0.921938 0.908438 0.919246 0.904847 0.9179 0.904847 0.916555 0.903052 0.915209 0.903052 0.912517 0.899461 0.912517 0.897666 0.911171 0.895871 0.911171 0.894075 0.909825 0.89228 0.909825 0.890485 0.908479 0.888689 0.908479 0.886894 0.908479 0.89228 0.907133 0.894075 0.904441 0.894075 0.90175 0.890485 0.900404 0.89228 0.896366 0.89228 0.89502 0.894075 0.890983 0.894075 0.886945 0.899461 0.873486 0.899461 0.87214 0.901257 0.851952 0.901257 0.850606 0.899461 0.84926 0.899461 0.846568 0.895871 0.847914 0.894075 0.847914 0.89228 0.84926 0.890485 0.84926 0.888689 0.850606 0.886894 0.850606 0.885099 0.851952 0.883303 0.850606 0.885099 0.84926 0.885099 0.847914 0.886894 0.846568 0.886894 0.845222 0.888689 0.843876 0.888689 0.843876 0.89228 0.84253 0.894075 0.84253 0.897666 0.841184 0.899461 0.831763 0.899461 0.830417 0.901257 0.81965 0.901257 0.818304 0.899461 0.816958 0.899461 0.814266 0.895871 0.812921 0.895871 0.810229 0.89228 0.808883 0.89228 0.804845 0.886894 0.800808 0.886894 0.799462 0.885099 0.79677 0.885099 0.795424 0.883303 0.791386 0.883303 0.79004 0.881508 0.776581 0.881508 0.775236 0.879713 0.775236 0.874327 0.776581 0.872531 0.780619 0.872531 0.781965 0.870736 0.787349 0.870736 0.788694 0.868941 0.792732 0.868941 0.794078 0.867145 0.800808 0.867145 0.800808 0.86535 0.802153 0.863555
1 0.17362 0.833034 0.172275 0.834829 0.162853 0.834829 0.161507 0.836625 0.152086 0.836625 0.154778 0.836625 0.156124 0.83842 0.158816 0.83842 0.160162 0.840215 0.162853 0.840215 0.164199 0.842011 0.166891 0.842011 0.168237 0.843806 0.170929 0.843806 0.172275 0.845601 0.172275 0.840215 0.17362 0.83842
1 0.510094 0.815081 0.506057 0.820467 0.506057 0.822262 0.500673 0.829443 0.500673 0.831239 0.502019 0.833034 0.502019 0.83842 0.503365 0.840215 0.503365 0.842011 0.504711 0.843806 0.506057 0.843806 0.510094 0.849192 0.527591 0.849192 0.528937 0.850987 0.530283 0.850987 0.532974 0.854578 0.53432 0.854578 0.535666 0.856373 0.537012 0.856373 0.539704 0.859964 0.54105 0.859964 0.542396 0.861759 0.543742 0.861759 0.545087 0.863555 0.546433 0.863555 0.547779 0.86535 0.550471 0.86535 0.551817 0.867145 0.553163 0.867145 0.554509 0.868941 0.555855 0.868941 0.557201 0.870736 0.558546 0.870736 0.559892 0.872531 0.561238 0.872531 0.562584 0.874327 0.565276 0.874327 0.566622 0.876122 0.567968 0.876122 0.569314 0.877917 0.570659 0.877917 0.572005 0.879713 0.588156 0.879713 0.589502 0.881508 0.658143 0.881508 0.655451 0.881508 0.654105 0.879713 0.651413 0.879713 0.650067 0.877917 0.648721 0.877917 0.647376 0.876122 0.644684 0.876122 0.643338 0.874327 0.643338 0.872531 0.644684 0.870736 0.644684 0.868941 0.64603 0.867145 0.64603 0.86535 0.647376 0.863555 0.651413 0.863555 0.654105 0.867145 0.655451 0.867145 0.658143 0.870736 0.664872 0.870736 0.666218 0.872531 0.66891 0.872531 0.670256 0.874327 0.670256 0.877917 0.66891 0.879713 0.664872 0.879713 0.663526 0.881508 0.660834 0.881508 0.699865 0.881508 0.701211 0.879713 0.705249 0.879713 0.706595 0.877917 0.709287 0.877917 0.710633 0.876122 0.71467 0.876122 0.71467 0.874327 0.716016 0.872531 0.716016 0.870736 0.717362 0.868941 0.717362 0.867145 0.718708 0.86535 0.717362 0.863555 0.716016 0.863555 0.713324 0.859964 0.711978 0.859964 0.709287 0.856373 0.709287 0.850987 0.710633 0.849192 0.710633 0.845601 0.69179 0.845601 0.690444 0.847397 0.685061 0.847397 0.683715 0.849192 0.66891 0.849192 0.667564 0.847397 0.659489 0.847397 0.658143 0.845601 0.656797 0.845601 0.655451 0.843806 0.652759 0.843806 0.651413 0.842011 0.650067 0.842011 0.648721 0.840215 0.647376 0.840215 0.64603 0.83842 0.629879 0.83842 0.628533 0.836625 0.615074 0.836625 0.613728 0.83842 0.605653 0.83842 0.604307 0.840215 0.594886 0.840215 0.592194 0.836625 0.590848 0.836625 0.588156 0.833034 0.58681 0.833034 0.585464 0.831239 0.581427 0.831239 0.581427 0.83842 0.580081 0.840215 0.578735 0.840215 0.576043 0.843806 0.574697 0.843806 0.573351 0.845601 0.562584 0.845601 0.555855 0.854578 0.549125 0.854578 0.547779 0.852783 0.547779 0.850987 0.546433 0.849192 0.546433 0.847397 0.545087 0.845601 0.545087 0.843806 0.547779 0.840215 0.547779 0.83842 0.550471 0.834829 0.549125 0.834829 0.547779 0.833034 0.545087 0.833034 0.543742 0.831239 0.542396 0.831239 0.54105 0.829443 0.520861 0.829443 0.519515 0.827648 0.514132 0.827648 0.512786 0.825853 0.515478 0.822262 0.516824 0.822262 0.51817 0.820467 0.51817 0.818671 0.519515 0.816876 0.519515 0.815081
1 0.391655 0.786355 0.39031 0.788151 0.386272 0.788151 0.384926 0.789946 0.380888 0.789946 0.379542 0.791741 0.374159 0.791741 0.372813 0.793537 0.368775 0.793537 0.372813 0.793537 0.374159 0.795332 0.376851 0.795332 0.378197 0.797127 0.382234 0.797127 0.38358 0.798923 0.387618 0.798923 0.388964 0.800718 0.391655 0.800718 0.393001 0.802513 0.397039 0.802513 0.398385 0.804309 0.401077 0.804309 0.402423 0.806104 0.40646 0.806104 0.407806 0.807899 0.409152 0.807899 0.410498 0.809695 0.411844 0.809695 0.41319 0.81149 0.415882 0.81149 0.417227 0.813285 0.418573 0.813285 0.419919 0.815081 0.421265 0.815081 0.422611 0.816876 0.423957 0.816876 0.425303 0.818671 0.426649 0.818671 0.427995 0.820467 0.429341 0.820467 0.430686 0.822262 0.433378 0.822262 0.434724 0.824057 0.43607 0.824057 0.437416 0.825853 0.438762 0.825853 0.440108 0.827648 0.441454 0.827648 0.442799 0.829443 0.45895 0.807899 0.45895 0.806104 0.460296 0.804309 0.460296 0.802513 0.461642 0.800718 0.461642 0.798923 0.462988 0.797127 0.452221 0.797127 0.450875 0.795332 0.440108 0.795332 0.438762 0.793537 0.427995 0.793537 0.426649 0.791741 0.417227 0.791741 0.415882 0.789946 0.405114 0.789946 0.403769 0.788151 0.393001 0.788151
1 0.577389 0.771993 0.576043 0.773788 0.570659 0.773788 0.569314 0.775583 0.56393 0.775583 0.562584 0.777379 0.557201 0.777379 0.558546 0.779174 0.558546 0.780969 0.559892 0.782765 0.561238 0.780969 0.578735 0.780969 0.578735 0.777379 0.577389 0.775583
1 0.382234 0.770197 0.384926 0.773788 0.384926 0.775583 0.386272 0.777379 0.387618 0.775583 0.393001 0.775583 0.394347 0.773788 0.401077 0.773788 0.393001 0.773788 0.391655 0.771993 0.38358 0.771993
1 0.503365 0.768402 0.502019 0.770197 0.499327 0.770197 0.497981 0.771993 0.495289 0.771993 0.503365 0.771993 0.504711 0.773788 0.512786 0.773788 0.514132 0.775583 0.51817 0.770197 0.504711 0.770197
1 0.553163 0.745063 0.550471 0.748654 0.550471 0.750449 0.547779 0.754039 0.550471 0.754039 0.551817 0.755835 0.554509 0.755835 0.555855 0.75763 0.581427 0.75763 0.582773 0.759425 0.594886 0.759425 0.596231 0.761221 0.606999 0.761221 0.608345 0.763016 0.619112 0.763016 0.620458 0.764811 0.629879 0.764811 0.631225 0.766607 0.641992 0.766607 0.643338 0.768402 0.658143 0.768402 0.659489 0.766607 0.660834 0.766607 0.66218 0.764811 0.663526 0.764811 0.663526 0.75763 0.66218 0.75763 0.660834 0.755835 0.659489 0.755835 0.658143 0.754039 0.637954 0.754039 0.636608 0.752244 0.631225 0.752244 0.629879 0.754039 0.628533 0.752244 0.619112 0.752244 0.617766 0.750449 0.60969 0.750449 0.608345 0.748654 0.594886 0.748654 0.59354 0.746858 0.580081 0.746858 0.578735 0.745063
1 0.314939 0.741472 0.316285 0.743268 0.316285 0.745063 0.317631 0.746858 0.317631 0.748654 0.339166 0.748654 0.33782 0.746858 0.33782 0.745063 0.336474 0.743268 0.336474 0.741472
1 0.379542 0.739677 0.378197 0.741472 0.378197 0.743268 0.375505 0.746858 0.402423 0.746858 0.402423 0.739677
1 0.457604 0.737882 0.457604 0.739677 0.45895 0.741472 0.45895 0.743268 0.460296 0.745063 0.460296 0.746858 0.48856 0.746858 0.487214 0.746858 0.485868 0.745063 0.484522 0.745063 0.483176 0.743268 0.48183 0.743268 0.480485 0.741472 0.462988 0.741472 0.461642 0.739677 0.45895 0.739677
1 0.340511 0.719928 0.336474 0.725314 0.335128 0.725314 0.333782 0.72711 0.341857 0.72711 0.343203 0.728905 0.349933 0.728905 0.351279 0.7307 0.359354 0.7307 0.3607 0.732496 0.3607 0.728905 0.359354 0.72711 0.359354 0.723519 0.351279 0.723519 0.349933 0.721724 0.341857 0.721724
1 0.170929 0.691203 0.169583 0.692998 0.154778 0.692998 0.153432 0.694794 0.146703 0.694794 0.145357 0.696589 0.137281 0.696589 0.135935 0.698384 0.129206 0.698384 0.12786 0.70018 0.109017 0.70018 0.107672 0.698384 0.103634 0.698384 0.102288 0.696589 0.100942 0.698384 0.100942 0.70018 0.09825 0.70377 0.09825 0.705566 0.095559 0.709156 0.0821 0.709156 0.076716 0.716338 0.0821 0.716338 0.083445 0.718133 0.084791 0.718133 0.086137 0.719928 0.088829 0.719928 0.090175 0.721724 0.091521 0.721724 0.092867 0.723519 0.121131 0.723519 0.122476 0.725314 0.13459 0.725314 0.135935 0.723519 0.15074 0.723519 0.152086 0.725314 0.15747 0.725314 0.158816 0.72711 0.164199 0.72711 0.165545 0.728905 0.204576 0.728905 0.205922 0.72711 0.208614 0.72711 0.20996 0.725314 0.211306 0.725314 0.212651 0.723519 0.213997 0.723519 0.211306 0.723519 0.20996 0.721724 0.205922 0.721724 0.199192 0.712747 0.191117 0.712747 0.189771 0.710952 0.183042 0.710952 0.179004 0.716338 0.177658 0.714542 0.169583 0.714542 0.168237 0.716338 0.165545 0.716338 0.164199 0.718133 0.162853 0.716338 0.160162 0.716338 0.158816 0.714542 0.15747 0.714542 0.156124 0.712747 0.153432 0.712747 0.152086 0.710952 0.15074 0.710952 0.149394 0.709156 0.146703 0.709156 0.145357 0.707361 0.144011 0.707361 0.141319 0.70377 0.139973 0.70377 0.138627 0.701975 0.137281 0.701975 0.135935 0.70018 0.137281 0.698384 0.148048 0.698384 0.149394 0.696589 0.15074 0.698384 0.152086 0.698384 0.153432 0.70018 0.162853 0.70018 0.164199 0.698384 0.165545 0.70018 0.169583 0.70018 0.170929 0.701975 0.177658 0.701975 0.179004 0.70018 0.18035 0.70018 0.181696 0.698384 0.183042 0.70018 0.191117 0.70018 0.192463 0.701975 0.195155 0.701975 0.196501 0.70377 0.200538 0.70377 0.201884 0.705566 0.204576 0.705566 0.204576 0.70377 0.20323 0.701975 0.20323 0.696589 0.197847 0.696589 0.196501 0.694794 0.191117 0.694794 0.189771 0.692998 0.172275 0.692998
1 0.024226 0.689408 0.02288 0.691203 0.0 0.691203 0.0 0.698384 0.024226 0.698384 0.025572 0.70018 0.025572 0.696589 0.024226 0.694794
1 0.768506 0.685817 0.76716 0.687612 0.746972 0.687612 0.745626 0.689408 0.741588 0.689408 0.742934 0.689408 0.74428 0.691203 0.745626 0.691203 0.746972 0.692998 0.748318 0.692998 0.749664 0.694794 0.751009 0.694794 0.752355 0.696589 0.753701 0.696589 0.755047 0.698384 0.756393 0.696589 0.764468 0.696589 0.765814 0.698384 0.765814 0.70018 0.76716 0.701975 0.76716 0.70377 0.776581 0.70377 0.777927 0.705566 0.795424 0.705566 0.79677 0.707361 0.804845 0.707361 0.806191 0.709156 0.812921 0.709156 0.814266 0.710952 0.833109 0.710952 0.834455 0.712747 0.841184 0.712747 0.84253 0.714542 0.847914 0.714542 0.84926 0.716338 0.866756 0.716338 0.869448 0.719928 0.870794 0.719928 0.87214 0.721724 0.873486 0.719928 0.874832 0.719928 0.876178 0.718133 0.897712 0.718133 0.899058 0.719928 0.907133 0.719928 0.908479 0.721724 0.952894 0.721724 0.95424 0.723519 0.962315 0.723519 0.963661 0.725314 0.995962 0.725314 0.995962 0.719928 0.981157 0.719928 0.978466 0.716338 0.978466 0.714542 0.973082 0.714542 0.971736 0.712747 0.956931 0.712747 0.955585 0.710952 0.932705 0.710952 0.931359 0.709156 0.928668 0.709156 0.927322 0.707361 0.925976 0.707361 0.923284 0.70377 0.923284 0.701975 0.921938 0.70018 0.913863 0.70018 0.909825 0.705566 0.888291 0.705566 0.886945 0.70377 0.881561 0.70377 0.880215 0.701975 0.880215 0.707361 0.878869 0.709156 0.847914 0.709156 0.846568 0.707361 0.843876 0.707361 0.84253 0.705566 0.841184 0.705566 0.839838 0.70377 0.839838 0.701975 0.838493 0.70018 0.838493 0.696589 0.833109 0.696589 0.831763 0.698384 0.788694 0.698384 0.787349 0.696589 0.79004 0.692998 0.808883 0.692998 0.808883 0.691203 0.810229 0.689408 0.810229 0.687612 0.794078 0.687612 0.792732 0.685817
1 0.61642 0.684022 0.61642 0.685817 0.617766 0.687612 0.617766 0.689408 0.619112 0.691203 0.619112 0.692998 0.625841 0.692998 0.627187 0.694794 0.633917 0.694794 0.635262 0.696589 0.641992 0.696589 0.644684 0.70018 0.644684 0.701975 0.64603 0.70377 0.685061 0.70377 0.686406 0.705566 0.686406 0.70377 0.687752 0.701975 0.687752 0.70018 0.689098 0.698384 0.689098 0.696589 0.679677 0.696589 0.678331 0.694794 0.66891 0.694794 0.667564 0.692998 0.658143 0.692998 0.656797 0.691203 0.647376 0.691203 0.64603 0.689408 0.637954 0.689408 0.636608 0.687612 0.627187 0.687612 0.625841 0.685817 0.617766 0.685817
1 0.323015 0.678636 0.321669 0.680431 0.306864 0.680431 0.305518 0.682226 0.304172 0.682226 0.302826 0.684022 0.30148 0.684022 0.300135 0.685817 0.297443 0.685817 0.296097 0.687612 0.294751 0.687612 0.293405 0.689408 0.265141 0.689408 0.265141 0.694794 0.282638 0.694794 0.288022 0.701975 0.292059 0.701975 0.293405 0.70377 0.296097 0.70377 0.297443 0.705566 0.314939 0.705566 0.316285 0.70377 0.335128 0.70377 0.33782 0.70018 0.33782 0.696589 0.336474 0.694794 0.336474 0.692998 0.33782 0.691203 0.344549 0.691203 0.345895 0.689408 0.352624 0.689408 0.35397 0.687612 0.35397 0.685817 0.352624 0.684022 0.352624 0.678636 0.345895 0.678636 0.343203 0.682226 0.341857 0.682226 0.340511 0.684022 0.336474 0.684022 0.335128 0.682226 0.329744 0.682226 0.328398 0.680431 0.324361 0.680431
1 0.0 0.67325 0.0 0.680431 0.026918 0.680431 0.026918 0.678636 0.025572 0.67684 0.025572 0.67325
1 0.242261 0.664273 0.242261 0.666068 0.240915 0.667864 0.242261 0.667864 0.244953 0.671454 0.257066 0.671454 0.258412 0.67325 0.270525 0.67325 0.271871 0.675045 0.273217 0.675045 0.274563 0.67684 0.279946 0.67684 0.281292 0.675045 0.283984 0.675045 0.283984 0.671454 0.28533 0.669659 0.28533 0.667864 0.246299 0.667864 0.244953 0.666068 0.243607 0.666068
1 0.370121 0.653501 0.367429 0.657092 0.366083 0.657092 0.363392 0.660682 0.362046 0.660682 0.364738 0.660682 0.366083 0.662478 0.368775 0.662478 0.370121 0.664273 0.372813 0.664273 0.374159 0.666068 0.375505 0.666068 0.376851 0.667864 0.379542 0.667864 0.380888 0.669659 0.38358 0.669659 0.384926 0.671454 0.384926 0.67325 0.386272 0.675045 0.386272 0.67684 0.387618 0.678636 0.387618 0.680431 0.386272 0.682226 0.382234 0.682226 0.380888 0.684022 0.376851 0.684022 0.379542 0.684022 0.380888 0.685817 0.382234 0.685817 0.38358 0.687612 0.386272 0.687612 0.387618 0.689408 0.41319 0.689408 0.414536 0.691203 0.425303 0.691203 0.426649 0.692998 0.43607 0.692998 0.437416 0.694794 0.438762 0.692998 0.448183 0.692998 0.449529 0.691203 0.45895 0.691203 0.45895 0.687612 0.450875 0.687612 0.449529 0.685817 0.442799 0.685817 0.441454 0.684022 0.427995 0.684022 0.426649 0.682226 0.432032 0.675045 0.433378 0.675045 0.43607 0.671454 0.40646 0.671454 0.405114 0.669659 0.399731 0.669659 0.398385 0.667864 0.397039 0.667864 0.394347 0.664273 0.393001 0.664273 0.391655 0.662478 0.39031 0.662478 0.387618 0.658887 0.386272 0.658887 0.384926 0.657092 0.378197 0.657092 0.376851 0.655296 0.371467 0.655296
1 0.065949 0.64632 0.063257 0.64991 0.061911 0.64991 0.059219 0.653501 0.057873 0.653501 0.078062 0.653501 0.079408 0.655296 0.079408 0.651706 0.080754 0.64991 0.080754 0.648115 0.067295 0.648115
1 0.149394 0.642729 0.148048 0.644524 0.142665 0.644524 0.141319 0.64632 0.135935 0.64632 0.141319 0.64632 0.142665 0.648115 0.146703 0.648115 0.148048 0.64991 0.148048 0.64632 0.149394 0.644524
1 0.596231 0.639138 0.596231 0.64991 0.604307 0.64991 0.605653 0.651706 0.613728 0.651706 0.615074 0.653501 0.624495 0.653501 0.625841 0.655296 0.633917 0.655296 0.635262 0.657092 0.643338 0.657092 0.644684 0.658887 0.644684 0.653501 0.64603 0.651706 0.64603 0.648115 0.637954 0.648115 0.636608 0.64632 0.627187 0.64632 0.625841 0.644524 0.617766 0.644524 0.61642 0.642729 0.606999 0.642729 0.605653 0.640934 0.597577 0.640934
1 0.122476 0.635548 0.122476 0.644524 0.123822 0.642729 0.125168 0.642729 0.126514 0.640934 0.129206 0.640934 0.130552 0.639138 0.131898 0.639138 0.133244 0.637343 0.135935 0.637343 0.123822 0.637343
1 0.145357 0.615799 0.144011 0.617594 0.137281 0.617594 0.135935 0.61939 0.130552 0.61939 0.129206 0.621185 0.122476 0.621185 0.123822 0.62298 0.125168 0.62298 0.12786 0.626571 0.129206 0.624776 0.145357 0.624776
1 0.497981 0.614004 0.497981 0.617594 0.499327 0.61939 0.499327 0.62298 0.503365 0.62298 0.504711 0.624776 0.520861 0.624776 0.522207 0.626571 0.524899 0.626571 0.526245 0.628366 0.526245 0.626571 0.527591 0.624776 0.527591 0.62298 0.528937 0.621185 0.528937 0.61939 0.527591 0.617594 0.526245 0.617594 0.523553 0.614004
1 0.736205 0.610413 0.736205 0.615799 0.759085 0.615799 0.760431 0.617594 0.760431 0.615799 0.759085 0.614004 0.759085 0.610413
1 0.740242 0.56553 0.738896 0.567325 0.728129 0.567325 0.728129 0.56912 0.726783 0.570916 0.726783 0.572711 0.736205 0.572711 0.73755 0.574506 0.740242 0.574506 0.741588 0.576302 0.749664 0.576302 0.751009 0.578097 0.749664 0.579892 0.725437 0.579892 0.724092 0.578097 0.720054 0.578097 0.718708 0.576302 0.716016 0.576302 0.71467 0.574506 0.713324 0.576302 0.711978 0.576302 0.710633 0.578097 0.701211 0.578097 0.701211 0.583483 0.699865 0.585278 0.69852 0.585278 0.695828 0.588869 0.694482 0.588869 0.701211 0.588869 0.702557 0.590664 0.709287 0.590664 0.710633 0.59246 0.724092 0.59246 0.725437 0.594255 0.730821 0.594255 0.732167 0.59605 0.73755 0.59605 0.738896 0.597846 0.753701 0.597846 0.755047 0.599641 0.764468 0.599641 0.765814 0.601436 0.768506 0.601436 0.769852 0.603232 0.771198 0.603232 0.772544 0.605027 0.771198 0.606822 0.769852 0.606822 0.768506 0.608618 0.76716 0.608618 0.776581 0.621185 0.784657 0.621185 0.786003 0.62298 0.795424 0.62298 0.79677 0.624776 0.804845 0.624776 0.806191 0.626571 0.806191 0.624776 0.804845 0.62298 0.804845 0.617594 0.803499 0.615799 0.804845 0.614004 0.814266 0.614004 0.815612 0.615799 0.825034 0.615799 0.823688 0.614004 0.822342 0.614004 0.81965 0.610413 0.818304 0.610413 0.815612 0.606822 0.814266 0.606822 0.812921 0.605027 0.814266 0.603232 0.831763 0.603232 0.830417 0.601436 0.830417 0.599641 0.829071 0.597846 0.829071 0.59605 0.831763 0.59246 0.841184 0.59246 0.84253 0.590664 0.846568 0.590664 0.847914 0.59246 0.847914 0.590664 0.846568 0.588869 0.846568 0.587074 0.847914 0.585278 0.896366 0.585278 0.897712 0.587074 0.899058 0.585278 0.909825 0.585278 0.909825 0.583483 0.908479 0.581688 0.908479 0.579892 0.903096 0.579892 0.90175 0.581688 0.87214 0.581688 0.869448 0.578097 0.869448 0.574506 0.862719 0.574506 0.861373 0.576302 0.860027 0.576302 0.857335 0.579892 0.853297 0.579892 0.851952 0.578097 0.84926 0.578097 0.847914 0.576302 0.847914 0.56912 0.845222 0.56553 0.843876 0.567325 0.827725 0.567325 0.82638 0.56912 0.820996 0.56912 0.81965 0.570916 0.798116 0.570916 0.79677 0.56912 0.79004 0.56912 0.788694 0.567325 0.775236 0.567325 0.77389 0.56553
1 0.056528 0.556553 0.05249 0.561939 0.051144 0.561939 0.048452 0.56553 0.049798 0.563734 0.065949 0.563734 0.065949 0.556553
1 0.562584 0.552962 0.559892 0.556553 0.558546 0.556553 0.557201 0.558348 0.551817 0.558348 0.550471 0.556553 0.545087 0.556553 0.543742 0.554758 0.542396 0.556553 0.542396 0.558348 0.54105 0.560144 0.515478 0.560144 0.514132 0.558348 0.507402 0.558348 0.506057 0.556553 0.461642 0.556553 0.460296 0.558348 0.454913 0.558348 0.453567 0.560144 0.448183 0.560144 0.450875 0.560144 0.452221 0.561939 0.453567 0.561939 0.454913 0.563734 0.456258 0.563734 0.45895 0.567325 0.460296 0.567325 0.462988 0.570916 0.462988 0.576302 0.461642 0.578097 0.461642 0.579892 0.460296 0.581688 0.45895 0.581688 0.457604 0.579892 0.456258 0.579892 0.454913 0.578097 0.452221 0.578097 0.450875 0.576302 0.449529 0.576302 0.448183 0.574506 0.446837 0.574506 0.444145 0.570916 0.442799 0.570916 0.441454 0.56912 0.403769 0.56912 0.402423 0.570916 0.399731 0.570916 0.398385 0.572711 0.386272 0.572711 0.384926 0.570916 0.38358 0.572711 0.38358 0.574506 0.379542 0.579892 0.378197 0.579892 0.376851 0.581688 0.374159 0.581688 0.372813 0.579892 0.370121 0.579892 0.368775 0.578097 0.367429 0.578097 0.366083 0.576302 0.364738 0.576302 0.363392 0.574506 0.358008 0.574506 0.356662 0.572711 0.351279 0.572711 0.349933 0.570916 0.336474 0.570916 0.335128 0.56912 0.325707 0.56912 0.323015 0.56553 0.321669 0.56553 0.320323 0.563734 0.321669 0.561939 0.323015 0.561939 0.324361 0.560144 0.335128 0.560144 0.336474 0.561939 0.336474 0.560144 0.33782 0.558348 0.324361 0.558348 0.323015 0.556553 0.290713 0.556553 0.290713 0.560144 0.292059 0.561939 0.292059 0.56912 0.290713 0.570916 0.286676 0.570916 0.28533 0.56912 0.28533 0.556553 0.283984 0.558348 0.273217 0.558348 0.271871 0.560144 0.269179 0.560144 0.267833 0.561939 0.263795 0.561939 0.26245 0.563734 0.259758 0.563734 0.259758 0.570916 0.258412 0.572711 0.258412 0.574506 0.254374 0.579892 0.247645 0.579892 0.246299 0.578097 0.246299 0.56553 0.244953 0.567325 0.242261 0.567325 0.240915 0.56912 0.218035 0.56912 0.216689 0.570916 0.211306 0.570916 0.20996 0.572711 0.204576 0.572711 0.205922 0.574506 0.205922 0.576302 0.207268 0.578097 0.207268 0.583483 0.208614 0.585278 0.208614 0.590664 0.207268 0.59246 0.192463 0.59246 0.191117 0.594255 0.172275 0.594255 0.170929 0.59246 0.168237 0.59246 0.166891 0.590664 0.164199 0.590664 0.162853 0.588869 0.161507 0.590664 0.146703 0.590664 0.145357 0.59246 0.141319 0.59246 0.139973 0.594255 0.137281 0.594255 0.135935 0.59605 0.131898 0.59605 0.130552 0.597846 0.115747 0.597846 0.114401 0.59605 0.118439 0.590664 0.113055 0.590664 0.111709 0.59246 0.109017 0.59246 0.107672 0.594255 0.091521 0.594255 0.090175 0.59246 0.078062 0.59246 0.076716 0.590664 0.068641 0.590664 0.067295 0.588869 0.065949 0.590664 0.061911 0.590664 0.060565 0.59246 0.057873 0.59246 0.056528 0.590664 0.056528 0.581688 0.055182 0.583483 0.041723 0.583483 0.040377 0.585278 0.039031 0.585278 0.037685 0.587074 0.034993 0.587074 0.032301 0.590664 0.012113 0.590664 0.010767 0.588869 0.001346 0.588869 0.0 0.587074 0.0 0.639138 0.001346 0.637343 0.016151 0.637343 0.017497 0.635548 0.026918 0.635548 0.032301 0.628366 0.025572 0.628366 0.024226 0.626571 0.024226 0.617594 0.025572 0.615799 0.039031 0.615799 0.04576 0.606822 0.04576 0.605027 0.044415 0.603232 0.04576 0.601436 0.056528 0.601436 0.057873 0.603232 0.055182 0.606822 0.053836 0.606822 0.05249 0.608618 0.067295 0.608618 0.068641 0.606822 0.069987 0.606822 0.071332 0.605027 0.074024 0.605027 0.07537 0.603232 0.076716 0.603232 0.078062 0.601436 0.096904 0.601436 0.09825 0.603232 0.09825 0.612208 0.107672 0.612208 0.109017 0.610413 0.115747 0.610413 0.117093 0.608618 0.123822 0.608618 0.125168 0.606822 0.126514 0.606822 0.129206 0.603232 0.130552 0.603232 0.131898 0.601436 0.144011 0.601436 0.145357 0.599641 0.164199 0.599641 0.172275 0.610413 0.193809 0.610413 0.195155 0.612208 0.247645 0.612208 0.248991 0.614004 0.250336 0.614004 0.251682 0.615799 0.253028 0.615799 0.25572 0.61939 0.257066 0.61939 0.258412 0.621185 0.266487 0.621185 0.267833 0.61939 0.28533 0.61939 0.286676 0.621185 0.288022 0.621185 0.289367 0.62298 0.292059 0.62298 0.293405 0.624776 0.294751 0.624776 0.296097 0.626571 0.323015 0.626571 0.324361 0.628366 0.324361 0.630162 0.325707 0.631957 0.325707 0.635548 0.329744 0.635548 0.33109 0.637343 0.333782 0.637343 0.335128 0.639138 0.339166 0.639138 0.340511 0.640934 0.345895 0.640934 0.347241 0.642729 0.351279 0.642729 0.352624 0.644524 0.358008 0.644524 0.359354 0.64632 0.363392 0.64632 0.364738 0.648115 0.388964 0.648115 0.39031 0.64991 0.393001 0.64991 0.394347 0.651706 0.395693 0.651706 0.397039 0.653501 0.399731 0.653501 0.401077 0.655296 0.402423 0.655296 0.403769 0.657092 0.40646 0.657092 0.407806 0.658887 0.411844 0.658887 0.41319 0.660682 0.417227 0.660682 0.418573 0.662478 0.421265 0.662478 0.422611 0.664273 0.426649 0.664273 0.427995 0.666068 0.445491 0.666068 0.446837 0.667864 0.452221 0.667864 0.453567 0.669659 0.45895 0.669659 0.460296 0.671454 0.46568 0.671454 0.467026 0.67325 0.499327 0.67325 0.500673 0.675045 0.504711 0.675045 0.506057 0.67684 0.51144 0.67684 0.512786 0.678636 0.516824 0.678636 0.51817 0.680431 0.523553 0.680431 0.524899 0.682226 0.528937 0.682226 0.530283 0.684022 0.550471 0.684022 0.551817 0.685817 0.572005 0.685817 0.570659 0.684022 0.570659 0.682226 0.569314 0.680431 0.562584 0.680431 0.561238 0.678636 0.554509 0.678636 0.553163 0.67684 0.550471 0.67684 0.549125 0.675045 0.546433 0.675045 0.545087 0.67325 0.542396 0.67325 0.54105 0.671454 0.539704 0.67325 0.516824 0.67325 0.515478 0.671454 0.507402 0.671454 0.506057 0.669659 0.499327 0.669659 0.497981 0.667864 0.491252 0.667864 0.489906 0.666068 0.483176 0.666068 0.48183 0.664273 0.480485 0.664273 0.479139 0.662478 0.477793 0.662478 0.476447 0.660682 0.475101 0.660682 0.473755 0.658887 0.472409 0.658887 0.471063 0.657092 0.469717 0.657092 0.468371 0.655296 0.450875 0.655296 0.449529 0.653501 0.446837 0.653501 0.445491 0.651706 0.444145 0.651706 0.442799 0.64991 0.438762 0.64991 0.437416 0.648115 0.433378 0.648115 0.432032 0.64632 0.427995 0.64632 0.426649 0.644524 0.419919 0.644524 0.418573 0.642729 0.394347 0.642729 0.393001 0.640934 0.368775 0.640934 0.367429 0.639138 0.366083 0.639138 0.363392 0.635548 0.366083 0.631957 0.367429 0.631957 0.368775 0.630162 0.379542 0.630162 0.380888 0.631957 0.391655 0.631957 0.393001 0.633752 0.430686 0.633752 0.433378 0.637343 0.434724 0.637343 0.437416 0.640934 0.438762 0.640934 0.440108 0.642729 0.444145 0.642729 0.445491 0.644524 0.449529 0.644524 0.450875 0.64632 0.453567 0.64632 0.454913 0.648115 0.45895 0.648115 0.460296 0.64991 0.461642 0.648115 0.46568 0.648115 0.467026 0.64632 0.472409 0.64632 0.473755 0.644524 0.477793 0.644524 0.479139 0.642729 0.48183 0.642729 0.483176 0.640934 0.487214 0.640934 0.48856 0.639138 0.492598 0.639138 0.493943 0.637343 0.496635 0.637343 0.497981 0.635548 0.502019 0.635548 0.500673 0.633752 0.499327 0.633752 0.496635 0.630162 0.487214 0.630162 0.485868 0.628366 0.485868 0.626571 0.484522 0.624776 0.484522 0.62298 0.483176 0.621185 0.483176 0.61939 0.477793 0.61939 0.476447 0.621185 0.438762 0.621185 0.437416 0.61939 0.434724 0.61939 0.433378 0.617594 0.432032 0.617594 0.430686 0.615799 0.427995 0.615799 0.426649 0.614004 0.425303 0.615799 0.407806 0.615799 0.409152 0.615799 0.410498 0.617594 0.411844 0.617594 0.41319 0.61939 0.41319 0.621185 0.40646 0.630162 0.402423 0.630162 0.398385 0.624776 0.398385 0.621185 0.399731 0.61939 0.399731 0.617594 0.3607 0.617594 0.359354 0.61939 0.341857 0.61939 0.340511 0.617594 0.33782 0.617594 0.336474 0.615799 0.333782 0.615799 0.33109 0.612208 0.33109 0.610413 0.332436 0.608618 0.344549 0.608618 0.345895 0.606822 0.355316 0.606822 0.356662 0.605027 0.366083 0.605027 0.364738 0.605027 0.362046 0.601436 0.3607 0.601436 0.359354 0.599641 0.3607 0.597846 0.363392 0.597846 0.364738 0.59605 0.367429 0.59605 0.371467 0.590664 0.372813 0.590664 0.375505 0.587074 0.393001 0.587074 0.394347 0.588869 0.398385 0.588869 0.399731 0.590664 0.401077 0.590664 0.402423 0.59246 0.403769 0.59246 0.40646 0.59605 0.40646 0.597846 0.407806 0.599641 0.407806 0.603232 0.40646 0.605027 0.405114 0.605027 0.403769 0.606822 0.401077 0.606822 0.419919 0.606822 0.421265 0.605027 0.434724 0.605027 0.43607 0.603232 0.43607 0.601436 0.437416 0.599641 0.473755 0.599641 0.475101 0.597846 0.48183 0.597846 0.483176 0.59605 0.489906 0.59605 0.491252 0.594255 0.503365 0.594255 0.504711 0.59246 0.515478 0.59246 0.516824 0.590664 0.528937 0.590664 0.530283 0.588869 0.547779 0.588869 0.549125 0.587074 0.561238 0.587074 0.562584 0.585278 0.56393 0.585278 0.565276 0.583483 0.566622 0.583483 0.567968 0.581688 0.570659 0.581688 0.572005 0.579892 0.61642 0.579892 0.617766 0.581688 0.627187 0.581688 0.628533 0.583483 0.636608 0.583483 0.637954 0.585278 0.654105 0.585278 0.655451 0.587074 0.656797 0.585278 0.660834 0.585278 0.659489 0.583483 0.658143 0.583483 0.654105 0.578097 0.654105 0.576302 0.655451 0.574506 0.655451 0.570916 0.656797 0.56912 0.656797 0.567325 0.652759 0.567325 0.651413 0.56553 0.647376 0.56553 0.64603 0.563734 0.632571 0.563734 0.631225 0.561939 0.623149 0.561939 0.621803 0.560144 0.608345 0.560144 0.606999 0.558348 0.605653 0.560144 0.601615 0.560144 0.600269 0.561939 0.578735 0.561939 0.577389 0.560144 0.572005 0.560144 0.570659 0.558348 0.569314 0.558348 0.567968 0.556553 0.566622 0.556553 0.565276 0.554758 0.56393 0.554758
