0 0.219737 0.942105 0.218421 0.94386 0.205263 0.94386 0.205263 0.945614 0.203947 0.947368 0.203947 0.949123 0.217105 0.949123 0.217105 0.947368 0.218421 0.945614 0.218421 0.94386
0 0.359211 0.891228 0.359211 0.892982 0.357895 0.894737 0.357895 0.896491 0.356579 0.898246 0.356579 0.9 0.355263 0.901754 0.357895 0.905263 0.357895 0.907018 0.359211 0.908772 0.361842 0.905263 0.361842 0.903509 0.364474 0.9 0.364474 0.891228
0 0.982895 0.689474 0.982895 0.698246 0.984211 0.696491 0.997368 0.696491 0.996053 0.694737 0.996053 0.692982 0.994737 0.691228 0.994737 0.689474
0 0.061842 0.419298 0.061842 0.422807 0.060526 0.424561 0.060526 0.42807 0.061842 0.42807 0.064474 0.431579 0.069737 0.424561 0.065789 0.419298
1 0.044737 0.645614 0.043421 0.647368 0.031579 0.647368 0.030263 0.649123 0.026316 0.649123 0.027632 0.650877 0.027632 0.652632 0.028947 0.650877 0.038158 0.650877 0.039474 0.649123 0.05 0.649123 0.05 0.645614
1 0.039474 0.421053 0.038158 0.422807 0.034211 0.422807 0.034211 0.424561 0.032895 0.426316 0.032895 0.42807 0.042105 0.42807 0.043421 0.429825 0.043421 0.42807 0.044737 0.426316 0.044737 0.424561 0.043421 0.424561 0.042105 0.422807 0.040789 0.422807
1 0.575 0.25614 0.573684 0.257895 0.565789 0.257895 0.564474 0.259649 0.564474 0.261404 0.621053 0.261404 0.622368 0.263158 0.647368 0.263158 0.648684 0.264912 0.659211 0.264912 0.660526 0.266667 0.696053 0.266667 0.697368 0.268421 0.725 0.268421 0.726316 0.270175 0.727632 0.270175 0.728947 0.27193 0.761842 0.27193 0.763158 0.273684 0.781579 0.273684 0.782895 0.275439 0.8 0.275439 0.801316 0.277193 0.818421 0.277193 0.819737 0.278947 0.871053 0.278947 0.872368 0.280702 0.880263 0.280702 0.881579 0.282456 0.918421 0.282456 0.919737 0.280702 0.930263 0.280702 0.930263 0.278947 0.928947 0.277193 0.918421 0.277193 0.917105 0.275439 0.902632 0.275439 0.901316 0.277193 0.898684 0.277193 0.897368 0.278947 0.894737 0.278947 0.893421 0.280702 0.892105 0.278947 0.880263 0.278947 0.878947 0.277193 0.877632 0.277193 0.876316 0.275439 0.875 0.275439 0.873684 0.273684 0.872368 0.273684 0.871053 0.27193 0.857895 0.27193 0.856579 0.270175 0.836842 0.270175 0.835526 0.27193 0.818421 0.27193 0.817105 0.273684 0.798684 0.273684 0.797368 0.275439 0.796053 0.273684 0.786842 0.273684 0.785526 0.27193 0.775 0.27193 0.773684 0.270175 0.764474 0.270175 0.763158 0.268421 0.730263 0.268421 0.728947 0.266667 0.709211 0.266667 0.707895 0.264912 0.688158 0.264912 0.686842 0.263158 0.667105 0.263158 0.665789 0.261404 0.642105 0.261404 0.640789 0.259649 0.615789 0.259649 0.614474 0.257895 0.592105 0.257895 0.590789 0.25614
1 0.286842 0.242105 0.286842 0.245614 0.314474 0.245614 0.315789 0.247368 0.328947 0.247368 0.330263 0.249123 0.343421 0.249123 0.344737 0.250877 0.392105 0.250877 0.393421 0.252632 0.418421 0.252632 0.419737 0.254386 0.440789 0.254386 0.442105 0.25614 0.490789 0.25614 0.492105 0.257895 0.530263 0.257895 0.531579 0.259649 0.543421 0.259649 0.544737 0.261404 0.55 0.261404 0.55 0.259649 0.546053 0.259649 0.544737 0.257895 0.532895 0.257895 0.531579 0.25614 0.514474 0.25614 0.513158 0.254386 0.496053 0.254386 0.494737 0.252632 0.477632 0.252632 0.476316 0.254386 0.465789 0.254386 0.464474 0.252632 0.446053 0.252632 0.444737 0.254386 0.443421 0.252632 0.434211 0.252632 0.432895 0.250877 0.422368 0.250877 0.421053 0.249123 0.402632 0.249123 0.401316 0.250877 0.4 0.249123 0.380263 0.249123 0.378947 0.247368 0.359211 0.247368 0.357895 0.245614 0.330263 0.245614 0.328947 0.24386 0.313158 0.24386 0.311842 0.242105
1 0.230263 0.236842 0.228947 0.238596 0.226316 0.238596 0.225 0.240351 0.217105 0.240351 0.215789 0.242105 0.214474 0.240351 0.211842 0.240351 0.211842 0.245614 0.213158 0.245614 0.214474 0.247368 0.25 0.247368 0.25 0.245614 0.252632 0.242105 0.253947 0.24386 0.265789 0.24386 0.267105 0.245614 0.272368 0.245614 0.269737 0.242105 0.255263 0.242105 0.253947 0.240351 0.252632 0.240351 0.251316 0.238596 0.248684 0.238596 0.247368 0.236842
1 0.055263 0.233333 0.053947 0.235088 0.046053 0.235088 0.044737 0.236842 0.038158 0.236842 0.036842 0.238596 0.035526 0.236842 0.028947 0.236842 0.027632 0.235088 0.0 0.235088 0.0 0.242105 0.027632 0.242105 0.028947 0.24386 0.090789 0.24386 0.092105 0.242105 0.148684 0.242105 0.15 0.240351 0.194737 0.240351 0.194737 0.238596 0.171053 0.238596 0.169737 0.236842 0.168421 0.236842 0.167105 0.235088 0.146053 0.235088 0.144737 0.236842 0.143421 0.235088 0.119737 0.235088 0.119737 0.236842 0.117105 0.240351 0.115789 0.238596 0.096053 0.238596 0.094737 0.240351 0.076316 0.240351 0.075 0.242105 0.073684 0.240351 0.073684 0.238596 0.069737 0.233333
