0 0.71467 0.849192 0.713324 0.850987 0.711978 0.850987 0.710633 0.852783 0.709287 0.852783 0.707941 0.854578 0.706595 0.854578 0.706595 0.872531 0.720054 0.872531 0.7214 0.874327 0.7214 0.858169 0.720054 0.856373 0.720054 0.852783 0.718708 0.852783 0.717362 0.850987 0.716016 0.850987
0 0.526245 0.809695 0.522207 0.815081 0.520861 0.815081 0.519515 0.816876 0.520861 0.818671 0.522207 0.818671 0.524899 0.822262 0.527591 0.818671 0.528937 0.818671 0.531629 0.815081 0.532974 0.815081 0.531629 0.815081 0.528937 0.81149 0.527591 0.81149
0 0.822342 0.70018 0.820996 0.701975 0.816958 0.701975 0.815612 0.70377 0.815612 0.707361 0.814266 0.709156 0.814266 0.714542 0.82638 0.714542 0.82638 0.707361 0.827725 0.705566 0.827725 0.70018
0 0.935397 0.427289 0.934051 0.429084 0.932705 0.429084 0.931359 0.43088 0.930013 0.43088 0.940781 0.445242 0.951548 0.445242 0.952894 0.447038 0.952894 0.441652 0.951548 0.441652 0.950202 0.439856 0.94751 0.439856 0.946164 0.438061 0.944818 0.438061 0.940781 0.432675 0.939435 0.432675
0 0.925976 0.389587 0.920592 0.396768 0.920592 0.402154 0.921938 0.400359 0.939435 0.400359 0.940781 0.398564 0.940781 0.396768 0.942127 0.394973 0.940781 0.393178 0.940781 0.391382 0.939435 0.389587
0 0.940781 0.324955 0.940781 0.32675 0.939435 0.328546 0.939435 0.330341 0.938089 0.332136 0.938089 0.335727 0.936743 0.337522 0.936743 0.339318 0.935397 0.341113 0.935397 0.342908 0.939435 0.342908 0.939435 0.341113 0.940781 0.339318 0.940781 0.337522 0.942127 0.335727 0.942127 0.332136 0.943472 0.330341 0.943472 0.328546 0.944818 0.32675 0.944818 0.324955
0 0.915209 0.152603 0.915209 0.156194 0.913863 0.157989 0.913863 0.16158 0.920592 0.16158 0.920592 0.152603
0 0.978466 0.116697 0.975774 0.120287 0.975774 0.123878 0.981157 0.123878 0.982503 0.125673 0.982503 0.123878 0.983849 0.122083 0.983849 0.120287 0.982503 0.120287 0.981157 0.118492 0.979812 0.118492
0 0.936743 0.10772 0.936743 0.109515 0.935397 0.111311 0.951548 0.111311 0.951548 0.10772
1 0.41319 0.917415 0.411844 0.91921 0.410498 0.91921 0.407806 0.922801 0.40646 0.922801 0.403769 0.926391 0.402423 0.926391 0.399731 0.929982 0.398385 0.929982 0.395693 0.933573 0.394347 0.933573 0.399731 0.940754 0.401077 0.938959 0.402423 0.938959 0.405114 0.935368 0.40646 0.935368 0.409152 0.931777 0.410498 0.931777 0.41319 0.928187 0.414536 0.928187 0.417227 0.924596 0.418573 0.924596
1 0.825034 0.852783 0.823688 0.854578 0.81965 0.854578 0.818304 0.856373 0.814266 0.856373 0.812921 0.858169 0.807537 0.858169 0.806191 0.859964 0.802153 0.859964 0.800808 0.861759 0.79677 0.861759 0.795424 0.863555 0.791386 0.863555 0.79004 0.86535 0.786003 0.86535 0.784657 0.867145 0.779273 0.867145 0.777927 0.868941 0.77389 0.868941 0.772544 0.870736 0.768506 0.870736 0.76716 0.872531 0.763122 0.872531 0.761777 0.874327 0.756393 0.874327 0.755047 0.876122 0.751009 0.876122 0.749664 0.877917 0.745626 0.877917 0.746972 0.879713 0.746972 0.881508 0.748318 0.883303 0.748318 0.885099 0.749664 0.883303 0.755047 0.883303 0.756393 0.881508 0.760431 0.881508 0.761777 0.879713 0.76716 0.879713 0.768506 0.877917 0.77389 0.877917 0.775236 0.876122 0.779273 0.876122 0.780619 0.874327 0.786003 0.874327 0.787349 0.872531 0.792732 0.872531 0.794078 0.870736 0.798116 0.870736 0.799462 0.868941 0.804845 0.868941 0.806191 0.867145 0.811575 0.867145 0.812921 0.86535 0.816958 0.86535 0.818304 0.863555 0.823688 0.863555 0.823688 0.858169 0.825034 0.856373
1 0.97039 0.630162 0.967699 0.633752 0.966353 0.633752 0.963661 0.637343 0.962315 0.637343 0.959623 0.640934 0.958277 0.640934 0.95424 0.64632 0.95424 0.648115 0.948856 0.655296 0.952894 0.655296 0.95424 0.657092 0.958277 0.657092 0.959623 0.658887 0.960969 0.657092 0.965007 0.657092 0.966353 0.655296 0.969044 0.655296 0.97039 0.653501 0.974428 0.653501 0.967699 0.644524 0.967699 0.640934 0.969044 0.639138 0.969044 0.633752 0.97039 0.631957
1 0.892328 0.520646 0.889637 0.524237 0.888291 0.524237 0.885599 0.527828 0.884253 0.527828 0.880215 0.533214 0.878869 0.533214 0.876178 0.536804 0.874832 0.536804 0.87214 0.540395 0.870794 0.540395 0.868102 0.543986 0.868102 0.545781 0.866756 0.547576 0.866756 0.549372 0.86541 0.551167 0.86541 0.552962 0.862719 0.556553 0.862719 0.558348 0.861373 0.560144 0.861373 0.561939 0.860027 0.563734 0.860027 0.56553 0.857335 0.56912 0.857335 0.570916 0.855989 0.572711 0.855989 0.574506 0.854643 0.576302 0.854643 0.578097 0.822342 0.621185 0.822342 0.62298 0.818304 0.628366 0.818304 0.630162 0.815612 0.633752 0.815612 0.635548 0.812921 0.639138 0.812921 0.640934 0.808883 0.64632 0.808883 0.648115 0.806191 0.651706 0.806191 0.653501 0.804845 0.655296 0.804845 0.657092 0.803499 0.658887 0.803499 0.660682 0.802153 0.662478 0.802153 0.664273 0.800808 0.666068 0.800808 0.667864 0.799462 0.669659 0.799462 0.671454 0.798116 0.67325 0.798116 0.675045 0.79677 0.67684 0.79677 0.678636 0.795424 0.680431 0.795424 0.682226 0.794078 0.684022 0.794078 0.691203 0.795424 0.692998 0.795424 0.701975 0.815612 0.701975 0.816958 0.70018 0.820996 0.70018 0.822342 0.698384 0.839838 0.698384 0.84253 0.701975 0.84253 0.707361 0.843876 0.709156 0.843876 0.710952 0.839838 0.716338 0.839838 0.718133 0.830417 0.7307 0.830417 0.732496 0.825034 0.739677 0.82638 0.741472 0.827725 0.741472 0.830417 0.745063 0.835801 0.737882 0.837147 0.737882 0.846568 0.725314 0.847914 0.725314 0.857335 0.712747 0.858681 0.712747 0.868102 0.70018 0.869448 0.70018 0.874832 0.692998 0.874832 0.691203 0.876178 0.689408 0.876178 0.687612 0.877524 0.685817 0.876178 0.687612 0.874832 0.687612 0.87214 0.691203 0.870794 0.691203 0.868102 0.694794 0.866756 0.694794 0.864065 0.698384 0.862719 0.698384 0.860027 0.701975 0.858681 0.701975 0.855989 0.705566 0.854643 0.705566 0.851952 0.709156 0.850606 0.707361 0.850606 0.701975 0.851952 0.70018 0.851952 0.694794 0.854643 0.691203 0.855989 0.691203 0.860027 0.685817 0.861373 0.685817 0.862719 0.684022 0.861373 0.684022 0.860027 0.682226 0.858681 0.682226 0.855989 0.678636 0.854643 0.678636 0.853297 0.67684 0.851952 0.67684 0.850606 0.675045 0.851952 0.67325 0.857335 0.67325 0.858681 0.671454 0.86541 0.671454 0.86541 0.631957 0.868102 0.628366 0.869448 0.628366 0.873486 0.62298 0.874832 0.62298 0.878869 0.617594 0.880215 0.617594 0.884253 0.612208 0.885599 0.612208 0.889637 0.606822 0.890983 0.606822 0.893674 0.603232 0.896366 0.603232 0.897712 0.601436 0.899058 0.601436 0.900404 0.599641 0.903096 0.599641 0.904441 0.597846 0.907133 0.597846 0.908479 0.59605 0.911171 0.59605 0.912517 0.594255 0.913863 0.594255 0.915209 0.59246 0.9179 0.59246 0.919246 0.590664 0.921938 0.590664 0.921938 0.585278 0.923284 0.583483 0.923284 0.572711 0.92463 0.570916 0.92463 0.56553 0.923284 0.56553 0.920592 0.561939 0.919246 0.561939 0.9179 0.560144 0.916555 0.560144 0.915209 0.558348 0.913863 0.558348 0.911171 0.554758 0.909825 0.554758 0.908479 0.552962 0.907133 0.552962 0.904441 0.549372 0.903096 0.549372 0.90175 0.547576 0.90175 0.545781 0.900404 0.543986 0.900404 0.54219 0.899058 0.540395 0.899058 0.5386 0.897712 0.536804 0.897712 0.535009 0.896366 0.533214 0.896366 0.531418 0.89502 0.529623 0.89502 0.527828 0.893674 0.526032 0.893674 0.524237 0.892328 0.522442
1 0.934051 0.500898 0.920592 0.518851 0.920592 0.520646 0.921938 0.522442 0.921938 0.527828 0.923284 0.529623 0.923284 0.533214 0.921938 0.535009 0.921938 0.536804 0.920592 0.5386 0.920592 0.540395 0.919246 0.54219 0.919246 0.543986 0.9179 0.545781 0.923284 0.545781 0.92463 0.547576 0.928668 0.54219 0.928668 0.540395 0.934051 0.533214 0.935397 0.533214 0.936743 0.531418 0.939435 0.531418 0.940781 0.529623 0.942127 0.529623 0.942127 0.527828 0.943472 0.526032 0.943472 0.524237 0.944818 0.522442 0.944818 0.520646 0.946164 0.518851 0.946164 0.517056 0.94751 0.51526 0.946164 0.517056 0.940781 0.517056 0.939435 0.518851 0.935397 0.518851 0.934051 0.520646 0.931359 0.520646 0.930013 0.518851 0.938089 0.508079 0.935397 0.504488 0.935397 0.502693
1 0.695828 0.411131 0.694482 0.412926 0.689098 0.412926 0.687752 0.414722 0.681023 0.414722 0.683715 0.418312 0.683715 0.420108 0.685061 0.421903 0.686406 0.420108 0.690444 0.420108 0.69179 0.418312 0.695828 0.418312 0.697174 0.416517 0.701211 0.416517 0.699865 0.414722 0.69852 0.414722
1 0.905787 0.258528 0.904441 0.260323 0.89502 0.260323 0.89502 0.265709 0.896366 0.267504 0.896366 0.274686 0.897712 0.27289 0.915209 0.27289 0.916555 0.271095 0.916555 0.2693 0.9179 0.267504 0.9179 0.265709 0.919246 0.263914 0.916555 0.263914 0.915209 0.262118 0.911171 0.262118 0.909825 0.260323 0.907133 0.260323
1 0.834455 0.240575 0.833109 0.24237 0.829071 0.24237 0.827725 0.244165 0.822342 0.244165 0.820996 0.245961 0.816958 0.245961 0.833109 0.245961 0.834455 0.247756
