0 0.341151 0.715909 0.343284 0.71875 0.343284 0.721591 0.345416 0.724432 0.345416 0.727273 0.347548 0.730114 0.347548 0.732955 0.353945 0.732955 0.356077 0.735795 0.360341 0.735795 0.362473 0.738636 0.364606 0.735795 0.377399 0.735795 0.377399 0.732955 0.379531 0.730114 0.379531 0.727273 0.381663 0.724432 0.381663 0.721591 0.383795 0.71875 0.383795 0.715909
0 0.82516 0.315341 0.823028 0.318182 0.797441 0.318182 0.797441 0.323864 0.799574 0.326705 0.799574 0.335227 0.801706 0.332386 0.833689 0.332386 0.835821 0.329545 0.837953 0.329545 0.840085 0.326705 0.842217 0.326705 0.840085 0.326705 0.837953 0.323864 0.835821 0.323864 0.833689 0.321023 0.831557 0.321023 0.829424 0.318182 0.827292 0.318182
0 0.780384 0.272727 0.778252 0.275568 0.776119 0.275568 0.769723 0.284091 0.771855 0.286932 0.771855 0.295455 0.773987 0.298295 0.773987 0.303977 0.778252 0.303977 0.780384 0.306818 0.784648 0.306818 0.78678 0.309659 0.788913 0.306818 0.793177 0.306818 0.795309 0.303977 0.799574 0.303977 0.799574 0.301136 0.797441 0.298295 0.797441 0.295455 0.795309 0.292614 0.795309 0.289773 0.793177 0.286932 0.793177 0.284091 0.788913 0.278409 0.78678 0.278409 0.782516 0.272727
0 0.675906 0.241477 0.673774 0.244318 0.671642 0.244318 0.66951 0.247159 0.667377 0.247159 0.667377 0.25 0.66951 0.252841 0.66951 0.258523 0.671642 0.255682 0.678038 0.255682 0.678038 0.25 0.675906 0.247159
0 0.914712 0.215909 0.908316 0.224432 0.908316 0.230114 0.910448 0.232955 0.91258 0.230114 0.914712 0.230114 0.921109 0.221591 0.918977 0.21875 0.916844 0.21875
0 0.846482 0.213068 0.846482 0.21875 0.848614 0.221591 0.848614 0.230114 0.850746 0.227273 0.865672 0.227273 0.861407 0.221591 0.861407 0.21875 0.857143 0.213068
0 0.897655 0.198864 0.895522 0.201705 0.891258 0.201705 0.889126 0.204545 0.884861 0.204545 0.886994 0.207386 0.886994 0.210227 0.889126 0.213068 0.895522 0.213068 0.897655 0.210227 0.904051 0.210227 0.904051 0.207386 0.901919 0.204545 0.901919 0.201705 0.899787 0.198864
1 0.490405 0.650568 0.488273 0.653409 0.47548 0.653409 0.473348 0.65625 0.460554 0.65625 0.460554 0.659091 0.458422 0.661932 0.458422 0.667614 0.45629 0.670455 0.45629 0.673295 0.454158 0.676136 0.454158 0.681818 0.452026 0.684659 0.452026 0.693182 0.449893 0.696023 0.449893 0.698864 0.452026 0.698864 0.454158 0.701705 0.45629 0.701705 0.458422 0.704545 0.460554 0.704545 0.462687 0.707386 0.460554 0.710227 0.460554 0.713068 0.458422 0.715909 0.458422 0.71875 0.45629 0.721591 0.45629 0.724432 0.454158 0.727273 0.454158 0.730114 0.452026 0.732955 0.452026 0.738636 0.454158 0.741477 0.454158 0.75 0.462687 0.75 0.462687 0.735795 0.464819 0.732955 0.464819 0.724432 0.466951 0.721591 0.471215 0.727273 0.473348 0.727273 0.47548 0.730114 0.477612 0.730114 0.479744 0.732955 0.481876 0.732955 0.486141 0.738636 0.488273 0.738636 0.490405 0.741477 0.490405 0.738636 0.492537 0.735795 0.492537 0.732955 0.49467 0.730114 0.49467 0.727273 0.496802 0.724432 0.496802 0.71875 0.498934 0.715909 0.498934 0.713068 0.503198 0.707386 0.50533 0.707386 0.511727 0.698864 0.513859 0.698864 0.515991 0.696023 0.522388 0.696023 0.52452 0.698864 0.528785 0.698864 0.530917 0.701705 0.537313 0.701705 0.539446 0.704545 0.54371 0.704545 0.547974 0.710227 0.550107 0.710227 0.556503 0.71875 0.558635 0.71875 0.5629 0.724432 0.565032 0.724432 0.567164 0.727273 0.571429 0.727273 0.573561 0.730114 0.575693 0.730114 0.577825 0.732955 0.58209 0.732955 0.584222 0.735795 0.586354 0.735795 0.588486 0.738636 0.592751 0.738636 0.594883 0.741477 0.597015 0.741477 0.601279 0.747159 0.603412 0.747159 0.61194 0.758523 0.614072 0.758523 0.620469 0.767045 0.622601 0.764205 0.624733 0.764205 0.626866 0.761364 0.63113 0.761364 0.63113 0.758523 0.633262 0.755682 0.633262 0.752841 0.635394 0.75 0.635394 0.747159 0.637527 0.744318 0.63113 0.735795 0.63113 0.732955 0.624733 0.724432 0.622601 0.724432 0.620469 0.721591 0.616205 0.721591 0.614072 0.71875 0.61194 0.71875 0.609808 0.715909 0.607676 0.715909 0.605544 0.713068 0.603412 0.713068 0.601279 0.710227 0.597015 0.710227 0.594883 0.707386 0.592751 0.707386 0.590618 0.704545 0.588486 0.704545 0.586354 0.701705 0.586354 0.696023 0.588486 0.693182 0.588486 0.684659 0.590618 0.681818 0.590618 0.676136 0.579957 0.661932 0.577825 0.664773 0.573561 0.664773 0.571429 0.667614 0.565032 0.667614 0.5629 0.670455 0.550107 0.670455 0.547974 0.667614 0.541578 0.667614 0.539446 0.664773 0.530917 0.664773 0.528785 0.661932 0.526652 0.664773 0.518124 0.664773 0.515991 0.667614 0.507463 0.667614 0.50533 0.664773 0.503198 0.664773 0.496802 0.65625 0.49467 0.65625
1 0.332623 0.630682 0.328358 0.636364 0.326226 0.636364 0.326226 0.639205 0.328358 0.642045 0.328358 0.644886 0.33049 0.647727 0.33049 0.650568 0.332623 0.653409 0.332623 0.65625 0.334755 0.659091 0.334755 0.661932 0.336887 0.664773 0.336887 0.667614 0.339019 0.670455 0.339019 0.673295 0.341151 0.670455 0.347548 0.670455 0.34968 0.667614 0.351812 0.667614 0.358209 0.659091 0.358209 0.650568 0.364606 0.642045 0.362473 0.642045 0.360341 0.639205 0.358209 0.639205 0.356077 0.636364 0.343284 0.636364 0.341151 0.633523 0.334755 0.633523
1 0.400853 0.622159 0.398721 0.625 0.398721 0.627841 0.394456 0.633523 0.394456 0.636364 0.392324 0.639205 0.396588 0.639205 0.398721 0.642045 0.402985 0.642045 0.405117 0.644886 0.407249 0.644886 0.409382 0.647727 0.413646 0.647727 0.415778 0.650568 0.420043 0.650568 0.422175 0.653409 0.430704 0.642045 0.420043 0.642045 0.415778 0.636364 0.415778 0.633523 0.413646 0.630682 0.413646 0.627841 0.409382 0.627841 0.407249 0.625 0.402985 0.625
1 0.722814 0.607955 0.720682 0.610795 0.710021 0.610795 0.712154 0.610795 0.716418 0.616477 0.71855 0.616477 0.720682 0.619318 0.722814 0.619318 0.727079 0.625 0.729211 0.625 0.733475 0.630682 0.735608 0.630682 0.73774 0.633523 0.735608 0.636364 0.733475 0.636364 0.729211 0.642045 0.727079 0.642045 0.722814 0.647727 0.720682 0.647727 0.722814 0.647727 0.724947 0.650568 0.727079 0.650568 0.729211 0.653409 0.733475 0.653409 0.735608 0.65625 0.73774 0.65625 0.739872 0.659091 0.742004 0.659091 0.746269 0.664773 0.748401 0.664773 0.752665 0.670455 0.754797 0.667614 0.769723 0.667614 0.771855 0.664773 0.808102 0.664773 0.810235 0.667614 0.818763 0.667614 0.820896 0.670455 0.829424 0.670455 0.831557 0.673295 0.840085 0.673295 0.842217 0.676136 0.850746 0.676136 0.852878 0.678977 0.859275 0.678977 0.861407 0.681818 0.867804 0.681818 0.869936 0.684659 0.876333 0.684659 0.878465 0.6875 0.884861 0.6875 0.886994 0.690341 0.891258 0.690341 0.89339 0.693182 0.899787 0.693182 0.901919 0.696023 0.908316 0.696023 0.910448 0.698864 0.916844 0.698864 0.918977 0.701705 0.918977 0.696023 0.916844 0.696023 0.914712 0.693182 0.910448 0.693182 0.908316 0.690341 0.906183 0.690341 0.904051 0.6875 0.901919 0.6875 0.899787 0.684659 0.897655 0.684659 0.895522 0.681818 0.891258 0.681818 0.889126 0.678977 0.886994 0.678977 0.884861 0.676136 0.882729 0.676136 0.880597 0.673295 0.872068 0.673295 0.869936 0.670455 0.861407 0.670455 0.859275 0.667614 0.852878 0.667614 0.850746 0.664773 0.842217 0.664773 0.840085 0.661932 0.833689 0.661932 0.831557 0.659091 0.829424 0.659091 0.827292 0.65625 0.82516 0.65625 0.823028 0.653409 0.818763 0.653409 0.816631 0.650568 0.814499 0.650568 0.812367 0.647727 0.810235 0.647727 0.808102 0.644886 0.80597 0.644886 0.803838 0.642045 0.816631 0.625 0.816631 0.622159 0.818763 0.619318 0.818763 0.616477 0.812367 0.616477 0.810235 0.619318 0.808102 0.619318 0.80597 0.622159 0.803838 0.622159 0.801706 0.625 0.797441 0.625 0.795309 0.627841 0.793177 0.627841 0.791045 0.630682 0.771855 0.630682 0.769723 0.627841 0.767591 0.627841 0.765458 0.625 0.761194 0.625 0.759062 0.622159 0.75693 0.622159 0.754797 0.619318 0.752665 0.619318 0.750533 0.616477 0.744136 0.616477 0.742004 0.613636 0.733475 0.613636 0.731343 0.610795 0.724947 0.610795
1 0.641791 0.585227 0.641791 0.588068 0.639659 0.590909 0.639659 0.59375 0.637527 0.596591 0.637527 0.602273 0.639659 0.605114 0.639659 0.607955 0.641791 0.610795 0.641791 0.616477 0.643923 0.619318 0.643923 0.622159 0.646055 0.625 0.646055 0.627841 0.648188 0.625 0.663113 0.625 0.66951 0.616477 0.671642 0.616477 0.673774 0.613636 0.660981 0.613636 0.658849 0.610795 0.658849 0.599432 0.660981 0.596591 0.660981 0.588068 0.643923 0.588068
1 0.539446 0.576705 0.52452 0.596591 0.522388 0.596591 0.520256 0.599432 0.515991 0.599432 0.513859 0.602273 0.511727 0.602273 0.515991 0.607955 0.515991 0.610795 0.518124 0.613636 0.520256 0.610795 0.526652 0.610795 0.528785 0.607955 0.554371 0.607955 0.554371 0.602273 0.552239 0.599432 0.552239 0.59375
1 0.918977 0.548295 0.914712 0.553977 0.91258 0.553977 0.916844 0.559659 0.918977 0.559659 0.927505 0.571023 0.929638 0.571023 0.933902 0.576705 0.940299 0.576705 0.942431 0.579545 0.946695 0.579545 0.948827 0.582386 0.955224 0.582386 0.959488 0.588068 0.959488 0.590909 0.963753 0.596591 0.963753 0.599432 0.96162 0.602273 0.955224 0.602273 0.953092 0.599432 0.948827 0.599432 0.946695 0.596591 0.940299 0.596591 0.938166 0.59375 0.93177 0.59375 0.929638 0.590909 0.923241 0.590909 0.921109 0.588068 0.916844 0.588068 0.914712 0.585227 0.916844 0.588068 0.918977 0.588068 0.923241 0.59375 0.925373 0.59375 0.927505 0.596591 0.93177 0.596591 0.933902 0.599432 0.938166 0.599432 0.940299 0.602273 0.944563 0.602273 0.946695 0.605114 0.950959 0.605114 0.953092 0.607955 0.957356 0.607955 0.959488 0.610795 0.963753 0.610795 0.965885 0.613636 0.970149 0.613636 0.972281 0.616477 0.970149 0.619318 0.968017 0.619318 0.965885 0.622159 0.963753 0.622159 0.959488 0.627841 0.957356 0.627841 0.963753 0.636364 0.997868 0.636364 0.997868 0.585227 0.991471 0.585227 0.989339 0.582386 0.98081 0.582386 0.978678 0.579545 0.972281 0.579545 0.970149 0.576705 0.963753 0.576705 0.96162 0.573864 0.955224 0.573864 0.948827 0.565341 0.946695 0.565341 0.942431 0.559659 0.940299 0.559659 0.938166 0.556818 0.936034 0.556818 0.933902 0.553977 0.929638 0.553977 0.927505 0.551136 0.925373 0.551136 0.923241 0.548295
1 0.462687 0.548295 0.454158 0.559659 0.462687 0.571023 0.464819 0.571023 0.47548 0.585227 0.477612 0.582386 0.481876 0.582386 0.484009 0.579545 0.488273 0.579545 0.486141 0.579545 0.484009 0.576705 0.479744 0.576705 0.477612 0.573864 0.47548 0.573864 0.473348 0.571023 0.473348 0.565341 0.471215 0.5625 0.471215 0.556818 0.469083 0.553977 0.466951 0.553977
1 0.710021 0.539773 0.707889 0.542614 0.697228 0.542614 0.697228 0.545455 0.69936 0.548295 0.69936 0.556818 0.701493 0.559659 0.701493 0.568182 0.703625 0.571023 0.703625 0.573864 0.710021 0.582386 0.710021 0.585227 0.716418 0.59375 0.731343 0.59375 0.733475 0.596591 0.733475 0.579545 0.735608 0.576705 0.735608 0.571023 0.724947 0.556818 0.722814 0.556818
1 0.658849 0.511364 0.648188 0.525568 0.628998 0.525568 0.626866 0.528409 0.626866 0.53125 0.624733 0.534091 0.648188 0.534091 0.65032 0.536932 0.671642 0.536932 0.673774 0.539773 0.673774 0.536932 0.671642 0.534091 0.671642 0.528409 0.66951 0.525568 0.66951 0.522727 0.667377 0.519886 0.665245 0.519886
1 0.829424 0.494318 0.827292 0.497159 0.823028 0.497159 0.820896 0.5 0.816631 0.5 0.814499 0.502841 0.810235 0.502841 0.808102 0.505682 0.803838 0.505682 0.801706 0.508523 0.797441 0.508523 0.795309 0.511364 0.791045 0.511364 0.788913 0.514205 0.784648 0.514205 0.782516 0.517045 0.776119 0.517045 0.773987 0.519886 0.769723 0.519886 0.771855 0.522727 0.771855 0.525568 0.773987 0.528409 0.778252 0.528409 0.780384 0.53125 0.782516 0.53125 0.784648 0.534091 0.797441 0.534091 0.799574 0.536932 0.812367 0.536932 0.814499 0.539773 0.810235 0.545455 0.808102 0.545455 0.801706 0.553977 0.799574 0.553977 0.797441 0.556818 0.799574 0.556818 0.801706 0.559659 0.803838 0.556818 0.80597 0.556818 0.808102 0.553977 0.810235 0.553977 0.814499 0.548295 0.816631 0.548295 0.818763 0.545455 0.820896 0.545455 0.823028 0.542614 0.842217 0.542614 0.84435 0.539773 0.861407 0.539773 0.865672 0.534091 0.867804 0.534091 0.867804 0.53125 0.865672 0.528409 0.865672 0.522727 0.863539 0.519886 0.863539 0.517045 0.861407 0.517045 0.859275 0.514205 0.855011 0.514205 0.852878 0.511364 0.850746 0.511364 0.848614 0.508523 0.837953 0.508523 0.833689 0.502841 0.833689 0.5
1 0.891258 0.471591 0.889126 0.474432 0.886994 0.474432 0.891258 0.474432 0.89339 0.477273 0.897655 0.477273 0.899787 0.480114 0.904051 0.480114 0.906183 0.482955 0.910448 0.482955 0.91258 0.485795 0.916844 0.485795 0.918977 0.488636 0.923241 0.488636 0.925373 0.491477 0.929638 0.491477 0.93177 0.494318 0.936034 0.494318 0.938166 0.497159 0.93177 0.505682 0.929638 0.505682 0.925373 0.511364 0.925373 0.519886 0.927505 0.517045 0.933902 0.517045 0.936034 0.514205 0.944563 0.514205 0.948827 0.508523 0.968017 0.508523 0.970149 0.505682 0.972281 0.508523 0.972281 0.511364 0.974414 0.514205 0.974414 0.517045 0.982942 0.517045 0.982942 0.508523 0.98081 0.505682 0.98081 0.502841 0.976546 0.497159 0.976546 0.494318 0.974414 0.491477 0.972281 0.491477 0.970149 0.488636 0.968017 0.488636 0.965885 0.485795 0.933902 0.485795 0.93177 0.482955 0.923241 0.482955 0.921109 0.480114 0.914712 0.480114 0.91258 0.477273 0.904051 0.477273 0.901919 0.474432 0.89339 0.474432
1 0.646055 0.443182 0.641791 0.448864 0.639659 0.448864 0.637527 0.451705 0.633262 0.451705 0.63113 0.454545 0.624733 0.454545 0.622601 0.457386 0.618337 0.457386 0.622601 0.457386 0.624733 0.460227 0.628998 0.460227 0.63113 0.463068 0.637527 0.463068 0.639659 0.465909 0.643923 0.465909 0.646055 0.46875 0.65032 0.46875 0.652452 0.471591 0.654584 0.471591 0.656716 0.474432 0.658849 0.474432 0.660981 0.477273 0.665245 0.477273 0.667377 0.480114 0.66951 0.480114 0.671642 0.482955 0.673774 0.482955 0.675906 0.485795 0.678038 0.485795 0.690832 0.502841 0.69936 0.502841 0.701493 0.505682 0.710021 0.505682 0.712154 0.508523 0.712154 0.505682 0.710021 0.502841 0.710021 0.497159 0.705757 0.491477 0.703625 0.491477 0.695096 0.480114 0.692964 0.480114 0.690832 0.477273 0.688699 0.477273 0.686567 0.474432 0.684435 0.474432 0.682303 0.471591 0.680171 0.471591 0.678038 0.46875 0.675906 0.46875 0.673774 0.465909 0.671642 0.465909 0.66951 0.463068 0.667377 0.463068 0.665245 0.460227 0.663113 0.460227 0.658849 0.454545 0.656716 0.454545 0.652452 0.448864 0.65032 0.448864
1 0.695096 0.417614 0.692964 0.420455 0.686567 0.420455 0.684435 0.423295 0.678038 0.423295 0.675906 0.426136 0.673774 0.426136 0.680171 0.426136 0.682303 0.428977 0.688699 0.428977 0.690832 0.431818 0.697228 0.431818 0.69936 0.434659 0.701493 0.431818 0.705757 0.431818 0.707889 0.428977 0.714286 0.428977 0.716418 0.426136 0.742004 0.426136 0.742004 0.423295 0.739872 0.420455 0.739872 0.417614
1 0.633262 0.392045 0.63113 0.394886 0.624733 0.394886 0.626866 0.397727 0.626866 0.400568 0.628998 0.403409 0.628998 0.40625 0.63113 0.409091 0.620469 0.423295 0.624733 0.428977 0.624733 0.431818 0.626866 0.434659 0.633262 0.434659 0.635394 0.4375 0.639659 0.4375 0.641791 0.440341 0.643923 0.4375 0.646055 0.4375 0.648188 0.434659 0.65032 0.434659 0.648188 0.434659 0.646055 0.431818 0.643923 0.431818 0.639659 0.426136 0.639659 0.423295 0.637527 0.420455 0.637527 0.417614 0.639659 0.414773 0.639659 0.411932 0.643923 0.40625
1 0.880597 0.386364 0.876333 0.392045 0.8742 0.392045 0.872068 0.394886 0.8742 0.394886 0.876333 0.397727 0.884861 0.397727 0.886994 0.400568 0.895522 0.400568 0.897655 0.403409 0.906183 0.403409 0.906183 0.392045 0.901919 0.392045 0.899787 0.389205 0.882729 0.389205
1 0.933902 0.363636 0.93177 0.366477 0.929638 0.366477 0.927505 0.369318 0.923241 0.369318 0.927505 0.369318 0.929638 0.372159 0.933902 0.372159 0.936034 0.375 0.976546 0.375 0.978678 0.377841 0.985075 0.377841 0.987207 0.380682 0.991471 0.380682 0.993603 0.383523 0.997868 0.383523 0.997868 0.375 0.993603 0.375 0.991471 0.372159 0.946695 0.372159 0.942431 0.366477 0.940299 0.366477 0.938166 0.363636
1 0.501066 0.352273 0.498934 0.355114 0.496802 0.355114 0.49467 0.357955 0.492537 0.357955 0.490405 0.360795 0.488273 0.360795 0.486141 0.363636 0.484009 0.363636 0.488273 0.363636 0.490405 0.366477 0.492537 0.366477 0.49467 0.369318 0.498934 0.369318 0.501066 0.372159 0.503198 0.372159 0.50533 0.375 0.509595 0.375 0.511727 0.377841 0.513859 0.377841 0.515991 0.380682 0.520256 0.375 0.522388 0.375 0.526652 0.369318 0.528785 0.369318 0.530917 0.366477 0.522388 0.355114 0.503198 0.355114
1 0.432836 0.34375 0.430704 0.346591 0.428571 0.346591 0.424307 0.352273 0.422175 0.352273 0.420043 0.355114 0.422175 0.357955 0.422175 0.360795 0.424307 0.363636 0.4371 0.363636 0.439232 0.360795 0.449893 0.360795 0.452026 0.357955 0.473348 0.357955 0.473348 0.355114 0.47548 0.352273 0.466951 0.352273 0.464819 0.349432 0.460554 0.349432 0.458422 0.346591 0.454158 0.346591 0.452026 0.34375
1 0.545842 0.338068 0.54371 0.340909 0.539446 0.340909 0.537313 0.34375 0.533049 0.34375 0.537313 0.349432 0.537313 0.352273 0.539446 0.355114 0.541578 0.352273 0.556503 0.352273 0.558635 0.355114 0.558635 0.357955 0.556503 0.360795 0.556503 0.363636 0.571429 0.363636 0.571429 0.360795 0.573561 0.357955 0.573561 0.355114 0.575693 0.352273 0.575693 0.349432 0.569296 0.349432 0.567164 0.346591 0.5629 0.346591 0.560768 0.34375 0.554371 0.34375 0.552239 0.340909 0.547974 0.340909
1 0.556503 0.309659 0.554371 0.3125 0.550107 0.3125 0.547974 0.315341 0.54371 0.315341 0.541578 0.318182 0.526652 0.318182 0.52452 0.321023 0.520256 0.321023 0.518124 0.323864 0.513859 0.323864 0.511727 0.326705 0.507463 0.326705 0.50533 0.329545 0.501066 0.329545 0.498934 0.332386 0.49467 0.332386 0.492537 0.335227 0.488273 0.335227 0.511727 0.335227 0.513859 0.338068 0.518124 0.332386 0.520256 0.332386 0.52452 0.326705 0.526652 0.326705 0.528785 0.323864 0.539446 0.323864 0.541578 0.321023 0.550107 0.321023 0.552239 0.318182 0.5629 0.318182 0.565032 0.315341 0.579957 0.315341 0.575693 0.309659
