0 0.0375 0.883333 0.035938 0.885417 0.032812 0.885417 0.032812 0.8875 0.034375 0.889583 0.034375 0.891667 0.035938 0.89375 0.035938 0.895833 0.039062 0.9 0.040625 0.9 0.051562 0.914583 0.051562 0.916667 0.054688 0.920833 0.057812 0.920833 0.05625 0.91875 0.05625 0.916667 0.054688 0.914583 0.054688 0.9125 0.053125 0.910417 0.053125 0.90625 0.051562 0.904167 0.051562 0.902083
0 0.057812 0.679167 0.057812 0.68125 0.059375 0.683333 0.059375 0.685417 0.060938 0.6875 0.060938 0.689583 0.067188 0.689583 0.070312 0.685417 0.071875 0.685417 0.073438 0.683333 0.071875 0.68125 0.071875 0.679167
1 0.470312 0.81875 0.470312 0.820833 0.465625 0.827083 0.464062 0.827083 0.464062 0.829167 0.465625 0.83125 0.465625 0.833333 0.467188 0.835417 0.467188 0.8375 0.470312 0.833333 0.471875 0.833333 0.473438 0.83125 0.476562 0.83125 0.479688 0.827083 0.478125 0.825 0.478125 0.822917 0.476562 0.820833 0.471875 0.820833
1 0.309375 0.741667 0.307812 0.74375 0.290625 0.74375 0.290625 0.745833 0.289062 0.747917 0.309375 0.747917 0.310938 0.745833 0.310938 0.74375 0.3125 0.741667
1 0.054688 0.69375 0.053125 0.695833 0.046875 0.695833 0.046875 0.697917 0.048438 0.7 0.048438 0.702083 0.060938 0.702083 0.060938 0.7 0.0625 0.697917 0.0625 0.695833 0.05625 0.695833
1 0.9125 0.49375 0.9125 0.5 0.929688 0.5 0.929688 0.49375
1 0.464062 0.479167 0.464062 0.48125 0.465625 0.483333 0.465625 0.485417 0.467188 0.485417 0.470312 0.489583 0.471875 0.4875 0.475 0.4875 0.476562 0.485417 0.478125 0.485417 0.476562 0.483333 0.476562 0.48125 0.465625 0.48125
1 0.342188 0.458333 0.340625 0.460417 0.335938 0.460417 0.342188 0.46875 0.34375 0.466667 0.384375 0.466667 0.384375 0.4625 0.378125 0.4625 0.376562 0.460417 0.3625 0.460417 0.360938 0.458333
1 0.845312 0.38125 0.84375 0.383333 0.839062 0.383333 0.839062 0.389583 0.85 0.389583 0.85 0.383333 0.846875 0.383333
1 0.81875 0.30625 0.81875 0.308333 0.817188 0.310417 0.828125 0.310417 0.826562 0.308333 0.826562 0.30625
1 0.225 0.30625 0.225 0.308333 0.223438 0.310417 0.223438 0.3125 0.248438 0.3125 0.248438 0.308333 0.24375 0.308333 0.242188 0.30625
