0 0.559892 0.969479 0.559892 0.971275 0.558546 0.97307 0.558546 0.974865 0.557201 0.976661 0.557201 0.978456 0.561238 0.983842 0.574697 0.983842 0.576043 0.985637 0.580081 0.985637 0.581427 0.987433 0.585464 0.987433 0.58681 0.989228 0.589502 0.989228 0.590848 0.991023 0.594886 0.991023 0.596231 0.992819 0.597577 0.992819 0.600269 0.996409 0.601615 0.996409 0.602961 0.998205 0.621803 0.998205 0.621803 0.996409 0.623149 0.994614 0.623149 0.989228 0.624495 0.987433 0.624495 0.983842 0.623149 0.983842 0.621803 0.982047 0.620458 0.982047 0.617766 0.978456 0.61642 0.978456 0.615074 0.976661 0.613728 0.976661 0.612382 0.974865 0.611036 0.974865 0.608345 0.971275 0.606999 0.971275 0.605653 0.969479
0 0.434724 0.908438 0.433378 0.910233 0.427995 0.910233 0.427995 0.917415 0.433378 0.917415 0.434724 0.91921
0 0.271871 0.858169 0.270525 0.859964 0.263795 0.859964 0.265141 0.859964 0.266487 0.861759 0.267833 0.861759 0.270525 0.86535 0.271871 0.86535 0.273217 0.867145 0.274563 0.86535 0.288022 0.86535 0.286676 0.863555 0.286676 0.861759 0.28533 0.859964 0.28533 0.858169
0 0.487214 0.807899 0.48856 0.807899 0.491252 0.81149 0.492598 0.81149 0.495289 0.815081 0.495289 0.807899
0 0.519515 0.692998 0.516824 0.696589 0.515478 0.696589 0.514132 0.698384 0.515478 0.698384 0.51817 0.701975 0.519515 0.701975 0.520861 0.70377 0.530283 0.70377 0.531629 0.705566 0.531629 0.70377 0.532974 0.701975 0.532974 0.70018 0.53432 0.698384 0.53432 0.696589 0.535666 0.694794 0.520861 0.694794
0 0.401077 0.67325 0.40646 0.680431 0.411844 0.67325
0 0.218035 0.626571 0.215343 0.630162 0.213997 0.630162 0.212651 0.631957 0.215343 0.631957 0.216689 0.633752 0.218035 0.633752 0.219381 0.635548 0.223419 0.630162 0.222073 0.630162 0.220727 0.628366 0.219381 0.628366
0 0.274563 0.527828 0.273217 0.529623 0.273217 0.531418 0.271871 0.533214 0.271871 0.535009 0.270525 0.536804 0.275908 0.536804 0.277254 0.5386 0.2786 0.536804 0.283984 0.536804 0.283984 0.533214 0.282638 0.531418 0.282638 0.527828
0 0.282638 0.499102 0.282638 0.509874 0.28533 0.506284 0.286676 0.506284 0.286676 0.499102
0 0.990579 0.468582 0.989233 0.470377 0.978466 0.470377 0.983849 0.477558 0.985195 0.475763 0.987887 0.475763 0.989233 0.473968 0.991925 0.473968 0.991925 0.472172 0.990579 0.470377
0 0.123822 0.454219 0.122476 0.456014 0.121131 0.456014 0.118439 0.459605 0.117093 0.459605 0.118439 0.459605 0.121131 0.463196 0.122476 0.463196 0.123822 0.464991 0.131898 0.464991 0.133244 0.466786 0.138627 0.459605 0.137281 0.45781 0.137281 0.456014 0.135935 0.454219
0 0.43607 0.441652 0.434724 0.443447 0.433378 0.443447 0.43607 0.447038 0.43607 0.448833 0.440108 0.454219 0.440108 0.456014 0.441454 0.45781 0.444145 0.454219 0.440108 0.448833 0.440108 0.447038
0 0.761777 0.391382 0.757739 0.396768 0.759085 0.398564 0.759085 0.400359 0.760431 0.402154 0.760431 0.40395 0.764468 0.398564 0.77389 0.398564 0.776581 0.402154 0.776581 0.40395 0.777927 0.405745 0.777927 0.40754 0.780619 0.40754 0.781965 0.409336 0.783311 0.409336 0.784657 0.411131 0.784657 0.409336 0.786003 0.40754 0.786003 0.405745 0.784657 0.40395 0.784657 0.402154 0.783311 0.400359 0.783311 0.398564 0.781965 0.396768 0.781965 0.394973 0.780619 0.396768 0.768506 0.396768 0.76716 0.394973 0.765814 0.394973 0.764468 0.393178 0.763122 0.393178
0 0.681023 0.330341 0.685061 0.335727 0.693136 0.335727 0.694482 0.337522 0.697174 0.333932 0.703903 0.333932 0.702557 0.332136 0.702557 0.330341
0 0.269179 0.317774 0.267833 0.319569 0.266487 0.319569 0.265141 0.321364 0.263795 0.321364 0.267833 0.32675 0.271871 0.32675 0.274563 0.32316 0.275908 0.32316 0.274563 0.32316 0.271871 0.319569 0.270525 0.319569
0 0.495289 0.314183 0.493943 0.315978 0.485868 0.315978 0.485868 0.317774 0.487214 0.319569 0.487214 0.321364 0.497981 0.321364 0.499327 0.319569 0.506057 0.319569 0.506057 0.314183
0 0.153432 0.280072 0.149394 0.285458 0.152086 0.285458 0.153432 0.287253 0.154778 0.287253 0.156124 0.289048 0.158816 0.289048 0.160162 0.290844 0.162853 0.287253 0.162853 0.285458 0.165545 0.281867 0.154778 0.281867
0 0.71467 0.247756 0.71467 0.249551 0.713324 0.251346 0.716016 0.251346 0.717362 0.253142 0.720054 0.253142 0.7214 0.254937 0.7214 0.253142 0.722746 0.251346 0.722746 0.249551 0.716016 0.249551
0 0.158816 0.240575 0.158816 0.245961 0.15747 0.247756 0.15747 0.251346 0.158816 0.249551 0.170929 0.249551 0.170929 0.245961 0.169583 0.244165 0.169583 0.240575
1 0.316285 0.806104 0.30821 0.816876 0.30821 0.818671 0.298789 0.831239 0.300135 0.831239 0.302826 0.834829 0.306864 0.829443 0.306864 0.827648 0.314939 0.816876 0.314939 0.815081 0.318977 0.809695
1 0.039031 0.585278 0.039031 0.59246 0.037685 0.594255 0.034993 0.594255 0.033647 0.59605 0.025572 0.59605 0.024226 0.597846 0.016151 0.597846 0.013459 0.601436 0.012113 0.601436 0.006729 0.608618 0.005384 0.608618 0.004038 0.610413 0.004038 0.614004 0.006729 0.610413 0.008075 0.610413 0.010767 0.606822 0.012113 0.606822 0.014805 0.603232 0.016151 0.603232 0.018843 0.599641 0.036339 0.599641 0.039031 0.59605 0.040377 0.59605 0.041723 0.594255 0.041723 0.585278
1 0.60969 0.475763 0.60969 0.482944 0.608345 0.48474 0.608345 0.500898 0.606999 0.502693 0.606999 0.509874 0.608345 0.509874 0.60969 0.51167 0.613728 0.51167 0.61642 0.508079 0.61642 0.493716 0.615074 0.491921 0.615074 0.477558 0.611036 0.477558
1 0.877524 0.382406 0.873486 0.387792 0.87214 0.387792 0.866756 0.394973 0.86541 0.394973 0.860027 0.402154 0.858681 0.402154 0.855989 0.405745 0.858681 0.409336 0.860027 0.409336 0.86541 0.416517 0.866756 0.414722 0.868102 0.414722 0.869448 0.412926 0.87214 0.412926 0.873486 0.411131 0.874832 0.411131 0.876178 0.409336 0.877524 0.409336 0.878869 0.40754 0.881561 0.40754 0.882907 0.405745 0.884253 0.405745 0.885599 0.40395 0.888291 0.40395 0.889637 0.402154 0.890983 0.402154 0.884253 0.393178 0.884253 0.391382
1 0.078062 0.378815 0.076716 0.38061 0.064603 0.38061 0.063257 0.382406 0.060565 0.382406 0.059219 0.384201 0.057873 0.384201 0.056528 0.385996 0.053836 0.385996 0.05249 0.387792 0.051144 0.387792 0.049798 0.389587 0.047106 0.389587 0.049798 0.389587 0.051144 0.391382 0.05249 0.389587 0.057873 0.389587 0.059219 0.387792 0.065949 0.387792 0.067295 0.385996 0.080754 0.385996 0.079408 0.384201 0.079408 0.382406 0.078062 0.38061
1 0.765814 0.332136 0.76716 0.333932 0.768506 0.333932 0.772544 0.339318 0.803499 0.339318 0.804845 0.341113 0.807537 0.341113 0.808883 0.342908 0.810229 0.342908 0.811575 0.344704 0.814266 0.344704 0.815612 0.346499 0.82638 0.346499 0.823688 0.346499 0.822342 0.344704 0.820996 0.344704 0.81965 0.342908 0.816958 0.342908 0.815612 0.341113 0.814266 0.341113 0.812921 0.339318 0.810229 0.339318 0.808883 0.337522 0.807537 0.337522 0.806191 0.335727 0.777927 0.335727 0.776581 0.333932 0.771198 0.333932 0.769852 0.332136
1 0.329744 0.168761 0.329744 0.172352 0.343203 0.172352 0.344549 0.174147 0.356662 0.174147 0.358008 0.175943 0.366083 0.175943 0.367429 0.177738 0.374159 0.177738 0.375505 0.179533 0.384926 0.179533 0.386272 0.181329 0.388964 0.177738 0.39031 0.177738 0.391655 0.175943 0.380888 0.175943 0.379542 0.174147 0.368775 0.174147 0.367429 0.172352 0.358008 0.172352 0.356662 0.170557 0.345895 0.170557 0.344549 0.168761
1 0.292059 0.132855 0.292059 0.13465 0.290713 0.136445 0.290713 0.138241 0.305518 0.138241 0.305518 0.132855
