0 0.489633 0.744493 0.488038 0.746696 0.481659 0.746696 0.480064 0.748899 0.480064 0.751101 0.475279 0.757709 0.475279 0.759912 0.473684 0.762115 0.475279 0.764317 0.475279 0.76652 0.476874 0.768722 0.476874 0.770925 0.486443 0.770925 0.494418 0.759912 0.494418 0.744493
0 0.140351 0.528634 0.140351 0.54185 0.14673 0.54185 0.14673 0.528634
0 0.371611 0.4163 0.370016 0.418502 0.365231 0.418502 0.365231 0.422907 0.363636 0.42511 0.363636 0.427313 0.368421 0.427313 0.370016 0.42511 0.370016 0.422907 0.371611 0.420705
0 0.808612 0.301762 0.808612 0.30837 0.810207 0.310573 0.810207 0.317181 0.811802 0.314978 0.830941 0.314978 0.826156 0.30837 0.826156 0.306167 0.822967 0.301762
0 0.15311 0.290749 0.151515 0.292952 0.14992 0.292952 0.148325 0.295154 0.14673 0.295154 0.14673 0.297357 0.145136 0.299559 0.145136 0.301762 0.143541 0.303965 0.145136 0.306167 0.145136 0.30837 0.14673 0.310573 0.14673 0.312775 0.15949 0.312775 0.161085 0.310573 0.167464 0.310573 0.167464 0.297357 0.165869 0.297357 0.162679 0.292952 0.161085 0.292952 0.15949 0.290749
0 0.717703 0.26652 0.717703 0.277533 0.720893 0.277533 0.722488 0.279736 0.725678 0.279736 0.727273 0.281938 0.730463 0.281938 0.732057 0.284141 0.824561 0.284141 0.824561 0.281938 0.826156 0.279736 0.826156 0.277533 0.818182 0.277533 0.816587 0.27533 0.808612 0.27533 0.807018 0.273128 0.770335 0.273128 0.76874 0.27533 0.767145 0.27533 0.76555 0.277533 0.741627 0.277533 0.740032 0.27533 0.740032 0.26652
0 0.588517 0.251101 0.586922 0.253304 0.586922 0.255507 0.585327 0.257709 0.585327 0.259912 0.583732 0.262115 0.583732 0.264317 0.585327 0.264317 0.586922 0.26652 0.590112 0.26652 0.591707 0.268722 0.593301 0.268722 0.594896 0.270925 0.596491 0.270925 0.598086 0.273128 0.601276 0.273128 0.602871 0.27533 0.604466 0.27533 0.606061 0.277533 0.607656 0.277533 0.60925 0.279736 0.61244 0.279736 0.614035 0.281938 0.660287 0.281938 0.661882 0.279736 0.663477 0.281938 0.676236 0.281938 0.677831 0.284141 0.69378 0.284141 0.695375 0.281938 0.69697 0.281938 0.698565 0.279736 0.700159 0.279736 0.701754 0.277533 0.703349 0.277533 0.701754 0.277533 0.700159 0.27533 0.698565 0.27533 0.69697 0.273128 0.695375 0.273128 0.692185 0.268722 0.69059 0.268722 0.688995 0.26652 0.6874 0.26652 0.685805 0.264317 0.684211 0.264317 0.682616 0.262115 0.676236 0.262115 0.674641 0.259912 0.668262 0.259912 0.666667 0.257709 0.658692 0.257709 0.657097 0.255507 0.650718 0.255507 0.649123 0.253304 0.61882 0.253304 0.617225 0.251101
0 0.548644 0.248899 0.547049 0.251101 0.54386 0.251101 0.542265 0.253304 0.53748 0.253304 0.53748 0.255507 0.535885 0.257709 0.535885 0.270925 0.54067 0.270925 0.542265 0.268722 0.545455 0.268722 0.547049 0.26652 0.551834 0.26652 0.551834 0.264317 0.553429 0.262115 0.553429 0.259912 0.555024 0.257709 0.555024 0.255507 0.556619 0.253304 0.559809 0.253304 0.559809 0.248899
1 0.307815 0.870044 0.307815 0.878855 0.30622 0.881057 0.30622 0.889868 0.307815 0.89207 0.307815 0.894273 0.30941 0.896476 0.30941 0.898678 0.311005 0.900881 0.311005 0.905286 0.3126 0.907489 0.3126 0.914097 0.314195 0.9163 0.314195 0.918502 0.318979 0.918502 0.318979 0.909692 0.317384 0.907489 0.317384 0.905286 0.315789 0.903084 0.315789 0.900881 0.314195 0.898678 0.314195 0.894273 0.3126 0.89207 0.3126 0.889868 0.311005 0.887665 0.311005 0.870044
1 0.586922 0.828194 0.585327 0.830396 0.583732 0.830396 0.562998 0.859031 0.564593 0.859031 0.566188 0.861233 0.577352 0.845815 0.578947 0.845815 0.586922 0.834802
1 0.23126 0.651982 0.229665 0.654185 0.22807 0.654185 0.223285 0.660793 0.221691 0.660793 0.220096 0.662996 0.221691 0.665198 0.221691 0.667401 0.22807 0.65859 0.229665 0.65859 0.232855 0.654185
1 0.0 0.640969 0.0 0.651982 0.009569 0.651982 0.011164 0.654185 0.022329 0.654185 0.023923 0.651982 0.023923 0.64978 0.025518 0.647577 0.023923 0.647577 0.020734 0.643172 0.019139 0.643172 0.017544 0.640969
1 0.513557 0.5837 0.511962 0.585903 0.496013 0.585903 0.494418 0.588106 0.491228 0.588106 0.489633 0.590308 0.486443 0.590308 0.484848 0.592511 0.483254 0.592511 0.481659 0.594714 0.478469 0.594714 0.478469 0.599119 0.476874 0.601322 0.476874 0.603524 0.480064 0.603524 0.481659 0.605727 0.483254 0.605727 0.484848 0.60793 0.496013 0.60793 0.497608 0.605727 0.505582 0.605727 0.510367 0.599119 0.508772 0.599119 0.505582 0.594714 0.503987 0.594714 0.502392 0.592511 0.503987 0.590308 0.513557 0.590308
1 0.035088 0.579295 0.022329 0.596916 0.015949 0.596916 0.015949 0.599119 0.014354 0.601322 0.014354 0.603524 0.015949 0.601322 0.020734 0.601322 0.022329 0.599119 0.027113 0.599119 0.035088 0.588106 0.036683 0.588106 0.043062 0.579295
1 0.720893 0.568282 0.719298 0.570485 0.714514 0.570485 0.714514 0.579295 0.717703 0.579295 0.719298 0.581498 0.727273 0.581498 0.728868 0.5837 0.728868 0.585903 0.730463 0.588106 0.730463 0.590308 0.732057 0.592511 0.732057 0.594714 0.736842 0.594714 0.736842 0.592511 0.735247 0.590308 0.735247 0.585903 0.733652 0.5837 0.733652 0.581498 0.732057 0.579295 0.732057 0.577093 0.730463 0.577093 0.727273 0.572687 0.725678 0.572687 0.724083 0.570485 0.722488 0.570485
1 0.688995 0.550661 0.685805 0.555066 0.684211 0.555066 0.684211 0.557269 0.682616 0.559471 0.682616 0.561674 0.681021 0.563877 0.682616 0.563877 0.684211 0.566079 0.692185 0.566079 0.69697 0.559471 0.701754 0.559471 0.701754 0.550661
1 0.0 0.546256 0.0 0.563877 0.019139 0.563877 0.019139 0.552863 0.017544 0.552863 0.015949 0.550661 0.012759 0.550661 0.011164 0.548458 0.00638 0.548458 0.004785 0.546256
1 0.208931 0.530837 0.208931 0.53304 0.207337 0.535242 0.208931 0.537445 0.208931 0.539648 0.210526 0.54185 0.216906 0.54185 0.220096 0.537445 0.218501 0.535242 0.216906 0.535242 0.213716 0.530837
1 0.135566 0.488987 0.133971 0.491189 0.133971 0.493392 0.132376 0.495595 0.137161 0.495595 0.138756 0.497797 0.143541 0.497797 0.151515 0.508811 0.1563 0.508811 0.157895 0.511013 0.162679 0.511013 0.164274 0.513216 0.169059 0.513216 0.170654 0.515419 0.170654 0.508811 0.169059 0.506608 0.167464 0.506608 0.162679 0.5 0.162679 0.497797 0.161085 0.495595 0.161085 0.493392 0.14992 0.493392 0.148325 0.491189 0.137161 0.491189
1 0.036683 0.482379 0.033493 0.486784 0.031898 0.486784 0.031898 0.493392 0.038278 0.493392 0.039872 0.491189 0.041467 0.491189 0.044657 0.486784 0.046252 0.486784 0.043062 0.482379
1 0.210526 0.477974 0.210526 0.482379 0.229665 0.482379 0.229665 0.477974
1 0.342903 0.411894 0.341308 0.414097 0.338118 0.414097 0.336523 0.4163 0.333333 0.4163 0.331738 0.418502 0.326954 0.418502 0.325359 0.420705 0.322169 0.420705 0.322169 0.42511 0.338118 0.42511 0.339713 0.422907 0.344498 0.422907 0.344498 0.418502 0.342903 0.4163
1 0.389155 0.39207 0.38756 0.394273 0.385965 0.394273 0.385965 0.396476 0.38437 0.398678 0.38437 0.400881 0.398724 0.400881 0.398724 0.394273 0.397129 0.394273 0.395534 0.39207
1 0.878788 0.38326 0.877193 0.385463 0.867624 0.385463 0.862839 0.39207 0.862839 0.396476 0.861244 0.398678 0.861244 0.403084 0.866029 0.403084 0.867624 0.405286 0.872408 0.405286 0.874003 0.403084 0.878788 0.403084 0.881978 0.398678 0.891547 0.398678 0.893142 0.396476 0.904306 0.396476 0.905901 0.398678 0.907496 0.398678 0.909091 0.400881 0.910686 0.400881 0.912281 0.403084 0.920255 0.403084 0.92185 0.405286 0.956938 0.405286 0.956938 0.396476 0.955343 0.394273 0.955343 0.39207 0.950558 0.39207 0.948963 0.389868 0.923445 0.389868 0.92185 0.387665 0.910686 0.387665 0.909091 0.385463 0.902711 0.385463 0.901116 0.38326
1 0.602871 0.374449 0.601276 0.376652 0.599681 0.376652 0.599681 0.387665 0.610845 0.387665 0.610845 0.385463 0.61244 0.38326 0.61244 0.381057 0.610845 0.378855 0.610845 0.376652 0.60925 0.374449
1 0.6874 0.372247 0.685805 0.374449 0.681021 0.374449 0.679426 0.376652 0.671451 0.376652 0.671451 0.378855 0.669856 0.381057 0.669856 0.38326 0.673046 0.387665 0.69059 0.387665 0.692185 0.389868 0.695375 0.389868 0.69697 0.39207 0.69697 0.389868 0.698565 0.387665 0.708134 0.387665 0.709729 0.385463 0.712919 0.385463 0.714514 0.387665 0.711324 0.38326 0.709729 0.38326 0.706539 0.378855 0.706539 0.372247
1 0.939394 0.34141 0.937799 0.343612 0.92504 0.343612 0.923445 0.345815 0.909091 0.345815 0.907496 0.348018 0.894737 0.348018 0.894737 0.352423 0.896332 0.354626 0.896332 0.356828 0.910686 0.356828 0.912281 0.359031 0.913876 0.359031 0.917065 0.363436 0.91866 0.363436 0.92185 0.367841 0.923445 0.367841 0.92504 0.370044 0.976077 0.370044 0.977671 0.367841 0.998405 0.367841 0.998405 0.343612 0.977671 0.343612 0.976077 0.34141
1 0.803828 0.332599 0.803828 0.339207 0.818182 0.339207 0.819777 0.34141 0.819777 0.343612 0.818182 0.345815 0.818182 0.348018 0.816587 0.35022 0.816587 0.354626 0.814992 0.356828 0.814992 0.359031 0.818182 0.359031 0.819777 0.361233 0.821372 0.359031 0.832536 0.359031 0.837321 0.352423 0.838915 0.352423 0.84051 0.35022 0.84051 0.348018 0.842105 0.345815 0.842105 0.343612 0.845295 0.339207 0.870813 0.339207 0.870813 0.337004 0.869219 0.334802 0.869219 0.332599
1 0.789474 0.30837 0.786284 0.312775 0.789474 0.312775 0.791069 0.314978 0.792663 0.314978 0.794258 0.317181 0.795853 0.317181 0.797448 0.319383 0.799043 0.319383 0.800638 0.321586 0.802233 0.321586 0.803828 0.323789 0.829346 0.323789 0.830941 0.321586 0.842105 0.321586 0.842105 0.314978 0.832536 0.314978 0.830941 0.317181 0.811802 0.317181 0.810207 0.319383 0.808612 0.317181 0.807018 0.317181 0.805423 0.314978 0.800638 0.314978 0.799043 0.312775 0.795853 0.312775 0.794258 0.310573 0.791069 0.310573
1 0.896332 0.297357 0.894737 0.299559 0.888357 0.299559 0.886762 0.301762 0.881978 0.301762 0.880383 0.303965 0.874003 0.303965 0.872408 0.306167 0.867624 0.306167 0.866029 0.30837 0.859649 0.30837 0.861244 0.310573 0.861244 0.312775 0.862839 0.314978 0.862839 0.317181 0.869219 0.317181 0.870813 0.319383 0.875598 0.319383 0.877193 0.321586 0.880383 0.321586 0.881978 0.323789 0.885167 0.323789 0.886762 0.325991 0.888357 0.325991 0.889952 0.328194 0.893142 0.328194 0.894737 0.330396 0.947368 0.330396 0.948963 0.332599 0.948963 0.330396 0.950558 0.328194 0.950558 0.325991 0.947368 0.325991 0.945774 0.323789 0.944179 0.323789 0.942584 0.321586 0.939394 0.321586 0.936204 0.317181 0.936204 0.314978 0.931419 0.30837 0.931419 0.306167 0.929825 0.303965 0.920255 0.303965 0.91866 0.301762 0.909091 0.301762 0.907496 0.299559 0.897927 0.299559
1 0.893142 0.273128 0.891547 0.27533 0.874003 0.27533 0.872408 0.277533 0.854864 0.277533 0.85327 0.279736 0.835726 0.279736 0.835726 0.281938 0.834131 0.284141 0.834131 0.286344 0.832536 0.288546 0.893142 0.288546
1 0.910686 0.264317 0.907496 0.268722 0.907496 0.273128 0.909091 0.27533 0.909091 0.277533 0.91547 0.277533 0.917065 0.279736 0.917065 0.281938 0.91866 0.284141 0.91866 0.286344 0.920255 0.288546 0.920255 0.290749 0.923445 0.290749 0.92504 0.292952 0.968102 0.292952 0.968102 0.288546 0.948963 0.288546 0.947368 0.286344 0.92504 0.286344 0.923445 0.284141 0.92504 0.281938 0.92504 0.279736 0.926635 0.277533 0.926635 0.27533 0.92823 0.273128 0.92504 0.268722 0.923445 0.268722 0.920255 0.264317
