0 0.580081 0.912029 0.580081 0.91921 0.578735 0.921005 0.578735 0.933573 0.577389 0.935368 0.577389 0.942549 0.576043 0.944345 0.576043 0.94614 0.574697 0.947935 0.574697 0.949731 0.573351 0.951526 0.573351 0.962298 0.572005 0.964093 0.572005 0.974865 0.570659 0.976661 0.570659 0.978456 0.569314 0.980251 0.569314 0.983842 0.567968 0.985637 0.567968 0.987433 0.566622 0.989228 0.566622 0.992819 0.565276 0.994614 0.565276 0.996409 0.56393 0.998205 0.576043 0.998205 0.577389 0.996409 0.577389 0.992819 0.578735 0.991023 0.578735 0.987433 0.580081 0.985637 0.580081 0.980251 0.581427 0.978456 0.581427 0.97307 0.582773 0.971275 0.582773 0.965889 0.584118 0.964093 0.584118 0.958707 0.585464 0.956912 0.585464 0.947935 0.58681 0.94614 0.58681 0.935368 0.588156 0.933573 0.588156 0.922801 0.589502 0.921005 0.589502 0.915619 0.585464 0.915619 0.584118 0.913824 0.581427 0.913824
0 0.51144 0.793537 0.51144 0.797127 0.510094 0.798923 0.510094 0.800718 0.512786 0.800718 0.514132 0.802513 0.515478 0.802513 0.516824 0.804309 0.519515 0.804309 0.520861 0.806104 0.522207 0.804309 0.524899 0.804309 0.526245 0.802513 0.530283 0.802513 0.527591 0.798923 0.527591 0.797127 0.524899 0.793537
0 0.146703 0.682226 0.146703 0.684022 0.145357 0.685817 0.145357 0.687612 0.144011 0.689408 0.144011 0.691203 0.142665 0.692998 0.145357 0.696589 0.145357 0.698384 0.148048 0.701975 0.15747 0.701975 0.15747 0.70018 0.158816 0.698384 0.158816 0.696589 0.160162 0.694794 0.160162 0.692998 0.161507 0.691203 0.161507 0.689408 0.160162 0.687612 0.158816 0.687612 0.156124 0.684022 0.148048 0.684022
0 0.751009 0.637343 0.751009 0.644524 0.752355 0.644524 0.755047 0.648115 0.756393 0.648115 0.757739 0.64991 0.759085 0.648115 0.765814 0.648115 0.764468 0.648115 0.761777 0.644524 0.760431 0.644524 0.757739 0.640934 0.755047 0.640934 0.753701 0.639138 0.752355 0.639138
0 0.305518 0.624776 0.304172 0.626571 0.300135 0.626571 0.298789 0.628366 0.296097 0.628366 0.294751 0.630162 0.290713 0.630162 0.290713 0.633752 0.289367 0.635548 0.289367 0.639138 0.296097 0.648115 0.298789 0.648115 0.300135 0.64991 0.302826 0.64991 0.304172 0.651706 0.30821 0.651706 0.309556 0.653501 0.312248 0.653501 0.313594 0.655296 0.316285 0.655296 0.317631 0.657092 0.325707 0.657092 0.327052 0.658887 0.333782 0.658887 0.335128 0.660682 0.343203 0.660682 0.344549 0.662478 0.351279 0.662478 0.352624 0.664273 0.35397 0.664273 0.355316 0.666068 0.356662 0.666068 0.359354 0.669659 0.3607 0.669659 0.362046 0.671454 0.363392 0.671454 0.364738 0.67325 0.364738 0.671454 0.366083 0.669659 0.366083 0.666068 0.367429 0.664273 0.367429 0.658887 0.368775 0.657092 0.368775 0.653501 0.370121 0.651706 0.370121 0.648115 0.368775 0.64632 0.368775 0.642729 0.367429 0.640934 0.367429 0.639138 0.359354 0.639138 0.358008 0.637343 0.351279 0.637343 0.349933 0.635548 0.341857 0.635548 0.340511 0.633752 0.333782 0.633752 0.332436 0.631957 0.327052 0.631957 0.325707 0.630162 0.320323 0.630162 0.318977 0.628366 0.313594 0.628366 0.312248 0.626571 0.306864 0.626571
0 0.057873 0.385996 0.056528 0.387792 0.053836 0.387792 0.05249 0.389587 0.049798 0.389587 0.04576 0.394973 0.049798 0.394973 0.051144 0.396768 0.056528 0.396768 0.057873 0.398564 0.061911 0.398564 0.063257 0.400359 0.063257 0.398564 0.064603 0.396768 0.060565 0.391382 0.060565 0.389587
0 0.02288 0.378815 0.02288 0.38061 0.021534 0.382406 0.021534 0.384201 0.020188 0.385996 0.020188 0.387792 0.018843 0.389587 0.018843 0.391382 0.017497 0.393178 0.017497 0.394973 0.021534 0.394973 0.02288 0.396768 0.025572 0.396768 0.026918 0.398564 0.026918 0.405745 0.025572 0.40754 0.025572 0.412926 0.030956 0.412926 0.032301 0.414722 0.032301 0.411131 0.033647 0.409336 0.033647 0.402154 0.034993 0.400359 0.034993 0.387792 0.033647 0.385996 0.033647 0.382406 0.032301 0.38061 0.032301 0.378815
0 0.044415 0.333932 0.041723 0.337522 0.041723 0.339318 0.037685 0.344704 0.04576 0.344704 0.047106 0.346499 0.053836 0.346499 0.055182 0.348294
0 0.179004 0.32675 0.179004 0.330341 0.177658 0.332136 0.177658 0.335727 0.187079 0.335727 0.188425 0.337522 0.191117 0.333932 0.191117 0.332136 0.193809 0.328546 0.18035 0.328546
0 0.149394 0.301616 0.148048 0.303411 0.146703 0.303411 0.144011 0.307002 0.142665 0.307002 0.141319 0.308797 0.139973 0.308797 0.141319 0.308797 0.144011 0.312388 0.145357 0.312388 0.146703 0.314183 0.15074 0.308797 0.152086 0.308797 0.154778 0.305206 0.153432 0.305206 0.152086 0.303411 0.15074 0.303411
0 0.23284 0.290844 0.231494 0.292639 0.227456 0.292639 0.22611 0.294434 0.223419 0.294434 0.222073 0.29623 0.218035 0.29623 0.219381 0.298025 0.220727 0.298025 0.224764 0.303411 0.22611 0.303411 0.230148 0.308797 0.231494 0.308797 0.234186 0.312388 0.243607 0.312388 0.244953 0.314183 0.253028 0.314183 0.254374 0.315978 0.257066 0.312388 0.258412 0.312388 0.26245 0.307002 0.263795 0.307002 0.265141 0.305206 0.26245 0.301616 0.261104 0.301616 0.25572 0.294434 0.244953 0.294434 0.243607 0.292639 0.234186 0.292639
0 0.15747 0.220826 0.154778 0.224417 0.153432 0.224417 0.152086 0.226212 0.152086 0.228007 0.15074 0.229803 0.15074 0.233393 0.148048 0.236984 0.141319 0.236984 0.144011 0.240575 0.144011 0.24237 0.145357 0.244165 0.154778 0.244165 0.154778 0.24237 0.156124 0.240575 0.156124 0.238779 0.15747 0.236984
1 0.7214 0.964093 0.717362 0.969479 0.718708 0.969479 0.7214 0.97307 0.722746 0.97307 0.724092 0.974865 0.725437 0.974865 0.726783 0.976661 0.728129 0.976661 0.730821 0.980251 0.732167 0.980251 0.733513 0.982047 0.734859 0.982047 0.736205 0.983842 0.73755 0.983842 0.740242 0.987433 0.741588 0.987433 0.742934 0.989228 0.74428 0.989228 0.745626 0.991023 0.746972 0.991023 0.749664 0.994614 0.751009 0.994614 0.752355 0.996409 0.753701 0.994614 0.753701 0.992819 0.755047 0.991023 0.753701 0.991023 0.751009 0.987433 0.749664 0.987433 0.748318 0.985637 0.746972 0.985637 0.74428 0.982047 0.742934 0.982047 0.741588 0.980251 0.740242 0.980251 0.73755 0.976661 0.736205 0.976661 0.734859 0.974865 0.733513 0.974865 0.730821 0.971275 0.729475 0.971275 0.728129 0.969479 0.726783 0.969479 0.724092 0.965889 0.722746 0.965889
1 0.553163 0.931777 0.553163 0.933573 0.551817 0.935368 0.551817 0.937163 0.550471 0.938959 0.550471 0.940754 0.549125 0.942549 0.549125 0.94614 0.547779 0.947935 0.547779 0.949731 0.546433 0.951526 0.546433 0.955117 0.545087 0.956912 0.545087 0.958707 0.543742 0.960503 0.543742 0.962298 0.542396 0.964093 0.542396 0.967684 0.54105 0.969479 0.54105 0.971275 0.539704 0.97307 0.539704 0.976661 0.538358 0.978456 0.538358 0.980251 0.537012 0.982047 0.537012 0.983842 0.53432 0.987433 0.532974 0.987433 0.531629 0.985637 0.528937 0.985637 0.527591 0.983842 0.523553 0.983842 0.522207 0.982047 0.519515 0.982047 0.51817 0.980251 0.515478 0.980251 0.514132 0.978456 0.51144 0.978456 0.510094 0.976661 0.510094 0.980251 0.51144 0.980251 0.512786 0.982047 0.515478 0.982047 0.516824 0.983842 0.51817 0.983842 0.519515 0.985637 0.520861 0.985637 0.522207 0.987433 0.523553 0.987433 0.524899 0.989228 0.527591 0.989228 0.528937 0.991023 0.530283 0.991023 0.531629 0.992819 0.532974 0.992819 0.53432 0.994614 0.535666 0.994614 0.537012 0.996409 0.539704 0.996409 0.54105 0.998205 0.554509 0.998205 0.550471 0.998205 0.549125 0.996409 0.546433 0.996409 0.545087 0.994614 0.542396 0.994614 0.54105 0.992819 0.54105 0.991023 0.542396 0.989228 0.542396 0.983842 0.543742 0.982047 0.543742 0.978456 0.545087 0.976661 0.545087 0.97307 0.546433 0.971275 0.546433 0.965889 0.547779 0.964093 0.547779 0.960503 0.549125 0.958707 0.549125 0.956912 0.550471 0.955117 0.550471 0.951526 0.551817 0.949731 0.551817 0.947935 0.553163 0.94614 0.553163 0.944345 0.554509 0.942549 0.554509 0.938959 0.555855 0.937163 0.555855 0.935368 0.557201 0.933573 0.557201 0.931777
1 0.851952 0.721724 0.851952 0.728905 0.858681 0.728905 0.860027 0.7307 0.86541 0.7307 0.866756 0.732496 0.869448 0.732496 0.870794 0.734291 0.870794 0.737882 0.87214 0.739677 0.87214 0.745063 0.873486 0.746858 0.873486 0.750449 0.87214 0.752244 0.866756 0.752244 0.86541 0.754039 0.860027 0.754039 0.858681 0.755835 0.853297 0.755835 0.851952 0.75763 0.846568 0.75763 0.845222 0.759425 0.84253 0.759425 0.841184 0.761221 0.838493 0.761221 0.837147 0.763016 0.834455 0.763016 0.833109 0.764811 0.830417 0.764811 0.829071 0.766607 0.815612 0.766607 0.814266 0.768402 0.799462 0.768402 0.798116 0.770197 0.784657 0.770197 0.787349 0.773788 0.787349 0.775583 0.791386 0.780969 0.791386 0.782765 0.795424 0.788151 0.795424 0.789946 0.79677 0.791741 0.806191 0.791741 0.807537 0.793537 0.807537 0.795332 0.806191 0.797127 0.806191 0.800718 0.804845 0.802513 0.804845 0.806104 0.803499 0.807899 0.803499 0.81149 0.802153 0.813285 0.802153 0.815081 0.803499 0.815081 0.804845 0.816876 0.806191 0.816876 0.807537 0.818671 0.808883 0.818671 0.810229 0.820467 0.812921 0.820467 0.814266 0.822262 0.815612 0.822262 0.816958 0.824057 0.818304 0.824057 0.81965 0.825853 0.820996 0.825853 0.82638 0.833034 0.82638 0.834829 0.833109 0.843806 0.833109 0.845601 0.835801 0.849192 0.837147 0.849192 0.838493 0.850987 0.839838 0.850987 0.84253 0.854578 0.843876 0.854578 0.845222 0.856373 0.846568 0.856373 0.847914 0.858169 0.84926 0.858169 0.850606 0.859964 0.851952 0.859964 0.854643 0.863555 0.855989 0.863555 0.857335 0.86535 0.858681 0.86535 0.860027 0.867145 0.860027 0.870736 0.861373 0.872531 0.861373 0.881508 0.862719 0.883303 0.862719 0.89228 0.864065 0.894075 0.864065 0.897666 0.86541 0.897666 0.866756 0.899461 0.868102 0.897666 0.868102 0.895871 0.869448 0.894075 0.869448 0.89228 0.870794 0.890485 0.870794 0.888689 0.87214 0.886894 0.873486 0.886894 0.874832 0.888689 0.877524 0.888689 0.878869 0.890485 0.880215 0.890485 0.881561 0.89228 0.884253 0.89228 0.885599 0.894075 0.886945 0.894075 0.888291 0.895871 0.890983 0.895871 0.892328 0.897666 0.893674 0.897666 0.89502 0.899461 0.896366 0.899461 0.897712 0.901257 0.900404 0.901257 0.90175 0.903052 0.903096 0.903052 0.904441 0.904847 0.907133 0.904847 0.908479 0.906643 0.909825 0.906643 0.911171 0.908438 0.913863 0.908438 0.915209 0.910233 0.916555 0.910233 0.9179 0.912029 0.920592 0.912029 0.921938 0.913824 0.923284 0.913824 0.92463 0.915619 0.925976 0.915619 0.927322 0.917415 0.930013 0.917415 0.931359 0.91921 0.932705 0.91921 0.934051 0.921005 0.936743 0.921005 0.938089 0.922801 0.939435 0.922801 0.940781 0.924596 0.943472 0.924596 0.944818 0.926391 0.946164 0.926391 0.94751 0.928187 0.94751 0.922801 0.948856 0.921005 0.948856 0.917415 0.94751 0.917415 0.944818 0.913824 0.943472 0.913824 0.940781 0.910233 0.939435 0.910233 0.936743 0.906643 0.935397 0.906643 0.932705 0.903052 0.931359 0.903052 0.930013 0.901257 0.931359 0.899461 0.932705 0.899461 0.934051 0.897666 0.936743 0.897666 0.938089 0.895871 0.939435 0.895871 0.940781 0.894075 0.951548 0.894075 0.952894 0.895871 0.960969 0.895871 0.962315 0.897666 0.963661 0.895871 0.998654 0.895871 0.998654 0.818671 0.997308 0.816876 0.995962 0.816876 0.994616 0.815081 0.991925 0.815081 0.990579 0.813285 0.989233 0.813285 0.987887 0.81149 0.986541 0.81149 0.985195 0.809695 0.983849 0.809695 0.982503 0.807899 0.979812 0.807899 0.978466 0.806104 0.975774 0.806104 0.974428 0.804309 0.971736 0.804309 0.97039 0.802513 0.967699 0.802513 0.966353 0.800718 0.963661 0.800718 0.962315 0.798923 0.960969 0.798923 0.959623 0.797127 0.956931 0.797127 0.955585 0.795332 0.952894 0.795332 0.951548 0.793537 0.948856 0.793537 0.94751 0.791741 0.944818 0.791741 0.943472 0.789946 0.942127 0.789946 0.939435 0.786355 0.938089 0.786355 0.936743 0.78456 0.935397 0.78456 0.932705 0.780969 0.931359 0.780969 0.928668 0.777379 0.927322 0.777379 0.925976 0.775583 0.925976 0.773788 0.927322 0.771993 0.927322 0.770197 0.928668 0.768402 0.928668 0.766607 0.930013 0.764811 0.930013 0.763016 0.931359 0.761221 0.931359 0.755835 0.930013 0.754039 0.930013 0.746858 0.928668 0.745063 0.928668 0.741472 0.923284 0.741472 0.921938 0.739677 0.916555 0.739677 0.915209 0.737882 0.908479 0.737882 0.907133 0.736086 0.90175 0.736086 0.900404 0.734291 0.89502 0.734291 0.893674 0.732496 0.888291 0.732496 0.886945 0.7307 0.881561 0.7307 0.880215 0.728905 0.874832 0.728905 0.873486 0.72711 0.866756 0.72711 0.86541 0.725314 0.860027 0.725314 0.858681 0.723519 0.853297 0.723519
1 0.800808 0.719928 0.799462 0.721724 0.798116 0.721724 0.79677 0.723519 0.795424 0.723519 0.794078 0.725314 0.791386 0.725314 0.79004 0.72711 0.788694 0.72711 0.787349 0.728905 0.781965 0.728905 0.780619 0.7307 0.77389 0.7307 0.775236 0.7307 0.776581 0.732496 0.779273 0.732496 0.780619 0.734291 0.781965 0.734291 0.783311 0.736086 0.784657 0.736086 0.786003 0.737882 0.787349 0.737882 0.788694 0.739677 0.791386 0.739677 0.792732 0.741472 0.794078 0.741472 0.795424 0.743268 0.802153 0.743268 0.803499 0.745063 0.808883 0.745063 0.810229 0.746858 0.811575 0.745063 0.820996 0.745063 0.822342 0.743268 0.831763 0.743268 0.820996 0.728905 0.818304 0.728905 0.816958 0.72711 0.814266 0.72711 0.812921 0.725314 0.810229 0.725314 0.808883 0.723519 0.806191 0.723519 0.804845 0.721724 0.802153 0.721724
1 0.499327 0.70377 0.497981 0.705566 0.489906 0.705566 0.48856 0.707361 0.48183 0.707361 0.480485 0.709156 0.472409 0.709156 0.471063 0.710952 0.469717 0.710952 0.468371 0.712747 0.46568 0.712747 0.464334 0.714542 0.462988 0.714542 0.461642 0.716338 0.460296 0.716338 0.45895 0.718133 0.457604 0.718133 0.456258 0.719928 0.453567 0.719928 0.452221 0.721724 0.450875 0.721724 0.449529 0.723519 0.448183 0.723519 0.446837 0.725314 0.444145 0.725314 0.442799 0.72711 0.441454 0.72711 0.440108 0.728905 0.438762 0.728905 0.437416 0.7307 0.43607 0.7307 0.434724 0.732496 0.432032 0.732496 0.430686 0.734291 0.429341 0.734291 0.429341 0.736086 0.430686 0.737882 0.430686 0.741472 0.432032 0.739677 0.433378 0.739677 0.434724 0.737882 0.43607 0.737882 0.437416 0.736086 0.438762 0.736086 0.440108 0.734291 0.441454 0.734291 0.442799 0.732496 0.445491 0.732496 0.446837 0.7307 0.448183 0.7307 0.449529 0.728905 0.450875 0.728905 0.452221 0.72711 0.453567 0.72711 0.454913 0.725314 0.457604 0.725314 0.45895 0.723519 0.461642 0.723519 0.462988 0.721724 0.46568 0.721724 0.467026 0.719928 0.469717 0.719928 0.471063 0.718133 0.473755 0.718133 0.475101 0.716338 0.477793 0.716338 0.479139 0.714542 0.483176 0.714542 0.484522 0.712747 0.489906 0.712747 0.491252 0.710952 0.495289 0.710952 0.499327 0.716338 0.503365 0.710952 0.500673 0.707361 0.500673 0.705566
1 0.573351 0.64991 0.572005 0.651706 0.572005 0.653501 0.570659 0.655296 0.570659 0.657092 0.569314 0.658887 0.570659 0.658887 0.572005 0.660682 0.574697 0.660682 0.576043 0.662478 0.577389 0.662478 0.578735 0.664273 0.581427 0.664273 0.582773 0.666068 0.584118 0.666068 0.585464 0.667864 0.588156 0.667864 0.589502 0.669659 0.590848 0.669659 0.592194 0.671454 0.594886 0.671454 0.596231 0.67325 0.597577 0.67325 0.598923 0.675045 0.600269 0.675045 0.601615 0.67684 0.604307 0.67684 0.605653 0.678636 0.606999 0.678636 0.608345 0.680431 0.611036 0.680431 0.612382 0.682226 0.613728 0.682226 0.615074 0.684022 0.617766 0.684022 0.619112 0.685817 0.620458 0.685817 0.621803 0.687612 0.624495 0.687612 0.625841 0.689408 0.627187 0.689408 0.628533 0.691203 0.629879 0.691203 0.631225 0.692998 0.633917 0.692998 0.635262 0.694794 0.636608 0.694794 0.637954 0.696589 0.6393 0.696589 0.640646 0.698384 0.641992 0.698384 0.643338 0.70018 0.64603 0.70018 0.647376 0.701975 0.648721 0.701975 0.650067 0.70377 0.652759 0.70018 0.651413 0.698384 0.650067 0.698384 0.644684 0.691203 0.643338 0.691203 0.641992 0.689408 0.643338 0.687612 0.64603 0.687612 0.647376 0.689408 0.651413 0.689408 0.652759 0.691203 0.658143 0.691203 0.659489 0.692998 0.66218 0.689408 0.66218 0.687612 0.664872 0.684022 0.651413 0.666068 0.61642 0.666068 0.615074 0.664273 0.612382 0.664273 0.611036 0.662478 0.608345 0.662478 0.606999 0.660682 0.604307 0.660682 0.602961 0.658887 0.600269 0.658887 0.598923 0.657092 0.596231 0.657092 0.594886 0.655296 0.592194 0.655296 0.590848 0.653501 0.582773 0.653501 0.581427 0.651706 0.574697 0.651706
1 0.3607 0.603232 0.359354 0.605027 0.30821 0.605027 0.313594 0.612208 0.313594 0.614004 0.317631 0.61939 0.325707 0.61939 0.327052 0.621185 0.335128 0.621185 0.336474 0.62298 0.344549 0.62298 0.345895 0.624776 0.35397 0.624776 0.355316 0.626571 0.39031 0.626571 0.391655 0.628366 0.391655 0.62298 0.393001 0.621185 0.393001 0.615799 0.388964 0.615799 0.387618 0.614004 0.38358 0.614004 0.382234 0.612208 0.378197 0.612208 0.376851 0.610413 0.374159 0.610413 0.372813 0.608618 0.370121 0.608618 0.368775 0.606822 0.366083 0.606822 0.364738 0.605027 0.362046 0.605027
1 0.952894 0.533214 0.952894 0.545781 0.963661 0.545781 0.965007 0.547576 0.974428 0.547576 0.975774 0.549372 0.986541 0.549372 0.987887 0.551167 0.987887 0.545781 0.989233 0.543986 0.989233 0.5386 0.978466 0.5386 0.97712 0.536804 0.966353 0.536804 0.965007 0.535009 0.95424 0.535009
1 0.979812 0.497307 0.978466 0.499102 0.973082 0.499102 0.971736 0.500898 0.966353 0.500898 0.965007 0.502693 0.959623 0.502693 0.958277 0.504488 0.95424 0.504488 0.952894 0.506284 0.94751 0.506284 0.948856 0.506284 0.951548 0.509874 0.952894 0.508079 0.960969 0.508079 0.962315 0.506284 0.97039 0.506284 0.971736 0.504488 0.975774 0.504488 0.97712 0.502693 0.982503 0.502693 0.981157 0.500898 0.981157 0.499102
1 0.109017 0.48833 0.107672 0.490126 0.107672 0.491921 0.106326 0.493716 0.106326 0.495512 0.10498 0.497307 0.10498 0.499102 0.102288 0.502693 0.102288 0.504488 0.100942 0.506284 0.100942 0.508079 0.09825 0.51167 0.095559 0.51167 0.094213 0.513465 0.090175 0.513465 0.088829 0.51526 0.087483 0.51526 0.086137 0.517056 0.084791 0.517056 0.083445 0.518851 0.080754 0.518851 0.079408 0.520646 0.078062 0.520646 0.076716 0.522442 0.044415 0.522442 0.043069 0.520646 0.001346 0.520646 0.0 0.518851 0.0 0.710952 0.013459 0.710952 0.014805 0.712747 0.016151 0.710952 0.017497 0.710952 0.018843 0.709156 0.020188 0.709156 0.02288 0.705566 0.024226 0.705566 0.025572 0.70377 0.026918 0.70377 0.028264 0.701975 0.028264 0.70018 0.02961 0.698384 0.02961 0.696589 0.032301 0.692998 0.032301 0.691203 0.033647 0.689408 0.033647 0.687612 0.034993 0.685817 0.051144 0.685817 0.053836 0.689408 0.053836 0.691203 0.055182 0.692998 0.055182 0.694794 0.056528 0.696589 0.056528 0.698384 0.055182 0.70018 0.048452 0.70018 0.047106 0.701975 0.039031 0.701975 0.028264 0.716338 0.02961 0.718133 0.030956 0.718133 0.033647 0.721724 0.037685 0.721724 0.039031 0.723519 0.041723 0.723519 0.043069 0.725314 0.049798 0.725314 0.051144 0.72711 0.051144 0.728905 0.049798 0.7307 0.049798 0.732496 0.048452 0.734291 0.048452 0.736086 0.04576 0.739677 0.044415 0.739677 0.041723 0.743268 0.040377 0.743268 0.049798 0.743268 0.051144 0.745063 0.051144 0.755835 0.05249 0.754039 0.055182 0.754039 0.056528 0.752244 0.059219 0.752244 0.060565 0.750449 0.064603 0.750449 0.065949 0.748654 0.068641 0.748654 0.069987 0.746858 0.074024 0.746858 0.07537 0.745063 0.078062 0.745063 0.079408 0.743268 0.084791 0.743268 0.087483 0.746858 0.088829 0.746858 0.091521 0.750449 0.092867 0.750449 0.095559 0.754039 0.096904 0.754039 0.09825 0.755835 0.099596 0.755835 0.102288 0.759425 0.103634 0.759425 0.106326 0.763016 0.107672 0.763016 0.110363 0.766607 0.111709 0.766607 0.113055 0.768402 0.114401 0.768402 0.117093 0.771993 0.118439 0.771993 0.121131 0.775583 0.122476 0.775583 0.125168 0.779174 0.126514 0.779174 0.130552 0.78456 0.131898 0.78456 0.13459 0.788151 0.135935 0.788151 0.141319 0.795332 0.141319 0.800718 0.142665 0.802513 0.142665 0.81149 0.144011 0.813285 0.144011 0.818671 0.145357 0.816876 0.148048 0.816876 0.148048 0.813285 0.146703 0.81149 0.146703 0.806104 0.145357 0.804309 0.145357 0.798923 0.144011 0.797127 0.144011 0.791741 0.142665 0.789946 0.142665 0.78456 0.141319 0.782765 0.141319 0.777379 0.139973 0.775583 0.139973 0.771993 0.138627 0.770197 0.138627 0.764811 0.137281 0.763016 0.137281 0.759425 0.135935 0.75763 0.135935 0.755835 0.131898 0.755835 0.131898 0.759425 0.133244 0.761221 0.133244 0.768402 0.13459 0.770197 0.133244 0.771993 0.131898 0.771993 0.126514 0.764811 0.125168 0.764811 0.119785 0.75763 0.118439 0.75763 0.113055 0.750449 0.111709 0.750449 0.106326 0.743268 0.10498 0.743268 0.099596 0.736086 0.09825 0.736086 0.095559 0.732496 0.096904 0.7307 0.10498 0.7307 0.106326 0.732496 0.110363 0.732496 0.111709 0.734291 0.114401 0.734291 0.115747 0.736086 0.117093 0.734291 0.117093 0.732496 0.119785 0.728905 0.117093 0.725314 0.115747 0.725314 0.110363 0.718133 0.109017 0.719928 0.107672 0.719928 0.106326 0.721724 0.103634 0.721724 0.102288 0.723519 0.100942 0.723519 0.099596 0.725314 0.092867 0.725314 0.091521 0.72711 0.084791 0.72711 0.083445 0.728905 0.076716 0.728905 0.074024 0.732496 0.072678 0.732496 0.068641 0.737882 0.067295 0.737882 0.063257 0.743268 0.061911 0.743268 0.060565 0.741472 0.060565 0.739677 0.059219 0.737882 0.059219 0.732496 0.069987 0.718133 0.074024 0.718133 0.07537 0.716338 0.078062 0.716338 0.079408 0.714542 0.083445 0.714542 0.084791 0.712747 0.088829 0.712747 0.090175 0.710952 0.096904 0.710952 0.09825 0.709156 0.129206 0.709156 0.130552 0.707361 0.133244 0.707361 0.13459 0.705566 0.137281 0.705566 0.138627 0.70377 0.142665 0.70377 0.144011 0.701975 0.146703 0.701975 0.144011 0.698384 0.144011 0.696589 0.141319 0.692998 0.142665 0.691203 0.142665 0.689408 0.144011 0.687612 0.144011 0.685817 0.145357 0.684022 0.145357 0.682226 0.144011 0.680431 0.141319 0.680431 0.139973 0.678636 0.138627 0.678636 0.137281 0.67684 0.137281 0.67325 0.138627 0.671454 0.138627 0.669659 0.137281 0.667864 0.137281 0.666068 0.135935 0.664273 0.135935 0.662478 0.13459 0.660682 0.13459 0.658887 0.133244 0.657092 0.135935 0.653501 0.135935 0.651706 0.138627 0.648115 0.137281 0.64632 0.137281 0.644524 0.135935 0.642729 0.135935 0.640934 0.13459 0.639138 0.13459 0.637343 0.133244 0.635548 0.13459 0.633752 0.149394 0.633752 0.15074 0.631957 0.154778 0.631957 0.156124 0.630162 0.161507 0.630162 0.162853 0.628366 0.17362 0.628366 0.174966 0.630162 0.177658 0.630162 0.179004 0.631957 0.18035 0.631957 0.181696 0.633752 0.183042 0.633752 0.184388 0.635548 0.185734 0.635548 0.187079 0.637343 0.189771 0.637343 0.191117 0.639138 0.192463 0.639138 0.193809 0.640934 0.195155 0.640934 0.200538 0.648115 0.201884 0.648115 0.207268 0.655296 0.20996 0.651706 0.211306 0.651706 0.197847 0.633752 0.199192 0.631957 0.200538 0.631957 0.20323 0.628366 0.204576 0.628366 0.207268 0.624776 0.208614 0.624776 0.212651 0.61939 0.213997 0.61939 0.218035 0.614004 0.219381 0.614004 0.220727 0.612208 0.222073 0.612208 0.223419 0.610413 0.22611 0.610413 0.227456 0.608618 0.23284 0.608618 0.234186 0.610413 0.238223 0.610413 0.239569 0.612208 0.243607 0.612208 0.244953 0.614004 0.248991 0.614004 0.250336 0.615799 0.253028 0.612208 0.254374 0.612208 0.257066 0.608618 0.258412 0.608618 0.259758 0.606822 0.259758 0.605027 0.261104 0.603232 0.261104 0.599641 0.26245 0.597846 0.26245 0.59605 0.263795 0.594255 0.271871 0.594255 0.271871 0.590664 0.270525 0.588869 0.270525 0.585278 0.267833 0.581688 0.266487 0.581688 0.258412 0.570916 0.257066 0.570916 0.253028 0.56553 0.240915 0.581688 0.239569 0.581688 0.234186 0.588869 0.230148 0.588869 0.228802 0.587074 0.224764 0.587074 0.223419 0.585278 0.223419 0.581688 0.224764 0.579892 0.22611 0.579892 0.227456 0.578097 0.230148 0.578097 0.228802 0.578097 0.227456 0.576302 0.22611 0.576302 0.223419 0.572711 0.222073 0.572711 0.220727 0.570916 0.219381 0.570916 0.218035 0.56912 0.219381 0.567325 0.220727 0.567325 0.222073 0.56553 0.223419 0.56553 0.224764 0.563734 0.231494 0.563734 0.23284 0.56553 0.23284 0.567325 0.235532 0.570916 0.235532 0.572711 0.236878 0.574506 0.239569 0.570916 0.240915 0.570916 0.243607 0.567325 0.244953 0.567325 0.246299 0.56553 0.244953 0.563734 0.244953 0.561939 0.242261 0.558348 0.242261 0.556553 0.239569 0.552962 0.239569 0.551167 0.236878 0.547576 0.236878 0.545781 0.230148 0.536804 0.231494 0.535009 0.239569 0.535009 0.239569 0.533214 0.240915 0.531418 0.240915 0.529623 0.242261 0.527828 0.230148 0.527828 0.228802 0.526032 0.22611 0.529623 0.224764 0.529623 0.223419 0.527828 0.222073 0.527828 0.218035 0.522442 0.216689 0.522442 0.213997 0.518851 0.213997 0.524237 0.220727 0.533214 0.219381 0.535009 0.215343 0.535009 0.213997 0.533214 0.213997 0.531418 0.212651 0.529623 0.212651 0.527828 0.211306 0.526032 0.211306 0.524237 0.20996 0.522442 0.205922 0.522442 0.205922 0.524237 0.204576 0.526032 0.204576 0.529623 0.20323 0.531418 0.20323 0.533214 0.199192 0.5386 0.199192 0.540395 0.197847 0.54219 0.193809 0.54219 0.192463 0.540395 0.188425 0.540395 0.187079 0.5386 0.183042 0.5386 0.181696 0.536804 0.177658 0.536804 0.176312 0.535009 0.170929 0.535009 0.169583 0.533214 0.165545 0.533214 0.164199 0.531418 0.162853 0.533214 0.161507 0.533214 0.160162 0.535009 0.158816 0.535009 0.15747 0.536804 0.154778 0.536804 0.153432 0.5386 0.152086 0.5386 0.146703 0.545781 0.145357 0.545781 0.142665 0.549372 0.144011 0.549372 0.145357 0.551167 0.146703 0.551167 0.148048 0.552962 0.149394 0.552962 0.153432 0.558348 0.152086 0.560144 0.149394 0.560144 0.148048 0.561939 0.146703 0.561939 0.145357 0.563734 0.142665 0.563734 0.144011 0.56553 0.144011 0.567325 0.145357 0.56912 0.145357 0.570916 0.146703 0.56912 0.160162 0.56912 0.161507 0.567325 0.162853 0.567325 0.164199 0.56553 0.166891 0.56553 0.168237 0.567325 0.169583 0.567325 0.172275 0.570916 0.17362 0.570916 0.176312 0.574506 0.174966 0.576302 0.165545 0.576302 0.165545 0.581688 0.168237 0.581688 0.169583 0.583483 0.169583 0.585278 0.170929 0.587074 0.170929 0.588869 0.172275 0.590664 0.172275 0.59246 0.176312 0.597846 0.177658 0.59605 0.201884 0.59605 0.20323 0.597846 0.20323 0.599641 0.204576 0.601436 0.204576 0.605027 0.205922 0.606822 0.204576 0.608618 0.137281 0.608618 0.135935 0.606822 0.13459 0.608618 0.117093 0.608618 0.115747 0.610413 0.115747 0.612208 0.114401 0.614004 0.114401 0.615799 0.111709 0.61939 0.110363 0.61939 0.109017 0.621185 0.107672 0.621185 0.106326 0.62298 0.09825 0.62298 0.096904 0.621185 0.090175 0.621185 0.088829 0.61939 0.087483 0.61939 0.086137 0.617594 0.084791 0.617594 0.083445 0.615799 0.0821 0.615799 0.080754 0.614004 0.079408 0.614004 0.078062 0.612208 0.076716 0.612208 0.07537 0.610413 0.074024 0.610413 0.072678 0.608618 0.071332 0.608618 0.069987 0.606822 0.068641 0.606822 0.067295 0.605027 0.067295 0.603232 0.065949 0.601436 0.065949 0.597846 0.064603 0.59605 0.064603 0.594255 0.068641 0.588869 0.069987 0.588869 0.076716 0.579892 0.078062 0.579892 0.0821 0.574506 0.083445 0.574506 0.084791 0.572711 0.087483 0.572711 0.088829 0.570916 0.095559 0.570916 0.096904 0.572711 0.099596 0.56912 0.095559 0.563734 0.095559 0.561939 0.096904 0.560144 0.096904 0.558348 0.095559 0.556553 0.095559 0.554758 0.094213 0.556553 0.092867 0.556553 0.091521 0.558348 0.090175 0.558348 0.087483 0.561939 0.086137 0.561939 0.083445 0.56553 0.0821 0.56553 0.079408 0.56912 0.078062 0.56912 0.076716 0.570916 0.07537 0.570916 0.074024 0.572711 0.071332 0.572711 0.069987 0.574506 0.067295 0.570916 0.067295 0.567325 0.065949 0.56553 0.065949 0.563734 0.069987 0.558348 0.071332 0.558348 0.074024 0.554758 0.067295 0.545781 0.071332 0.540395 0.0821 0.540395 0.083445 0.54219 0.083445 0.540395 0.084791 0.5386 0.084791 0.536804 0.086137 0.535009 0.094213 0.535009 0.099596 0.527828 0.099596 0.526032 0.100942 0.524237 0.100942 0.522442 0.102288 0.520646 0.102288 0.518851 0.103634 0.517056 0.103634 0.51526 0.10498 0.513465 0.10498 0.51167 0.106326 0.509874 0.106326 0.508079 0.107672 0.506284 0.107672 0.504488 0.109017 0.502693 0.109017 0.500898 0.110363 0.499102 0.110363 0.497307 0.111709 0.495512 0.111709 0.493716 0.113055 0.491921 0.113055 0.490126 0.110363 0.490126
1 0.253028 0.464991 0.247645 0.472172 0.247645 0.473968 0.242261 0.481149 0.243607 0.481149 0.246299 0.48474 0.247645 0.48474 0.248991 0.486535 0.250336 0.486535 0.253028 0.490126 0.254374 0.490126 0.25572 0.491921 0.257066 0.491921 0.259758 0.495512 0.261104 0.495512 0.265141 0.500898 0.265141 0.502693 0.267833 0.506284 0.273217 0.506284 0.274563 0.508079 0.281292 0.508079 0.282638 0.509874 0.288022 0.509874 0.289367 0.51167 0.290713 0.509874 0.296097 0.509874 0.297443 0.508079 0.302826 0.508079 0.304172 0.506284 0.309556 0.506284 0.310902 0.504488 0.317631 0.504488 0.320323 0.508079 0.321669 0.508079 0.324361 0.51167 0.325707 0.51167 0.328398 0.51526 0.329744 0.51526 0.332436 0.518851 0.344549 0.518851 0.345895 0.520646 0.358008 0.520646 0.359354 0.522442 0.363392 0.522442 0.364738 0.524237 0.368775 0.524237 0.370121 0.526032 0.372813 0.526032 0.374159 0.527828 0.378197 0.527828 0.379542 0.529623 0.38358 0.529623 0.384926 0.531418 0.384926 0.526032 0.386272 0.524237 0.386272 0.51526 0.387618 0.513465 0.387618 0.509874 0.386272 0.509874 0.384926 0.508079 0.38358 0.508079 0.380888 0.504488 0.379542 0.504488 0.378197 0.502693 0.376851 0.502693 0.375505 0.500898 0.374159 0.500898 0.371467 0.497307 0.370121 0.497307 0.368775 0.495512 0.367429 0.495512 0.366083 0.493716 0.364738 0.493716 0.363392 0.491921 0.362046 0.491921 0.359354 0.48833 0.358008 0.48833 0.356662 0.486535 0.355316 0.486535 0.35397 0.48474 0.352624 0.48474 0.349933 0.481149 0.348587 0.481149 0.347241 0.479354 0.345895 0.479354 0.344549 0.477558 0.328398 0.477558 0.327052 0.475763 0.312248 0.475763 0.310902 0.473968 0.305518 0.473968 0.304172 0.472172 0.298789 0.472172 0.297443 0.470377 0.293405 0.470377 0.292059 0.468582 0.286676 0.468582 0.28533 0.466786 0.283984 0.468582 0.283984 0.470377 0.282638 0.472172 0.282638 0.473968 0.281292 0.475763 0.281292 0.477558 0.279946 0.479354 0.265141 0.479354 0.259758 0.472172 0.258412 0.472172
1 0.507402 0.45781 0.506057 0.459605 0.503365 0.459605 0.507402 0.459605 0.508748 0.4614 0.514132 0.4614 0.515478 0.463196 0.519515 0.463196 0.520861 0.464991 0.524899 0.464991 0.526245 0.466786 0.531629 0.466786 0.532974 0.468582 0.537012 0.468582 0.538358 0.470377 0.557201 0.470377 0.558546 0.472172 0.562584 0.472172 0.56393 0.473968 0.567968 0.473968 0.569314 0.475763 0.573351 0.475763 0.574697 0.477558 0.578735 0.477558 0.580081 0.479354 0.584118 0.479354 0.585464 0.481149 0.589502 0.481149 0.590848 0.482944 0.596231 0.482944 0.597577 0.48474 0.601615 0.48474 0.602961 0.486535 0.605653 0.486535 0.606999 0.48833 0.60969 0.48833 0.611036 0.490126 0.613728 0.490126 0.615074 0.491921 0.617766 0.491921 0.619112 0.493716 0.620458 0.491921 0.621803 0.491921 0.624495 0.48833 0.625841 0.48833 0.623149 0.48833 0.621803 0.486535 0.619112 0.486535 0.617766 0.48474 0.613728 0.48474 0.612382 0.482944 0.60969 0.482944 0.608345 0.481149 0.605653 0.481149 0.604307 0.479354 0.601615 0.479354 0.600269 0.477558 0.594886 0.477558 0.59354 0.475763 0.589502 0.475763 0.588156 0.473968 0.582773 0.473968 0.581427 0.472172 0.573351 0.472172 0.572005 0.470377 0.56393 0.470377 0.562584 0.468582 0.554509 0.468582 0.553163 0.466786 0.545087 0.466786 0.543742 0.464991 0.535666 0.464991 0.53432 0.463196 0.526245 0.463196 0.524899 0.4614 0.51817 0.4614 0.516824 0.459605 0.508748 0.459605
1 0.261104 0.441652 0.259758 0.443447 0.257066 0.443447 0.25572 0.445242 0.254374 0.445242 0.253028 0.447038 0.250336 0.447038 0.248991 0.448833 0.246299 0.448833 0.244953 0.450628 0.242261 0.450628 0.240915 0.452424 0.239569 0.452424 0.238223 0.454219 0.235532 0.454219 0.234186 0.456014 0.231494 0.456014 0.235532 0.4614 0.236878 0.459605 0.238223 0.459605 0.239569 0.45781 0.242261 0.45781 0.243607 0.456014 0.244953 0.456014 0.246299 0.454219 0.258412 0.454219 0.259758 0.456014 0.327052 0.456014 0.328398 0.45781 0.370121 0.45781 0.371467 0.459605 0.372813 0.459605 0.374159 0.4614 0.375505 0.4614 0.378197 0.464991 0.379542 0.464991 0.380888 0.466786 0.382234 0.466786 0.38358 0.468582 0.384926 0.466786 0.395693 0.466786 0.395693 0.4614 0.394347 0.4614 0.393001 0.459605 0.39031 0.459605 0.388964 0.45781 0.387618 0.45781 0.386272 0.456014 0.38358 0.456014 0.382234 0.454219 0.380888 0.454219 0.379542 0.452424 0.309556 0.452424 0.30821 0.450628 0.259758 0.450628 0.258412 0.448833 0.259758 0.447038 0.261104 0.447038 0.26245 0.445242 0.263795 0.445242
1 0.913863 0.43447 0.909825 0.439856 0.911171 0.439856 0.913863 0.443447 0.915209 0.443447 0.916555 0.445242 0.916555 0.447038 0.915209 0.448833 0.915209 0.450628 0.912517 0.454219 0.911171 0.454219 0.909825 0.456014 0.907133 0.456014 0.911171 0.4614 0.912517 0.459605 0.913863 0.459605 0.915209 0.45781 0.916555 0.45781 0.9179 0.456014 0.919246 0.456014 0.919246 0.454219 0.920592 0.452424 0.920592 0.448833 0.921938 0.447038 0.921938 0.445242
1 0.41319 0.394973 0.414536 0.396768 0.414536 0.398564 0.415882 0.400359 0.415882 0.402154 0.417227 0.40395 0.440108 0.40395 0.441454 0.405745 0.442799 0.405745 0.444145 0.40754 0.446837 0.40754 0.448183 0.409336 0.449529 0.409336 0.450875 0.411131 0.452221 0.411131 0.453567 0.412926 0.456258 0.412926 0.457604 0.414722 0.45895 0.414722 0.460296 0.416517 0.461642 0.416517 0.462988 0.418312 0.46568 0.418312 0.467026 0.420108 0.468371 0.420108 0.469717 0.421903 0.471063 0.421903 0.472409 0.423698 0.475101 0.423698 0.476447 0.425494 0.477793 0.425494 0.479139 0.427289 0.480485 0.427289 0.48183 0.429084 0.484522 0.429084 0.485868 0.43088 0.487214 0.43088 0.48856 0.432675 0.489906 0.43088 0.495289 0.43088 0.495289 0.421903 0.492598 0.421903 0.491252 0.420108 0.489906 0.420108 0.48856 0.418312 0.485868 0.418312 0.484522 0.416517 0.483176 0.416517 0.48183 0.414722 0.479139 0.414722 0.477793 0.412926 0.476447 0.412926 0.475101 0.411131 0.472409 0.411131 0.471063 0.409336 0.468371 0.409336 0.467026 0.40754 0.46568 0.40754 0.464334 0.405745 0.461642 0.405745 0.460296 0.40395 0.45895 0.40395 0.457604 0.402154 0.454913 0.402154 0.453567 0.400359 0.452221 0.400359 0.450875 0.398564 0.448183 0.398564 0.446837 0.396768 0.414536 0.396768
1 0.288022 0.37702 0.277254 0.391382 0.2786 0.391382 0.279946 0.393178 0.281292 0.393178 0.283984 0.396768 0.28533 0.396768 0.286676 0.398564 0.302826 0.398564 0.304172 0.400359 0.305518 0.400359 0.306864 0.402154 0.30821 0.402154 0.309556 0.40395 0.310902 0.40395 0.312248 0.405745 0.313594 0.405745 0.314939 0.40754 0.316285 0.40754 0.317631 0.409336 0.325707 0.409336 0.327052 0.411131 0.333782 0.411131 0.335128 0.412926 0.339166 0.40754 0.340511 0.40754 0.341857 0.405745 0.341857 0.394973 0.335128 0.394973 0.333782 0.393178 0.309556 0.393178 0.30821 0.391382 0.306864 0.391382 0.305518 0.389587 0.304172 0.389587 0.302826 0.387792 0.30148 0.387792 0.298789 0.384201 0.297443 0.384201 0.296097 0.382406 0.294751 0.382406 0.293405 0.38061 0.292059 0.38061 0.290713 0.378815 0.289367 0.378815
1 0.344549 0.267504 0.344549 0.271095 0.343203 0.27289 0.343203 0.276481 0.362046 0.276481 0.363392 0.278276 0.363392 0.2693 0.345895 0.2693
1 0.358008 0.219031 0.358008 0.220826 0.356662 0.222621 0.356662 0.224417 0.355316 0.226212 0.355316 0.236984 0.362046 0.236984 0.363392 0.238779 0.368775 0.238779 0.370121 0.240575 0.376851 0.240575 0.378197 0.24237 0.38358 0.24237 0.384926 0.244165 0.391655 0.244165 0.393001 0.245961 0.395693 0.245961 0.397039 0.247756 0.399731 0.247756 0.401077 0.249551 0.403769 0.249551 0.405114 0.251346 0.407806 0.251346 0.409152 0.253142 0.411844 0.253142 0.41319 0.254937 0.415882 0.254937 0.417227 0.256732 0.419919 0.256732 0.421265 0.258528 0.423957 0.258528 0.425303 0.260323 0.427995 0.260323 0.429341 0.262118 0.432032 0.262118 0.433378 0.263914 0.445491 0.263914 0.446837 0.265709 0.45895 0.265709 0.460296 0.267504 0.471063 0.267504 0.472409 0.2693 0.484522 0.2693 0.485868 0.271095 0.495289 0.271095 0.496635 0.27289 0.506057 0.27289 0.507402 0.274686 0.515478 0.274686 0.516824 0.276481 0.526245 0.276481 0.527591 0.278276 0.537012 0.278276 0.538358 0.280072 0.545087 0.280072 0.546433 0.281867 0.554509 0.281867 0.555855 0.283662 0.562584 0.283662 0.56393 0.285458 0.572005 0.285458 0.573351 0.287253 0.580081 0.287253 0.581427 0.289048 0.589502 0.289048 0.590848 0.290844 0.597577 0.290844 0.598923 0.292639 0.602961 0.292639 0.604307 0.294434 0.60969 0.294434 0.611036 0.29623 0.615074 0.29623 0.61642 0.298025 0.620458 0.298025 0.621803 0.29982 0.627187 0.29982 0.628533 0.301616 0.632571 0.301616 0.633917 0.303411 0.637954 0.303411 0.6393 0.305206 0.644684 0.305206 0.64603 0.307002 0.650067 0.307002 0.651413 0.308797 0.656797 0.308797 0.658143 0.310592 0.663526 0.310592 0.664872 0.312388 0.670256 0.312388 0.671602 0.314183 0.676985 0.314183 0.678331 0.315978 0.683715 0.315978 0.685061 0.317774 0.690444 0.317774 0.69179 0.319569 0.694482 0.319569 0.695828 0.321364 0.69852 0.321364 0.699865 0.32316 0.702557 0.32316 0.703903 0.324955 0.706595 0.324955 0.707941 0.32675 0.710633 0.32675 0.711978 0.328546 0.71467 0.328546 0.716016 0.330341 0.717362 0.330341 0.718708 0.332136 0.7214 0.332136 0.722746 0.333932 0.725437 0.333932 0.726783 0.335727 0.729475 0.335727 0.730821 0.337522 0.733513 0.337522 0.734859 0.339318 0.73755 0.339318 0.738896 0.341113 0.741588 0.341113 0.742934 0.342908 0.746972 0.342908 0.748318 0.344704 0.751009 0.344704 0.752355 0.346499 0.755047 0.346499 0.756393 0.348294 0.760431 0.348294 0.761777 0.35009 0.764468 0.35009 0.765814 0.351885 0.768506 0.351885 0.769852 0.35368 0.772544 0.35368 0.77389 0.355476 0.777927 0.355476 0.779273 0.357271 0.781965 0.357271 0.783311 0.359066 0.788694 0.359066 0.79004 0.360862 0.794078 0.360862 0.795424 0.362657 0.800808 0.362657 0.802153 0.364452 0.807537 0.364452 0.808883 0.366248 0.814266 0.366248 0.815612 0.368043 0.81965 0.368043 0.820996 0.369838 0.82638 0.369838 0.827725 0.371634 0.834455 0.371634 0.835801 0.373429 0.841184 0.373429 0.84253 0.375224 0.84926 0.375224 0.850606 0.37702 0.855989 0.37702 0.857335 0.378815 0.864065 0.378815 0.86541 0.38061 0.870794 0.38061 0.87214 0.382406 0.878869 0.382406 0.880215 0.384201 0.885599 0.384201 0.886945 0.385996 0.893674 0.385996 0.89502 0.387792 0.899058 0.387792 0.900404 0.389587 0.905787 0.389587 0.907133 0.391382 0.911171 0.391382 0.912517 0.393178 0.916555 0.393178 0.9179 0.394973 0.923284 0.394973 0.92463 0.396768 0.928668 0.396768 0.930013 0.398564 0.934051 0.398564 0.935397 0.400359 0.939435 0.400359 0.940781 0.402154 0.946164 0.402154 0.94751 0.40395 0.951548 0.40395 0.952894 0.405745 0.956931 0.405745 0.958277 0.40754 0.963661 0.40754 0.965007 0.409336 0.969044 0.409336 0.97039 0.411131 0.998654 0.411131 0.998654 0.368043 0.965007 0.368043 0.963661 0.366248 0.963661 0.364452 0.962315 0.362657 0.962315 0.359066 0.960969 0.357271 0.960969 0.35368 0.959623 0.351885 0.959623 0.348294 0.958277 0.346499 0.958277 0.344704 0.959623 0.342908 0.965007 0.342908 0.966353 0.341113 0.979812 0.341113 0.981157 0.342908 0.989233 0.342908 0.990579 0.344704 0.998654 0.344704 0.998654 0.32316 0.986541 0.32316 0.985195 0.321364 0.973082 0.321364 0.971736 0.319569 0.958277 0.319569 0.956931 0.317774 0.944818 0.317774 0.943472 0.315978 0.942127 0.317774 0.919246 0.317774 0.9179 0.315978 0.911171 0.315978 0.909825 0.314183 0.903096 0.314183 0.90175 0.312388 0.896366 0.312388 0.89502 0.310592 0.888291 0.310592 0.886945 0.308797 0.880215 0.308797 0.878869 0.307002 0.87214 0.307002 0.870794 0.305206 0.869448 0.307002 0.84253 0.307002 0.837147 0.29982 0.830417 0.29982 0.829071 0.298025 0.822342 0.298025 0.820996 0.29623 0.815612 0.29623 0.814266 0.294434 0.807537 0.294434 0.806191 0.292639 0.792732 0.292639 0.791386 0.290844 0.779273 0.290844 0.777927 0.289048 0.769852 0.289048 0.768506 0.290844 0.764468 0.290844 0.763122 0.292639 0.760431 0.292639 0.757739 0.289048 0.757739 0.287253 0.756393 0.285458 0.756393 0.283662 0.706595 0.283662 0.705249 0.281867 0.701211 0.281867 0.699865 0.280072 0.695828 0.280072 0.694482 0.278276 0.690444 0.278276 0.689098 0.276481 0.685061 0.276481 0.683715 0.274686 0.678331 0.274686 0.676985 0.27289 0.672948 0.27289 0.671602 0.271095 0.667564 0.271095 0.666218 0.2693 0.66218 0.2693 0.660834 0.267504 0.656797 0.267504 0.655451 0.265709 0.651413 0.265709 0.650067 0.263914 0.629879 0.263914 0.628533 0.262118 0.608345 0.262118 0.606999 0.260323 0.58681 0.260323 0.585464 0.258528 0.577389 0.258528 0.576043 0.256732 0.569314 0.256732 0.567968 0.254937 0.558546 0.254937 0.557201 0.253142 0.549125 0.253142 0.547779 0.251346 0.538358 0.251346 0.537012 0.249551 0.535666 0.249551 0.532974 0.245961 0.531629 0.245961 0.528937 0.24237 0.524899 0.24237 0.523553 0.240575 0.520861 0.240575 0.519515 0.238779 0.515478 0.238779 0.514132 0.236984 0.514132 0.244165 0.512786 0.245961 0.507402 0.245961 0.506057 0.244165 0.500673 0.244165 0.499327 0.24237 0.493943 0.24237 0.492598 0.240575 0.484522 0.240575 0.483176 0.238779 0.476447 0.238779 0.475101 0.236984 0.456258 0.236984 0.454913 0.235189 0.450875 0.235189 0.449529 0.233393 0.445491 0.233393 0.444145 0.231598 0.440108 0.231598 0.438762 0.229803 0.434724 0.229803 0.433378 0.228007 0.429341 0.228007 0.427995 0.226212 0.423957 0.226212 0.422611 0.224417 0.418573 0.224417 0.417227 0.222621 0.401077 0.222621 0.399731 0.220826 0.384926 0.220826 0.38358 0.219031
1 0.20323 0.213645 0.201884 0.21544 0.170929 0.21544 0.169583 0.217235 0.166891 0.217235 0.165545 0.219031 0.161507 0.219031 0.160162 0.220826 0.158816 0.220826 0.158816 0.236984 0.15747 0.238779 0.15747 0.240575 0.156124 0.24237 0.156124 0.244165 0.154778 0.245961 0.145357 0.245961 0.142665 0.24237 0.142665 0.240575 0.139973 0.236984 0.141319 0.235189 0.148048 0.235189 0.149394 0.233393 0.149394 0.229803 0.15074 0.228007 0.145357 0.228007 0.144011 0.229803 0.137281 0.229803 0.135935 0.228007 0.135935 0.226212 0.13459 0.224417 0.13459 0.222621 0.133244 0.220826 0.133244 0.219031 0.131898 0.220826 0.114401 0.220826 0.113055 0.222621 0.048452 0.222621 0.047106 0.220826 0.001346 0.220826 0.0 0.219031 0.0 0.482944 0.028264 0.482944 0.02961 0.48474 0.033647 0.48474 0.034993 0.486535 0.040377 0.486535 0.041723 0.48833 0.047106 0.48833 0.048452 0.490126 0.05249 0.490126 0.053836 0.491921 0.059219 0.491921 0.060565 0.493716 0.069987 0.493716 0.071332 0.495512 0.080754 0.495512 0.0821 0.497307 0.091521 0.497307 0.092867 0.499102 0.092867 0.491921 0.086137 0.491921 0.084791 0.490126 0.076716 0.490126 0.07537 0.48833 0.068641 0.48833 0.067295 0.486535 0.060565 0.486535 0.059219 0.48474 0.05249 0.48474 0.051144 0.482944 0.043069 0.482944 0.041723 0.481149 0.034993 0.481149 0.033647 0.479354 0.034993 0.477558 0.036339 0.477558 0.037685 0.475763 0.039031 0.475763 0.040377 0.473968 0.043069 0.473968 0.044415 0.472172 0.04576 0.472172 0.047106 0.470377 0.05249 0.470377 0.053836 0.472172 0.056528 0.472172 0.057873 0.473968 0.061911 0.473968 0.063257 0.475763 0.065949 0.475763 0.067295 0.477558 0.079408 0.477558 0.080754 0.479354 0.091521 0.479354 0.092867 0.481149 0.100942 0.481149 0.102288 0.482944 0.111709 0.482944 0.113055 0.48474 0.121131 0.48474 0.122476 0.486535 0.123822 0.48474 0.131898 0.48474 0.133244 0.482944 0.141319 0.482944 0.142665 0.481149 0.15074 0.481149 0.15074 0.475763 0.152086 0.473968 0.152086 0.464991 0.153432 0.463196 0.153432 0.454219 0.152086 0.452424 0.152086 0.445242 0.15074 0.445242 0.149394 0.443447 0.148048 0.443447 0.146703 0.441652 0.145357 0.441652 0.144011 0.439856 0.142665 0.439856 0.139973 0.436266 0.138627 0.436266 0.137281 0.43447 0.135935 0.43447 0.13459 0.432675 0.133244 0.432675 0.131898 0.43088 0.130552 0.43088 0.129206 0.429084 0.12786 0.429084 0.126514 0.427289 0.125168 0.427289 0.123822 0.425494 0.122476 0.425494 0.121131 0.423698 0.119785 0.423698 0.118439 0.421903 0.117093 0.421903 0.115747 0.420108 0.114401 0.420108 0.113055 0.418312 0.113055 0.414722 0.114401 0.412926 0.114401 0.40754 0.115747 0.405745 0.115747 0.40395 0.114401 0.402154 0.113055 0.402154 0.109017 0.396768 0.107672 0.396768 0.10498 0.393178 0.109017 0.387792 0.110363 0.387792 0.111709 0.385996 0.115747 0.385996 0.117093 0.387792 0.121131 0.387792 0.122476 0.389587 0.126514 0.389587 0.12786 0.391382 0.130552 0.391382 0.131898 0.393178 0.135935 0.393178 0.137281 0.394973 0.141319 0.394973 0.142665 0.396768 0.148048 0.396768 0.149394 0.398564 0.154778 0.398564 0.156124 0.400359 0.161507 0.400359 0.162853 0.402154 0.177658 0.402154 0.18035 0.398564 0.181696 0.398564 0.185734 0.393178 0.187079 0.393178 0.189771 0.389587 0.191117 0.389587 0.195155 0.384201 0.196501 0.384201 0.197847 0.382406 0.197847 0.38061 0.199192 0.378815 0.199192 0.37702 0.200538 0.375224 0.200538 0.373429 0.201884 0.371634 0.201884 0.369838 0.20323 0.368043 0.20323 0.364452 0.204576 0.362657 0.204576 0.360862 0.205922 0.359066 0.205922 0.355476 0.207268 0.35368 0.207268 0.351885 0.208614 0.35009 0.208614 0.348294 0.20996 0.346499 0.20996 0.344704 0.211306 0.342908 0.211306 0.341113 0.213997 0.337522 0.213997 0.335727 0.216689 0.332136 0.222073 0.332136 0.223419 0.330341 0.227456 0.330341 0.228802 0.328546 0.234186 0.328546 0.235532 0.32675 0.240915 0.32675 0.242261 0.324955 0.243607 0.324955 0.246299 0.321364 0.247645 0.321364 0.248991 0.319569 0.250336 0.319569 0.253028 0.315978 0.244953 0.315978 0.243607 0.314183 0.234186 0.314183 0.231494 0.310592 0.230148 0.310592 0.22611 0.305206 0.224764 0.305206 0.220727 0.29982 0.219381 0.29982 0.216689 0.29623 0.218035 0.294434 0.222073 0.294434 0.223419 0.292639 0.22611 0.292639 0.227456 0.290844 0.231494 0.290844 0.23284 0.289048 0.234186 0.290844 0.243607 0.290844 0.244953 0.292639 0.253028 0.292639 0.250336 0.292639 0.248991 0.290844 0.247645 0.290844 0.246299 0.289048 0.243607 0.289048 0.242261 0.287253 0.240915 0.287253 0.239569 0.285458 0.236878 0.285458 0.235532 0.283662 0.234186 0.283662 0.23284 0.281867 0.236878 0.276481 0.238223 0.276481 0.242261 0.271095 0.248991 0.271095 0.250336 0.2693 0.258412 0.2693 0.258412 0.267504 0.257066 0.265709 0.257066 0.262118 0.25572 0.260323 0.25572 0.258528 0.248991 0.249551 0.250336 0.247756 0.25572 0.247756 0.257066 0.249551 0.258412 0.247756 0.259758 0.247756 0.261104 0.245961 0.26245 0.245961 0.265141 0.24237 0.266487 0.24237 0.267833 0.240575 0.269179 0.240575 0.266487 0.240575 0.265141 0.238779 0.263795 0.238779 0.26245 0.236984 0.259758 0.236984 0.258412 0.235189 0.25572 0.235189 0.254374 0.233393 0.251682 0.233393 0.250336 0.231598 0.248991 0.231598 0.247645 0.229803 0.244953 0.229803 0.243607 0.228007 0.240915 0.228007 0.239569 0.226212 0.238223 0.226212 0.236878 0.224417 0.234186 0.224417 0.23284 0.222621 0.228802 0.222621 0.227456 0.220826 0.222073 0.220826 0.220727 0.219031 0.216689 0.219031 0.215343 0.217235 0.20996 0.217235 0.208614 0.21544 0.204576 0.21544
