0 0.224764 0.314183 0.223419 0.315978 0.216689 0.315978 0.216689 0.317774 0.215343 0.319569 0.215343 0.321364 0.22611 0.321364 0.227456 0.32316 0.228802 0.321364 0.230148 0.321364 0.230148 0.315978 0.22611 0.315978
0 0.477793 0.29982 0.473755 0.305206 0.472409 0.305206 0.471063 0.307002 0.472409 0.307002 0.473755 0.308797 0.475101 0.308797 0.476447 0.310592 0.477793 0.310592 0.479139 0.312388 0.484522 0.312388 0.485868 0.314183 0.487214 0.312388 0.489906 0.312388 0.491252 0.310592 0.493943 0.310592 0.492598 0.308797 0.492598 0.307002 0.491252 0.305206 0.491252 0.303411 0.489906 0.301616 0.484522 0.301616 0.483176 0.29982
0 0.936743 0.208259 0.935397 0.210054 0.930013 0.210054 0.931359 0.211849 0.931359 0.213645 0.932705 0.21544 0.932705 0.217235 0.944818 0.217235 0.942127 0.213645 0.940781 0.213645
0 0.869448 0.197487 0.868102 0.199282 0.864065 0.199282 0.864065 0.201077 0.862719 0.202873 0.862719 0.204668 0.866756 0.204668 0.868102 0.206463 0.868102 0.204668 0.869448 0.202873
1 0.053836 0.315978 0.053836 0.317774 0.05249 0.319569 0.05249 0.321364 0.069987 0.321364 0.071332 0.32316 0.072678 0.321364 0.0821 0.321364 0.0821 0.319569 0.083445 0.317774 0.083445 0.315978
1 0.418573 0.312388 0.418573 0.317774 0.433378 0.317774 0.434724 0.319569 0.434724 0.317774 0.433378 0.315978 0.433378 0.314183 0.419919 0.314183
1 0.133244 0.308797 0.131898 0.310592 0.130552 0.310592 0.129206 0.312388 0.12786 0.312388 0.126514 0.314183 0.109017 0.314183 0.107672 0.315978 0.096904 0.315978 0.095559 0.317774 0.092867 0.317774 0.09825 0.324955 0.103634 0.324955 0.10498 0.32316 0.114401 0.32316 0.115747 0.321364 0.129206 0.321364 0.130552 0.319569 0.135935 0.319569 0.137281 0.317774 0.145357 0.317774 0.149394 0.312388 0.145357 0.312388 0.144011 0.310592 0.13459 0.310592
1 0.161507 0.303411 0.161507 0.305206 0.160162 0.307002 0.160162 0.308797 0.170929 0.308797 0.166891 0.303411
1 0.270525 0.29982 0.265141 0.307002 0.263795 0.307002 0.261104 0.310592 0.259758 0.310592 0.258412 0.312388 0.257066 0.312388 0.254374 0.315978 0.253028 0.315978 0.251682 0.317774 0.250336 0.317774 0.257066 0.317774 0.259758 0.321364 0.259758 0.32316 0.261104 0.324955 0.267833 0.324955 0.267833 0.32316 0.269179 0.321364 0.269179 0.319569 0.270525 0.317774 0.270525 0.315978 0.273217 0.312388 0.292059 0.312388 0.292059 0.308797 0.293405 0.307002 0.293405 0.305206 0.286676 0.305206 0.28533 0.303411 0.279946 0.303411 0.2786 0.301616 0.271871 0.301616
1 0.780619 0.298025 0.780619 0.305206 0.781965 0.303411 0.802153 0.303411 0.802153 0.298025
1 0.460296 0.298025 0.461642 0.29982 0.461642 0.301616 0.473755 0.301616 0.473755 0.29982 0.475101 0.298025
1 0.905787 0.278276 0.904441 0.280072 0.888291 0.280072 0.889637 0.281867 0.889637 0.283662 0.913863 0.283662 0.915209 0.285458 0.9179 0.281867 0.912517 0.281867 0.911171 0.280072 0.907133 0.280072
1 0.943472 0.260323 0.942127 0.262118 0.936743 0.262118 0.935397 0.263914 0.928668 0.263914 0.928668 0.267504 0.927322 0.2693 0.927322 0.271095 0.928668 0.2693 0.943472 0.2693
1 0.97712 0.254937 0.975774 0.256732 0.966353 0.256732 0.965007 0.258528 0.955585 0.258528 0.955585 0.263914 0.956931 0.265709 0.956931 0.27289 0.958277 0.27289 0.959623 0.274686 0.962315 0.274686 0.963661 0.276481 0.965007 0.276481 0.966353 0.278276 0.967699 0.276481 0.969044 0.276481 0.97039 0.274686 0.971736 0.274686 0.973082 0.27289 0.974428 0.27289 0.975774 0.271095 0.979812 0.271095 0.981157 0.2693 0.983849 0.2693 0.985195 0.267504 0.989233 0.267504 0.987887 0.265709 0.986541 0.265709 0.981157 0.258528 0.979812 0.258528
1 0.827725 0.249551 0.82638 0.251346 0.814266 0.251346 0.812921 0.253142 0.811575 0.253142 0.810229 0.254937 0.807537 0.254937 0.806191 0.256732 0.804845 0.256732 0.803499 0.258528 0.802153 0.258528 0.800808 0.260323 0.798116 0.260323 0.79677 0.262118 0.795424 0.262118 0.803499 0.27289 0.804845 0.271095 0.806191 0.271095 0.807537 0.2693 0.808883 0.2693 0.810229 0.267504 0.811575 0.267504 0.812921 0.265709 0.814266 0.265709 0.815612 0.263914 0.816958 0.263914 0.818304 0.262118 0.835801 0.262118 0.831763 0.256732 0.831763 0.254937
