0 0.636608 0.910233 0.635262 0.912029 0.627187 0.912029 0.627187 0.91921 0.629879 0.91921 0.631225 0.921005 0.632571 0.921005 0.633917 0.922801 0.635262 0.921005 0.635262 0.91921 0.637954 0.915619 0.637954 0.913824 0.636608 0.912029
0 0.636608 0.691203 0.633917 0.694794 0.632571 0.694794 0.633917 0.694794 0.635262 0.696589 0.636608 0.696589 0.637954 0.698384 0.6393 0.698384 0.640646 0.70018 0.641992 0.70018 0.643338 0.701975 0.644684 0.70018 0.644684 0.698384 0.647376 0.694794 0.643338 0.694794 0.641992 0.692998 0.637954 0.692998
0 0.475101 0.585278 0.471063 0.590664 0.472409 0.59246 0.472409 0.594255 0.476447 0.599641 0.476447 0.601436 0.477793 0.603232 0.479139 0.601436 0.483176 0.601436 0.484522 0.599641 0.487214 0.599641 0.48856 0.597846 0.492598 0.597846 0.492598 0.59246 0.491252 0.590664 0.491252 0.585278
0 0.955585 0.552962 0.956931 0.554758 0.956931 0.556553 0.958277 0.558348 0.958277 0.560144 0.971736 0.560144 0.971736 0.554758 0.956931 0.554758
0 0.317631 0.48474 0.314939 0.48833 0.314939 0.490126 0.30821 0.499102 0.30821 0.500898 0.309556 0.502693 0.309556 0.504488 0.310902 0.506284 0.312248 0.506284 0.314939 0.509874 0.318977 0.509874 0.320323 0.508079 0.321669 0.508079 0.324361 0.504488 0.325707 0.504488 0.329744 0.499102 0.33109 0.499102 0.333782 0.495512 0.329744 0.490126 0.324361 0.490126 0.323015 0.48833 0.321669 0.48833 0.320323 0.486535 0.318977 0.486535
0 0.321669 0.35009 0.317631 0.355476 0.316285 0.355476 0.313594 0.359066 0.317631 0.359066 0.318977 0.360862 0.321669 0.360862 0.323015 0.362657 0.332436 0.362657 0.332436 0.359066 0.333782 0.357271 0.333782 0.35368 0.328398 0.35368 0.327052 0.351885 0.323015 0.351885
0 0.274563 0.335727 0.274563 0.337522 0.273217 0.339318 0.273217 0.342908 0.271871 0.344704 0.271871 0.348294 0.273217 0.35009 0.273217 0.35368 0.274563 0.355476 0.274563 0.357271 0.275908 0.359066 0.275908 0.362657 0.277254 0.364452 0.277254 0.366248 0.279946 0.366248 0.281292 0.368043 0.283984 0.368043 0.28533 0.369838 0.28533 0.366248 0.283984 0.364452 0.283984 0.355476 0.282638 0.35368 0.282638 0.346499 0.281292 0.344704 0.281292 0.339318 0.279946 0.337522 0.279946 0.335727
0 0.292059 0.315978 0.290713 0.317774 0.286676 0.317774 0.28533 0.319569 0.279946 0.319569 0.281292 0.321364 0.281292 0.32316 0.282638 0.324955 0.282638 0.32675 0.283984 0.328546 0.283984 0.330341 0.28533 0.332136 0.297443 0.332136 0.298789 0.330341 0.298789 0.328546 0.30148 0.324955 0.30148 0.32316 0.302826 0.321364 0.300135 0.321364 0.298789 0.319569 0.297443 0.319569 0.296097 0.317774 0.293405 0.317774
0 0.3607 0.308797 0.3607 0.312388 0.359354 0.314183 0.359354 0.315978 0.371467 0.315978 0.371467 0.314183 0.370121 0.312388 0.370121 0.308797
0 0.15074 0.285458 0.15074 0.305206 0.164199 0.305206 0.165545 0.303411 0.172275 0.303411 0.172275 0.298025 0.170929 0.29623 0.170929 0.289048 0.161507 0.289048 0.160162 0.287253 0.152086 0.287253
1 0.759085 0.913824 0.756393 0.917415 0.755047 0.917415 0.755047 0.91921 0.756393 0.921005 0.756393 0.922801 0.757739 0.924596 0.757739 0.926391 0.759085 0.928187 0.759085 0.940754 0.760431 0.938959 0.764468 0.938959 0.764468 0.928187 0.763122 0.926391 0.763122 0.924596 0.761777 0.922801 0.761777 0.921005 0.760431 0.91921 0.760431 0.917415 0.759085 0.915619
1 0.283984 0.881508 0.282638 0.883303 0.279946 0.883303 0.2786 0.885099 0.274563 0.885099 0.274563 0.886894 0.273217 0.888689 0.273217 0.890485 0.271871 0.89228 0.271871 0.894075 0.270525 0.895871 0.270525 0.901257 0.269179 0.903052 0.269179 0.906643 0.270525 0.908438 0.270525 0.910233 0.271871 0.908438 0.275908 0.908438 0.277254 0.906643 0.2786 0.906643 0.279946 0.904847 0.281292 0.904847 0.282638 0.903052 0.283984 0.903052 0.28533 0.901257 0.288022 0.901257 0.290713 0.897666 0.292059 0.897666 0.293405 0.895871 0.293405 0.881508
1 0.89502 0.806104 0.892328 0.809695 0.897712 0.816876 0.900404 0.816876 0.90175 0.818671 0.904441 0.818671 0.905787 0.820467 0.907133 0.820467 0.908479 0.822262 0.911171 0.822262 0.912517 0.824057 0.915209 0.824057 0.916555 0.825853 0.9179 0.825853 0.919246 0.827648 0.920592 0.827648 0.921938 0.829443 0.923284 0.829443 0.925976 0.833034 0.927322 0.833034 0.928668 0.834829 0.930013 0.834829 0.931359 0.836625 0.932705 0.836625 0.934051 0.83842 0.934051 0.840215 0.935397 0.842011 0.935397 0.843806 0.936743 0.845601 0.935397 0.847397 0.931359 0.847397 0.930013 0.849192 0.927322 0.849192 0.925976 0.850987 0.905787 0.850987 0.905787 0.852783 0.907133 0.854578 0.907133 0.859964 0.908479 0.861759 0.908479 0.867145 0.909825 0.868941 0.909825 0.870736 0.908479 0.872531 0.907133 0.870736 0.904441 0.870736 0.903096 0.868941 0.900404 0.868941 0.899058 0.867145 0.896366 0.867145 0.89502 0.86535 0.892328 0.86535 0.890983 0.863555 0.889637 0.863555 0.888291 0.861759 0.885599 0.861759 0.884253 0.859964 0.873486 0.859964 0.87214 0.858169 0.851952 0.858169 0.850606 0.859964 0.843876 0.859964 0.84253 0.861759 0.834455 0.861759 0.834455 0.863555 0.835801 0.86535 0.835801 0.868941 0.837147 0.870736 0.84926 0.870736 0.850606 0.868941 0.851952 0.870736 0.886945 0.870736 0.888291 0.872531 0.886945 0.874327 0.884253 0.874327 0.882907 0.876122 0.881561 0.876122 0.880215 0.877917 0.877524 0.877917 0.876178 0.879713 0.870794 0.879713 0.869448 0.881508 0.86541 0.881508 0.864065 0.883303 0.858681 0.883303 0.857335 0.885099 0.853297 0.885099 0.851952 0.886894 0.81965 0.886894 0.818304 0.885099 0.800808 0.885099 0.802153 0.886894 0.802153 0.890485 0.803499 0.89228 0.803499 0.894075 0.802153 0.895871 0.802153 0.897666 0.800808 0.899461 0.800808 0.901257 0.799462 0.903052 0.799462 0.904847 0.798116 0.906643 0.798116 0.908438 0.799462 0.910233 0.800808 0.910233 0.802153 0.912029 0.802153 0.915619 0.800808 0.917415 0.800808 0.921005 0.798116 0.924596 0.798116 0.926391 0.794078 0.931777 0.792732 0.931777 0.791386 0.933573 0.79004 0.933573 0.788694 0.935368 0.787349 0.935368 0.786003 0.937163 0.784657 0.937163 0.783311 0.938959 0.781965 0.938959 0.780619 0.940754 0.777927 0.940754 0.776581 0.942549 0.775236 0.942549 0.77389 0.944345 0.771198 0.944345 0.769852 0.94614 0.768506 0.94614 0.76716 0.947935 0.764468 0.947935 0.763122 0.949731 0.761777 0.949731 0.760431 0.951526 0.757739 0.951526 0.756393 0.953321 0.755047 0.953321 0.753701 0.955117 0.751009 0.955117 0.749664 0.956912 0.748318 0.956912 0.742934 0.964093 0.746972 0.969479 0.765814 0.969479 0.76716 0.971275 0.771198 0.971275 0.772544 0.97307 0.775236 0.97307 0.776581 0.974865 0.794078 0.974865 0.795424 0.97307 0.799462 0.97307 0.800808 0.971275 0.806191 0.971275 0.807537 0.969479 0.812921 0.969479 0.814266 0.967684 0.81965 0.967684 0.820996 0.965889 0.822342 0.965889 0.825034 0.962298 0.82638 0.962298 0.829071 0.958707 0.830417 0.958707 0.831763 0.956912 0.835801 0.956912 0.837147 0.955117 0.839838 0.955117 0.841184 0.953321 0.84253 0.955117 0.843876 0.955117 0.845222 0.956912 0.847914 0.956912 0.84926 0.958707 0.850606 0.958707 0.851952 0.960503 0.854643 0.960503 0.855989 0.962298 0.855989 0.964093 0.857335 0.965889 0.857335 0.967684 0.858681 0.969479 0.858681 0.971275 0.860027 0.97307 0.860027 0.974865 0.861373 0.976661 0.864065 0.976661 0.86541 0.978456 0.868102 0.978456 0.869448 0.980251 0.87214 0.980251 0.873486 0.982047 0.876178 0.982047 0.877524 0.983842 0.880215 0.983842 0.881561 0.985637 0.881561 0.989228 0.882907 0.991023 0.882907 0.992819 0.896366 0.992819 0.897712 0.991023 0.900404 0.991023 0.90175 0.989228 0.904441 0.989228 0.905787 0.987433 0.908479 0.987433 0.909825 0.985637 0.912517 0.985637 0.913863 0.983842 0.915209 0.983842 0.916555 0.982047 0.919246 0.982047 0.920592 0.980251 0.921938 0.980251 0.923284 0.978456 0.931359 0.978456 0.932705 0.980251 0.932705 0.982047 0.934051 0.983842 0.934051 0.985637 0.935397 0.987433 0.943472 0.987433 0.944818 0.985637 0.94751 0.985637 0.948856 0.983842 0.952894 0.983842 0.95424 0.982047 0.956931 0.982047 0.958277 0.980251 0.959623 0.980251 0.960969 0.978456 0.963661 0.978456 0.965007 0.976661 0.966353 0.976661 0.967699 0.974865 0.969044 0.974865 0.97039 0.97307 0.973082 0.97307 0.974428 0.971275 0.97712 0.971275 0.978466 0.969479 0.983849 0.969479 0.985195 0.967684 0.991925 0.967684 0.993271 0.965889 0.998654 0.965889 0.998654 0.840215 0.973082 0.840215 0.971736 0.842011 0.950202 0.842011 0.948856 0.840215 0.94751 0.840215 0.946164 0.83842 0.944818 0.83842 0.943472 0.836625 0.942127 0.836625 0.940781 0.834829 0.939435 0.834829 0.938089 0.833034 0.936743 0.833034 0.935397 0.831239 0.934051 0.831239 0.932705 0.829443 0.931359 0.829443 0.930013 0.827648 0.928668 0.827648 0.927322 0.825853 0.925976 0.825853 0.923284 0.822262 0.921938 0.822262 0.920592 0.820467 0.919246 0.820467 0.9179 0.818671 0.916555 0.818671 0.915209 0.816876 0.913863 0.816876 0.912517 0.815081 0.911171 0.815081 0.909825 0.813285 0.908479 0.813285 0.907133 0.81149 0.904441 0.81149 0.903096 0.809695 0.90175 0.809695 0.900404 0.807899 0.897712 0.807899 0.896366 0.806104
1 0.81965 0.667864 0.818304 0.669659 0.816958 0.669659 0.814266 0.67325 0.812921 0.67325 0.820996 0.684022 0.822342 0.682226 0.825034 0.682226 0.82638 0.680431 0.830417 0.680431 0.830417 0.67684 0.831763 0.675045 0.831763 0.67325 0.829071 0.67325 0.827725 0.671454 0.825034 0.671454 0.823688 0.669659 0.820996 0.669659
1 0.122476 0.610413 0.122476 0.614004 0.121131 0.615799 0.121131 0.617594 0.122476 0.617594 0.123822 0.61939 0.125168 0.61939 0.126514 0.621185 0.12786 0.621185 0.129206 0.62298 0.130552 0.62298 0.131898 0.624776 0.133244 0.624776 0.13459 0.626571 0.137281 0.626571 0.138627 0.624776 0.139973 0.624776 0.129206 0.610413
1 0.935397 0.585278 0.934051 0.587074 0.932705 0.587074 0.931359 0.588869 0.930013 0.588869 0.925976 0.594255 0.92463 0.594255 0.923284 0.59605 0.92463 0.597846 0.92463 0.599641 0.925976 0.597846 0.935397 0.597846 0.936743 0.59605 0.946164 0.59605 0.946164 0.594255 0.94751 0.59246 0.944818 0.588869 0.940781 0.588869 0.939435 0.587074 0.936743 0.587074
1 0.802153 0.583483 0.800808 0.585278 0.798116 0.585278 0.79677 0.587074 0.792732 0.587074 0.791386 0.588869 0.788694 0.588869 0.787349 0.590664 0.784657 0.590664 0.783311 0.59246 0.779273 0.59246 0.777927 0.594255 0.76716 0.594255 0.763122 0.599641 0.761777 0.599641 0.759085 0.603232 0.742934 0.603232 0.741588 0.605027 0.740242 0.605027 0.738896 0.606822 0.736205 0.606822 0.734859 0.608618 0.728129 0.608618 0.726783 0.606822 0.7214 0.606822 0.720054 0.605027 0.718708 0.606822 0.71467 0.606822 0.713324 0.608618 0.710633 0.608618 0.709287 0.610413 0.705249 0.610413 0.703903 0.612208 0.681023 0.612208 0.681023 0.614004 0.679677 0.615799 0.679677 0.617594 0.699865 0.617594 0.701211 0.61939 0.702557 0.617594 0.734859 0.617594 0.736205 0.615799 0.771198 0.615799 0.772544 0.617594 0.786003 0.617594 0.787349 0.61939 0.788694 0.61939 0.791386 0.62298 0.792732 0.62298 0.794078 0.624776 0.816958 0.624776 0.820996 0.61939 0.820996 0.617594 0.822342 0.615799 0.822342 0.612208 0.823688 0.610413 0.823688 0.608618 0.825034 0.606822 0.825034 0.605027 0.827725 0.601436 0.829071 0.601436 0.831763 0.597846 0.831763 0.59605 0.834455 0.59246 0.834455 0.587074 0.833109 0.587074 0.831763 0.585278 0.830417 0.585278 0.829071 0.583483 0.827725 0.585278 0.803499 0.585278
1 0.508748 0.583483 0.507402 0.585278 0.492598 0.585278 0.492598 0.590664 0.493943 0.59246 0.493943 0.597846 0.492598 0.599641 0.48856 0.599641 0.487214 0.601436 0.484522 0.601436 0.483176 0.603232 0.479139 0.603232 0.477793 0.605027 0.468371 0.605027 0.467026 0.606822 0.45895 0.606822 0.457604 0.608618 0.441454 0.608618 0.440108 0.606822 0.433378 0.606822 0.432032 0.605027 0.429341 0.608618 0.429341 0.610413 0.425303 0.615799 0.425303 0.617594 0.422611 0.621185 0.415882 0.621185 0.414536 0.61939 0.41319 0.621185 0.410498 0.621185 0.409152 0.62298 0.407806 0.62298 0.40646 0.624776 0.403769 0.624776 0.402423 0.626571 0.399731 0.626571 0.398385 0.628366 0.397039 0.628366 0.395693 0.630162 0.394347 0.630162 0.393001 0.631957 0.39031 0.631957 0.388964 0.633752 0.387618 0.633752 0.386272 0.635548 0.384926 0.635548 0.38358 0.637343 0.382234 0.637343 0.380888 0.639138 0.379542 0.639138 0.378197 0.640934 0.375505 0.640934 0.374159 0.642729 0.372813 0.642729 0.371467 0.644524 0.370121 0.644524 0.368775 0.64632 0.367429 0.64632 0.364738 0.64991 0.363392 0.64991 0.3607 0.653501 0.359354 0.653501 0.356662 0.657092 0.355316 0.657092 0.35397 0.658887 0.352624 0.658887 0.351279 0.660682 0.349933 0.660682 0.348587 0.662478 0.347241 0.662478 0.345895 0.664273 0.339166 0.664273 0.33782 0.666068 0.33109 0.666068 0.329744 0.667864 0.310902 0.667864 0.309556 0.669659 0.306864 0.669659 0.305518 0.671454 0.302826 0.671454 0.30148 0.67325 0.298789 0.67325 0.297443 0.675045 0.296097 0.675045 0.294751 0.67684 0.292059 0.67684 0.290713 0.678636 0.288022 0.678636 0.286676 0.680431 0.283984 0.680431 0.282638 0.682226 0.281292 0.682226 0.279946 0.684022 0.277254 0.684022 0.275908 0.685817 0.274563 0.685817 0.273217 0.687612 0.270525 0.687612 0.269179 0.689408 0.254374 0.689408 0.253028 0.687612 0.250336 0.687612 0.248991 0.685817 0.247645 0.687612 0.243607 0.687612 0.242261 0.689408 0.239569 0.689408 0.238223 0.691203 0.234186 0.691203 0.231494 0.694794 0.230148 0.694794 0.224764 0.701975 0.223419 0.701975 0.219381 0.707361 0.218035 0.707361 0.215343 0.710952 0.213997 0.710952 0.212651 0.712747 0.211306 0.712747 0.20996 0.714542 0.208614 0.714542 0.208614 0.716338 0.20996 0.718133 0.20996 0.719928 0.218035 0.719928 0.219381 0.721724 0.219381 0.728905 0.218035 0.7307 0.218035 0.734291 0.224764 0.734291 0.22611 0.732496 0.23284 0.732496 0.236878 0.72711 0.236878 0.725314 0.242261 0.718133 0.243607 0.718133 0.244953 0.716338 0.247645 0.716338 0.248991 0.714542 0.250336 0.714542 0.251682 0.712747 0.26245 0.712747 0.265141 0.709156 0.266487 0.709156 0.269179 0.705566 0.270525 0.705566 0.273217 0.701975 0.274563 0.701975 0.275908 0.70018 0.277254 0.70018 0.2786 0.698384 0.279946 0.698384 0.281292 0.696589 0.283984 0.696589 0.28533 0.694794 0.286676 0.694794 0.288022 0.692998 0.289367 0.692998 0.290713 0.691203 0.292059 0.691203 0.293405 0.689408 0.296097 0.689408 0.297443 0.687612 0.298789 0.687612 0.300135 0.685817 0.30148 0.685817 0.302826 0.684022 0.30821 0.684022 0.309556 0.682226 0.316285 0.682226 0.317631 0.680431 0.340511 0.680431 0.341857 0.678636 0.352624 0.678636 0.35397 0.680431 0.355316 0.678636 0.364738 0.678636 0.366083 0.67684 0.393001 0.67684 0.394347 0.675045 0.398385 0.675045 0.399731 0.67325 0.403769 0.67325 0.405114 0.671454 0.40646 0.671454 0.407806 0.669659 0.409152 0.669659 0.411844 0.666068 0.41319 0.666068 0.414536 0.664273 0.415882 0.664273 0.417227 0.662478 0.418573 0.662478 0.421265 0.658887 0.422611 0.658887 0.425303 0.655296 0.426649 0.655296 0.429341 0.651706 0.430686 0.651706 0.433378 0.648115 0.434724 0.648115 0.43607 0.64632 0.437416 0.64632 0.438762 0.644524 0.440108 0.644524 0.442799 0.640934 0.444145 0.640934 0.445491 0.639138 0.446837 0.639138 0.448183 0.637343 0.449529 0.637343 0.452221 0.633752 0.452221 0.631957 0.456258 0.626571 0.456258 0.624776 0.460296 0.61939 0.462988 0.61939 0.464334 0.617594 0.46568 0.617594 0.467026 0.615799 0.469717 0.615799 0.471063 0.614004 0.472409 0.614004 0.473755 0.612208 0.476447 0.612208 0.477793 0.610413 0.479139 0.610413 0.480485 0.608618 0.483176 0.608618 0.484522 0.610413 0.485868 0.610413 0.48856 0.614004 0.489906 0.614004 0.492598 0.617594 0.499327 0.617594 0.500673 0.615799 0.504711 0.615799 0.506057 0.614004 0.510094 0.614004 0.51144 0.612208 0.515478 0.612208 0.515478 0.610413 0.516824 0.608618 0.516824 0.606822 0.51817 0.605027 0.51817 0.603232 0.519515 0.601436 0.519515 0.599641 0.51144 0.588869 0.51144 0.587074
1 0.397039 0.561939 0.395693 0.563734 0.394347 0.563734 0.391655 0.567325 0.39031 0.567325 0.387618 0.570916 0.386272 0.570916 0.38358 0.574506 0.38358 0.576302 0.379542 0.581688 0.379542 0.583483 0.378197 0.585278 0.378197 0.590664 0.376851 0.59246 0.376851 0.605027 0.393001 0.605027 0.394347 0.603232 0.397039 0.603232 0.398385 0.601436 0.401077 0.601436 0.403769 0.597846 0.405114 0.597846 0.407806 0.594255 0.409152 0.594255 0.411844 0.590664 0.41319 0.590664 0.417227 0.585278 0.417227 0.583483 0.419919 0.579892 0.419919 0.572711 0.418573 0.572711 0.415882 0.56912 0.414536 0.56912 0.41319 0.567325 0.411844 0.567325 0.410498 0.56553 0.409152 0.56553 0.407806 0.563734 0.398385 0.563734
1 0.940781 0.554758 0.936743 0.560144 0.935397 0.560144 0.932705 0.563734 0.932705 0.567325 0.934051 0.56912 0.934051 0.574506 0.935397 0.572711 0.936743 0.572711 0.938089 0.570916 0.940781 0.570916 0.942127 0.56912 0.943472 0.56912 0.944818 0.567325 0.946164 0.567325 0.94751 0.56553 0.950202 0.56553 0.951548 0.563734 0.952894 0.563734 0.95424 0.561939 0.955585 0.561939 0.956931 0.560144 0.956931 0.558348 0.955585 0.556553 0.955585 0.554758
1 0.633917 0.543986 0.632571 0.545781 0.629879 0.545781 0.628533 0.547576 0.624495 0.547576 0.623149 0.549372 0.613728 0.549372 0.60969 0.554758 0.608345 0.554758 0.604307 0.560144 0.59354 0.560144 0.592194 0.561939 0.584118 0.561939 0.584118 0.56912 0.585464 0.56912 0.58681 0.570916 0.588156 0.570916 0.589502 0.572711 0.594886 0.572711 0.596231 0.574506 0.600269 0.574506 0.601615 0.576302 0.605653 0.576302 0.608345 0.572711 0.60969 0.572711 0.612382 0.56912 0.613728 0.56912 0.615074 0.567325 0.61642 0.567325 0.617766 0.56553 0.620458 0.56553 0.621803 0.563734 0.623149 0.563734 0.624495 0.561939 0.641992 0.561939 0.643338 0.563734 0.64603 0.563734 0.647376 0.56553 0.647376 0.558348 0.648721 0.556553 0.648721 0.551167 0.64603 0.551167 0.644684 0.549372 0.641992 0.549372 0.640646 0.547576 0.637954 0.547576 0.636608 0.545781 0.635262 0.545781
1 0.274563 0.5386 0.273217 0.540395 0.270525 0.540395 0.269179 0.54219 0.265141 0.54219 0.254374 0.556553 0.253028 0.556553 0.251682 0.558348 0.247645 0.558348 0.242261 0.551167 0.240915 0.551167 0.239569 0.549372 0.238223 0.549372 0.236878 0.547576 0.235532 0.547576 0.234186 0.545781 0.23284 0.547576 0.231494 0.547576 0.228802 0.551167 0.227456 0.551167 0.227456 0.560144 0.228802 0.560144 0.230148 0.561939 0.231494 0.561939 0.234186 0.56553 0.235532 0.56553 0.236878 0.567325 0.239569 0.567325 0.240915 0.56912 0.242261 0.56912 0.243607 0.570916 0.246299 0.570916 0.247645 0.572711 0.258412 0.572711 0.259758 0.574506 0.261104 0.572711 0.2786 0.572711 0.281292 0.56912 0.281292 0.567325 0.286676 0.560144 0.288022 0.560144 0.289367 0.558348 0.290713 0.558348 0.293405 0.554758 0.294751 0.554758 0.286676 0.543986 0.28533 0.543986 0.281292 0.5386
1 0.192463 0.51167 0.191117 0.513465 0.165545 0.513465 0.164199 0.51526 0.162853 0.51526 0.161507 0.517056 0.158816 0.517056 0.15747 0.518851 0.156124 0.518851 0.154778 0.520646 0.152086 0.520646 0.148048 0.526032 0.146703 0.526032 0.144011 0.529623 0.144011 0.531418 0.141319 0.535009 0.142665 0.536804 0.144011 0.536804 0.146703 0.540395 0.164199 0.540395 0.165545 0.5386 0.189771 0.5386 0.193809 0.533214 0.195155 0.533214 0.201884 0.524237 0.201884 0.518851 0.200538 0.517056 0.200538 0.51526 0.199192 0.513465 0.193809 0.513465
1 0.20996 0.499102 0.20996 0.502693 0.208614 0.504488 0.208614 0.508079 0.20996 0.508079 0.211306 0.509874 0.212651 0.509874 0.213997 0.51167 0.215343 0.509874 0.218035 0.509874 0.218035 0.502693 0.215343 0.502693 0.213997 0.500898 0.211306 0.500898
1 0.506057 0.497307 0.502019 0.502693 0.503365 0.504488 0.504711 0.504488 0.507402 0.508079 0.510094 0.508079 0.51144 0.509874 0.515478 0.509874 0.516824 0.508079 0.519515 0.508079 0.520861 0.509874 0.526245 0.509874 0.527591 0.51167 0.532974 0.51167 0.53432 0.513465 0.538358 0.513465 0.539704 0.51526 0.542396 0.51167 0.543742 0.51167 0.543742 0.509874 0.542396 0.508079 0.542396 0.506284 0.54105 0.504488 0.54105 0.502693 0.535666 0.502693 0.53432 0.500898 0.530283 0.500898 0.528937 0.499102 0.51817 0.499102 0.516824 0.497307
1 0.318977 0.470377 0.317631 0.472172 0.314939 0.472172 0.313594 0.473968 0.309556 0.473968 0.30821 0.475763 0.305518 0.475763 0.304172 0.477558 0.300135 0.477558 0.297443 0.481149 0.296097 0.481149 0.293405 0.48474 0.292059 0.48474 0.290713 0.486535 0.288022 0.486535 0.286676 0.48833 0.282638 0.48833 0.281292 0.490126 0.2786 0.490126 0.277254 0.491921 0.277254 0.493716 0.274563 0.497307 0.275908 0.499102 0.275908 0.500898 0.277254 0.502693 0.277254 0.504488 0.2786 0.506284 0.2786 0.508079 0.279946 0.509874 0.281292 0.509874 0.28533 0.51526 0.296097 0.51526 0.297443 0.517056 0.305518 0.517056 0.306864 0.518851 0.313594 0.518851 0.314939 0.520646 0.316285 0.518851 0.321669 0.518851 0.323015 0.517056 0.328398 0.517056 0.329744 0.51526 0.336474 0.51526 0.33782 0.517056 0.339166 0.517056 0.340511 0.518851 0.341857 0.518851 0.343203 0.520646 0.344549 0.520646 0.345895 0.522442 0.347241 0.522442 0.349933 0.526032 0.349933 0.527828 0.351279 0.529623 0.351279 0.533214 0.352624 0.535009 0.352624 0.536804 0.35397 0.5386 0.35397 0.540395 0.355316 0.54219 0.355316 0.543986 0.359354 0.543986 0.3607 0.545781 0.362046 0.543986 0.366083 0.543986 0.366083 0.54219 0.367429 0.540395 0.367429 0.536804 0.368775 0.535009 0.368775 0.531418 0.370121 0.529623 0.370121 0.524237 0.368775 0.522442 0.368775 0.51526 0.367429 0.513465 0.367429 0.506284 0.366083 0.504488 0.366083 0.500898 0.367429 0.499102 0.371467 0.499102 0.372813 0.500898 0.379542 0.500898 0.380888 0.499102 0.38358 0.499102 0.384926 0.497307 0.39031 0.497307 0.391655 0.499102 0.394347 0.499102 0.395693 0.500898 0.397039 0.500898 0.398385 0.502693 0.399731 0.502693 0.401077 0.504488 0.402423 0.504488 0.403769 0.506284 0.409152 0.506284 0.407806 0.504488 0.407806 0.502693 0.40646 0.500898 0.40646 0.499102 0.397039 0.486535 0.378197 0.486535 0.376851 0.48474 0.375505 0.48474 0.374159 0.482944 0.372813 0.482944 0.371467 0.481149 0.370121 0.481149 0.368775 0.479354 0.366083 0.479354 0.364738 0.477558 0.363392 0.477558 0.362046 0.475763 0.3607 0.475763 0.359354 0.473968 0.358008 0.473968 0.356662 0.472172 0.341857 0.472172 0.340511 0.470377
1 0.95424 0.452424 0.952894 0.454219 0.950202 0.454219 0.948856 0.456014 0.946164 0.456014 0.944818 0.45781 0.938089 0.45781 0.936743 0.459605 0.930013 0.459605 0.928668 0.4614 0.925976 0.4614 0.92463 0.463196 0.921938 0.463196 0.920592 0.464991 0.9179 0.464991 0.916555 0.466786 0.913863 0.466786 0.913863 0.470377 0.912517 0.472172 0.912517 0.475763 0.913863 0.475763 0.915209 0.477558 0.916555 0.477558 0.9179 0.479354 0.92463 0.479354 0.925976 0.481149 0.925976 0.48474 0.930013 0.48474 0.931359 0.486535 0.932705 0.48474 0.939435 0.48474 0.940781 0.482944 0.942127 0.482944 0.944818 0.479354 0.95424 0.479354 0.955585 0.481149 0.962315 0.481149 0.963661 0.482944 0.986541 0.482944 0.987887 0.481149 0.989233 0.481149 0.990579 0.479354 0.993271 0.479354 0.993271 0.466786 0.989233 0.4614 0.987887 0.4614 0.986541 0.459605 0.985195 0.459605 0.982503 0.456014 0.981157 0.456014 0.979812 0.454219 0.955585 0.454219
1 0.091521 0.439856 0.090175 0.441652 0.087483 0.441652 0.086137 0.443447 0.084791 0.443447 0.083445 0.445242 0.080754 0.445242 0.0821 0.447038 0.0821 0.448833 0.083445 0.450628 0.083445 0.452424 0.084791 0.454219 0.084791 0.456014 0.086137 0.45781 0.087483 0.456014 0.102288 0.456014 0.103634 0.45781 0.107672 0.45781 0.109017 0.459605 0.115747 0.459605 0.117093 0.4614 0.129206 0.4614 0.129206 0.459605 0.12786 0.45781 0.12786 0.456014 0.126514 0.456014 0.125168 0.454219 0.123822 0.454219 0.122476 0.452424 0.121131 0.452424 0.119785 0.450628 0.118439 0.450628 0.117093 0.448833 0.117093 0.445242 0.115747 0.443447 0.115747 0.439856
1 0.66891 0.43447 0.667564 0.436266 0.664872 0.436266 0.663526 0.438061 0.66218 0.438061 0.660834 0.439856 0.658143 0.439856 0.656797 0.441652 0.655451 0.441652 0.654105 0.443447 0.652759 0.443447 0.651413 0.445242 0.650067 0.445242 0.648721 0.447038 0.647376 0.447038 0.64603 0.448833 0.644684 0.448833 0.6393 0.456014 0.6393 0.45781 0.636608 0.4614 0.636608 0.464991 0.635262 0.466786 0.635262 0.470377 0.664872 0.470377 0.666218 0.468582 0.66891 0.468582 0.671602 0.464991 0.672948 0.464991 0.674293 0.463196 0.674293 0.4614 0.675639 0.459605 0.675639 0.45781 0.681023 0.450628 0.682369 0.450628 0.685061 0.447038 0.683715 0.445242 0.682369 0.445242 0.678331 0.439856 0.676985 0.439856 0.675639 0.438061 0.672948 0.438061 0.671602 0.436266 0.670256 0.436266
1 0.629879 0.429084 0.628533 0.43088 0.628533 0.432675 0.624495 0.438061 0.624495 0.439856 0.621803 0.443447 0.615074 0.443447 0.613728 0.445242 0.606999 0.445242 0.605653 0.447038 0.598923 0.447038 0.600269 0.448833 0.600269 0.450628 0.601615 0.452424 0.601615 0.454219 0.628533 0.454219 0.629879 0.452424 0.632571 0.452424 0.633917 0.450628 0.636608 0.450628 0.6393 0.447038 0.640646 0.447038 0.643338 0.443447 0.644684 0.443447 0.647376 0.439856 0.648721 0.439856 0.647376 0.439856 0.64603 0.438061 0.643338 0.438061 0.641992 0.436266 0.640646 0.436266 0.6393 0.43447 0.637954 0.43447 0.636608 0.432675 0.633917 0.432675 0.632571 0.43088 0.631225 0.43088
1 0.343203 0.423698 0.343203 0.427289 0.341857 0.429084 0.341857 0.43088 0.349933 0.441652 0.351279 0.441652 0.3607 0.454219 0.363392 0.454219 0.364738 0.452424 0.367429 0.452424 0.367429 0.447038 0.366083 0.445242 0.366083 0.432675 0.367429 0.43088 0.367429 0.427289 0.356662 0.427289 0.355316 0.425494 0.344549 0.425494
1 0.323015 0.416517 0.321669 0.418312 0.316285 0.418312 0.314939 0.420108 0.312248 0.420108 0.310902 0.421903 0.30821 0.421903 0.30821 0.423698 0.306864 0.425494 0.30821 0.425494 0.310902 0.429084 0.325707 0.429084 0.327052 0.427289 0.327052 0.425494 0.329744 0.421903 0.328398 0.420108 0.328398 0.418312 0.327052 0.416517
1 0.705249 0.40754 0.703903 0.409336 0.693136 0.409336 0.69179 0.411131 0.689098 0.411131 0.687752 0.412926 0.683715 0.412926 0.682369 0.414722 0.679677 0.414722 0.678331 0.416517 0.678331 0.418312 0.675639 0.421903 0.695828 0.421903 0.697174 0.420108 0.707941 0.420108 0.709287 0.418312 0.710633 0.418312 0.711978 0.416517 0.713324 0.416517 0.71467 0.414722 0.716016 0.414722 0.71467 0.414722 0.713324 0.412926 0.711978 0.412926 0.710633 0.411131 0.709287 0.411131 0.707941 0.409336 0.706595 0.409336
1 0.960969 0.398564 0.959623 0.400359 0.94751 0.400359 0.948856 0.400359 0.951548 0.40395 0.952894 0.40395 0.95424 0.405745 0.952894 0.40754 0.944818 0.40754 0.944818 0.411131 0.946164 0.412926 0.946164 0.418312 0.959623 0.418312 0.960969 0.416517 0.962315 0.416517 0.965007 0.412926 0.966353 0.412926 0.960969 0.405745
1 0.351279 0.382406 0.343203 0.393178 0.341857 0.393178 0.339166 0.396768 0.33782 0.396768 0.335128 0.400359 0.333782 0.400359 0.33109 0.40395 0.329744 0.40395 0.327052 0.40754 0.325707 0.40754 0.324361 0.409336 0.328398 0.409336 0.329744 0.411131 0.333782 0.411131 0.335128 0.412926 0.339166 0.412926 0.340511 0.414722 0.345895 0.414722 0.347241 0.416517 0.351279 0.416517 0.352624 0.418312 0.368775 0.418312 0.370121 0.420108 0.378197 0.420108 0.379542 0.418312 0.386272 0.418312 0.387618 0.416517 0.391655 0.416517 0.393001 0.414722 0.403769 0.414722 0.405114 0.416517 0.410498 0.416517 0.411844 0.418312 0.411844 0.420108 0.41319 0.421903 0.41319 0.429084 0.414536 0.43088 0.414536 0.43447 0.415882 0.432675 0.421265 0.432675 0.422611 0.43088 0.423957 0.43088 0.425303 0.429084 0.427995 0.429084 0.429341 0.427289 0.434724 0.427289 0.437416 0.423698 0.438762 0.423698 0.438762 0.421903 0.437416 0.420108 0.437416 0.418312 0.434724 0.418312 0.433378 0.416517 0.432032 0.416517 0.430686 0.414722 0.427995 0.414722 0.426649 0.412926 0.425303 0.412926 0.422611 0.409336 0.421265 0.409336 0.419919 0.40754 0.418573 0.40754 0.417227 0.405745 0.414536 0.405745 0.41319 0.40395 0.411844 0.40395 0.410498 0.402154 0.405114 0.402154 0.403769 0.400359 0.399731 0.400359 0.398385 0.398564 0.397039 0.398564 0.394347 0.394973 0.393001 0.394973 0.39031 0.391382 0.387618 0.391382 0.386272 0.389587 0.384926 0.389587 0.38358 0.387792 0.380888 0.387792 0.379542 0.385996 0.378197 0.387792 0.359354 0.387792 0.358008 0.385996 0.356662 0.385996 0.355316 0.384201 0.352624 0.384201
1 0.376851 0.368043 0.376851 0.371634 0.378197 0.373429 0.378197 0.378815 0.380888 0.378815 0.382234 0.38061 0.38358 0.38061 0.384926 0.382406 0.388964 0.37702 0.391655 0.37702 0.393001 0.378815 0.395693 0.378815 0.397039 0.38061 0.399731 0.38061 0.401077 0.382406 0.40646 0.382406 0.407806 0.384201 0.409152 0.382406 0.438762 0.382406 0.440108 0.384201 0.453567 0.384201 0.454913 0.385996 0.456258 0.384201 0.468371 0.384201 0.469717 0.382406 0.469717 0.38061 0.472409 0.37702 0.456258 0.37702 0.454913 0.375224 0.425303 0.375224 0.423957 0.373429 0.423957 0.371634 0.409152 0.371634 0.407806 0.369838 0.401077 0.369838 0.399731 0.368043
1 0.096904 0.362657 0.095559 0.364452 0.092867 0.364452 0.091521 0.366248 0.087483 0.366248 0.0821 0.373429 0.083445 0.373429 0.086137 0.37702 0.087483 0.37702 0.088829 0.378815 0.090175 0.37702 0.094213 0.37702 0.095559 0.375224 0.099596 0.375224 0.099596 0.373429 0.09825 0.371634 0.09825 0.366248 0.096904 0.364452
1 0.398385 0.346499 0.398385 0.35009 0.397039 0.351885 0.397039 0.35368 0.401077 0.35368 0.402423 0.355476 0.405114 0.355476 0.40646 0.357271 0.40646 0.360862 0.405114 0.362657 0.405114 0.364452 0.426649 0.364452 0.427995 0.362657 0.438762 0.362657 0.441454 0.359066 0.442799 0.359066 0.437416 0.351885 0.433378 0.351885 0.432032 0.35009 0.427995 0.35009 0.426649 0.348294 0.414536 0.348294 0.41319 0.346499
1 0.250336 0.303411 0.248991 0.305206 0.240915 0.305206 0.239569 0.307002 0.238223 0.307002 0.236878 0.308797 0.235532 0.308797 0.234186 0.310592 0.23284 0.310592 0.23284 0.312388 0.234186 0.314183 0.234186 0.315978 0.238223 0.315978 0.239569 0.314183 0.247645 0.314183 0.248991 0.312388 0.25572 0.312388 0.25572 0.308797 0.254374 0.307002 0.253028 0.307002
1 0.239569 0.289048 0.238223 0.290844 0.23284 0.290844 0.231494 0.292639 0.213997 0.292639 0.212651 0.294434 0.204576 0.294434 0.204576 0.29623 0.20323 0.298025 0.20323 0.301616 0.201884 0.303411 0.201884 0.305206 0.222073 0.305206 0.223419 0.307002 0.224764 0.305206 0.235532 0.305206 0.238223 0.301616 0.239569 0.301616 0.240915 0.29982 0.240915 0.29623 0.239569 0.294434
1 0.349933 0.287253 0.339166 0.301616 0.325707 0.301616 0.324361 0.29982 0.312248 0.29982 0.310902 0.301616 0.302826 0.301616 0.30148 0.303411 0.298789 0.303411 0.297443 0.305206 0.293405 0.305206 0.292059 0.307002 0.274563 0.307002 0.273217 0.308797 0.273217 0.310592 0.271871 0.312388 0.271871 0.314183 0.263795 0.324955 0.26245 0.324955 0.258412 0.330341 0.257066 0.330341 0.254374 0.333932 0.253028 0.333932 0.251682 0.335727 0.251682 0.342908 0.253028 0.342908 0.254374 0.344704 0.25572 0.344704 0.257066 0.346499 0.258412 0.346499 0.259758 0.348294 0.261104 0.346499 0.270525 0.346499 0.270525 0.344704 0.271871 0.342908 0.271871 0.339318 0.273217 0.337522 0.273217 0.335727 0.274563 0.333932 0.279946 0.333932 0.281292 0.335727 0.281292 0.337522 0.282638 0.339318 0.282638 0.344704 0.283984 0.346499 0.294751 0.346499 0.296097 0.344704 0.314939 0.344704 0.316285 0.346499 0.317631 0.346499 0.318977 0.348294 0.321669 0.348294 0.323015 0.35009 0.327052 0.35009 0.328398 0.351885 0.333782 0.351885 0.335128 0.35368 0.335128 0.357271 0.333782 0.359066 0.333782 0.362657 0.347241 0.362657 0.351279 0.357271 0.352624 0.357271 0.355316 0.35368 0.370121 0.35368 0.371467 0.355476 0.372813 0.35368 0.374159 0.35368 0.376851 0.35009 0.378197 0.35009 0.375505 0.346499 0.375505 0.344704 0.374159 0.342908 0.375505 0.341113 0.376851 0.341113 0.378197 0.339318 0.380888 0.339318 0.382234 0.337522 0.384926 0.337522 0.386272 0.335727 0.391655 0.335727 0.39031 0.333932 0.39031 0.332136 0.388964 0.330341 0.388964 0.328546 0.387618 0.32675 0.387618 0.324955 0.376851 0.324955 0.375505 0.32316 0.374159 0.324955 0.3607 0.324955 0.359354 0.32316 0.347241 0.32316 0.345895 0.324955 0.341857 0.324955 0.340511 0.32675 0.335128 0.32675 0.333782 0.324955 0.333782 0.32316 0.332436 0.321364 0.325707 0.321364 0.324361 0.319569 0.316285 0.319569 0.314939 0.317774 0.30821 0.317774 0.306864 0.315978 0.304172 0.319569 0.304172 0.321364 0.302826 0.32316 0.302826 0.324955 0.300135 0.328546 0.300135 0.330341 0.297443 0.333932 0.28533 0.333932 0.282638 0.330341 0.282638 0.328546 0.281292 0.32675 0.281292 0.324955 0.279946 0.32316 0.279946 0.321364 0.2786 0.319569 0.279946 0.317774 0.28533 0.317774 0.286676 0.315978 0.290713 0.315978 0.292059 0.314183 0.294751 0.314183 0.296097 0.312388 0.297443 0.312388 0.298789 0.310592 0.300135 0.310592 0.30148 0.308797 0.309556 0.308797 0.310902 0.310592 0.318977 0.310592 0.320323 0.312388 0.327052 0.312388 0.328398 0.314183 0.329744 0.312388 0.349933 0.312388 0.352624 0.308797 0.352624 0.307002 0.3607 0.29623 0.362046 0.29623 0.366083 0.290844 0.363392 0.290844 0.362046 0.289048 0.3607 0.289048 0.359354 0.287253
1 0.0 0.285458 0.0 0.305206 0.005384 0.305206 0.006729 0.303411 0.012113 0.303411 0.013459 0.301616 0.02288 0.301616 0.024226 0.29982 0.030956 0.29982 0.032301 0.298025 0.034993 0.298025 0.032301 0.294434 0.030956 0.294434 0.028264 0.290844 0.02288 0.290844 0.021534 0.289048 0.016151 0.289048 0.014805 0.287253 0.008075 0.287253 0.006729 0.285458
1 0.267833 0.283662 0.266487 0.285458 0.251682 0.285458 0.251682 0.287253 0.253028 0.289048 0.253028 0.292639 0.254374 0.294434 0.254374 0.29623 0.263795 0.29623 0.265141 0.298025 0.273217 0.298025 0.274563 0.29982 0.275908 0.298025 0.283984 0.298025 0.28533 0.29623 0.294751 0.29623 0.296097 0.294434 0.304172 0.294434 0.305518 0.292639 0.30821 0.292639 0.309556 0.290844 0.310902 0.290844 0.312248 0.289048 0.314939 0.289048 0.313594 0.289048 0.310902 0.285458 0.309556 0.285458 0.30821 0.283662 0.306864 0.285458 0.30148 0.285458 0.300135 0.287253 0.296097 0.287253 0.294751 0.289048 0.289367 0.289048 0.288022 0.290844 0.283984 0.290844 0.282638 0.292639 0.277254 0.292639 0.275908 0.290844 0.274563 0.290844 0.271871 0.287253 0.270525 0.287253
1 0.499327 0.220826 0.496635 0.224417 0.495289 0.224417 0.492598 0.228007 0.491252 0.228007 0.48856 0.231598 0.48856 0.233393 0.487214 0.235189 0.487214 0.236984 0.485868 0.238779 0.485868 0.240575 0.48183 0.245961 0.48183 0.247756 0.476447 0.254937 0.476447 0.256732 0.473755 0.260323 0.475101 0.258528 0.492598 0.258528 0.495289 0.262118 0.495289 0.263914 0.496635 0.265709 0.492598 0.271095 0.492598 0.27289 0.48856 0.278276 0.493943 0.285458 0.495289 0.283662 0.499327 0.283662 0.500673 0.281867 0.503365 0.281867 0.504711 0.280072 0.508748 0.280072 0.510094 0.278276 0.514132 0.278276 0.515478 0.276481 0.557201 0.276481 0.558546 0.278276 0.573351 0.278276 0.574697 0.280072 0.598923 0.280072 0.600269 0.278276 0.637954 0.278276 0.6393 0.280072 0.652759 0.280072 0.654105 0.281867 0.667564 0.281867 0.66891 0.283662 0.675639 0.283662 0.676985 0.285458 0.682369 0.285458 0.683715 0.287253 0.690444 0.287253 0.69179 0.289048 0.699865 0.289048 0.701211 0.290844 0.709287 0.290844 0.710633 0.292639 0.718708 0.292639 0.720054 0.294434 0.742934 0.294434 0.74428 0.29623 0.74428 0.305206 0.746972 0.305206 0.748318 0.307002 0.749664 0.307002 0.751009 0.308797 0.753701 0.308797 0.763122 0.321364 0.763122 0.32316 0.764468 0.324955 0.764468 0.328546 0.795424 0.328546 0.79677 0.330341 0.798116 0.328546 0.799462 0.328546 0.800808 0.32675 0.802153 0.32675 0.803499 0.324955 0.806191 0.324955 0.807537 0.32316 0.808883 0.32316 0.810229 0.321364 0.811575 0.321364 0.812921 0.32316 0.812921 0.324955 0.815612 0.328546 0.815612 0.330341 0.816958 0.332136 0.846568 0.332136 0.847914 0.333932 0.847914 0.332136 0.846568 0.330341 0.846568 0.324955 0.845222 0.32316 0.845222 0.319569 0.846568 0.317774 0.854643 0.317774 0.855989 0.315978 0.862719 0.315978 0.864065 0.314183 0.87214 0.314183 0.873486 0.312388 0.881561 0.312388 0.882907 0.310592 0.938089 0.310592 0.942127 0.305206 0.942127 0.303411 0.94751 0.29623 0.973082 0.29623 0.974428 0.298025 0.975774 0.298025 0.97712 0.29982 0.979812 0.29982 0.981157 0.301616 0.982503 0.301616 0.983849 0.303411 0.985195 0.301616 0.991925 0.301616 0.993271 0.29982 0.998654 0.29982 0.998654 0.263914 0.995962 0.263914 0.994616 0.262118 0.991925 0.262118 0.990579 0.260323 0.986541 0.260323 0.985195 0.258528 0.982503 0.258528 0.981157 0.256732 0.97712 0.256732 0.975774 0.254937 0.973082 0.254937 0.971736 0.253142 0.967699 0.253142 0.966353 0.251346 0.963661 0.251346 0.962315 0.249551 0.958277 0.249551 0.956931 0.247756 0.95424 0.247756 0.952894 0.245961 0.948856 0.245961 0.94751 0.244165 0.944818 0.244165 0.943472 0.24237 0.942127 0.244165 0.934051 0.244165 0.932705 0.245961 0.925976 0.245961 0.92463 0.247756 0.911171 0.247756 0.909825 0.245961 0.904441 0.245961 0.903096 0.244165 0.897712 0.244165 0.896366 0.24237 0.892328 0.24237 0.890983 0.240575 0.885599 0.240575 0.884253 0.238779 0.878869 0.238779 0.877524 0.236984 0.86541 0.236984 0.864065 0.235189 0.853297 0.235189 0.851952 0.233393 0.839838 0.233393 0.838493 0.231598 0.827725 0.231598 0.82638 0.229803 0.814266 0.229803 0.812921 0.228007 0.800808 0.228007 0.799462 0.226212 0.787349 0.226212 0.786003 0.224417 0.776581 0.224417 0.775236 0.222621 0.76716 0.222621 0.765814 0.220826 0.764468 0.222621 0.764468 0.224417 0.761777 0.228007 0.761777 0.229803 0.759085 0.233393 0.755047 0.233393 0.753701 0.235189 0.749664 0.235189 0.748318 0.236984 0.745626 0.236984 0.74428 0.238779 0.730821 0.238779 0.730821 0.240575 0.729475 0.24237 0.729475 0.244165 0.728129 0.245961 0.728129 0.247756 0.726783 0.249551 0.717362 0.249551 0.716016 0.247756 0.707941 0.247756 0.706595 0.245961 0.705249 0.247756 0.655451 0.247756 0.654105 0.245961 0.644684 0.245961 0.643338 0.244165 0.633917 0.244165 0.632571 0.24237 0.623149 0.24237 0.621803 0.240575 0.601615 0.240575 0.600269 0.238779 0.580081 0.238779 0.578735 0.236984 0.574697 0.236984 0.573351 0.235189 0.569314 0.235189 0.567968 0.233393 0.565276 0.233393 0.56393 0.231598 0.559892 0.231598 0.558546 0.229803 0.557201 0.231598 0.555855 0.231598 0.553163 0.235189 0.551817 0.235189 0.550471 0.236984 0.549125 0.236984 0.547779 0.238779 0.546433 0.238779 0.543742 0.24237 0.542396 0.24237 0.54105 0.244165 0.539704 0.244165 0.538358 0.245961 0.535666 0.245961 0.53432 0.247756 0.532974 0.247756 0.531629 0.249551 0.528937 0.249551 0.527591 0.251346 0.526245 0.251346 0.524899 0.253142 0.520861 0.253142 0.519515 0.251346 0.51817 0.251346 0.516824 0.249551 0.514132 0.249551 0.512786 0.247756 0.51144 0.247756 0.510094 0.245961 0.508748 0.245961 0.507402 0.244165 0.506057 0.244165 0.504711 0.24237 0.506057 0.240575 0.507402 0.240575 0.510094 0.236984 0.51144 0.236984 0.512786 0.235189 0.514132 0.235189 0.516824 0.231598 0.51817 0.231598 0.520861 0.228007 0.522207 0.228007 0.524899 0.224417 0.526245 0.224417 0.514132 0.224417 0.512786 0.222621 0.500673 0.222621
