0 0.656797 0.908438 0.655451 0.910233 0.651413 0.910233 0.650067 0.912029 0.64603 0.912029 0.64603 0.913824 0.647376 0.915619 0.647376 0.91921 0.651413 0.91921 0.652759 0.921005 0.655451 0.917415 0.656797 0.917415
0 0.611036 0.486535 0.606999 0.491921 0.606999 0.493716 0.602961 0.499102 0.605653 0.502693 0.60969 0.502693 0.61642 0.493716
0 0.960969 0.335727 0.959623 0.337522 0.927322 0.337522 0.92463 0.341113 0.923284 0.341113 0.920592 0.344704 0.919246 0.344704 0.9179 0.346499 0.944818 0.346499 0.946164 0.344704 0.962315 0.344704 0.962315 0.341113 0.960969 0.339318
0 0.068641 0.29623 0.067295 0.298025 0.057873 0.298025 0.05249 0.305206 0.053836 0.305206 0.055182 0.307002 0.056528 0.305206 0.07537 0.305206 0.07537 0.29623
0 0.215343 0.244165 0.213997 0.245961 0.212651 0.245961 0.20996 0.249551 0.208614 0.249551 0.207268 0.251346 0.205922 0.251346 0.20323 0.254937 0.201884 0.254937 0.204576 0.254937 0.205922 0.256732 0.207268 0.254937 0.230148 0.254937 0.227456 0.251346 0.227456 0.249551 0.224764 0.245961 0.216689 0.245961
0 0.348587 0.201077 0.344549 0.206463 0.347241 0.206463 0.348587 0.208259 0.349933 0.208259 0.351279 0.210054 0.351279 0.208259 0.352624 0.206463 0.352624 0.204668 0.351279 0.204668
1 0.176312 0.791741 0.174966 0.793537 0.172275 0.793537 0.170929 0.795332 0.166891 0.795332 0.165545 0.797127 0.162853 0.797127 0.161507 0.798923 0.15747 0.798923 0.160162 0.798923 0.161507 0.800718 0.164199 0.800718 0.165545 0.802513 0.166891 0.800718 0.168237 0.800718 0.169583 0.798923 0.170929 0.798923 0.172275 0.797127 0.174966 0.797127 0.176312 0.795332 0.177658 0.795332 0.176312 0.793537
1 0.064603 0.671454 0.064603 0.67325 0.063257 0.675045 0.063257 0.67684 0.065949 0.680431 0.068641 0.67684 0.069987 0.67684 0.069987 0.67325 0.065949 0.67325
1 0.055182 0.551167 0.057873 0.554758 0.057873 0.556553 0.059219 0.558348 0.064603 0.558348 0.065949 0.560144 0.067295 0.558348 0.071332 0.558348 0.069987 0.556553 0.068641 0.556553 0.064603 0.551167
1 0.079408 0.493716 0.079408 0.495512 0.078062 0.497307 0.078062 0.499102 0.076716 0.500898 0.076716 0.502693 0.07537 0.504488 0.07537 0.506284 0.074024 0.508079 0.07537 0.508079 0.076716 0.509874 0.078062 0.508079 0.078062 0.506284 0.080754 0.502693 0.080754 0.500898 0.0821 0.499102 0.080754 0.497307 0.080754 0.495512
1 0.415882 0.486535 0.415882 0.493716 0.422611 0.493716 0.422611 0.490126 0.419919 0.490126 0.418573 0.48833 0.417227 0.48833
1 0.086137 0.398564 0.084791 0.400359 0.083445 0.400359 0.0821 0.402154 0.080754 0.402154 0.078062 0.405745 0.076716 0.405745 0.07537 0.40754 0.074024 0.40754 0.072678 0.409336 0.071332 0.409336 0.072678 0.409336 0.07537 0.412926 0.076716 0.411131 0.078062 0.411131 0.079408 0.409336 0.080754 0.409336 0.0821 0.40754 0.083445 0.40754 0.084791 0.405745 0.086137 0.405745 0.087483 0.40395 0.088829 0.40395 0.087483 0.402154 0.087483 0.400359
1 0.343203 0.330341 0.341857 0.332136 0.328398 0.332136 0.327052 0.333932 0.327052 0.335727 0.325707 0.337522 0.327052 0.339318 0.328398 0.339318 0.332436 0.344704 0.336474 0.339318 0.33782 0.339318 0.339166 0.341113 0.339166 0.344704 0.341857 0.348294 0.343203 0.348294 0.347241 0.35368 0.358008 0.35368 0.359354 0.355476 0.3607 0.35368 0.363392 0.35368 0.364738 0.351885 0.367429 0.351885 0.368775 0.35009 0.370121 0.35009 0.372813 0.346499 0.374159 0.346499 0.374159 0.342908 0.375505 0.341113 0.375505 0.337522 0.368775 0.337522 0.368775 0.341113 0.367429 0.342908 0.367429 0.346499 0.366083 0.348294 0.3607 0.348294 0.359354 0.346499 0.359354 0.344704 0.358008 0.342908 0.358008 0.341113 0.344549 0.341113 0.343203 0.339318
1 0.40646 0.308797 0.40646 0.310592 0.405114 0.312388 0.41319 0.312388 0.41319 0.308797
1 0.606999 0.245961 0.606999 0.247756 0.608345 0.249551 0.608345 0.253142 0.619112 0.253142 0.617766 0.251346 0.617766 0.249551 0.61642 0.247756 0.61642 0.245961
1 0.808883 0.228007 0.804845 0.233393 0.806191 0.233393 0.807537 0.235189 0.808883 0.235189 0.810229 0.236984 0.811575 0.235189 0.814266 0.235189 0.814266 0.233393 0.812921 0.231598 0.812921 0.228007
1 0.304172 0.201077 0.304172 0.202873 0.302826 0.204668 0.302826 0.206463 0.305518 0.206463 0.306864 0.208259 0.309556 0.208259 0.310902 0.210054 0.312248 0.208259 0.327052 0.208259 0.325707 0.208259 0.323015 0.204668 0.314939 0.204668 0.313594 0.202873 0.305518 0.202873
1 0.222073 0.184919 0.220727 0.186715 0.207268 0.186715 0.208614 0.186715 0.211306 0.190305 0.218035 0.190305 0.219381 0.192101 0.220727 0.192101 0.222073 0.193896 0.223419 0.193896 0.224764 0.195691 0.22611 0.195691 0.227456 0.197487 0.235532 0.197487 0.236878 0.199282 0.238223 0.197487 0.239569 0.197487 0.242261 0.193896 0.251682 0.193896 0.248991 0.190305 0.248991 0.18851 0.246299 0.184919 0.244953 0.186715 0.239569 0.186715 0.238223 0.18851 0.227456 0.18851 0.22611 0.186715 0.223419 0.186715
