0 0.218035 0.456014 0.216689 0.45781 0.212651 0.45781 0.212651 0.463196 0.211306 0.464991 0.211306 0.468582 0.212651 0.468582 0.213997 0.470377 0.215343 0.470377 0.216689 0.472172 0.218035 0.470377 0.220727 0.470377 0.222073 0.468582 0.22611 0.468582 0.22611 0.459605 0.224764 0.459605 0.222073 0.456014
1 0.145357 0.86535 0.145357 0.870736 0.161507 0.870736 0.162853 0.872531 0.162853 0.86535
1 0.283984 0.786355 0.282638 0.788151 0.282638 0.789946 0.279946 0.793537 0.263795 0.793537 0.263795 0.797127 0.26245 0.798923 0.26245 0.802513 0.263795 0.804309 0.263795 0.807899 0.266487 0.807899 0.267833 0.809695 0.267833 0.807899 0.269179 0.806104 0.267833 0.806104 0.266487 0.804309 0.266487 0.798923 0.267833 0.797127 0.270525 0.797127 0.273217 0.800718 0.273217 0.806104 0.274563 0.807899 0.274563 0.809695 0.279946 0.809695 0.282638 0.806104 0.289367 0.806104 0.292059 0.802513 0.306864 0.802513 0.306864 0.800718 0.30821 0.798923 0.296097 0.798923 0.294751 0.797127 0.292059 0.800718 0.290713 0.800718 0.288022 0.804309 0.286676 0.804309 0.283984 0.800718 0.283984 0.798923 0.281292 0.795332 0.28533 0.789946 0.314939 0.789946 0.316285 0.791741 0.318977 0.791741 0.320323 0.793537 0.320323 0.791741 0.321669 0.789946 0.321669 0.788151 0.314939 0.788151 0.313594 0.786355
1 0.491252 0.780969 0.489906 0.782765 0.480485 0.782765 0.479139 0.78456 0.477793 0.78456 0.476447 0.786355 0.475101 0.786355 0.473755 0.788151 0.472409 0.788151 0.471063 0.789946 0.468371 0.789946 0.467026 0.791741 0.46568 0.791741 0.464334 0.793537 0.462988 0.793537 0.461642 0.795332 0.460296 0.795332 0.45895 0.797127 0.457604 0.797127 0.456258 0.798923 0.454913 0.798923 0.453567 0.800718 0.450875 0.800718 0.449529 0.802513 0.448183 0.802513 0.446837 0.804309 0.411844 0.804309 0.410498 0.802513 0.376851 0.802513 0.375505 0.800718 0.366083 0.800718 0.364738 0.798923 0.363392 0.800718 0.362046 0.800718 0.3607 0.802513 0.359354 0.802513 0.358008 0.804309 0.356662 0.804309 0.355316 0.806104 0.35397 0.806104 0.352624 0.807899 0.351279 0.807899 0.349933 0.809695 0.348587 0.809695 0.347241 0.81149 0.345895 0.81149 0.344549 0.813285 0.343203 0.813285 0.341857 0.815081 0.340511 0.815081 0.339166 0.816876 0.33782 0.816876 0.336474 0.818671 0.335128 0.818671 0.333782 0.820467 0.332436 0.820467 0.333782 0.822262 0.333782 0.824057 0.335128 0.825853 0.336474 0.824057 0.33782 0.824057 0.339166 0.822262 0.340511 0.822262 0.341857 0.820467 0.343203 0.820467 0.345895 0.816876 0.347241 0.816876 0.348587 0.815081 0.349933 0.815081 0.351279 0.813285 0.352624 0.813285 0.35397 0.81149 0.355316 0.81149 0.356662 0.809695 0.358008 0.809695 0.3607 0.806104 0.362046 0.806104 0.363392 0.804309 0.364738 0.804309 0.366083 0.802513 0.368775 0.802513 0.370121 0.804309 0.371467 0.804309 0.372813 0.806104 0.449529 0.806104 0.450875 0.807899 0.452221 0.806104 0.454913 0.806104 0.456258 0.804309 0.45895 0.804309 0.460296 0.802513 0.462988 0.802513 0.464334 0.800718 0.46568 0.800718 0.468371 0.797127 0.469717 0.797127 0.472409 0.793537 0.473755 0.793537 0.476447 0.789946 0.477793 0.789946 0.480485 0.786355 0.496635 0.786355 0.496635 0.780969
1 0.345895 0.766607 0.344549 0.768402 0.333782 0.768402 0.332436 0.770197 0.321669 0.770197 0.321669 0.775583 0.325707 0.775583 0.327052 0.777379 0.328398 0.775583 0.329744 0.775583 0.33109 0.773788 0.33782 0.773788 0.340511 0.777379 0.340511 0.771993 0.341857 0.770197 0.349933 0.770197 0.349933 0.766607
1 0.503365 0.746858 0.503365 0.764811 0.506057 0.764811 0.506057 0.748654 0.504711 0.748654
1 0.282638 0.529623 0.281292 0.531418 0.279946 0.531418 0.282638 0.531418 0.283984 0.533214 0.28533 0.533214 0.286676 0.535009 0.292059 0.535009 0.293405 0.536804 0.298789 0.536804 0.300135 0.5386 0.305518 0.5386 0.306864 0.540395 0.313594 0.540395 0.314939 0.54219 0.320323 0.54219 0.321669 0.543986 0.327052 0.543986 0.328398 0.545781 0.335128 0.545781 0.336474 0.547576 0.341857 0.547576 0.343203 0.549372 0.343203 0.547576 0.344549 0.545781 0.339166 0.545781 0.33782 0.543986 0.329744 0.543986 0.328398 0.54219 0.321669 0.54219 0.320323 0.540395 0.312248 0.540395 0.310902 0.5386 0.304172 0.5386 0.302826 0.536804 0.298789 0.536804 0.297443 0.535009 0.293405 0.535009 0.292059 0.533214 0.289367 0.533214 0.288022 0.531418 0.283984 0.531418
1 0.554509 0.463196 0.555855 0.464991 0.555855 0.466786 0.565276 0.466786 0.56393 0.464991 0.56393 0.463196
1 0.955585 0.362657 0.95424 0.364452 0.948856 0.364452 0.94751 0.366248 0.946164 0.366248 0.944818 0.368043 0.939435 0.368043 0.938089 0.366248 0.936743 0.368043 0.934051 0.368043 0.935397 0.369838 0.935397 0.371634 0.936743 0.373429 0.946164 0.373429 0.94751 0.371634 0.948856 0.371634 0.951548 0.368043 0.952894 0.368043 0.95424 0.366248 0.959623 0.366248 0.959623 0.362657
1 0.9179 0.351885 0.9179 0.355476 0.938089 0.355476 0.939435 0.357271 0.959623 0.357271 0.959623 0.35368 0.958277 0.355476 0.936743 0.355476 0.935397 0.35368 0.919246 0.35368
1 0.900404 0.348294 0.899058 0.35009 0.89502 0.35009 0.89502 0.351885 0.893674 0.35368 0.893674 0.355476 0.900404 0.355476 0.903096 0.359066 0.904441 0.357271 0.905787 0.357271 0.907133 0.355476 0.909825 0.355476 0.909825 0.348294
1 0.86541 0.344704 0.86541 0.35009 0.866756 0.35009 0.870794 0.355476 0.870794 0.357271 0.87214 0.359066 0.881561 0.359066 0.881561 0.355476 0.874832 0.355476 0.869448 0.348294 0.868102 0.348294
1 0.835801 0.332136 0.835801 0.333932 0.837147 0.335727 0.837147 0.339318 0.838493 0.341113 0.838493 0.342908 0.84253 0.342908 0.84253 0.341113 0.843876 0.339318 0.841184 0.339318 0.839838 0.337522 0.839838 0.335727 0.841184 0.333932 0.841184 0.332136
1 0.777927 0.312388 0.776581 0.314183 0.771198 0.314183 0.772544 0.315978 0.772544 0.317774 0.777927 0.317774 0.783311 0.324955 0.79004 0.324955 0.791386 0.32675 0.792732 0.324955 0.798116 0.324955 0.799462 0.32316 0.807537 0.32316 0.807537 0.319569 0.798116 0.319569 0.79677 0.321364 0.786003 0.321364 0.783311 0.317774 0.781965 0.317774
