0 0.458995 0.470899 0.457672 0.472663 0.457672 0.474427 0.456349 0.47619 0.465608 0.47619 0.466931 0.477954 0.466931 0.474427 0.468254 0.472663 0.468254 0.470899
0 0.839947 0.439153 0.839947 0.442681 0.838624 0.444444 0.838624 0.446208 0.847884 0.446208 0.849206 0.447972 0.849206 0.440917 0.84127 0.440917
0 0.5 0.186949 0.5 0.188713 0.498677 0.190476 0.507937 0.190476 0.507937 0.186949
1 0.134921 0.9806 0.134921 0.987654 0.170635 0.987654 0.170635 0.984127 0.171958 0.982363 0.171958 0.9806
1 0.982804 0.959436 0.981481 0.961199 0.980159 0.961199 0.989418 0.973545 0.990741 0.973545 0.998677 0.984127 0.998677 0.96649 0.997354 0.96649 0.996032 0.964727 0.994709 0.964727 0.993386 0.962963 0.990741 0.962963 0.989418 0.961199 0.988095 0.961199 0.986772 0.959436
1 0.107143 0.959436 0.107143 0.964727 0.108466 0.96649 0.109788 0.96649 0.112434 0.970018 0.113757 0.970018 0.117725 0.975309 0.119048 0.975309 0.121693 0.978836 0.123016 0.977072 0.124339 0.977072 0.126984 0.973545 0.128307 0.973545 0.130952 0.970018 0.132275 0.970018 0.136243 0.964727 0.128307 0.964727 0.126984 0.962963 0.117725 0.962963 0.116402 0.961199 0.108466 0.961199
1 0.502646 0.945326 0.501323 0.94709 0.490741 0.94709 0.490741 0.948854 0.492063 0.950617 0.492063 0.954145 0.490741 0.955908 0.486772 0.955908 0.48545 0.957672 0.480159 0.957672 0.48545 0.957672 0.486772 0.959436 0.492063 0.959436 0.493386 0.961199 0.498677 0.961199 0.5 0.962963 0.501323 0.961199 0.501323 0.959436 0.502646 0.957672 0.502646 0.955908 0.503968 0.954145 0.503968 0.950617 0.502646 0.948854
1 0.780423 0.89418 0.779101 0.895944 0.775132 0.895944 0.77381 0.897707 0.769841 0.897707 0.769841 0.899471 0.771164 0.901235 0.771164 0.902998 0.772487 0.904762 0.772487 0.906526 0.77381 0.904762 0.776455 0.904762 0.777778 0.902998 0.781746 0.902998 0.783069 0.901235 0.785714 0.901235
1 0.034392 0.869489 0.031746 0.873016 0.030423 0.873016 0.027778 0.876543 0.026455 0.876543 0.02381 0.880071 0.021164 0.880071 0.019841 0.881834 0.010582 0.881834 0.005291 0.888889 0.003968 0.888889 0.0 0.89418 0.0 0.94709 0.015873 0.94709 0.017196 0.945326 0.018519 0.945326 0.019841 0.943563 0.022487 0.943563 0.02381 0.941799 0.025132 0.941799 0.026455 0.940035 0.027778 0.940035 0.030423 0.936508 0.031746 0.936508 0.035714 0.931217 0.037037 0.931217 0.046296 0.918871 0.051587 0.918871 0.05291 0.917108 0.055556 0.917108 0.056878 0.915344 0.058201 0.915344 0.063492 0.908289 0.063492 0.902998 0.062169 0.901235 0.062169 0.897707 0.059524 0.897707 0.058201 0.895944 0.054233 0.895944 0.051587 0.892416 0.051587 0.890653 0.048942 0.887125 0.048942 0.885362 0.047619 0.883598 0.047619 0.878307 0.046296 0.876543 0.046296 0.873016 0.043651 0.873016 0.042328 0.871252 0.039683 0.871252 0.03836 0.869489
1 0.723545 0.855379 0.723545 0.857143 0.722222 0.858907 0.722222 0.86067 0.720899 0.862434 0.720899 0.864198 0.719577 0.865961 0.719577 0.867725 0.718254 0.869489 0.718254 0.871252 0.716931 0.873016 0.719577 0.873016 0.720899 0.87478 0.723545 0.87478 0.724868 0.876543 0.727513 0.876543 0.728836 0.878307 0.728836 0.869489 0.727513 0.867725 0.727513 0.865961 0.72619 0.864198 0.72619 0.862434 0.724868 0.86067 0.724868 0.858907 0.723545 0.857143
1 0.742063 0.814815 0.740741 0.816578 0.739418 0.816578 0.738095 0.818342 0.736772 0.818342 0.73545 0.820106 0.734127 0.820106 0.732804 0.821869 0.731481 0.821869 0.730159 0.823633 0.728836 0.823633 0.727513 0.825397 0.72619 0.825397 0.72619 0.82716 0.727513 0.828924 0.727513 0.832451 0.728836 0.834215 0.728836 0.837743 0.730159 0.839506 0.730159 0.843034 0.731481 0.844797 0.731481 0.846561 0.731481 0.844797 0.732804 0.843034 0.732804 0.839506 0.734127 0.837743 0.734127 0.834215 0.73545 0.832451 0.73545 0.828924 0.736772 0.82716 0.736772 0.825397 0.738095 0.823633 0.752646 0.823633 0.752646 0.820106 0.753968 0.818342 0.753968 0.816578 0.743386 0.816578
1 0.535714 0.763668 0.534392 0.765432 0.534392 0.767196 0.533069 0.768959 0.533069 0.770723 0.531746 0.772487 0.531746 0.77425 0.530423 0.776014 0.537037 0.776014 0.53836 0.777778 0.543651 0.777778 0.544974 0.779541 0.544974 0.776014 0.546296 0.77425 0.546296 0.768959 0.547619 0.767196 0.547619 0.765432 0.537037 0.765432
1 0.810847 0.747795 0.809524 0.749559 0.804233 0.749559 0.800265 0.75485 0.798942 0.75485 0.796296 0.758377 0.796296 0.765432 0.794974 0.767196 0.794974 0.781305 0.800265 0.781305 0.801587 0.779541 0.804233 0.779541 0.805556 0.777778 0.808201 0.777778 0.812169 0.772487 0.813492 0.772487 0.816138 0.768959 0.825397 0.768959 0.82672 0.770723 0.832011 0.770723 0.833333 0.772487 0.838624 0.772487 0.839947 0.77425 0.84127 0.772487 0.846561 0.772487 0.846561 0.768959 0.847884 0.767196 0.847884 0.765432 0.843915 0.765432 0.842593 0.763668 0.839947 0.763668 0.838624 0.761905 0.833333 0.761905 0.832011 0.760141 0.828042 0.760141 0.82672 0.758377 0.820106 0.758377 0.814815 0.751323 0.813492 0.751323
1 0.92328 0.726631 0.921958 0.728395 0.914021 0.728395 0.912698 0.730159 0.898148 0.730159 0.896825 0.731922 0.890212 0.731922 0.888889 0.733686 0.883598 0.733686 0.882275 0.73545 0.875661 0.73545 0.875661 0.740741 0.876984 0.738977 0.890212 0.738977 0.891534 0.737213 0.903439 0.737213 0.904762 0.73545 0.921958 0.73545 0.92328 0.737213 0.925926 0.737213 0.927249 0.738977 0.931217 0.738977 0.93254 0.740741 0.93254 0.73545 0.928571 0.73545 0.924603 0.730159 0.924603 0.728395
1 0.846561 0.529101 0.845238 0.530864 0.835979 0.530864 0.833333 0.534392 0.832011 0.534392 0.829365 0.537919 0.828042 0.537919 0.82672 0.539683 0.82672 0.541446 0.822751 0.546737 0.822751 0.548501 0.820106 0.552028 0.820106 0.553792 0.818783 0.555556 0.818783 0.560847 0.81746 0.56261 0.81746 0.564374 0.818783 0.566138 0.818783 0.567901 0.830688 0.567901 0.832011 0.566138 0.835979 0.566138 0.837302 0.564374 0.84127 0.564374 0.842593 0.56261 0.847884 0.56261 0.849206 0.560847 0.854497 0.560847 0.857143 0.557319 0.858466 0.557319 0.861111 0.553792 0.862434 0.553792 0.863757 0.552028 0.867725 0.552028 0.869048 0.550265 0.87037 0.550265 0.871693 0.548501 0.874339 0.548501 0.874339 0.544974 0.875661 0.54321 0.875661 0.541446 0.874339 0.541446 0.873016 0.539683 0.87037 0.539683 0.869048 0.537919 0.867725 0.537919 0.866402 0.536155 0.863757 0.536155 0.862434 0.534392 0.861111 0.534392 0.859788 0.532628 0.854497 0.532628 0.853175 0.530864 0.847884 0.530864
1 0.847884 0.493827 0.846561 0.495591 0.843915 0.495591 0.842593 0.497354 0.839947 0.497354 0.837302 0.500882 0.835979 0.500882 0.832011 0.506173 0.830688 0.506173 0.828042 0.5097 0.839947 0.5097 0.84127 0.511464 0.838624 0.514991 0.838624 0.516755 0.835979 0.520282 0.837302 0.520282 0.839947 0.52381 0.84127 0.522046 0.842593 0.522046 0.843915 0.520282 0.845238 0.520282 0.846561 0.518519 0.847884 0.518519 0.849206 0.516755 0.850529 0.516755 0.851852 0.518519 0.853175 0.518519 0.857143 0.52381 0.858466 0.522046 0.861111 0.522046 0.862434 0.520282 0.865079 0.520282 0.867725 0.516755 0.869048 0.516755 0.87037 0.514991 0.866402 0.5097 0.859788 0.5097
1 0.380952 0.444444 0.37963 0.446208 0.37037 0.446208 0.369048 0.447972 0.363757 0.447972 0.362434 0.449735 0.357143 0.449735 0.35582 0.451499 0.350529 0.451499 0.349206 0.453263 0.339947 0.453263 0.338624 0.455026 0.30291 0.455026 0.301587 0.453263 0.30291 0.455026 0.304233 0.455026 0.306878 0.458554 0.312169 0.458554 0.313492 0.460317 0.324074 0.460317 0.325397 0.462081 0.32672 0.460317 0.335979 0.460317 0.337302 0.458554 0.362434 0.458554 0.365079 0.462081 0.371693 0.462081 0.373016 0.460317 0.374339 0.460317 0.376984 0.45679 0.378307 0.45679 0.37963 0.455026 0.380952 0.455026 0.383598 0.451499 0.384921 0.451499 0.386243 0.449735 0.387566 0.449735 0.387566 0.446208 0.386243 0.446208 0.384921 0.444444
1 0.939153 0.407407 0.937831 0.409171 0.917989 0.409171 0.919312 0.410935 0.920635 0.410935 0.92328 0.414462 0.924603 0.414462 0.927249 0.417989 0.928571 0.417989 0.929894 0.419753 0.929894 0.425044 0.928571 0.426808 0.919312 0.426808 0.917989 0.428571 0.914021 0.428571 0.912698 0.430335 0.90873 0.430335 0.912698 0.435626 0.931217 0.435626 0.93254 0.433862 0.948413 0.433862 0.949735 0.432099 0.952381 0.432099 0.953704 0.430335 0.956349 0.430335 0.957672 0.428571 0.96164 0.428571 0.962963 0.426808 0.965608 0.426808 0.966931 0.425044 0.978836 0.425044 0.980159 0.42328 0.981481 0.42328 0.982804 0.421517 0.984127 0.421517 0.982804 0.419753 0.982804 0.417989 0.981481 0.416226 0.97619 0.416226 0.974868 0.414462 0.965608 0.414462 0.964286 0.412698 0.955026 0.412698 0.951058 0.407407
1 0.224868 0.402116 0.222222 0.405644 0.220899 0.405644 0.218254 0.409171 0.216931 0.409171 0.214286 0.412698 0.212963 0.412698 0.214286 0.412698 0.215608 0.414462 0.218254 0.414462 0.219577 0.416226 0.220899 0.416226 0.222222 0.417989 0.22619 0.417989 0.227513 0.419753 0.231481 0.419753 0.232804 0.421517 0.232804 0.419753 0.234127 0.417989 0.232804 0.416226 0.231481 0.416226 0.228836 0.412698 0.230159 0.410935 0.244709 0.410935 0.246032 0.412698 0.247354 0.410935 0.251323 0.410935 0.25 0.410935 0.247354 0.407407 0.243386 0.407407 0.242063 0.405644 0.238095 0.405644 0.236772 0.40388 0.232804 0.40388 0.231481 0.402116
1 0.744709 0.347443 0.743386 0.349206 0.739418 0.349206 0.738095 0.35097 0.734127 0.35097 0.73545 0.352734 0.736772 0.352734 0.739418 0.356261 0.740741 0.354497 0.748677 0.354497 0.75 0.352734 0.760582 0.352734 0.760582 0.35097 0.759259 0.349206 0.759259 0.347443
1 0.440476 0.340388 0.439153 0.342152 0.435185 0.342152 0.433862 0.343915 0.428571 0.343915 0.427249 0.345679 0.425926 0.345679 0.424603 0.347443 0.421958 0.347443 0.420635 0.349206 0.419312 0.349206 0.417989 0.35097 0.415344 0.35097 0.414021 0.352734 0.404762 0.352734 0.403439 0.354497 0.39418 0.354497 0.392857 0.356261 0.384921 0.356261 0.383598 0.358025 0.375661 0.358025 0.374339 0.359788 0.366402 0.359788 0.365079 0.361552 0.362434 0.361552 0.361111 0.363316 0.359788 0.363316 0.358466 0.365079 0.35582 0.365079 0.354497 0.366843 0.353175 0.366843 0.351852 0.368607 0.349206 0.368607 0.339947 0.380952 0.338624 0.380952 0.335979 0.38448 0.330688 0.38448 0.329365 0.386243 0.324074 0.386243 0.322751 0.388007 0.320106 0.388007 0.318783 0.389771 0.314815 0.389771 0.313492 0.391534 0.310847 0.391534 0.309524 0.393298 0.305556 0.393298 0.304233 0.395062 0.304233 0.396825 0.30291 0.398589 0.304233 0.396825 0.308201 0.396825 0.309524 0.395062 0.314815 0.395062 0.316138 0.393298 0.321429 0.393298 0.322751 0.391534 0.338624 0.391534 0.339947 0.393298 0.34127 0.391534 0.346561 0.391534 0.347884 0.389771 0.354497 0.389771 0.35582 0.388007 0.358466 0.388007 0.359788 0.386243 0.362434 0.386243 0.363757 0.38448 0.366402 0.38448 0.367725 0.382716 0.37037 0.382716 0.371693 0.380952 0.373016 0.380952 0.374339 0.379189 0.376984 0.379189 0.378307 0.377425 0.37963 0.377425 0.380952 0.375661 0.383598 0.375661 0.384921 0.373898 0.386243 0.373898 0.387566 0.372134 0.390212 0.372134 0.391534 0.37037 0.392857 0.37037 0.39418 0.368607 0.403439 0.368607 0.404762 0.366843 0.414021 0.366843 0.415344 0.365079 0.42328 0.365079 0.424603 0.363316 0.43254 0.363316 0.433862 0.361552 0.435185 0.361552 0.436508 0.359788 0.437831 0.359788 0.42328 0.359788 0.417989 0.352734 0.419312 0.35097 0.429894 0.35097 0.431217 0.349206 0.443122 0.349206 0.444444 0.347443 0.448413 0.347443 0.449735 0.345679 0.453704 0.345679 0.453704 0.340388
1 0.537037 0.289242 0.535714 0.291005 0.530423 0.291005 0.530423 0.292769 0.531746 0.294533 0.531746 0.29806 0.535714 0.29806 0.537037 0.299824 0.55291 0.299824 0.554233 0.301587 0.555556 0.299824 0.568783 0.299824 0.570106 0.301587 0.572751 0.301587 0.574074 0.303351 0.575397 0.303351 0.57672 0.305115 0.57672 0.303351 0.578042 0.301587 0.578042 0.299824 0.574074 0.299824 0.572751 0.29806 0.568783 0.29806 0.56746 0.296296 0.560847 0.296296 0.559524 0.294533 0.554233 0.294533 0.55291 0.292769 0.546296 0.292769 0.544974 0.291005 0.53836 0.291005
1 0.667989 0.273369 0.666667 0.275132 0.662698 0.275132 0.661376 0.276896 0.656085 0.276896 0.652116 0.282187 0.650794 0.282187 0.649471 0.283951 0.645503 0.283951 0.64418 0.282187 0.638889 0.289242 0.638889 0.291005 0.637566 0.292769 0.637566 0.294533 0.634921 0.29806 0.619048 0.29806 0.619048 0.303351 0.623016 0.303351 0.624339 0.305115 0.625661 0.303351 0.630952 0.303351 0.632275 0.301587 0.638889 0.301587 0.640212 0.299824 0.641534 0.299824 0.64418 0.296296 0.645503 0.296296 0.646825 0.294533 0.648148 0.294533 0.656085 0.283951 0.661376 0.283951 0.662698 0.282187 0.667989 0.282187 0.669312 0.280423 0.677249 0.280423 0.678571 0.27866 0.678571 0.276896 0.679894 0.275132 0.677249 0.275132 0.675926 0.273369
1 0.833333 0.201058 0.824074 0.213404 0.824074 0.215168 0.816138 0.22575 0.816138 0.227513 0.812169 0.232804 0.812169 0.234568 0.810847 0.236332 0.810847 0.239859 0.809524 0.241623 0.809524 0.243386 0.806878 0.246914 0.805556 0.246914 0.80291 0.250441 0.791005 0.250441 0.785714 0.243386 0.776455 0.243386 0.775132 0.241623 0.77381 0.243386 0.765873 0.243386 0.76455 0.24515 0.756614 0.24515 0.755291 0.246914 0.752646 0.246914 0.751323 0.248677 0.748677 0.248677 0.747354 0.250441 0.743386 0.250441 0.742063 0.252205 0.739418 0.252205 0.738095 0.253968 0.732804 0.253968 0.731481 0.255732 0.72619 0.255732 0.724868 0.257496 0.719577 0.257496 0.718254 0.259259 0.712963 0.259259 0.71164 0.261023 0.706349 0.261023 0.705026 0.262787 0.699735 0.262787 0.699735 0.268078 0.701058 0.266314 0.734127 0.266314 0.73545 0.26455 0.742063 0.26455 0.743386 0.262787 0.75 0.262787 0.752646 0.259259 0.753968 0.259259 0.756614 0.255732 0.757937 0.255732 0.759259 0.253968 0.765873 0.253968 0.767196 0.252205 0.775132 0.252205 0.777778 0.255732 0.779101 0.255732 0.780423 0.257496 0.791005 0.257496 0.792328 0.259259 0.793651 0.257496 0.808201 0.257496 0.810847 0.253968 0.812169 0.253968 0.814815 0.250441 0.816138 0.250441 0.818783 0.246914 0.820106 0.246914 0.822751 0.243386 0.822751 0.241623 0.829365 0.232804 0.830688 0.232804 0.833333 0.229277 0.834656 0.229277 0.835979 0.227513 0.837302 0.227513 0.838624 0.22575 0.839947 0.22575 0.842593 0.222222 0.843915 0.222222 0.845238 0.220459 0.846561 0.220459 0.847884 0.218695 0.850529 0.218695 0.851852 0.216931 0.85582 0.216931 0.851852 0.21164 0.850529 0.21164 0.843915 0.202822 0.834656 0.202822
1 0.882275 0.10582 0.880952 0.107584 0.878307 0.107584 0.876984 0.109347 0.873016 0.109347 0.871693 0.111111 0.869048 0.111111 0.876984 0.121693 0.875661 0.123457 0.874339 0.123457 0.873016 0.12522 0.87037 0.12522 0.869048 0.126984 0.861111 0.126984 0.859788 0.128748 0.833333 0.128748 0.832011 0.130511 0.805556 0.130511 0.804233 0.132275 0.797619 0.132275 0.796296 0.134039 0.789683 0.134039 0.791005 0.134039 0.793651 0.137566 0.796296 0.137566 0.797619 0.13933 0.800265 0.13933 0.801587 0.141093 0.804233 0.141093 0.805556 0.142857 0.810847 0.142857 0.812169 0.144621 0.81746 0.144621 0.818783 0.146384 0.822751 0.146384 0.824074 0.148148 0.829365 0.148148 0.830688 0.149912 0.834656 0.149912 0.835979 0.151675 0.839947 0.151675 0.84127 0.153439 0.843915 0.153439 0.845238 0.155203 0.849206 0.155203 0.850529 0.156966 0.854497 0.156966 0.85582 0.15873 0.861111 0.15873 0.862434 0.160494 0.866402 0.160494 0.867725 0.162257 0.871693 0.162257 0.876984 0.169312 0.878307 0.169312 0.883598 0.176367 0.902116 0.176367 0.903439 0.178131 0.904762 0.176367 0.906085 0.176367 0.907407 0.174603 0.90873 0.174603 0.903439 0.174603 0.902116 0.17284 0.898148 0.17284 0.895503 0.169312 0.895503 0.167549 0.89418 0.165785 0.886243 0.165785 0.882275 0.160494 0.882275 0.15873 0.87963 0.155203 0.878307 0.155203 0.876984 0.153439 0.874339 0.153439 0.873016 0.151675 0.871693 0.151675 0.87037 0.149912 0.867725 0.149912 0.866402 0.148148 0.865079 0.148148 0.863757 0.146384 0.861111 0.146384 0.859788 0.144621 0.858466 0.144621 0.857143 0.142857 0.834656 0.142857 0.833333 0.141093 0.828042 0.141093 0.82672 0.13933 0.820106 0.13933 0.818783 0.137566 0.813492 0.137566 0.812169 0.135802 0.813492 0.134039 0.834656 0.134039 0.835979 0.135802 0.837302 0.134039 0.849206 0.134039 0.850529 0.132275 0.865079 0.132275 0.866402 0.130511 0.880952 0.130511 0.882275 0.128748 0.884921 0.128748 0.886243 0.126984 0.888889 0.126984 0.890212 0.12522 0.903439 0.12522 0.904762 0.126984 0.915344 0.126984 0.916667 0.128748 0.917989 0.126984 0.920635 0.126984 0.921958 0.12522 0.925926 0.12522 0.919312 0.12522 0.917989 0.123457 0.911376 0.123457 0.910053 0.121693 0.911376 0.119929 0.912698 0.119929 0.911376 0.118166 0.911376 0.116402 0.910053 0.114638 0.910053 0.112875 0.90873 0.111111 0.90873 0.109347 0.896825 0.109347 0.895503 0.107584 0.883598 0.107584
