0 0.283892 0.92511 0.282297 0.927313 0.271132 0.927313 0.269537 0.929515 0.267943 0.929515 0.266348 0.931718 0.264753 0.931718 0.263158 0.933921 0.261563 0.933921 0.259968 0.936123 0.258373 0.936123 0.256778 0.938326 0.253589 0.938326 0.251994 0.940529 0.250399 0.940529 0.248804 0.942731 0.247209 0.942731 0.245614 0.944934 0.244019 0.944934 0.232855 0.960352 0.236045 0.960352 0.23764 0.962555 0.239234 0.960352 0.244019 0.960352 0.245614 0.95815 0.245614 0.955947 0.251994 0.947137 0.253589 0.947137 0.258373 0.940529 0.259968 0.940529 0.263158 0.936123 0.269537 0.936123 0.271132 0.933921 0.280702 0.933921 0.283892 0.938326 0.283892 0.940529 0.285486 0.942731 0.285486 0.944934 0.287081 0.942731 0.291866 0.942731 0.296651 0.936123 0.298246 0.936123 0.299841 0.933921 0.298246 0.933921 0.295056 0.929515 0.293461 0.929515 0.291866 0.927313 0.285486 0.927313
0 0.523126 0.517621 0.519936 0.522026 0.518341 0.522026 0.516746 0.524229 0.518341 0.526432 0.518341 0.528634 0.5311 0.528634 0.532695 0.530837 0.53429 0.528634 0.539075 0.528634 0.53748 0.526432 0.53748 0.524229 0.535885 0.522026 0.535885 0.519824 0.524721 0.519824
0 0.398724 0.381057 0.397129 0.38326 0.395534 0.38326 0.393939 0.385463 0.39075 0.385463 0.39075 0.396476 0.393939 0.396476 0.395534 0.398678 0.401914 0.398678 0.403509 0.396476 0.403509 0.394273 0.405104 0.39207 0.401914 0.387665 0.401914 0.385463
0 0.674641 0.356828 0.673046 0.359031 0.644338 0.359031 0.642743 0.361233 0.641148 0.361233 0.637959 0.365639 0.636364 0.365639 0.636364 0.376652 0.637959 0.378855 0.639553 0.378855 0.642743 0.38326 0.644338 0.381057 0.658692 0.381057 0.660287 0.38326 0.663477 0.38326 0.665072 0.385463 0.668262 0.385463 0.669856 0.387665 0.681021 0.387665 0.682616 0.389868 0.684211 0.389868 0.685805 0.39207 0.6874 0.39207 0.695375 0.403084 0.69697 0.400881 0.703349 0.400881 0.706539 0.396476 0.706539 0.394273 0.709729 0.389868 0.706539 0.385463 0.706539 0.38326 0.703349 0.378855 0.688995 0.378855 0.6874 0.376652 0.685805 0.376652 0.684211 0.374449 0.685805 0.372247 0.69059 0.372247 0.692185 0.370044 0.708134 0.370044 0.708134 0.363436 0.704944 0.363436 0.703349 0.361233 0.700159 0.361233 0.698565 0.359031 0.685805 0.359031 0.684211 0.356828
0 0.666667 0.277533 0.665072 0.279736 0.663477 0.279736 0.661882 0.281938 0.660287 0.281938 0.658692 0.284141 0.650718 0.284141 0.649123 0.281938 0.647528 0.284141 0.645933 0.284141 0.644338 0.286344 0.642743 0.286344 0.641148 0.288546 0.639553 0.288546 0.639553 0.292952 0.641148 0.295154 0.641148 0.301762 0.645933 0.301762 0.647528 0.303965 0.655502 0.303965 0.657097 0.306167 0.657097 0.310573 0.655502 0.312775 0.655502 0.314978 0.665072 0.314978 0.666667 0.317181 0.677831 0.317181 0.679426 0.314978 0.684211 0.314978 0.685805 0.312775 0.688995 0.312775 0.69059 0.310573 0.695375 0.310573 0.69697 0.30837 0.709729 0.30837 0.711324 0.310573 0.716108 0.310573 0.717703 0.312775 0.719298 0.310573 0.719298 0.30837 0.720893 0.306167 0.720893 0.303965 0.722488 0.301762 0.722488 0.299559 0.720893 0.297357 0.720893 0.295154 0.719298 0.292952 0.719298 0.290749 0.716108 0.290749 0.714514 0.288546 0.711324 0.288546 0.709729 0.286344 0.706539 0.286344 0.704944 0.284141 0.700159 0.284141 0.698565 0.281938 0.69378 0.281938 0.692185 0.279736 0.69059 0.281938 0.681021 0.281938 0.677831 0.277533
0 0.572568 0.270925 0.570973 0.273128 0.561404 0.273128 0.559809 0.27533 0.550239 0.27533 0.550239 0.281938 0.551834 0.284141 0.551834 0.290749 0.553429 0.288546 0.574163 0.288546 0.574163 0.281938 0.572568 0.279736
0 0.963317 0.262115 0.958533 0.268722 0.956938 0.268722 0.953748 0.273128 0.939394 0.273128 0.937799 0.27533 0.931419 0.27533 0.929825 0.273128 0.92823 0.273128 0.92504 0.268722 0.923445 0.268722 0.920255 0.264317 0.917065 0.268722 0.91547 0.268722 0.912281 0.273128 0.910686 0.273128 0.909091 0.27533 0.909091 0.290749 0.91866 0.290749 0.920255 0.292952 0.92185 0.290749 0.923445 0.290749 0.92504 0.288546 0.934609 0.288546 0.937799 0.292952 0.947368 0.292952 0.948963 0.290749 0.955343 0.290749 0.956938 0.288546 0.956938 0.286344 0.958533 0.284141 0.964912 0.284141 0.966507 0.281938 0.977671 0.281938 0.979266 0.284141 0.982456 0.279736 0.984051 0.279736 0.984051 0.273128 0.985646 0.270925 0.985646 0.264317 0.964912 0.264317
0 0.894737 0.213656 0.894737 0.226872 0.905901 0.226872 0.905901 0.222467 0.904306 0.220264 0.904306 0.213656
1 0.990431 0.737885 0.988836 0.740088 0.987241 0.740088 0.984051 0.744493 0.982456 0.744493 0.980861 0.746696 0.979266 0.746696 0.977671 0.748899 0.976077 0.748899 0.972887 0.753304 0.971292 0.753304 0.969697 0.755507 0.968102 0.755507 0.969697 0.755507 0.971292 0.757709 0.972887 0.755507 0.974482 0.755507 0.976077 0.753304 0.977671 0.753304 0.979266 0.751101 0.980861 0.751101 0.982456 0.748899 0.984051 0.748899 0.985646 0.746696 0.987241 0.746696 0.988836 0.744493 0.990431 0.744493
1 0.909091 0.671806 0.907496 0.674009 0.904306 0.674009 0.902711 0.676211 0.899522 0.676211 0.897927 0.678414 0.896332 0.678414 0.894737 0.680617 0.893142 0.680617 0.891547 0.682819 0.889952 0.682819 0.891547 0.682819 0.894737 0.687225 0.896332 0.687225 0.897927 0.689427 0.899522 0.687225 0.905901 0.687225 0.907496 0.685022 0.913876 0.685022 0.912281 0.682819 0.912281 0.680617 0.910686 0.678414 0.910686 0.676211 0.909091 0.674009
1 0.637959 0.53304 0.636364 0.535242 0.62201 0.535242 0.620415 0.537445 0.607656 0.537445 0.606061 0.539648 0.591707 0.539648 0.593301 0.54185 0.593301 0.544053 0.599681 0.552863 0.599681 0.555066 0.602871 0.559471 0.610845 0.559471 0.60925 0.557269 0.60925 0.555066 0.607656 0.552863 0.607656 0.550661 0.60925 0.548458 0.61563 0.548458 0.617225 0.546256 0.623604 0.546256 0.625199 0.544053 0.631579 0.544053 0.633174 0.54185 0.639553 0.54185 0.639553 0.539648 0.637959 0.537445
1 0.54067 0.528634 0.539075 0.530837 0.53429 0.530837 0.532695 0.53304 0.5311 0.530837 0.529506 0.53304 0.524721 0.53304 0.523126 0.535242 0.516746 0.535242 0.515152 0.537445 0.511962 0.537445 0.510367 0.539648 0.507177 0.539648 0.507177 0.546256 0.505582 0.548458 0.505582 0.552863 0.507177 0.550661 0.516746 0.550661 0.518341 0.548458 0.527911 0.548458 0.529506 0.546256 0.539075 0.546256 0.54067 0.544053 0.550239 0.544053 0.551834 0.54185 0.561404 0.54185 0.559809 0.539648 0.559809 0.537445 0.556619 0.53304 0.556619 0.530837 0.555024 0.528634
1 0.430622 0.34141 0.429027 0.343612 0.413078 0.343612 0.411483 0.345815 0.395534 0.345815 0.395534 0.356828 0.397129 0.354626 0.429027 0.354626 0.429027 0.348018 0.430622 0.345815
