0 0.017497 0.570916 0.016151 0.572711 0.0 0.572711 0.0 0.581688 0.001346 0.579892 0.008075 0.579892 0.009421 0.578097 0.017497 0.578097
0 0.059219 0.411131 0.057873 0.412926 0.053836 0.412926 0.05249 0.414722 0.047106 0.414722 0.047106 0.421903 0.060565 0.421903 0.060565 0.418312 0.059219 0.416517
0 0.224764 0.400359 0.224764 0.40395 0.223419 0.405745 0.223419 0.409336 0.239569 0.409336 0.239569 0.405745 0.238223 0.40395 0.238223 0.400359
0 0.055182 0.398564 0.056528 0.400359 0.056528 0.402154 0.057873 0.40395 0.057873 0.405745 0.065949 0.405745 0.069987 0.400359 0.056528 0.400359
0 0.309556 0.330341 0.309556 0.335727 0.310902 0.337522 0.310902 0.342908 0.321669 0.342908 0.321669 0.337522 0.323015 0.335727 0.323015 0.330341
0 0.757739 0.308797 0.756393 0.310592 0.752355 0.310592 0.751009 0.312388 0.745626 0.312388 0.74428 0.314183 0.740242 0.314183 0.738896 0.315978 0.738896 0.317774 0.734859 0.32316 0.734859 0.324955 0.732167 0.328546 0.749664 0.328546 0.751009 0.330341 0.752355 0.330341 0.756393 0.335727 0.757739 0.335727 0.760431 0.339318 0.769852 0.339318 0.771198 0.341113 0.771198 0.339318 0.769852 0.337522 0.769852 0.333932 0.768506 0.332136 0.768506 0.32675 0.76716 0.324955 0.76716 0.32316 0.761777 0.315978 0.761777 0.314183
0 0.652759 0.27289 0.651413 0.274686 0.64603 0.274686 0.644684 0.276481 0.627187 0.276481 0.625841 0.274686 0.624495 0.276481 0.619112 0.276481 0.617766 0.278276 0.612382 0.278276 0.61642 0.278276 0.617766 0.280072 0.623149 0.280072 0.624495 0.281867 0.628533 0.281867 0.629879 0.283662 0.640646 0.283662 0.641992 0.285458 0.654105 0.285458 0.655451 0.287253 0.666218 0.287253 0.667564 0.289048 0.66891 0.287253 0.674293 0.287253 0.672948 0.285458 0.672948 0.283662 0.671602 0.281867 0.671602 0.280072 0.670256 0.278276 0.670256 0.276481 0.66891 0.274686 0.667564 0.276481 0.666218 0.276481 0.663526 0.280072 0.660834 0.280072 0.659489 0.278276 0.658143 0.278276 0.655451 0.274686 0.654105 0.274686
0 0.055182 0.27289 0.055182 0.276481 0.053836 0.278276 0.053836 0.281867 0.05249 0.283662 0.049798 0.283662 0.048452 0.285458 0.044415 0.285458 0.043069 0.287253 0.040377 0.287253 0.043069 0.287253 0.044415 0.289048 0.047106 0.289048 0.048452 0.290844 0.048452 0.294434 0.047106 0.29623 0.047106 0.298025 0.04576 0.29982 0.036339 0.29982 0.034993 0.298025 0.036339 0.29982 0.036339 0.301616 0.037685 0.303411 0.037685 0.305206 0.039031 0.307002 0.039031 0.308797 0.040377 0.310592 0.040377 0.312388 0.041723 0.314183 0.041723 0.315978 0.043069 0.317774 0.043069 0.319569 0.071332 0.319569 0.072678 0.321364 0.074024 0.319569 0.07537 0.319569 0.076716 0.317774 0.079408 0.317774 0.080754 0.315978 0.0821 0.315978 0.0821 0.312388 0.083445 0.310592 0.083445 0.305206 0.084791 0.303411 0.084791 0.29982 0.083445 0.298025 0.083445 0.294434 0.0821 0.292639 0.0821 0.290844 0.080754 0.289048 0.080754 0.285458 0.079408 0.283662 0.079408 0.281867 0.078062 0.281867 0.07537 0.278276 0.074024 0.278276 0.071332 0.274686 0.069987 0.274686 0.068641 0.27289
0 0.419919 0.247756 0.418573 0.249551 0.418573 0.251346 0.415882 0.254937 0.415882 0.256732 0.414536 0.258528 0.414536 0.2693 0.415882 0.267504 0.422611 0.267504 0.423957 0.265709 0.432032 0.265709 0.432032 0.258528 0.430686 0.256732 0.430686 0.249551 0.421265 0.249551
0 0.142665 0.247756 0.135935 0.256732 0.13459 0.256732 0.130552 0.262118 0.133244 0.262118 0.13459 0.263914 0.137281 0.263914 0.138627 0.265709 0.152086 0.265709 0.153432 0.267504 0.153432 0.265709 0.154778 0.263914 0.154778 0.258528 0.156124 0.256732 0.156124 0.251346 0.15747 0.249551 0.15747 0.247756
0 0.236878 0.228007 0.236878 0.229803 0.235532 0.231598 0.235532 0.233393 0.234186 0.235189 0.234186 0.236984 0.23284 0.238779 0.234186 0.236984 0.243607 0.236984 0.244953 0.235189 0.254374 0.235189 0.254374 0.233393 0.253028 0.231598 0.253028 0.229803 0.238223 0.229803
0 0.410498 0.21544 0.405114 0.222621 0.405114 0.228007 0.40646 0.229803 0.40646 0.235189 0.414536 0.235189 0.415882 0.236984 0.415882 0.238779 0.417227 0.240575 0.423957 0.240575 0.425303 0.24237 0.430686 0.24237 0.432032 0.244165 0.433378 0.24237 0.448183 0.24237 0.449529 0.240575 0.449529 0.238779 0.450875 0.236984 0.450875 0.235189 0.452221 0.233393 0.452221 0.231598 0.450875 0.229803 0.450875 0.226212 0.432032 0.226212 0.426649 0.219031 0.415882 0.219031 0.414536 0.217235 0.411844 0.217235
1 0.376851 0.64991 0.375505 0.651706 0.374159 0.651706 0.372813 0.653501 0.371467 0.653501 0.370121 0.655296 0.368775 0.655296 0.367429 0.657092 0.364738 0.657092 0.363392 0.658887 0.362046 0.658887 0.3607 0.660682 0.359354 0.660682 0.359354 0.669659 0.3607 0.667864 0.363392 0.667864 0.364738 0.666068 0.368775 0.666068 0.370121 0.664273 0.372813 0.664273 0.374159 0.666068 0.375505 0.666068 0.378197 0.669659 0.379542 0.669659 0.382234 0.67325 0.38358 0.67325 0.386272 0.67684 0.386272 0.682226 0.384926 0.684022 0.384926 0.689408 0.386272 0.691203 0.386272 0.692998 0.387618 0.694794 0.387618 0.696589 0.388964 0.698384 0.393001 0.692998 0.394347 0.692998 0.397039 0.689408 0.397039 0.687612 0.395693 0.685817 0.395693 0.684022 0.394347 0.682226 0.394347 0.678636 0.393001 0.67684 0.393001 0.675045 0.391655 0.675045 0.388964 0.671454 0.387618 0.671454 0.386272 0.669659 0.384926 0.669659 0.382234 0.666068 0.380888 0.666068 0.379542 0.664273 0.379542 0.662478 0.378197 0.660682 0.378197 0.655296 0.376851 0.653501
1 0.874832 0.617594 0.874832 0.61939 0.873486 0.621185 0.873486 0.62298 0.87214 0.624776 0.896366 0.624776 0.899058 0.628366 0.899058 0.631957 0.897712 0.633752 0.896366 0.633752 0.893674 0.637343 0.892328 0.637343 0.890983 0.639138 0.878869 0.639138 0.877524 0.640934 0.864065 0.640934 0.862719 0.642729 0.861373 0.640934 0.861373 0.635548 0.850606 0.635548 0.850606 0.637343 0.851952 0.639138 0.851952 0.640934 0.853297 0.642729 0.853297 0.64632 0.854643 0.648115 0.854643 0.651706 0.855989 0.653501 0.855989 0.655296 0.857335 0.657092 0.857335 0.666068 0.858681 0.667864 0.858681 0.675045 0.869448 0.689408 0.869448 0.691203 0.878869 0.70377 0.880215 0.701975 0.880215 0.70018 0.881561 0.698384 0.881561 0.696589 0.882907 0.694794 0.877524 0.687612 0.877524 0.685817 0.868102 0.67325 0.868102 0.671454 0.864065 0.666068 0.864065 0.662478 0.862719 0.660682 0.862719 0.653501 0.861373 0.651706 0.861373 0.648115 0.862719 0.64632 0.877524 0.64632 0.878869 0.644524 0.90175 0.644524 0.903096 0.64632 0.909825 0.64632 0.911171 0.648115 0.9179 0.648115 0.919246 0.64991 0.928668 0.64991 0.928668 0.648115 0.930013 0.64632 0.930013 0.644524 0.931359 0.642729 0.931359 0.640934 0.932705 0.639138 0.935397 0.639138 0.936743 0.637343 0.939435 0.637343 0.938089 0.635548 0.938089 0.633752 0.935397 0.630162 0.935397 0.628366 0.934051 0.626571 0.932705 0.628366 0.928668 0.628366 0.927322 0.630162 0.909825 0.630162 0.907133 0.626571 0.905787 0.626571 0.903096 0.62298 0.90175 0.62298 0.899058 0.61939 0.897712 0.61939 0.896366 0.617594
1 0.670256 0.603232 0.667564 0.606822 0.666218 0.606822 0.667564 0.608618 0.66891 0.608618 0.672948 0.614004 0.66891 0.61939 0.667564 0.61939 0.666218 0.621185 0.682369 0.621185 0.683715 0.62298 0.676985 0.614004 0.676985 0.612208
1 0.623149 0.563734 0.620458 0.567325 0.619112 0.567325 0.61642 0.570916 0.615074 0.570916 0.615074 0.579892 0.617766 0.576302 0.619112 0.576302 0.621803 0.572711 0.623149 0.572711 0.624495 0.570916 0.627187 0.574506 0.627187 0.576302 0.628533 0.578097 0.628533 0.583483 0.627187 0.585278 0.627187 0.59605 0.625841 0.597846 0.625841 0.603232 0.627187 0.601436 0.631225 0.601436 0.632571 0.599641 0.636608 0.599641 0.637954 0.597846 0.637954 0.59605 0.640646 0.59246 0.640646 0.579892 0.641992 0.578097 0.64603 0.578097 0.641992 0.572711 0.641992 0.570916 0.637954 0.56553 0.624495 0.56553
1 0.94751 0.558348 0.946164 0.560144 0.942127 0.560144 0.943472 0.561939 0.944818 0.561939 0.94751 0.56553 0.948856 0.56553 0.951548 0.56912 0.950202 0.570916 0.948856 0.570916 0.94751 0.572711 0.943472 0.572711 0.942127 0.570916 0.940781 0.570916 0.939435 0.56912 0.938089 0.56912 0.936743 0.567325 0.935397 0.567325 0.934051 0.56553 0.931359 0.56912 0.930013 0.56912 0.928668 0.570916 0.934051 0.570916 0.935397 0.572711 0.940781 0.572711 0.942127 0.574506 0.94751 0.574506 0.948856 0.576302 0.950202 0.576302 0.951548 0.578097 0.952894 0.578097 0.95424 0.579892 0.955585 0.579892 0.956931 0.581688 0.958277 0.581688 0.959623 0.583483 0.960969 0.583483 0.963661 0.587074 0.965007 0.587074 0.966353 0.588869 0.967699 0.588869 0.969044 0.590664 0.97039 0.590664 0.971736 0.59246 0.973082 0.59246 0.974428 0.594255 0.983849 0.594255 0.989233 0.601436 0.990579 0.599641 0.997308 0.599641 0.991925 0.59246 0.990579 0.59246 0.989233 0.590664 0.986541 0.590664 0.985195 0.588869 0.983849 0.588869 0.982503 0.587074 0.979812 0.587074 0.978466 0.585278 0.97712 0.585278 0.975774 0.583483 0.973082 0.583483 0.971736 0.581688 0.97039 0.581688 0.969044 0.579892 0.966353 0.579892 0.965007 0.578097 0.963661 0.578097 0.962315 0.576302 0.959623 0.576302 0.958277 0.574506 0.956931 0.574506 0.955585 0.572711 0.955585 0.570916 0.95424 0.56912 0.95424 0.567325
1 0.81965 0.558348 0.81965 0.560144 0.818304 0.561939 0.81965 0.561939 0.820996 0.563734 0.822342 0.563734 0.823688 0.56553 0.823688 0.572711 0.827725 0.572711 0.829071 0.574506 0.833109 0.574506 0.834455 0.576302 0.837147 0.576302 0.838493 0.578097 0.84253 0.578097 0.843876 0.579892 0.847914 0.579892 0.84926 0.581688 0.84926 0.579892 0.847914 0.578097 0.847914 0.576302 0.846568 0.574506 0.846568 0.572711 0.843876 0.572711 0.84253 0.570916 0.841184 0.570916 0.839838 0.56912 0.839838 0.567325 0.838493 0.56553 0.838493 0.563734 0.833109 0.563734 0.831763 0.561939 0.827725 0.561939 0.82638 0.560144 0.820996 0.560144
1 0.888291 0.547576 0.886945 0.549372 0.886945 0.551167 0.885599 0.552962 0.885599 0.554758 0.886945 0.556553 0.886945 0.560144 0.888291 0.561939 0.888291 0.56553 0.889637 0.567325 0.889637 0.572711 0.890983 0.574506 0.890983 0.578097 0.892328 0.579892 0.892328 0.581688 0.899058 0.590664 0.899058 0.587074 0.900404 0.585278 0.900404 0.583483 0.89502 0.576302 0.89502 0.574506 0.893674 0.572711 0.893674 0.56912 0.892328 0.567325 0.892328 0.563734 0.890983 0.561939 0.890983 0.558348 0.889637 0.556553 0.889637 0.552962 0.888291 0.551167
1 0.208614 0.51167 0.207268 0.513465 0.20323 0.513465 0.199192 0.518851 0.207268 0.518851 0.208614 0.520646 0.205922 0.524237 0.205922 0.526032 0.20323 0.529623 0.204576 0.529623 0.205922 0.531418 0.207268 0.531418 0.208614 0.533214 0.20996 0.531418 0.211306 0.531418 0.213997 0.527828 0.215343 0.527828 0.219381 0.522442 0.220727 0.522442 0.223419 0.518851 0.222073 0.517056 0.220727 0.517056 0.218035 0.513465 0.20996 0.513465
1 0.967699 0.504488 0.966353 0.506284 0.962315 0.506284 0.963661 0.506284 0.965007 0.508079 0.966353 0.508079 0.969044 0.51167 0.97039 0.51167 0.971736 0.513465 0.973082 0.513465 0.974428 0.51526 0.974428 0.508079 0.971736 0.508079 0.97039 0.506284 0.969044 0.506284
1 0.722746 0.497307 0.7214 0.499102 0.720054 0.499102 0.718708 0.500898 0.717362 0.500898 0.716016 0.502693 0.713324 0.502693 0.711978 0.504488 0.710633 0.504488 0.711978 0.506284 0.713324 0.506284 0.716016 0.509874 0.717362 0.509874 0.7214 0.51526 0.722746 0.51526 0.725437 0.518851 0.733513 0.508079 0.733513 0.500898 0.729475 0.500898 0.728129 0.499102 0.724092 0.499102
1 0.325707 0.472172 0.325707 0.473968 0.327052 0.475763 0.327052 0.481149 0.328398 0.482944 0.328398 0.48474 0.329744 0.482944 0.335128 0.482944 0.336474 0.481149 0.341857 0.481149 0.341857 0.477558 0.343203 0.475763 0.343203 0.472172
1 0.810229 0.448833 0.808883 0.450628 0.803499 0.450628 0.802153 0.452424 0.795424 0.452424 0.79677 0.452424 0.798116 0.454219 0.799462 0.454219 0.800808 0.456014 0.803499 0.456014 0.804845 0.45781 0.806191 0.45781 0.807537 0.459605 0.808883 0.459605 0.810229 0.4614 0.811575 0.459605 0.812921 0.459605 0.815612 0.456014 0.816958 0.456014 0.815612 0.454219 0.814266 0.454219
1 0.687752 0.429084 0.686406 0.43088 0.685061 0.43088 0.683715 0.432675 0.682369 0.432675 0.681023 0.43447 0.672948 0.43447 0.671602 0.432675 0.66891 0.436266 0.667564 0.436266 0.666218 0.438061 0.666218 0.439856 0.667564 0.441652 0.667564 0.447038 0.66891 0.448833 0.66891 0.452424 0.678331 0.452424 0.679677 0.454219 0.681023 0.454219 0.682369 0.456014 0.683715 0.456014 0.686406 0.459605 0.687752 0.459605 0.689098 0.4614 0.690444 0.4614 0.69179 0.463196 0.693136 0.463196 0.694482 0.464991 0.695828 0.463196 0.703903 0.463196 0.697174 0.454219 0.697174 0.443447 0.695828 0.441652 0.695828 0.43088 0.689098 0.43088
1 0.095559 0.429084 0.094213 0.43088 0.071332 0.43088 0.069987 0.432675 0.047106 0.432675 0.047106 0.436266 0.04576 0.438061 0.04576 0.441652 0.044415 0.443447 0.040377 0.443447 0.040377 0.448833 0.044415 0.448833 0.04576 0.450628 0.04576 0.452424 0.047106 0.450628 0.059219 0.450628 0.060565 0.448833 0.074024 0.448833 0.07537 0.447038 0.087483 0.447038 0.088829 0.445242 0.102288 0.445242 0.103634 0.443447 0.115747 0.443447 0.117093 0.441652 0.117093 0.439856 0.118439 0.438061 0.118439 0.436266 0.121131 0.432675 0.121131 0.43088 0.122476 0.429084
1 0.142665 0.400359 0.142665 0.402154 0.141319 0.40395 0.141319 0.405745 0.139973 0.40754 0.139973 0.409336 0.138627 0.411131 0.139973 0.409336 0.146703 0.409336 0.148048 0.40754 0.154778 0.40754 0.154778 0.405745 0.153432 0.40395 0.153432 0.400359
1 0.080754 0.393178 0.076716 0.398564 0.084791 0.398564 0.086137 0.400359 0.092867 0.400359 0.094213 0.402154 0.095559 0.400359 0.095559 0.398564 0.096904 0.396768 0.090175 0.396768 0.088829 0.394973 0.0821 0.394973
1 0.0 0.387792 0.0 0.447038 0.020188 0.420108 0.020188 0.411131 0.018843 0.409336 0.018843 0.40754 0.017497 0.405745 0.017497 0.40395 0.016151 0.402154 0.016151 0.400359 0.014805 0.398564 0.014805 0.396768 0.013459 0.394973 0.013459 0.393178 0.010767 0.393178 0.009421 0.391382 0.005384 0.391382 0.004038 0.389587 0.001346 0.389587
1 0.650067 0.385996 0.648721 0.387792 0.647376 0.387792 0.64603 0.389587 0.643338 0.389587 0.644684 0.389587 0.64603 0.391382 0.647376 0.391382 0.648721 0.393178 0.651413 0.393178 0.652759 0.394973 0.654105 0.394973 0.655451 0.396768 0.656797 0.396768 0.658143 0.398564 0.659489 0.398564 0.660834 0.400359 0.664872 0.394973 0.660834 0.394973 0.659489 0.393178 0.656797 0.393178 0.654105 0.389587 0.652759 0.389587
1 0.79677 0.384201 0.79677 0.385996 0.798116 0.387792 0.798116 0.393178 0.799462 0.394973 0.799462 0.400359 0.798116 0.402154 0.79677 0.400359 0.795424 0.400359 0.792732 0.396768 0.791386 0.396768 0.788694 0.393178 0.787349 0.393178 0.784657 0.389587 0.783311 0.389587 0.780619 0.385996 0.779273 0.387792 0.776581 0.387792 0.777927 0.389587 0.779273 0.389587 0.783311 0.394973 0.784657 0.394973 0.788694 0.400359 0.79004 0.400359 0.794078 0.405745 0.795424 0.405745 0.798116 0.409336 0.798116 0.411131 0.79677 0.412926 0.79677 0.414722 0.795424 0.416517 0.795424 0.418312 0.794078 0.420108 0.795424 0.418312 0.798116 0.418312 0.799462 0.416517 0.803499 0.416517 0.804845 0.414722 0.814266 0.414722 0.815612 0.416517 0.820996 0.416517 0.822342 0.418312 0.829071 0.418312 0.830417 0.420108 0.84926 0.420108 0.850606 0.421903 0.853297 0.421903 0.854643 0.423698 0.854643 0.418312 0.847914 0.418312 0.846568 0.416517 0.839838 0.416517 0.838493 0.414722 0.829071 0.414722 0.827725 0.412926 0.81965 0.412926 0.818304 0.411131 0.808883 0.411131 0.806191 0.40754 0.806191 0.405745 0.804845 0.40395 0.804845 0.402154 0.803499 0.400359 0.803499 0.398564 0.800808 0.394973 0.800808 0.393178 0.799462 0.391382 0.799462 0.389587 0.798116 0.387792 0.798116 0.385996
1 0.238223 0.384201 0.238223 0.398564 0.239569 0.400359 0.239569 0.40395 0.240915 0.405745 0.240915 0.40754 0.247645 0.40754 0.248991 0.405745 0.25572 0.405745 0.257066 0.40395 0.257066 0.402154 0.261104 0.396768 0.261104 0.394973 0.26245 0.393178 0.258412 0.393178 0.257066 0.391382 0.254374 0.391382 0.253028 0.389587 0.248991 0.389587 0.247645 0.387792 0.244953 0.387792 0.243607 0.385996 0.239569 0.385996
1 0.12786 0.384201 0.13459 0.393178 0.135935 0.391382 0.137281 0.391382 0.138627 0.389587 0.141319 0.389587 0.139973 0.387792 0.138627 0.387792 0.135935 0.384201
1 0.923284 0.378815 0.923284 0.38061 0.921938 0.382406 0.921938 0.384201 0.920592 0.385996 0.920592 0.387792 0.923284 0.387792 0.92463 0.389587 0.928668 0.389587 0.930013 0.391382 0.932705 0.391382 0.934051 0.393178 0.938089 0.393178 0.939435 0.394973 0.942127 0.394973 0.943472 0.396768 0.942127 0.394973 0.942127 0.393178 0.939435 0.389587 0.939435 0.387792 0.938089 0.385996 0.935397 0.385996 0.934051 0.384201 0.931359 0.384201 0.930013 0.382406 0.928668 0.382406 0.927322 0.38061 0.92463 0.38061
1 0.471063 0.371634 0.472409 0.373429 0.472409 0.375224 0.473755 0.37702 0.477793 0.37702 0.479139 0.378815 0.483176 0.378815 0.484522 0.38061 0.48856 0.38061 0.489906 0.382406 0.500673 0.382406 0.502019 0.384201 0.51144 0.384201 0.512786 0.385996 0.512786 0.382406 0.514132 0.38061 0.514132 0.378815 0.51144 0.378815 0.510094 0.37702 0.507402 0.37702 0.506057 0.375224 0.489906 0.375224 0.48856 0.373429 0.472409 0.373429
1 0.032301 0.371634 0.034993 0.375224 0.034993 0.37702 0.036339 0.378815 0.037685 0.37702 0.051144 0.37702 0.051144 0.375224 0.049798 0.373429 0.049798 0.371634
1 0.81965 0.369838 0.816958 0.373429 0.82638 0.373429 0.827725 0.375224 0.835801 0.375224 0.837147 0.37702 0.839838 0.37702 0.841184 0.378815 0.845222 0.378815 0.846568 0.38061 0.84926 0.38061 0.850606 0.382406 0.84926 0.38061 0.84926 0.378815 0.846568 0.375224 0.846568 0.373429 0.845222 0.371634 0.820996 0.371634
1 0.199192 0.369838 0.197847 0.371634 0.193809 0.371634 0.192463 0.373429 0.188425 0.373429 0.187079 0.375224 0.183042 0.375224 0.181696 0.37702 0.172275 0.37702 0.170929 0.378815 0.161507 0.378815 0.162853 0.38061 0.162853 0.382406 0.164199 0.384201 0.164199 0.385996 0.181696 0.385996 0.183042 0.387792 0.197847 0.387792 0.199192 0.389587 0.200538 0.387792 0.200538 0.385996 0.201884 0.384201 0.201884 0.382406 0.20323 0.38061 0.201884 0.378815 0.201884 0.37702 0.200538 0.375224 0.200538 0.373429 0.199192 0.371634
1 0.0 0.364452 0.0 0.375224 0.001346 0.373429 0.005384 0.373429 0.006729 0.371634 0.012113 0.371634 0.008075 0.366248 0.001346 0.366248
1 0.122476 0.360862 0.121131 0.362657 0.114401 0.362657 0.115747 0.362657 0.117093 0.364452 0.118439 0.364452 0.119785 0.366248 0.119785 0.375224 0.137281 0.375224 0.13459 0.375224 0.133244 0.373429 0.131898 0.373429 0.130552 0.371634 0.12786 0.371634 0.126514 0.369838 0.125168 0.369838 0.123822 0.368043 0.12786 0.362657 0.123822 0.362657
1 0.772544 0.359066 0.772544 0.360862 0.77389 0.362657 0.77389 0.366248 0.779273 0.366248 0.780619 0.368043 0.784657 0.368043 0.786003 0.369838 0.786003 0.366248 0.787349 0.364452 0.787349 0.360862 0.77389 0.360862
1 0.624495 0.359066 0.623149 0.360862 0.61642 0.360862 0.61642 0.362657 0.615074 0.364452 0.615074 0.366248 0.613728 0.368043 0.621803 0.368043 0.621803 0.366248 0.623149 0.364452 0.623149 0.362657 0.624495 0.360862
1 0.191117 0.35368 0.191117 0.357271 0.189771 0.359066 0.189771 0.362657 0.191117 0.360862 0.196501 0.360862 0.197847 0.359066 0.204576 0.359066 0.204576 0.357271 0.20323 0.355476 0.20323 0.35368
1 0.942127 0.351885 0.940781 0.35368 0.939435 0.35368 0.938089 0.355476 0.936743 0.355476 0.935397 0.357271 0.934051 0.357271 0.935397 0.357271 0.936743 0.359066 0.938089 0.359066 0.940781 0.362657 0.942127 0.362657 0.943472 0.364452 0.944818 0.364452 0.946164 0.366248 0.948856 0.362657 0.948856 0.35368 0.943472 0.35368
1 0.22611 0.348294 0.22611 0.35368 0.224764 0.355476 0.224764 0.359066 0.22611 0.357271 0.247645 0.357271 0.248991 0.359066 0.254374 0.359066 0.25572 0.360862 0.25572 0.35368 0.253028 0.35368 0.251682 0.351885 0.248991 0.351885 0.247645 0.35009 0.244953 0.35009 0.243607 0.348294 0.242261 0.35009 0.227456 0.35009
1 0.141319 0.348294 0.138627 0.351885 0.138627 0.35368 0.135935 0.357271 0.137281 0.355476 0.145357 0.355476 0.146703 0.35368 0.154778 0.35368 0.152086 0.35368 0.15074 0.351885 0.146703 0.351885 0.145357 0.35009 0.142665 0.35009
1 0.745626 0.346499 0.74428 0.348294 0.738896 0.348294 0.740242 0.35009 0.740242 0.351885 0.741588 0.35368 0.741588 0.355476 0.74428 0.359066 0.74428 0.360862 0.745626 0.362657 0.745626 0.364452 0.748318 0.368043 0.748318 0.369838 0.751009 0.373429 0.751009 0.375224 0.752355 0.37702 0.752355 0.378815 0.755047 0.382406 0.755047 0.384201 0.756393 0.385996 0.756393 0.387792 0.757739 0.389587 0.757739 0.402154 0.760431 0.398564 0.771198 0.398564 0.772544 0.400359 0.76716 0.393178 0.76716 0.391382 0.757739 0.378815 0.757739 0.37702 0.753701 0.371634 0.753701 0.369838 0.752355 0.368043 0.752355 0.366248 0.751009 0.364452 0.751009 0.362657 0.749664 0.360862 0.749664 0.357271 0.748318 0.355476 0.748318 0.35368 0.746972 0.351885 0.746972 0.35009 0.745626 0.348294
1 0.480485 0.344704 0.479139 0.346499 0.476447 0.346499 0.476447 0.348294 0.477793 0.35009 0.477793 0.35368 0.479139 0.351885 0.485868 0.351885
1 0.345895 0.339318 0.344549 0.341113 0.333782 0.341113 0.332436 0.342908 0.323015 0.342908 0.321669 0.344704 0.304172 0.344704 0.302826 0.346499 0.296097 0.346499 0.294751 0.348294 0.289367 0.348294 0.288022 0.35009 0.281292 0.35009 0.279946 0.351885 0.274563 0.351885 0.277254 0.355476 0.277254 0.357271 0.279946 0.360862 0.281292 0.359066 0.290713 0.359066 0.292059 0.357271 0.302826 0.357271 0.30821 0.35009 0.313594 0.35009 0.314939 0.351885 0.318977 0.351885 0.320323 0.35368 0.321669 0.351885 0.332436 0.351885 0.333782 0.35009 0.344549 0.35009 0.345895 0.348294 0.356662 0.348294 0.355316 0.348294 0.352624 0.344704 0.351279 0.344704 0.348587 0.341113 0.347241 0.341113
1 0.500673 0.337522 0.500673 0.339318 0.502019 0.341113 0.502019 0.342908 0.510094 0.342908 0.51144 0.344704 0.510094 0.342908 0.510094 0.341113 0.508748 0.339318 0.508748 0.337522
1 0.434724 0.330341 0.434724 0.332136 0.433378 0.333932 0.433378 0.335727 0.432032 0.337522 0.432032 0.339318 0.444145 0.339318 0.445491 0.341113 0.445491 0.339318 0.444145 0.337522 0.444145 0.333932 0.440108 0.333932 0.438762 0.332136 0.43607 0.332136
1 0.358008 0.328546 0.356662 0.330341 0.355316 0.330341 0.352624 0.333932 0.351279 0.333932 0.352624 0.333932 0.35397 0.335727 0.355316 0.335727 0.356662 0.337522 0.358008 0.337522 0.359354 0.339318 0.3607 0.339318 0.362046 0.341113 0.363392 0.339318 0.364738 0.339318 0.367429 0.335727 0.368775 0.335727 0.367429 0.335727 0.366083 0.333932 0.364738 0.333932 0.363392 0.332136 0.362046 0.332136 0.3607 0.330341 0.359354 0.330341
1 0.728129 0.321364 0.726783 0.32316 0.717362 0.32316 0.716016 0.324955 0.716016 0.32675 0.71467 0.328546 0.730821 0.328546 0.730821 0.32675 0.729475 0.324955 0.729475 0.32316
1 0.286676 0.317774 0.28533 0.319569 0.283984 0.319569 0.282638 0.321364 0.281292 0.321364 0.279946 0.32316 0.2786 0.32316 0.277254 0.324955 0.274563 0.324955 0.273217 0.32675 0.270525 0.32675 0.277254 0.32675 0.2786 0.328546 0.28533 0.328546 0.286676 0.330341
1 0.375505 0.315978 0.375505 0.317774 0.374159 0.319569 0.374159 0.321364 0.380888 0.321364 0.382234 0.32316 0.382234 0.315978
1 0.629879 0.308797 0.628533 0.310592 0.615074 0.310592 0.615074 0.312388 0.613728 0.314183 0.613728 0.315978 0.612382 0.317774 0.613728 0.315978 0.61642 0.315978 0.617766 0.314183 0.620458 0.314183 0.621803 0.315978 0.621803 0.317774 0.623149 0.319569 0.623149 0.321364 0.624495 0.319569 0.635262 0.319569 0.6393 0.314183 0.637954 0.314183 0.636608 0.312388 0.633917 0.312388 0.632571 0.310592 0.631225 0.310592
1 0.148048 0.308797 0.146703 0.310592 0.144011 0.310592 0.142665 0.312388 0.139973 0.312388 0.138627 0.314183 0.13459 0.314183 0.133244 0.315978 0.130552 0.315978 0.129206 0.317774 0.12786 0.317774 0.125168 0.321364 0.123822 0.321364 0.122476 0.32316 0.126514 0.32316 0.12786 0.324955 0.126514 0.32675 0.126514 0.330341 0.125168 0.332136 0.125168 0.333932 0.126514 0.332136 0.149394 0.332136 0.152086 0.335727 0.152086 0.339318 0.153432 0.341113 0.153432 0.342908 0.154778 0.341113 0.162853 0.341113 0.161507 0.339318 0.161507 0.337522 0.158816 0.333932 0.158816 0.332136 0.15747 0.330341 0.158816 0.328546 0.160162 0.328546 0.161507 0.330341 0.164199 0.330341 0.165545 0.332136 0.166891 0.330341 0.197847 0.330341 0.193809 0.330341 0.192463 0.328546 0.187079 0.328546 0.185734 0.32675 0.181696 0.32675 0.18035 0.324955 0.176312 0.324955 0.172275 0.319569 0.172275 0.317774 0.170929 0.315978 0.166891 0.315978 0.165545 0.314183 0.160162 0.314183 0.158816 0.312388 0.154778 0.312388 0.153432 0.310592 0.149394 0.310592
1 0.009421 0.307002 0.008075 0.308797 0.006729 0.308797 0.005384 0.310592 0.002692 0.310592 0.001346 0.312388 0.0 0.312388 0.0 0.324955 0.001346 0.32316 0.004038 0.32316 0.005384 0.321364 0.006729 0.321364 0.008075 0.319569 0.010767 0.319569 0.010767 0.314183 0.009421 0.312388
1 0.18035 0.305206 0.18035 0.308797 0.179004 0.310592 0.179004 0.312388 0.191117 0.312388 0.192463 0.314183 0.20323 0.314183 0.204576 0.315978 0.204576 0.310592 0.201884 0.310592 0.200538 0.308797 0.197847 0.308797 0.196501 0.307002 0.193809 0.307002 0.192463 0.305206
1 0.880215 0.303411 0.878869 0.305206 0.878869 0.307002 0.877524 0.308797 0.880215 0.308797 0.881561 0.310592 0.884253 0.310592 0.885599 0.312388 0.888291 0.312388 0.889637 0.314183 0.889637 0.312388 0.890983 0.310592 0.890983 0.308797 0.888291 0.308797 0.886945 0.307002 0.885599 0.307002 0.884253 0.305206 0.881561 0.305206
1 0.086137 0.303411 0.084791 0.305206 0.084791 0.310592 0.083445 0.312388 0.083445 0.315978 0.080754 0.319569 0.080754 0.321364 0.079408 0.32316 0.079408 0.324955 0.080754 0.32316 0.087483 0.32316 0.088829 0.321364 0.088829 0.319569 0.092867 0.314183 0.092867 0.312388 0.094213 0.310592 0.096904 0.310592 0.09825 0.312388 0.100942 0.312388 0.102288 0.314183 0.10498 0.314183 0.106326 0.315978 0.109017 0.315978 0.110363 0.317774 0.110363 0.315978 0.109017 0.314183 0.109017 0.312388 0.107672 0.310592 0.107672 0.308797 0.106326 0.307002 0.106326 0.305206 0.096904 0.305206 0.095559 0.303411
1 0.386272 0.301616 0.386272 0.303411 0.384926 0.305206 0.384926 0.307002 0.38358 0.308797 0.405114 0.308797 0.40646 0.310592 0.401077 0.303411 0.387618 0.303411
1 0.462988 0.292639 0.454913 0.303411 0.453567 0.303411 0.452221 0.305206 0.450875 0.305206 0.449529 0.307002 0.448183 0.307002 0.445491 0.310592 0.444145 0.310592 0.441454 0.314183 0.440108 0.314183 0.43607 0.319569 0.434724 0.319569 0.433378 0.321364 0.437416 0.321364 0.438762 0.32316 0.441454 0.32316 0.442799 0.324955 0.444145 0.32316 0.445491 0.32316 0.446837 0.321364 0.449529 0.321364 0.450875 0.319569 0.452221 0.319569 0.453567 0.317774 0.456258 0.317774 0.457604 0.315978 0.45895 0.315978 0.460296 0.314183 0.462988 0.314183 0.464334 0.312388 0.471063 0.312388 0.472409 0.310592 0.476447 0.310592 0.477793 0.312388 0.476447 0.314183 0.476447 0.315978 0.473755 0.319569 0.475101 0.319569 0.476447 0.321364 0.477793 0.321364 0.480485 0.324955 0.48183 0.324955 0.483176 0.32675 0.484522 0.32675 0.485868 0.328546 0.487214 0.32675 0.491252 0.32675 0.492598 0.324955 0.500673 0.324955 0.507402 0.315978 0.507402 0.314183 0.51144 0.308797 0.512786 0.310592 0.512786 0.312388 0.514132 0.314183 0.514132 0.315978 0.515478 0.317774 0.515478 0.319569 0.516824 0.321364 0.516824 0.32316 0.515478 0.324955 0.504711 0.324955 0.508748 0.330341 0.508748 0.332136 0.512786 0.337522 0.519515 0.337522 0.520861 0.339318 0.528937 0.339318 0.530283 0.341113 0.537012 0.341113 0.538358 0.342908 0.535666 0.339318 0.535666 0.337522 0.531629 0.332136 0.531629 0.330341 0.527591 0.324955 0.528937 0.32316 0.530283 0.32316 0.531629 0.324955 0.532974 0.324955 0.53432 0.32675 0.535666 0.32675 0.537012 0.328546 0.538358 0.328546 0.539704 0.330341 0.542396 0.330341 0.543742 0.332136 0.545087 0.332136 0.546433 0.333932 0.547779 0.333932 0.549125 0.335727 0.550471 0.335727 0.551817 0.337522 0.553163 0.337522 0.554509 0.339318 0.555855 0.339318 0.557201 0.341113 0.558546 0.341113 0.559892 0.342908 0.577389 0.342908 0.576043 0.342908 0.574697 0.341113 0.573351 0.341113 0.572005 0.339318 0.569314 0.339318 0.567968 0.337522 0.566622 0.337522 0.565276 0.335727 0.56393 0.335727 0.562584 0.333932 0.561238 0.333932 0.559892 0.332136 0.558546 0.332136 0.557201 0.330341 0.555855 0.330341 0.554509 0.328546 0.553163 0.328546 0.551817 0.32675 0.549125 0.32675 0.547779 0.324955 0.546433 0.324955 0.545087 0.32316 0.543742 0.32316 0.542396 0.321364 0.54105 0.321364 0.539704 0.319569 0.538358 0.319569 0.537012 0.317774 0.535666 0.317774 0.53432 0.315978 0.532974 0.315978 0.531629 0.314183 0.530283 0.314183 0.528937 0.312388 0.526245 0.312388 0.524899 0.310592 0.523553 0.310592 0.522207 0.308797 0.520861 0.308797 0.519515 0.307002 0.51817 0.307002 0.508748 0.294434 0.507402 0.29623 0.504711 0.29623 0.503365 0.298025 0.502019 0.298025 0.500673 0.29982 0.497981 0.29982 0.496635 0.301616 0.491252 0.301616 0.489906 0.29982 0.487214 0.29982 0.485868 0.298025 0.484522 0.298025 0.483176 0.29623 0.480485 0.29623 0.479139 0.294434 0.477793 0.29623 0.468371 0.29623 0.467026 0.294434 0.464334 0.294434
1 0.355316 0.289048 0.35397 0.290844 0.347241 0.290844 0.347241 0.292639 0.345895 0.294434 0.345895 0.298025 0.344549 0.29982 0.344549 0.301616 0.362046 0.301616 0.363392 0.303411 0.364738 0.303411 0.366083 0.305206 0.368775 0.301616 0.370121 0.301616 0.372813 0.298025 0.374159 0.298025 0.372813 0.298025 0.370121 0.294434 0.368775 0.294434 0.367429 0.292639 0.359354 0.292639 0.358008 0.290844 0.356662 0.290844
1 0.0 0.289048 0.0 0.29623 0.005384 0.29623 0.006729 0.298025 0.012113 0.298025 0.013459 0.29982 0.014805 0.298025 0.02288 0.298025 0.024226 0.29623 0.025572 0.29623 0.020188 0.29623 0.018843 0.294434 0.013459 0.294434 0.012113 0.292639 0.008075 0.292639 0.006729 0.290844 0.001346 0.290844
1 0.28533 0.278276 0.283984 0.280072 0.275908 0.280072 0.275908 0.281867 0.274563 0.283662 0.274563 0.285458 0.271871 0.289048 0.242261 0.289048 0.240915 0.287253 0.228802 0.287253 0.228802 0.290844 0.227456 0.292639 0.193809 0.292639 0.193809 0.29623 0.192463 0.298025 0.192463 0.29982 0.193809 0.298025 0.224764 0.298025 0.22611 0.29623 0.242261 0.29623 0.243607 0.294434 0.261104 0.294434 0.26245 0.292639 0.2786 0.292639 0.279946 0.290844 0.297443 0.290844 0.293405 0.285458 0.292059 0.285458 0.289367 0.281867 0.288022 0.281867
1 0.0 0.267504 0.0 0.285458 0.001346 0.283662 0.040377 0.283662 0.040377 0.280072 0.041723 0.278276 0.041723 0.27289 0.043069 0.271095 0.043069 0.2693 0.001346 0.2693
1 0.113055 0.262118 0.111709 0.263914 0.096904 0.263914 0.095559 0.265709 0.095559 0.267504 0.094213 0.2693 0.094213 0.271095 0.092867 0.27289 0.110363 0.27289 0.111709 0.274686 0.12786 0.274686 0.129206 0.276481 0.12786 0.278276 0.126514 0.278276 0.125168 0.280072 0.123822 0.280072 0.122476 0.281867 0.121131 0.281867 0.119785 0.283662 0.118439 0.283662 0.118439 0.285458 0.119785 0.287253 0.119785 0.289048 0.121131 0.287253 0.123822 0.287253 0.125168 0.285458 0.129206 0.285458 0.130552 0.283662 0.133244 0.283662 0.13459 0.281867 0.138627 0.281867 0.138627 0.267504 0.137281 0.265709 0.13459 0.265709 0.133244 0.263914 0.130552 0.263914 0.129206 0.262118
1 0.057873 0.260323 0.057873 0.262118 0.056528 0.263914 0.056528 0.2693 0.055182 0.271095 0.068641 0.271095 0.068641 0.260323
1 0.449529 0.254937 0.448183 0.256732 0.446837 0.256732 0.445491 0.258528 0.444145 0.258528 0.442799 0.260323 0.441454 0.260323 0.440108 0.262118 0.437416 0.262118 0.43607 0.263914 0.434724 0.263914 0.432032 0.267504 0.423957 0.267504 0.422611 0.2693 0.415882 0.2693 0.414536 0.271095 0.41319 0.2693 0.41319 0.260323 0.411844 0.260323 0.410498 0.262118 0.409152 0.262118 0.407806 0.263914 0.405114 0.263914 0.403769 0.265709 0.402423 0.265709 0.401077 0.267504 0.399731 0.267504 0.399731 0.2693 0.398385 0.271095 0.398385 0.27289 0.399731 0.27289 0.401077 0.274686 0.403769 0.274686 0.405114 0.276481 0.40646 0.276481 0.407806 0.278276 0.409152 0.278276 0.411844 0.281867 0.41319 0.281867 0.417227 0.287253 0.438762 0.287253 0.440108 0.289048 0.441454 0.287253 0.483176 0.287253 0.483176 0.283662 0.484522 0.281867 0.484522 0.276481 0.485868 0.274686 0.485868 0.27289 0.480485 0.27289 0.479139 0.271095 0.473755 0.271095 0.472409 0.2693 0.468371 0.2693 0.467026 0.267504 0.461642 0.267504 0.454913 0.258528 0.453567 0.258528 0.452221 0.256732 0.450875 0.256732
1 0.169583 0.245961 0.168237 0.247756 0.165545 0.247756 0.164199 0.249551 0.160162 0.249551 0.160162 0.256732 0.158816 0.258528 0.158816 0.263914 0.161507 0.263914 0.162853 0.265709 0.165545 0.265709 0.166891 0.267504 0.170929 0.267504 0.172275 0.2693 0.174966 0.2693 0.176312 0.271095 0.179004 0.271095 0.18035 0.27289 0.18035 0.271095 0.181696 0.2693 0.18035 0.267504 0.179004 0.267504 0.174966 0.262118 0.176312 0.260323 0.177658 0.260323 0.179004 0.258528 0.193809 0.258528 0.193809 0.256732 0.195155 0.254937 0.195155 0.253142 0.196501 0.251346 0.18035 0.251346 0.176312 0.256732 0.174966 0.256732 0.172275 0.260323 0.170929 0.260323 0.169583 0.258528 0.168237 0.258528 0.166891 0.256732 0.168237 0.254937 0.168237 0.253142 0.170929 0.249551 0.169583 0.247756
1 0.317631 0.238779 0.314939 0.24237 0.313594 0.24237 0.314939 0.244165 0.316285 0.244165 0.321669 0.251346 0.323015 0.251346 0.325707 0.254937 0.327052 0.253142 0.328398 0.253142 0.329744 0.251346 0.332436 0.251346 0.33109 0.251346 0.328398 0.247756 0.327052 0.247756 0.324361 0.244165 0.323015 0.244165 0.320323 0.240575 0.318977 0.240575
1 0.292059 0.233393 0.292059 0.238779 0.30821 0.238779 0.309556 0.240575 0.309556 0.238779 0.30821 0.236984 0.30821 0.235189 0.293405 0.235189
1 0.368775 0.231598 0.367429 0.233393 0.356662 0.233393 0.356662 0.238779 0.355316 0.240575 0.355316 0.244165 0.364738 0.244165 0.364738 0.24237 0.366083 0.240575 0.366083 0.238779 0.367429 0.236984 0.367429 0.235189 0.368775 0.233393
1 0.324361 0.231598 0.324361 0.233393 0.323015 0.235189 0.323015 0.236984 0.33782 0.236984 0.333782 0.231598
1 0.216689 0.228007 0.216689 0.235189 0.215343 0.236984 0.215343 0.244165 0.216689 0.244165 0.218035 0.245961 0.219381 0.245961 0.220727 0.247756 0.222073 0.247756 0.223419 0.249551 0.224764 0.249551 0.22611 0.251346 0.228802 0.247756 0.230148 0.247756 0.227456 0.244165 0.22611 0.244165 0.222073 0.238779 0.222073 0.236984 0.220727 0.235189 0.220727 0.233393 0.222073 0.231598 0.228802 0.231598 0.231494 0.228007
1 0.199192 0.228007 0.197847 0.229803 0.185734 0.229803 0.185734 0.236984 0.187079 0.235189 0.197847 0.235189 0.197847 0.231598 0.199192 0.229803
1 0.266487 0.222621 0.265141 0.224417 0.254374 0.224417 0.25572 0.226212 0.25572 0.228007 0.257066 0.229803 0.258412 0.228007 0.265141 0.228007 0.265141 0.226212 0.266487 0.224417
