0 0.92785 0.938462 0.92785 0.942308 0.926407 0.944231 0.926407 0.946154 0.929293 0.946154 0.930736 0.948077 0.935065 0.948077 0.936508 0.95 0.939394 0.95 0.940837 0.951923 0.943723 0.951923 0.945166 0.953846 0.945166 0.955769 0.946609 0.957692 0.946609 0.959615 0.945166 0.961538 0.936508 0.961538 0.936508 0.963462 0.937951 0.965385 0.937951 0.969231 0.950938 0.969231 0.950938 0.967308 0.952381 0.965385 0.952381 0.963462 0.953824 0.961538 0.958153 0.961538 0.959596 0.963462 0.961039 0.963462 0.962482 0.965385 0.962482 0.969231 0.961039 0.971154 0.961039 0.973077 0.962482 0.973077 0.963925 0.975 0.966811 0.975 0.968254 0.976923 0.969697 0.976923 0.97114 0.978846 0.972583 0.978846 0.974026 0.980769 0.974026 0.976923 0.975469 0.975 0.975469 0.967308 0.974026 0.965385 0.974026 0.959615 0.972583 0.959615 0.97114 0.957692 0.969697 0.957692 0.968254 0.955769 0.965368 0.955769 0.963925 0.953846 0.962482 0.953846 0.961039 0.951923 0.959596 0.951923 0.958153 0.95 0.952381 0.95 0.950938 0.948077 0.949495 0.948077 0.946609 0.944231 0.945166 0.944231 0.94228 0.940385 0.929293 0.940385
0 0.095238 0.928846 0.093795 0.930769 0.089466 0.930769 0.090909 0.932692 0.090909 0.934615 0.092352 0.936538 0.092352 0.938462 0.093795 0.940385 0.093795 0.942308 0.095238 0.944231 0.098124 0.940385 0.099567 0.940385 0.102453 0.936538 0.105339 0.936538 0.106782 0.938462 0.108225 0.938462 0.109668 0.940385 0.111111 0.938462 0.113997 0.938462 0.11544 0.936538 0.11544 0.934615 0.116883 0.932692 0.116883 0.928846
0 0.421356 0.882692 0.419913 0.884615 0.41847 0.884615 0.417027 0.886538 0.415584 0.886538 0.415584 0.888462 0.414141 0.890385 0.414141 0.892308 0.412698 0.894231 0.412698 0.896154 0.411255 0.898077 0.411255 0.9 0.408369 0.903846 0.406926 0.903846 0.405483 0.905769 0.40404 0.905769 0.40404 0.907692 0.402597 0.909615 0.402597 0.911538 0.401154 0.913462 0.401154 0.915385 0.399711 0.917308 0.399711 0.919231 0.398268 0.921154 0.405483 0.921154 0.406926 0.923077 0.415584 0.923077 0.415584 0.921154 0.417027 0.919231 0.417027 0.915385 0.41847 0.913462 0.41847 0.907692 0.419913 0.905769 0.419913 0.901923 0.421356 0.9 0.421356 0.894231 0.422799 0.892308 0.422799 0.888462 0.424242 0.886538 0.424242 0.884615 0.422799 0.884615
0 0.959596 0.873077 0.958153 0.875 0.95671 0.875 0.955267 0.876923 0.952381 0.876923 0.950938 0.878846 0.950938 0.880769 0.949495 0.882692 0.950938 0.884615 0.950938 0.886538 0.952381 0.888462 0.952381 0.890385 0.953824 0.892308 0.953824 0.894231 0.955267 0.896154 0.963925 0.896154 0.965368 0.898077 0.97114 0.898077 0.969697 0.896154 0.969697 0.894231 0.968254 0.892308 0.968254 0.890385 0.965368 0.886538 0.965368 0.884615 0.963925 0.882692 0.963925 0.880769 0.962482 0.878846 0.962482 0.876923
0 0.955267 0.826923 0.953824 0.828846 0.950938 0.828846 0.949495 0.830769 0.945166 0.830769 0.945166 0.832692 0.943723 0.834615 0.943723 0.836538 0.94228 0.838462 0.94228 0.840385 0.943723 0.842308 0.943723 0.844231 0.948052 0.85 0.948052 0.851923 0.949495 0.853846 0.959596 0.853846 0.961039 0.851923 0.961039 0.85 0.962482 0.848077 0.962482 0.844231 0.961039 0.842308 0.961039 0.836538 0.958153 0.832692 0.958153 0.830769
0 0.694084 0.825 0.692641 0.826923 0.685426 0.826923 0.685426 0.828846 0.683983 0.830769 0.683983 0.832692 0.68254 0.834615 0.694084 0.834615 0.695527 0.836538 0.698413 0.836538 0.699856 0.838462 0.701299 0.838462 0.702742 0.840385 0.705628 0.840385 0.707071 0.842308 0.708514 0.840385 0.712843 0.840385 0.7114 0.838462 0.7114 0.836538 0.709957 0.834615 0.709957 0.832692 0.708514 0.832692 0.705628 0.828846 0.704185 0.828846 0.702742 0.826923 0.695527 0.826923
0 0.818182 0.813462 0.816739 0.815385 0.816739 0.817308 0.813853 0.821154 0.813853 0.823077 0.815296 0.825 0.815296 0.828846 0.816739 0.830769 0.816739 0.834615 0.818182 0.836538 0.818182 0.838462 0.821068 0.842308 0.822511 0.842308 0.82684 0.848077 0.82684 0.857692 0.825397 0.859615 0.825397 0.869231 0.82684 0.871154 0.82684 0.875 0.834055 0.884615 0.838384 0.884615 0.839827 0.886538 0.842713 0.886538 0.844156 0.888462 0.845599 0.886538 0.847042 0.886538 0.848485 0.884615 0.849928 0.884615 0.851371 0.882692 0.851371 0.880769 0.852814 0.878846 0.852814 0.876923 0.854257 0.875 0.854257 0.873077 0.852814 0.871154 0.852814 0.867308 0.851371 0.865385 0.851371 0.863462 0.849928 0.861538 0.849928 0.859615 0.848485 0.857692 0.848485 0.855769 0.847042 0.855769 0.845599 0.853846 0.844156 0.853846 0.842713 0.851923 0.84127 0.851923 0.839827 0.85 0.838384 0.85 0.836941 0.848077 0.836941 0.844231 0.838384 0.842308 0.838384 0.836538 0.836941 0.834615 0.836941 0.832692 0.835498 0.830769 0.835498 0.826923 0.834055 0.825 0.834055 0.823077 0.832612 0.821154 0.832612 0.819231 0.828283 0.813462
0 0.541126 0.803846 0.541126 0.817308 0.539683 0.819231 0.539683 0.821154 0.532468 0.830769 0.531025 0.830769 0.529582 0.832692 0.541126 0.832692 0.542569 0.830769 0.545455 0.830769 0.546898 0.828846 0.549784 0.828846 0.549784 0.825 0.551227 0.823077 0.551227 0.817308 0.55267 0.815385 0.55267 0.809615 0.554113 0.807692 0.554113 0.803846
0 0.699856 0.751923 0.695527 0.757692 0.695527 0.759615 0.691198 0.765385 0.692641 0.767308 0.694084 0.767308 0.69697 0.771154 0.698413 0.771154 0.701299 0.775 0.702742 0.775 0.705628 0.778846 0.712843 0.778846 0.715729 0.775 0.717172 0.775 0.718615 0.773077 0.718615 0.771154 0.717172 0.769231 0.717172 0.767308 0.715729 0.767308 0.714286 0.765385 0.712843 0.765385 0.707071 0.757692 0.705628 0.757692 0.702742 0.753846 0.701299 0.753846
0 0.064935 0.75 0.064935 0.751923 0.066378 0.753846 0.066378 0.755769 0.067821 0.757692 0.067821 0.759615 0.069264 0.761538 0.069264 0.763462 0.085137 0.763462 0.08658 0.761538 0.089466 0.761538 0.093795 0.755769 0.089466 0.755769 0.088023 0.753846 0.085137 0.753846 0.083694 0.751923 0.066378 0.751923
0 0.666667 0.736538 0.666667 0.744231 0.66811 0.746154 0.66811 0.753846 0.673882 0.761538 0.675325 0.759615 0.676768 0.759615 0.678211 0.757692 0.679654 0.757692 0.681097 0.755769 0.683983 0.755769 0.685426 0.753846 0.686869 0.753846 0.686869 0.738462 0.685426 0.740385 0.673882 0.740385 0.672439 0.738462 0.66811 0.738462
0 0.468975 0.709615 0.467532 0.711538 0.463203 0.711538 0.46176 0.713462 0.455988 0.713462 0.454545 0.715385 0.450216 0.715385 0.448773 0.717308 0.443001 0.717308 0.444444 0.719231 0.444444 0.721154 0.445887 0.723077 0.445887 0.725 0.451659 0.725 0.453102 0.726923 0.458874 0.726923 0.460317 0.728846 0.46176 0.726923 0.463203 0.726923 0.464646 0.725 0.467532 0.725 0.468975 0.723077 0.470418 0.723077 0.471861 0.721154 0.471861 0.719231 0.473304 0.717308 0.470418 0.713462 0.470418 0.711538
0 0.764791 0.580769 0.763348 0.582692 0.759019 0.582692 0.757576 0.584615 0.751804 0.584615 0.750361 0.586538 0.746032 0.586538 0.746032 0.588462 0.744589 0.590385 0.744589 0.592308 0.743146 0.594231 0.757576 0.613462 0.750361 0.623077 0.750361 0.628846 0.748918 0.630769 0.748918 0.636538 0.750361 0.636538 0.751804 0.638462 0.753247 0.638462 0.756133 0.642308 0.757576 0.642308 0.759019 0.644231 0.760462 0.644231 0.761905 0.646154 0.761905 0.642308 0.763348 0.640385 0.763348 0.634615 0.764791 0.632692 0.764791 0.630769 0.766234 0.628846 0.772006 0.628846 0.770563 0.626923 0.770563 0.625 0.76912 0.623077 0.76912 0.621154 0.770563 0.619231 0.772006 0.619231 0.773449 0.617308 0.776335 0.617308 0.777778 0.615385 0.779221 0.615385 0.779221 0.603846 0.777778 0.601923 0.777778 0.6 0.776335 0.598077 0.776335 0.594231 0.774892 0.592308 0.774892 0.590385 0.773449 0.588462 0.772006 0.588462 0.76912 0.584615 0.767677 0.584615
0 0.494949 0.540385 0.493506 0.542308 0.492063 0.542308 0.49062 0.544231 0.489177 0.544231 0.487734 0.546154 0.487734 0.548077 0.484848 0.551923 0.458874 0.551923 0.457431 0.553846 0.455988 0.553846 0.454545 0.555769 0.453102 0.555769 0.453102 0.559615 0.451659 0.561538 0.451659 0.578846 0.479076 0.578846 0.480519 0.580769 0.492063 0.580769 0.493506 0.578846 0.497835 0.578846 0.500722 0.575 0.502165 0.575 0.503608 0.573077 0.503608 0.569231 0.502165 0.567308 0.502165 0.559615 0.500722 0.557692 0.500722 0.548077 0.499278 0.546154 0.499278 0.542308 0.496392 0.542308
0 0.574315 0.490385 0.572872 0.492308 0.569986 0.492308 0.568543 0.494231 0.564214 0.494231 0.564214 0.511538 0.568543 0.511538 0.569986 0.513462 0.574315 0.513462 0.575758 0.515385 0.575758 0.513462 0.577201 0.511538 0.577201 0.509615 0.575758 0.507692 0.575758 0.505769 0.574315 0.503846 0.574315 0.5 0.575758 0.498077 0.575758 0.496154 0.577201 0.494231
0 0.382395 0.425 0.37518 0.434615 0.363636 0.434615 0.36075 0.438462 0.36075 0.440385 0.357864 0.444231 0.349206 0.444231 0.349206 0.448077 0.347763 0.45 0.347763 0.451923 0.349206 0.451923 0.352092 0.455769 0.353535 0.455769 0.356421 0.459615 0.357864 0.459615 0.36075 0.463462 0.362193 0.463462 0.363636 0.465385 0.366522 0.461538 0.367965 0.461538 0.370851 0.457692 0.372294 0.457692 0.373737 0.455769 0.376623 0.455769 0.378066 0.453846 0.380952 0.453846 0.382395 0.451923 0.386724 0.451923 0.388167 0.45 0.391053 0.45 0.392496 0.448077 0.395382 0.448077 0.395382 0.440385 0.396825 0.438462 0.396825 0.430769 0.393939 0.430769 0.392496 0.428846 0.388167 0.428846 0.386724 0.426923 0.383838 0.426923
1 0.883117 0.890385 0.883117 0.892308 0.88456 0.894231 0.88456 0.9 0.886003 0.901923 0.886003 0.905769 0.887446 0.903846 0.894661 0.903846 0.896104 0.901923 0.922078 0.901923 0.923521 0.903846 0.923521 0.907692 0.924964 0.909615 0.924964 0.917308 0.926407 0.919231 0.926407 0.923077 0.929293 0.919231 0.930736 0.919231 0.930736 0.907692 0.929293 0.905769 0.929293 0.894231 0.922078 0.894231 0.920635 0.892308 0.914863 0.892308 0.91342 0.890385
1 0.867244 0.890385 0.865801 0.892308 0.864358 0.892308 0.862915 0.894231 0.860029 0.894231 0.860029 0.896154 0.858586 0.898077 0.858586 0.9 0.857143 0.901923 0.857143 0.903846 0.8557 0.905769 0.8557 0.907692 0.858586 0.911538 0.858586 0.913462 0.861472 0.917308 0.862915 0.917308 0.864358 0.919231 0.865801 0.919231 0.867244 0.921154 0.868687 0.921154 0.87013 0.923077 0.87013 0.921154 0.871573 0.919231 0.871573 0.917308 0.873016 0.915385 0.873016 0.911538 0.874459 0.909615 0.874459 0.905769 0.875902 0.903846 0.875902 0.901923 0.877345 0.9 0.877345 0.898077 0.875902 0.898077 0.874459 0.896154 0.873016 0.896154 0.87013 0.892308 0.868687 0.892308
1 0.965368 0.859615 0.965368 0.869231 0.966811 0.869231 0.968254 0.871154 0.969697 0.871154 0.97114 0.873077 0.974026 0.873077 0.975469 0.875 0.976912 0.875 0.978355 0.876923 0.979798 0.876923 0.981241 0.878846 0.982684 0.876923 0.998557 0.876923 0.998557 0.865385 0.974026 0.865385 0.972583 0.863462 0.97114 0.863462 0.969697 0.861538 0.966811 0.861538
1 0.97114 0.832692 0.968254 0.836538 0.966811 0.836538 0.966811 0.840385 0.968254 0.842308 0.968254 0.846154 0.974026 0.846154 0.975469 0.848077 0.979798 0.848077 0.981241 0.85 0.992785 0.85 0.994228 0.851923 0.997114 0.848077 0.998557 0.848077 0.998557 0.846154 0.997114 0.844231 0.994228 0.844231 0.992785 0.842308 0.991342 0.842308 0.989899 0.840385 0.987013 0.840385 0.98557 0.838462 0.981241 0.838462 0.979798 0.836538 0.976912 0.836538 0.975469 0.834615 0.972583 0.834615
1 0.988456 0.798077 0.987013 0.8 0.987013 0.801923 0.98557 0.803846 0.989899 0.809615 0.989899 0.811538 0.997114 0.821154 0.997114 0.823077 0.998557 0.825 0.998557 0.803846 0.997114 0.803846 0.995671 0.801923 0.994228 0.801923 0.992785 0.8 0.989899 0.8
1 0.958153 0.738462 0.958153 0.740385 0.95671 0.742308 0.95671 0.744231 0.955267 0.746154 0.955267 0.748077 0.953824 0.75 0.953824 0.755769 0.952381 0.757692 0.952381 0.769231 0.950938 0.771154 0.950938 0.776923 0.95671 0.776923 0.95671 0.775 0.958153 0.773077 0.958153 0.767308 0.959596 0.765385 0.959596 0.751923 0.958153 0.75
1 0.838384 0.736538 0.838384 0.746154 0.836941 0.748077 0.836941 0.761538 0.835498 0.763462 0.835498 0.769231 0.836941 0.769231 0.839827 0.773077 0.84127 0.773077 0.844156 0.776923 0.844156 0.773077 0.845599 0.771154 0.845599 0.763462 0.847042 0.761538 0.847042 0.759615 0.848485 0.757692 0.849928 0.759615 0.851371 0.757692 0.8557 0.757692 0.857143 0.755769 0.862915 0.755769 0.858586 0.75 0.857143 0.75 0.849928 0.740385 0.845599 0.740385 0.844156 0.738462 0.839827 0.738462
1 0.907648 0.692308 0.906205 0.694231 0.900433 0.694231 0.900433 0.696154 0.89899 0.698077 0.89899 0.701923 0.897547 0.703846 0.897547 0.705769 0.896104 0.707692 0.896104 0.709615 0.894661 0.711538 0.891775 0.711538 0.890332 0.713462 0.887446 0.713462 0.887446 0.717308 0.886003 0.719231 0.886003 0.725 0.88456 0.726923 0.88456 0.732692 0.887446 0.732692 0.888889 0.734615 0.890332 0.734615 0.891775 0.736538 0.893218 0.734615 0.897547 0.734615 0.89899 0.732692 0.904762 0.732692 0.904762 0.730769 0.906205 0.728846 0.906205 0.726923 0.907648 0.725 0.907648 0.723077 0.909091 0.721154 0.909091 0.715385 0.910534 0.713462 0.910534 0.705769 0.909091 0.703846 0.909091 0.698077 0.907648 0.696154
1 0.860029 0.453846 0.8557 0.459615 0.854257 0.459615 0.851371 0.463462 0.851371 0.469231 0.852814 0.471154 0.852814 0.476923 0.858586 0.484615 0.858586 0.482692 0.860029 0.480769 0.860029 0.478846 0.861472 0.476923 0.861472 0.475 0.862915 0.473077 0.862915 0.471154 0.864358 0.469231 0.864358 0.467308 0.865801 0.465385 0.865801 0.463462 0.867244 0.461538 0.867244 0.459615 0.865801 0.459615 0.862915 0.455769 0.861472 0.455769
1 0.17316 0.446154 0.171717 0.448077 0.168831 0.448077 0.168831 0.465385 0.17316 0.471154 0.174603 0.469231 0.181818 0.469231 0.183261 0.467308 0.191919 0.467308 0.18759 0.461538 0.176046 0.461538 0.174603 0.459615 0.174603 0.455769 0.17316 0.453846
1 0.496392 0.438462 0.496392 0.440385 0.494949 0.442308 0.494949 0.444231 0.493506 0.446154 0.493506 0.448077 0.492063 0.45 0.493506 0.448077 0.497835 0.448077 0.499278 0.446154 0.50938 0.446154 0.510823 0.448077 0.513709 0.448077 0.515152 0.45 0.515152 0.446154 0.516595 0.444231 0.516595 0.440385 0.497835 0.440385
1 0.607504 0.432692 0.606061 0.434615 0.55267 0.434615 0.55267 0.436538 0.551227 0.438462 0.551227 0.440385 0.549784 0.442308 0.549784 0.444231 0.548341 0.446154 0.548341 0.448077 0.546898 0.45 0.546898 0.451923 0.545455 0.453846 0.545455 0.455769 0.546898 0.453846 0.548341 0.453846 0.549784 0.451923 0.551227 0.451923 0.55267 0.45 0.554113 0.45 0.555556 0.451923 0.555556 0.453846 0.556999 0.455769 0.558442 0.453846 0.558442 0.451923 0.559885 0.45 0.559885 0.448077 0.561328 0.446154 0.561328 0.444231 0.564214 0.440385 0.565657 0.440385 0.5671 0.438462 0.582973 0.438462 0.584416 0.440385 0.582973 0.442308 0.582973 0.444231 0.58153 0.446154 0.582973 0.444231 0.584416 0.444231 0.587302 0.440385 0.588745 0.440385 0.590188 0.438462 0.601732 0.438462 0.604618 0.434615 0.606061 0.434615
1 0.398268 0.432692 0.398268 0.438462 0.396825 0.440385 0.396825 0.448077 0.395382 0.45 0.392496 0.45 0.391053 0.451923 0.388167 0.451923 0.386724 0.453846 0.382395 0.453846 0.380952 0.455769 0.378066 0.455769 0.376623 0.457692 0.373737 0.457692 0.372294 0.459615 0.370851 0.459615 0.367965 0.463462 0.366522 0.463462 0.363636 0.467308 0.36075 0.467308 0.359307 0.469231 0.357864 0.469231 0.354978 0.473077 0.353535 0.473077 0.352092 0.475 0.336219 0.475 0.334776 0.473077 0.336219 0.471154 0.336219 0.467308 0.337662 0.465385 0.337662 0.463462 0.339105 0.461538 0.339105 0.459615 0.337662 0.461538 0.33189 0.461538 0.329004 0.465385 0.327561 0.465385 0.323232 0.471154 0.321789 0.471154 0.318903 0.475 0.31746 0.475 0.314574 0.478846 0.287157 0.478846 0.285714 0.476923 0.284271 0.476923 0.282828 0.475 0.281385 0.476923 0.278499 0.476923 0.277056 0.478846 0.27417 0.478846 0.272727 0.480769 0.269841 0.480769 0.268398 0.482692 0.265512 0.482692 0.264069 0.484615 0.261183 0.484615 0.25974 0.486538 0.255411 0.486538 0.253968 0.488462 0.251082 0.488462 0.249639 0.490385 0.246753 0.490385 0.24531 0.492308 0.242424 0.492308 0.240981 0.494231 0.238095 0.494231 0.238095 0.496154 0.239538 0.498077 0.239538 0.5 0.240981 0.501923 0.240981 0.503846 0.242424 0.505769 0.242424 0.509615 0.243867 0.511538 0.243867 0.513462 0.24531 0.515385 0.24531 0.517308 0.243867 0.519231 0.239538 0.519231 0.238095 0.521154 0.229437 0.521154 0.227994 0.519231 0.222222 0.519231 0.220779 0.517308 0.21645 0.517308 0.215007 0.515385 0.209235 0.515385 0.207792 0.513462 0.203463 0.513462 0.20202 0.511538 0.196248 0.511538 0.194805 0.509615 0.190476 0.509615 0.189033 0.507692 0.18759 0.509615 0.183261 0.509615 0.181818 0.511538 0.177489 0.511538 0.176046 0.513462 0.170274 0.513462 0.168831 0.515385 0.142857 0.515385 0.141414 0.513462 0.128427 0.513462 0.126984 0.511538 0.125541 0.513462 0.124098 0.513462 0.121212 0.517308 0.119769 0.517308 0.118326 0.519231 0.116883 0.519231 0.11544 0.521154 0.111111 0.521154 0.109668 0.523077 0.106782 0.523077 0.105339 0.525 0.10101 0.525 0.099567 0.526923 0.096681 0.526923 0.095238 0.528846 0.090909 0.528846 0.089466 0.530769 0.08658 0.530769 0.085137 0.532692 0.080808 0.532692 0.080808 0.538462 0.096681 0.538462 0.098124 0.540385 0.10101 0.540385 0.102453 0.542308 0.105339 0.542308 0.106782 0.544231 0.108225 0.544231 0.109668 0.546154 0.112554 0.546154 0.113997 0.548077 0.11544 0.546154 0.161616 0.546154 0.163059 0.544231 0.165945 0.544231 0.167388 0.542308 0.168831 0.542308 0.170274 0.540385 0.17316 0.540385 0.174603 0.538462 0.177489 0.538462 0.178932 0.536538 0.181818 0.536538 0.183261 0.534615 0.184704 0.534615 0.186147 0.532692 0.206349 0.532692 0.207792 0.534615 0.20202 0.542308 0.200577 0.542308 0.197691 0.546154 0.200577 0.546154 0.20202 0.548077 0.203463 0.548077 0.204906 0.55 0.207792 0.55 0.209235 0.551923 0.210678 0.55 0.223665 0.55 0.225108 0.548077 0.239538 0.548077 0.240981 0.546154 0.253968 0.546154 0.262626 0.534615 0.265512 0.534615 0.266955 0.532692 0.271284 0.532692 0.272727 0.530769 0.275613 0.530769 0.277056 0.528846 0.281385 0.528846 0.282828 0.526923 0.285714 0.526923 0.285714 0.521154 0.287157 0.519231 0.287157 0.515385 0.285714 0.515385 0.284271 0.513462 0.282828 0.513462 0.281385 0.511538 0.278499 0.511538 0.277056 0.509615 0.275613 0.509615 0.27417 0.507692 0.272727 0.507692 0.271284 0.505769 0.272727 0.503846 0.275613 0.503846 0.277056 0.501923 0.278499 0.501923 0.279942 0.5 0.282828 0.5 0.284271 0.498077 0.294372 0.498077 0.295815 0.496154 0.307359 0.496154 0.308802 0.494231 0.34632 0.494231 0.347763 0.492308 0.354978 0.492308 0.356421 0.490385 0.359307 0.490385 0.36075 0.488462 0.365079 0.488462 0.365079 0.482692 0.366522 0.480769 0.366522 0.476923 0.369408 0.473077 0.370851 0.473077 0.37518 0.467308 0.376623 0.467308 0.380952 0.461538 0.382395 0.461538 0.383838 0.459615 0.406926 0.459615 0.408369 0.461538 0.409812 0.459615 0.409812 0.457692 0.412698 0.453846 0.412698 0.451923 0.414141 0.45 0.414141 0.432692
