0 0.505065 0.988417 0.500724 0.994208 0.500724 0.996139 0.499276 0.998069 0.512301 0.998069 0.512301 0.990347 0.510854 0.988417
0 0.515195 0.895753 0.513748 0.897683 0.512301 0.897683 0.510854 0.899614 0.509407 0.899614 0.507959 0.901544 0.506512 0.901544 0.506512 0.907336 0.507959 0.905405 0.51809 0.905405 0.51809 0.903475 0.519537 0.901544 0.519537 0.899614 0.51809 0.899614
0 0.041968 0.743243 0.040521 0.745174 0.027496 0.745174 0.027496 0.749035 0.026049 0.750965 0.026049 0.754826 0.027496 0.752896 0.036179 0.752896 0.037627 0.750965 0.04631 0.750965 0.043415 0.747104 0.043415 0.745174
0 0.370478 0.718147 0.36903 0.720077 0.364689 0.720077 0.363242 0.722008 0.357453 0.722008 0.357453 0.723938 0.3589 0.725869 0.3589 0.72973 0.360347 0.73166 0.360347 0.733591 0.361795 0.73166 0.367583 0.73166 0.36903 0.72973 0.376266 0.72973 0.379161 0.725869 0.377713 0.723938 0.377713 0.722008 0.376266 0.720077 0.371925 0.720077
0 0.529667 0.635135 0.52822 0.637066 0.523878 0.637066 0.522431 0.638996 0.516643 0.638996 0.515195 0.640927 0.510854 0.640927 0.510854 0.642857 0.509407 0.644788 0.509407 0.646718 0.507959 0.648649 0.509407 0.650579 0.510854 0.650579 0.515195 0.656371 0.516643 0.65444 0.519537 0.65444 0.520984 0.65251 0.523878 0.65251 0.525326 0.650579 0.526773 0.650579 0.52822 0.648649 0.529667 0.648649 0.531114 0.646718 0.531114 0.644788 0.532562 0.642857 0.532562 0.640927 0.534009 0.638996 0.534009 0.637066 0.535456 0.635135
0 0.577424 0.623552 0.577424 0.627413 0.575977 0.629344 0.575977 0.631274 0.593343 0.631274 0.591896 0.629344 0.591896 0.627413 0.590449 0.625483 0.590449 0.623552
0 0.843705 0.6139 0.839363 0.619691 0.842258 0.619691 0.843705 0.621622 0.846599 0.621622 0.848046 0.623552 0.849493 0.621622 0.849493 0.619691 0.850941 0.617761 0.848046 0.617761 0.846599 0.61583 0.845152 0.61583
0 0.157742 0.555985 0.157742 0.567568 0.173661 0.567568 0.173661 0.555985
0 0.916064 0.397683 0.916064 0.399614 0.917511 0.401544 0.917511 0.403475 0.9233 0.403475 0.924747 0.405405 0.926194 0.405405 0.927641 0.407336 0.929088 0.407336 0.930535 0.409266 0.931983 0.409266 0.93343 0.411197 0.934877 0.409266 0.946454 0.409266 0.947902 0.411197 0.947902 0.407336 0.949349 0.405405 0.949349 0.401544 0.947902 0.401544 0.946454 0.399614 0.917511 0.399614
0 0.988423 0.362934 0.988423 0.364865 0.986975 0.366795 0.986975 0.368726 0.991317 0.374517 0.992764 0.372587 0.997106 0.372587 0.997106 0.366795 0.994211 0.366795 0.992764 0.364865 0.98987 0.364865
0 0.544139 0.335907 0.542692 0.337838 0.539797 0.337838 0.53835 0.339768 0.535456 0.339768 0.534009 0.341699 0.531114 0.341699 0.529667 0.343629 0.520984 0.343629 0.519537 0.34556 0.51809 0.34556 0.516643 0.34749 0.513748 0.34749 0.512301 0.349421 0.510854 0.349421 0.509407 0.351351 0.506512 0.351351 0.503618 0.355212 0.503618 0.357143 0.499276 0.362934 0.502171 0.362934 0.503618 0.364865 0.506512 0.364865 0.507959 0.366795 0.509407 0.364865 0.510854 0.364865 0.512301 0.362934 0.515195 0.362934 0.516643 0.361004 0.522431 0.361004 0.523878 0.359073 0.529667 0.359073 0.531114 0.357143 0.535456 0.357143 0.536903 0.355212 0.542692 0.355212 0.544139 0.353282 0.561505 0.353282 0.562952 0.351351 0.580318 0.351351 0.581766 0.349421 0.599132 0.349421 0.600579 0.34749 0.602026 0.34749 0.603473 0.34556 0.606368 0.34556 0.599132 0.335907 0.597685 0.337838 0.590449 0.337838 0.589001 0.339768 0.581766 0.339768 0.580318 0.341699 0.552822 0.341699 0.551375 0.339768 0.549928 0.339768 0.54848 0.337838 0.545586 0.337838
0 0.904486 0.181467 0.903039 0.183398 0.900145 0.183398 0.898698 0.185328 0.894356 0.185328 0.89725 0.189189 0.89725 0.19112 0.903039 0.198842 0.903039 0.200772 0.905933 0.204633 0.917511 0.189189 0.952243 0.189189 0.95369 0.19112 0.956585 0.19112 0.958032 0.19305 0.959479 0.19305 0.960926 0.194981 0.960926 0.189189 0.959479 0.187259 0.959479 0.185328 0.958032 0.183398 0.917511 0.183398 0.916064 0.181467
0 0.861071 0.144788 0.853835 0.15444 0.856729 0.15444 0.858177 0.156371 0.862518 0.156371 0.863965 0.158301 0.865412 0.158301 0.868307 0.162162 0.869754 0.162162 0.872648 0.166023 0.874096 0.164093 0.878437 0.164093 0.87699 0.162162 0.87699 0.160232 0.874096 0.156371 0.874096 0.15444 0.872648 0.15251 0.872648 0.148649 0.871201 0.146718 0.871201 0.144788
0 0.875543 0.129344 0.875543 0.138996 0.885673 0.138996 0.885673 0.135135 0.88712 0.133205 0.88712 0.129344
1 0.460203 0.942085 0.458755 0.944015 0.458755 0.945946 0.455861 0.949807 0.455861 0.951737 0.452967 0.955598 0.452967 0.957529 0.450072 0.96139 0.450072 0.96332 0.448625 0.965251 0.437048 0.965251 0.435601 0.96332 0.42547 0.96332 0.424023 0.96139 0.421129 0.96139 0.419682 0.959459 0.416787 0.959459 0.41534 0.957529 0.412446 0.957529 0.410999 0.955598 0.408104 0.955598 0.406657 0.953668 0.403763 0.953668 0.402315 0.951737 0.399421 0.951737 0.397974 0.949807 0.39508 0.949807 0.393632 0.947876 0.392185 0.947876 0.390738 0.945946 0.387844 0.945946 0.386397 0.944015 0.36903 0.944015 0.367583 0.945946 0.366136 0.945946 0.364689 0.947876 0.361795 0.947876 0.360347 0.949807 0.3589 0.949807 0.357453 0.951737 0.356006 0.951737 0.354559 0.953668 0.351664 0.953668 0.350217 0.955598 0.34877 0.955598 0.34877 0.957529 0.350217 0.959459 0.350217 0.96139 0.351664 0.96332 0.351664 0.965251 0.353111 0.96332 0.354559 0.96332 0.357453 0.959459 0.3589 0.959459 0.360347 0.957529 0.361795 0.957529 0.363242 0.955598 0.364689 0.955598 0.366136 0.953668 0.370478 0.953668 0.371925 0.951737 0.383502 0.951737 0.384949 0.953668 0.390738 0.953668 0.392185 0.955598 0.397974 0.955598 0.399421 0.957529 0.402315 0.957529 0.403763 0.959459 0.40521 0.959459 0.406657 0.96139 0.409551 0.96139 0.410999 0.96332 0.413893 0.96332 0.41534 0.965251 0.418234 0.965251 0.419682 0.967181 0.421129 0.967181 0.422576 0.969112 0.42547 0.969112 0.426918 0.971042 0.467438 0.971042 0.468886 0.972973 0.468886 0.971042 0.470333 0.969112 0.470333 0.967181 0.464544 0.967181 0.463097 0.965251 0.463097 0.945946
1 0.280753 0.905405 0.279305 0.907336 0.277858 0.907336 0.276411 0.909266 0.274964 0.909266 0.273517 0.911197 0.270622 0.911197 0.269175 0.913127 0.267728 0.913127 0.266281 0.915058 0.266281 0.916988 0.261939 0.92278 0.261939 0.92471 0.257598 0.930502 0.257598 0.932432 0.256151 0.934363 0.256151 0.936293 0.257598 0.938224 0.257598 0.942085 0.267728 0.942085 0.269175 0.944015 0.270622 0.942085 0.273517 0.942085 0.274964 0.940154 0.277858 0.940154 0.283647 0.932432 0.285094 0.932432 0.289436 0.926641 0.290883 0.926641 0.29233 0.92471 0.303907 0.92471 0.305355 0.926641 0.308249 0.926641 0.309696 0.928571 0.31259 0.928571 0.314038 0.930502 0.314038 0.920849 0.303907 0.907336 0.2822 0.907336
1 0.775687 0.888031 0.77424 0.889961 0.77424 0.891892 0.769899 0.897683 0.769899 0.899614 0.765557 0.905405 0.765557 0.907336 0.758321 0.916988 0.756874 0.916988 0.755427 0.918919 0.756874 0.920849 0.756874 0.92278 0.758321 0.92471 0.759768 0.92278 0.768452 0.92278 0.769899 0.920849 0.777135 0.920849 0.778582 0.918919 0.787265 0.918919 0.788712 0.916988 0.790159 0.916988 0.791606 0.915058 0.794501 0.915058 0.794501 0.907336 0.795948 0.905405 0.795948 0.899614 0.794501 0.901544 0.791606 0.901544 0.790159 0.903475 0.787265 0.903475 0.785818 0.905405 0.782923 0.905405 0.781476 0.907336 0.778582 0.907336 0.77424 0.901544 0.77424 0.895753 0.775687 0.893822
1 0.852388 0.84556 0.852388 0.84749 0.850941 0.849421 0.852388 0.849421 0.853835 0.851351 0.855282 0.851351 0.856729 0.853282 0.855282 0.855212 0.853835 0.855212 0.850941 0.859073 0.853835 0.859073 0.855282 0.861004 0.856729 0.859073 0.874096 0.859073 0.874096 0.851351 0.871201 0.851351 0.869754 0.849421 0.865412 0.849421 0.863965 0.84749 0.861071 0.84749 0.859624 0.84556
1 0.901592 0.835907 0.89725 0.841699 0.895803 0.841699 0.894356 0.843629 0.881331 0.843629 0.879884 0.841699 0.879884 0.84556 0.878437 0.84749 0.878437 0.849421 0.879884 0.849421 0.882779 0.853282 0.884226 0.853282 0.885673 0.855212 0.88712 0.855212 0.888567 0.857143 0.890014 0.857143 0.891462 0.859073 0.911722 0.859073 0.913169 0.857143 0.918958 0.857143 0.920405 0.855212 0.926194 0.855212 0.927641 0.853282 0.927641 0.851351 0.929088 0.849421 0.927641 0.849421 0.924747 0.84556 0.9233 0.84556 0.920405 0.841699 0.918958 0.841699 0.917511 0.839768 0.910275 0.839768 0.908828 0.837838 0.903039 0.837838
1 0.314038 0.776062 0.31259 0.777992 0.309696 0.777992 0.308249 0.779923 0.306802 0.779923 0.305355 0.781853 0.30246 0.781853 0.301013 0.783784 0.298119 0.783784 0.298119 0.791506 0.303907 0.799228 0.305355 0.799228 0.308249 0.803089 0.309696 0.803089 0.31259 0.80695 0.314038 0.805019 0.318379 0.805019 0.319826 0.803089 0.325615 0.803089 0.327062 0.801158 0.332851 0.801158 0.334298 0.799228 0.341534 0.799228 0.342981 0.797297 0.34877 0.797297 0.34877 0.795367 0.350217 0.793436 0.350217 0.791506 0.344428 0.791506 0.33864 0.783784 0.334298 0.783784 0.332851 0.781853 0.328509 0.781853 0.327062 0.779923 0.321274 0.779923 0.319826 0.777992 0.315485 0.777992
1 0.034732 0.766409 0.033285 0.76834 0.028944 0.76834 0.027496 0.77027 0.021708 0.77027 0.02026 0.772201 0.015919 0.772201 0.014472 0.774131 0.01013 0.774131 0.008683 0.776062 0.005789 0.776062 0.004342 0.777992 0.001447 0.777992 0.0 0.779923 0.0 0.812741 0.001447 0.810811 0.002894 0.810811 0.007236 0.805019 0.008683 0.805019 0.013025 0.799228 0.014472 0.799228 0.017366 0.795367 0.018813 0.795367 0.023155 0.789575 0.024602 0.789575 0.028944 0.783784 0.030391 0.783784 0.043415 0.766409
1 0.945007 0.710425 0.945007 0.712355 0.946454 0.714286 0.947902 0.714286 0.950796 0.718147 0.952243 0.718147 0.955137 0.722008 0.956585 0.722008 0.959479 0.725869 0.960926 0.725869 0.963821 0.72973 0.965268 0.72973 0.966715 0.73166 0.968162 0.73166 0.969609 0.733591 0.971056 0.733591 0.972504 0.735521 0.973951 0.735521 0.975398 0.737452 0.976845 0.737452 0.978292 0.739382 0.97974 0.739382 0.981187 0.741313 0.982634 0.741313 0.984081 0.743243 0.985528 0.743243 0.986975 0.745174 0.988423 0.745174 0.98987 0.747104 0.991317 0.747104 0.992764 0.749035 0.995658 0.749035 0.997106 0.750965 0.998553 0.750965 0.998553 0.722008 0.963821 0.722008 0.962373 0.720077 0.960926 0.720077 0.959479 0.718147 0.958032 0.718147 0.956585 0.716216 0.955137 0.716216 0.95369 0.714286 0.952243 0.714286 0.950796 0.712355 0.949349 0.712355 0.947902 0.710425
1 0.091172 0.710425 0.089725 0.712355 0.081042 0.712355 0.081042 0.716216 0.079595 0.718147 0.079595 0.725869 0.078148 0.727799 0.078148 0.733591 0.079595 0.735521 0.079595 0.739382 0.081042 0.737452 0.082489 0.737452 0.083936 0.735521 0.085384 0.735521 0.086831 0.733591 0.088278 0.733591 0.089725 0.73166 0.091172 0.733591 0.091172 0.735521 0.089725 0.737452 0.089725 0.741313 0.091172 0.743243 0.091172 0.747104 0.079595 0.762548 0.079595 0.764479 0.068017 0.779923 0.068017 0.781853 0.069465 0.783784 0.069465 0.787645 0.070912 0.789575 0.070912 0.791506 0.072359 0.789575 0.073806 0.789575 0.0767 0.785714 0.078148 0.785714 0.081042 0.781853 0.082489 0.781853 0.085384 0.777992 0.086831 0.777992 0.089725 0.774131 0.091172 0.774131 0.094067 0.77027 0.095514 0.77027 0.098408 0.766409 0.099855 0.766409 0.10275 0.762548 0.104197 0.762548 0.109986 0.754826 0.111433 0.754826 0.120116 0.743243 0.120116 0.741313 0.131693 0.725869 0.130246 0.725869 0.127352 0.722008 0.125904 0.722008 0.12301 0.718147 0.120116 0.722008 0.104197 0.722008 0.101302 0.718147 0.099855 0.718147 0.098408 0.716216 0.096961 0.716216 0.094067 0.712355 0.092619 0.712355
1 0.183792 0.648649 0.182344 0.650579 0.176556 0.650579 0.175109 0.65251 0.173661 0.65251 0.172214 0.65444 0.170767 0.65444 0.16932 0.656371 0.167873 0.656371 0.166425 0.658301 0.164978 0.658301 0.163531 0.660232 0.151954 0.660232 0.150507 0.662162 0.149059 0.662162 0.147612 0.664093 0.146165 0.664093 0.144718 0.666023 0.143271 0.666023 0.140376 0.669884 0.138929 0.669884 0.137482 0.671815 0.136035 0.671815 0.134588 0.673745 0.13314 0.673745 0.131693 0.675676 0.131693 0.677606 0.130246 0.679537 0.130246 0.681467 0.127352 0.685328 0.127352 0.687259 0.125904 0.689189 0.125904 0.69112 0.127352 0.69305 0.127352 0.694981 0.128799 0.696911 0.128799 0.698842 0.130246 0.700772 0.130246 0.702703 0.131693 0.702703 0.13314 0.704633 0.134588 0.704633 0.136035 0.706564 0.137482 0.704633 0.140376 0.704633 0.141823 0.702703 0.144718 0.702703 0.146165 0.700772 0.149059 0.700772 0.150507 0.702703 0.151954 0.702703 0.154848 0.706564 0.156295 0.704633 0.162084 0.704633 0.163531 0.702703 0.164978 0.702703 0.167873 0.698842 0.16932 0.698842 0.170767 0.696911 0.172214 0.696911 0.164978 0.696911 0.163531 0.694981 0.162084 0.694981 0.15919 0.69112 0.160637 0.689189 0.160637 0.687259 0.163531 0.683398 0.163531 0.681467 0.166425 0.677606 0.166425 0.675676 0.16932 0.671815 0.188133 0.671815 0.18958 0.669884 0.191027 0.669884 0.193922 0.666023 0.195369 0.666023 0.185239 0.666023 0.183792 0.664093 0.178003 0.664093 0.176556 0.662162 0.176556 0.660232 0.180897 0.65444 0.180897 0.65251
1 0.041968 0.648649 0.040521 0.650579 0.037627 0.650579 0.036179 0.65251 0.033285 0.65251 0.033285 0.658301 0.031838 0.660232 0.031838 0.664093 0.030391 0.666023 0.030391 0.667954 0.026049 0.673745 0.026049 0.675676 0.023155 0.679537 0.023155 0.681467 0.024602 0.683398 0.024602 0.685328 0.026049 0.683398 0.027496 0.683398 0.028944 0.681467 0.030391 0.681467 0.031838 0.679537 0.033285 0.679537 0.036179 0.675676 0.037627 0.675676 0.040521 0.671815 0.041968 0.671815 0.043415 0.669884 0.043415 0.667954 0.044863 0.666023 0.044863 0.664093 0.04631 0.662162 0.04631 0.660232 0.049204 0.656371 0.050651 0.656371 0.050651 0.65251 0.052098 0.650579 0.052098 0.648649
1 0.244573 0.583012 0.243126 0.584942 0.228654 0.584942 0.227207 0.586873 0.208394 0.586873 0.206946 0.588803 0.205499 0.588803 0.204052 0.590734 0.202605 0.590734 0.199711 0.594595 0.198263 0.594595 0.196816 0.596525 0.195369 0.596525 0.193922 0.598456 0.192475 0.598456 0.18958 0.602317 0.188133 0.602317 0.186686 0.604247 0.185239 0.602317 0.185239 0.598456 0.183792 0.596525 0.183792 0.590734 0.182344 0.592664 0.180897 0.592664 0.17945 0.594595 0.176556 0.594595 0.175109 0.596525 0.173661 0.596525 0.172214 0.598456 0.16932 0.598456 0.167873 0.600386 0.166425 0.600386 0.164978 0.602317 0.163531 0.602317 0.162084 0.604247 0.160637 0.604247 0.157742 0.608108 0.156295 0.608108 0.154848 0.610039 0.153401 0.610039 0.151954 0.611969 0.150507 0.611969 0.149059 0.6139 0.147612 0.6139 0.146165 0.61583 0.140376 0.61583 0.138929 0.617761 0.131693 0.617761 0.130246 0.619691 0.121563 0.619691 0.120116 0.621622 0.109986 0.621622 0.104197 0.629344 0.10275 0.629344 0.098408 0.635135 0.092619 0.635135 0.091172 0.637066 0.086831 0.637066 0.085384 0.638996 0.079595 0.638996 0.078148 0.640927 0.0767 0.640927 0.075253 0.642857 0.073806 0.642857 0.072359 0.644788 0.070912 0.644788 0.070912 0.646718 0.069465 0.648649 0.069465 0.65444 0.068017 0.656371 0.068017 0.660232 0.06657 0.662162 0.06657 0.664093 0.068017 0.666023 0.068017 0.667954 0.069465 0.669884 0.075253 0.669884 0.078148 0.666023 0.079595 0.666023 0.082489 0.662162 0.083936 0.662162 0.095514 0.646718 0.098408 0.646718 0.099855 0.644788 0.10275 0.644788 0.104197 0.642857 0.107091 0.642857 0.108538 0.640927 0.111433 0.640927 0.11288 0.638996 0.115774 0.638996 0.117221 0.637066 0.130246 0.637066 0.131693 0.635135 0.144718 0.635135 0.146165 0.633205 0.166425 0.633205 0.167873 0.631274 0.16932 0.631274 0.170767 0.629344 0.172214 0.629344 0.175109 0.625483 0.176556 0.625483 0.178003 0.623552 0.17945 0.623552 0.180897 0.621622 0.18958 0.621622 0.191027 0.619691 0.199711 0.619691 0.201158 0.617761 0.209841 0.617761 0.212735 0.6139 0.212735 0.611969 0.219971 0.602317 0.219971 0.600386 0.22576 0.592664 0.230101 0.592664 0.231548 0.590734 0.234443 0.590734 0.23589 0.588803 0.240232 0.588803 0.241679 0.586873 0.24602 0.586873 0.244573 0.584942
1 0.267728 0.528958 0.266281 0.530888 0.264834 0.530888 0.263386 0.532819 0.260492 0.532819 0.259045 0.534749 0.257598 0.534749 0.256151 0.53668 0.253256 0.53668 0.251809 0.53861 0.250362 0.53861 0.248915 0.540541 0.243126 0.540541 0.241679 0.542471 0.222865 0.542471 0.221418 0.540541 0.219971 0.542471 0.202605 0.542471 0.201158 0.540541 0.199711 0.540541 0.198263 0.53861 0.195369 0.53861 0.193922 0.53668 0.192475 0.53861 0.18958 0.53861 0.188133 0.540541 0.185239 0.540541 0.183792 0.542471 0.180897 0.542471 0.17945 0.544402 0.167873 0.544402 0.166425 0.546332 0.157742 0.546332 0.154848 0.550193 0.156295 0.552124 0.156295 0.554054 0.173661 0.554054 0.175109 0.555985 0.178003 0.555985 0.17945 0.557915 0.182344 0.557915 0.183792 0.559846 0.183792 0.561776 0.182344 0.563707 0.182344 0.567568 0.180897 0.569498 0.180897 0.571429 0.182344 0.569498 0.188133 0.569498 0.193922 0.561776 0.195369 0.561776 0.198263 0.557915 0.22576 0.557915 0.227207 0.555985 0.230101 0.555985 0.231548 0.554054 0.234443 0.554054 0.23589 0.552124 0.240232 0.552124 0.241679 0.550193 0.244573 0.550193 0.24602 0.548263 0.248915 0.548263 0.250362 0.546332 0.253256 0.546332 0.254703 0.544402 0.259045 0.544402 0.260492 0.542471 0.263386 0.542471 0.264834 0.540541 0.267728 0.540541 0.269175 0.53861 0.269175 0.53668 0.272069 0.532819 0.272069 0.530888 0.273517 0.528958
1 0.23589 0.517375 0.231548 0.523166 0.230101 0.523166 0.227207 0.527027 0.22576 0.527027 0.224313 0.528958 0.222865 0.528958 0.221418 0.530888 0.219971 0.530888 0.221418 0.530888 0.224313 0.534749 0.22576 0.532819 0.231548 0.532819 0.232996 0.530888 0.234443 0.530888 0.23589 0.528958 0.237337 0.528958 0.237337 0.527027 0.238784 0.525097 0.238784 0.523166 0.240232 0.521236 0.238784 0.521236
1 0.445731 0.484556 0.444284 0.486486 0.442836 0.486486 0.441389 0.488417 0.438495 0.488417 0.437048 0.490347 0.435601 0.490347 0.434153 0.492278 0.432706 0.492278 0.431259 0.494208 0.428365 0.494208 0.426918 0.496139 0.42547 0.496139 0.424023 0.498069 0.421129 0.498069 0.419682 0.5 0.418234 0.5 0.416787 0.501931 0.413893 0.501931 0.412446 0.503861 0.409551 0.503861 0.408104 0.505792 0.403763 0.505792 0.402315 0.507722 0.399421 0.507722 0.397974 0.509653 0.393632 0.509653 0.392185 0.511583 0.389291 0.511583 0.387844 0.513514 0.384949 0.513514 0.383502 0.515444 0.379161 0.515444 0.377713 0.517375 0.374819 0.517375 0.373372 0.519305 0.36903 0.519305 0.367583 0.521236 0.364689 0.521236 0.363242 0.523166 0.353111 0.523166 0.351664 0.521236 0.347323 0.521236 0.345876 0.519305 0.344428 0.521236 0.337192 0.521236 0.335745 0.523166 0.327062 0.523166 0.325615 0.525097 0.318379 0.525097 0.315485 0.528958 0.314038 0.528958 0.311143 0.532819 0.309696 0.532819 0.305355 0.53861 0.303907 0.53861 0.301013 0.542471 0.299566 0.542471 0.293777 0.550193 0.29233 0.550193 0.283647 0.561776 0.2822 0.561776 0.276411 0.569498 0.274964 0.569498 0.272069 0.573359 0.270622 0.573359 0.267728 0.57722 0.266281 0.57722 0.263386 0.581081 0.261939 0.581081 0.257598 0.586873 0.259045 0.584942 0.266281 0.584942 0.267728 0.583012 0.269175 0.583012 0.270622 0.581081 0.273517 0.581081 0.274964 0.579151 0.276411 0.579151 0.279305 0.57529 0.279305 0.573359 0.2822 0.569498 0.298119 0.569498 0.299566 0.571429 0.301013 0.569498 0.303907 0.569498 0.305355 0.567568 0.308249 0.567568 0.306802 0.567568 0.303907 0.563707 0.306802 0.559846 0.308249 0.559846 0.309696 0.557915 0.324168 0.557915 0.327062 0.554054 0.328509 0.554054 0.332851 0.548263 0.334298 0.548263 0.337192 0.544402 0.33864 0.544402 0.341534 0.540541 0.34877 0.540541 0.350217 0.53861 0.357453 0.53861 0.3589 0.53668 0.363242 0.53668 0.364689 0.534749 0.370478 0.534749 0.371925 0.532819 0.376266 0.532819 0.377713 0.530888 0.402315 0.530888 0.403763 0.532819 0.40521 0.530888 0.409551 0.530888 0.410999 0.528958 0.413893 0.528958 0.41534 0.527027 0.419682 0.527027 0.419682 0.525097 0.421129 0.523166 0.421129 0.521236 0.422576 0.519305 0.422576 0.517375 0.424023 0.515444 0.424023 0.513514 0.426918 0.509653 0.428365 0.509653 0.431259 0.505792 0.432706 0.505792 0.435601 0.501931 0.437048 0.501931 0.439942 0.498069 0.441389 0.498069 0.444284 0.494208 0.445731 0.494208 0.447178 0.492278 0.450072 0.492278 0.45152 0.490347 0.454414 0.490347 0.452967 0.490347 0.45152 0.488417 0.450072 0.488417 0.448625 0.486486 0.447178 0.486486
1 0.418234 0.420849 0.413893 0.426641 0.412446 0.426641 0.409551 0.430502 0.408104 0.430502 0.406657 0.432432 0.403763 0.432432 0.402315 0.434363 0.397974 0.434363 0.396527 0.436293 0.393632 0.436293 0.392185 0.438224 0.387844 0.438224 0.386397 0.440154 0.384949 0.440154 0.382055 0.444015 0.380608 0.444015 0.382055 0.445946 0.382055 0.447876 0.383502 0.449807 0.383502 0.451737 0.384949 0.449807 0.392185 0.449807 0.393632 0.447876 0.403763 0.447876 0.41534 0.432432 0.416787 0.432432 0.421129 0.426641 0.421129 0.42471 0.422576 0.42278 0.419682 0.42278
1 0.468886 0.397683 0.467438 0.399614 0.465991 0.399614 0.464544 0.401544 0.463097 0.401544 0.46165 0.403475 0.458755 0.403475 0.457308 0.405405 0.455861 0.405405 0.454414 0.407336 0.45152 0.407336 0.450072 0.409266 0.447178 0.409266 0.445731 0.411197 0.442836 0.411197 0.437048 0.418919 0.435601 0.418919 0.431259 0.42471 0.434153 0.428571 0.441389 0.428571 0.442836 0.426641 0.444284 0.426641 0.445731 0.42471 0.448625 0.42471 0.450072 0.42278 0.45152 0.42278 0.452967 0.420849 0.454414 0.420849 0.455861 0.418919 0.458755 0.418919 0.460203 0.416988 0.46165 0.416988 0.463097 0.415058 0.465991 0.415058 0.467438 0.413127 0.468886 0.413127 0.47178 0.409266 0.473227 0.409266 0.474674 0.407336 0.474674 0.403475 0.476122 0.401544 0.476122 0.399614 0.470333 0.399614
1 0.677279 0.162162 0.675832 0.164093 0.675832 0.169884 0.674385 0.171815 0.674385 0.175676 0.675832 0.175676 0.677279 0.177606 0.678726 0.177606 0.680174 0.179537 0.683068 0.179537 0.684515 0.181467 0.685962 0.181467 0.68741 0.183398 0.688857 0.183398 0.690304 0.185328 0.691751 0.185328 0.693198 0.187259 0.696093 0.187259 0.69754 0.189189 0.698987 0.189189 0.700434 0.19112 0.701881 0.19112 0.714906 0.208494 0.713459 0.210425 0.712012 0.210425 0.709117 0.214286 0.70767 0.214286 0.706223 0.216216 0.704776 0.216216 0.701881 0.220077 0.700434 0.220077 0.698987 0.222008 0.69754 0.220077 0.696093 0.220077 0.694645 0.218147 0.691751 0.218147 0.690304 0.216216 0.688857 0.216216 0.68741 0.214286 0.684515 0.214286 0.683068 0.212355 0.681621 0.212355 0.680174 0.210425 0.677279 0.210425 0.672938 0.204633 0.671491 0.204633 0.662808 0.19305 0.66136 0.19305 0.659913 0.19112 0.659913 0.196911 0.658466 0.198842 0.658466 0.210425 0.659913 0.212355 0.659913 0.216216 0.66136 0.218147 0.66136 0.220077 0.662808 0.222008 0.662808 0.223938 0.659913 0.227799 0.658466 0.227799 0.652677 0.235521 0.65123 0.235521 0.645441 0.243243 0.643994 0.243243 0.6411 0.247104 0.639653 0.247104 0.638205 0.249035 0.636758 0.249035 0.635311 0.250965 0.633864 0.250965 0.632417 0.252896 0.63097 0.252896 0.629522 0.254826 0.628075 0.254826 0.626628 0.256757 0.625181 0.256757 0.623734 0.258687 0.620839 0.258687 0.619392 0.260618 0.617945 0.260618 0.616498 0.262548 0.615051 0.262548 0.613603 0.264479 0.612156 0.264479 0.610709 0.266409 0.609262 0.266409 0.607815 0.26834 0.606368 0.26834 0.60492 0.27027 0.603473 0.27027 0.602026 0.272201 0.600579 0.272201 0.599132 0.274131 0.596237 0.274131 0.59479 0.276062 0.593343 0.276062 0.591896 0.277992 0.589001 0.277992 0.587554 0.279923 0.586107 0.279923 0.581766 0.285714 0.580318 0.285714 0.57453 0.293436 0.573082 0.293436 0.570188 0.297297 0.570188 0.318533 0.590449 0.318533 0.590449 0.312741 0.589001 0.310811 0.589001 0.303089 0.590449 0.301158 0.599132 0.301158 0.600579 0.299228 0.60492 0.299228 0.606368 0.297297 0.610709 0.297297 0.612156 0.295367 0.616498 0.295367 0.617945 0.293436 0.622287 0.293436 0.623734 0.291506 0.628075 0.291506 0.628075 0.287645 0.626628 0.285714 0.626628 0.279923 0.625181 0.277992 0.625181 0.274131 0.626628 0.272201 0.629522 0.272201 0.63097 0.27027 0.633864 0.27027 0.635311 0.26834 0.636758 0.27027 0.642547 0.27027 0.643994 0.272201 0.648336 0.272201 0.649783 0.274131 0.655572 0.274131 0.657019 0.276062 0.648336 0.287645 0.648336 0.289575 0.6411 0.299228 0.6411 0.301158 0.642547 0.303089 0.642547 0.305019 0.643994 0.30695 0.643994 0.30888 0.645441 0.310811 0.645441 0.312741 0.646889 0.314672 0.646889 0.316602 0.648336 0.318533 0.648336 0.320463 0.649783 0.322394 0.649783 0.324324 0.66136 0.30888 0.66136 0.30695 0.664255 0.303089 0.664255 0.301158 0.667149 0.297297 0.668596 0.297297 0.670043 0.295367 0.671491 0.295367 0.672938 0.293436 0.674385 0.293436 0.675832 0.291506 0.677279 0.291506 0.678726 0.289575 0.680174 0.289575 0.681621 0.287645 0.683068 0.287645 0.684515 0.285714 0.685962 0.285714 0.68741 0.283784 0.688857 0.283784 0.690304 0.281853 0.691751 0.281853 0.693198 0.279923 0.694645 0.279923 0.696093 0.277992 0.69754 0.277992 0.698987 0.276062 0.700434 0.276062 0.701881 0.274131 0.703329 0.274131 0.704776 0.272201 0.706223 0.274131 0.706223 0.276062 0.70767 0.277992 0.70767 0.279923 0.709117 0.281853 0.709117 0.283784 0.710564 0.285714 0.710564 0.287645 0.712012 0.289575 0.735166 0.289575 0.736614 0.291506 0.759768 0.291506 0.761216 0.293436 0.771346 0.293436 0.772793 0.295367 0.782923 0.295367 0.78437 0.297297 0.795948 0.297297 0.797395 0.299228 0.807525 0.299228 0.814761 0.30888 0.816208 0.30888 0.82055 0.314672 0.819103 0.316602 0.814761 0.316602 0.813314 0.314672 0.808973 0.314672 0.807525 0.312741 0.803184 0.312741 0.801737 0.310811 0.797395 0.310811 0.795948 0.30888 0.791606 0.30888 0.790159 0.30695 0.785818 0.30695 0.78437 0.305019 0.778582 0.305019 0.777135 0.30695 0.77424 0.30695 0.772793 0.30888 0.771346 0.30888 0.769899 0.310811 0.767004 0.310811 0.765557 0.312741 0.76411 0.312741 0.762663 0.314672 0.761216 0.314672 0.759768 0.316602 0.756874 0.316602 0.755427 0.318533 0.75398 0.318533 0.752533 0.320463 0.749638 0.320463 0.748191 0.322394 0.746744 0.322394 0.738061 0.333977 0.738061 0.335907 0.730825 0.34556 0.756874 0.34556 0.758321 0.343629 0.759768 0.343629 0.761216 0.341699 0.76411 0.341699 0.765557 0.339768 0.768452 0.339768 0.769899 0.337838 0.772793 0.337838 0.77424 0.335907 0.775687 0.335907 0.777135 0.333977 0.780029 0.333977 0.781476 0.332046 0.782923 0.333977 0.791606 0.333977 0.793054 0.335907 0.801737 0.335907 0.803184 0.337838 0.811867 0.337838 0.813314 0.339768 0.821997 0.339768 0.823444 0.341699 0.821997 0.343629 0.82055 0.343629 0.819103 0.34556 0.816208 0.34556 0.814761 0.34749 0.813314 0.34749 0.811867 0.349421 0.808973 0.349421 0.807525 0.351351 0.806078 0.351351 0.804631 0.353282 0.801737 0.353282 0.800289 0.355212 0.798842 0.355212 0.797395 0.357143 0.793054 0.357143 0.791606 0.359073 0.788712 0.359073 0.787265 0.361004 0.782923 0.361004 0.781476 0.362934 0.780029 0.362934 0.778582 0.364865 0.777135 0.364865 0.77424 0.368726 0.772793 0.368726 0.771346 0.370656 0.769899 0.370656 0.768452 0.372587 0.765557 0.372587 0.76411 0.374517 0.762663 0.374517 0.761216 0.376448 0.758321 0.376448 0.756874 0.378378 0.755427 0.378378 0.75398 0.380309 0.752533 0.380309 0.751085 0.382239 0.749638 0.382239 0.748191 0.38417 0.746744 0.38417 0.743849 0.388031 0.742402 0.388031 0.740955 0.389961 0.739508 0.389961 0.738061 0.391892 0.736614 0.391892 0.735166 0.393822 0.733719 0.391892 0.733719 0.389961 0.732272 0.388031 0.732272 0.38417 0.730825 0.382239 0.730825 0.380309 0.732272 0.378378 0.735166 0.378378 0.736614 0.376448 0.740955 0.376448 0.742402 0.374517 0.745297 0.374517 0.743849 0.372587 0.743849 0.370656 0.740955 0.366795 0.742402 0.364865 0.749638 0.364865 0.746744 0.364865 0.745297 0.362934 0.742402 0.362934 0.740955 0.361004 0.739508 0.361004 0.738061 0.359073 0.735166 0.359073 0.733719 0.357143 0.730825 0.357143 0.729378 0.355212 0.726483 0.355212 0.725036 0.353282 0.723589 0.353282 0.722142 0.351351 0.719247 0.351351 0.7178 0.349421 0.706223 0.349421 0.704776 0.351351 0.696093 0.351351 0.694645 0.353282 0.684515 0.353282 0.683068 0.355212 0.674385 0.355212 0.672938 0.357143 0.664255 0.357143 0.662808 0.359073 0.649783 0.359073 0.648336 0.361004 0.646889 0.359073 0.636758 0.359073 0.635311 0.357143 0.625181 0.357143 0.623734 0.355212 0.609262 0.355212 0.607815 0.357143 0.603473 0.357143 0.602026 0.359073 0.599132 0.359073 0.597685 0.361004 0.593343 0.361004 0.591896 0.362934 0.589001 0.362934 0.587554 0.364865 0.583213 0.364865 0.581766 0.366795 0.578871 0.366795 0.577424 0.368726 0.57453 0.368726 0.573082 0.370656 0.564399 0.370656 0.562952 0.372587 0.555716 0.372587 0.554269 0.374517 0.545586 0.374517 0.544139 0.376448 0.534009 0.376448 0.532562 0.378378 0.522431 0.378378 0.520984 0.380309 0.510854 0.380309 0.509407 0.382239 0.509407 0.38417 0.507959 0.3861 0.507959 0.388031 0.506512 0.389961 0.507959 0.389961 0.510854 0.393822 0.512301 0.393822 0.513748 0.395753 0.515195 0.395753 0.516643 0.397683 0.51809 0.397683 0.520984 0.401544 0.522431 0.401544 0.523878 0.403475 0.525326 0.403475 0.526773 0.405405 0.52822 0.405405 0.531114 0.409266 0.532562 0.409266 0.534009 0.411197 0.539797 0.411197 0.541245 0.413127 0.547033 0.413127 0.54848 0.411197 0.54848 0.409266 0.552822 0.403475 0.554269 0.405405 0.558611 0.405405 0.560058 0.407336 0.570188 0.407336 0.571635 0.405405 0.573082 0.407336 0.57453 0.407336 0.577424 0.411197 0.578871 0.411197 0.581766 0.415058 0.583213 0.415058 0.586107 0.418919 0.600579 0.418919 0.602026 0.416988 0.615051 0.416988 0.616498 0.415058 0.617945 0.416988 0.617945 0.42278 0.616498 0.42471 0.616498 0.438224 0.615051 0.440154 0.615051 0.445946 0.613603 0.447876 0.612156 0.445946 0.610709 0.445946 0.609262 0.444015 0.606368 0.444015 0.60492 0.442085 0.603473 0.442085 0.602026 0.440154 0.599132 0.440154 0.597685 0.438224 0.596237 0.438224 0.59479 0.436293 0.591896 0.436293 0.590449 0.434363 0.58466 0.434363 0.583213 0.436293 0.580318 0.436293 0.578871 0.438224 0.57453 0.438224 0.573082 0.440154 0.570188 0.440154 0.568741 0.442085 0.567294 0.440154 0.554269 0.440154 0.552822 0.438224 0.539797 0.438224 0.539797 0.471042 0.544139 0.471042 0.545586 0.472973 0.54848 0.472973 0.549928 0.474903 0.554269 0.474903 0.555716 0.476834 0.558611 0.476834 0.560058 0.478764 0.564399 0.478764 0.565847 0.480695 0.568741 0.480695 0.570188 0.482625 0.57453 0.482625 0.575977 0.484556 0.575977 0.5 0.57453 0.501931 0.573082 0.5 0.565847 0.5 0.564399 0.501931 0.549928 0.501931 0.554269 0.507722 0.558611 0.507722 0.560058 0.509653 0.612156 0.509653 0.615051 0.513514 0.615051 0.515444 0.616498 0.517375 0.615051 0.519305 0.603473 0.519305 0.602026 0.521236 0.596237 0.521236 0.59479 0.523166 0.590449 0.523166 0.589001 0.525097 0.560058 0.525097 0.561505 0.527027 0.562952 0.527027 0.567294 0.532819 0.568741 0.532819 0.571635 0.53668 0.577424 0.53668 0.578871 0.53861 0.58466 0.53861 0.587554 0.542471 0.587554 0.544402 0.589001 0.546332 0.589001 0.548263 0.590449 0.550193 0.589001 0.552124 0.583213 0.552124 0.581766 0.554054 0.580318 0.552124 0.575977 0.552124 0.57453 0.550193 0.570188 0.550193 0.568741 0.548263 0.554269 0.548263 0.552822 0.546332 0.53835 0.546332 0.53835 0.548263 0.536903 0.550193 0.536903 0.552124 0.532562 0.557915 0.532562 0.559846 0.52822 0.565637 0.526773 0.563707 0.523878 0.563707 0.522431 0.561776 0.520984 0.561776 0.519537 0.559846 0.516643 0.559846 0.515195 0.557915 0.513748 0.557915 0.512301 0.555985 0.500724 0.555985 0.500724 0.563707 0.496382 0.569498 0.496382 0.571429 0.490593 0.579151 0.487699 0.579151 0.486252 0.581081 0.483357 0.581081 0.48191 0.583012 0.477569 0.583012 0.476122 0.584942 0.473227 0.584942 0.47178 0.586873 0.468886 0.586873 0.467438 0.588803 0.467438 0.590734 0.465991 0.592664 0.465991 0.594595 0.464544 0.596525 0.464544 0.598456 0.463097 0.600386 0.463097 0.602317 0.476122 0.602317 0.477569 0.600386 0.483357 0.600386 0.484805 0.598456 0.492041 0.598456 0.493488 0.596525 0.493488 0.594595 0.496382 0.590734 0.496382 0.588803 0.499276 0.584942 0.500724 0.586873 0.502171 0.586873 0.503618 0.588803 0.506512 0.588803 0.507959 0.590734 0.509407 0.590734 0.510854 0.592664 0.510854 0.594595 0.509407 0.596525 0.509407 0.598456 0.507959 0.600386 0.507959 0.604247 0.506512 0.606178 0.506512 0.610039 0.507959 0.611969 0.507959 0.6139 0.509407 0.61583 0.509407 0.619691 0.510854 0.621622 0.510854 0.623552 0.512301 0.625483 0.512301 0.627413 0.510854 0.629344 0.509407 0.629344 0.507959 0.631274 0.506512 0.631274 0.503618 0.635135 0.502171 0.635135 0.500724 0.637066 0.497829 0.637066 0.496382 0.638996 0.493488 0.638996 0.492041 0.640927 0.487699 0.640927 0.486252 0.642857 0.483357 0.642857 0.48191 0.644788 0.479016 0.644788 0.477569 0.646718 0.474674 0.646718 0.473227 0.648649 0.470333 0.648649 0.468886 0.650579 0.464544 0.650579 0.463097 0.65251 0.460203 0.65251 0.458755 0.65444 0.455861 0.65444 0.454414 0.656371 0.45152 0.656371 0.450072 0.658301 0.448625 0.658301 0.447178 0.660232 0.444284 0.660232 0.442836 0.662162 0.441389 0.662162 0.439942 0.664093 0.437048 0.664093 0.437048 0.666023 0.435601 0.667954 0.435601 0.669884 0.441389 0.669884 0.442836 0.667954 0.450072 0.667954 0.45152 0.666023 0.46165 0.666023 0.463097 0.667954 0.455861 0.677606 0.455861 0.679537 0.457308 0.681467 0.457308 0.683398 0.458755 0.685328 0.458755 0.687259 0.458755 0.685328 0.46165 0.681467 0.46165 0.679537 0.463097 0.677606 0.463097 0.675676 0.465991 0.671815 0.477569 0.671815 0.480463 0.667954 0.480463 0.666023 0.484805 0.660232 0.525326 0.660232 0.526773 0.658301 0.529667 0.658301 0.531114 0.656371 0.532562 0.656371 0.534009 0.65444 0.536903 0.65444 0.536903 0.648649 0.53835 0.646718 0.53835 0.640927 0.539797 0.638996 0.542692 0.638996 0.544139 0.637066 0.545586 0.637066 0.547033 0.635135 0.549928 0.635135 0.551375 0.633205 0.552822 0.635135 0.554269 0.635135 0.555716 0.637066 0.557164 0.637066 0.558611 0.638996 0.560058 0.638996 0.561505 0.640927 0.562952 0.640927 0.564399 0.642857 0.565847 0.642857 0.567294 0.644788 0.567294 0.65251 0.568741 0.65444 0.568741 0.660232 0.57453 0.660232 0.575977 0.662162 0.581766 0.662162 0.583213 0.664093 0.589001 0.664093 0.590449 0.666023 0.596237 0.666023 0.597685 0.667954 0.603473 0.667954 0.60492 0.669884 0.610709 0.669884 0.612156 0.671815 0.612156 0.673745 0.613603 0.675676 0.613603 0.677606 0.612156 0.679537 0.609262 0.679537 0.607815 0.681467 0.60492 0.681467 0.603473 0.683398 0.600579 0.683398 0.599132 0.685328 0.596237 0.685328 0.596237 0.687259 0.59479 0.689189 0.59479 0.69112 0.593343 0.69305 0.593343 0.694981 0.591896 0.696911 0.591896 0.698842 0.590449 0.700772 0.615051 0.700772 0.616498 0.702703 0.619392 0.702703 0.620839 0.704633 0.623734 0.704633 0.625181 0.706564 0.626628 0.706564 0.628075 0.708494 0.629522 0.708494 0.63097 0.710425 0.632417 0.710425 0.633864 0.712355 0.635311 0.712355 0.636758 0.714286 0.639653 0.714286 0.6411 0.716216 0.642547 0.716216 0.643994 0.718147 0.645441 0.718147 0.646889 0.720077 0.648336 0.720077 0.649783 0.722008 0.65123 0.722008 0.652677 0.723938 0.657019 0.723938 0.658466 0.725869 0.662808 0.725869 0.664255 0.727799 0.667149 0.727799 0.668596 0.72973 0.672938 0.72973 0.674385 0.73166 0.678726 0.73166 0.680174 0.733591 0.69754 0.733591 0.698987 0.73166 0.701881 0.735521 0.703329 0.735521 0.70767 0.741313 0.709117 0.741313 0.712012 0.745174 0.713459 0.745174 0.716353 0.749035 0.716353 0.750965 0.7178 0.752896 0.7178 0.754826 0.719247 0.756757 0.714906 0.762548 0.714906 0.764479 0.710564 0.77027 0.70767 0.77027 0.706223 0.772201 0.703329 0.772201 0.701881 0.774131 0.698987 0.774131 0.69754 0.776062 0.694645 0.776062 0.693198 0.777992 0.690304 0.777992 0.688857 0.779923 0.685962 0.779923 0.684515 0.781853 0.677279 0.781853 0.675832 0.783784 0.670043 0.783784 0.668596 0.785714 0.66136 0.785714 0.659913 0.787645 0.649783 0.787645 0.648336 0.789575 0.638205 0.789575 0.636758 0.791506 0.626628 0.791506 0.625181 0.793436 0.623734 0.791506 0.619392 0.791506 0.617945 0.789575 0.612156 0.789575 0.610709 0.787645 0.602026 0.787645 0.600579 0.789575 0.59479 0.789575 0.593343 0.791506 0.589001 0.791506 0.589001 0.793436 0.590449 0.795367 0.590449 0.801158 0.591896 0.803089 0.600579 0.803089 0.602026 0.805019 0.602026 0.812741 0.603473 0.814672 0.603473 0.820463 0.607815 0.820463 0.609262 0.822394 0.613603 0.822394 0.615051 0.824324 0.619392 0.824324 0.620839 0.826255 0.625181 0.826255 0.626628 0.828185 0.635311 0.828185 0.636758 0.826255 0.639653 0.826255 0.6411 0.824324 0.645441 0.824324 0.646889 0.822394 0.649783 0.822394 0.65123 0.820463 0.655572 0.820463 0.657019 0.818533 0.658466 0.820463 0.672938 0.820463 0.681621 0.832046 0.678726 0.835907 0.678726 0.837838 0.671491 0.84749 0.671491 0.849421 0.670043 0.851351 0.671491 0.849421 0.672938 0.849421 0.674385 0.84749 0.677279 0.84749 0.678726 0.84556 0.680174 0.84556 0.681621 0.843629 0.684515 0.843629 0.685962 0.841699 0.68741 0.841699 0.688857 0.839768 0.690304 0.841699 0.690304 0.84556 0.691751 0.84749 0.691751 0.853282 0.693198 0.855212 0.693198 0.861004 0.694645 0.862934 0.694645 0.866795 0.693198 0.868726 0.685962 0.868726 0.684515 0.870656 0.675832 0.870656 0.674385 0.872587 0.667149 0.872587 0.668596 0.874517 0.668596 0.876448 0.670043 0.878378 0.670043 0.880309 0.671491 0.882239 0.671491 0.88417 0.674385 0.888031 0.674385 0.889961 0.675832 0.891892 0.675832 0.893822 0.677279 0.895753 0.677279 0.899614 0.675832 0.901544 0.675832 0.907336 0.674385 0.909266 0.674385 0.915058 0.672938 0.916988 0.672938 0.920849 0.668596 0.926641 0.667149 0.926641 0.66136 0.934363 0.659913 0.934363 0.654124 0.942085 0.652677 0.942085 0.646889 0.949807 0.645441 0.949807 0.642547 0.953668 0.6411 0.953668 0.636758 0.959459 0.635311 0.959459 0.632417 0.96332 0.63097 0.96332 0.628075 0.967181 0.626628 0.967181 0.622287 0.972973 0.620839 0.972973 0.617945 0.976834 0.616498 0.976834 0.613603 0.980695 0.58466 0.980695 0.583213 0.982625 0.581766 0.980695 0.578871 0.980695 0.577424 0.978764 0.573082 0.978764 0.571635 0.976834 0.568741 0.976834 0.567294 0.978764 0.567294 0.980695 0.562952 0.986486 0.562952 0.988417 0.558611 0.994208 0.558611 0.996139 0.557164 0.998069 0.622287 0.998069 0.622287 0.996139 0.623734 0.994208 0.623734 0.992278 0.625181 0.990347 0.625181 0.988417 0.626628 0.986486 0.626628 0.984556 0.628075 0.982625 0.628075 0.980695 0.632417 0.974903 0.632417 0.972973 0.636758 0.967181 0.636758 0.965251 0.6411 0.959459 0.642547 0.959459 0.645441 0.955598 0.646889 0.955598 0.649783 0.951737 0.65123 0.951737 0.655572 0.945946 0.657019 0.945946 0.659913 0.942085 0.66136 0.942085 0.664255 0.938224 0.665702 0.938224 0.684515 0.913127 0.685962 0.915058 0.685962 0.916988 0.68741 0.918919 0.68741 0.920849 0.688857 0.92278 0.688857 0.92471 0.690304 0.926641 0.690304 0.934363 0.691751 0.936293 0.691751 0.942085 0.690304 0.944015 0.690304 0.945946 0.688857 0.947876 0.688857 0.949807 0.68741 0.951737 0.690304 0.947876 0.691751 0.947876 0.69754 0.940154 0.69754 0.938224 0.698987 0.936293 0.698987 0.932432 0.700434 0.930502 0.700434 0.92471 0.698987 0.92278 0.698987 0.916988 0.69754 0.915058 0.69754 0.909266 0.698987 0.907336 0.698987 0.903475 0.700434 0.901544 0.700434 0.897683 0.701881 0.895753 0.701881 0.878378 0.703329 0.876448 0.703329 0.832046 0.704776 0.830116 0.70767 0.830116 0.709117 0.828185 0.712012 0.828185 0.713459 0.826255 0.714906 0.826255 0.716353 0.824324 0.719247 0.824324 0.720695 0.822394 0.723589 0.822394 0.725036 0.820463 0.725036 0.818533 0.726483 0.816602 0.726483 0.814672 0.727931 0.812741 0.727931 0.810811 0.729378 0.80888 0.729378 0.80695 0.730825 0.805019 0.730825 0.803089 0.733719 0.799228 0.733719 0.797297 0.736614 0.793436 0.736614 0.791506 0.738061 0.789575 0.738061 0.787645 0.740955 0.783784 0.740955 0.781853 0.742402 0.779923 0.742402 0.777992 0.745297 0.774131 0.765557 0.774131 0.768452 0.77027 0.769899 0.77027 0.771346 0.76834 0.772793 0.76834 0.77424 0.766409 0.775687 0.766409 0.778582 0.762548 0.780029 0.762548 0.781476 0.760618 0.787265 0.760618 0.788712 0.758687 0.794501 0.758687 0.795948 0.756757 0.800289 0.756757 0.801737 0.754826 0.807525 0.754826 0.808973 0.752896 0.823444 0.752896 0.824891 0.750965 0.826339 0.750965 0.827786 0.749035 0.829233 0.749035 0.83068 0.747104 0.832127 0.747104 0.833575 0.745174 0.835022 0.745174 0.835022 0.743243 0.836469 0.741313 0.836469 0.735521 0.837916 0.733591 0.833575 0.733591 0.832127 0.735521 0.826339 0.735521 0.824891 0.737452 0.819103 0.737452 0.817656 0.739382 0.813314 0.739382 0.811867 0.741313 0.806078 0.741313 0.804631 0.743243 0.798842 0.743243 0.797395 0.745174 0.791606 0.745174 0.790159 0.747104 0.787265 0.747104 0.785818 0.749035 0.782923 0.749035 0.781476 0.750965 0.778582 0.750965 0.777135 0.752896 0.77424 0.752896 0.772793 0.754826 0.769899 0.754826 0.768452 0.756757 0.765557 0.756757 0.76411 0.758687 0.761216 0.758687 0.759768 0.760618 0.756874 0.760618 0.755427 0.762548 0.75398 0.760618 0.752533 0.760618 0.751085 0.758687 0.748191 0.758687 0.746744 0.756757 0.745297 0.756757 0.743849 0.754826 0.740955 0.754826 0.739508 0.752896 0.738061 0.752896 0.736614 0.750965 0.735166 0.750965 0.733719 0.749035 0.732272 0.749035 0.730825 0.747104 0.729378 0.747104 0.727931 0.745174 0.726483 0.745174 0.725036 0.743243 0.723589 0.743243 0.722142 0.741313 0.720695 0.741313 0.719247 0.739382 0.7178 0.739382 0.716353 0.737452 0.714906 0.737452 0.713459 0.735521 0.712012 0.735521 0.710564 0.733591 0.709117 0.733591 0.70767 0.73166 0.706223 0.73166 0.704776 0.72973 0.703329 0.72973 0.701881 0.727799 0.700434 0.727799 0.698987 0.725869 0.69754 0.725869 0.696093 0.723938 0.694645 0.723938 0.693198 0.722008 0.691751 0.722008 0.690304 0.720077 0.690304 0.718147 0.691751 0.716216 0.691751 0.710425 0.693198 0.708494 0.693198 0.700772 0.694645 0.698842 0.694645 0.69305 0.696093 0.69112 0.696093 0.687259 0.693198 0.687259 0.691751 0.685328 0.688857 0.685328 0.68741 0.683398 0.685962 0.683398 0.684515 0.681467 0.681621 0.681467 0.680174 0.679537 0.677279 0.679537 0.675832 0.677606 0.672938 0.677606 0.671491 0.675676 0.667149 0.675676 0.665702 0.673745 0.662808 0.673745 0.66136 0.671815 0.657019 0.671815 0.655572 0.669884 0.652677 0.669884 0.646889 0.662162 0.645441 0.662162 0.639653 0.65444 0.638205 0.65444 0.636758 0.65251 0.635311 0.65251 0.633864 0.650579 0.63097 0.650579 0.629522 0.648649 0.628075 0.648649 0.626628 0.646718 0.625181 0.646718 0.623734 0.644788 0.622287 0.644788 0.620839 0.642857 0.619392 0.642857 0.617945 0.640927 0.616498 0.640927 0.615051 0.638996 0.612156 0.638996 0.610709 0.637066 0.609262 0.637066 0.607815 0.635135 0.606368 0.635135 0.60492 0.633205 0.603473 0.633205 0.602026 0.631274 0.600579 0.631274 0.599132 0.629344 0.596237 0.629344 0.59479 0.627413 0.593343 0.627413 0.591896 0.625483 0.593343 0.627413 0.593343 0.629344 0.59479 0.631274 0.593343 0.633205 0.575977 0.633205 0.57453 0.631274 0.57453 0.629344 0.575977 0.627413 0.575977 0.625483 0.531114 0.625483 0.529667 0.627413 0.52822 0.625483 0.52822 0.623552 0.526773 0.621622 0.526773 0.61583 0.525326 0.6139 0.525326 0.610039 0.523878 0.608108 0.523878 0.606178 0.525326 0.604247 0.529667 0.604247 0.531114 0.602317 0.536903 0.602317 0.53835 0.600386 0.542692 0.600386 0.544139 0.598456 0.545586 0.598456 0.547033 0.596525 0.54848 0.596525 0.549928 0.594595 0.551375 0.594595 0.552822 0.592664 0.554269 0.592664 0.555716 0.590734 0.557164 0.590734 0.558611 0.588803 0.561505 0.588803 0.562952 0.586873 0.564399 0.586873 0.565847 0.584942 0.567294 0.584942 0.568741 0.583012 0.570188 0.583012 0.571635 0.581081 0.573082 0.581081 0.57453 0.579151 0.575977 0.579151 0.577424 0.57722 0.580318 0.57722 0.581766 0.57529 0.583213 0.57529 0.58466 0.573359 0.587554 0.573359 0.589001 0.571429 0.591896 0.571429 0.593343 0.569498 0.59479 0.569498 0.596237 0.567568 0.599132 0.567568 0.600579 0.565637 0.602026 0.567568 0.609262 0.567568 0.610709 0.569498 0.619392 0.569498 0.620839 0.571429 0.632417 0.571429 0.633864 0.573359 0.646889 0.573359 0.648336 0.57529 0.659913 0.57529 0.66136 0.57722 0.66136 0.583012 0.662808 0.584942 0.662808 0.588803 0.65123 0.604247 0.65123 0.606178 0.652677 0.608108 0.652677 0.610039 0.655572 0.6139 0.657019 0.6139 0.659913 0.617761 0.66136 0.617761 0.665702 0.623552 0.667149 0.623552 0.670043 0.627413 0.671491 0.627413 0.674385 0.631274 0.677279 0.631274 0.678726 0.633205 0.681621 0.633205 0.683068 0.635135 0.685962 0.635135 0.68741 0.637066 0.688857 0.637066 0.690304 0.638996 0.693198 0.638996 0.694645 0.640927 0.696093 0.640927 0.69754 0.642857 0.700434 0.642857 0.701881 0.644788 0.703329 0.644788 0.704776 0.646718 0.706223 0.646718 0.70767 0.648649 0.710564 0.648649 0.712012 0.650579 0.713459 0.650579 0.714906 0.65251 0.7178 0.65251 0.719247 0.65444 0.720695 0.65444 0.722142 0.656371 0.725036 0.656371 0.726483 0.658301 0.729378 0.658301 0.730825 0.660232 0.733719 0.660232 0.735166 0.662162 0.738061 0.662162 0.739508 0.664093 0.742402 0.664093 0.743849 0.666023 0.746744 0.666023 0.748191 0.667954 0.751085 0.667954 0.752533 0.669884 0.755427 0.669884 0.756874 0.671815 0.759768 0.671815 0.761216 0.673745 0.762663 0.673745 0.762663 0.671815 0.761216 0.669884 0.761216 0.666023 0.758321 0.666023 0.756874 0.664093 0.75398 0.664093 0.752533 0.662162 0.751085 0.662162 0.749638 0.660232 0.746744 0.660232 0.745297 0.658301 0.742402 0.658301 0.740955 0.656371 0.738061 0.656371 0.736614 0.65444 0.735166 0.65444 0.733719 0.65251 0.730825 0.65251 0.729378 0.650579 0.726483 0.650579 0.725036 0.648649 0.726483 0.646718 0.727931 0.646718 0.729378 0.644788 0.730825 0.644788 0.732272 0.642857 0.733719 0.642857 0.735166 0.640927 0.736614 0.640927 0.735166 0.640927 0.732272 0.637066 0.730825 0.637066 0.729378 0.635135 0.727931 0.635135 0.726483 0.633205 0.725036 0.633205 0.722142 0.629344 0.720695 0.629344 0.719247 0.627413 0.719247 0.625483 0.7178 0.623552 0.7178 0.621622 0.716353 0.619691 0.716353 0.617761 0.714906 0.61583 0.714906 0.6139 0.713459 0.611969 0.713459 0.610039 0.712012 0.608108 0.712012 0.606178 0.710564 0.604247 0.710564 0.602317 0.709117 0.600386 0.709117 0.598456 0.70767 0.596525 0.70767 0.594595 0.706223 0.592664 0.706223 0.590734 0.704776 0.590734 0.703329 0.588803 0.700434 0.588803 0.698987 0.586873 0.69754 0.586873 0.696093 0.584942 0.693198 0.584942 0.691751 0.583012 0.690304 0.583012 0.688857 0.581081 0.685962 0.581081 0.684515 0.579151 0.683068 0.579151 0.681621 0.57722 0.681621 0.569498 0.680174 0.567568 0.680174 0.559846 0.681621 0.557915 0.683068 0.557915 0.684515 0.555985 0.685962 0.555985 0.68741 0.554054 0.690304 0.554054 0.691751 0.552124 0.693198 0.552124 0.694645 0.550193 0.696093 0.550193 0.69754 0.548263 0.698987 0.548263 0.698987 0.546332 0.69754 0.544402 0.69754 0.540541 0.696093 0.53861 0.696093 0.532819 0.694645 0.530888 0.694645 0.527027 0.693198 0.525097 0.693198 0.523166 0.701881 0.511583 0.701881 0.509653 0.703329 0.507722 0.703329 0.505792 0.704776 0.503861 0.704776 0.501931 0.706223 0.5 0.706223 0.498069 0.70767 0.496139 0.70767 0.494208 0.7178 0.480695 0.719247 0.482625 0.720695 0.482625 0.723589 0.486486 0.725036 0.486486 0.727931 0.490347 0.729378 0.490347 0.730825 0.492278 0.732272 0.492278 0.735166 0.496139 0.736614 0.496139 0.738061 0.498069 0.740955 0.498069 0.742402 0.5 0.748191 0.5 0.749638 0.498069 0.751085 0.498069 0.752533 0.496139 0.755427 0.496139 0.756874 0.494208 0.758321 0.494208 0.759768 0.492278 0.761216 0.492278 0.762663 0.490347 0.76411 0.490347 0.761216 0.486486 0.759768 0.486486 0.751085 0.474903 0.749638 0.474903 0.745297 0.469112 0.746744 0.467181 0.769899 0.467181 0.771346 0.469112 0.775687 0.469112 0.777135 0.471042 0.781476 0.471042 0.782923 0.472973 0.787265 0.472973 0.788712 0.474903 0.793054 0.474903 0.794501 0.476834 0.798842 0.476834 0.800289 0.478764 0.804631 0.478764 0.806078 0.480695 0.808973 0.480695 0.808973 0.478764 0.81042 0.476834 0.81042 0.467181 0.811867 0.465251 0.811867 0.457529 0.813314 0.455598 0.813314 0.447876 0.814761 0.445946 0.814761 0.436293 0.816208 0.434363 0.816208 0.430502 0.817656 0.428571 0.819103 0.430502 0.84081 0.430502 0.842258 0.432432 0.86686 0.432432 0.868307 0.430502 0.871201 0.430502 0.872648 0.428571 0.874096 0.428571 0.875543 0.426641 0.87699 0.426641 0.878437 0.42471 0.881331 0.42471 0.882779 0.42278 0.884226 0.42278 0.885673 0.420849 0.888567 0.420849 0.890014 0.418919 0.894356 0.418919 0.895803 0.416988 0.898698 0.416988 0.900145 0.415058 0.903039 0.415058 0.904486 0.413127 0.907381 0.416988 0.907381 0.418919 0.908828 0.420849 0.908828 0.42278 0.910275 0.42471 0.910275 0.426641 0.911722 0.428571 0.911722 0.430502 0.913169 0.432432 0.913169 0.434363 0.914616 0.436293 0.914616 0.438224 0.916064 0.440154 0.916064 0.442085 0.920405 0.447876 0.920405 0.449807 0.926194 0.457529 0.926194 0.459459 0.931983 0.467181 0.931983 0.469112 0.934877 0.472973 0.934877 0.492278 0.93343 0.494208 0.929088 0.494208 0.927641 0.496139 0.9233 0.496139 0.921852 0.498069 0.917511 0.498069 0.916064 0.5 0.913169 0.5 0.911722 0.501931 0.907381 0.501931 0.905933 0.503861 0.901592 0.503861 0.901592 0.523166 0.903039 0.521236 0.904486 0.521236 0.905933 0.519305 0.908828 0.519305 0.910275 0.517375 0.911722 0.517375 0.913169 0.515444 0.914616 0.515444 0.916064 0.513514 0.917511 0.515444 0.917511 0.521236 0.913169 0.527027 0.911722 0.527027 0.905933 0.534749 0.904486 0.534749 0.901592 0.53861 0.904486 0.542471 0.918958 0.542471 0.920405 0.544402 0.936324 0.544402 0.937771 0.546332 0.937771 0.561776 0.936324 0.563707 0.934877 0.563707 0.93343 0.565637 0.931983 0.565637 0.930535 0.567568 0.929088 0.567568 0.927641 0.569498 0.926194 0.569498 0.924747 0.571429 0.9233 0.571429 0.921852 0.573359 0.920405 0.573359 0.918958 0.57529 0.917511 0.57529 0.916064 0.57722 0.914616 0.57722 0.913169 0.579151 0.901592 0.579151 0.900145 0.581081 0.888567 0.581081 0.88712 0.583012 0.875543 0.583012 0.875543 0.588803 0.874096 0.590734 0.874096 0.600386 0.872648 0.602317 0.872648 0.608108 0.871201 0.610039 0.869754 0.610039 0.86686 0.6139 0.865412 0.6139 0.862518 0.617761 0.861071 0.617761 0.858177 0.621622 0.856729 0.621622 0.856729 0.623552 0.855282 0.625483 0.855282 0.627413 0.853835 0.629344 0.853835 0.631274 0.852388 0.633205 0.852388 0.635135 0.850941 0.637066 0.850941 0.638996 0.849493 0.640927 0.849493 0.642857 0.848046 0.644788 0.848046 0.646718 0.846599 0.648649 0.846599 0.650579 0.845152 0.65251 0.845152 0.656371 0.846599 0.658301 0.846599 0.662162 0.848046 0.664093 0.855282 0.664093 0.856729 0.662162 0.86686 0.662162 0.868307 0.660232 0.87699 0.660232 0.878437 0.658301 0.878437 0.656371 0.881331 0.65251 0.881331 0.650579 0.882779 0.648649 0.882779 0.646718 0.885673 0.642857 0.885673 0.640927 0.907381 0.611969 0.916064 0.623552 0.917511 0.623552 0.9233 0.631274 0.926194 0.631274 0.927641 0.629344 0.931983 0.629344 0.93343 0.627413 0.936324 0.627413 0.937771 0.625483 0.940666 0.625483 0.940666 0.623552 0.939219 0.621622 0.939219 0.619691 0.937771 0.617761 0.937771 0.61583 0.936324 0.6139 0.936324 0.611969 0.934877 0.610039 0.934877 0.600386 0.93343 0.598456 0.93343 0.592664 0.934877 0.590734 0.998553 0.590734 0.998553 0.57722 0.965268 0.57722 0.963821 0.579151 0.962373 0.57722 0.959479 0.57722 0.958032 0.57529 0.956585 0.57529 0.955137 0.573359 0.952243 0.573359 0.950796 0.571429 0.950796 0.559846 0.952243 0.557915 0.952243 0.540541 0.95369 0.53861 0.95369 0.528958 0.955137 0.527027 0.955137 0.521236 0.956585 0.519305 0.959479 0.519305 0.960926 0.517375 0.965268 0.517375 0.966715 0.515444 0.969609 0.515444 0.971056 0.513514 0.973951 0.513514 0.975398 0.511583 0.97974 0.511583 0.981187 0.509653 0.984081 0.509653 0.985528 0.507722 0.988423 0.507722 0.98987 0.505792 0.994211 0.505792 0.995658 0.503861 0.998553 0.503861 0.998553 0.266409 0.995658 0.266409 0.994211 0.264479 0.988423 0.264479 0.986975 0.262548 0.982634 0.262548 0.981187 0.260618 0.975398 0.260618 0.973951 0.258687 0.969609 0.258687 0.968162 0.256757 0.962373 0.256757 0.960926 0.254826 0.956585 0.254826 0.955137 0.252896 0.946454 0.252896 0.945007 0.250965 0.934877 0.250965 0.93343 0.249035 0.924747 0.249035 0.9233 0.247104 0.921852 0.247104 0.920405 0.245174 0.918958 0.245174 0.917511 0.243243 0.916064 0.243243 0.914616 0.241313 0.913169 0.241313 0.911722 0.239382 0.910275 0.239382 0.908828 0.237452 0.907381 0.237452 0.905933 0.235521 0.904486 0.235521 0.903039 0.233591 0.900145 0.233591 0.898698 0.23166 0.89725 0.23166 0.895803 0.22973 0.894356 0.22973 0.892909 0.227799 0.891462 0.227799 0.890014 0.225869 0.888567 0.225869 0.88712 0.223938 0.885673 0.223938 0.884226 0.222008 0.882779 0.222008 0.881331 0.220077 0.879884 0.220077 0.878437 0.218147 0.875543 0.218147 0.874096 0.216216 0.86686 0.216216 0.865412 0.214286 0.856729 0.214286 0.855282 0.212355 0.848046 0.212355 0.846599 0.210425 0.832127 0.210425 0.83068 0.208494 0.816208 0.208494 0.814761 0.206564 0.800289 0.206564 0.794501 0.198842 0.793054 0.198842 0.78437 0.187259 0.782923 0.187259 0.777135 0.179537 0.77424 0.179537 0.772793 0.177606 0.769899 0.177606 0.768452 0.175676 0.76411 0.175676 0.762663 0.173745 0.759768 0.173745 0.758321 0.171815 0.755427 0.171815 0.75398 0.169884 0.751085 0.169884 0.749638 0.167954 0.745297 0.167954 0.743849 0.166023 0.740955 0.166023 0.739508 0.164093 0.727931 0.164093 0.726483 0.162162
1 0.586107 0.140927 0.58466 0.142857 0.583213 0.142857 0.580318 0.146718 0.578871 0.146718 0.575977 0.150579 0.57453 0.150579 0.573082 0.15251 0.573082 0.164093 0.583213 0.164093 0.58466 0.166023 0.583213 0.167954 0.583213 0.169884 0.581766 0.171815 0.581766 0.173745 0.578871 0.177606 0.578871 0.179537 0.577424 0.181467 0.577424 0.183398 0.575977 0.185328 0.575977 0.187259 0.577424 0.185328 0.578871 0.185328 0.583213 0.179537 0.58466 0.179537 0.589001 0.173745 0.590449 0.175676 0.596237 0.175676 0.597685 0.177606 0.596237 0.179537 0.596237 0.181467 0.593343 0.185328 0.593343 0.187259 0.591896 0.189189 0.591896 0.19112 0.589001 0.194981 0.587554 0.194981 0.586107 0.196911 0.58466 0.196911 0.583213 0.198842 0.581766 0.198842 0.580318 0.200772 0.578871 0.200772 0.577424 0.202703 0.577424 0.204633 0.573082 0.210425 0.573082 0.212355 0.570188 0.216216 0.560058 0.216216 0.558611 0.218147 0.54848 0.218147 0.547033 0.220077 0.536903 0.220077 0.536903 0.222008 0.535456 0.223938 0.535456 0.227799 0.541245 0.227799 0.542692 0.22973 0.54848 0.22973 0.549928 0.23166 0.54848 0.233591 0.54848 0.235521 0.547033 0.237452 0.547033 0.239382 0.544139 0.243243 0.526773 0.243243 0.51809 0.254826 0.516643 0.254826 0.515195 0.256757 0.512301 0.256757 0.510854 0.258687 0.509407 0.258687 0.507959 0.260618 0.506512 0.260618 0.505065 0.262548 0.502171 0.262548 0.500724 0.264479 0.499276 0.264479 0.497829 0.266409 0.496382 0.264479 0.496382 0.262548 0.494935 0.260618 0.494935 0.258687 0.490593 0.258687 0.489146 0.260618 0.484805 0.260618 0.48191 0.264479 0.48191 0.266409 0.477569 0.272201 0.474674 0.272201 0.473227 0.274131 0.470333 0.274131 0.468886 0.276062 0.467438 0.276062 0.465991 0.277992 0.464544 0.277992 0.463097 0.279923 0.460203 0.279923 0.458755 0.281853 0.457308 0.281853 0.455861 0.283784 0.454414 0.283784 0.452967 0.285714 0.45152 0.285714 0.450072 0.287645 0.448625 0.287645 0.447178 0.289575 0.445731 0.289575 0.444284 0.291506 0.441389 0.291506 0.439942 0.293436 0.438495 0.293436 0.437048 0.295367 0.435601 0.295367 0.434153 0.297297 0.432706 0.297297 0.429812 0.301158 0.428365 0.301158 0.422576 0.30888 0.421129 0.30888 0.418234 0.312741 0.416787 0.310811 0.412446 0.310811 0.410999 0.30888 0.40521 0.30888 0.402315 0.312741 0.400868 0.312741 0.393632 0.322394 0.393632 0.324324 0.389291 0.330116 0.389291 0.332046 0.384949 0.337838 0.384949 0.339768 0.383502 0.341699 0.383502 0.343629 0.382055 0.34556 0.379161 0.34556 0.377713 0.34749 0.376266 0.34749 0.374819 0.349421 0.371925 0.349421 0.370478 0.351351 0.36903 0.351351 0.367583 0.353282 0.361795 0.353282 0.360347 0.355212 0.354559 0.355212 0.353111 0.357143 0.347323 0.357143 0.345876 0.359073 0.341534 0.359073 0.340087 0.361004 0.337192 0.361004 0.335745 0.362934 0.331404 0.362934 0.329957 0.364865 0.327062 0.364865 0.325615 0.366795 0.324168 0.366795 0.322721 0.368726 0.321274 0.368726 0.319826 0.370656 0.318379 0.370656 0.316932 0.372587 0.314038 0.372587 0.31259 0.374517 0.311143 0.374517 0.309696 0.376448 0.308249 0.376448 0.306802 0.378378 0.305355 0.378378 0.303907 0.380309 0.301013 0.380309 0.299566 0.382239 0.295224 0.382239 0.293777 0.38417 0.290883 0.38417 0.289436 0.3861 0.286541 0.3861 0.285094 0.388031 0.280753 0.388031 0.279305 0.389961 0.276411 0.389961 0.274964 0.391892 0.273517 0.391892 0.272069 0.393822 0.270622 0.393822 0.269175 0.395753 0.267728 0.395753 0.266281 0.397683 0.264834 0.397683 0.263386 0.399614 0.261939 0.399614 0.260492 0.401544 0.259045 0.401544 0.257598 0.403475 0.257598 0.405405 0.253256 0.411197 0.253256 0.413127 0.250362 0.416988 0.24602 0.416988 0.244573 0.418919 0.241679 0.418919 0.240232 0.420849 0.237337 0.420849 0.23589 0.42278 0.231548 0.42278 0.230101 0.42471 0.227207 0.42471 0.22576 0.426641 0.222865 0.426641 0.221418 0.428571 0.218524 0.428571 0.217077 0.430502 0.214182 0.430502 0.212735 0.432432 0.204052 0.432432 0.202605 0.434363 0.195369 0.434363 0.193922 0.436293 0.193922 0.438224 0.192475 0.440154 0.192475 0.442085 0.191027 0.444015 0.191027 0.445946 0.18958 0.447876 0.18958 0.449807 0.185239 0.455598 0.183792 0.455598 0.180897 0.459459 0.17945 0.459459 0.176556 0.46332 0.175109 0.46139 0.170767 0.46139 0.16932 0.459459 0.164978 0.459459 0.160637 0.453668 0.160637 0.451737 0.15919 0.449807 0.144718 0.469112 0.138929 0.469112 0.137482 0.471042 0.13314 0.471042 0.131693 0.472973 0.125904 0.472973 0.124457 0.474903 0.120116 0.474903 0.118669 0.476834 0.117221 0.476834 0.114327 0.480695 0.11288 0.480695 0.109986 0.484556 0.108538 0.484556 0.105644 0.488417 0.104197 0.488417 0.10275 0.490347 0.118669 0.490347 0.120116 0.492278 0.12301 0.492278 0.124457 0.494208 0.127352 0.494208 0.128799 0.496139 0.131693 0.496139 0.13314 0.498069 0.131693 0.5 0.130246 0.5 0.128799 0.501931 0.127352 0.501931 0.124457 0.505792 0.12301 0.505792 0.121563 0.507722 0.120116 0.505792 0.092619 0.505792 0.086831 0.513514 0.085384 0.513514 0.0767 0.525097 0.075253 0.525097 0.069465 0.532819 0.062229 0.532819 0.060781 0.534749 0.054993 0.534749 0.053546 0.53668 0.050651 0.53668 0.049204 0.53861 0.047757 0.53861 0.04631 0.540541 0.043415 0.540541 0.041968 0.542471 0.040521 0.542471 0.039074 0.544402 0.036179 0.544402 0.034732 0.546332 0.034732 0.548263 0.030391 0.554054 0.030391 0.555985 0.027496 0.559846 0.027496 0.561776 0.023155 0.567568 0.023155 0.569498 0.02026 0.573359 0.015919 0.573359 0.014472 0.57529 0.011577 0.57529 0.01013 0.57722 0.005789 0.57722 0.004342 0.579151 0.001447 0.579151 0.0 0.581081 0.0 0.656371 0.008683 0.656371 0.01013 0.65444 0.011577 0.65444 0.013025 0.65251 0.014472 0.65251 0.015919 0.650579 0.017366 0.650579 0.018813 0.648649 0.02026 0.648649 0.021708 0.646718 0.023155 0.646718 0.027496 0.640927 0.028944 0.640927 0.033285 0.635135 0.028944 0.629344 0.027496 0.629344 0.023155 0.623552 0.033285 0.610039 0.044863 0.610039 0.04631 0.611969 0.052098 0.611969 0.053546 0.610039 0.053546 0.606178 0.054993 0.604247 0.054993 0.600386 0.05644 0.598456 0.05644 0.594595 0.057887 0.592664 0.057887 0.588803 0.059334 0.586873 0.059334 0.583012 0.060781 0.581081 0.060781 0.57722 0.062229 0.57529 0.062229 0.573359 0.065123 0.569498 0.06657 0.569498 0.069465 0.565637 0.070912 0.565637 0.073806 0.561776 0.075253 0.561776 0.078148 0.557915 0.085384 0.557915 0.086831 0.555985 0.092619 0.555985 0.094067 0.554054 0.095514 0.555985 0.095514 0.557915 0.094067 0.559846 0.094067 0.565637 0.092619 0.567568 0.092619 0.571429 0.091172 0.573359 0.089725 0.573359 0.086831 0.57722 0.085384 0.57722 0.082489 0.581081 0.081042 0.581081 0.078148 0.584942 0.078148 0.586873 0.075253 0.590734 0.078148 0.590734 0.079595 0.592664 0.082489 0.592664 0.083936 0.594595 0.085384 0.594595 0.086831 0.596525 0.089725 0.596525 0.091172 0.598456 0.096961 0.598456 0.098408 0.596525 0.10275 0.596525 0.104197 0.594595 0.107091 0.594595 0.108538 0.592664 0.111433 0.592664 0.11288 0.590734 0.115774 0.590734 0.117221 0.588803 0.121563 0.588803 0.12301 0.586873 0.125904 0.586873 0.127352 0.584942 0.134588 0.584942 0.136035 0.583012 0.143271 0.583012 0.140376 0.583012 0.138929 0.581081 0.137482 0.581081 0.136035 0.579151 0.13314 0.579151 0.131693 0.57722 0.128799 0.57722 0.127352 0.57529 0.127352 0.571429 0.128799 0.569498 0.128799 0.561776 0.130246 0.559846 0.130246 0.555985 0.13314 0.552124 0.134588 0.552124 0.138929 0.546332 0.140376 0.546332 0.146165 0.53861 0.147612 0.53861 0.150507 0.534749 0.157742 0.534749 0.15919 0.532819 0.160637 0.532819 0.163531 0.528958 0.164978 0.528958 0.166425 0.527027 0.167873 0.527027 0.170767 0.523166 0.172214 0.523166 0.173661 0.521236 0.199711 0.521236 0.201158 0.519305 0.201158 0.517375 0.193922 0.517375 0.192475 0.515444 0.185239 0.515444 0.183792 0.513514 0.182344 0.513514 0.180897 0.511583 0.17945 0.511583 0.176556 0.507722 0.175109 0.507722 0.173661 0.505792 0.172214 0.505792 0.170767 0.503861 0.172214 0.501931 0.173661 0.501931 0.175109 0.5 0.178003 0.5 0.17945 0.498069 0.180897 0.498069 0.182344 0.496139 0.183792 0.496139 0.185239 0.494208 0.188133 0.494208 0.18958 0.492278 0.191027 0.492278 0.192475 0.490347 0.201158 0.490347 0.199711 0.488417 0.199711 0.486486 0.196816 0.482625 0.196816 0.480695 0.195369 0.478764 0.196816 0.476834 0.198263 0.476834 0.199711 0.474903 0.201158 0.474903 0.204052 0.471042 0.205499 0.471042 0.206946 0.469112 0.208394 0.471042 0.209841 0.471042 0.211288 0.472973 0.214182 0.472973 0.21563 0.474903 0.214182 0.476834 0.214182 0.478764 0.212735 0.480695 0.212735 0.482625 0.214182 0.482625 0.21563 0.484556 0.217077 0.484556 0.218524 0.486486 0.219971 0.486486 0.227207 0.476834 0.23589 0.476834 0.237337 0.474903 0.244573 0.474903 0.24602 0.472973 0.247467 0.472973 0.248915 0.471042 0.250362 0.471042 0.251809 0.469112 0.253256 0.469112 0.254703 0.467181 0.256151 0.467181 0.257598 0.465251 0.259045 0.467181 0.261939 0.467181 0.263386 0.469112 0.264834 0.469112 0.266281 0.471042 0.272069 0.471042 0.273517 0.469112 0.276411 0.469112 0.277858 0.467181 0.280753 0.467181 0.2822 0.465251 0.285094 0.465251 0.286541 0.46332 0.289436 0.46332 0.290883 0.46139 0.29233 0.46139 0.295224 0.457529 0.296671 0.457529 0.29233 0.457529 0.290883 0.455598 0.285094 0.455598 0.283647 0.453668 0.273517 0.453668 0.272069 0.451737 0.274964 0.447876 0.274964 0.445946 0.279305 0.440154 0.279305 0.438224 0.283647 0.432432 0.285094 0.434363 0.29233 0.434363 0.293777 0.436293 0.296671 0.436293 0.298119 0.438224 0.30246 0.438224 0.303907 0.440154 0.303907 0.442085 0.305355 0.444015 0.305355 0.445946 0.306802 0.447876 0.308249 0.445946 0.309696 0.445946 0.311143 0.444015 0.31259 0.444015 0.315485 0.440154 0.316932 0.440154 0.318379 0.438224 0.319826 0.438224 0.325615 0.430502 0.324168 0.428571 0.324168 0.426641 0.322721 0.42471 0.322721 0.42278 0.321274 0.420849 0.322721 0.418919 0.324168 0.418919 0.325615 0.416988 0.327062 0.416988 0.328509 0.415058 0.331404 0.415058 0.332851 0.413127 0.334298 0.413127 0.335745 0.411197 0.337192 0.411197 0.33864 0.409266 0.340087 0.411197 0.36903 0.411197 0.370478 0.413127 0.370478 0.415058 0.371925 0.416988 0.371925 0.418919 0.374819 0.42278 0.376266 0.42278 0.379161 0.426641 0.387844 0.426641 0.387844 0.420849 0.386397 0.418919 0.386397 0.413127 0.392185 0.405405 0.387844 0.405405 0.386397 0.403475 0.363242 0.403475 0.361795 0.401544 0.364689 0.397683 0.366136 0.397683 0.36903 0.393822 0.371925 0.393822 0.373372 0.391892 0.374819 0.391892 0.376266 0.389961 0.379161 0.389961 0.380608 0.388031 0.383502 0.388031 0.384949 0.3861 0.387844 0.3861 0.389291 0.38417 0.390738 0.38417 0.392185 0.382239 0.39508 0.382239 0.396527 0.380309 0.399421 0.38417 0.400868 0.38417 0.406657 0.391892 0.416787 0.391892 0.418234 0.389961 0.421129 0.389961 0.422576 0.388031 0.42547 0.388031 0.426918 0.3861 0.429812 0.3861 0.431259 0.38417 0.434153 0.38417 0.435601 0.382239 0.438495 0.382239 0.439942 0.380309 0.441389 0.380309 0.442836 0.378378 0.445731 0.378378 0.447178 0.376448 0.450072 0.376448 0.45152 0.374517 0.454414 0.374517 0.455861 0.372587 0.458755 0.372587 0.460203 0.370656 0.463097 0.370656 0.464544 0.368726 0.465991 0.368726 0.467438 0.366795 0.468886 0.366795 0.470333 0.364865 0.47178 0.364865 0.473227 0.362934 0.474674 0.362934 0.47178 0.362934 0.470333 0.361004 0.467438 0.361004 0.465991 0.359073 0.463097 0.359073 0.46165 0.357143 0.463097 0.355212 0.464544 0.355212 0.467438 0.351351 0.468886 0.351351 0.468886 0.349421 0.467438 0.34749 0.467438 0.34556 0.465991 0.343629 0.467438 0.341699 0.468886 0.341699 0.470333 0.339768 0.47178 0.339768 0.473227 0.337838 0.476122 0.337838 0.477569 0.335907 0.479016 0.335907 0.480463 0.333977 0.48191 0.333977 0.483357 0.332046 0.484805 0.332046 0.489146 0.326255 0.490593 0.326255 0.496382 0.318533 0.497829 0.318533 0.499276 0.316602 0.500724 0.316602 0.502171 0.314672 0.503618 0.314672 0.506512 0.310811 0.507959 0.310811 0.509407 0.30888 0.510854 0.30888 0.512301 0.30695 0.513748 0.30695 0.515195 0.305019 0.515195 0.303089 0.516643 0.301158 0.516643 0.299228 0.510854 0.291506 0.512301 0.289575 0.513748 0.289575 0.515195 0.287645 0.51809 0.287645 0.519537 0.285714 0.520984 0.285714 0.522431 0.283784 0.523878 0.283784 0.525326 0.281853 0.52822 0.281853 0.529667 0.279923 0.531114 0.279923 0.532562 0.277992 0.535456 0.277992 0.536903 0.276062 0.53835 0.276062 0.539797 0.274131 0.541245 0.274131 0.542692 0.272201 0.545586 0.272201 0.547033 0.27027 0.54848 0.27027 0.549928 0.26834 0.551375 0.26834 0.552822 0.266409 0.555716 0.266409 0.557164 0.264479 0.558611 0.264479 0.560058 0.262548 0.581766 0.262548 0.583213 0.260618 0.586107 0.260618 0.587554 0.258687 0.590449 0.258687 0.591896 0.256757 0.59479 0.256757 0.596237 0.254826 0.599132 0.254826 0.602026 0.250965 0.603473 0.250965 0.606368 0.247104 0.607815 0.247104 0.612156 0.241313 0.613603 0.241313 0.616498 0.237452 0.616498 0.235521 0.617945 0.233591 0.617945 0.23166 0.619392 0.22973 0.619392 0.225869 0.620839 0.223938 0.620839 0.222008 0.622287 0.220077 0.622287 0.218147 0.623734 0.216216 0.623734 0.212355 0.622287 0.210425 0.622287 0.208494 0.620839 0.206564 0.620839 0.204633 0.619392 0.202703 0.619392 0.200772 0.620839 0.198842 0.625181 0.198842 0.628075 0.194981 0.629522 0.194981 0.633864 0.189189 0.635311 0.189189 0.636758 0.187259 0.635311 0.187259 0.633864 0.185328 0.632417 0.185328 0.63097 0.183398 0.629522 0.183398 0.628075 0.181467 0.626628 0.181467 0.625181 0.179537 0.623734 0.179537 0.622287 0.177606 0.620839 0.177606 0.619392 0.175676 0.619392 0.164093 0.620839 0.162162 0.622287 0.162162 0.623734 0.160232 0.626628 0.160232 0.628075 0.158301 0.629522 0.158301 0.620839 0.146718 0.599132 0.146718 0.597685 0.144788 0.59479 0.144788 0.593343 0.142857 0.590449 0.142857 0.589001 0.140927
