0 0.274563 0.888689 0.273217 0.890485 0.271871 0.890485 0.270525 0.89228 0.269179 0.89228 0.267833 0.894075 0.265141 0.894075 0.263795 0.895871 0.26245 0.895871 0.261104 0.897666 0.259758 0.897666 0.261104 0.897666 0.263795 0.901257 0.265141 0.899461 0.266487 0.899461 0.267833 0.897666 0.269179 0.897666 0.270525 0.895871 0.271871 0.895871 0.273217 0.894075 0.274563 0.894075 0.275908 0.89228 0.277254 0.89228
0 0.139973 0.45781 0.135935 0.463196 0.135935 0.464991 0.131898 0.470377 0.130552 0.470377 0.129206 0.472172 0.126514 0.472172 0.125168 0.473968 0.122476 0.473968 0.121131 0.475763 0.109017 0.475763 0.107672 0.477558 0.106326 0.477558 0.106326 0.481149 0.109017 0.48474 0.110363 0.482944 0.114401 0.482944 0.115747 0.481149 0.125168 0.481149 0.126514 0.479354 0.133244 0.479354 0.13459 0.477558 0.141319 0.477558 0.142665 0.475763 0.145357 0.475763 0.145357 0.473968 0.146703 0.472172 0.146703 0.470377 0.148048 0.468582 0.148048 0.463196 0.146703 0.463196 0.144011 0.459605 0.141319 0.459605
0 0.374159 0.414722 0.370121 0.420108 0.368775 0.420108 0.364738 0.425494 0.364738 0.427289 0.362046 0.43088 0.362046 0.432675 0.363392 0.43447 0.363392 0.438061 0.364738 0.436266 0.378197 0.436266 0.379542 0.438061 0.384926 0.438061 0.386272 0.439856 0.387618 0.438061 0.388964 0.438061 0.391655 0.43447 0.393001 0.43447 0.394347 0.432675 0.395693 0.432675 0.397039 0.43088 0.398385 0.43088 0.399731 0.429084 0.399731 0.427289 0.401077 0.425494 0.401077 0.416517 0.382234 0.416517 0.380888 0.414722
0 0.930013 0.362657 0.931359 0.364452 0.931359 0.366248 0.932705 0.368043 0.932705 0.369838 0.944818 0.369838 0.943472 0.368043 0.942127 0.368043 0.939435 0.364452 0.935397 0.364452 0.934051 0.362657
0 0.889637 0.262118 0.888291 0.263914 0.884253 0.263914 0.882907 0.265709 0.880215 0.265709 0.878869 0.267504 0.874832 0.267504 0.870794 0.27289 0.869448 0.27289 0.86541 0.278276 0.864065 0.278276 0.862719 0.280072 0.861373 0.280072 0.858681 0.283662 0.861373 0.287253 0.861373 0.289048 0.862719 0.290844 0.864065 0.290844 0.86541 0.292639 0.868102 0.292639 0.869448 0.294434 0.870794 0.294434 0.87214 0.29623 0.881561 0.29623 0.882907 0.298025 0.884253 0.29623 0.890983 0.29623 0.892328 0.294434 0.897712 0.294434 0.899058 0.29623 0.900404 0.29623 0.903096 0.29982 0.904441 0.29982 0.905787 0.301616 0.908479 0.301616 0.909825 0.303411 0.919246 0.303411 0.920592 0.305206 0.921938 0.305206 0.923284 0.307002 0.92463 0.307002 0.925976 0.308797 0.927322 0.308797 0.928668 0.310592 0.934051 0.310592 0.935397 0.312388 0.940781 0.312388 0.942127 0.314183 0.943472 0.314183 0.946164 0.317774 0.94751 0.317774 0.950202 0.321364 0.951548 0.321364 0.95424 0.324955 0.955585 0.324955 0.958277 0.328546 0.959623 0.328546 0.960969 0.330341 0.967699 0.330341 0.969044 0.332136 0.97039 0.330341 0.973082 0.330341 0.974428 0.328546 0.985195 0.328546 0.986541 0.32675 0.987887 0.32675 0.987887 0.317774 0.986541 0.317774 0.985195 0.315978 0.982503 0.315978 0.981157 0.314183 0.979812 0.314183 0.978466 0.312388 0.97712 0.312388 0.975774 0.310592 0.973082 0.310592 0.971736 0.308797 0.969044 0.308797 0.967699 0.307002 0.965007 0.307002 0.963661 0.305206 0.960969 0.305206 0.959623 0.303411 0.956931 0.303411 0.955585 0.301616 0.952894 0.301616 0.951548 0.29982 0.948856 0.29982 0.94751 0.298025 0.944818 0.298025 0.943472 0.29623 0.942127 0.29623 0.940781 0.294434 0.939435 0.294434 0.938089 0.292639 0.936743 0.292639 0.935397 0.290844 0.934051 0.290844 0.932705 0.289048 0.931359 0.289048 0.930013 0.287253 0.92463 0.287253 0.923284 0.285458 0.921938 0.285458 0.919246 0.281867 0.9179 0.281867 0.916555 0.280072 0.915209 0.280072 0.913863 0.278276 0.912517 0.278276 0.911171 0.276481 0.909825 0.276481 0.907133 0.27289 0.905787 0.27289 0.904441 0.271095 0.903096 0.271095 0.90175 0.2693 0.900404 0.2693 0.899058 0.267504 0.897712 0.267504 0.896366 0.265709 0.893674 0.265709 0.892328 0.263914 0.890983 0.263914
0 0.270525 0.258528 0.269179 0.260323 0.266487 0.260323 0.265141 0.262118 0.26245 0.262118 0.26245 0.263914 0.263795 0.265709 0.263795 0.2693 0.2786 0.2693 0.2786 0.262118 0.275908 0.262118 0.274563 0.260323 0.271871 0.260323
0 0.30821 0.228007 0.305518 0.231598 0.304172 0.231598 0.306864 0.231598 0.30821 0.233393 0.309556 0.233393 0.310902 0.235189 0.312248 0.233393 0.316285 0.233393 0.316285 0.229803 0.309556 0.229803
0 0.942127 0.197487 0.940781 0.199282 0.939435 0.199282 0.938089 0.201077 0.936743 0.201077 0.935397 0.202873 0.934051 0.202873 0.932705 0.204668 0.931359 0.204668 0.934051 0.204668 0.935397 0.206463 0.939435 0.206463 0.940781 0.208259 0.943472 0.208259 0.944818 0.210054 0.948856 0.210054 0.950202 0.211849 0.952894 0.211849 0.95424 0.213645 0.958277 0.213645 0.959623 0.21544 0.962315 0.21544 0.963661 0.217235 0.963661 0.21544 0.965007 0.213645 0.965007 0.210054 0.966353 0.208259 0.966353 0.206463 0.962315 0.206463 0.960969 0.204668 0.958277 0.204668 0.956931 0.202873 0.952894 0.202873 0.951548 0.201077 0.948856 0.201077 0.94751 0.199282 0.943472 0.199282
1 0.479139 0.964093 0.472409 0.97307 0.471063 0.97307 0.461642 0.985637 0.461642 0.987433 0.457604 0.992819 0.450875 0.992819 0.449529 0.991023 0.449529 0.985637 0.450875 0.983842 0.450875 0.976661 0.446837 0.976661 0.445491 0.974865 0.441454 0.974865 0.440108 0.97307 0.440108 0.974865 0.438762 0.976661 0.438762 0.978456 0.437416 0.980251 0.437416 0.982047 0.43607 0.983842 0.43607 0.985637 0.434724 0.987433 0.434724 0.989228 0.430686 0.994614 0.430686 0.996409 0.429341 0.998205 0.506057 0.998205 0.500673 0.991023 0.499327 0.991023
1 0.297443 0.938959 0.296097 0.940754 0.294751 0.940754 0.293405 0.942549 0.292059 0.942549 0.289367 0.94614 0.288022 0.94614 0.286676 0.947935 0.28533 0.947935 0.281292 0.953321 0.279946 0.953321 0.274563 0.960503 0.273217 0.960503 0.270525 0.964093 0.270525 0.976661 0.271871 0.974865 0.277254 0.974865 0.2786 0.97307 0.283984 0.97307 0.289367 0.965889 0.289367 0.964093 0.296097 0.955117 0.296097 0.947935 0.297443 0.94614
1 0.061911 0.935368 0.060565 0.937163 0.04576 0.937163 0.044415 0.938959 0.02961 0.938959 0.028264 0.940754 0.014805 0.940754 0.013459 0.942549 0.0 0.942549 0.0 0.998205 0.056528 0.998205 0.061911 0.991023 0.063257 0.991023 0.068641 0.983842 0.088829 0.983842 0.090175 0.985637 0.090175 0.982047 0.091521 0.980251 0.091521 0.974865 0.090175 0.97307 0.090175 0.967684 0.088829 0.965889 0.088829 0.958707 0.087483 0.956912 0.087483 0.951526 0.086137 0.949731 0.086137 0.94614 0.083445 0.94614 0.0821 0.944345 0.079408 0.944345 0.078062 0.942549 0.07537 0.942549 0.074024 0.940754 0.071332 0.940754 0.069987 0.938959 0.067295 0.938959 0.065949 0.937163 0.063257 0.937163
1 0.152086 0.931777 0.15074 0.933573 0.146703 0.933573 0.145357 0.935368 0.141319 0.935368 0.141319 0.937163 0.142665 0.938959 0.142665 0.942549 0.144011 0.944345 0.144011 0.94614 0.145357 0.947935 0.145357 0.951526 0.146703 0.953321 0.146703 0.955117 0.15074 0.960503 0.15074 0.962298 0.154778 0.967684 0.156124 0.965889 0.15747 0.965889 0.158816 0.964093 0.161507 0.964093 0.162853 0.962298 0.164199 0.962298 0.165545 0.960503 0.168237 0.960503 0.169583 0.958707 0.170929 0.958707 0.172275 0.956912 0.174966 0.956912 0.176312 0.955117 0.177658 0.955117 0.177658 0.951526 0.176312 0.949731 0.176312 0.944345 0.174966 0.942549 0.174966 0.938959 0.172275 0.942549 0.170929 0.942549 0.168237 0.94614 0.166891 0.94614 0.165545 0.947935 0.161507 0.947935 0.160162 0.949731 0.15747 0.949731 0.154778 0.94614 0.154778 0.942549 0.153432 0.940754 0.153432 0.935368 0.152086 0.933573
1 0.43607 0.915619 0.434724 0.917415 0.433378 0.917415 0.432032 0.91921 0.429341 0.91921 0.427995 0.921005 0.426649 0.921005 0.425303 0.922801 0.423957 0.922801 0.422611 0.924596 0.419919 0.924596 0.418573 0.926391 0.417227 0.926391 0.415882 0.928187 0.414536 0.928187 0.41319 0.929982 0.410498 0.929982 0.409152 0.931777 0.407806 0.931777 0.407806 0.933573 0.409152 0.935368 0.409152 0.940754 0.410498 0.942549 0.410498 0.947935 0.411844 0.949731 0.411844 0.955117 0.410498 0.956912 0.410498 0.962298 0.409152 0.964093 0.409152 0.965889 0.41319 0.965889 0.414536 0.967684 0.418573 0.967684 0.419919 0.969479 0.422611 0.969479 0.423957 0.971275 0.427995 0.971275 0.429341 0.97307 0.429341 0.969479 0.430686 0.967684 0.430686 0.962298 0.432032 0.960503 0.432032 0.956912 0.429341 0.953321 0.427995 0.953321 0.422611 0.94614 0.426649 0.940754 0.427995 0.940754 0.433378 0.933573 0.434724 0.933573 0.43607 0.931777
1 0.110363 0.518851 0.109017 0.520646 0.10498 0.520646 0.103634 0.522442 0.100942 0.522442 0.099596 0.524237 0.095559 0.524237 0.095559 0.529623 0.09825 0.529623 0.099596 0.531418 0.100942 0.529623 0.103634 0.529623 0.10498 0.527828 0.107672 0.527828 0.109017 0.526032 0.111709 0.526032 0.113055 0.524237 0.125168 0.524237 0.125168 0.518851
1 0.192463 0.486535 0.191117 0.48833 0.189771 0.48833 0.187079 0.491921 0.185734 0.491921 0.184388 0.493716 0.183042 0.493716 0.18035 0.497307 0.179004 0.497307 0.177658 0.499102 0.174966 0.499102 0.17362 0.500898 0.161507 0.500898 0.160162 0.499102 0.153432 0.499102 0.152086 0.497307 0.15074 0.499102 0.142665 0.499102 0.141319 0.500898 0.131898 0.500898 0.131898 0.502693 0.133244 0.504488 0.133244 0.508079 0.13459 0.509874 0.13459 0.51167 0.169583 0.51167 0.170929 0.513465 0.177658 0.513465 0.179004 0.51526 0.18035 0.513465 0.181696 0.513465 0.184388 0.509874 0.185734 0.509874 0.187079 0.508079 0.188425 0.508079 0.188425 0.502693 0.189771 0.500898 0.193809 0.500898 0.195155 0.499102 0.199192 0.499102 0.200538 0.497307 0.204576 0.497307 0.205922 0.495512 0.20996 0.495512 0.211306 0.493716 0.215343 0.493716 0.215343 0.491921 0.213997 0.490126 0.213997 0.486535
1 0.267833 0.40395 0.266487 0.405745 0.266487 0.40754 0.263795 0.411131 0.263795 0.412926 0.258412 0.420108 0.257066 0.420108 0.254374 0.423698 0.251682 0.423698 0.250336 0.425494 0.247645 0.425494 0.246299 0.427289 0.242261 0.427289 0.240915 0.429084 0.238223 0.429084 0.238223 0.436266 0.250336 0.436266 0.251682 0.43447 0.253028 0.43447 0.254374 0.432675 0.25572 0.432675 0.257066 0.43088 0.259758 0.43088 0.261104 0.429084 0.26245 0.429084 0.263795 0.427289 0.281292 0.427289 0.282638 0.429084 0.294751 0.429084 0.296097 0.43088 0.296097 0.429084 0.294751 0.427289 0.294751 0.423698 0.292059 0.423698 0.290713 0.421903 0.289367 0.421903 0.288022 0.420108 0.28533 0.420108 0.283984 0.418312 0.283984 0.412926 0.282638 0.411131 0.282638 0.405745 0.269179 0.405745
1 0.934051 0.371634 0.932705 0.373429 0.920592 0.373429 0.920592 0.37702 0.921938 0.378815 0.921938 0.382406 0.948856 0.382406 0.950202 0.384201 0.952894 0.384201 0.95424 0.385996 0.956931 0.385996 0.958277 0.387792 0.959623 0.387792 0.960969 0.389587 0.963661 0.389587 0.965007 0.391382 0.967699 0.391382 0.969044 0.393178 0.998654 0.393178 0.998654 0.37702 0.994616 0.37702 0.993271 0.375224 0.989233 0.375224 0.987887 0.373429 0.94751 0.373429 0.946164 0.371634
1 0.565276 0.371634 0.562584 0.375224 0.561238 0.375224 0.554509 0.384201 0.549125 0.384201 0.547779 0.385996 0.503365 0.385996 0.502019 0.387792 0.499327 0.387792 0.497981 0.389587 0.493943 0.389587 0.492598 0.391382 0.489906 0.391382 0.48856 0.393178 0.475101 0.393178 0.473755 0.391382 0.472409 0.391382 0.471063 0.389587 0.469717 0.389587 0.468371 0.387792 0.462988 0.387792 0.45895 0.393178 0.438762 0.393178 0.437416 0.391382 0.407806 0.391382 0.40646 0.389587 0.393001 0.389587 0.386272 0.398564 0.384926 0.398564 0.387618 0.402154 0.388964 0.400359 0.409152 0.400359 0.411844 0.40395 0.423957 0.40395 0.425303 0.405745 0.426649 0.40395 0.437416 0.40395 0.438762 0.402154 0.445491 0.402154 0.446837 0.40395 0.446837 0.405745 0.448183 0.40754 0.446837 0.409336 0.444145 0.409336 0.441454 0.412926 0.440108 0.412926 0.438762 0.414722 0.430686 0.414722 0.429341 0.416517 0.423957 0.416517 0.422611 0.418312 0.422611 0.420108 0.421265 0.421903 0.423957 0.421903 0.425303 0.423698 0.433378 0.423698 0.434724 0.421903 0.442799 0.421903 0.444145 0.420108 0.453567 0.420108 0.454913 0.418312 0.461642 0.418312 0.462988 0.416517 0.480485 0.416517 0.48183 0.414722 0.499327 0.414722 0.500673 0.412926 0.506057 0.412926 0.507402 0.411131 0.524899 0.411131 0.526245 0.409336 0.535666 0.409336 0.537012 0.411131 0.538358 0.409336 0.543742 0.409336 0.545087 0.40754 0.551817 0.40754 0.553163 0.405745 0.565276 0.405745 0.570659 0.412926 0.584118 0.412926 0.585464 0.411131 0.592194 0.411131 0.59354 0.412926 0.594886 0.412926 0.597577 0.416517 0.601615 0.416517 0.602961 0.418312 0.604307 0.416517 0.606999 0.416517 0.608345 0.414722 0.611036 0.414722 0.613728 0.411131 0.615074 0.411131 0.617766 0.40754 0.631225 0.40754 0.632571 0.409336 0.633917 0.40754 0.635262 0.40754 0.637954 0.40395 0.6393 0.40395 0.640646 0.402154 0.641992 0.402154 0.644684 0.398564 0.64603 0.398564 0.647376 0.396768 0.650067 0.396768 0.650067 0.393178 0.651413 0.391382 0.651413 0.389587 0.650067 0.387792 0.650067 0.385996 0.641992 0.385996 0.640646 0.384201 0.636608 0.384201 0.635262 0.382406 0.631225 0.382406 0.629879 0.38061 0.628533 0.382406 0.620458 0.382406 0.619112 0.384201 0.606999 0.384201 0.605653 0.382406 0.601615 0.382406 0.600269 0.38061 0.582773 0.38061 0.581427 0.378815 0.580081 0.378815 0.578735 0.37702 0.577389 0.37702 0.576043 0.375224 0.574697 0.375224 0.573351 0.373429 0.572005 0.373429 0.570659 0.371634
1 0.125168 0.371634 0.123822 0.373429 0.118439 0.373429 0.117093 0.375224 0.092867 0.375224 0.091521 0.37702 0.090175 0.37702 0.088829 0.378815 0.086137 0.378815 0.084791 0.38061 0.083445 0.38061 0.0821 0.382406 0.079408 0.382406 0.0821 0.382406 0.083445 0.384201 0.084791 0.384201 0.086137 0.385996 0.088829 0.385996 0.090175 0.387792 0.091521 0.387792 0.092867 0.389587 0.094213 0.387792 0.106326 0.387792 0.107672 0.385996 0.121131 0.385996 0.123822 0.382406 0.125168 0.382406 0.12786 0.378815 0.129206 0.378815 0.130552 0.37702 0.129206 0.375224 0.12786 0.375224
1 0.620458 0.369838 0.619112 0.371634 0.611036 0.371634 0.60969 0.373429 0.597577 0.373429 0.600269 0.373429 0.601615 0.375224 0.604307 0.375224 0.605653 0.37702 0.608345 0.37702 0.60969 0.378815 0.611036 0.37702 0.624495 0.37702 0.621803 0.373429 0.621803 0.371634
1 0.640646 0.368043 0.6393 0.369838 0.637954 0.369838 0.636608 0.371634 0.635262 0.371634 0.633917 0.373429 0.632571 0.373429 0.631225 0.375224 0.629879 0.375224 0.632571 0.375224 0.633917 0.37702 0.635262 0.37702 0.636608 0.378815 0.637954 0.37702 0.641992 0.37702 0.643338 0.375224 0.647376 0.375224 0.648721 0.373429 0.654105 0.373429 0.655451 0.375224 0.658143 0.375224 0.659489 0.37702 0.660834 0.37702 0.66218 0.378815 0.666218 0.378815 0.667564 0.38061 0.672948 0.38061 0.674293 0.382406 0.678331 0.382406 0.679677 0.384201 0.681023 0.382406 0.682369 0.382406 0.683715 0.38061 0.686406 0.38061 0.687752 0.378815 0.689098 0.378815 0.690444 0.37702 0.693136 0.37702 0.687752 0.37702 0.686406 0.375224 0.685061 0.37702 0.671602 0.37702 0.670256 0.375224 0.666218 0.375224 0.664872 0.373429 0.663526 0.373429 0.660834 0.369838 0.659489 0.369838 0.658143 0.368043
1 0.689098 0.364452 0.689098 0.369838 0.69179 0.369838 0.693136 0.371634 0.697174 0.371634 0.69852 0.373429 0.701211 0.373429 0.702557 0.375224 0.707941 0.375224 0.709287 0.37702 0.713324 0.37702 0.716016 0.38061 0.717362 0.38061 0.7214 0.385996 0.722746 0.385996 0.724092 0.387792 0.725437 0.387792 0.726783 0.389587 0.736205 0.389587 0.73755 0.387792 0.740242 0.387792 0.741588 0.385996 0.742934 0.385996 0.74428 0.384201 0.746972 0.384201 0.748318 0.382406 0.768506 0.382406 0.769852 0.38061 0.771198 0.38061 0.772544 0.378815 0.77389 0.378815 0.775236 0.37702 0.775236 0.375224 0.776581 0.373429 0.802153 0.373429 0.803499 0.375224 0.807537 0.375224 0.808883 0.37702 0.81965 0.37702 0.820996 0.378815 0.823688 0.378815 0.825034 0.38061 0.82638 0.38061 0.827725 0.382406 0.830417 0.382406 0.831763 0.384201 0.837147 0.384201 0.838493 0.385996 0.843876 0.385996 0.845222 0.387792 0.84926 0.387792 0.850606 0.389587 0.854643 0.389587 0.855989 0.391382 0.881561 0.391382 0.882907 0.389587 0.885599 0.389587 0.886945 0.387792 0.890983 0.387792 0.890983 0.384201 0.892328 0.382406 0.892328 0.38061 0.890983 0.378815 0.890983 0.37702 0.888291 0.37702 0.886945 0.375224 0.885599 0.375224 0.884253 0.373429 0.882907 0.375224 0.861373 0.375224 0.860027 0.373429 0.850606 0.373429 0.84926 0.371634 0.841184 0.371634 0.839838 0.369838 0.831763 0.369838 0.830417 0.368043 0.814266 0.368043 0.812921 0.366248 0.811575 0.368043 0.768506 0.368043 0.76716 0.366248 0.765814 0.368043 0.764468 0.368043 0.763122 0.369838 0.760431 0.369838 0.759085 0.371634 0.720054 0.371634 0.718708 0.369838 0.717362 0.369838 0.716016 0.368043 0.703903 0.368043 0.702557 0.366248 0.69852 0.366248 0.697174 0.364452
1 0.345895 0.357271 0.344549 0.359066 0.340511 0.359066 0.339166 0.360862 0.335128 0.360862 0.333782 0.362657 0.327052 0.362657 0.325707 0.364452 0.318977 0.364452 0.317631 0.366248 0.313594 0.366248 0.312248 0.368043 0.30821 0.368043 0.306864 0.369838 0.305518 0.369838 0.304172 0.371634 0.297443 0.371634 0.296097 0.369838 0.293405 0.369838 0.292059 0.368043 0.292059 0.373429 0.290713 0.375224 0.269179 0.375224 0.267833 0.37702 0.259758 0.37702 0.258412 0.378815 0.240915 0.378815 0.239569 0.37702 0.236878 0.38061 0.227456 0.38061 0.22611 0.378815 0.219381 0.378815 0.218035 0.37702 0.215343 0.37702 0.213997 0.375224 0.185734 0.375224 0.183042 0.378815 0.181696 0.378815 0.177658 0.384201 0.176312 0.384201 0.174966 0.385996 0.161507 0.385996 0.158816 0.389587 0.161507 0.389587 0.162853 0.391382 0.164199 0.389587 0.179004 0.389587 0.181696 0.393178 0.181696 0.394973 0.18035 0.396768 0.176312 0.396768 0.174966 0.398564 0.170929 0.398564 0.169583 0.400359 0.165545 0.400359 0.164199 0.402154 0.160162 0.402154 0.158816 0.40395 0.144011 0.40395 0.144011 0.409336 0.145357 0.40754 0.153432 0.40754 0.154778 0.405745 0.160162 0.405745 0.161507 0.40395 0.168237 0.40395 0.169583 0.402154 0.17362 0.402154 0.174966 0.400359 0.177658 0.400359 0.179004 0.398564 0.183042 0.398564 0.184388 0.396768 0.188425 0.396768 0.189771 0.394973 0.192463 0.394973 0.193809 0.393178 0.197847 0.393178 0.199192 0.391382 0.201884 0.391382 0.20323 0.389587 0.207268 0.389587 0.208614 0.387792 0.211306 0.387792 0.212651 0.385996 0.227456 0.385996 0.228802 0.387792 0.234186 0.387792 0.240915 0.396768 0.248991 0.396768 0.250336 0.394973 0.251682 0.394973 0.253028 0.396768 0.254374 0.394973 0.254374 0.393178 0.259758 0.385996 0.267833 0.385996 0.269179 0.384201 0.282638 0.384201 0.283984 0.385996 0.283984 0.387792 0.282638 0.389587 0.282638 0.391382 0.283984 0.389587 0.286676 0.389587 0.288022 0.387792 0.289367 0.387792 0.290713 0.385996 0.292059 0.385996 0.293405 0.384201 0.294751 0.384201 0.296097 0.382406 0.297443 0.382406 0.298789 0.38061 0.30148 0.38061 0.302826 0.378815 0.306864 0.378815 0.30821 0.37702 0.309556 0.37702 0.310902 0.375224 0.313594 0.375224 0.314939 0.373429 0.316285 0.373429 0.317631 0.371634 0.320323 0.371634 0.321669 0.369838 0.324361 0.369838 0.325707 0.368043 0.329744 0.368043 0.33109 0.366248 0.340511 0.366248 0.341857 0.364452 0.345895 0.364452 0.347241 0.366248 0.348587 0.364452 0.351279 0.364452 0.351279 0.359066 0.347241 0.359066
1 0.532974 0.351885 0.531629 0.35368 0.530283 0.35368 0.527591 0.357271 0.526245 0.357271 0.524899 0.359066 0.514132 0.359066 0.512786 0.360862 0.510094 0.360862 0.510094 0.364452 0.51144 0.364452 0.512786 0.366248 0.516824 0.366248 0.51817 0.368043 0.520861 0.368043 0.522207 0.369838 0.538358 0.369838 0.539704 0.368043 0.546433 0.368043 0.547779 0.369838 0.554509 0.369838 0.555855 0.368043 0.557201 0.368043 0.558546 0.366248 0.561238 0.366248 0.561238 0.360862 0.559892 0.359066 0.558546 0.359066 0.557201 0.357271 0.539704 0.357271 0.538358 0.355476 0.537012 0.355476 0.535666 0.35368 0.53432 0.35368
1 0.631225 0.35009 0.631225 0.35368 0.629879 0.355476 0.629879 0.357271 0.64603 0.357271 0.647376 0.359066 0.650067 0.355476 0.647376 0.351885 0.632571 0.351885
1 0.448183 0.35009 0.448183 0.351885 0.446837 0.35368 0.446837 0.355476 0.444145 0.359066 0.425303 0.359066 0.423957 0.357271 0.415882 0.357271 0.414536 0.355476 0.410498 0.355476 0.409152 0.357271 0.403769 0.357271 0.402423 0.359066 0.401077 0.359066 0.399731 0.360862 0.398385 0.360862 0.398385 0.362657 0.397039 0.364452 0.399731 0.364452 0.401077 0.366248 0.418573 0.366248 0.419919 0.368043 0.422611 0.368043 0.423957 0.369838 0.427995 0.369838 0.429341 0.371634 0.433378 0.371634 0.434724 0.373429 0.438762 0.373429 0.440108 0.375224 0.442799 0.375224 0.444145 0.37702 0.449529 0.37702 0.450875 0.375224 0.452221 0.375224 0.452221 0.368043 0.453567 0.366248 0.454913 0.366248 0.456258 0.364452 0.461642 0.364452 0.462988 0.362657 0.46568 0.362657 0.467026 0.360862 0.468371 0.360862 0.467026 0.360862 0.461642 0.35368 0.45895 0.35368 0.457604 0.351885 0.456258 0.35368 0.450875 0.35368
1 0.760431 0.337522 0.759085 0.339318 0.757739 0.339318 0.756393 0.341113 0.740242 0.341113 0.738896 0.342908 0.724092 0.342908 0.722746 0.341113 0.717362 0.341113 0.716016 0.339318 0.713324 0.339318 0.713324 0.344704 0.726783 0.344704 0.728129 0.346499 0.730821 0.346499 0.733513 0.35009 0.734859 0.35009 0.73755 0.35368 0.742934 0.35368 0.74428 0.355476 0.753701 0.355476 0.755047 0.357271 0.756393 0.355476 0.761777 0.355476 0.763122 0.35368 0.772544 0.35368 0.77389 0.351885 0.776581 0.351885 0.777927 0.35009 0.791386 0.35009 0.792732 0.351885 0.794078 0.351885 0.795424 0.35368 0.798116 0.35368 0.799462 0.355476 0.800808 0.355476 0.802153 0.357271 0.803499 0.355476 0.808883 0.355476 0.810229 0.35368 0.816958 0.35368 0.818304 0.351885 0.820996 0.351885 0.822342 0.35009 0.825034 0.35009 0.82638 0.348294 0.830417 0.348294 0.831763 0.346499 0.84253 0.346499 0.843876 0.348294 0.853297 0.348294 0.854643 0.35009 0.860027 0.35009 0.861373 0.348294 0.87214 0.348294 0.873486 0.35009 0.874832 0.348294 0.886945 0.348294 0.888291 0.346499 0.904441 0.346499 0.905787 0.348294 0.913863 0.348294 0.915209 0.346499 0.931359 0.346499 0.932705 0.348294 0.935397 0.348294 0.936743 0.35009 0.938089 0.35009 0.939435 0.351885 0.942127 0.351885 0.943472 0.35368 0.944818 0.35368 0.946164 0.355476 0.948856 0.355476 0.950202 0.357271 0.951548 0.357271 0.952894 0.359066 0.955585 0.359066 0.956931 0.360862 0.958277 0.359066 0.97039 0.359066 0.971736 0.357271 0.985195 0.357271 0.981157 0.357271 0.979812 0.355476 0.975774 0.355476 0.974428 0.35368 0.971736 0.35368 0.97039 0.351885 0.966353 0.351885 0.965007 0.35009 0.965007 0.346499 0.966353 0.344704 0.966353 0.342908 0.943472 0.342908 0.942127 0.341113 0.940781 0.342908 0.923284 0.342908 0.921938 0.341113 0.905787 0.341113 0.904441 0.339318 0.881561 0.339318 0.880215 0.341113 0.860027 0.341113 0.858681 0.339318 0.839838 0.339318 0.838493 0.341113 0.82638 0.341113 0.825034 0.342908 0.822342 0.342908 0.820996 0.344704 0.81965 0.344704 0.818304 0.346499 0.800808 0.346499 0.799462 0.344704 0.786003 0.344704 0.784657 0.342908 0.781965 0.342908 0.780619 0.341113 0.779273 0.341113 0.777927 0.339318 0.776581 0.339318 0.775236 0.337522 0.77389 0.339318 0.772544 0.339318 0.771198 0.341113 0.761777 0.341113 0.760431 0.339318
1 0.909825 0.210054 0.908479 0.211849 0.907133 0.211849 0.905787 0.213645 0.903096 0.213645 0.90175 0.21544 0.900404 0.21544 0.90175 0.217235 0.90175 0.219031 0.908479 0.219031 0.908479 0.21544 0.909825 0.213645
1 0.873486 0.163375 0.868102 0.170557 0.869448 0.170557 0.870794 0.172352 0.87214 0.172352 0.873486 0.174147 0.874832 0.174147 0.876178 0.175943 0.876178 0.174147 0.874832 0.172352 0.874832 0.166966 0.873486 0.165171
