0 0.66875 0.9625 0.667188 0.964583 0.6625 0.964583 0.660938 0.966667 0.654688 0.966667 0.654688 0.98125 0.6625 0.991667 0.664062 0.989583 0.673438 0.989583 0.675 0.9875 0.675 0.985417 0.679688 0.979167 0.679688 0.977083 0.68125 0.975 0.68125 0.972917 0.679688 0.970833 0.679688 0.966667 0.678125 0.964583 0.678125 0.9625
0 0.571875 0.879167 0.570312 0.88125 0.567188 0.88125 0.565625 0.883333 0.5625 0.883333 0.560938 0.885417 0.557812 0.885417 0.554688 0.889583 0.553125 0.889583 0.548438 0.895833 0.546875 0.895833 0.545312 0.897917 0.564062 0.897917 0.565625 0.9 0.579688 0.9 0.584375 0.89375 0.585938 0.89375 0.5875 0.891667 0.5875 0.889583 0.585938 0.8875 0.585938 0.883333 0.579688 0.883333 0.578125 0.88125 0.573438 0.88125
0 0.667188 0.845833 0.665625 0.847917 0.659375 0.847917 0.657812 0.85 0.65 0.85 0.648438 0.852083 0.646875 0.852083 0.64375 0.85625 0.642188 0.85625 0.639062 0.860417 0.6375 0.860417 0.635938 0.8625 0.634375 0.8625 0.632812 0.864583 0.629688 0.864583 0.628125 0.866667 0.626562 0.866667 0.626562 0.86875 0.628125 0.870833 0.628125 0.875 0.629688 0.877083 0.629688 0.879167 0.63125 0.879167 0.634375 0.883333 0.635938 0.883333 0.639062 0.8875 0.640625 0.885417 0.648438 0.885417 0.648438 0.866667 0.65 0.864583 0.651562 0.864583 0.653125 0.8625 0.654688 0.8625 0.65625 0.860417 0.657812 0.860417 0.659375 0.858333 0.660938 0.858333 0.6625 0.85625 0.664062 0.85625 0.665625 0.854167 0.667188 0.854167 0.66875 0.852083 0.670312 0.852083 0.66875 0.85 0.66875 0.847917
0 0.484375 0.8 0.484375 0.802083 0.482812 0.804167 0.482812 0.808333 0.48125 0.810417 0.48125 0.8125 0.479688 0.814583 0.479688 0.816667 0.48125 0.814583 0.4875 0.814583 0.4875 0.810417 0.489062 0.808333 0.489062 0.804167 0.4875 0.804167
0 0.032812 0.797917 0.03125 0.8 0.029688 0.8 0.028125 0.802083 0.015625 0.802083 0.014062 0.804167 0.0 0.804167 0.0 0.839583 0.001562 0.8375 0.010938 0.8375 0.0125 0.835417 0.039062 0.835417 0.040625 0.8375 0.040625 0.835417 0.042188 0.833333 0.042188 0.83125 0.04375 0.829167 0.04375 0.827083 0.045312 0.825 0.045312 0.822917 0.04375 0.820833 0.04375 0.816667 0.042188 0.814583 0.042188 0.810417 0.04375 0.808333 0.04375 0.80625 0.045312 0.804167 0.045312 0.8 0.040625 0.8 0.039062 0.797917
0 0.485938 0.747917 0.482812 0.752083 0.48125 0.752083 0.482812 0.754167 0.482812 0.75625 0.484375 0.758333 0.485938 0.75625 0.4875 0.75625 0.489062 0.754167 0.490625 0.754167
0 0.53125 0.735417 0.529688 0.7375 0.528125 0.7375 0.525 0.741667 0.523438 0.741667 0.523438 0.745833 0.521875 0.747917 0.521875 0.752083 0.523438 0.75 0.532812 0.75 0.534375 0.747917 0.54375 0.747917 0.54375 0.74375 0.542188 0.741667 0.542188 0.735417
0 0.596875 0.70625 0.590625 0.714583 0.6 0.727083 0.601562 0.727083 0.614062 0.74375 0.614062 0.745833 0.6125 0.747917 0.6125 0.754167 0.610938 0.75625 0.610938 0.760417 0.609375 0.7625 0.609375 0.76875 0.607812 0.770833 0.607812 0.775 0.60625 0.777083 0.60625 0.783333 0.604688 0.785417 0.604688 0.789583 0.603125 0.791667 0.603125 0.797917 0.601562 0.8 0.601562 0.804167 0.6 0.80625 0.6 0.810417 0.598438 0.8125 0.598438 0.81875 0.596875 0.820833 0.596875 0.825 0.595312 0.827083 0.595312 0.833333 0.59375 0.835417 0.59375 0.839583 0.592188 0.841667 0.592188 0.847917 0.590625 0.85 0.590625 0.852083 0.6 0.852083 0.601562 0.854167 0.609375 0.854167 0.610938 0.85625 0.614062 0.852083 0.615625 0.852083 0.61875 0.847917 0.620312 0.847917 0.620312 0.84375 0.621875 0.841667 0.621875 0.833333 0.623438 0.83125 0.623438 0.822917 0.625 0.820833 0.625 0.8125 0.626562 0.810417 0.626562 0.802083 0.628125 0.8 0.628125 0.789583 0.629688 0.7875 0.629688 0.779167 0.63125 0.777083 0.63125 0.76875 0.632812 0.766667 0.632812 0.758333 0.634375 0.75625 0.634375 0.747917 0.635938 0.745833 0.635938 0.739583 0.634375 0.7375 0.634375 0.73125 0.632812 0.729167 0.632812 0.725 0.629688 0.725 0.628125 0.722917 0.623438 0.729167 0.621875 0.729167 0.620312 0.73125 0.61875 0.729167 0.617188 0.729167 0.610938 0.720833 0.609375 0.720833 0.603125 0.7125 0.601562 0.7125
0 0.9 0.695833 0.909375 0.708333 0.910938 0.70625 0.917188 0.70625 0.915625 0.704167 0.915625 0.702083 0.914062 0.7 0.914062 0.697917 0.9125 0.695833
0 0.3 0.68125 0.298438 0.683333 0.296875 0.683333 0.295312 0.685417 0.292188 0.685417 0.290625 0.6875 0.289062 0.6875 0.2875 0.689583 0.284375 0.689583 0.282812 0.691667 0.28125 0.691667 0.279688 0.69375 0.276562 0.69375 0.275 0.695833 0.270312 0.695833 0.26875 0.697917 0.265625 0.697917 0.264062 0.7 0.2625 0.7 0.260938 0.702083 0.257812 0.702083 0.2625 0.708333 0.264062 0.70625 0.265625 0.70625 0.267188 0.704167 0.270312 0.704167 0.271875 0.702083 0.273438 0.702083 0.275 0.7 0.278125 0.7 0.279688 0.697917 0.28125 0.697917 0.282812 0.695833 0.285938 0.695833 0.2875 0.69375 0.289062 0.69375 0.290625 0.691667 0.29375 0.691667 0.295312 0.689583 0.296875 0.689583 0.298438 0.6875 0.301562 0.6875 0.301562 0.685417 0.303125 0.683333 0.303125 0.68125
0 0.126562 0.622917 0.11875 0.633333 0.117188 0.633333 0.110938 0.641667 0.1125 0.639583 0.115625 0.639583 0.117188 0.6375 0.120312 0.6375 0.121875 0.635417 0.126562 0.635417 0.128125 0.633333 0.13125 0.633333 0.13125 0.629167 0.132812 0.627083 0.132812 0.625 0.128125 0.625
0 0.734375 0.6125 0.732812 0.614583 0.73125 0.614583 0.729688 0.616667 0.728125 0.616667 0.726562 0.61875 0.725 0.61875 0.73125 0.627083 0.73125 0.629167 0.742188 0.64375 0.742188 0.645833 0.75 0.65625 0.75 0.658333 0.754688 0.664583 0.754688 0.666667 0.757812 0.670833 0.757812 0.672917 0.7625 0.679167 0.7625 0.68125 0.785938 0.7125 0.7875 0.7125 0.795312 0.722917 0.798438 0.722917 0.8 0.720833 0.803125 0.720833 0.804688 0.71875 0.80625 0.71875 0.807812 0.716667 0.810938 0.716667 0.8125 0.714583 0.814062 0.714583 0.8125 0.7125 0.8125 0.710417 0.810938 0.708333 0.810938 0.70625 0.809375 0.704167 0.809375 0.702083 0.803125 0.69375 0.803125 0.691667 0.795312 0.68125 0.795312 0.679167 0.789062 0.670833 0.789062 0.66875 0.784375 0.6625 0.784375 0.660417 0.782812 0.658333 0.78125 0.658333 0.778125 0.654167 0.776562 0.654167 0.773438 0.65 0.771875 0.65 0.76875 0.645833 0.767188 0.645833 0.7625 0.639583 0.760938 0.639583 0.75625 0.633333 0.754688 0.633333 0.751562 0.629167 0.75 0.629167 0.745312 0.622917 0.74375 0.622917 0.739062 0.616667 0.7375 0.616667
0 0.478125 0.579167 0.476562 0.58125 0.475 0.58125 0.473438 0.583333 0.471875 0.583333 0.470312 0.585417 0.46875 0.585417 0.467188 0.5875 0.465625 0.5875 0.464062 0.589583 0.4625 0.589583 0.459375 0.59375 0.457812 0.59375 0.45625 0.595833 0.454688 0.595833 0.453125 0.597917 0.451562 0.597917 0.45 0.6 0.448438 0.6 0.446875 0.602083 0.445312 0.602083 0.44375 0.604167 0.442188 0.604167 0.440625 0.60625 0.439062 0.60625 0.4375 0.608333 0.435938 0.608333 0.434375 0.610417 0.432812 0.610417 0.429688 0.614583 0.428125 0.614583 0.426562 0.616667 0.425 0.616667 0.423438 0.61875 0.421875 0.61875 0.420312 0.620833 0.41875 0.620833 0.417188 0.622917 0.415625 0.622917 0.414062 0.625 0.4125 0.625 0.410938 0.627083 0.409375 0.627083 0.407812 0.629167 0.40625 0.629167 0.404688 0.63125 0.403125 0.63125 0.401562 0.633333 0.4 0.633333 0.396875 0.6375 0.395312 0.6375 0.39375 0.639583 0.392188 0.639583 0.390625 0.641667 0.389062 0.641667 0.3875 0.64375 0.385938 0.64375 0.384375 0.645833 0.382812 0.645833 0.38125 0.647917 0.379688 0.647917 0.376562 0.652083 0.375 0.652083 0.373438 0.654167 0.371875 0.654167 0.36875 0.658333 0.367188 0.658333 0.364062 0.6625 0.3625 0.6625 0.360938 0.664583 0.359375 0.664583 0.35625 0.66875 0.354688 0.66875 0.353125 0.670833 0.351562 0.670833 0.348438 0.675 0.346875 0.675 0.34375 0.679167 0.342188 0.679167 0.340625 0.68125 0.339062 0.68125 0.335938 0.685417 0.334375 0.685417 0.342188 0.695833 0.342188 0.697917 0.348438 0.70625 0.35 0.704167 0.351562 0.704167 0.353125 0.702083 0.354688 0.702083 0.35625 0.7 0.359375 0.7 0.360938 0.697917 0.3625 0.697917 0.364062 0.695833 0.365625 0.695833 0.367188 0.69375 0.36875 0.69375 0.370312 0.691667 0.371875 0.691667 0.373438 0.689583 0.375 0.689583 0.376562 0.6875 0.379688 0.6875 0.38125 0.685417 0.382812 0.685417 0.384375 0.683333 0.385938 0.683333 0.3875 0.68125 0.389062 0.68125 0.390625 0.679167 0.392188 0.679167 0.39375 0.677083 0.395312 0.677083 0.396875 0.675 0.4 0.675 0.401562 0.672917 0.403125 0.672917 0.404688 0.670833 0.40625 0.670833 0.407812 0.66875 0.409375 0.66875 0.410938 0.666667 0.4125 0.666667 0.414062 0.664583 0.415625 0.664583 0.41875 0.660417 0.420312 0.660417 0.421875 0.658333 0.423438 0.658333 0.425 0.65625 0.426562 0.65625 0.428125 0.654167 0.429688 0.654167 0.43125 0.652083 0.432812 0.652083 0.434375 0.65 0.435938 0.65 0.439062 0.645833 0.440625 0.645833 0.442188 0.64375 0.44375 0.64375 0.445312 0.641667 0.446875 0.641667 0.448438 0.639583 0.45 0.639583 0.451562 0.6375 0.453125 0.6375 0.454688 0.635417 0.45625 0.635417 0.459375 0.63125 0.460938 0.63125 0.4625 0.629167 0.464062 0.629167 0.465625 0.627083 0.467188 0.627083 0.478125 0.6125 0.479688 0.6125 0.489062 0.6 0.4875 0.597917 0.4875 0.595833 0.482812 0.589583 0.482812 0.5875 0.479688 0.583333 0.479688 0.58125
0 0.65 0.533333 0.648438 0.535417 0.645312 0.535417 0.64375 0.5375 0.640625 0.5375 0.639062 0.539583 0.635938 0.539583 0.632812 0.54375 0.63125 0.54375 0.628125 0.547917 0.626562 0.547917 0.628125 0.547917 0.629688 0.55 0.63125 0.55 0.634375 0.554167 0.635938 0.554167 0.6375 0.55625 0.639062 0.55625 0.640625 0.558333 0.646875 0.558333 0.648438 0.560417 0.65 0.558333 0.654688 0.558333 0.65625 0.55625 0.657812 0.55625 0.660938 0.552083 0.678125 0.552083 0.679688 0.55 0.684375 0.55 0.685938 0.547917 0.690625 0.547917 0.690625 0.545833 0.689062 0.54375 0.689062 0.539583 0.673438 0.539583 0.671875 0.5375 0.66875 0.5375 0.667188 0.535417 0.665625 0.535417 0.664062 0.533333
0 0.85625 0.489583 0.854688 0.491667 0.853125 0.491667 0.85 0.495833 0.848438 0.495833 0.845312 0.5 0.84375 0.5 0.842188 0.502083 0.840625 0.502083 0.8375 0.50625 0.835938 0.50625 0.835938 0.508333 0.8375 0.510417 0.8375 0.5125 0.839062 0.510417 0.840625 0.510417 0.842188 0.508333 0.84375 0.508333 0.845312 0.50625 0.846875 0.50625 0.848438 0.504167 0.85 0.504167 0.851562 0.502083 0.854688 0.502083 0.85625 0.5 0.857812 0.5 0.859375 0.497917 0.860938 0.497917 0.8625 0.495833 0.864062 0.495833 0.864062 0.489583
0 0.542188 0.485417 0.540625 0.4875 0.540625 0.489583 0.535938 0.495833 0.535938 0.497917 0.534375 0.5 0.534375 0.502083 0.532812 0.504167 0.532812 0.50625 0.53125 0.508333 0.53125 0.510417 0.528125 0.514583 0.528125 0.516667 0.526562 0.51875 0.526562 0.520833 0.525 0.522917 0.525 0.525 0.521875 0.529167 0.521875 0.53125 0.520312 0.533333 0.520312 0.535417 0.51875 0.5375 0.51875 0.539583 0.517188 0.541667 0.517188 0.54375 0.514062 0.547917 0.514062 0.55 0.510938 0.554167 0.510938 0.55625 0.507812 0.560417 0.507812 0.5625 0.50625 0.564583 0.50625 0.566667 0.523438 0.566667 0.525 0.564583 0.525 0.5625 0.526562 0.560417 0.526562 0.558333 0.528125 0.55625 0.528125 0.554167 0.529688 0.552083 0.529688 0.55 0.53125 0.547917 0.53125 0.545833 0.532812 0.54375 0.532812 0.541667 0.534375 0.539583 0.534375 0.5375 0.5375 0.533333 0.5375 0.53125 0.542188 0.525 0.542188 0.522917 0.546875 0.516667 0.546875 0.514583 0.553125 0.50625 0.553125 0.504167 0.557812 0.497917 0.557812 0.495833 0.560938 0.491667 0.55625 0.491667 0.554688 0.489583 0.55 0.489583 0.548438 0.4875 0.54375 0.4875
0 0.971875 0.441667 0.971875 0.44375 0.973438 0.445833 0.973438 0.45 0.9875 0.45 0.989062 0.452083 0.989062 0.45 0.990625 0.447917 0.985938 0.441667
0 0.579688 0.38125 0.576562 0.385417 0.575 0.385417 0.573438 0.3875 0.575 0.389583 0.576562 0.389583 0.579688 0.39375 0.58125 0.39375 0.584375 0.397917 0.585938 0.397917 0.589062 0.402083 0.590625 0.4 0.59375 0.4 0.595312 0.397917 0.598438 0.397917 0.6 0.395833 0.626562 0.395833 0.626562 0.391667 0.628125 0.389583 0.628125 0.3875 0.621875 0.3875 0.620312 0.385417 0.614062 0.385417 0.6125 0.383333 0.60625 0.383333 0.604688 0.38125
1 0.645312 0.983333 0.640625 0.989583 0.640625 0.99375 0.642188 0.995833 0.642188 0.997917 0.651562 0.997917 0.651562 0.995833 0.648438 0.991667 0.648438 0.989583 0.645312 0.985417
1 0.834375 0.96875 0.83125 0.972917 0.829688 0.972917 0.826562 0.977083 0.825 0.977083 0.821875 0.98125 0.820312 0.98125 0.81875 0.983333 0.817188 0.983333 0.815625 0.985417 0.814062 0.985417 0.8125 0.9875 0.810938 0.9875 0.809375 0.989583 0.807812 0.989583 0.804688 0.99375 0.803125 0.99375 0.801562 0.995833 0.8 0.995833 0.798438 0.997917 0.796875 0.997917 0.834375 0.997917 0.846875 0.98125 0.8375 0.96875
1 0.4 0.9125 0.398438 0.914583 0.396875 0.914583 0.395312 0.916667 0.392188 0.916667 0.390625 0.91875 0.389062 0.91875 0.3875 0.920833 0.385938 0.920833 0.384375 0.922917 0.382812 0.922917 0.382812 0.927083 0.384375 0.929167 0.384375 0.935417 0.385938 0.9375 0.385938 0.94375 0.3875 0.945833 0.3875 0.964583 0.385938 0.966667 0.375 0.966667 0.375 0.970833 0.376562 0.972917 0.376562 0.979167 0.382812 0.9875 0.382812 0.989583 0.389062 0.997917 0.421875 0.997917 0.423438 0.995833 0.423438 0.99375 0.425 0.991667 0.425 0.989583 0.426562 0.9875 0.426562 0.985417 0.428125 0.983333 0.428125 0.98125 0.429688 0.979167 0.429688 0.975 0.428125 0.972917 0.428125 0.970833 0.423438 0.964583 0.423438 0.9625 0.420312 0.958333 0.421875 0.95625 0.421875 0.954167 0.423438 0.952083 0.423438 0.95 0.425 0.947917 0.425 0.945833 0.426562 0.94375 0.426562 0.927083 0.425 0.925 0.425 0.922917 0.423438 0.920833 0.421875 0.920833 0.420312 0.91875 0.417188 0.91875 0.415625 0.916667 0.414062 0.916667 0.4125 0.914583 0.407812 0.914583 0.40625 0.9125
1 0.81875 0.53125 0.817188 0.533333 0.809375 0.533333 0.807812 0.535417 0.80625 0.535417 0.804688 0.5375 0.801562 0.5375 0.8 0.539583 0.798438 0.539583 0.796875 0.541667 0.795312 0.541667 0.79375 0.54375 0.792188 0.541667 0.790625 0.541667 0.789062 0.539583 0.7875 0.541667 0.7875 0.545833 0.785938 0.547917 0.785938 0.554167 0.784375 0.55625 0.784375 0.558333 0.782812 0.560417 0.767188 0.560417 0.765625 0.5625 0.7625 0.5625 0.760938 0.564583 0.75625 0.564583 0.754688 0.566667 0.751562 0.566667 0.75 0.56875 0.746875 0.56875 0.75 0.572917 0.75 0.575 0.757812 0.585417 0.757812 0.5875 0.765625 0.597917 0.765625 0.6 0.773438 0.610417 0.773438 0.6125 0.776562 0.616667 0.776562 0.625 0.778125 0.627083 0.778125 0.635417 0.779688 0.6375 0.779688 0.641667 0.78125 0.64375 0.78125 0.647917 0.782812 0.65 0.782812 0.654167 0.784375 0.65625 0.784375 0.658333 0.785938 0.660417 0.785938 0.6625 0.790625 0.66875 0.790625 0.670833 0.796875 0.679167 0.796875 0.68125 0.804688 0.691667 0.804688 0.69375 0.810938 0.702083 0.810938 0.704167 0.8125 0.70625 0.8125 0.708333 0.814062 0.710417 0.814062 0.7125 0.815625 0.714583 0.814062 0.716667 0.8125 0.716667 0.810938 0.71875 0.807812 0.71875 0.80625 0.720833 0.804688 0.720833 0.803125 0.722917 0.8 0.722917 0.798438 0.725 0.796875 0.725 0.807812 0.739583 0.807812 0.741667 0.8125 0.747917 0.8125 0.75 0.815625 0.754167 0.815625 0.75625 0.817188 0.758333 0.810938 0.766667 0.810938 0.76875 0.804688 0.777083 0.803125 0.777083 0.8 0.78125 0.798438 0.78125 0.796875 0.783333 0.795312 0.783333 0.792188 0.7875 0.790625 0.7875 0.790625 0.79375 0.789062 0.795833 0.789062 0.80625 0.7875 0.808333 0.7875 0.810417 0.785938 0.8125 0.785938 0.814583 0.784375 0.816667 0.790625 0.816667 0.795312 0.810417 0.796875 0.810417 0.803125 0.802083 0.804688 0.804167 0.825 0.804167 0.826562 0.80625 0.829688 0.80625 0.83125 0.808333 0.834375 0.808333 0.835938 0.810417 0.835938 0.814583 0.8375 0.816667 0.8375 0.822917 0.839062 0.825 0.839062 0.829167 0.840625 0.83125 0.840625 0.835417 0.842188 0.8375 0.842188 0.84375 0.84375 0.845833 0.84375 0.85 0.845312 0.852083 0.845312 0.854167 0.846875 0.85625 0.848438 0.85625 0.853125 0.8625 0.854688 0.8625 0.85625 0.864583 0.8625 0.864583 0.865625 0.860417 0.865625 0.858333 0.86875 0.854167 0.86875 0.85 0.870312 0.847917 0.870312 0.839583 0.86875 0.8375 0.86875 0.833333 0.867188 0.83125 0.867188 0.820833 0.86875 0.81875 0.86875 0.810417 0.870312 0.808333 0.871875 0.810417 0.879688 0.810417 0.88125 0.8125 0.88125 0.825 0.882812 0.827083 0.882812 0.8375 0.889062 0.8375 0.890625 0.835417 0.892188 0.835417 0.89375 0.833333 0.896875 0.8375 0.896875 0.839583 0.9 0.84375 0.9 0.852083 0.898438 0.854167 0.898438 0.864583 0.9 0.866667 0.901562 0.866667 0.904688 0.870833 0.90625 0.870833 0.907812 0.872917 0.907812 0.904167 0.90625 0.90625 0.904688 0.90625 0.901562 0.910417 0.9 0.910417 0.898438 0.9125 0.896875 0.9125 0.895312 0.914583 0.89375 0.914583 0.890625 0.91875 0.889062 0.91875 0.8875 0.920833 0.885938 0.91875 0.876562 0.91875 0.876562 0.929167 0.878125 0.93125 0.878125 0.94375 0.879688 0.945833 0.88125 0.945833 0.884375 0.95 0.885938 0.95 0.889062 0.954167 0.890625 0.954167 0.892188 0.95625 0.89375 0.95625 0.895312 0.958333 0.896875 0.958333 0.898438 0.960417 0.9 0.960417 0.909375 0.947917 0.910938 0.95 0.915625 0.95 0.91875 0.945833 0.920312 0.945833 0.923438 0.941667 0.925 0.941667 0.929688 0.935417 0.93125 0.935417 0.932812 0.933333 0.932812 0.9125 0.934375 0.910417 0.934375 0.908333 0.932812 0.908333 0.93125 0.910417 0.929688 0.910417 0.928125 0.9125 0.926562 0.910417 0.926562 0.908333 0.928125 0.90625 0.928125 0.904167 0.929688 0.902083 0.929688 0.9 0.932812 0.895833 0.932812 0.891667 0.93125 0.889583 0.93125 0.885417 0.932812 0.883333 0.9375 0.883333 0.939062 0.88125 0.942188 0.88125 0.94375 0.879167 0.946875 0.883333 0.946875 0.885417 0.951562 0.891667 0.951562 0.89375 0.953125 0.895833 0.95 0.9 0.95 0.902083 0.948438 0.904167 0.948438 0.90625 0.946875 0.908333 0.946875 0.914583 0.945312 0.916667 0.945312 0.91875 0.94375 0.920833 0.94375 0.922917 0.942188 0.925 0.942188 0.927083 0.946875 0.933333 0.948438 0.933333 0.953125 0.939583 0.953125 0.9375 0.954688 0.935417 0.954688 0.933333 0.95625 0.93125 0.95625 0.91875 0.954688 0.916667 0.954688 0.914583 0.953125 0.9125 0.953125 0.910417 0.951562 0.908333 0.953125 0.90625 0.953125 0.904167 0.954688 0.902083 0.954688 0.9 0.957812 0.895833 0.960938 0.9 0.9625 0.9 0.965625 0.904167 0.965625 0.908333 0.967188 0.910417 0.967188 0.916667 0.96875 0.91875 0.96875 0.922917 0.971875 0.927083 0.973438 0.927083 0.978125 0.933333 0.9875 0.933333 0.989062 0.935417 0.989062 0.941667 0.990625 0.94375 0.990625 0.958333 0.989062 0.960417 0.979688 0.960417 0.978125 0.9625 0.96875 0.9625 0.967188 0.964583 0.954688 0.964583 0.953125 0.966667 0.942188 0.966667 0.940625 0.96875 0.928125 0.96875 0.926562 0.970833 0.925 0.96875 0.925 0.966667 0.926562 0.964583 0.926562 0.958333 0.928125 0.95625 0.928125 0.95 0.925 0.954167 0.923438 0.954167 0.91875 0.960417 0.917188 0.960417 0.915625 0.9625 0.915625 0.966667 0.914062 0.96875 0.914062 0.975 0.9125 0.977083 0.901562 0.977083 0.9 0.979167 0.890625 0.979167 0.8875 0.983333 0.885938 0.983333 0.88125 0.989583 0.879688 0.989583 0.873438 0.997917 0.871875 0.997917 0.998438 0.997917 0.998438 0.56875 0.896875 0.56875 0.895312 0.570833 0.8875 0.560417 0.875 0.560417 0.871875 0.55625 0.871875 0.554167 0.867188 0.547917 0.867188 0.545833 0.865625 0.545833 0.864062 0.547917 0.860938 0.547917 0.859375 0.55 0.857812 0.55 0.85625 0.552083 0.854688 0.55 0.853125 0.55 0.851562 0.547917 0.848438 0.547917 0.846875 0.545833 0.845312 0.545833 0.835938 0.533333 0.832812 0.533333 0.83125 0.53125
1 0.029688 0.479167 0.025 0.485417 0.025 0.4875 0.026562 0.489583 0.026562 0.49375 0.028125 0.495833 0.028125 0.497917 0.029688 0.495833 0.0375 0.495833 0.039062 0.49375 0.046875 0.49375 0.048438 0.491667 0.05625 0.491667 0.05625 0.489583 0.054688 0.4875 0.054688 0.485417 0.053125 0.4875 0.034375 0.4875 0.03125 0.483333 0.03125 0.48125
1 0.190625 0.472917 0.190625 0.479167 0.192188 0.48125 0.192188 0.491667 0.1875 0.497917 0.185938 0.497917 0.184375 0.5 0.182812 0.5 0.18125 0.502083 0.179688 0.502083 0.178125 0.504167 0.176562 0.502083 0.173438 0.502083 0.171875 0.5 0.167188 0.5 0.165625 0.497917 0.1625 0.497917 0.160938 0.495833 0.157812 0.495833 0.15625 0.49375 0.153125 0.49375 0.151562 0.491667 0.15 0.491667 0.148438 0.489583 0.145312 0.489583 0.14375 0.4875 0.140625 0.4875 0.139062 0.485417 0.126562 0.485417 0.125 0.483333 0.125 0.485417 0.126562 0.4875 0.126562 0.489583 0.128125 0.489583 0.129688 0.491667 0.13125 0.491667 0.132812 0.49375 0.134375 0.49375 0.135938 0.495833 0.1375 0.495833 0.139062 0.497917 0.142188 0.497917 0.14375 0.5 0.145312 0.5 0.146875 0.502083 0.148438 0.502083 0.15 0.504167 0.151562 0.504167 0.153125 0.50625 0.154688 0.50625 0.157812 0.510417 0.157812 0.5125 0.15625 0.514583 0.153125 0.514583 0.151562 0.516667 0.148438 0.516667 0.164062 0.516667 0.165625 0.51875 0.182812 0.51875 0.184375 0.520833 0.1875 0.520833 0.189062 0.522917 0.192188 0.522917 0.19375 0.525 0.195312 0.525 0.198438 0.529167 0.2 0.529167 0.201562 0.53125 0.196875 0.5375 0.196875 0.539583 0.192188 0.545833 0.19375 0.545833 0.195312 0.547917 0.196875 0.547917 0.198438 0.55 0.2 0.55 0.201562 0.552083 0.203125 0.552083 0.204688 0.554167 0.203125 0.55625 0.196875 0.55625 0.195312 0.558333 0.190625 0.558333 0.189062 0.560417 0.182812 0.560417 0.19375 0.560417 0.195312 0.5625 0.196875 0.5625 0.198438 0.564583 0.201562 0.564583 0.203125 0.566667 0.204688 0.566667 0.20625 0.56875 0.196875 0.58125 0.196875 0.583333 0.195312 0.585417 0.195312 0.5875 0.19375 0.589583 0.19375 0.597917 0.192188 0.6 0.192188 0.608333 0.19375 0.608333 0.196875 0.6125 0.198438 0.6125 0.201562 0.616667 0.203125 0.616667 0.204688 0.61875 0.201562 0.622917 0.201562 0.625 0.198438 0.629167 0.196875 0.629167 0.195312 0.63125 0.19375 0.63125 0.192188 0.633333 0.190625 0.633333 0.189062 0.635417 0.185938 0.635417 0.184375 0.6375 0.182812 0.6375 0.18125 0.639583 0.179688 0.639583 0.178125 0.641667 0.176562 0.641667 0.175 0.64375 0.173438 0.64375 0.171875 0.645833 0.170312 0.645833 0.16875 0.647917 0.167188 0.647917 0.165625 0.65 0.164062 0.65 0.1625 0.652083 0.159375 0.652083 0.157812 0.654167 0.15625 0.654167 0.154688 0.65625 0.153125 0.65625 0.151562 0.658333 0.15 0.658333 0.148438 0.660417 0.146875 0.660417 0.145312 0.6625 0.14375 0.660417 0.140625 0.660417 0.139062 0.658333 0.135938 0.658333 0.134375 0.65625 0.13125 0.65625 0.129688 0.654167 0.126562 0.654167 0.125 0.652083 0.10625 0.652083 0.104688 0.654167 0.101562 0.65 0.1 0.65 0.098438 0.647917 0.095312 0.647917 0.09375 0.645833 0.092188 0.645833 0.090625 0.64375 0.0875 0.64375 0.085938 0.641667 0.08125 0.641667 0.079688 0.64375 0.078125 0.64375 0.076562 0.645833 0.075 0.645833 0.075 0.647917 0.073438 0.65 0.073438 0.658333 0.075 0.660417 0.075 0.664583 0.090625 0.685417 0.090625 0.6875 0.092188 0.689583 0.092188 0.691667 0.09375 0.69375 0.092188 0.695833 0.089062 0.695833 0.0875 0.697917 0.084375 0.697917 0.082812 0.7 0.071875 0.7 0.073438 0.702083 0.073438 0.704167 0.075 0.70625 0.075 0.708333 0.078125 0.7125 0.079688 0.7125 0.084375 0.71875 0.084375 0.720833 0.085938 0.722917 0.084375 0.725 0.075 0.725 0.071875 0.720833 0.071875 0.71875 0.067188 0.7125 0.067188 0.710417 0.054688 0.69375 0.053125 0.69375 0.051562 0.691667 0.054688 0.695833 0.054688 0.697917 0.060938 0.70625 0.060938 0.708333 0.065625 0.714583 0.065625 0.716667 0.067188 0.71875 0.065625 0.720833 0.064062 0.720833 0.0625 0.722917 0.060938 0.722917 0.057812 0.727083 0.05625 0.727083 0.054688 0.729167 0.046875 0.71875 0.045312 0.71875 0.042188 0.714583 0.040625 0.714583 0.040625 0.716667 0.04375 0.720833 0.045312 0.720833 0.053125 0.73125 0.054688 0.73125 0.0625 0.741667 0.064062 0.741667 0.071875 0.752083 0.073438 0.752083 0.078125 0.758333 0.078125 0.770833 0.076562 0.772917 0.067188 0.772917 0.065625 0.775 0.065625 0.789583 0.064062 0.791667 0.064062 0.79375 0.0625 0.795833 0.0625 0.797917 0.060938 0.8 0.060938 0.802083 0.059375 0.804167 0.059375 0.80625 0.057812 0.808333 0.057812 0.810417 0.05625 0.8125 0.06875 0.8125 0.070312 0.810417 0.082812 0.810417 0.084375 0.808333 0.085938 0.810417 0.0875 0.810417 0.089062 0.8125 0.090625 0.8125 0.09375 0.816667 0.095312 0.816667 0.096875 0.81875 0.098438 0.81875 0.1 0.820833 0.101562 0.820833 0.103125 0.822917 0.104688 0.822917 0.107812 0.827083 0.109375 0.827083 0.1125 0.83125 0.120312 0.83125 0.121875 0.833333 0.129688 0.833333 0.13125 0.835417 0.139062 0.835417 0.142188 0.839583 0.140625 0.841667 0.140625 0.845833 0.139062 0.847917 0.139062 0.85 0.1375 0.852083 0.1375 0.85625 0.135938 0.858333 0.135938 0.860417 0.1375 0.8625 0.139062 0.8625 0.142188 0.866667 0.14375 0.866667 0.146875 0.870833 0.148438 0.870833 0.151562 0.875 0.153125 0.875 0.15625 0.879167 0.157812 0.879167 0.160938 0.883333 0.1625 0.883333 0.164062 0.885417 0.160938 0.889583 0.160938 0.891667 0.153125 0.902083 0.153125 0.904167 0.146875 0.9125 0.146875 0.914583 0.140625 0.922917 0.140625 0.925 0.132812 0.935417 0.132812 0.9375 0.128125 0.94375 0.128125 0.945833 0.126562 0.947917 0.126562 0.95 0.123438 0.954167 0.123438 0.95625 0.121875 0.958333 0.121875 0.960417 0.11875 0.964583 0.11875 0.966667 0.115625 0.970833 0.115625 0.972917 0.114062 0.975 0.114062 0.977083 0.110938 0.98125 0.110938 0.983333 0.109375 0.985417 0.109375 0.9875 0.10625 0.991667 0.10625 0.99375 0.104688 0.995833 0.104688 0.997917 0.15625 0.997917 0.157812 0.995833 0.157812 0.991667 0.159375 0.989583 0.159375 0.985417 0.160938 0.983333 0.160938 0.98125 0.1625 0.979167 0.167188 0.979167 0.16875 0.977083 0.173438 0.977083 0.175 0.975 0.179688 0.975 0.179688 0.958333 0.178125 0.95625 0.178125 0.954167 0.176562 0.952083 0.176562 0.95 0.175 0.947917 0.175 0.9375 0.173438 0.935417 0.173438 0.927083 0.175 0.925 0.18125 0.925 0.182812 0.922917 0.184375 0.925 0.184375 0.927083 0.185938 0.929167 0.185938 0.933333 0.1875 0.935417 0.1875 0.941667 0.189062 0.94375 0.189062 0.947917 0.190625 0.95 0.190625 0.954167 0.192188 0.95625 0.21875 0.95625 0.220312 0.958333 0.221875 0.958333 0.223438 0.960417 0.226562 0.960417 0.228125 0.9625 0.229688 0.9625 0.23125 0.964583 0.23125 0.966667 0.232812 0.96875 0.232812 0.970833 0.234375 0.972917 0.234375 0.975 0.257812 0.975 0.260938 0.970833 0.2625 0.970833 0.265625 0.966667 0.267188 0.966667 0.270312 0.9625 0.276562 0.9625 0.278125 0.960417 0.279688 0.9625 0.289062 0.9625 0.295312 0.970833 0.296875 0.970833 0.303125 0.979167 0.320312 0.979167 0.321875 0.98125 0.348438 0.98125 0.35 0.979167 0.357812 0.979167 0.35625 0.977083 0.35625 0.975 0.354688 0.972917 0.354688 0.970833 0.351562 0.966667 0.351562 0.964583 0.35 0.9625 0.351562 0.960417 0.353125 0.960417 0.354688 0.958333 0.357812 0.958333 0.359375 0.95625 0.360938 0.95625 0.3625 0.954167 0.364062 0.954167 0.364062 0.952083 0.365625 0.95 0.365625 0.941667 0.364062 0.939583 0.364062 0.935417 0.365625 0.933333 0.365625 0.93125 0.367188 0.929167 0.367188 0.927083 0.36875 0.925 0.36875 0.922917 0.370312 0.920833 0.365625 0.920833 0.364062 0.91875 0.357812 0.91875 0.35625 0.916667 0.351562 0.916667 0.35 0.914583 0.34375 0.914583 0.342188 0.9125 0.3375 0.9125 0.335938 0.910417 0.329688 0.910417 0.328125 0.908333 0.315625 0.908333 0.314062 0.90625 0.301562 0.90625 0.29375 0.895833 0.292188 0.895833 0.273438 0.870833 0.273438 0.854167 0.271875 0.852083 0.271875 0.8375 0.26875 0.833333 0.267188 0.833333 0.260938 0.825 0.259375 0.825 0.253125 0.816667 0.253125 0.814583 0.25 0.810417 0.25 0.808333 0.246875 0.804167 0.246875 0.802083 0.24375 0.797917 0.24375 0.795833 0.234375 0.783333 0.234375 0.78125 0.225 0.76875 0.223438 0.76875 0.217188 0.760417 0.215625 0.760417 0.210938 0.754167 0.209375 0.754167 0.20625 0.75 0.20625 0.729167 0.207812 0.727083 0.209375 0.727083 0.210938 0.725 0.214062 0.725 0.215625 0.722917 0.217188 0.722917 0.21875 0.720833 0.220312 0.720833 0.223438 0.716667 0.225 0.716667 0.228125 0.7125 0.229688 0.7125 0.232812 0.708333 0.234375 0.708333 0.235938 0.70625 0.235938 0.702083 0.2375 0.7 0.2375 0.69375 0.235938 0.69375 0.234375 0.691667 0.23125 0.691667 0.229688 0.689583 0.229688 0.6875 0.228125 0.685417 0.228125 0.679167 0.226562 0.679167 0.226562 0.68125 0.223438 0.685417 0.2125 0.685417 0.209375 0.689583 0.207812 0.689583 0.203125 0.695833 0.201562 0.69375 0.201562 0.68125 0.204688 0.677083 0.204688 0.675 0.210938 0.666667 0.210938 0.664583 0.215625 0.658333 0.232812 0.658333 0.234375 0.65625 0.235938 0.65625 0.235938 0.652083 0.234375 0.65 0.234375 0.64375 0.232812 0.641667 0.232812 0.6375 0.23125 0.635417 0.23125 0.633333 0.226562 0.627083 0.226562 0.625 0.223438 0.620833 0.223438 0.616667 0.221875 0.614583 0.221875 0.60625 0.220312 0.604167 0.220312 0.595833 0.21875 0.59375 0.21875 0.585417 0.217188 0.583333 0.217188 0.575 0.215625 0.572917 0.215625 0.56875 0.214062 0.56875 0.2125 0.566667 0.210938 0.566667 0.209375 0.564583 0.207812 0.564583 0.20625 0.5625 0.20625 0.560417 0.204688 0.558333 0.204688 0.554167 0.203125 0.552083 0.203125 0.55 0.201562 0.547917 0.201562 0.54375 0.2 0.541667 0.2 0.539583 0.203125 0.535417 0.204688 0.535417 0.209375 0.529167 0.210938 0.529167 0.215625 0.522917 0.217188 0.522917 0.21875 0.520833 0.21875 0.51875 0.217188 0.516667 0.217188 0.514583 0.215625 0.5125 0.215625 0.510417 0.214062 0.508333 0.214062 0.50625 0.2125 0.504167 0.2125 0.502083 0.210938 0.502083 0.207812 0.497917 0.20625 0.497917 0.204688 0.495833 0.203125 0.495833 0.198438 0.489583 0.198438 0.4875 0.19375 0.48125 0.19375 0.479167 0.190625 0.475
1 0.092188 0.470833 0.090625 0.472917 0.0875 0.472917 0.085938 0.475 0.084375 0.475 0.082812 0.477083 0.079688 0.477083 0.078125 0.479167 0.075 0.479167 0.075 0.485417 0.076562 0.483333 0.08125 0.483333 0.082812 0.48125 0.089062 0.48125 0.090625 0.479167 0.095312 0.479167 0.098438 0.483333 0.1 0.48125 0.104688 0.48125 0.104688 0.477083 0.103125 0.477083 0.1 0.472917 0.09375 0.472917
1 0.996875 0.389583 0.99375 0.39375 0.992188 0.39375 0.990625 0.395833 0.990625 0.40625 0.989062 0.408333 0.989062 0.420833 0.985938 0.425 0.984375 0.425 0.979688 0.43125 0.978125 0.43125 0.973438 0.4375 0.971875 0.4375 0.96875 0.441667 0.96875 0.44375 0.967188 0.445833 0.967188 0.447917 0.965625 0.45 0.965625 0.452083 0.964062 0.454167 0.964062 0.45625 0.9625 0.458333 0.9625 0.460417 0.960938 0.4625 0.9625 0.464583 0.9625 0.466667 0.967188 0.472917 0.967188 0.475 0.971875 0.48125 0.973438 0.48125 0.978125 0.4875 0.978125 0.489583 0.98125 0.489583 0.985938 0.483333 0.9875 0.485417 0.992188 0.485417 0.99375 0.4875 0.99375 0.508333 0.992188 0.510417 0.989062 0.510417 0.9875 0.5125 0.982812 0.5125 0.98125 0.514583 0.978125 0.514583 0.976562 0.516667 0.975 0.514583 0.971875 0.514583 0.970312 0.5125 0.96875 0.5125 0.967188 0.510417 0.964062 0.510417 0.95625 0.5 0.954688 0.5 0.954688 0.504167 0.953125 0.50625 0.953125 0.5125 0.951562 0.514583 0.951562 0.520833 0.95 0.522917 0.95 0.529167 0.948438 0.53125 0.948438 0.535417 0.946875 0.5375 0.945312 0.5375 0.94375 0.539583 0.942188 0.539583 0.940625 0.541667 0.939062 0.541667 0.9375 0.54375 0.932812 0.54375 0.93125 0.545833 0.928125 0.545833 0.926562 0.547917 0.921875 0.547917 0.920312 0.55 0.910938 0.55 0.910938 0.554167 0.909375 0.55625 0.909375 0.558333 0.928125 0.558333 0.929688 0.55625 0.932812 0.55625 0.934375 0.554167 0.935938 0.554167 0.9375 0.552083 0.985938 0.552083 0.9875 0.554167 0.998438 0.554167 0.998438 0.389583
