0 0.781915 0.849291 0.780585 0.851064 0.777926 0.851064 0.777926 0.852837 0.776596 0.85461 0.776596 0.856383 0.775266 0.858156 0.775266 0.859929 0.773936 0.861702 0.773936 0.867021 0.777926 0.87234 0.777926 0.874113 0.781915 0.879433 0.783245 0.879433 0.785904 0.882979 0.787234 0.882979 0.788564 0.884752 0.789894 0.884752 0.792553 0.888298 0.793883 0.888298 0.797872 0.893617 0.799202 0.893617 0.801862 0.897163 0.803191 0.897163 0.808511 0.890071 0.801862 0.881206 0.801862 0.879433 0.800532 0.87766 0.800532 0.875887 0.799202 0.874113 0.799202 0.87234 0.797872 0.870567 0.797872 0.868794 0.796543 0.867021 0.796543 0.865248 0.795213 0.863475 0.795213 0.861702 0.793883 0.859929 0.793883 0.858156 0.789894 0.852837 0.788564 0.852837 0.785904 0.849291
0 0.900266 0.79078 0.900266 0.792553 0.901596 0.794326 0.901596 0.799645 0.902926 0.801418 0.902926 0.803191 0.908245 0.803191 0.909574 0.804965 0.914894 0.804965 0.916223 0.806738 0.916223 0.801418 0.914894 0.799645 0.914894 0.792553 0.901596 0.792553
0 0.928191 0.742908 0.926862 0.744681 0.922872 0.744681 0.921543 0.746454 0.917553 0.746454 0.916223 0.748227 0.912234 0.748227 0.910904 0.75 0.908245 0.75 0.906915 0.751773 0.902926 0.751773 0.901596 0.75 0.901596 0.748227 0.900266 0.746454 0.900266 0.744681 0.881649 0.744681 0.881649 0.748227 0.880319 0.75 0.880319 0.753546 0.882979 0.753546 0.884309 0.755319 0.886968 0.755319 0.888298 0.757092 0.889628 0.757092 0.890957 0.758865 0.893617 0.758865 0.894947 0.760638 0.897606 0.760638 0.898936 0.762411 0.902926 0.762411 0.904255 0.764184 0.908245 0.764184 0.909574 0.765957 0.913564 0.765957 0.914894 0.76773 0.914894 0.765957 0.916223 0.764184 0.916223 0.758865 0.917553 0.757092 0.917553 0.755319 0.918883 0.753546 0.921543 0.753546 0.922872 0.751773 0.925532 0.751773 0.926862 0.75 0.929521 0.75 0.929521 0.748227 0.928191 0.746454
0 0.948138 0.739362 0.946809 0.741135 0.946809 0.742908 0.944149 0.746454 0.944149 0.755319 0.942819 0.757092 0.942819 0.76773 0.944149 0.769504 0.944149 0.776596 0.945479 0.778369 0.945479 0.780142 0.946809 0.781915 0.946809 0.783688 0.948138 0.785461 0.948138 0.787234 0.946809 0.789007 0.942819 0.783688 0.941489 0.783688 0.93883 0.780142 0.930851 0.780142 0.929521 0.781915 0.928191 0.781915 0.926862 0.783688 0.924202 0.783688 0.921543 0.780142 0.920213 0.781915 0.904255 0.781915 0.906915 0.781915 0.908245 0.783688 0.912234 0.783688 0.913564 0.785461 0.916223 0.785461 0.917553 0.787234 0.928191 0.787234 0.929521 0.789007 0.930851 0.789007 0.933511 0.792553 0.93484 0.792553 0.9375 0.796099 0.93883 0.796099 0.941489 0.799645 0.942819 0.799645 0.944149 0.801418 0.945479 0.799645 0.945479 0.797872 0.948138 0.794326 0.948138 0.792553 0.949468 0.79078 0.952128 0.794326 0.953457 0.794326 0.958777 0.801418 0.960106 0.801418 0.961436 0.803191 0.962766 0.803191 0.964096 0.804965 0.982713 0.804965 0.984043 0.803191 0.988032 0.803191 0.989362 0.801418 0.994681 0.801418 0.996011 0.799645 0.99867 0.799645 0.99867 0.780142 0.988032 0.780142 0.986702 0.781915 0.976064 0.781915 0.976064 0.783688 0.974734 0.785461 0.973404 0.783688 0.973404 0.780142 0.972074 0.778369 0.972074 0.776596 0.970745 0.774823 0.970745 0.77305 0.969415 0.774823 0.966755 0.774823 0.965426 0.77305 0.965426 0.771277 0.964096 0.769504 0.964096 0.764184 0.962766 0.762411 0.962766 0.751773 0.964096 0.75 0.964096 0.744681 0.960106 0.744681 0.958777 0.742908 0.954787 0.742908 0.953457 0.741135 0.949468 0.741135
0 0.985372 0.666667 0.981383 0.671986 0.981383 0.673759 0.977394 0.679078 0.984043 0.679078 0.985372 0.680851 0.990691 0.680851 0.992021 0.682624 0.993351 0.680851 0.996011 0.680851 0.99734 0.679078 0.99867 0.679078 0.99867 0.670213 0.993351 0.670213 0.992021 0.66844 0.986702 0.66844
0 0.857713 0.592199 0.856383 0.593972 0.855053 0.593972 0.852394 0.597518 0.851064 0.597518 0.849734 0.599291 0.848404 0.599291 0.861702 0.599291 0.863032 0.601064 0.864362 0.599291 0.868351 0.599291 0.867021 0.599291 0.865691 0.597518 0.864362 0.597518 0.863032 0.595745 0.861702 0.595745 0.860372 0.593972 0.859043 0.593972
0 0.727394 0.54078 0.726064 0.542553 0.696809 0.542553 0.696809 0.56383 0.698138 0.565603 0.698138 0.567376 0.699468 0.569149 0.699468 0.570922 0.700798 0.572695 0.731383 0.572695 0.732713 0.570922 0.742021 0.570922 0.743351 0.572695 0.743351 0.562057 0.735372 0.562057 0.734043 0.560284 0.734043 0.549645
0 0.865691 0.515957 0.865691 0.51773 0.867021 0.519504 0.867021 0.521277 0.87234 0.521277 0.87367 0.519504 0.87766 0.519504 0.87766 0.51773 0.87633 0.515957
0 0.920213 0.505319 0.914894 0.512411 0.914894 0.514184 0.913564 0.515957 0.913564 0.51773 0.912234 0.519504 0.912234 0.524823 0.913564 0.526596 0.918883 0.526596 0.920213 0.528369 0.918883 0.526596 0.918883 0.524823 0.917553 0.52305 0.917553 0.521277 0.916223 0.519504 0.918883 0.515957 0.920213 0.515957 0.921543 0.514184 0.922872 0.514184 0.925532 0.51773 0.926862 0.51773 0.928191 0.519504 0.925532 0.52305 0.925532 0.526596 0.926862 0.528369 0.926862 0.533688 0.928191 0.533688 0.929521 0.535461 0.930851 0.535461 0.932181 0.537234 0.933511 0.535461 0.94016 0.535461 0.941489 0.533688 0.948138 0.533688 0.948138 0.531915 0.946809 0.530142 0.946809 0.524823 0.945479 0.52305 0.945479 0.519504 0.944149 0.519504 0.942819 0.51773 0.941489 0.51773 0.94016 0.515957 0.93883 0.515957 0.9375 0.514184 0.93617 0.514184 0.93484 0.512411 0.933511 0.512411 0.932181 0.510638 0.930851 0.510638 0.929521 0.508865 0.928191 0.508865 0.926862 0.507092 0.921543 0.507092
1 0.694149 0.973404 0.692819 0.975177 0.676862 0.975177 0.676862 0.978723 0.678191 0.980496 0.678191 0.984043 0.679521 0.98227 0.683511 0.98227 0.68484 0.980496 0.696809 0.980496 0.698138 0.98227 0.698138 0.978723 0.699468 0.97695 0.699468 0.975177 0.695479 0.975177
1 0.6875 0.89539 0.68617 0.897163 0.68617 0.898936 0.68484 0.900709 0.68484 0.902482 0.683511 0.904255 0.683511 0.906028 0.682181 0.907801 0.682181 0.909574 0.680851 0.911348 0.680851 0.913121 0.679521 0.914894 0.679521 0.916667 0.676862 0.920213 0.667553 0.920213 0.666223 0.91844 0.666223 0.939716 0.668883 0.93617 0.668883 0.934397 0.674202 0.927305 0.678191 0.927305 0.679521 0.925532 0.679521 0.923759 0.680851 0.921986 0.680851 0.920213 0.682181 0.91844 0.682181 0.916667 0.68484 0.913121 0.69016 0.913121 0.69016 0.907801 0.691489 0.906028 0.691489 0.904255 0.692819 0.902482 0.694149 0.902482 0.695479 0.904255 0.696809 0.904255 0.698138 0.906028 0.700798 0.906028 0.702128 0.907801 0.702128 0.902482 0.699468 0.902482 0.698138 0.900709 0.695479 0.900709 0.694149 0.898936 0.692819 0.898936 0.691489 0.897163 0.68883 0.897163
1 0.704787 0.874113 0.698138 0.882979 0.696809 0.882979 0.691489 0.890071 0.716755 0.890071
1 0.793883 0.836879 0.792553 0.838652 0.792553 0.840426 0.788564 0.845745 0.788564 0.847518 0.787234 0.849291 0.788564 0.851064 0.789894 0.851064 0.795213 0.858156 0.795213 0.859929 0.796543 0.861702 0.796543 0.863475 0.797872 0.865248 0.797872 0.867021 0.799202 0.868794 0.799202 0.870567 0.800532 0.87234 0.800532 0.874113 0.801862 0.875887 0.801862 0.87766 0.803191 0.879433 0.803191 0.881206 0.80984 0.890071 0.803191 0.898936 0.801862 0.898936 0.799202 0.89539 0.797872 0.89539 0.793883 0.890071 0.792553 0.890071 0.789894 0.886525 0.788564 0.886525 0.787234 0.884752 0.785904 0.884752 0.783245 0.881206 0.781915 0.881206 0.776596 0.874113 0.776596 0.87234 0.773936 0.868794 0.773936 0.870567 0.775266 0.87234 0.775266 0.87766 0.776596 0.879433 0.776596 0.884752 0.775266 0.886525 0.775266 0.891844 0.773936 0.893617 0.773936 0.904255 0.781915 0.904255 0.783245 0.906028 0.783245 0.920213 0.784574 0.91844 0.791223 0.91844 0.801862 0.932624 0.801862 0.929078 0.803191 0.927305 0.803191 0.925532 0.804521 0.923759 0.805851 0.923759 0.807181 0.925532 0.808511 0.925532 0.80984 0.927305 0.80984 0.941489 0.81516 0.948582 0.81516 0.950355 0.824468 0.962766 0.824468 0.964539 0.829787 0.971631 0.837766 0.971631 0.819149 0.946809 0.819149 0.945035 0.820479 0.943262 0.820479 0.941489 0.821809 0.939716 0.821809 0.937943 0.823138 0.93617 0.824468 0.93617 0.825798 0.937943 0.827128 0.937943 0.828457 0.939716 0.829787 0.939716 0.831117 0.941489 0.832447 0.941489 0.835106 0.945035 0.836436 0.945035 0.837766 0.946809 0.839096 0.946809 0.840426 0.948582 0.841755 0.948582 0.843085 0.950355 0.844415 0.950355 0.845745 0.952128 0.845745 0.950355 0.844415 0.948582 0.844415 0.946809 0.843085 0.946809 0.840426 0.943262 0.839096 0.943262 0.837766 0.941489 0.836436 0.941489 0.835106 0.939716 0.833777 0.939716 0.831117 0.93617 0.829787 0.93617 0.823138 0.927305 0.821809 0.927305 0.81516 0.91844 0.81516 0.909574 0.816489 0.907801 0.817819 0.909574 0.820479 0.909574 0.821809 0.911348 0.823138 0.911348 0.824468 0.913121 0.825798 0.913121 0.827128 0.914894 0.828457 0.913121 0.829787 0.913121 0.832447 0.909574 0.833777 0.909574 0.835106 0.907801 0.839096 0.907801 0.840426 0.909574 0.843085 0.909574 0.844415 0.911348 0.847074 0.911348 0.848404 0.913121 0.851064 0.913121 0.852394 0.914894 0.855053 0.914894 0.856383 0.916667 0.861702 0.916667 0.863032 0.91844 0.868351 0.91844 0.869681 0.920213 0.875 0.920213 0.878989 0.925532 0.880319 0.925532 0.888298 0.93617 0.889628 0.93617 0.893617 0.941489 0.893617 0.943262 0.892287 0.945035 0.892287 0.946809 0.890957 0.948582 0.890957 0.950355 0.889628 0.952128 0.889628 0.953901 0.890957 0.955674 0.890957 0.957447 0.892287 0.95922 0.892287 0.960993 0.893617 0.962766 0.893617 0.964539 0.894947 0.966312 0.896277 0.964539 0.896277 0.962766 0.897606 0.960993 0.897606 0.95922 0.898936 0.957447 0.898936 0.955674 0.900266 0.953901 0.900266 0.952128 0.901596 0.950355 0.902926 0.952128 0.904255 0.952128 0.909574 0.95922 0.910904 0.95922 0.916223 0.966312 0.917553 0.966312 0.921543 0.971631 0.922872 0.971631 0.925532 0.975177 0.926862 0.975177 0.929521 0.978723 0.932181 0.978723 0.933511 0.980496 0.9375 0.980496 0.93883 0.98227 0.941489 0.98227 0.942819 0.984043 0.945479 0.984043 0.946809 0.985816 0.946809 0.968085 0.948138 0.966312 0.950798 0.966312 0.952128 0.968085 0.954787 0.968085 0.956117 0.969858 0.960106 0.969858 0.961436 0.971631 0.964096 0.971631 0.965426 0.973404 0.969415 0.973404 0.970745 0.975177 0.973404 0.975177 0.974734 0.97695 0.978723 0.97695 0.980053 0.978723 0.982713 0.978723 0.984043 0.980496 0.989362 0.973404 0.988032 0.973404 0.986702 0.971631 0.984043 0.971631 0.982713 0.969858 0.981383 0.969858 0.980053 0.968085 0.978723 0.968085 0.977394 0.966312 0.977394 0.962766 0.978723 0.960993 0.978723 0.957447 0.980053 0.955674 0.992021 0.955674 0.992021 0.948582 0.990691 0.946809 0.990691 0.945035 0.989362 0.943262 0.989362 0.941489 0.988032 0.939716 0.984043 0.939716 0.982713 0.937943 0.978723 0.937943 0.977394 0.93617 0.976064 0.937943 0.961436 0.937943 0.960106 0.939716 0.94016 0.939716 0.93883 0.937943 0.93484 0.937943 0.933511 0.93617 0.932181 0.937943 0.924202 0.937943 0.922872 0.93617 0.922872 0.934397 0.921543 0.932624 0.921543 0.930851 0.920213 0.929078 0.920213 0.927305 0.918883 0.925532 0.918883 0.923759 0.917553 0.921986 0.912234 0.921986 0.910904 0.920213 0.904255 0.920213 0.902926 0.91844 0.897606 0.91844 0.896277 0.916667 0.894947 0.91844 0.889628 0.91844 0.888298 0.920213 0.885638 0.920213 0.884309 0.91844 0.884309 0.916667 0.885638 0.914894 0.885638 0.913121 0.888298 0.909574 0.889628 0.909574 0.890957 0.907801 0.892287 0.907801 0.893617 0.906028 0.896277 0.906028 0.897606 0.904255 0.900266 0.904255 0.902926 0.907801 0.904255 0.907801 0.906915 0.911348 0.908245 0.911348 0.910904 0.914894 0.914894 0.909574 0.916223 0.909574 0.917553 0.907801 0.918883 0.907801 0.921543 0.911348 0.922872 0.911348 0.925532 0.914894 0.926862 0.914894 0.929521 0.91844 0.929521 0.916667 0.930851 0.914894 0.930851 0.913121 0.932181 0.911348 0.932181 0.909574 0.933511 0.907801 0.933511 0.906028 0.928191 0.898936 0.928191 0.897163 0.922872 0.890071 0.889628 0.890071 0.888298 0.888298 0.885638 0.888298 0.884309 0.886525 0.882979 0.886525 0.881649 0.884752 0.880319 0.884752 0.878989 0.882979 0.87766 0.884752 0.869681 0.884752 0.860372 0.897163 0.859043 0.897163 0.852394 0.906028 0.851064 0.906028 0.849734 0.904255 0.848404 0.904255 0.845745 0.900709 0.844415 0.900709 0.843085 0.898936 0.841755 0.898936 0.840426 0.897163 0.839096 0.897163 0.836436 0.893617 0.835106 0.893617 0.833777 0.891844 0.832447 0.891844 0.831117 0.890071 0.829787 0.890071 0.827128 0.886525 0.825798 0.886525 0.824468 0.884752 0.823138 0.884752 0.821809 0.882979 0.820479 0.882979 0.817819 0.879433 0.816489 0.879433 0.81516 0.87766 0.81383 0.87766 0.8125 0.875887 0.8125 0.87234 0.81117 0.870567 0.81117 0.865248 0.80984 0.863475 0.80984 0.861702 0.81117 0.859929 0.8125 0.861702 0.81516 0.861702 0.816489 0.863475 0.817819 0.863475 0.819149 0.865248 0.820479 0.865248 0.821809 0.867021 0.823138 0.867021 0.824468 0.868794 0.827128 0.868794 0.828457 0.870567 0.829787 0.870567 0.831117 0.87234 0.832447 0.87234 0.833777 0.874113 0.835106 0.874113 0.836436 0.875887 0.839096 0.875887 0.840426 0.87766 0.841755 0.87766 0.843085 0.879433 0.844415 0.879433 0.845745 0.881206 0.847074 0.879433 0.856383 0.879433 0.857713 0.87766 0.857713 0.875887 0.860372 0.87234 0.860372 0.870567 0.861702 0.868794 0.852394 0.868794 0.851064 0.867021 0.849734 0.867021 0.848404 0.865248 0.847074 0.865248 0.845745 0.863475 0.844415 0.863475 0.843085 0.861702 0.841755 0.861702 0.840426 0.859929 0.839096 0.859929 0.836436 0.856383 0.835106 0.856383 0.833777 0.85461 0.832447 0.85461 0.831117 0.852837 0.829787 0.852837 0.828457 0.851064 0.827128 0.851064 0.825798 0.849291 0.824468 0.849291 0.823138 0.847518 0.821809 0.847518 0.820479 0.845745 0.804521 0.845745 0.803191 0.843972 0.801862 0.843972 0.800532 0.842199 0.799202 0.842199 0.796543 0.838652 0.795213 0.838652
1 0.988032 0.648936 0.986702 0.650709 0.985372 0.650709 0.984043 0.652482 0.982713 0.652482 0.981383 0.654255 0.980053 0.654255 0.978723 0.656028 0.977394 0.656028 0.976064 0.657801 0.973404 0.657801 0.972074 0.659574 0.970745 0.659574 0.969415 0.661348 0.966755 0.661348 0.965426 0.663121 0.962766 0.663121 0.962766 0.66844 0.961436 0.670213 0.961436 0.673759 0.953457 0.684397 0.952128 0.684397 0.945479 0.693262 0.945479 0.695035 0.946809 0.696809 0.946809 0.700355 0.957447 0.700355 0.958777 0.702128 0.957447 0.703901 0.954787 0.703901 0.953457 0.705674 0.952128 0.705674 0.950798 0.707447 0.949468 0.707447 0.948138 0.70922 0.945479 0.70922 0.944149 0.710993 0.942819 0.710993 0.933511 0.723404 0.932181 0.723404 0.922872 0.735816 0.901596 0.735816 0.900266 0.734043 0.901596 0.73227 0.905585 0.73227 0.906915 0.730496 0.909574 0.730496 0.910904 0.728723 0.914894 0.728723 0.914894 0.714539 0.916223 0.712766 0.925532 0.712766 0.926862 0.714539 0.926862 0.703901 0.925532 0.705674 0.914894 0.705674 0.913564 0.707447 0.904255 0.707447 0.902926 0.70922 0.892287 0.70922 0.890957 0.710993 0.880319 0.710993 0.880319 0.718085 0.878989 0.719858 0.878989 0.72695 0.87766 0.728723 0.845745 0.728723 0.845745 0.734043 0.844415 0.735816 0.844415 0.742908 0.845745 0.744681 0.845745 0.746454 0.847074 0.748227 0.847074 0.751773 0.848404 0.753546 0.848404 0.755319 0.849734 0.757092 0.849734 0.758865 0.851064 0.760638 0.851064 0.764184 0.852394 0.765957 0.852394 0.76773 0.853723 0.769504 0.853723 0.771277 0.865691 0.771277 0.867021 0.77305 0.868351 0.77305 0.869681 0.774823 0.87234 0.774823 0.87367 0.776596 0.875 0.776596 0.87633 0.778369 0.878989 0.778369 0.880319 0.780142 0.881649 0.780142 0.882979 0.781915 0.885638 0.781915 0.886968 0.783688 0.888298 0.783688 0.889628 0.785461 0.892287 0.785461 0.893617 0.787234 0.894947 0.787234 0.896277 0.789007 0.900266 0.789007 0.901596 0.79078 0.914894 0.79078 0.916223 0.792553 0.916223 0.799645 0.917553 0.801418 0.917553 0.806738 0.916223 0.808511 0.914894 0.806738 0.909574 0.806738 0.908245 0.804965 0.905585 0.804965 0.906915 0.804965 0.909574 0.808511 0.910904 0.808511 0.912234 0.810284 0.913564 0.810284 0.914894 0.812057 0.916223 0.812057 0.917553 0.81383 0.918883 0.81383 0.920213 0.815603 0.921543 0.815603 0.924202 0.819149 0.925532 0.819149 0.926862 0.820922 0.928191 0.820922 0.929521 0.822695 0.930851 0.822695 0.932181 0.824468 0.933511 0.824468 0.93484 0.826241 0.93617 0.826241 0.93883 0.829787 0.94016 0.829787 0.941489 0.83156 0.942819 0.83156 0.944149 0.833333 0.945479 0.833333 0.946809 0.835106 0.949468 0.835106 0.950798 0.836879 0.952128 0.836879 0.953457 0.838652 0.954787 0.838652 0.956117 0.840426 0.958777 0.840426 0.960106 0.842199 0.961436 0.842199 0.962766 0.843972 0.964096 0.843972 0.965426 0.845745 0.966755 0.845745 0.968085 0.847518 0.970745 0.847518 0.972074 0.849291 0.973404 0.849291 0.974734 0.851064 0.978723 0.851064 0.980053 0.852837 0.984043 0.852837 0.985372 0.85461 0.989362 0.85461 0.990691 0.856383 0.992021 0.85461 0.99867 0.85461 0.99867 0.829787 0.996011 0.829787 0.994681 0.83156 0.992021 0.83156 0.990691 0.833333 0.988032 0.833333 0.986702 0.835106 0.969415 0.835106 0.968085 0.833333 0.961436 0.833333 0.960106 0.83156 0.954787 0.83156 0.953457 0.829787 0.952128 0.829787 0.950798 0.828014 0.949468 0.828014 0.948138 0.826241 0.946809 0.826241 0.945479 0.824468 0.944149 0.824468 0.942819 0.822695 0.941489 0.822695 0.94016 0.820922 0.93883 0.820922 0.9375 0.819149 0.93617 0.819149 0.93484 0.817376 0.933511 0.817376 0.932181 0.815603 0.930851 0.815603 0.929521 0.81383 0.928191 0.81383 0.926862 0.812057 0.925532 0.812057 0.924202 0.810284 0.925532 0.808511 0.9375 0.808511 0.93883 0.810284 0.953457 0.810284 0.954787 0.812057 0.954787 0.810284 0.956117 0.808511 0.956117 0.806738 0.957447 0.804965 0.957447 0.801418 0.953457 0.796099 0.952128 0.796099 0.949468 0.792553 0.949468 0.794326 0.946809 0.797872 0.946809 0.799645 0.944149 0.803191 0.942819 0.801418 0.941489 0.801418 0.93883 0.797872 0.9375 0.797872 0.93484 0.794326 0.933511 0.794326 0.930851 0.79078 0.929521 0.79078 0.928191 0.789007 0.917553 0.789007 0.916223 0.787234 0.913564 0.787234 0.912234 0.785461 0.908245 0.785461 0.906915 0.783688 0.904255 0.783688 0.902926 0.781915 0.904255 0.780142 0.920213 0.780142 0.921543 0.778369 0.924202 0.781915 0.926862 0.781915 0.928191 0.780142 0.929521 0.780142 0.930851 0.778369 0.93883 0.778369 0.941489 0.781915 0.942819 0.781915 0.946809 0.787234 0.946809 0.785461 0.945479 0.783688 0.945479 0.781915 0.944149 0.780142 0.944149 0.778369 0.942819 0.776596 0.942819 0.769504 0.941489 0.76773 0.941489 0.757092 0.942819 0.755319 0.942819 0.746454 0.944149 0.744681 0.944149 0.742908 0.942819 0.741135 0.942819 0.737589 0.944149 0.735816 0.962766 0.735816 0.964096 0.737589 0.964096 0.73227 0.965426 0.730496 0.965426 0.72695 0.966755 0.725177 0.976064 0.725177 0.977394 0.72695 0.977394 0.725177 0.978723 0.723404 0.978723 0.719858 0.980053 0.718085 0.980053 0.714539 0.981383 0.712766 0.981383 0.710993 0.982713 0.70922 0.985372 0.70922 0.986702 0.707447 0.989362 0.707447 0.990691 0.705674 0.992021 0.705674 0.993351 0.703901 0.996011 0.703901 0.99734 0.702128 0.99867 0.702128 0.99867 0.680851 0.99734 0.680851 0.996011 0.682624 0.993351 0.682624 0.992021 0.684397 0.990691 0.682624 0.985372 0.682624 0.984043 0.680851 0.977394 0.680851 0.976064 0.679078 0.980053 0.673759 0.980053 0.671986 0.985372 0.664894 0.986702 0.666667 0.992021 0.666667 0.993351 0.66844 0.99867 0.66844 0.99867 0.650709 0.989362 0.650709
1 0.667553 0.62234 0.676862 0.634752 0.676862 0.636525 0.68484 0.647163 0.68484 0.64539 0.68617 0.643617 0.68617 0.641844 0.679521 0.632979 0.678191 0.632979 0.670213 0.62234
1 0.797872 0.597518 0.793883 0.602837 0.792553 0.602837 0.787234 0.609929 0.785904 0.609929 0.780585 0.617021 0.779255 0.617021 0.777926 0.618794 0.755319 0.618794 0.753989 0.620567 0.75266 0.620567 0.75133 0.62234 0.75 0.62234 0.74867 0.624113 0.74734 0.624113 0.746011 0.625887 0.744681 0.625887 0.743351 0.62766 0.742021 0.62766 0.740691 0.629433 0.739362 0.629433 0.738032 0.631206 0.736702 0.631206 0.735372 0.632979 0.732713 0.632979 0.731383 0.631206 0.730053 0.631206 0.728723 0.629433 0.727394 0.629433 0.726064 0.62766 0.724734 0.62766 0.723404 0.625887 0.722074 0.625887 0.720745 0.624113 0.718085 0.624113 0.716755 0.62234 0.715426 0.62234 0.714096 0.620567 0.712766 0.620567 0.711436 0.618794 0.710106 0.618794 0.708777 0.617021 0.707447 0.617021 0.706117 0.615248 0.704787 0.615248 0.703457 0.613475 0.702128 0.613475 0.700798 0.611702 0.696809 0.617021 0.695479 0.617021 0.694149 0.618794 0.691489 0.618794 0.69016 0.617021 0.68617 0.617021 0.68484 0.615248 0.682181 0.615248 0.680851 0.613475 0.678191 0.613475 0.676862 0.611702 0.676862 0.615248 0.678191 0.617021 0.678191 0.620567 0.679521 0.620567 0.682181 0.624113 0.683511 0.624113 0.68484 0.625887 0.68617 0.625887 0.68883 0.629433 0.69016 0.629433 0.692819 0.632979 0.694149 0.632979 0.695479 0.634752 0.698138 0.634752 0.699468 0.636525 0.703457 0.636525 0.704787 0.638298 0.707447 0.638298 0.708777 0.640071 0.711436 0.640071 0.712766 0.641844 0.716755 0.641844 0.718085 0.643617 0.720745 0.643617 0.722074 0.64539 0.723404 0.64539 0.724734 0.647163 0.727394 0.647163 0.728723 0.648936 0.730053 0.648936 0.731383 0.650709 0.732713 0.650709 0.734043 0.652482 0.736702 0.652482 0.738032 0.654255 0.739362 0.654255 0.740691 0.656028 0.75 0.656028 0.75133 0.657801 0.759309 0.657801 0.761968 0.661348 0.761968 0.663121 0.763298 0.664894 0.763298 0.666667 0.765957 0.670213 0.767287 0.670213 0.769947 0.673759 0.771277 0.673759 0.773936 0.677305 0.775266 0.677305 0.777926 0.680851 0.779255 0.680851 0.781915 0.684397 0.783245 0.684397 0.785904 0.687943 0.792553 0.687943 0.793883 0.689716 0.800532 0.689716 0.801862 0.691489 0.803191 0.689716 0.807181 0.689716 0.808511 0.687943 0.8125 0.687943 0.81383 0.68617 0.817819 0.68617 0.821809 0.680851 0.821809 0.679078 0.827128 0.671986 0.827128 0.666667 0.828457 0.664894 0.828457 0.663121 0.829787 0.661348 0.841755 0.661348 0.845745 0.666667 0.845745 0.66844 0.849734 0.673759 0.853723 0.673759 0.855053 0.675532 0.857713 0.675532 0.859043 0.677305 0.863032 0.677305 0.864362 0.679078 0.865691 0.677305 0.867021 0.677305 0.868351 0.675532 0.869681 0.675532 0.871011 0.673759 0.889628 0.673759 0.890957 0.675532 0.892287 0.673759 0.892287 0.671986 0.893617 0.670213 0.893617 0.66844 0.894947 0.666667 0.894947 0.664894 0.896277 0.663121 0.893617 0.663121 0.892287 0.661348 0.890957 0.661348 0.889628 0.659574 0.886968 0.659574 0.885638 0.657801 0.875 0.657801 0.87367 0.656028 0.87367 0.654255 0.87766 0.648936 0.885638 0.648936 0.881649 0.643617 0.87766 0.643617 0.87633 0.641844 0.87234 0.641844 0.871011 0.640071 0.867021 0.640071 0.865691 0.638298 0.865691 0.632979 0.867021 0.631206 0.867021 0.625887 0.865691 0.625887 0.864362 0.624113 0.863032 0.624113 0.861702 0.62234 0.860372 0.62234 0.859043 0.620567 0.857713 0.620567 0.855053 0.617021 0.853723 0.617021 0.852394 0.615248 0.851064 0.615248 0.849734 0.613475 0.848404 0.613475 0.847074 0.611702 0.849734 0.615248 0.849734 0.617021 0.855053 0.624113 0.855053 0.625887 0.859043 0.631206 0.859043 0.632979 0.860372 0.634752 0.859043 0.636525 0.853723 0.636525 0.852394 0.638298 0.851064 0.638298 0.849734 0.640071 0.848404 0.640071 0.847074 0.641844 0.845745 0.641844 0.844415 0.643617 0.843085 0.643617 0.841755 0.64539 0.840426 0.64539 0.839096 0.647163 0.837766 0.64539 0.837766 0.634752 0.839096 0.632979 0.839096 0.62234 0.837766 0.624113 0.833777 0.624113 0.832447 0.625887 0.828457 0.625887 0.827128 0.624113 0.825798 0.624113 0.821809 0.618794 0.820479 0.618794 0.817819 0.615248 0.817819 0.613475 0.819149 0.611702 0.819149 0.609929 0.820479 0.608156 0.820479 0.606383 0.821809 0.60461 0.820479 0.602837 0.820479 0.601064 0.819149 0.599291 0.819149 0.597518
1 0.619681 0.597518 0.619681 0.599291 0.618351 0.601064 0.619681 0.601064 0.621011 0.602837 0.62234 0.602837 0.625 0.606383 0.62633 0.606383 0.62766 0.608156 0.628989 0.608156 0.630319 0.609929 0.631649 0.609929 0.632979 0.611702 0.634309 0.611702 0.635638 0.613475 0.636968 0.613475 0.639628 0.617021 0.640957 0.617021 0.642287 0.618794 0.643617 0.618794 0.644947 0.620567 0.644947 0.617021 0.643617 0.617021 0.640957 0.613475 0.639628 0.613475 0.638298 0.611702 0.636968 0.611702 0.635638 0.609929 0.634309 0.609929 0.631649 0.606383 0.630319 0.606383 0.628989 0.60461 0.62766 0.60461 0.62633 0.602837 0.625 0.602837 0.62234 0.599291 0.621011 0.599291
1 0.944149 0.593972 0.942819 0.595745 0.941489 0.595745 0.94016 0.597518 0.93883 0.597518 0.9375 0.599291 0.93617 0.599291 0.93484 0.601064 0.933511 0.601064 0.93484 0.602837 0.93484 0.60461 0.93617 0.606383 0.93617 0.608156 0.9375 0.609929 0.9375 0.611702 0.93883 0.613475 0.93883 0.615248 0.94016 0.617021 0.94016 0.618794 0.941489 0.618794 0.942819 0.620567 0.944149 0.620567 0.945479 0.62234 0.946809 0.62234 0.948138 0.624113 0.948138 0.625887 0.946809 0.62766 0.946809 0.629433 0.945479 0.631206 0.945479 0.632979 0.944149 0.634752 0.945479 0.632979 0.946809 0.632979 0.948138 0.631206 0.949468 0.631206 0.950798 0.629433 0.952128 0.629433 0.953457 0.62766 0.953457 0.625887 0.956117 0.62234 0.956117 0.620567 0.958777 0.617021 0.958777 0.615248 0.960106 0.613475 0.961436 0.613475 0.964096 0.617021 0.964096 0.632979 0.966755 0.632979 0.968085 0.634752 0.969415 0.634752 0.970745 0.636525 0.973404 0.636525 0.974734 0.638298 0.976064 0.636525 0.981383 0.636525 0.982713 0.634752 0.986702 0.634752 0.988032 0.632979 0.993351 0.632979 0.994681 0.631206 0.99867 0.631206 0.99867 0.611702 0.990691 0.611702 0.989362 0.613475 0.978723 0.613475 0.977394 0.611702 0.974734 0.611702 0.973404 0.609929 0.972074 0.609929 0.970745 0.608156 0.968085 0.608156 0.966755 0.606383 0.965426 0.606383 0.964096 0.60461 0.961436 0.60461 0.960106 0.602837 0.958777 0.602837 0.957447 0.601064 0.954787 0.601064 0.953457 0.599291 0.952128 0.599291 0.950798 0.597518 0.948138 0.597518 0.946809 0.595745 0.945479 0.595745
1 0.710106 0.58156 0.708777 0.583333 0.706117 0.583333 0.704787 0.585106 0.702128 0.585106 0.700798 0.586879 0.696809 0.586879 0.695479 0.588652 0.692819 0.588652 0.694149 0.590426 0.695479 0.590426 0.696809 0.592199 0.695479 0.593972 0.675532 0.593972 0.675532 0.597518 0.674202 0.599291 0.674202 0.602837 0.675532 0.601064 0.69016 0.601064 0.695479 0.608156 0.715426 0.608156 0.716755 0.609929 0.723404 0.609929 0.724734 0.611702 0.730053 0.611702 0.731383 0.613475 0.736702 0.606383 0.736702 0.601064 0.735372 0.599291 0.735372 0.593972 0.730053 0.586879 0.718085 0.586879 0.716755 0.585106 0.715426 0.585106 0.714096 0.583333 0.711436 0.583333
1 0.892287 0.56383 0.890957 0.565603 0.857713 0.565603 0.856383 0.567376 0.853723 0.567376 0.852394 0.569149 0.848404 0.569149 0.847074 0.570922 0.837766 0.570922 0.836436 0.572695 0.831117 0.572695 0.828457 0.576241 0.827128 0.576241 0.825798 0.578014 0.825798 0.58156 0.824468 0.583333 0.824468 0.586879 0.825798 0.588652 0.825798 0.590426 0.827128 0.590426 0.828457 0.592199 0.829787 0.592199 0.831117 0.593972 0.836436 0.593972 0.837766 0.595745 0.841755 0.595745 0.843085 0.597518 0.849734 0.597518 0.851064 0.595745 0.852394 0.595745 0.855053 0.592199 0.856383 0.592199 0.857713 0.590426 0.859043 0.592199 0.860372 0.592199 0.861702 0.593972 0.863032 0.593972 0.864362 0.595745 0.865691 0.595745 0.867021 0.597518 0.868351 0.597518 0.868351 0.595745 0.869681 0.593972 0.869681 0.592199 0.871011 0.590426 0.881649 0.590426 0.882979 0.588652 0.904255 0.588652 0.905585 0.590426 0.906915 0.588652 0.913564 0.588652 0.914894 0.586879 0.924202 0.586879 0.925532 0.588652 0.930851 0.588652 0.932181 0.586879 0.929521 0.583333 0.928191 0.583333 0.922872 0.576241 0.918883 0.576241 0.917553 0.574468 0.914894 0.574468 0.913564 0.572695 0.912234 0.572695 0.910904 0.570922 0.908245 0.570922 0.906915 0.569149 0.905585 0.569149 0.904255 0.567376 0.898936 0.567376 0.897606 0.565603 0.893617 0.565603
1 0.601064 0.54078 0.601064 0.542553 0.602394 0.544326 0.602394 0.546099 0.603723 0.547872 0.603723 0.549645 0.607713 0.549645 0.609043 0.551418 0.614362 0.551418 0.615691 0.553191 0.619681 0.553191 0.621011 0.554965 0.631649 0.554965 0.632979 0.556738 0.635638 0.556738 0.636968 0.558511 0.640957 0.558511 0.642287 0.560284 0.644947 0.560284 0.646277 0.562057 0.650266 0.562057 0.651596 0.56383 0.654255 0.56383 0.655585 0.565603 0.659574 0.565603 0.660904 0.567376 0.663564 0.567376 0.664894 0.569149 0.667553 0.565603 0.667553 0.56383 0.670213 0.560284 0.660904 0.560284 0.659574 0.558511 0.650266 0.558511 0.648936 0.556738 0.647606 0.556738 0.646277 0.554965 0.644947 0.554965 0.643617 0.553191 0.642287 0.553191 0.640957 0.551418 0.639628 0.551418 0.638298 0.549645 0.636968 0.549645 0.635638 0.547872 0.634309 0.547872 0.632979 0.546099 0.631649 0.547872 0.615691 0.547872 0.614362 0.546099 0.610372 0.546099 0.609043 0.544326 0.606383 0.544326 0.605053 0.542553 0.602394 0.542553
1 0.848404 0.519504 0.847074 0.521277 0.839096 0.521277 0.837766 0.52305 0.833777 0.52305 0.832447 0.524823 0.828457 0.524823 0.827128 0.526596 0.825798 0.526596 0.824468 0.528369 0.823138 0.528369 0.821809 0.530142 0.819149 0.530142 0.817819 0.531915 0.816489 0.531915 0.81516 0.533688 0.807181 0.533688 0.805851 0.535461 0.804521 0.535461 0.803191 0.537234 0.801862 0.537234 0.800532 0.539007 0.799202 0.539007 0.797872 0.54078 0.795213 0.54078 0.793883 0.542553 0.792553 0.542553 0.788564 0.547872 0.787234 0.547872 0.781915 0.554965 0.780585 0.554965 0.776596 0.560284 0.765957 0.560284 0.764628 0.562057 0.760638 0.562057 0.759309 0.56383 0.755319 0.56383 0.753989 0.565603 0.75 0.565603 0.74734 0.569149 0.74734 0.574468 0.746011 0.576241 0.746011 0.579787 0.74734 0.579787 0.75133 0.585106 0.75266 0.585106 0.756649 0.590426 0.764628 0.590426 0.765957 0.588652 0.771277 0.588652 0.772606 0.586879 0.791223 0.586879 0.792553 0.588652 0.801862 0.588652 0.803191 0.586879 0.808511 0.586879 0.80984 0.588652 0.80984 0.585106 0.81117 0.583333 0.81117 0.579787 0.797872 0.579787 0.796543 0.578014 0.787234 0.578014 0.785904 0.576241 0.777926 0.576241 0.776596 0.574468 0.775266 0.574468 0.772606 0.570922 0.764628 0.570922 0.761968 0.567376 0.763298 0.565603 0.768617 0.565603 0.769947 0.56383 0.775266 0.56383 0.776596 0.562057 0.777926 0.562057 0.779255 0.560284 0.791223 0.560284 0.792553 0.562057 0.795213 0.562057 0.796543 0.56383 0.799202 0.56383 0.800532 0.565603 0.804521 0.565603 0.805851 0.567376 0.807181 0.567376 0.808511 0.569149 0.80984 0.569149 0.81117 0.570922 0.817819 0.570922 0.819149 0.569149 0.820479 0.569149 0.821809 0.567376 0.824468 0.567376 0.823138 0.565603 0.823138 0.56383 0.820479 0.560284 0.819149 0.560284 0.81516 0.554965 0.81516 0.547872 0.816489 0.546099 0.816489 0.544326 0.823138 0.535461 0.824468 0.535461 0.827128 0.531915 0.829787 0.531915 0.831117 0.530142 0.833777 0.530142 0.835106 0.528369 0.840426 0.528369 0.841755 0.526596 0.859043 0.526596 0.860372 0.528369 0.880319 0.528369 0.881649 0.530142 0.884309 0.526596 0.878989 0.519504 0.87766 0.521277 0.87367 0.521277 0.87234 0.52305 0.859043 0.52305 0.857713 0.521277 0.849734 0.521277
1 0.985372 0.512411 0.984043 0.514184 0.984043 0.515957 0.980053 0.521277 0.980053 0.52305 0.976064 0.528369 0.976064 0.530142 0.972074 0.535461 0.972074 0.537234 0.970745 0.539007 0.968085 0.539007 0.966755 0.537234 0.964096 0.537234 0.962766 0.535461 0.961436 0.535461 0.960106 0.533688 0.957447 0.533688 0.956117 0.531915 0.954787 0.533688 0.949468 0.533688 0.948138 0.535461 0.941489 0.535461 0.94016 0.537234 0.933511 0.537234 0.93484 0.537234 0.93617 0.539007 0.9375 0.539007 0.93883 0.54078 0.941489 0.54078 0.942819 0.542553 0.944149 0.542553 0.945479 0.544326 0.948138 0.544326 0.949468 0.546099 0.949468 0.547872 0.950798 0.549645 0.950798 0.553191 0.964096 0.553191 0.965426 0.554965 0.978723 0.554965 0.980053 0.556738 0.981383 0.556738 0.982713 0.558511 0.984043 0.558511 0.985372 0.560284 0.986702 0.560284 0.988032 0.562057 0.989362 0.562057 0.992021 0.565603 0.993351 0.565603 0.994681 0.567376 0.996011 0.567376 0.99734 0.569149 0.99867 0.569149 0.99867 0.524823 0.99734 0.524823 0.993351 0.519504 0.993351 0.51773 0.992021 0.515957 0.992021 0.512411
1 0.861702 0.492908 0.856383 0.5 0.859043 0.5 0.860372 0.501773 0.861702 0.501773 0.863032 0.503546 0.865691 0.503546 0.867021 0.505319 0.869681 0.505319 0.871011 0.507092 0.87234 0.507092 0.87367 0.508865 0.87633 0.508865 0.87766 0.510638 0.878989 0.510638 0.880319 0.512411 0.882979 0.512411 0.884309 0.514184 0.886968 0.514184 0.888298 0.515957 0.889628 0.515957 0.890957 0.51773 0.893617 0.51773 0.894947 0.519504 0.909574 0.519504 0.910904 0.521277 0.910904 0.519504 0.912234 0.51773 0.912234 0.515957 0.913564 0.514184 0.910904 0.514184 0.909574 0.512411 0.905585 0.512411 0.904255 0.510638 0.901596 0.510638 0.900266 0.508865 0.897606 0.508865 0.896277 0.507092 0.893617 0.507092 0.892287 0.505319 0.888298 0.505319 0.886968 0.503546 0.884309 0.503546 0.882979 0.501773 0.880319 0.501773 0.878989 0.5 0.87633 0.5 0.875 0.498227 0.871011 0.498227 0.869681 0.496454 0.867021 0.496454 0.865691 0.494681 0.863032 0.494681
1 0.453457 0.468085 0.454787 0.468085 0.456117 0.469858 0.458777 0.469858 0.460106 0.471631 0.461436 0.471631 0.462766 0.473404 0.464096 0.473404 0.465426 0.475177 0.466755 0.473404 0.469415 0.473404 0.470745 0.471631 0.481383 0.471631 0.482713 0.473404 0.489362 0.473404 0.490691 0.475177 0.49867 0.475177 0.5 0.47695 0.5 0.475177 0.49867 0.473404 0.49867 0.471631 0.49734 0.469858 0.49734 0.468085
1 0.418883 0.356383 0.417553 0.358156 0.416223 0.358156 0.414894 0.359929 0.413564 0.359929 0.412234 0.361702 0.410904 0.361702 0.409574 0.363475 0.408245 0.363475 0.406915 0.365248 0.405585 0.365248 0.408245 0.368794 0.408245 0.370567 0.412234 0.375887 0.412234 0.37766 0.414894 0.381206 0.424202 0.381206 0.425532 0.382979 0.424202 0.384752 0.424202 0.386525 0.421543 0.390071 0.421543 0.391844 0.418883 0.39539 0.418883 0.397163 0.417553 0.398936 0.418883 0.398936 0.420213 0.400709 0.421543 0.400709 0.422872 0.402482 0.424202 0.402482 0.425532 0.404255 0.426862 0.404255 0.428191 0.406028 0.429521 0.404255 0.430851 0.404255 0.432181 0.402482 0.433511 0.402482 0.43484 0.400709 0.43617 0.400709 0.4375 0.398936 0.43883 0.398936 0.44016 0.397163 0.441489 0.397163 0.44016 0.397163 0.4375 0.393617 0.43617 0.393617 0.433511 0.390071 0.432181 0.390071 0.429521 0.386525 0.428191 0.386525 0.425532 0.382979 0.425532 0.381206 0.424202 0.379433 0.424202 0.375887 0.422872 0.374113 0.422872 0.370567 0.421543 0.368794 0.421543 0.365248 0.420213 0.363475 0.420213 0.359929 0.418883 0.358156
1 0.275266 0.242908 0.275266 0.244681 0.279255 0.25 0.279255 0.251773 0.280585 0.253546 0.281915 0.253546 0.283245 0.255319 0.285904 0.255319 0.287234 0.257092 0.288564 0.257092 0.289894 0.258865 0.291223 0.258865 0.292553 0.260638 0.293883 0.260638 0.295213 0.262411 0.297872 0.262411 0.299202 0.264184 0.308511 0.264184 0.30984 0.262411 0.317819 0.262411 0.308511 0.25 0.301862 0.25 0.300532 0.248227 0.295213 0.248227 0.293883 0.246454 0.287234 0.246454 0.285904 0.244681 0.280585 0.244681 0.279255 0.242908
1 0.175532 0.216312 0.175532 0.218085 0.174202 0.219858 0.174202 0.221631 0.171543 0.225177 0.167553 0.225177 0.168883 0.22695 0.168883 0.228723 0.170213 0.230496 0.170213 0.23227 0.171543 0.234043 0.171543 0.235816 0.172872 0.237589 0.176862 0.237589 0.178191 0.239362 0.180851 0.239362 0.182181 0.241135 0.180851 0.242908 0.180851 0.244681 0.179521 0.246454 0.179521 0.248227 0.178191 0.25 0.182181 0.25 0.183511 0.251773 0.18617 0.251773 0.1875 0.253546 0.191489 0.253546 0.192819 0.255319 0.195479 0.255319 0.196809 0.257092 0.195479 0.255319 0.195479 0.253546 0.192819 0.25 0.192819 0.248227 0.191489 0.246454 0.191489 0.244681 0.18883 0.241135 0.18883 0.239362 0.1875 0.237589 0.1875 0.235816 0.18617 0.234043 0.18617 0.23227 0.183511 0.228723 0.183511 0.22695 0.182181 0.225177 0.182181 0.223404 0.180851 0.221631 0.180851 0.219858 0.179521 0.218085 0.176862 0.218085
1 0.130319 0.207447 0.128989 0.20922 0.12633 0.20922 0.12633 0.219858 0.12766 0.219858 0.128989 0.221631 0.131649 0.221631 0.132979 0.223404 0.134309 0.223404 0.135638 0.225177 0.144947 0.225177 0.147606 0.221631 0.148936 0.221631 0.151596 0.218085 0.152926 0.218085 0.151596 0.216312 0.151596 0.214539 0.150266 0.212766 0.148936 0.214539 0.135638 0.214539
1 0.134309 0.16844 0.132979 0.170213 0.12633 0.170213 0.125 0.171986 0.118351 0.171986 0.117021 0.173759 0.111702 0.173759 0.110372 0.175532 0.103723 0.175532 0.102394 0.177305 0.095745 0.177305 0.097074 0.177305 0.099734 0.180851 0.101064 0.180851 0.102394 0.182624 0.118351 0.182624 0.119681 0.180851 0.134309 0.180851 0.135638 0.179078 0.139628 0.184397 0.140957 0.184397 0.143617 0.187943 0.147606 0.187943 0.148936 0.189716 0.152926 0.189716 0.154255 0.191489 0.159574 0.191489 0.160904 0.193262 0.164894 0.193262 0.167553 0.196809 0.168883 0.196809 0.172872 0.202128 0.174202 0.202128 0.176862 0.205674 0.178191 0.205674 0.179521 0.207447 0.1875 0.207447 0.1875 0.205674 0.18617 0.203901 0.18617 0.202128 0.183511 0.198582 0.182181 0.198582 0.180851 0.196809 0.179521 0.196809 0.178191 0.195035 0.176862 0.195035 0.175532 0.193262 0.174202 0.193262 0.172872 0.191489 0.171543 0.191489 0.170213 0.189716 0.167553 0.189716 0.166223 0.187943 0.163564 0.187943 0.160904 0.184397 0.160904 0.182624 0.159574 0.180851 0.159574 0.179078 0.156915 0.175532 0.154255 0.175532 0.152926 0.173759 0.151596 0.173759 0.150266 0.171986 0.147606 0.171986 0.146277 0.170213 0.144947 0.170213 0.143617 0.16844
