0 0.139973 0.978456 0.138627 0.980251 0.135935 0.980251 0.13459 0.982047 0.130552 0.982047 0.12786 0.985637 0.12786 0.987433 0.125168 0.991023 0.125168 0.992819 0.123822 0.994614 0.123822 0.996409 0.12786 0.996409 0.131898 0.991023 0.133244 0.991023 0.138627 0.983842 0.139973 0.983842 0.141319 0.982047 0.139973 0.980251
0 0.399731 0.947935 0.395693 0.953321 0.397039 0.955117 0.397039 0.956912 0.398385 0.956912 0.401077 0.960503 0.405114 0.960503 0.40646 0.958707 0.407806 0.958707 0.407806 0.955117 0.409152 0.953321 0.409152 0.951526 0.40646 0.951526 0.405114 0.949731 0.403769 0.949731 0.402423 0.947935
0 0.450875 0.908438 0.449529 0.910233 0.437416 0.910233 0.429341 0.921005 0.430686 0.922801 0.430686 0.924596 0.432032 0.926391 0.441454 0.926391 0.442799 0.928187 0.446837 0.922801 0.446837 0.921005 0.450875 0.915619 0.450875 0.913824 0.452221 0.912029 0.450875 0.910233
0 0.375505 0.904847 0.374159 0.906643 0.374159 0.908438 0.371467 0.912029 0.372813 0.912029 0.375505 0.915619 0.382234 0.915619 0.384926 0.912029 0.386272 0.912029 0.386272 0.906643 0.382234 0.906643 0.380888 0.904847
0 0.189771 0.897666 0.188425 0.899461 0.187079 0.899461 0.184388 0.903052 0.183042 0.903052 0.184388 0.904847 0.184388 0.906643 0.185734 0.908438 0.188425 0.908438 0.189771 0.910233 0.191117 0.908438 0.195155 0.908438 0.197847 0.904847 0.199192 0.904847 0.199192 0.899461 0.196501 0.899461 0.195155 0.897666
0 0.862719 0.874327 0.861373 0.876122 0.853297 0.876122 0.851952 0.877917 0.843876 0.877917 0.84253 0.879713 0.841184 0.879713 0.839838 0.881508 0.838493 0.881508 0.837147 0.883303 0.835801 0.883303 0.834455 0.885099 0.833109 0.885099 0.831763 0.886894 0.830417 0.886894 0.829071 0.885099 0.829071 0.883303 0.82638 0.883303 0.82638 0.886894 0.825034 0.888689 0.816958 0.888689 0.815612 0.886894 0.815612 0.89228 0.818304 0.89228 0.81965 0.894075 0.822342 0.894075 0.823688 0.895871 0.829071 0.895871 0.830417 0.897666 0.831763 0.897666 0.834455 0.901257 0.838493 0.901257 0.838493 0.895871 0.839838 0.894075 0.841184 0.894075 0.84253 0.89228 0.843876 0.89228 0.845222 0.890485 0.846568 0.890485 0.847914 0.888689 0.84926 0.888689 0.850606 0.886894 0.851952 0.886894 0.853297 0.885099 0.857335 0.885099 0.861373 0.890485 0.862719 0.890485 0.86541 0.894075 0.866756 0.894075 0.868102 0.895871 0.869448 0.894075 0.870794 0.894075 0.869448 0.89228 0.869448 0.890485 0.868102 0.888689 0.868102 0.886894 0.866756 0.885099 0.866756 0.883303 0.86541 0.881508 0.86541 0.874327
0 0.746972 0.859964 0.745626 0.861759 0.7214 0.861759 0.720054 0.863555 0.71467 0.863555 0.713324 0.86535 0.709287 0.86535 0.707941 0.867145 0.702557 0.867145 0.701211 0.868941 0.699865 0.868941 0.69852 0.870736 0.697174 0.870736 0.695828 0.872531 0.694482 0.872531 0.693136 0.874327 0.690444 0.874327 0.689098 0.876122 0.687752 0.876122 0.686406 0.877917 0.685061 0.877917 0.683715 0.879713 0.682369 0.879713 0.681023 0.881508 0.679677 0.881508 0.678331 0.883303 0.676985 0.883303 0.675639 0.885099 0.672948 0.885099 0.671602 0.886894 0.670256 0.886894 0.66891 0.888689 0.667564 0.888689 0.667564 0.890485 0.666218 0.89228 0.666218 0.894075 0.664872 0.895871 0.664872 0.897666 0.663526 0.899461 0.663526 0.901257 0.656797 0.910233 0.655451 0.910233 0.651413 0.915619 0.651413 0.917415 0.650067 0.91921 0.650067 0.921005 0.648721 0.922801 0.648721 0.924596 0.647376 0.926391 0.650067 0.929982 0.650067 0.931777 0.654105 0.937163 0.654105 0.938959 0.660834 0.947935 0.66218 0.947935 0.664872 0.951526 0.666218 0.951526 0.66891 0.955117 0.670256 0.955117 0.671602 0.956912 0.672948 0.955117 0.69852 0.955117 0.699865 0.953321 0.713324 0.953321 0.71467 0.955117 0.716016 0.953321 0.7214 0.953321 0.722746 0.951526 0.724092 0.951526 0.725437 0.949731 0.726783 0.949731 0.728129 0.947935 0.729475 0.947935 0.732167 0.944345 0.733513 0.944345 0.734859 0.942549 0.736205 0.942549 0.73755 0.940754 0.738896 0.940754 0.741588 0.937163 0.742934 0.937163 0.74428 0.935368 0.745626 0.935368 0.745626 0.933573 0.746972 0.931777 0.745626 0.929982 0.745626 0.928187 0.74428 0.926391 0.74428 0.924596 0.741588 0.921005 0.741588 0.91921 0.738896 0.915619 0.738896 0.913824 0.73755 0.912029 0.73755 0.910233 0.736205 0.908438 0.736205 0.906643 0.73755 0.904847 0.73755 0.903052 0.738896 0.901257 0.738896 0.899461 0.741588 0.895871 0.749664 0.895871 0.751009 0.897666 0.755047 0.897666 0.756393 0.899461 0.761777 0.899461 0.763122 0.901257 0.76716 0.901257 0.768506 0.903052 0.772544 0.903052 0.77389 0.904847 0.777927 0.904847 0.779273 0.906643 0.780619 0.904847 0.784657 0.904847 0.784657 0.901257 0.786003 0.899461 0.786003 0.895871 0.784657 0.895871 0.781965 0.89228 0.780619 0.89228 0.777927 0.888689 0.776581 0.888689 0.77389 0.885099 0.772544 0.885099 0.769852 0.881508 0.768506 0.881508 0.765814 0.877917 0.764468 0.877917 0.760431 0.872531 0.759085 0.872531 0.756393 0.868941 0.755047 0.868941 0.751009 0.863555 0.749664 0.863555
0 0.711978 0.843806 0.711978 0.849192 0.713324 0.850987 0.713324 0.856373 0.71467 0.854578 0.717362 0.854578 0.718708 0.852783 0.722746 0.852783 0.724092 0.850987 0.752355 0.850987 0.753701 0.852783 0.753701 0.847397 0.745626 0.847397 0.74428 0.845601 0.732167 0.845601 0.730821 0.843806
0 0.288022 0.775583 0.286676 0.777379 0.282638 0.777379 0.281292 0.779174 0.281292 0.780969 0.279946 0.782765 0.279946 0.78456 0.2786 0.786355 0.279946 0.788151 0.279946 0.789946 0.281292 0.791741 0.292059 0.791741 0.293405 0.789946 0.294751 0.789946 0.297443 0.786355 0.298789 0.786355 0.30148 0.782765 0.302826 0.782765 0.302826 0.779174 0.296097 0.779174 0.294751 0.777379 0.289367 0.777379
0 0.834455 0.687612 0.833109 0.689408 0.833109 0.691203 0.830417 0.694794 0.830417 0.696589 0.829071 0.698384 0.833109 0.70377 0.834455 0.70377 0.841184 0.712747 0.841184 0.707361 0.84253 0.705566 0.84253 0.696589 0.843876 0.694794 0.843876 0.689408 0.835801 0.689408
0 0.016151 0.59246 0.014805 0.594255 0.005384 0.594255 0.005384 0.599641 0.006729 0.601436 0.006729 0.606822 0.008075 0.605027 0.021534 0.605027 0.020188 0.603232 0.020188 0.601436 0.018843 0.599641 0.018843 0.597846 0.017497 0.59605 0.017497 0.594255
0 0.161507 0.590664 0.160162 0.59246 0.158816 0.59246 0.15747 0.594255 0.156124 0.594255 0.154778 0.59605 0.153432 0.59605 0.152086 0.597846 0.15074 0.597846 0.141319 0.610413 0.139973 0.610413 0.138627 0.612208 0.137281 0.612208 0.135935 0.614004 0.13459 0.614004 0.131898 0.617594 0.130552 0.617594 0.129206 0.61939 0.12786 0.61939 0.126514 0.621185 0.125168 0.621185 0.125168 0.624776 0.126514 0.626571 0.126514 0.630162 0.12786 0.628366 0.129206 0.628366 0.130552 0.626571 0.131898 0.626571 0.133244 0.624776 0.13459 0.624776 0.135935 0.62298 0.138627 0.62298 0.139973 0.621185 0.141319 0.621185 0.142665 0.61939 0.144011 0.61939 0.145357 0.617594 0.146703 0.617594 0.148048 0.615799 0.149394 0.615799 0.15074 0.614004 0.152086 0.614004 0.153432 0.612208 0.156124 0.612208 0.15747 0.610413 0.158816 0.610413 0.160162 0.608618 0.161507 0.608618 0.162853 0.606822 0.166891 0.606822 0.168237 0.605027 0.172275 0.605027 0.170929 0.603232 0.170929 0.601436 0.169583 0.599641 0.169583 0.597846 0.168237 0.59605 0.166891 0.59605 0.164199 0.59246 0.162853 0.59246
0 0.489906 0.579892 0.48856 0.581688 0.479139 0.581688 0.479139 0.583483 0.477793 0.585278 0.479139 0.585278 0.48183 0.588869 0.489906 0.588869 0.492598 0.59246 0.496635 0.59246 0.497981 0.590664 0.499327 0.590664 0.499327 0.588869 0.497981 0.587074 0.497981 0.585278 0.496635 0.583483 0.496635 0.581688 0.491252 0.581688
0 0.507402 0.561939 0.506057 0.563734 0.503365 0.563734 0.500673 0.567325 0.502019 0.567325 0.503365 0.56912 0.504711 0.56912 0.506057 0.570916 0.507402 0.56912 0.510094 0.56912 0.51144 0.567325 0.512786 0.567325 0.512786 0.563734 0.508748 0.563734
0 0.205922 0.533214 0.20323 0.536804 0.201884 0.536804 0.20323 0.5386 0.20323 0.540395 0.212651 0.540395 0.212651 0.5386 0.213997 0.536804 0.211306 0.533214
0 0.149394 0.529623 0.15074 0.531418 0.15074 0.533214 0.152086 0.531418 0.168237 0.531418 0.169583 0.533214 0.170929 0.533214 0.174966 0.5386 0.184388 0.5386 0.185734 0.540395 0.191117 0.540395 0.192463 0.54219 0.192463 0.547576 0.191117 0.549372 0.185734 0.549372 0.184388 0.547576 0.183042 0.549372 0.181696 0.549372 0.181696 0.551167 0.18035 0.552962 0.18035 0.554758 0.179004 0.556553 0.179004 0.558348 0.18035 0.560144 0.18035 0.561939 0.184388 0.561939 0.185734 0.560144 0.189771 0.560144 0.192463 0.556553 0.193809 0.556553 0.195155 0.554758 0.195155 0.551167 0.196501 0.549372 0.196501 0.545781 0.195155 0.543986 0.195155 0.540395 0.193809 0.540395 0.191117 0.536804 0.189771 0.536804 0.188425 0.535009 0.187079 0.535009 0.184388 0.531418 0.183042 0.531418 0.181696 0.529623
0 0.791386 0.520646 0.79004 0.522442 0.79004 0.524237 0.788694 0.526032 0.788694 0.527828 0.79004 0.527828 0.791386 0.529623 0.795424 0.529623 0.79677 0.527828 0.798116 0.527828 0.798116 0.522442 0.79677 0.522442 0.795424 0.520646
0 0.002692 0.513465 0.002692 0.518851 0.004038 0.520646 0.004038 0.527828 0.017497 0.527828 0.018843 0.529623 0.018843 0.527828 0.017497 0.526032 0.017497 0.524237 0.016151 0.522442 0.016151 0.520646 0.013459 0.520646 0.012113 0.518851 0.010767 0.518851 0.009421 0.517056 0.006729 0.517056 0.005384 0.51526 0.004038 0.51526
0 0.057873 0.508079 0.056528 0.509874 0.056528 0.51167 0.055182 0.513465 0.055182 0.51526 0.053836 0.517056 0.055182 0.518851 0.055182 0.520646 0.056528 0.522442 0.057873 0.522442 0.059219 0.524237 0.061911 0.524237 0.063257 0.526032 0.064603 0.526032 0.065949 0.527828 0.069987 0.527828 0.069987 0.522442 0.068641 0.520646 0.068641 0.518851 0.067295 0.517056 0.067295 0.51526 0.065949 0.513465 0.065949 0.51167 0.064603 0.509874 0.064603 0.508079
0 0.476447 0.491921 0.475101 0.493716 0.473755 0.493716 0.472409 0.495512 0.471063 0.495512 0.471063 0.517056 0.472409 0.518851 0.472409 0.540395 0.473755 0.5386 0.495289 0.5386 0.496635 0.536804 0.496635 0.535009 0.499327 0.531418 0.499327 0.513465 0.497981 0.51167 0.497981 0.491921
0 0.212651 0.491921 0.211306 0.493716 0.207268 0.493716 0.205922 0.495512 0.199192 0.495512 0.197847 0.497307 0.189771 0.497307 0.188425 0.499102 0.179004 0.499102 0.179004 0.509874 0.188425 0.509874 0.192463 0.504488 0.199192 0.504488 0.200538 0.502693 0.20323 0.502693 0.204576 0.504488 0.205922 0.502693 0.20996 0.502693 0.211306 0.500898 0.213997 0.500898 0.213997 0.497307 0.212651 0.495512
0 0.874832 0.490126 0.874832 0.499102 0.878869 0.504488 0.881561 0.504488 0.882907 0.506284 0.884253 0.506284 0.885599 0.508079 0.886945 0.506284 0.893674 0.506284 0.896366 0.502693 0.897712 0.502693 0.897712 0.499102 0.896366 0.497307 0.896366 0.493716 0.892328 0.493716 0.890983 0.491921 0.888291 0.491921 0.886945 0.490126 0.885599 0.491921 0.876178 0.491921
0 0.079408 0.490126 0.074024 0.497307 0.074024 0.499102 0.072678 0.500898 0.072678 0.502693 0.078062 0.502693 0.079408 0.504488 0.080754 0.502693 0.0821 0.502693 0.0821 0.500898 0.080754 0.499102 0.080754 0.497307 0.084791 0.491921 0.080754 0.491921
0 0.746972 0.477558 0.745626 0.479354 0.736205 0.479354 0.734859 0.481149 0.726783 0.481149 0.725437 0.482944 0.716016 0.482944 0.713324 0.486535 0.711978 0.486535 0.707941 0.491921 0.707941 0.493716 0.709287 0.495512 0.709287 0.500898 0.710633 0.502693 0.710633 0.504488 0.71467 0.504488 0.716016 0.506284 0.717362 0.504488 0.724092 0.504488 0.725437 0.502693 0.732167 0.502693 0.733513 0.500898 0.740242 0.500898 0.741588 0.499102 0.748318 0.499102 0.749664 0.497307 0.751009 0.497307 0.751009 0.490126 0.749664 0.48833 0.749664 0.481149
0 0.037685 0.472172 0.036339 0.473968 0.033647 0.473968 0.032301 0.475763 0.02961 0.475763 0.032301 0.479354 0.033647 0.479354 0.036339 0.482944 0.044415 0.482944 0.044415 0.473968 0.043069 0.473968 0.041723 0.472172
0 0.808883 0.45781 0.806191 0.4614 0.806191 0.464991 0.812921 0.464991 0.814266 0.463196 0.815612 0.463196 0.816958 0.4614 0.81965 0.4614 0.81965 0.45781
0 0.685061 0.443447 0.683715 0.445242 0.681023 0.445242 0.679677 0.447038 0.678331 0.447038 0.676985 0.448833 0.674293 0.448833 0.672948 0.450628 0.670256 0.450628 0.66891 0.452424 0.666218 0.452424 0.664872 0.454219 0.663526 0.454219 0.66218 0.456014 0.659489 0.456014 0.658143 0.45781 0.655451 0.45781 0.654105 0.459605 0.652759 0.459605 0.651413 0.4614 0.650067 0.4614 0.648721 0.463196 0.64603 0.463196 0.644684 0.464991 0.643338 0.464991 0.643338 0.468582 0.641992 0.470377 0.641992 0.473968 0.644684 0.473968 0.647376 0.477558 0.647376 0.479354 0.648721 0.481149 0.672948 0.481149 0.674293 0.482944 0.682369 0.482944 0.683715 0.48474 0.69852 0.48474 0.699865 0.486535 0.701211 0.48474 0.703903 0.48474 0.705249 0.482944 0.707941 0.482944 0.709287 0.481149 0.711978 0.481149 0.720054 0.470377 0.720054 0.464991 0.718708 0.463196 0.718708 0.45781 0.711978 0.45781 0.710633 0.456014 0.705249 0.456014 0.703903 0.454219 0.701211 0.454219 0.699865 0.452424 0.697174 0.452424 0.695828 0.450628 0.694482 0.450628 0.693136 0.448833 0.69179 0.448833 0.690444 0.447038 0.689098 0.447038 0.687752 0.445242 0.686406 0.445242
1 0.79677 0.83842 0.795424 0.840215 0.791386 0.840215 0.79004 0.842011 0.79004 0.849192 0.791386 0.850987 0.791386 0.852783 0.792732 0.854578 0.794078 0.854578 0.798116 0.859964 0.799462 0.859964 0.802153 0.863555 0.803499 0.863555 0.807537 0.868941 0.807537 0.870736 0.810229 0.874327 0.811575 0.874327 0.814266 0.877917 0.830417 0.877917 0.833109 0.874327 0.833109 0.86535 0.825034 0.854578 0.823688 0.854578 0.822342 0.852783 0.820996 0.852783 0.81965 0.850987 0.818304 0.850987 0.816958 0.849192 0.815612 0.849192 0.814266 0.847397 0.812921 0.847397 0.811575 0.845601 0.810229 0.845601 0.808883 0.843806 0.807537 0.843806 0.806191 0.842011 0.802153 0.842011 0.800808 0.840215 0.798116 0.840215
1 0.749664 0.825853 0.748318 0.827648 0.745626 0.827648 0.740242 0.834829 0.733513 0.834829 0.732167 0.833034 0.732167 0.843806 0.74428 0.843806 0.745626 0.845601 0.749664 0.840215 0.751009 0.840215 0.753701 0.836625 0.757739 0.836625 0.759085 0.834829 0.760431 0.836625 0.764468 0.836625 0.765814 0.83842 0.768506 0.834829 0.768506 0.833034 0.769852 0.831239 0.769852 0.829443 0.764468 0.829443 0.763122 0.827648 0.751009 0.827648
1 0.355316 0.815081 0.35397 0.816876 0.348587 0.816876 0.348587 0.818671 0.347241 0.820467 0.347241 0.824057 0.345895 0.825853 0.345895 0.829443 0.344549 0.831239 0.344549 0.833034 0.345895 0.834829 0.347241 0.834829 0.351279 0.840215 0.356662 0.840215 0.358008 0.83842 0.359354 0.83842 0.3607 0.836625 0.362046 0.836625 0.363392 0.834829 0.364738 0.834829 0.366083 0.833034 0.367429 0.833034 0.368775 0.831239 0.375505 0.831239 0.374159 0.829443 0.374159 0.827648 0.372813 0.825853 0.376851 0.820467 0.375505 0.818671 0.375505 0.816876 0.374159 0.818671 0.372813 0.818671 0.371467 0.820467 0.368775 0.820467 0.367429 0.822262 0.364738 0.822262 0.359354 0.815081
1 0.172275 0.809695 0.170929 0.81149 0.162853 0.81149 0.160162 0.815081 0.158816 0.815081 0.153432 0.822262 0.152086 0.822262 0.148048 0.827648 0.146703 0.827648 0.145357 0.829443 0.145357 0.831239 0.146703 0.833034 0.146703 0.834829 0.149394 0.834829 0.15074 0.836625 0.152086 0.834829 0.153432 0.834829 0.154778 0.833034 0.156124 0.833034 0.15747 0.831239 0.158816 0.831239 0.160162 0.829443 0.161507 0.829443 0.162853 0.827648 0.164199 0.827648 0.165545 0.829443 0.165545 0.834829 0.164199 0.836625 0.164199 0.840215 0.162853 0.842011 0.162853 0.847397 0.161507 0.849192 0.161507 0.850987 0.162853 0.850987 0.164199 0.852783 0.166891 0.849192 0.168237 0.849192 0.168237 0.847397 0.169583 0.845601 0.169583 0.842011 0.170929 0.840215 0.170929 0.836625 0.172275 0.834829 0.172275 0.831239 0.17362 0.829443 0.17362 0.827648 0.174966 0.825853 0.174966 0.822262 0.176312 0.820467 0.176312 0.816876 0.177658 0.815081 0.177658 0.813285 0.176312 0.813285 0.174966 0.81149 0.17362 0.81149
1 0.30148 0.732496 0.298789 0.736086 0.297443 0.736086 0.293405 0.741472 0.292059 0.741472 0.288022 0.746858 0.286676 0.746858 0.28533 0.748654 0.288022 0.752244 0.290713 0.748654 0.292059 0.748654 0.293405 0.746858 0.298789 0.746858 0.302826 0.741472 0.304172 0.741472 0.306864 0.737882 0.305518 0.736086 0.304172 0.736086
1 0.450875 0.684022 0.449529 0.685817 0.446837 0.685817 0.446837 0.687612 0.448183 0.689408 0.448183 0.691203 0.449529 0.692998 0.449529 0.694794 0.452221 0.698384 0.452221 0.70018 0.453567 0.701975 0.457604 0.701975 0.460296 0.698384 0.45895 0.696589 0.45895 0.694794
1 0.103634 0.599641 0.100942 0.603232 0.102288 0.603232 0.10498 0.606822 0.113055 0.606822 0.114401 0.605027 0.131898 0.605027 0.133244 0.606822 0.142665 0.606822 0.145357 0.603232 0.141319 0.603232 0.139973 0.601436 0.135935 0.601436 0.13459 0.599641
1 0.213997 0.594255 0.212651 0.59605 0.208614 0.59605 0.207268 0.597846 0.20323 0.597846 0.201884 0.599641 0.197847 0.599641 0.196501 0.601436 0.189771 0.601436 0.188425 0.603232 0.18035 0.603232 0.179004 0.605027 0.17362 0.605027 0.172275 0.606822 0.168237 0.606822 0.166891 0.608618 0.162853 0.608618 0.161507 0.610413 0.160162 0.610413 0.158816 0.612208 0.15747 0.612208 0.156124 0.614004 0.153432 0.614004 0.152086 0.615799 0.15074 0.615799 0.149394 0.617594 0.148048 0.617594 0.146703 0.61939 0.145357 0.61939 0.144011 0.621185 0.142665 0.621185 0.141319 0.62298 0.139973 0.62298 0.138627 0.624776 0.135935 0.624776 0.13459 0.626571 0.133244 0.626571 0.131898 0.628366 0.130552 0.628366 0.129206 0.630162 0.12786 0.630162 0.126514 0.631957 0.122476 0.631957 0.121131 0.633752 0.118439 0.633752 0.117093 0.635548 0.114401 0.635548 0.113055 0.637343 0.109017 0.637343 0.107672 0.639138 0.10498 0.639138 0.103634 0.640934 0.100942 0.640934 0.099596 0.642729 0.096904 0.642729 0.095559 0.644524 0.092867 0.644524 0.091521 0.64632 0.088829 0.64632 0.087483 0.648115 0.084791 0.648115 0.083445 0.64991 0.0821 0.64991 0.080754 0.651706 0.079408 0.651706 0.078062 0.653501 0.076716 0.653501 0.07537 0.655296 0.074024 0.655296 0.072678 0.657092 0.071332 0.657092 0.069987 0.658887 0.068641 0.658887 0.065949 0.662478 0.064603 0.662478 0.063257 0.664273 0.061911 0.664273 0.060565 0.666068 0.059219 0.666068 0.057873 0.667864 0.056528 0.667864 0.055182 0.669659 0.053836 0.669659 0.05249 0.671454 0.051144 0.671454 0.051144 0.675045 0.05249 0.67325 0.055182 0.67325 0.056528 0.671454 0.059219 0.671454 0.060565 0.669659 0.063257 0.669659 0.064603 0.667864 0.068641 0.667864 0.069987 0.666068 0.072678 0.666068 0.074024 0.664273 0.083445 0.664273 0.084791 0.666068 0.086137 0.664273 0.087483 0.664273 0.088829 0.662478 0.090175 0.662478 0.091521 0.660682 0.092867 0.660682 0.094213 0.658887 0.095559 0.658887 0.096904 0.657092 0.09825 0.657092 0.099596 0.655296 0.100942 0.655296 0.102288 0.653501 0.10498 0.653501 0.106326 0.651706 0.107672 0.651706 0.109017 0.64991 0.111709 0.64991 0.113055 0.648115 0.114401 0.648115 0.115747 0.64632 0.118439 0.64632 0.119785 0.644524 0.121131 0.644524 0.122476 0.642729 0.123822 0.642729 0.125168 0.640934 0.12786 0.640934 0.129206 0.639138 0.130552 0.639138 0.131898 0.637343 0.133244 0.637343 0.13459 0.635548 0.135935 0.635548 0.137281 0.633752 0.139973 0.633752 0.141319 0.631957 0.142665 0.631957 0.144011 0.630162 0.145357 0.630162 0.146703 0.628366 0.149394 0.628366 0.15074 0.626571 0.152086 0.626571 0.153432 0.624776 0.154778 0.624776 0.156124 0.62298 0.15747 0.62298 0.158816 0.621185 0.161507 0.621185 0.162853 0.61939 0.164199 0.61939 0.165545 0.617594 0.168237 0.617594 0.169583 0.615799 0.17362 0.615799 0.174966 0.614004 0.177658 0.614004 0.179004 0.612208 0.181696 0.612208 0.183042 0.610413 0.187079 0.610413 0.188425 0.608618 0.196501 0.608618 0.197847 0.606822 0.20323 0.606822 0.204576 0.605027 0.23284 0.605027 0.23284 0.59605 0.215343 0.59605
1 0.370121 0.576302 0.367429 0.579892 0.366083 0.579892 0.366083 0.583483 0.364738 0.585278 0.364738 0.588869 0.366083 0.590664 0.366083 0.59246 0.367429 0.590664 0.372813 0.590664 0.374159 0.59246 0.375505 0.590664 0.378197 0.590664 0.378197 0.579892 0.375505 0.576302
1 0.111709 0.576302 0.109017 0.579892 0.109017 0.581688 0.103634 0.588869 0.09825 0.588869 0.096904 0.590664 0.092867 0.590664 0.091521 0.59246 0.086137 0.59246 0.083445 0.59605 0.0821 0.59605 0.086137 0.59605 0.087483 0.597846 0.088829 0.59605 0.094213 0.59605 0.095559 0.594255 0.100942 0.594255 0.102288 0.59246 0.10498 0.59246 0.106326 0.590664 0.118439 0.590664 0.119785 0.59246 0.121131 0.590664 0.12786 0.590664 0.129206 0.588869 0.144011 0.588869 0.145357 0.587074 0.160162 0.587074 0.161507 0.585278 0.177658 0.585278 0.179004 0.583483 0.193809 0.583483 0.193809 0.576302 0.192463 0.578097 0.161507 0.578097 0.160162 0.579892 0.121131 0.579892 0.119785 0.578097 0.113055 0.578097
1 0.414536 0.535009 0.41319 0.536804 0.382234 0.536804 0.380888 0.5386 0.379542 0.5386 0.378197 0.540395 0.376851 0.540395 0.376851 0.543986 0.378197 0.545781 0.378197 0.547576 0.379542 0.549372 0.379542 0.551167 0.380888 0.549372 0.386272 0.549372 0.387618 0.547576 0.397039 0.547576 0.398385 0.545781 0.399731 0.545781 0.401077 0.543986 0.403769 0.543986 0.405114 0.54219 0.407806 0.54219 0.409152 0.540395 0.421265 0.540395 0.421265 0.535009
1 0.282638 0.535009 0.281292 0.536804 0.274563 0.536804 0.273217 0.5386 0.261104 0.5386 0.259758 0.540395 0.254374 0.540395 0.253028 0.54219 0.248991 0.54219 0.247645 0.543986 0.242261 0.543986 0.240915 0.545781 0.235532 0.545781 0.234186 0.547576 0.227456 0.547576 0.22611 0.549372 0.220727 0.549372 0.219381 0.551167 0.213997 0.551167 0.212651 0.552962 0.205922 0.552962 0.204576 0.554758 0.199192 0.554758 0.199192 0.558348 0.212651 0.558348 0.213997 0.556553 0.215343 0.556553 0.218035 0.552962 0.223419 0.552962 0.224764 0.551167 0.239569 0.551167 0.240915 0.549372 0.242261 0.549372 0.243607 0.547576 0.246299 0.547576 0.247645 0.545781 0.251682 0.545781 0.253028 0.543986 0.258412 0.543986 0.259758 0.54219 0.274563 0.54219 0.275908 0.540395 0.288022 0.540395 0.288022 0.5386 0.289367 0.536804 0.283984 0.536804
1 0.631225 0.502693 0.629879 0.504488 0.628533 0.504488 0.627187 0.506284 0.625841 0.506284 0.621803 0.51167 0.621803 0.513465 0.620458 0.51526 0.620458 0.517056 0.625841 0.524237 0.624495 0.526032 0.623149 0.526032 0.620458 0.529623 0.619112 0.529623 0.617766 0.531418 0.61642 0.531418 0.613728 0.535009 0.612382 0.535009 0.61642 0.535009 0.617766 0.536804 0.627187 0.536804 0.629879 0.533214 0.643338 0.533214 0.644684 0.531418 0.64603 0.531418 0.647376 0.529623 0.655451 0.529623 0.656797 0.531418 0.658143 0.529623 0.670256 0.529623 0.671602 0.527828 0.676985 0.527828 0.678331 0.529623 0.679677 0.527828 0.683715 0.527828 0.686406 0.524237 0.687752 0.524237 0.690444 0.520646 0.69179 0.520646 0.693136 0.518851 0.699865 0.518851 0.701211 0.520646 0.706595 0.520646 0.707941 0.522442 0.709287 0.520646 0.71467 0.520646 0.71467 0.518851 0.716016 0.517056 0.716016 0.51526 0.717362 0.513465 0.71467 0.509874 0.713324 0.51167 0.707941 0.51167 0.706595 0.513465 0.695828 0.513465 0.694482 0.51167 0.690444 0.51167 0.689098 0.509874 0.672948 0.509874 0.671602 0.508079 0.6393 0.508079 0.637954 0.506284 0.636608 0.506284 0.635262 0.504488 0.632571 0.504488
1 0.557201 0.491921 0.554509 0.495512 0.545087 0.495512 0.543742 0.497307 0.527591 0.497307 0.526245 0.499102 0.51144 0.499102 0.510094 0.500898 0.507402 0.500898 0.506057 0.502693 0.502019 0.502693 0.502019 0.520646 0.507402 0.520646 0.508748 0.522442 0.510094 0.520646 0.524899 0.520646 0.526245 0.518851 0.528937 0.518851 0.530283 0.520646 0.532974 0.517056 0.53432 0.517056 0.535666 0.51526 0.543742 0.51526 0.545087 0.513465 0.565276 0.513465 0.566622 0.51526 0.567968 0.513465 0.573351 0.513465 0.576043 0.509874 0.576043 0.499102 0.569314 0.499102 0.567968 0.497307 0.565276 0.497307 0.56393 0.495512 0.562584 0.495512 0.561238 0.493716 0.558546 0.493716
1 0.461642 0.490126 0.460296 0.491921 0.452221 0.491921 0.450875 0.493716 0.449529 0.493716 0.448183 0.495512 0.446837 0.495512 0.445491 0.497307 0.445491 0.499102 0.440108 0.506284 0.448183 0.506284 0.450875 0.502693 0.452221 0.502693 0.453567 0.500898 0.457604 0.500898 0.461642 0.495512
1 0.803499 0.477558 0.802153 0.479354 0.800808 0.479354 0.799462 0.481149 0.798116 0.481149 0.798116 0.48474 0.79677 0.486535 0.79677 0.48833 0.798116 0.48833 0.800808 0.491921 0.802153 0.491921 0.803499 0.493716 0.808883 0.493716 0.810229 0.495512 0.815612 0.495512 0.818304 0.491921 0.81965 0.491921 0.820996 0.490126 0.827725 0.490126 0.829071 0.491921 0.838493 0.491921 0.839838 0.490126 0.845222 0.490126 0.846568 0.48833 0.853297 0.48833 0.853297 0.481149 0.841184 0.481149 0.839838 0.482944 0.825034 0.482944 0.820996 0.477558
1 0.965007 0.472172 0.963661 0.473968 0.959623 0.473968 0.958277 0.475763 0.95424 0.475763 0.951548 0.479354 0.950202 0.479354 0.948856 0.481149 0.946164 0.481149 0.944818 0.482944 0.935397 0.482944 0.934051 0.48474 0.931359 0.48474 0.930013 0.486535 0.911171 0.486535 0.909825 0.48474 0.907133 0.48474 0.905787 0.482944 0.903096 0.486535 0.90175 0.486535 0.897712 0.491921 0.897712 0.497307 0.899058 0.499102 0.899058 0.500898 0.921938 0.500898 0.923284 0.502693 0.92463 0.500898 0.925976 0.500898 0.927322 0.499102 0.928668 0.499102 0.930013 0.497307 0.931359 0.497307 0.934051 0.493716 0.935397 0.493716 0.938089 0.490126 0.943472 0.490126 0.944818 0.491921 0.952894 0.491921 0.95424 0.493716 0.955585 0.491921 0.960969 0.491921 0.963661 0.48833 0.963661 0.486535 0.965007 0.48474 0.969044 0.48474 0.97039 0.486535 0.974428 0.486535 0.975774 0.48833 0.975774 0.48474 0.97712 0.482944 0.97712 0.479354 0.975774 0.477558 0.974428 0.477558 0.971736 0.473968 0.966353 0.473968
1 0.751009 0.466786 0.749664 0.468582 0.748318 0.468582 0.745626 0.472172 0.74428 0.472172 0.745626 0.472172 0.746972 0.473968 0.748318 0.473968 0.749664 0.475763 0.755047 0.475763 0.756393 0.477558 0.756393 0.479354 0.753701 0.482944 0.753701 0.48474 0.752355 0.486535 0.756393 0.486535 0.757739 0.48833 0.760431 0.48833 0.761777 0.490126 0.764468 0.486535 0.765814 0.486535 0.76716 0.48474 0.76716 0.482944 0.768506 0.481149 0.775236 0.481149 0.776581 0.482944 0.777927 0.481149 0.777927 0.479354 0.779273 0.477558 0.775236 0.472172 0.77389 0.472172 0.772544 0.470377 0.771198 0.470377 0.769852 0.468582 0.768506 0.468582 0.76716 0.466786
1 0.998654 0.448833 0.997308 0.450628 0.995962 0.450628 0.994616 0.452424 0.993271 0.452424 0.990579 0.456014 0.989233 0.456014 0.987887 0.45781 0.987887 0.459605 0.989233 0.4614 0.993271 0.4614 0.995962 0.45781 0.997308 0.45781 0.998654 0.456014
1 0.04576 0.447038 0.044415 0.448833 0.043069 0.448833 0.040377 0.452424 0.039031 0.452424 0.037685 0.454219 0.036339 0.454219 0.034993 0.456014 0.033647 0.456014 0.030956 0.459605 0.02961 0.459605 0.028264 0.4614 0.026918 0.4614 0.025572 0.463196 0.024226 0.463196 0.021534 0.466786 0.020188 0.466786 0.018843 0.468582 0.017497 0.468582 0.017497 0.470377 0.018843 0.472172 0.018843 0.475763 0.017497 0.477558 0.0 0.477558 0.0 0.54219 0.001346 0.540395 0.010767 0.540395 0.012113 0.5386 0.021534 0.5386 0.02288 0.536804 0.033647 0.536804 0.034993 0.535009 0.047106 0.535009 0.048452 0.533214 0.059219 0.533214 0.060565 0.531418 0.072678 0.531418 0.074024 0.529623 0.07537 0.529623 0.076716 0.527828 0.079408 0.527828 0.080754 0.526032 0.0821 0.526032 0.083445 0.524237 0.084791 0.524237 0.086137 0.522442 0.088829 0.522442 0.090175 0.520646 0.091521 0.520646 0.092867 0.518851 0.094213 0.518851 0.095559 0.517056 0.09825 0.517056 0.099596 0.51526 0.100942 0.51526 0.102288 0.513465 0.118439 0.513465 0.119785 0.51526 0.121131 0.51526 0.122476 0.517056 0.123822 0.51526 0.12786 0.51526 0.129206 0.513465 0.133244 0.513465 0.13459 0.51167 0.139973 0.51167 0.141319 0.509874 0.145357 0.509874 0.146703 0.508079 0.160162 0.508079 0.158816 0.506284 0.15747 0.506284 0.154778 0.502693 0.153432 0.502693 0.149394 0.497307 0.148048 0.497307 0.145357 0.493716 0.130552 0.493716 0.129206 0.491921 0.114401 0.491921 0.113055 0.490126 0.088829 0.490126 0.087483 0.48833 0.084791 0.48833 0.083445 0.486535 0.0821 0.486535 0.080754 0.48474 0.078062 0.48474 0.076716 0.482944 0.07537 0.482944 0.074024 0.481149 0.071332 0.481149 0.069987 0.479354 0.068641 0.479354 0.067295 0.477558 0.064603 0.477558 0.063257 0.475763 0.061911 0.475763 0.060565 0.473968 0.057873 0.473968 0.056528 0.472172 0.051144 0.479354 0.049798 0.479354 0.04576 0.48474 0.036339 0.48474 0.033647 0.481149 0.032301 0.481149 0.026918 0.473968 0.026918 0.472172 0.025572 0.470377 0.026918 0.468582 0.02961 0.468582 0.030956 0.466786 0.033647 0.466786 0.034993 0.464991 0.037685 0.464991 0.039031 0.463196 0.041723 0.463196 0.043069 0.4614 0.047106 0.4614 0.048452 0.459605 0.051144 0.459605 0.05249 0.45781 0.055182 0.45781 0.056528 0.456014 0.059219 0.456014 0.059219 0.452424 0.057873 0.450628 0.057873 0.447038
1 0.934051 0.441652 0.934051 0.447038 0.943472 0.447038 0.943472 0.441652
1 0.094213 0.43447 0.094213 0.438061 0.092867 0.439856 0.092867 0.441652 0.090175 0.445242 0.090175 0.447038 0.086137 0.452424 0.084791 0.452424 0.083445 0.454219 0.080754 0.454219 0.079408 0.456014 0.078062 0.456014 0.078062 0.459605 0.079408 0.45781 0.086137 0.45781 0.087483 0.456014 0.088829 0.456014 0.090175 0.454219 0.091521 0.454219 0.092867 0.452424 0.094213 0.452424 0.095559 0.450628 0.096904 0.450628 0.09825 0.448833 0.100942 0.448833 0.102288 0.447038 0.111709 0.447038 0.113055 0.445242 0.115747 0.445242 0.117093 0.443447 0.119785 0.443447 0.119785 0.441652 0.121131 0.439856 0.118439 0.439856 0.117093 0.441652 0.113055 0.441652 0.111709 0.443447 0.107672 0.443447 0.106326 0.445242 0.102288 0.445242 0.100942 0.443447 0.100942 0.436266 0.095559 0.436266
1 0.25572 0.411131 0.254374 0.412926 0.246299 0.412926 0.244953 0.414722 0.23284 0.414722 0.231494 0.416517 0.230148 0.416517 0.228802 0.418312 0.227456 0.418312 0.228802 0.418312 0.231494 0.421903 0.23284 0.421903 0.234186 0.423698 0.239569 0.423698 0.240915 0.425494 0.242261 0.423698 0.244953 0.423698 0.246299 0.421903 0.248991 0.421903 0.250336 0.420108 0.253028 0.420108 0.254374 0.418312 0.257066 0.418312 0.258412 0.416517 0.261104 0.416517 0.261104 0.411131
1 0.220727 0.393178 0.219381 0.394973 0.218035 0.394973 0.216689 0.396768 0.215343 0.396768 0.213997 0.398564 0.212651 0.398564 0.211306 0.400359 0.20996 0.400359 0.208614 0.402154 0.20323 0.402154 0.201884 0.40395 0.196501 0.40395 0.195155 0.405745 0.185734 0.405745 0.184388 0.40754 0.17362 0.40754 0.172275 0.409336 0.168237 0.409336 0.168237 0.411131 0.166891 0.412926 0.168237 0.411131 0.187079 0.411131 0.188425 0.409336 0.192463 0.409336 0.193809 0.40754 0.196501 0.40754 0.197847 0.405745 0.201884 0.405745 0.20323 0.40395 0.215343 0.40395 0.216689 0.402154 0.222073 0.402154 0.223419 0.400359 0.228802 0.400359 0.230148 0.398564 0.235532 0.398564 0.235532 0.396768 0.236878 0.394973 0.234186 0.394973 0.23284 0.393178
1 0.371467 0.387792 0.370121 0.389587 0.351279 0.389587 0.349933 0.391382 0.33109 0.391382 0.33109 0.393178 0.329744 0.394973 0.345895 0.394973 0.347241 0.393178 0.359354 0.393178 0.3607 0.391382 0.374159 0.391382 0.375505 0.389587 0.372813 0.389587
