0 0.508125 0.981667 0.5075 0.9825 0.50375 0.9825 0.503125 0.983333 0.499375 0.983333 0.499375 0.984167 0.49875 0.985 0.49875 0.9875 0.498125 0.988333 0.498125 0.99 0.4975 0.990833 0.4975 0.991667 0.503125 0.999167 0.5125 0.999167 0.511875 0.998333 0.511875 0.996667 0.51125 0.995833 0.51125 0.994167 0.510625 0.993333 0.510625 0.991667 0.51 0.990833 0.51 0.988333 0.509375 0.9875 0.509375 0.985833 0.50875 0.985 0.50875 0.983333 0.508125 0.9825
0 0.33625 0.838333 0.335625 0.839167 0.33375 0.839167 0.333125 0.84 0.33125 0.84 0.333125 0.8425 0.333125 0.843333 0.334375 0.845 0.335 0.844167 0.338125 0.844167 0.338125 0.843333 0.3375 0.8425 0.3375 0.841667 0.336875 0.840833 0.336875 0.84 0.33625 0.839167
0 0.22875 0.815 0.228125 0.815833 0.225 0.815833 0.224375 0.816667 0.22125 0.816667 0.220625 0.8175 0.2175 0.8175 0.21875 0.819167 0.21875 0.82 0.22 0.821667 0.22625 0.821667 0.22625 0.820833 0.226875 0.82 0.226875 0.819167 0.2275 0.818333 0.2275 0.8175 0.228125 0.816667 0.228125 0.815833
0 0.481875 0.788333 0.480625 0.79 0.48 0.79 0.47875 0.791667 0.478125 0.791667 0.4775 0.7925 0.478125 0.7925 0.479375 0.794167 0.48 0.794167 0.48125 0.795833 0.481875 0.795 0.4825 0.795 0.483125 0.794167 0.48375 0.794167 0.484375 0.793333 0.485 0.793333 0.483125 0.790833 0.483125 0.79
0 0.03625 0.704167 0.035625 0.705 0.026875 0.705 0.02625 0.705833 0.02625 0.706667 0.025625 0.7075 0.025625 0.708333 0.024375 0.71 0.024375 0.710833 0.02375 0.711667 0.024375 0.710833 0.0275 0.710833 0.028125 0.71 0.03125 0.71 0.031875 0.709167 0.035 0.709167 0.035 0.708333 0.035625 0.7075 0.035625 0.705833 0.03625 0.705
0 0.446875 0.5775 0.44625 0.578333 0.445625 0.578333 0.445 0.579167 0.444375 0.579167 0.443125 0.580833 0.4425 0.580833 0.441875 0.581667 0.44125 0.581667 0.440625 0.5825 0.44 0.5825 0.43875 0.584167 0.438125 0.584167 0.4375 0.585 0.436875 0.585 0.4375 0.585 0.438125 0.585833 0.439375 0.585833 0.44 0.586667 0.440625 0.586667 0.44125 0.5875 0.4425 0.5875 0.443125 0.588333 0.44375 0.588333 0.444375 0.589167 0.445 0.589167 0.445625 0.59 0.446875 0.59 0.4475 0.590833 0.448125 0.590833 0.44875 0.591667 0.453125 0.585833
0 0.27125 0.505 0.270625 0.505833 0.269375 0.505833 0.26875 0.506667 0.268125 0.506667 0.2675 0.5075 0.26625 0.5075 0.265625 0.508333 0.264375 0.508333 0.264375 0.51 0.265 0.510833 0.265 0.513333 0.265625 0.5125 0.26875 0.5125 0.269375 0.511667 0.2725 0.511667 0.2725 0.510833 0.271875 0.51 0.271875 0.5075 0.27125 0.506667
0 0.168125 0.43 0.1675 0.430833 0.16625 0.430833 0.165625 0.431667 0.16375 0.431667 0.163125 0.4325 0.161875 0.4325 0.16125 0.433333 0.159375 0.433333 0.15875 0.434167 0.1575 0.434167 0.1575 0.435 0.158125 0.435833 0.158125 0.438333 0.15875 0.439167 0.15875 0.44 0.159375 0.440833 0.16 0.440833 0.16125 0.4425 0.161875 0.4425 0.16375 0.445 0.164375 0.445 0.165625 0.446667 0.16625 0.446667 0.1675 0.448333 0.17625 0.448333 0.176875 0.4475 0.176875 0.446667 0.1775 0.445833 0.1775 0.445 0.178125 0.444167 0.178125 0.443333 0.17875 0.4425 0.178125 0.441667 0.1775 0.441667 0.17625 0.44 0.17625 0.439167 0.175625 0.438333 0.175625 0.4375 0.175 0.436667 0.175 0.434167 0.174375 0.433333 0.174375 0.430833 0.16875 0.430833
0 0.23625 0.3075 0.23625 0.311667 0.241875 0.311667 0.241875 0.3075
0 0.2525 0.245 0.2525 0.249167 0.26125 0.249167 0.26125 0.248333 0.261875 0.2475 0.26125 0.2475 0.260625 0.246667 0.26 0.246667 0.259375 0.245833 0.25875 0.245833 0.258125 0.245
0 0.69 0.236667 0.689375 0.2375 0.688125 0.2375 0.6875 0.238333 0.686875 0.238333 0.68625 0.239167 0.685 0.239167 0.684375 0.24 0.68375 0.24 0.683125 0.240833 0.681875 0.240833 0.68125 0.241667 0.680625 0.241667 0.68 0.2425 0.67875 0.2425 0.680625 0.2425 0.68125 0.243333 0.68375 0.243333 0.684375 0.244167 0.68625 0.244167 0.686875 0.245 0.689375 0.245 0.69 0.245833 0.691875 0.245833 0.6925 0.246667 0.693125 0.245833 0.695 0.245833 0.695625 0.245 0.696875 0.245 0.6975 0.244167 0.699375 0.244167 0.7 0.243333 0.701875 0.243333 0.701875 0.240833 0.7025 0.24 0.7025 0.238333 0.696875 0.238333 0.69625 0.2375 0.690625 0.2375
0 0.163125 0.2025 0.1625 0.203333 0.1625 0.204167 0.16125 0.205833 0.165 0.205833 0.165625 0.206667 0.166875 0.205 0.1675 0.205 0.16875 0.203333 0.169375 0.203333 0.16375 0.203333
0 0.00625 0.165 0.00625 0.168333 0.006875 0.169167 0.006875 0.1725 0.0075 0.171667 0.0125 0.171667 0.013125 0.170833 0.013125 0.17 0.01375 0.169167 0.01375 0.168333 0.014375 0.1675 0.01375 0.1675 0.013125 0.166667 0.0125 0.166667 0.011875 0.165833 0.01125 0.165833 0.010625 0.165
0 0.508125 0.1225 0.506875 0.124167 0.50625 0.124167 0.505625 0.125 0.505625 0.125833 0.505 0.126667 0.505 0.1275 0.504375 0.128333 0.504375 0.129167 0.505 0.128333 0.510625 0.128333 0.510625 0.1275 0.51125 0.126667 0.51125 0.125833 0.511875 0.125 0.511875 0.124167 0.510625 0.124167 0.51 0.123333 0.50875 0.123333
0 0.17875 0.118333 0.17875 0.12 0.179375 0.120833 0.179375 0.121667 0.18375 0.121667 0.184375 0.1225 0.189375 0.1225 0.19 0.121667 0.190625 0.121667 0.190625 0.120833 0.19 0.12 0.19 0.119167 0.185625 0.119167 0.185 0.118333
0 0.22625 0.113333 0.226875 0.114167 0.226875 0.115833 0.2275 0.116667 0.2375 0.116667 0.2375 0.115833 0.238125 0.115 0.238125 0.113333
0 0.758125 0.110833 0.7575 0.111667 0.7575 0.1125 0.75625 0.114167 0.758125 0.114167 0.75875 0.115 0.760625 0.115 0.76125 0.115833 0.761875 0.115 0.764375 0.115 0.764375 0.1125 0.761875 0.1125 0.76125 0.111667 0.75875 0.111667
0 0.57 0.094167 0.569375 0.095 0.56875 0.095 0.568125 0.095833 0.566875 0.095833 0.56625 0.096667 0.565625 0.096667 0.565 0.0975 0.56375 0.0975 0.563125 0.098333 0.5625 0.098333 0.561875 0.099167 0.560625 0.099167 0.560625 0.1 0.56 0.100833 0.561875 0.100833 0.5625 0.101667 0.564375 0.101667 0.565 0.1025 0.565625 0.101667 0.56625 0.101667 0.566875 0.100833 0.5675 0.100833 0.56875 0.099167 0.569375 0.099167 0.57 0.098333 0.570625 0.098333 0.57125 0.0975 0.571875 0.0975 0.570625 0.095833 0.570625 0.095
0 0.58375 0.076667 0.583125 0.0775 0.583125 0.078333 0.5825 0.079167 0.58875 0.079167 0.588125 0.078333 0.5875 0.078333 0.58625 0.076667
1 0.24875 0.935833 0.24875 0.944167 0.249375 0.944167 0.25 0.945 0.250625 0.945 0.25125 0.945833 0.251875 0.945833 0.2525 0.946667 0.253125 0.946667 0.25375 0.9475 0.254375 0.9475 0.255 0.948333 0.255625 0.948333 0.25625 0.949167 0.256875 0.949167 0.2575 0.95 0.258125 0.95 0.25875 0.950833 0.278125 0.950833 0.27875 0.951667 0.298125 0.951667 0.29875 0.9525 0.29875 0.95 0.299375 0.949167 0.299375 0.9475 0.26125 0.9475 0.260625 0.946667 0.26 0.946667 0.25875 0.945 0.258125 0.945 0.256875 0.943333 0.25625 0.943333 0.254375 0.940833 0.25375 0.940833 0.2525 0.939167 0.251875 0.939167 0.250625 0.9375 0.25 0.9375
1 0.759375 0.925 0.75875 0.925833 0.758125 0.925833 0.7575 0.926667 0.756875 0.926667 0.75625 0.9275 0.755 0.9275 0.754375 0.928333 0.75375 0.928333 0.753125 0.929167 0.7525 0.929167 0.751875 0.93 0.75125 0.93 0.750625 0.930833 0.749375 0.930833 0.74875 0.931667 0.748125 0.931667 0.7475 0.9325 0.746875 0.9325 0.74625 0.933333 0.745625 0.933333 0.745 0.934167 0.744375 0.934167 0.74375 0.935 0.7425 0.935 0.741875 0.935833 0.74125 0.935833 0.740625 0.936667 0.74 0.936667 0.739375 0.9375 0.73875 0.9375 0.738125 0.938333 0.7375 0.938333 0.736875 0.939167 0.735625 0.939167 0.735 0.94 0.734375 0.94 0.73375 0.940833 0.733125 0.940833 0.7325 0.941667 0.731875 0.941667 0.73125 0.9425 0.73 0.9425 0.729375 0.943333 0.72875 0.943333 0.728125 0.944167 0.7275 0.944167 0.726875 0.945 0.72625 0.945 0.725625 0.945833 0.725 0.945833 0.724375 0.946667 0.723125 0.946667 0.7225 0.9475 0.721875 0.9475 0.72125 0.948333 0.720625 0.948333 0.72 0.949167 0.719375 0.949167 0.71875 0.95 0.7175 0.95 0.716875 0.950833 0.71625 0.950833 0.715625 0.951667 0.715 0.951667 0.715625 0.9525 0.715625 0.953333 0.71625 0.954167 0.71625 0.955 0.716875 0.955833 0.7175 0.955 0.718125 0.955 0.71875 0.954167 0.719375 0.954167 0.72 0.953333 0.720625 0.953333 0.72125 0.9525 0.721875 0.9525 0.7225 0.951667 0.72375 0.951667 0.724375 0.950833 0.725 0.950833 0.725625 0.95 0.72625 0.95 0.726875 0.949167 0.7275 0.949167 0.728125 0.948333 0.72875 0.948333 0.729375 0.9475 0.73 0.9475 0.730625 0.946667 0.73125 0.946667 0.731875 0.945833 0.7325 0.945833 0.733125 0.945 0.734375 0.945 0.735 0.944167 0.735625 0.944167 0.73625 0.943333 0.736875 0.943333 0.7375 0.9425 0.738125 0.9425 0.73875 0.941667 0.739375 0.941667 0.74 0.940833 0.740625 0.940833 0.74125 0.94 0.741875 0.94 0.7425 0.939167 0.743125 0.939167 0.74375 0.938333 0.745 0.938333 0.745625 0.9375 0.74625 0.9375 0.746875 0.936667 0.7475 0.936667 0.748125 0.935833 0.74875 0.935833 0.749375 0.935 0.75 0.935 0.750625 0.934167 0.75125 0.934167 0.751875 0.933333 0.7525 0.933333 0.753125 0.9325 0.75375 0.9325 0.754375 0.931667 0.755625 0.931667 0.75625 0.930833 0.756875 0.930833 0.7575 0.93 0.758125 0.93 0.75875 0.929167 0.759375 0.929167 0.76 0.928333 0.760625 0.928333 0.76 0.9275 0.76 0.926667 0.759375 0.925833
1 0.376875 0.87 0.37625 0.870833 0.375625 0.870833 0.375 0.871667 0.37375 0.871667 0.373125 0.8725 0.3725 0.8725 0.371875 0.873333 0.370625 0.873333 0.37 0.874167 0.369375 0.874167 0.368125 0.875833 0.3675 0.875833 0.36625 0.8775 0.365625 0.8775 0.364375 0.879167 0.36375 0.879167 0.363125 0.88 0.3625 0.88 0.36125 0.881667 0.360625 0.881667 0.359375 0.883333 0.35875 0.883333 0.3575 0.885 0.356875 0.885 0.35625 0.885833 0.355625 0.885833 0.354375 0.8875 0.35375 0.8875 0.3525 0.889167 0.351875 0.889167 0.350625 0.890833 0.35 0.890833 0.349375 0.891667 0.34875 0.891667 0.3475 0.893333 0.346875 0.893333 0.34625 0.894167 0.345625 0.894167 0.344375 0.895833 0.34375 0.895833 0.343125 0.896667 0.3425 0.896667 0.34125 0.898333 0.340625 0.898333 0.34 0.899167 0.339375 0.899167 0.338125 0.900833 0.3375 0.900833 0.336875 0.901667 0.33625 0.901667 0.335 0.903333 0.334375 0.903333 0.33375 0.904167 0.333125 0.904167 0.331875 0.905833 0.33125 0.905833 0.330625 0.906667 0.33 0.906667 0.32875 0.908333 0.328125 0.908333 0.3275 0.909167 0.326875 0.909167 0.325625 0.910833 0.325 0.910833 0.324375 0.911667 0.32375 0.911667 0.3225 0.913333 0.321875 0.913333 0.32125 0.914167 0.320625 0.914167 0.319375 0.915833 0.31875 0.915833 0.318125 0.916667 0.3175 0.916667 0.31625 0.918333 0.315625 0.918333 0.315625 0.919167 0.315 0.92 0.315 0.9225 0.314375 0.923333 0.314375 0.925833 0.31375 0.926667 0.31375 0.9275 0.316875 0.9275 0.3175 0.928333 0.3175 0.926667 0.318125 0.925833 0.318125 0.924167 0.31875 0.923333 0.32 0.923333 0.320625 0.9225 0.3225 0.9225 0.33 0.9125 0.33 0.911667 0.331875 0.909167 0.336875 0.909167 0.339375 0.905833 0.34 0.905833 0.341875 0.903333 0.343125 0.903333 0.34375 0.9025 0.345 0.9025 0.345625 0.901667 0.34625 0.901667 0.346875 0.900833 0.348125 0.900833 0.34875 0.9 0.35 0.9 0.350625 0.899167 0.351875 0.899167 0.353125 0.8975 0.35375 0.8975 0.355625 0.895 0.35625 0.895 0.3575 0.893333 0.358125 0.893333 0.36 0.890833 0.360625 0.890833 0.3625 0.888333 0.363125 0.888333 0.364375 0.886667 0.365 0.886667 0.36625 0.885 0.36625 0.884167 0.366875 0.883333 0.366875 0.8825 0.368125 0.880833 0.368125 0.88 0.36875 0.879167 0.36875 0.878333 0.37 0.876667 0.370625 0.876667 0.37125 0.875833 0.3725 0.875833 0.373125 0.875 0.37375 0.875 0.374375 0.874167 0.375625 0.874167 0.37625 0.873333 0.376875 0.873333
1 0.14875 0.83 0.1475 0.831667 0.1475 0.8325 0.144375 0.836667 0.144375 0.8375 0.14125 0.841667 0.14125 0.8425 0.14 0.844167 0.1425 0.8475 0.143125 0.846667 0.143125 0.845833 0.145 0.843333 0.145 0.8425 0.14625 0.840833 0.14625 0.84 0.1475 0.838333 0.1475 0.8375 0.149375 0.835 0.149375 0.834167 0.15 0.833333 0.149375 0.8325 0.149375 0.831667 0.14875 0.830833
1 0.138125 0.788333 0.13625 0.790833 0.1375 0.790833 0.138125 0.791667 0.139375 0.791667 0.14 0.7925 0.14125 0.7925 0.141875 0.793333 0.143125 0.793333 0.14375 0.794167 0.145 0.794167 0.145625 0.795 0.14625 0.795 0.146875 0.795833 0.148125 0.795833 0.14875 0.796667 0.15 0.796667 0.150625 0.7975 0.151875 0.7975 0.1525 0.798333 0.15375 0.798333 0.154375 0.799167 0.15625 0.796667 0.155 0.796667 0.154375 0.795833 0.153125 0.795833 0.1525 0.795 0.15125 0.795 0.150625 0.794167 0.149375 0.794167 0.14875 0.793333 0.1475 0.793333 0.146875 0.7925 0.14625 0.7925 0.145625 0.791667 0.144375 0.791667 0.14375 0.790833 0.1425 0.790833 0.141875 0.79 0.140625 0.79 0.14 0.789167 0.13875 0.789167
1 0.156875 0.7575 0.156875 0.758333 0.1575 0.759167 0.1575 0.76 0.190625 0.76 0.19125 0.760833 0.19125 0.76 0.191875 0.759167 0.191875 0.758333 0.1925 0.7575
1 0.095 0.716667 0.094375 0.7175 0.088125 0.7175 0.0875 0.718333 0.081875 0.718333 0.08125 0.719167 0.075 0.719167 0.074375 0.72 0.068125 0.72 0.068125 0.7225 0.06875 0.721667 0.080625 0.721667 0.08125 0.720833 0.09375 0.720833 0.09375 0.72 0.094375 0.719167 0.094375 0.718333 0.095 0.7175
1 0.15625 0.710833 0.153125 0.715 0.1525 0.715 0.1475 0.721667 0.146875 0.721667 0.145 0.724167 0.141875 0.724167 0.14125 0.723333 0.1375 0.723333 0.136875 0.7225 0.13375 0.7225 0.133125 0.721667 0.13 0.721667 0.129375 0.720833 0.12625 0.720833 0.125625 0.72 0.121875 0.72 0.12125 0.719167 0.118125 0.719167 0.1175 0.718333 0.1175 0.721667 0.116875 0.7225 0.116875 0.724167 0.11625 0.725 0.114375 0.725 0.11375 0.724167 0.11375 0.725833 0.113125 0.726667 0.113125 0.728333 0.11375 0.728333 0.114375 0.729167 0.115625 0.729167 0.11625 0.73 0.116875 0.73 0.1175 0.730833 0.115625 0.733333 0.115 0.733333 0.114375 0.734167 0.11375 0.734167 0.1125 0.7325 0.111875 0.7325 0.110625 0.730833 0.11 0.730833 0.10875 0.729167 0.10625 0.729167 0.105625 0.728333 0.10375 0.728333 0.103125 0.7275 0.1 0.7275 0.099375 0.726667 0.09625 0.726667 0.095625 0.725833 0.0925 0.725833 0.091875 0.725 0.091875 0.725833 0.09125 0.726667 0.09125 0.7275 0.090625 0.728333 0.090625 0.729167 0.0925 0.729167 0.093125 0.73 0.095625 0.73 0.09625 0.730833 0.098125 0.730833 0.09875 0.731667 0.100625 0.731667 0.10125 0.7325 0.10125 0.734167 0.100625 0.735 0.100625 0.735833 0.1 0.736667 0.085625 0.736667 0.085 0.7375 0.084375 0.7375 0.08375 0.738333 0.083125 0.738333 0.0825 0.739167 0.081875 0.739167 0.080625 0.740833 0.08 0.740833 0.079375 0.741667 0.07875 0.741667 0.078125 0.7425 0.0775 0.7425 0.076875 0.743333 0.06875 0.743333 0.06375 0.75 0.06375 0.751667 0.064375 0.7525 0.064375 0.756667 0.065 0.7575 0.065 0.76 0.06375 0.761667 0.06375 0.7625 0.06125 0.765833 0.06125 0.766667 0.05875 0.77 0.05875 0.770833 0.056875 0.773333 0.056875 0.774167 0.054375 0.7775 0.054375 0.778333 0.051875 0.781667 0.051875 0.7825 0.049375 0.785833 0.049375 0.786667 0.048125 0.788333 0.048125 0.789167 0.04875 0.79 0.04875 0.7925 0.049375 0.793333 0.049375 0.794167 0.05125 0.791667 0.051875 0.791667 0.055 0.7875 0.055625 0.7875 0.05625 0.786667 0.056875 0.786667 0.0575 0.7875 0.0575 0.788333 0.058125 0.789167 0.058125 0.79 0.05875 0.789167 0.06 0.789167 0.060625 0.788333 0.061875 0.788333 0.061875 0.773333 0.063125 0.771667 0.063125 0.770833 0.065 0.768333 0.065 0.7675 0.066875 0.765 0.066875 0.764167 0.068125 0.7625 0.06875 0.763333 0.06875 0.764167 0.069375 0.765 0.069375 0.765833 0.070625 0.7675 0.070625 0.768333 0.07125 0.769167 0.07125 0.77 0.071875 0.770833 0.071875 0.771667 0.0725 0.7725 0.0725 0.775 0.073125 0.775833 0.073125 0.778333 0.07375 0.779167 0.07375 0.780833 0.074375 0.781667 0.074375 0.784167 0.075 0.785 0.075 0.7875 0.075625 0.788333 0.075625 0.789167 0.07625 0.79 0.07625 0.790833 0.076875 0.791667 0.076875 0.7925 0.0775 0.793333 0.0775 0.794167 0.078125 0.795 0.078125 0.795833 0.07875 0.796667 0.07875 0.7975 0.079375 0.798333 0.079375 0.801667 0.08 0.8025 0.08 0.808333 0.080625 0.809167 0.080625 0.815833 0.08125 0.816667 0.08125 0.8225 0.081875 0.823333 0.081875 0.829167 0.0825 0.83 0.0825 0.836667 0.083125 0.8375 0.083125 0.843333 0.08375 0.844167 0.08375 0.85 0.083125 0.850833 0.0825 0.850833 0.081875 0.851667 0.080625 0.851667 0.08 0.8525 0.079375 0.8525 0.07875 0.853333 0.078125 0.853333 0.0775 0.854167 0.07625 0.854167 0.075625 0.855 0.075 0.855 0.074375 0.855833 0.073125 0.855833 0.0725 0.856667 0.071875 0.856667 0.07125 0.8575 0.070625 0.8575 0.07 0.858333 0.06875 0.858333 0.068125 0.859167 0.0675 0.859167 0.06875 0.860833 0.06875 0.861667 0.069375 0.8625 0.07 0.861667 0.070625 0.861667 0.07125 0.860833 0.071875 0.860833 0.0725 0.86 0.07375 0.86 0.074375 0.859167 0.075 0.859167 0.075625 0.858333 0.07625 0.858333 0.076875 0.8575 0.0775 0.8575 0.078125 0.856667 0.079375 0.856667 0.08 0.855833 0.080625 0.855833 0.08125 0.855 0.081875 0.855 0.0825 0.854167 0.083125 0.854167 0.08375 0.853333 0.084375 0.853333 0.085 0.8525 0.08625 0.8525 0.086875 0.851667 0.0875 0.851667 0.088125 0.850833 0.08875 0.850833 0.089375 0.85 0.09 0.85 0.090625 0.849167 0.09125 0.849167 0.091875 0.848333 0.093125 0.848333 0.09375 0.8475 0.094375 0.8475 0.095 0.846667 0.095625 0.846667 0.09625 0.845833 0.096875 0.845833 0.0975 0.845 0.09875 0.845 0.099375 0.844167 0.1 0.844167 0.100625 0.843333 0.10125 0.843333 0.101875 0.8425 0.1025 0.8425 0.103125 0.841667 0.10375 0.841667 0.104375 0.840833 0.105625 0.840833 0.10625 0.84 0.106875 0.84 0.1075 0.839167 0.108125 0.839167 0.10875 0.838333 0.109375 0.838333 0.11 0.8375 0.110625 0.8375 0.11125 0.836667 0.1125 0.836667 0.113125 0.835833 0.11375 0.835833 0.114375 0.835 0.115 0.835 0.115625 0.834167 0.11625 0.834167 0.116875 0.833333 0.118125 0.833333 0.11875 0.8325 0.119375 0.8325 0.12 0.831667 0.120625 0.831667 0.118125 0.828333 0.1175 0.829167 0.116875 0.829167 0.11625 0.83 0.115625 0.83 0.115 0.830833 0.114375 0.830833 0.11375 0.831667 0.113125 0.831667 0.1125 0.8325 0.111875 0.8325 0.11125 0.833333 0.110625 0.833333 0.11 0.834167 0.109375 0.834167 0.10875 0.835 0.108125 0.835 0.1075 0.835833 0.106875 0.835833 0.10625 0.836667 0.105625 0.836667 0.105 0.8375 0.104375 0.8375 0.10375 0.838333 0.103125 0.838333 0.1025 0.839167 0.101875 0.839167 0.10125 0.84 0.100625 0.84 0.1 0.840833 0.099375 0.840833 0.09875 0.841667 0.098125 0.840833 0.098125 0.8175 0.09875 0.816667 0.09875 0.813333 0.099375 0.8125 0.099375 0.809167 0.1 0.808333 0.1 0.805833 0.099375 0.805 0.099375 0.803333 0.09875 0.8025 0.09875 0.801667 0.098125 0.800833 0.098125 0.799167 0.0975 0.798333 0.0975 0.796667 0.096875 0.795833 0.096875 0.794167 0.09625 0.793333 0.09625 0.7925 0.095625 0.791667 0.095625 0.79 0.095 0.789167 0.095 0.7875 0.094375 0.786667 0.094375 0.785833 0.09375 0.785 0.09375 0.784167 0.093125 0.783333 0.093125 0.7825 0.0925 0.781667 0.0925 0.780833 0.091875 0.78 0.091875 0.778333 0.09125 0.7775 0.09125 0.775 0.090625 0.774167 0.090625 0.771667 0.09 0.770833 0.09 0.768333 0.089375 0.7675 0.089375 0.765 0.08875 0.764167 0.08875 0.761667 0.088125 0.760833 0.088125 0.76 0.08875 0.759167 0.091875 0.759167 0.091875 0.751667 0.0925 0.750833 0.0925 0.75 0.093125 0.749167 0.093125 0.748333 0.09375 0.7475 0.09375 0.746667 0.0925 0.745 0.091875 0.745 0.09 0.7425 0.09 0.740833 0.090625 0.74 0.0975 0.74 0.098125 0.740833 0.105 0.740833 0.105625 0.741667 0.10625 0.741667 0.106875 0.7425 0.1075 0.7425 0.108125 0.743333 0.109375 0.743333 0.11 0.744167 0.110625 0.744167 0.11125 0.745 0.111875 0.745 0.1125 0.745833 0.113125 0.745833 0.11375 0.746667 0.115 0.746667 0.115625 0.7475 0.11625 0.7475 0.116875 0.748333 0.1175 0.748333 0.118125 0.749167 0.11875 0.748333 0.12 0.748333 0.120625 0.7475 0.121875 0.7475 0.1225 0.748333 0.123125 0.748333 0.125 0.750833 0.125625 0.750833 0.128125 0.754167 0.12875 0.754167 0.13 0.755833 0.13 0.756667 0.130625 0.7575 0.130625 0.759167 0.13125 0.76 0.13125 0.761667 0.131875 0.7625 0.131875 0.763333 0.135 0.763333 0.135625 0.764167 0.139375 0.764167 0.14 0.765 0.143125 0.765 0.14375 0.765833 0.14375 0.765 0.143125 0.764167 0.143125 0.7625 0.1425 0.7625 0.141875 0.761667 0.140625 0.761667 0.14 0.760833 0.139375 0.760833 0.13875 0.76 0.138125 0.76 0.1375 0.759167 0.13625 0.759167 0.135625 0.758333 0.135 0.758333 0.134375 0.7575 0.134375 0.756667 0.13375 0.755833 0.13375 0.755 0.133125 0.754167 0.133125 0.751667 0.1325 0.750833 0.1325 0.75 0.130625 0.7475 0.130625 0.746667 0.12875 0.744167 0.12875 0.743333 0.129375 0.7425 0.13 0.743333 0.13125 0.743333 0.131875 0.744167 0.131875 0.743333 0.1325 0.7425 0.1325 0.741667 0.13125 0.74 0.131875 0.739167 0.133125 0.739167 0.13375 0.738333 0.135 0.738333 0.135625 0.7375 0.136875 0.7375 0.13625 0.736667 0.135625 0.736667 0.134375 0.735 0.13375 0.735 0.133125 0.734167 0.131875 0.734167 0.13125 0.733333 0.130625 0.733333 0.13 0.7325 0.12875 0.7325 0.128125 0.731667 0.1275 0.731667 0.126875 0.730833 0.126875 0.73 0.1275 0.729167 0.1275 0.728333 0.128125 0.7275 0.128125 0.726667 0.129375 0.725 0.13875 0.725 0.139375 0.725833 0.139375 0.728333 0.13875 0.729167 0.13875 0.730833 0.139375 0.73 0.146875 0.73 0.1475 0.729167 0.154375 0.729167 0.155 0.728333 0.1625 0.728333 0.163125 0.7275 0.170625 0.7275 0.170625 0.725833 0.17125 0.725 0.17125 0.723333 0.170625 0.724167 0.166875 0.724167 0.16625 0.725 0.161875 0.725 0.16125 0.725833 0.1575 0.725833 0.156875 0.726667 0.1525 0.726667 0.151875 0.7275 0.14875 0.7275 0.1475 0.725833 0.1475 0.725 0.1525 0.718333 0.153125 0.718333 0.1575 0.7125
1 0.021875 0.681667 0.02125 0.6825 0.020625 0.6825 0.019375 0.684167 0.01875 0.684167 0.016875 0.686667 0.01625 0.686667 0.015 0.688333 0.014375 0.688333 0.0125 0.690833 0.011875 0.690833 0.010625 0.6925 0.01 0.6925 0.008125 0.695 0.0075 0.695 0.00625 0.696667 0.005625 0.696667 0.00375 0.699167 0.003125 0.699167 0.001875 0.700833 0.00125 0.700833 0.0 0.7025 0.0 0.705 0.000625 0.704167 0.00125 0.704167 0.003125 0.701667 0.00375 0.701667 0.005 0.7 0.005625 0.7 0.0075 0.6975 0.008125 0.6975 0.01 0.695 0.010625 0.695 0.0125 0.6925 0.013125 0.6925 0.015 0.69 0.015625 0.69 0.0175 0.6875 0.018125 0.6875 0.019375 0.685833 0.02 0.685833 0.021875 0.683333 0.0225 0.683333 0.023125 0.6825 0.0225 0.681667
1 0.010625 0.620833 0.005625 0.6275 0.005625 0.628333 0.0 0.635833 0.0 0.655 0.004375 0.649167 0.004375 0.648333 0.01375 0.635833 0.01375 0.635 0.01875 0.628333 0.018125 0.628333 0.0175 0.6275 0.016875 0.6275 0.01625 0.626667 0.015 0.626667 0.014375 0.625833 0.01375 0.625833 0.013125 0.625 0.0125 0.625 0.01125 0.623333 0.01125 0.6225 0.010625 0.621667
1 0.116875 0.533333 0.11625 0.534167 0.113125 0.534167 0.1125 0.535 0.10875 0.535 0.108125 0.535833 0.105 0.535833 0.104375 0.536667 0.100625 0.536667 0.1 0.5375 0.09375 0.5375 0.093125 0.536667 0.09 0.536667 0.089375 0.535833 0.086875 0.535833 0.08625 0.535 0.083125 0.535 0.0825 0.534167 0.0825 0.538333 0.085 0.538333 0.085625 0.539167 0.088125 0.539167 0.08875 0.54 0.09125 0.54 0.091875 0.540833 0.094375 0.540833 0.095 0.541667 0.0975 0.541667 0.098125 0.5425 0.09875 0.541667 0.1025 0.541667 0.103125 0.540833 0.1075 0.540833 0.108125 0.54 0.111875 0.54 0.1125 0.539167 0.116875 0.539167 0.1175 0.538333 0.1225 0.538333 0.123125 0.539167 0.12375 0.539167 0.124375 0.54 0.125625 0.538333 0.12625 0.538333 0.126875 0.5375 0.12625 0.536667 0.125625 0.536667 0.12375 0.534167 0.1175 0.534167
1 0.32625 0.5125 0.325625 0.513333 0.283125 0.513333 0.2825 0.514167 0.27125 0.514167 0.270625 0.515 0.26 0.515 0.259375 0.515833 0.248125 0.515833 0.2475 0.516667 0.243125 0.516667 0.2425 0.5175 0.23875 0.5175 0.238125 0.518333 0.23375 0.518333 0.233125 0.519167 0.22875 0.519167 0.228125 0.52 0.22375 0.52 0.223125 0.520833 0.219375 0.520833 0.21875 0.521667 0.214375 0.521667 0.21375 0.5225 0.209375 0.5225 0.209375 0.524167 0.20875 0.525 0.20875 0.525833 0.209375 0.525 0.213125 0.525 0.21375 0.524167 0.218125 0.524167 0.21875 0.523333 0.2225 0.523333 0.223125 0.5225 0.2275 0.5225 0.228125 0.521667 0.233125 0.521667 0.23375 0.520833 0.239375 0.520833 0.24 0.52 0.245 0.52 0.245625 0.519167 0.25125 0.519167 0.251875 0.518333 0.256875 0.518333 0.2575 0.5175 0.263125 0.5175 0.26375 0.516667 0.26875 0.516667 0.269375 0.515833 0.28 0.515833 0.280625 0.515 0.314375 0.515 0.315 0.515833 0.3375 0.515833 0.338125 0.516667 0.338125 0.513333 0.326875 0.513333
1 0.133125 0.488333 0.130625 0.491667 0.130625 0.4925 0.1275 0.496667 0.129375 0.496667 0.13 0.4975 0.13125 0.4975 0.131875 0.498333 0.13375 0.498333 0.13625 0.501667 0.13625 0.5025 0.1375 0.504167 0.138125 0.503333 0.139375 0.503333 0.14 0.5025 0.140625 0.5025 0.14125 0.501667 0.1425 0.501667 0.143125 0.500833 0.14375 0.500833 0.144375 0.5 0.145625 0.5 0.145625 0.498333 0.14625 0.4975 0.14625 0.494167 0.146875 0.493333 0.146875 0.491667 0.14625 0.491667 0.145625 0.490833 0.144375 0.490833 0.14375 0.49 0.143125 0.49 0.1425 0.489167 0.141875 0.489167 0.14125 0.488333
1 0.060625 0.4775 0.060625 0.478333 0.06 0.479167 0.06 0.481667 0.059375 0.4825 0.059375 0.483333 0.05875 0.484167 0.0575 0.484167 0.056875 0.485 0.055625 0.485 0.055 0.485833 0.053125 0.485833 0.0525 0.486667 0.05125 0.486667 0.050625 0.4875 0.041875 0.4875 0.04125 0.486667 0.03375 0.486667 0.033125 0.485833 0.025625 0.485833 0.025 0.485 0.02 0.485 0.019375 0.485833 0.019375 0.486667 0.01875 0.4875 0.01875 0.488333 0.018125 0.489167 0.018125 0.49 0.0175 0.490833 0.0175 0.491667 0.016875 0.4925 0.016875 0.501667 0.0175 0.500833 0.019375 0.500833 0.019375 0.5 0.02 0.499167 0.02 0.498333 0.020625 0.4975 0.020625 0.495833 0.02125 0.495 0.02125 0.494167 0.021875 0.493333 0.021875 0.4925 0.0225 0.491667 0.0225 0.490833 0.023125 0.49 0.03625 0.49 0.036875 0.490833 0.039375 0.490833 0.04 0.491667 0.041875 0.491667 0.0425 0.4925 0.045 0.4925 0.045625 0.493333 0.0475 0.493333 0.048125 0.494167 0.0475 0.495 0.04625 0.495 0.045625 0.495833 0.045 0.495833 0.044375 0.496667 0.043125 0.496667 0.0425 0.4975 0.04125 0.4975 0.04125 0.498333 0.041875 0.499167 0.041875 0.500833 0.0425 0.5 0.04375 0.5 0.044375 0.499167 0.045625 0.499167 0.04625 0.498333 0.046875 0.498333 0.0475 0.4975 0.04875 0.4975 0.049375 0.496667 0.050625 0.496667 0.05125 0.495833 0.0525 0.495833 0.05375 0.494167 0.05375 0.493333 0.055 0.491667 0.0625 0.491667 0.065 0.488333 0.065625 0.488333 0.0675 0.485833 0.069375 0.488333 0.07 0.4875 0.07 0.486667 0.070625 0.485833 0.0675 0.481667 0.0675 0.48 0.068125 0.479167 0.068125 0.478333 0.06125 0.478333
1 0.05625 0.439167 0.05625 0.445833 0.056875 0.445 0.0625 0.445 0.063125 0.444167 0.068125 0.444167 0.06875 0.443333 0.074375 0.443333 0.075 0.4425 0.08 0.4425 0.080625 0.441667 0.08625 0.441667 0.086875 0.440833 0.086875 0.44 0.0875 0.439167
1 0.193125 0.374167 0.1925 0.375 0.1925 0.375833 0.19125 0.3775 0.19125 0.379167 0.190625 0.38 0.190625 0.3825 0.19 0.383333 0.19 0.385 0.189375 0.385833 0.18875 0.385833 0.188125 0.386667 0.1875 0.386667 0.186875 0.3875 0.18625 0.3875 0.185625 0.388333 0.184375 0.388333 0.183125 0.386667 0.1825 0.386667 0.18125 0.385 0.180625 0.385 0.179375 0.383333 0.17875 0.383333 0.178125 0.3825 0.1775 0.3825 0.176875 0.381667 0.17625 0.381667 0.175625 0.380833 0.175 0.380833 0.174375 0.38 0.17375 0.380833 0.165625 0.380833 0.165 0.38 0.16375 0.381667 0.163125 0.381667 0.161875 0.383333 0.16125 0.383333 0.160625 0.384167 0.16125 0.385 0.16125 0.385833 0.161875 0.386667 0.161875 0.3875 0.163125 0.389167 0.163125 0.39 0.16375 0.390833 0.16375 0.391667 0.164375 0.3925 0.164375 0.394167 0.16375 0.395 0.16375 0.396667 0.164375 0.3975 0.165 0.3975 0.16625 0.399167 0.16625 0.4 0.166875 0.400833 0.166875 0.401667 0.1675 0.4025 0.1675 0.404167 0.168125 0.405 0.168125 0.4125 0.169375 0.414167 0.169375 0.415 0.17 0.415833 0.17 0.416667 0.170625 0.4175 0.170625 0.418333 0.17125 0.419167 0.17125 0.42 0.171875 0.420833 0.171875 0.421667 0.1725 0.4225 0.1725 0.423333 0.173125 0.424167 0.173125 0.425 0.17375 0.425833 0.17375 0.426667 0.174375 0.4275 0.174375 0.43 0.175 0.430833 0.175 0.433333 0.175625 0.434167 0.175625 0.436667 0.17625 0.4375 0.17625 0.438333 0.176875 0.439167 0.176875 0.44 0.1775 0.440833 0.178125 0.440833 0.179375 0.4425 0.188125 0.4425 0.18875 0.443333 0.19 0.441667 0.190625 0.441667 0.19125 0.440833 0.195 0.445833 0.195625 0.445833 0.2 0.451667 0.199375 0.4525 0.194375 0.4525 0.19375 0.453333 0.193125 0.453333 0.1925 0.454167 0.191875 0.454167 0.19125 0.455 0.190625 0.455 0.190625 0.4575 0.19 0.458333 0.19 0.46 0.201875 0.46 0.20375 0.4575 0.20375 0.455833 0.204375 0.455 0.204375 0.454167 0.198125 0.445833 0.198125 0.445 0.1925 0.4375 0.193125 0.436667 0.19625 0.436667 0.196875 0.435833 0.199375 0.435833 0.2 0.435 0.203125 0.435 0.203125 0.43 0.2025 0.429167 0.2025 0.428333 0.201875 0.4275 0.201875 0.426667 0.20125 0.425833 0.20125 0.425 0.201875 0.424167 0.2025 0.424167 0.203125 0.423333 0.20375 0.423333 0.203125 0.4225 0.203125 0.421667 0.2025 0.420833 0.2025 0.42 0.20125 0.418333 0.20125 0.4175 0.200625 0.416667 0.200625 0.415833 0.2 0.415 0.200625 0.414167 0.201875 0.414167 0.2025 0.413333 0.205625 0.413333 0.20625 0.414167 0.2075 0.414167 0.208125 0.415 0.213125 0.415 0.21375 0.414167 0.21375 0.413333 0.214375 0.4125 0.214375 0.411667 0.215 0.410833 0.215 0.405 0.215625 0.404167 0.215625 0.401667 0.21625 0.400833 0.21625 0.399167 0.215625 0.398333 0.215625 0.3975 0.215 0.398333 0.211875 0.398333 0.21125 0.399167 0.208125 0.399167 0.2075 0.398333 0.2075 0.3975 0.20625 0.395833 0.20625 0.395 0.205 0.393333 0.204375 0.393333 0.2025 0.390833 0.201875 0.390833 0.200625 0.389167 0.2 0.389167 0.198125 0.386667 0.1975 0.386667 0.19625 0.385 0.19625 0.3825 0.196875 0.381667 0.196875 0.3775 0.1975 0.376667 0.1975 0.374167
1 0.30875 0.3175 0.308125 0.318333 0.308125 0.319167 0.30625 0.321667 0.30625 0.3225 0.30375 0.325833 0.30375 0.326667 0.30125 0.33 0.300625 0.33 0.29875 0.3325 0.298125 0.3325 0.296875 0.334167 0.29625 0.334167 0.295625 0.335 0.295 0.335 0.294375 0.335833 0.29375 0.335833 0.2925 0.3375 0.291875 0.3375 0.29125 0.338333 0.290625 0.338333 0.29 0.339167 0.289375 0.339167 0.28875 0.34 0.2875 0.34 0.286875 0.340833 0.28625 0.340833 0.285625 0.341667 0.284375 0.341667 0.28375 0.3425 0.283125 0.3425 0.2825 0.343333 0.2725 0.343333 0.271875 0.3425 0.270625 0.3425 0.27 0.341667 0.268125 0.341667 0.2675 0.340833 0.266875 0.340833 0.26625 0.34 0.265625 0.34 0.265 0.339167 0.264375 0.339167 0.26375 0.338333 0.263125 0.338333 0.2625 0.3375 0.261875 0.3375 0.26125 0.336667 0.2575 0.336667 0.2575 0.3375 0.256875 0.338333 0.256875 0.339167 0.259375 0.339167 0.26 0.34 0.261875 0.34 0.2625 0.340833 0.263125 0.340833 0.264375 0.3425 0.265 0.3425 0.26625 0.344167 0.266875 0.344167 0.268125 0.345833 0.26875 0.345833 0.269375 0.346667 0.26875 0.3475 0.26 0.3475 0.26 0.348333 0.260625 0.349167 0.260625 0.350833 0.278125 0.350833 0.27875 0.35 0.281875 0.35 0.2825 0.349167 0.285625 0.349167 0.28625 0.348333 0.29 0.348333 0.290625 0.3475 0.29375 0.3475 0.295 0.345833 0.295625 0.345833 0.296875 0.344167 0.2975 0.344167 0.29875 0.3425 0.299375 0.3425 0.300625 0.340833 0.30125 0.340833 0.3025 0.339167 0.303125 0.339167 0.306875 0.334167 0.306875 0.333333 0.314375 0.323333 0.314375 0.3225 0.318125 0.3175
1 0.7675 0.306667 0.765625 0.309167 0.765 0.309167 0.7625 0.3125 0.761875 0.3125 0.76125 0.313333 0.7625 0.313333 0.763125 0.314167 0.764375 0.314167 0.765 0.315 0.76625 0.315 0.766875 0.315833 0.768125 0.315833 0.76875 0.316667 0.77 0.316667 0.770625 0.3175 0.771875 0.3175 0.7725 0.318333 0.780625 0.318333 0.78125 0.319167 0.781875 0.318333 0.781875 0.3175 0.7825 0.316667 0.7825 0.315833 0.783125 0.315 0.783125 0.314167 0.78375 0.313333 0.78375 0.3125 0.784375 0.311667 0.784375 0.310833 0.785 0.31 0.785 0.309167 0.785625 0.308333 0.776875 0.308333 0.77625 0.3075 0.768125 0.3075
1 0.181875 0.275833 0.18125 0.276667 0.17875 0.276667 0.178125 0.2775 0.175625 0.2775 0.175 0.278333 0.1725 0.278333 0.171875 0.279167 0.16875 0.279167 0.168125 0.28 0.165625 0.28 0.165 0.280833 0.158125 0.280833 0.1575 0.28 0.153125 0.28 0.1525 0.279167 0.151875 0.28 0.149375 0.28 0.14875 0.280833 0.14625 0.280833 0.145625 0.281667 0.143125 0.281667 0.1425 0.2825 0.14 0.2825 0.139375 0.283333 0.13 0.283333 0.129375 0.284167 0.12 0.284167 0.119375 0.285 0.11 0.285 0.11 0.2875 0.133125 0.2875 0.13375 0.286667 0.145625 0.286667 0.14625 0.285833 0.158125 0.285833 0.15875 0.285 0.170625 0.285 0.17125 0.284167 0.183125 0.284167 0.18375 0.283333 0.184375 0.283333 0.185 0.2825 0.185625 0.2825 0.18625 0.281667 0.204375 0.281667 0.205 0.2825 0.2225 0.2825 0.223125 0.283333 0.223125 0.279167 0.213125 0.279167 0.2125 0.278333 0.203125 0.278333 0.2025 0.2775 0.1925 0.2775 0.191875 0.276667 0.1825 0.276667
1 0.143125 0.255 0.1425 0.255833 0.14 0.255833 0.139375 0.256667 0.136875 0.256667 0.13625 0.2575 0.13125 0.2575 0.130625 0.258333 0.125625 0.258333 0.125 0.259167 0.118125 0.259167 0.1175 0.26 0.11 0.26 0.109375 0.260833 0.1025 0.260833 0.1025 0.264167 0.103125 0.263333 0.12875 0.263333 0.129375 0.2625 0.1325 0.2625 0.133125 0.261667 0.135625 0.261667 0.13625 0.260833 0.139375 0.260833 0.14 0.26 0.146875 0.26 0.146875 0.255
1 0.966875 0.2475 0.965625 0.249167 0.965 0.249167 0.964375 0.25 0.96375 0.25 0.963125 0.250833 0.9625 0.250833 0.96125 0.2525 0.960625 0.2525 0.96 0.253333 0.959375 0.253333 0.95875 0.254167 0.958125 0.254167 0.956875 0.255833 0.95625 0.255833 0.95625 0.256667 0.955625 0.2575 0.955625 0.258333 0.955 0.259167 0.955 0.26 0.954375 0.260833 0.954375 0.261667 0.95375 0.2625 0.95375 0.263333 0.953125 0.264167 0.953125 0.265 0.9525 0.265833 0.951875 0.265 0.93375 0.265 0.933125 0.264167 0.914375 0.264167 0.91375 0.263333 0.913125 0.263333 0.9125 0.2625 0.91125 0.2625 0.910625 0.261667 0.91 0.261667 0.909375 0.260833 0.908125 0.260833 0.9075 0.26 0.906875 0.26 0.90625 0.259167 0.905 0.259167 0.904375 0.258333 0.90375 0.258333 0.903125 0.2575 0.901875 0.2575 0.90125 0.256667 0.900625 0.256667 0.9 0.255833 0.89875 0.255833 0.898125 0.255 0.8675 0.255 0.866875 0.254167 0.831875 0.254167 0.83125 0.255 0.826875 0.255 0.82625 0.255833 0.821875 0.255833 0.82125 0.256667 0.816875 0.256667 0.81625 0.2575 0.811875 0.2575 0.81125 0.258333 0.806875 0.258333 0.80625 0.259167 0.78125 0.259167 0.780625 0.26 0.755625 0.26 0.755 0.260833 0.729375 0.260833 0.72875 0.261667 0.70375 0.261667 0.703125 0.2625 0.678125 0.2625 0.6775 0.263333 0.676875 0.2625 0.58625 0.2625 0.58625 0.263333 0.584375 0.265833 0.584375 0.266667 0.5825 0.269167 0.5825 0.27 0.581875 0.270833 0.5825 0.270833 0.583125 0.271667 0.58375 0.271667 0.584375 0.2725 0.585625 0.2725 0.58625 0.273333 0.586875 0.273333 0.5875 0.274167 0.72625 0.274167 0.726875 0.273333 0.75 0.273333 0.750625 0.2725 0.774375 0.2725 0.775 0.271667 0.79875 0.271667 0.799375 0.270833 0.8225 0.270833 0.823125 0.27 0.846875 0.27 0.8475 0.269167 0.848125 0.27 0.84875 0.27 0.849375 0.270833 0.85 0.270833 0.850625 0.271667 0.85125 0.271667 0.8525 0.273333 0.853125 0.273333 0.85375 0.274167 0.854375 0.274167 0.855 0.275 0.855625 0.275 0.85625 0.275833 0.856875 0.275833 0.8575 0.276667 0.858125 0.276667 0.859375 0.278333 0.86 0.278333 0.860625 0.279167 0.86125 0.279167 0.861875 0.28 0.8625 0.28 0.863125 0.280833 0.866875 0.280833 0.8675 0.281667 0.87125 0.281667 0.871875 0.2825 0.875625 0.2825 0.87625 0.283333 0.88 0.283333 0.880625 0.2825 0.88125 0.2825 0.883125 0.28 0.88375 0.28 0.885 0.278333 0.885625 0.279167 0.908125 0.279167 0.90875 0.28 0.93125 0.28 0.931875 0.280833 0.95375 0.280833 0.954375 0.281667 0.976875 0.281667 0.9775 0.2825 0.999375 0.2825 0.999375 0.2725 0.996875 0.2725 0.99625 0.271667 0.994375 0.271667 0.99375 0.270833 0.99125 0.270833 0.990625 0.27 0.988125 0.27 0.9875 0.269167 0.985625 0.269167 0.985 0.268333 0.9825 0.268333 0.981875 0.2675 0.98 0.2675 0.979375 0.266667 0.976875 0.266667 0.97625 0.265833 0.97375 0.265833 0.973125 0.265 0.97125 0.265 0.970625 0.264167 0.968125 0.264167 0.9675 0.263333 0.9675 0.259167 0.966875 0.258333 0.966875 0.254167 0.9675 0.253333 0.975625 0.253333 0.97625 0.2525 0.985 0.2525 0.985625 0.251667 0.99375 0.251667 0.99375 0.250833 0.993125 0.25 0.993125 0.249167 0.9925 0.248333 0.9925 0.2475
1 0.15 0.245 0.15 0.249167 0.150625 0.248333 0.181875 0.248333 0.181875 0.245833 0.150625 0.245833
1 0.895625 0.239167 0.895 0.24 0.895 0.240833 0.89375 0.2425 0.89625 0.2425 0.896875 0.243333 0.89875 0.243333 0.899375 0.244167 0.901875 0.244167 0.9025 0.245 0.904375 0.245 0.905 0.245833 0.9075 0.245833 0.908125 0.246667 0.90875 0.245833 0.918125 0.245833 0.915625 0.2425 0.915625 0.241667 0.91375 0.239167
1 0.729375 0.220833 0.72875 0.221667 0.7275 0.221667 0.726875 0.2225 0.72625 0.2225 0.725625 0.223333 0.724375 0.223333 0.72375 0.224167 0.7225 0.224167 0.721875 0.225 0.72125 0.225 0.720625 0.225833 0.719375 0.225833 0.7225 0.225833 0.723125 0.226667 0.72625 0.226667 0.726875 0.2275 0.730625 0.2275 0.73125 0.228333 0.734375 0.228333 0.735 0.229167 0.738125 0.229167 0.73875 0.23 0.73875 0.229167 0.739375 0.228333 0.739375 0.226667 0.74 0.225833 0.74 0.225 0.73875 0.225 0.738125 0.224167 0.73625 0.224167 0.735625 0.223333 0.734375 0.223333 0.73375 0.2225 0.731875 0.2225 0.73125 0.221667 0.73 0.221667
1 0.595625 0.211667 0.595 0.2125 0.58375 0.2125 0.583125 0.213333 0.57125 0.213333 0.570625 0.214167 0.559375 0.214167 0.55875 0.215 0.546875 0.215 0.54625 0.215833 0.535 0.215833 0.536875 0.218333 0.5375 0.2175 0.548125 0.2175 0.54875 0.216667 0.56 0.216667 0.560625 0.215833 0.57125 0.215833 0.571875 0.215 0.583125 0.215 0.58375 0.214167 0.594375 0.214167 0.595 0.213333 0.595 0.2125
1 0.82875 0.199167 0.828125 0.2 0.82 0.2 0.819375 0.200833 0.81125 0.200833 0.810625 0.201667 0.8025 0.201667 0.801875 0.2025 0.79375 0.2025 0.791875 0.205 0.791875 0.205833 0.78875 0.21 0.785625 0.21 0.785 0.210833 0.7825 0.210833 0.781875 0.211667 0.77875 0.211667 0.78 0.213333 0.78 0.214167 0.781875 0.216667 0.781875 0.2175 0.783125 0.219167 0.78375 0.218333 0.795625 0.218333 0.79625 0.2175 0.79625 0.216667 0.796875 0.215833 0.796875 0.215 0.7975 0.214167 0.7975 0.213333 0.798125 0.2125 0.798125 0.211667 0.799375 0.21 0.80375 0.21 0.804375 0.209167 0.8125 0.209167 0.813125 0.21 0.81625 0.21 0.816875 0.210833 0.82 0.210833 0.820625 0.211667 0.823125 0.211667 0.82375 0.2125 0.826875 0.2125 0.8275 0.213333 0.830625 0.213333 0.83125 0.214167 0.835 0.209167 0.833125 0.206667 0.833125 0.205833 0.83 0.201667 0.83 0.200833
1 0.8575 0.1925 0.856875 0.193333 0.85625 0.193333 0.855625 0.194167 0.855 0.194167 0.854375 0.195 0.85375 0.195 0.853125 0.195833 0.851875 0.195833 0.85125 0.196667 0.850625 0.196667 0.85 0.1975 0.849375 0.1975 0.84875 0.198333 0.848125 0.198333 0.8475 0.199167 0.846875 0.199167 0.84625 0.2 0.845625 0.2 0.845 0.200833 0.84375 0.200833 0.843125 0.201667 0.8425 0.201667 0.841875 0.2025 0.84125 0.2025 0.844375 0.2025 0.845 0.203333 0.84875 0.203333 0.849375 0.204167 0.8525 0.204167 0.853125 0.205 0.85375 0.204167 0.854375 0.204167 0.855 0.203333 0.855625 0.203333 0.85625 0.2025 0.856875 0.2025 0.8575 0.201667 0.858125 0.201667 0.85875 0.200833 0.86 0.200833 0.860625 0.2 0.86125 0.2 0.861875 0.199167 0.8625 0.199167 0.863125 0.198333 0.86375 0.198333 0.863125 0.1975 0.8625 0.1975 0.86125 0.195833 0.860625 0.195833 0.859375 0.194167 0.85875 0.194167
1 0.326875 0.181667 0.32625 0.1825 0.323125 0.1825 0.3225 0.183333 0.319375 0.183333 0.31875 0.184167 0.315625 0.184167 0.315 0.185 0.31125 0.185 0.310625 0.185833 0.3075 0.185833 0.306875 0.186667 0.30375 0.186667 0.304375 0.1875 0.304375 0.188333 0.305 0.1875 0.308125 0.1875 0.30875 0.186667 0.311875 0.186667 0.3125 0.185833 0.31625 0.185833 0.316875 0.185 0.319375 0.185 0.32 0.185833 0.31875 0.1875 0.31625 0.1875 0.315625 0.188333 0.313125 0.188333 0.3125 0.189167 0.310625 0.189167 0.31 0.19 0.3075 0.19 0.306875 0.190833 0.304375 0.190833 0.30375 0.191667 0.275 0.191667 0.27375 0.193333 0.273125 0.193333 0.305 0.193333 0.305625 0.1925 0.31 0.1925 0.310625 0.191667 0.315 0.191667 0.315625 0.190833 0.32 0.190833 0.320625 0.19 0.32125 0.19 0.321875 0.189167 0.3225 0.189167 0.323125 0.188333 0.32375 0.188333 0.324375 0.1875 0.325 0.1875 0.325625 0.186667 0.32625 0.186667 0.326875 0.185833 0.3275 0.185833 0.329375 0.183333 0.32875 0.183333 0.328125 0.1825 0.3275 0.1825
1 0.480625 0.1675 0.48 0.168333 0.46875 0.168333 0.468125 0.169167 0.45625 0.169167 0.455625 0.17 0.431875 0.17 0.431875 0.171667 0.4325 0.1725 0.4325 0.174167 0.43125 0.175833 0.430625 0.175833 0.429375 0.1775 0.42875 0.1775 0.425625 0.173333 0.425 0.174167 0.423125 0.174167 0.4225 0.175 0.420625 0.175 0.42 0.175833 0.418125 0.175833 0.4175 0.176667 0.41625 0.176667 0.415625 0.1775 0.41375 0.1775 0.413125 0.178333 0.41125 0.178333 0.410625 0.179167 0.40875 0.179167 0.41 0.180833 0.409375 0.181667 0.40125 0.181667 0.400625 0.1825 0.391875 0.1825 0.39125 0.183333 0.383125 0.183333 0.3825 0.184167 0.374375 0.184167 0.37375 0.185 0.365 0.185 0.364375 0.185833 0.35625 0.185833 0.35625 0.19 0.356875 0.189167 0.36375 0.189167 0.364375 0.188333 0.370625 0.188333 0.37125 0.1875 0.3775 0.1875 0.37875 0.189167 0.37875 0.191667 0.379375 0.1925 0.379375 0.193333 0.37875 0.194167 0.35625 0.194167 0.35625 0.195 0.356875 0.195833 0.356875 0.196667 0.3575 0.195833 0.385 0.195833 0.385 0.194167 0.384375 0.193333 0.384375 0.190833 0.38375 0.19 0.38375 0.188333 0.384375 0.1875 0.40375 0.1875 0.404375 0.188333 0.405 0.1875 0.409375 0.1875 0.41 0.186667 0.415 0.186667 0.41625 0.185 0.416875 0.185 0.4175 0.184167 0.424375 0.184167 0.424375 0.183333 0.425625 0.181667 0.4325 0.181667 0.4325 0.180833 0.433125 0.18 0.433125 0.179167 0.43375 0.178333 0.43375 0.1775 0.435 0.175833 0.439375 0.175833 0.44 0.175 0.445 0.175 0.445625 0.174167 0.45 0.174167 0.450625 0.173333 0.455 0.173333 0.455625 0.1725 0.460625 0.1725 0.46125 0.171667 0.465625 0.171667 0.46625 0.170833 0.470625 0.170833 0.47125 0.17 0.47625 0.17 0.476875 0.169167 0.48125 0.169167 0.480625 0.168333
1 0.305625 0.161667 0.305 0.1625 0.301875 0.1625 0.30125 0.163333 0.29875 0.163333 0.298125 0.164167 0.295 0.164167 0.295625 0.165 0.29625 0.165 0.29875 0.168333 0.299375 0.168333 0.30125 0.170833 0.300625 0.171667 0.279375 0.171667 0.279375 0.173333 0.28 0.174167 0.28 0.175833 0.280625 0.175 0.294375 0.175 0.295 0.174167 0.3 0.174167 0.300625 0.173333 0.30625 0.173333 0.30625 0.170833 0.304375 0.170833 0.3025 0.168333 0.3025 0.1675 0.30125 0.165833 0.301875 0.165 0.321875 0.165 0.321875 0.163333 0.3225 0.1625 0.3225 0.161667
1 0.0525 0.16 0.051875 0.160833 0.05125 0.160833 0.05 0.1625 0.049375 0.1625 0.04875 0.163333 0.048125 0.163333 0.046875 0.165 0.04125 0.165 0.040625 0.165833 0.04 0.165833 0.039375 0.166667 0.035625 0.166667 0.035 0.165833 0.033125 0.165833 0.0325 0.165 0.03 0.168333 0.03 0.169167 0.026875 0.173333 0.0275 0.1725 0.054375 0.1725 0.05625 0.175 0.055625 0.175833 0.045625 0.175833 0.045625 0.176667 0.045 0.1775 0.045 0.178333 0.045625 0.1775 0.051875 0.1775 0.0525 0.176667 0.058125 0.176667 0.05875 0.175833 0.065 0.175833 0.064375 0.175 0.064375 0.174167 0.060625 0.169167 0.06 0.169167 0.054375 0.161667 0.05375 0.161667
1 0.895 0.153333 0.89375 0.155 0.893125 0.155 0.9 0.164167 0.9 0.165 0.90625 0.173333 0.914375 0.173333 0.915 0.174167 0.914375 0.175 0.914375 0.175833 0.91375 0.176667 0.91375 0.1775 0.913125 0.178333 0.913125 0.179167 0.91 0.183333 0.904375 0.183333 0.90375 0.1825 0.90375 0.183333 0.903125 0.184167 0.903125 0.185833 0.9025 0.186667 0.9025 0.1875 0.901875 0.188333 0.90125 0.188333 0.900625 0.1875 0.9 0.1875 0.898125 0.185 0.89625 0.1875 0.895625 0.1875 0.893125 0.190833 0.8925 0.190833 0.89125 0.1925 0.889375 0.1925 0.88875 0.193333 0.885 0.193333 0.884375 0.1925 0.88375 0.1925 0.883125 0.191667 0.87875 0.191667 0.878125 0.190833 0.878125 0.193333 0.87875 0.193333 0.879375 0.194167 0.88 0.194167 0.88125 0.195833 0.881875 0.195833 0.8825 0.196667 0.883125 0.195833 0.888125 0.195833 0.88875 0.195 0.894375 0.195 0.895 0.194167 0.9 0.194167 0.900625 0.193333 0.90625 0.193333 0.906875 0.1925 0.946875 0.1925 0.94625 0.191667 0.94625 0.190833 0.945625 0.19 0.945625 0.189167 0.945 0.188333 0.945 0.1875 0.944375 0.186667 0.944375 0.185833 0.94375 0.185 0.94375 0.184167 0.944375 0.183333 0.945 0.183333 0.94625 0.181667 0.946875 0.181667 0.946875 0.180833 0.94625 0.18 0.94625 0.179167 0.945625 0.178333 0.945625 0.1775 0.945 0.176667 0.945 0.175833 0.944375 0.175 0.944375 0.174167 0.94375 0.173333 0.94375 0.1725 0.941875 0.1725 0.94 0.175 0.924375 0.175 0.923125 0.173333 0.923125 0.1725 0.9225 0.171667 0.923125 0.170833 0.929375 0.170833 0.92875 0.17 0.92875 0.169167 0.920625 0.169167 0.92 0.168333 0.92 0.1675 0.919375 0.166667 0.919375 0.165833 0.91875 0.165 0.91875 0.164167 0.9175 0.1625 0.9175 0.161667 0.916875 0.160833 0.916875 0.16 0.91625 0.159167 0.91625 0.158333 0.915625 0.1575 0.915 0.158333 0.913125 0.158333 0.91375 0.159167 0.91375 0.16 0.914375 0.160833 0.914375 0.161667 0.915 0.1625 0.915 0.163333 0.91625 0.165 0.91625 0.165833 0.916875 0.166667 0.916875 0.1675 0.9175 0.168333 0.9175 0.169167 0.918125 0.17 0.918125 0.170833 0.9175 0.171667 0.90875 0.171667
1 0.295625 0.1525 0.295 0.153333 0.290625 0.153333 0.29 0.154167 0.289375 0.154167 0.288125 0.155833 0.2875 0.155833 0.286875 0.156667 0.275 0.156667 0.275 0.159167 0.29 0.159167 0.289375 0.158333 0.289375 0.1575 0.28875 0.156667 0.289375 0.155833 0.29125 0.155833 0.291875 0.155 0.299375 0.155 0.3 0.155833 0.305 0.155833 0.305625 0.156667 0.310625 0.156667 0.31125 0.1575 0.31 0.155833 0.306875 0.155833 0.30625 0.155 0.303125 0.155 0.3025 0.154167 0.3 0.154167 0.299375 0.153333 0.29625 0.153333
1 0.3525 0.148333 0.351875 0.149167 0.351875 0.15 0.35 0.1525 0.35 0.153333 0.348125 0.155833 0.348125 0.156667 0.346875 0.158333 0.346875 0.159167 0.345 0.161667 0.345 0.1625 0.343125 0.165 0.343125 0.165833 0.34125 0.168333 0.34125 0.169167 0.340625 0.17 0.34375 0.17 0.345 0.168333 0.345 0.1675 0.3475 0.164167 0.3475 0.163333 0.349375 0.160833 0.349375 0.16 0.351875 0.156667 0.351875 0.155833 0.354375 0.1525 0.354375 0.151667 0.355625 0.15 0.354375 0.15 0.35375 0.149167 0.353125 0.149167
1 0.426875 0.1375 0.425 0.14 0.425 0.140833 0.421875 0.145 0.406875 0.145 0.40625 0.144167 0.405625 0.145 0.405 0.145 0.404375 0.145833 0.403125 0.145833 0.4 0.141667 0.39875 0.141667 0.398125 0.140833 0.396875 0.140833 0.39625 0.14 0.395 0.14 0.394375 0.139167 0.393125 0.139167 0.3925 0.138333 0.3925 0.139167 0.391875 0.14 0.391875 0.140833 0.393125 0.140833 0.39375 0.141667 0.394375 0.141667 0.395 0.1425 0.39625 0.1425 0.396875 0.143333 0.3975 0.143333 0.398125 0.144167 0.399375 0.144167 0.40125 0.146667 0.40125 0.1475 0.4025 0.149167 0.403125 0.148333 0.404375 0.148333 0.405 0.1475 0.405625 0.1475 0.40625 0.146667 0.415 0.146667 0.415625 0.1475 0.41625 0.146667 0.418125 0.146667 0.41875 0.145833 0.420625 0.145833 0.42125 0.145 0.42375 0.145 0.424375 0.144167 0.42625 0.144167 0.4275 0.1425 0.4275 0.141667 0.42875 0.14
1 0.629375 0.131667 0.629375 0.1325 0.63 0.133333 0.63 0.134167 0.631875 0.134167 0.635625 0.139167 0.63875 0.139167 0.639375 0.138333 0.640625 0.138333 0.64125 0.1375 0.641875 0.1375 0.6425 0.136667 0.64375 0.136667 0.644375 0.135833 0.645 0.135833 0.645625 0.135 0.646875 0.135 0.64625 0.134167 0.64625 0.133333 0.645625 0.1325 0.63 0.1325
1 0.674375 0.1225 0.674375 0.124167 0.67375 0.125 0.67375 0.125833 0.683125 0.125833 0.68375 0.126667 0.6925 0.126667 0.693125 0.1275 0.7025 0.1275 0.703125 0.128333 0.7025 0.129167 0.7025 0.13 0.70125 0.131667 0.71625 0.131667 0.716875 0.1325 0.7175 0.131667 0.7175 0.130833 0.71875 0.129167 0.714375 0.129167 0.71375 0.128333 0.70875 0.128333 0.708125 0.1275 0.70375 0.1275 0.703125 0.126667 0.698125 0.126667 0.6975 0.125833 0.693125 0.125833 0.6925 0.125 0.688125 0.125 0.6875 0.124167 0.6825 0.124167 0.681875 0.123333 0.6775 0.123333 0.676875 0.1225
1 0.479375 0.120833 0.479375 0.126667 0.481875 0.126667 0.4825 0.1275 0.481875 0.128333 0.48125 0.128333 0.480625 0.129167 0.48 0.129167 0.48 0.13 0.480625 0.130833 0.480625 0.131667 0.48125 0.130833 0.48625 0.130833 0.486875 0.13 0.49125 0.13 0.491875 0.129167 0.496875 0.129167 0.4975 0.128333 0.5025 0.128333 0.503125 0.1275 0.50375 0.1275 0.505 0.125833 0.504375 0.125 0.504375 0.123333 0.50375 0.1225 0.50375 0.121667 0.503125 0.1225 0.500625 0.1225 0.5 0.123333 0.496875 0.123333 0.49625 0.1225 0.495625 0.1225 0.495 0.121667 0.48 0.121667
1 0.470625 0.0775 0.47 0.078333 0.458125 0.078333 0.4575 0.079167 0.44625 0.079167 0.445625 0.08 0.434375 0.08 0.43375 0.080833 0.421875 0.080833 0.42125 0.081667 0.41 0.081667 0.409375 0.0825 0.39875 0.0825 0.398125 0.083333 0.388125 0.083333 0.3875 0.084167 0.376875 0.084167 0.37625 0.085 0.365625 0.085 0.365 0.085833 0.354375 0.085833 0.35375 0.086667 0.34375 0.086667 0.343125 0.0875 0.3325 0.0875 0.331875 0.088333 0.28625 0.088333 0.285625 0.089167 0.271875 0.089167 0.27125 0.09 0.2575 0.09 0.256875 0.090833 0.243125 0.090833 0.2425 0.091667 0.2175 0.091667 0.216875 0.090833 0.205625 0.090833 0.205 0.09 0.19375 0.09 0.193125 0.089167 0.174375 0.089167 0.17375 0.088333 0.155 0.088333 0.154375 0.0875 0.154375 0.0925 0.155 0.093333 0.159375 0.093333 0.16 0.094167 0.164375 0.094167 0.165 0.095 0.169375 0.095 0.17 0.095833 0.174375 0.095833 0.175 0.096667 0.179375 0.096667 0.18 0.0975 0.198125 0.0975 0.19875 0.098333 0.216875 0.098333 0.2175 0.099167 0.235625 0.099167 0.23625 0.1 0.254375 0.1 0.255 0.100833 0.273125 0.100833 0.27375 0.101667 0.273125 0.1025 0.273125 0.103333 0.2725 0.104167 0.2725 0.105 0.271875 0.105833 0.271875 0.106667 0.27125 0.1075 0.259375 0.1075 0.25875 0.108333 0.24625 0.108333 0.245625 0.109167 0.23375 0.109167 0.233125 0.11 0.22125 0.11 0.220625 0.110833 0.20875 0.110833 0.208125 0.111667 0.195625 0.111667 0.195 0.1125 0.183125 0.1125 0.1825 0.113333 0.16375 0.113333 0.163125 0.114167 0.145 0.114167 0.144375 0.115 0.125625 0.115 0.125 0.115833 0.10625 0.115833 0.105625 0.116667 0.0875 0.116667 0.086875 0.1175 0.068125 0.1175 0.0675 0.118333 0.066875 0.1175 0.03375 0.1175 0.033125 0.116667 0.0 0.116667 0.0 0.124167 0.0275 0.124167 0.028125 0.123333 0.055625 0.123333 0.05625 0.1225 0.08375 0.1225 0.084375 0.123333 0.084375 0.124167 0.08375 0.125 0.08375 0.125833 0.083125 0.126667 0.08625 0.126667 0.086875 0.125833 0.090625 0.125833 0.090625 0.125 0.09125 0.124167 0.09125 0.1225 0.091875 0.121667 0.10875 0.121667 0.109375 0.120833 0.125625 0.120833 0.12625 0.12 0.143125 0.12 0.14375 0.119167 0.16 0.119167 0.160625 0.118333 0.1775 0.118333 0.178125 0.1175 0.185 0.1175 0.185625 0.118333 0.208125 0.118333 0.20875 0.1175 0.22625 0.1175 0.226875 0.116667 0.22625 0.115833 0.22625 0.114167 0.225625 0.113333 0.22625 0.1125 0.238125 0.1125 0.23875 0.113333 0.23875 0.115 0.238125 0.115833 0.238125 0.116667 0.255 0.116667 0.255625 0.115833 0.2725 0.115833 0.273125 0.115 0.290625 0.115 0.29125 0.114167 0.308125 0.114167 0.30875 0.113333 0.325625 0.113333 0.32625 0.1125 0.343125 0.1125 0.34375 0.111667 0.35375 0.111667 0.354375 0.110833 0.36375 0.110833 0.364375 0.11 0.374375 0.11 0.375 0.109167 0.385 0.109167 0.385625 0.108333 0.395625 0.108333 0.39625 0.1075 0.405625 0.1075 0.40625 0.106667 0.41625 0.106667 0.416875 0.105833 0.426875 0.105833 0.4275 0.105 0.436875 0.105 0.4375 0.104167 0.4475 0.104167 0.448125 0.103333 0.458125 0.103333 0.45875 0.1025 0.46875 0.1025 0.469375 0.101667 0.47875 0.101667 0.479375 0.100833 0.489375 0.100833 0.489375 0.1 0.48875 0.099167 0.48875 0.0975 0.488125 0.096667 0.488125 0.095 0.4875 0.094167 0.47875 0.094167 0.478125 0.095 0.46875 0.095 0.468125 0.095833 0.45875 0.095833 0.458125 0.096667 0.44875 0.096667 0.448125 0.0975 0.43875 0.0975 0.438125 0.098333 0.4375 0.0975 0.4375 0.0925 0.438125 0.091667 0.445 0.091667 0.445625 0.090833 0.453125 0.090833 0.45375 0.09 0.460625 0.09 0.46125 0.089167 0.468125 0.089167 0.46875 0.088333 0.47625 0.088333 0.476875 0.0875 0.48375 0.0875 0.48375 0.085833 0.483125 0.085 0.483125 0.0825 0.4825 0.081667 0.4825 0.079167 0.481875 0.078333 0.481875 0.0775
1 0.635 0.075 0.634375 0.075833 0.628125 0.075833 0.626875 0.0775 0.62625 0.0775 0.62625 0.078333 0.6275 0.078333 0.628125 0.079167 0.62875 0.079167 0.629375 0.08 0.630625 0.08 0.63125 0.080833 0.631875 0.080833 0.6325 0.081667 0.63375 0.081667 0.634375 0.0825 0.635 0.0825 0.635625 0.083333 0.636875 0.083333 0.6375 0.084167 0.636875 0.085 0.620625 0.085 0.62 0.085833 0.62 0.086667 0.620625 0.0875 0.620625 0.088333 0.62125 0.089167 0.65 0.089167 0.650625 0.09 0.65125 0.09 0.6525 0.091667 0.653125 0.091667 0.65375 0.0925 0.654375 0.0925 0.655 0.093333 0.654375 0.094167 0.65 0.094167 0.649375 0.095 0.643125 0.095 0.6425 0.095833 0.636875 0.095833 0.63625 0.096667 0.63375 0.096667 0.633125 0.0975 0.63125 0.0975 0.630625 0.098333 0.628125 0.098333 0.6275 0.099167 0.626875 0.098333 0.623125 0.098333 0.6225 0.0975 0.615625 0.0975 0.615 0.098333 0.6125 0.098333 0.611875 0.099167 0.609375 0.099167 0.605625 0.104167 0.605 0.103333 0.6 0.103333 0.59875 0.101667 0.598125 0.101667 0.596875 0.1 0.575625 0.1 0.575625 0.103333 0.593125 0.103333 0.59375 0.104167 0.596875 0.104167 0.5975 0.105 0.6 0.105 0.600625 0.105833 0.605 0.105833 0.605625 0.105 0.60625 0.105 0.606875 0.104167 0.608125 0.104167 0.60875 0.103333 0.609375 0.103333 0.61 0.1025 0.61125 0.1025 0.611875 0.101667 0.6125 0.101667 0.613125 0.100833 0.61375 0.101667 0.614375 0.101667 0.615 0.1025 0.615625 0.1025 0.61625 0.103333 0.6175 0.103333 0.618125 0.104167 0.61875 0.104167 0.619375 0.105 0.62 0.105 0.620625 0.105833 0.62125 0.105833 0.621875 0.106667 0.6225 0.106667 0.623125 0.1075 0.624375 0.1075 0.625 0.108333 0.625625 0.108333 0.62625 0.109167 0.64 0.109167 0.640625 0.108333 0.65375 0.108333 0.654375 0.1075 0.6675 0.1075 0.668125 0.106667 0.669375 0.108333 0.669375 0.109167 0.67 0.11 0.680625 0.11 0.68125 0.110833 0.6925 0.110833 0.693125 0.111667 0.70375 0.111667 0.704375 0.1125 0.71625 0.1125 0.716875 0.111667 0.715 0.111667 0.714375 0.110833 0.713125 0.110833 0.7125 0.11 0.710625 0.11 0.71 0.109167 0.67125 0.109167 0.66875 0.105833 0.66375 0.105833 0.663125 0.105 0.6575 0.105 0.656875 0.104167 0.651875 0.104167 0.650625 0.1025 0.65 0.1025 0.64875 0.100833 0.6475 0.100833 0.646875 0.101667 0.645625 0.101667 0.645 0.1025 0.644375 0.1025 0.64375 0.103333 0.634375 0.103333 0.63375 0.104167 0.633125 0.103333 0.6325 0.103333 0.631875 0.1025 0.63125 0.1025 0.630625 0.101667 0.63 0.101667 0.629375 0.100833 0.63 0.1 0.63375 0.1 0.634375 0.099167 0.638125 0.099167 0.63875 0.098333 0.641875 0.098333 0.6425 0.0975 0.64625 0.0975 0.646875 0.096667 0.650625 0.096667 0.65125 0.095833 0.66 0.095833 0.660625 0.095 0.66875 0.095 0.66875 0.093333 0.658125 0.093333 0.655 0.089167 0.65375 0.089167 0.653125 0.088333 0.6525 0.088333 0.651875 0.0875 0.631875 0.0875 0.63125 0.088333 0.630625 0.0875 0.630625 0.085833 0.63125 0.085 0.64625 0.085 0.64625 0.084167 0.646875 0.083333 0.646875 0.081667 0.6475 0.080833 0.6475 0.08 0.648125 0.079167 0.65375 0.079167 0.654375 0.08 0.655 0.08 0.655625 0.080833 0.65625 0.080833 0.656875 0.081667 0.6575 0.081667 0.658125 0.0825 0.65875 0.0825 0.659375 0.083333 0.66 0.083333 0.660625 0.084167 0.66125 0.084167 0.661875 0.085 0.6625 0.085 0.663125 0.085833 0.665 0.085833 0.665625 0.086667 0.6675 0.086667 0.668125 0.0875 0.67 0.0875 0.670625 0.088333 0.6725 0.088333 0.67375 0.086667 0.678125 0.086667 0.67875 0.085833 0.6825 0.085833 0.683125 0.085 0.684375 0.086667 0.685 0.086667 0.68625 0.088333 0.686875 0.088333 0.688125 0.09 0.68875 0.09 0.69 0.091667 0.690625 0.091667 0.691875 0.093333 0.701875 0.093333 0.7025 0.094167 0.708125 0.094167 0.70875 0.095 0.714375 0.095 0.71625 0.0975 0.71625 0.098333 0.716875 0.099167 0.7175 0.099167 0.71875 0.0975 0.721875 0.0975 0.721875 0.095 0.72125 0.094167 0.720625 0.094167 0.719375 0.0925 0.71875 0.0925 0.718125 0.091667 0.708125 0.091667 0.7075 0.090833 0.705 0.090833 0.704375 0.09 0.701875 0.09 0.70125 0.089167 0.69875 0.089167 0.698125 0.088333 0.696875 0.088333 0.69625 0.0875 0.695 0.0875 0.694375 0.086667 0.693125 0.086667 0.6925 0.085833 0.691875 0.085833 0.69125 0.085 0.69 0.085 0.689375 0.084167 0.688125 0.084167 0.6875 0.083333 0.68625 0.083333 0.685625 0.0825 0.680625 0.0825 0.68 0.081667 0.67375 0.081667 0.673125 0.0825 0.6725 0.0825 0.671875 0.083333 0.670625 0.083333 0.67 0.084167 0.669375 0.084167 0.66875 0.085 0.668125 0.084167 0.6675 0.084167 0.66625 0.0825 0.665625 0.0825 0.665 0.081667 0.664375 0.081667 0.663125 0.08 0.6625 0.08 0.66125 0.078333 0.660625 0.078333 0.66 0.0775 0.659375 0.0775 0.658125 0.075833 0.6575 0.075833 0.656875 0.075 0.65 0.075 0.649375 0.075833 0.648125 0.075833 0.6475 0.076667 0.6425 0.076667 0.641875 0.075833 0.64125 0.076667 0.6375 0.076667 0.636875 0.075833 0.635625 0.075833
1 0.54875 0.0675 0.54875 0.068333 0.548125 0.069167 0.548125 0.07 0.5475 0.070833 0.5475 0.0725 0.546875 0.073333 0.546875 0.074167 0.54625 0.075 0.54625 0.075833 0.545 0.0775 0.54375 0.0775 0.543125 0.076667 0.540625 0.076667 0.54 0.075833 0.538125 0.075833 0.5375 0.075 0.536875 0.075833 0.53375 0.075833 0.533125 0.076667 0.528125 0.076667 0.5275 0.075833 0.526875 0.075833 0.52625 0.075 0.525 0.075 0.524375 0.074167 0.52375 0.074167 0.523125 0.073333 0.52375 0.074167 0.52375 0.075 0.525 0.076667 0.525625 0.076667 0.52625 0.0775 0.5275 0.0775 0.528125 0.078333 0.52875 0.078333 0.529375 0.079167 0.530625 0.079167 0.53125 0.08 0.54 0.08 0.540625 0.079167 0.548125 0.079167 0.54875 0.078333 0.556875 0.078333 0.5575 0.0775 0.5575 0.069167 0.55375 0.069167 0.553125 0.068333 0.549375 0.068333
