0 0.543742 0.549372 0.542396 0.551167 0.538358 0.551167 0.538358 0.558348 0.537012 0.560144 0.537012 0.563734 0.538358 0.561939 0.545087 0.561939 0.545087 0.554758 0.543742 0.552962
0 0.526245 0.543986 0.524899 0.545781 0.516824 0.545781 0.512786 0.551167 0.51144 0.551167 0.504711 0.560144 0.503365 0.560144 0.500673 0.563734 0.502019 0.56553 0.502019 0.567325 0.503365 0.56912 0.503365 0.570916 0.504711 0.572711 0.506057 0.570916 0.507402 0.570916 0.510094 0.567325 0.51144 0.567325 0.514132 0.563734 0.515478 0.563734 0.51817 0.560144 0.519515 0.560144 0.522207 0.556553 0.523553 0.556553 0.526245 0.552962 0.527591 0.552962 0.527591 0.549372 0.526245 0.547576
0 0.990579 0.342908 0.989233 0.344704 0.986541 0.344704 0.985195 0.346499 0.981157 0.346499 0.987887 0.355476 0.989233 0.35368 0.997308 0.35368 0.993271 0.348294 0.993271 0.346499
0 0.079408 0.32675 0.078062 0.328546 0.067295 0.328546 0.065949 0.330341 0.063257 0.330341 0.064603 0.332136 0.064603 0.333932 0.067295 0.333932 0.068641 0.335727 0.068641 0.337522 0.069987 0.335727 0.080754 0.335727 0.080754 0.332136 0.079408 0.330341
0 0.399731 0.301616 0.398385 0.303411 0.378197 0.303411 0.376851 0.305206 0.355316 0.305206 0.358008 0.308797 0.358008 0.310592 0.3607 0.314183 0.368775 0.314183 0.370121 0.312388 0.371467 0.312388 0.372813 0.310592 0.398385 0.310592 0.398385 0.307002 0.399731 0.305206
0 0.846568 0.267504 0.845222 0.2693 0.839838 0.2693 0.838493 0.271095 0.831763 0.271095 0.835801 0.271095 0.837147 0.27289 0.839838 0.27289 0.841184 0.274686 0.845222 0.274686 0.846568 0.276481 0.847914 0.274686 0.853297 0.274686 0.854643 0.27289 0.860027 0.27289 0.857335 0.27289 0.855989 0.271095 0.851952 0.271095 0.850606 0.2693 0.847914 0.2693
0 0.02288 0.260323 0.021534 0.262118 0.013459 0.262118 0.009421 0.267504 0.010767 0.267504 0.013459 0.271095 0.014805 0.2693 0.018843 0.2693 0.020188 0.267504 0.025572 0.267504 0.024226 0.265709 0.024226 0.263914 0.02288 0.262118
0 0.430686 0.233393 0.429341 0.235189 0.427995 0.235189 0.426649 0.236984 0.425303 0.236984 0.422611 0.240575 0.421265 0.240575 0.419919 0.24237 0.418573 0.24237 0.417227 0.244165 0.415882 0.244165 0.415882 0.245961 0.414536 0.247756 0.414536 0.249551 0.41319 0.251346 0.41319 0.253142 0.438762 0.253142 0.440108 0.254937 0.440108 0.251346 0.438762 0.249551 0.438762 0.244165
0 0.017497 0.197487 0.016151 0.199282 0.008075 0.199282 0.006729 0.201077 0.0 0.201077 0.0 0.21544 0.016151 0.21544 0.021534 0.208259 0.017497 0.202873 0.018843 0.201077 0.024226 0.201077 0.024226 0.197487
0 0.752355 0.195691 0.752355 0.204668 0.776581 0.204668 0.776581 0.202873 0.775236 0.201077 0.775236 0.197487 0.753701 0.197487
1 0.689098 0.97307 0.687752 0.974865 0.687752 0.976661 0.685061 0.980251 0.685061 0.982047 0.682369 0.985637 0.682369 0.987433 0.679677 0.991023 0.679677 0.992819 0.676985 0.996409 0.676985 0.998205 0.7214 0.998205 0.716016 0.991023 0.71467 0.991023 0.706595 0.980251 0.703903 0.980251 0.702557 0.978456 0.69852 0.978456 0.697174 0.976661 0.694482 0.976661 0.693136 0.974865 0.690444 0.974865
1 0.678331 0.895871 0.676985 0.897666 0.675639 0.897666 0.674293 0.899461 0.671602 0.899461 0.670256 0.901257 0.66891 0.901257 0.667564 0.903052 0.666218 0.903052 0.664872 0.904847 0.66218 0.904847 0.660834 0.906643 0.659489 0.906643 0.659489 0.917415 0.675639 0.917415 0.676985 0.91921 0.678331 0.917415 0.678331 0.915619 0.679677 0.913824 0.679677 0.912029 0.681023 0.910233 0.681023 0.908438 0.682369 0.906643 0.682369 0.904847 0.683715 0.903052
1 0.769852 0.894075 0.768506 0.895871 0.765814 0.895871 0.764468 0.897666 0.760431 0.897666 0.759085 0.899461 0.756393 0.899461 0.755047 0.901257 0.752355 0.901257 0.751009 0.903052 0.748318 0.903052 0.746972 0.904847 0.742934 0.904847 0.741588 0.906643 0.738896 0.906643 0.738896 0.913824 0.73755 0.915619 0.73755 0.922801 0.740242 0.922801 0.741588 0.924596 0.74428 0.924596 0.745626 0.926391 0.746972 0.926391 0.748318 0.928187 0.751009 0.928187 0.752355 0.929982 0.755047 0.929982 0.756393 0.931777 0.759085 0.928187 0.759085 0.926391 0.764468 0.91921 0.764468 0.917415 0.771198 0.908438 0.771198 0.906643 0.77389 0.903052 0.772544 0.901257 0.772544 0.899461 0.771198 0.897666 0.771198 0.895871
1 0.854643 0.820467 0.854643 0.824057 0.853297 0.825853 0.853297 0.831239 0.851952 0.833034 0.851952 0.83842 0.850606 0.840215 0.850606 0.842011 0.851952 0.842011 0.853297 0.843806 0.854643 0.843806 0.855989 0.845601 0.857335 0.845601 0.860027 0.849192 0.861373 0.849192 0.862719 0.850987 0.864065 0.850987 0.86541 0.852783 0.869448 0.847397 0.870794 0.847397 0.877524 0.83842 0.878869 0.83842 0.881561 0.834829 0.881561 0.831239 0.882907 0.829443 0.882907 0.824057 0.884253 0.822262 0.884253 0.820467
1 0.503365 0.798923 0.502019 0.800718 0.464334 0.800718 0.464334 0.802513 0.46568 0.804309 0.46568 0.809695 0.467026 0.81149 0.467026 0.813285 0.477793 0.813285 0.479139 0.815081 0.48856 0.815081 0.489906 0.816876
1 0.932705 0.782765 0.931359 0.78456 0.930013 0.78456 0.928668 0.786355 0.927322 0.786355 0.925976 0.788151 0.923284 0.788151 0.921938 0.789946 0.920592 0.789946 0.919246 0.791741 0.9179 0.791741 0.9179 0.800718 0.916555 0.802513 0.916555 0.81149 0.925976 0.81149 0.927322 0.813285 0.938089 0.813285 0.939435 0.815081 0.948856 0.815081 0.950202 0.816876 0.950202 0.791741 0.94751 0.791741 0.946164 0.789946 0.944818 0.789946 0.943472 0.788151 0.940781 0.788151 0.939435 0.786355 0.938089 0.786355 0.936743 0.78456 0.934051 0.78456
1 0.973082 0.764811 0.973082 0.766607 0.971736 0.768402 0.971736 0.770197 0.97039 0.771993 0.97039 0.773788 0.969044 0.775583 0.969044 0.777379 0.967699 0.779174 0.967699 0.780969 0.969044 0.780969 0.97039 0.782765 0.971736 0.782765 0.973082 0.78456 0.975774 0.78456 0.97712 0.786355 0.978466 0.786355 0.979812 0.788151 0.981157 0.788151 0.982503 0.789946 0.983849 0.789946 0.985195 0.791741 0.986541 0.791741 0.987887 0.793537 0.989233 0.793537 0.990579 0.795332 0.993271 0.795332 0.994616 0.797127 0.995962 0.797127 0.997308 0.798923 0.998654 0.798923 0.998654 0.791741 0.997308 0.789946 0.995962 0.789946 0.994616 0.788151 0.993271 0.788151 0.991925 0.786355 0.990579 0.786355 0.989233 0.78456 0.986541 0.78456 0.985195 0.782765 0.983849 0.782765 0.982503 0.780969 0.981157 0.780969 0.979812 0.779174 0.978466 0.779174 0.97712 0.777379 0.975774 0.777379 0.974428 0.775583 0.974428 0.771993 0.973082 0.770197
1 0.650067 0.754039 0.648721 0.755835 0.641992 0.755835 0.640646 0.75763 0.633917 0.75763 0.632571 0.759425 0.632571 0.761221 0.629879 0.764811 0.629879 0.766607 0.627187 0.770197 0.627187 0.771993 0.625841 0.773788 0.636608 0.773788 0.637954 0.775583 0.6393 0.773788 0.641992 0.773788 0.643338 0.771993 0.64603 0.771993 0.647376 0.770197 0.651413 0.770197 0.652759 0.768402 0.655451 0.768402 0.656797 0.766607 0.659489 0.766607 0.659489 0.763016 0.660834 0.761221 0.660834 0.759425 0.658143 0.759425 0.656797 0.75763 0.655451 0.75763 0.654105 0.755835 0.651413 0.755835
1 0.613728 0.754039 0.612382 0.755835 0.594886 0.755835 0.594886 0.759425 0.596231 0.761221 0.596231 0.764811 0.613728 0.764811 0.615074 0.766607 0.615074 0.761221 0.613728 0.759425
1 0.791386 0.748654 0.791386 0.754039 0.79004 0.755835 0.79004 0.761221 0.804845 0.761221 0.806191 0.763016 0.806191 0.761221 0.804845 0.759425 0.804845 0.754039 0.803499 0.752244 0.803499 0.750449 0.792732 0.750449
1 0.885599 0.745063 0.884253 0.746858 0.882907 0.746858 0.880215 0.750449 0.878869 0.750449 0.877524 0.752244 0.876178 0.752244 0.873486 0.755835 0.87214 0.755835 0.870794 0.75763 0.870794 0.759425 0.868102 0.763016 0.869448 0.761221 0.878869 0.761221 0.880215 0.759425 0.889637 0.759425 0.889637 0.75763 0.888291 0.755835 0.888291 0.754039 0.886945 0.752244 0.886945 0.748654 0.885599 0.746858
1 0.195155 0.743268 0.195155 0.746858 0.193809 0.748654 0.193809 0.754039 0.192463 0.755835 0.192463 0.759425 0.195155 0.759425 0.196501 0.761221 0.200538 0.761221 0.201884 0.763016 0.204576 0.763016 0.205922 0.764811 0.207268 0.763016 0.208614 0.763016 0.211306 0.759425 0.212651 0.759425 0.215343 0.755835 0.216689 0.755835 0.215343 0.754039 0.215343 0.752244 0.213997 0.750449 0.213997 0.748654 0.212651 0.746858 0.212651 0.745063 0.196501 0.745063
1 0.810229 0.64991 0.806191 0.655296 0.806191 0.657092 0.802153 0.662478 0.803499 0.662478 0.806191 0.666068 0.807537 0.666068 0.810229 0.669659 0.812921 0.666068 0.814266 0.666068 0.816958 0.662478 0.818304 0.662478 0.814266 0.657092 0.814266 0.655296
1 0.079408 0.61939 0.078062 0.621185 0.076716 0.621185 0.07537 0.62298 0.074024 0.62298 0.072678 0.624776 0.071332 0.624776 0.069987 0.626571 0.068641 0.626571 0.067295 0.628366 0.065949 0.628366 0.074024 0.639138 0.07537 0.637343 0.076716 0.637343 0.078062 0.635548 0.080754 0.635548 0.0821 0.633752 0.0821 0.631957 0.083445 0.630162 0.083445 0.628366 0.086137 0.624776 0.086137 0.62298 0.087483 0.621185 0.080754 0.621185
1 0.850606 0.601436 0.850606 0.603232 0.84926 0.605027 0.84926 0.610413 0.847914 0.612208 0.847914 0.615799 0.846568 0.617594 0.846568 0.61939 0.873486 0.61939 0.874832 0.621185 0.874832 0.614004 0.873486 0.612208 0.873486 0.603232 0.851952 0.603232
1 0.165545 0.535009 0.164199 0.536804 0.164199 0.5386 0.161507 0.54219 0.161507 0.543986 0.160162 0.545781 0.160162 0.547576 0.15747 0.551167 0.15747 0.552962 0.154778 0.556553 0.154778 0.558348 0.153432 0.560144 0.154778 0.560144 0.156124 0.561939 0.158816 0.561939 0.160162 0.563734 0.161507 0.563734 0.162853 0.56553 0.164199 0.56553 0.165545 0.567325 0.166891 0.56553 0.168237 0.56553 0.169583 0.563734 0.172275 0.563734 0.17362 0.561939 0.174966 0.561939 0.176312 0.560144 0.177658 0.560144 0.179004 0.558348 0.181696 0.558348 0.183042 0.556553 0.184388 0.556553 0.183042 0.554758 0.183042 0.552962 0.18035 0.549372 0.18035 0.547576 0.177658 0.543986 0.177658 0.54219 0.176312 0.540395 0.17362 0.540395 0.172275 0.5386 0.170929 0.5386 0.169583 0.536804 0.166891 0.536804
1 0.437416 0.533214 0.43607 0.535009 0.433378 0.535009 0.432032 0.536804 0.430686 0.536804 0.429341 0.5386 0.426649 0.5386 0.425303 0.540395 0.422611 0.540395 0.423957 0.54219 0.423957 0.543986 0.425303 0.545781 0.425303 0.547576 0.426649 0.549372 0.426649 0.551167 0.427995 0.552962 0.429341 0.551167 0.430686 0.551167 0.432032 0.549372 0.434724 0.549372 0.43607 0.547576 0.437416 0.547576 0.438762 0.545781 0.441454 0.545781 0.441454 0.543986 0.440108 0.54219 0.440108 0.540395 0.438762 0.5386 0.438762 0.536804 0.437416 0.535009
1 0.869448 0.524237 0.868102 0.526032 0.860027 0.526032 0.858681 0.527828 0.810229 0.527828 0.808883 0.529623 0.798116 0.529623 0.79677 0.531418 0.784657 0.531418 0.783311 0.533214 0.772544 0.533214 0.771198 0.535009 0.769852 0.535009 0.768506 0.536804 0.76716 0.536804 0.764468 0.540395 0.763122 0.540395 0.761777 0.54219 0.746972 0.54219 0.745626 0.540395 0.74428 0.540395 0.741588 0.536804 0.740242 0.536804 0.73755 0.533214 0.736205 0.535009 0.734859 0.535009 0.733513 0.536804 0.732167 0.536804 0.732167 0.5386 0.733513 0.540395 0.733513 0.54219 0.734859 0.543986 0.734859 0.545781 0.745626 0.545781 0.746972 0.547576 0.748318 0.545781 0.763122 0.545781 0.765814 0.54219 0.76716 0.54219 0.769852 0.5386 0.771198 0.5386 0.772544 0.536804 0.79677 0.536804 0.798116 0.5386 0.79677 0.540395 0.79677 0.545781 0.795424 0.547576 0.795424 0.549372 0.79677 0.549372 0.798116 0.551167 0.799462 0.551167 0.800808 0.552962 0.802153 0.552962 0.803499 0.554758 0.815612 0.554758 0.816958 0.552962 0.818304 0.552962 0.820996 0.549372 0.822342 0.549372 0.823688 0.547576 0.825034 0.547576 0.82638 0.545781 0.827725 0.545781 0.830417 0.54219 0.831763 0.54219 0.833109 0.540395 0.834455 0.540395 0.837147 0.536804 0.838493 0.536804 0.839838 0.535009 0.858681 0.535009 0.860027 0.536804 0.860027 0.545781 0.869448 0.545781 0.870794 0.547576 0.873486 0.543986 0.874832 0.543986 0.877524 0.540395 0.884253 0.540395 0.885599 0.54219 0.890983 0.54219 0.892328 0.543986 0.903096 0.543986 0.904441 0.545781 0.905787 0.543986 0.913863 0.543986 0.915209 0.54219 0.916555 0.54219 0.9179 0.540395 0.919246 0.540395 0.920592 0.5386 0.921938 0.5386 0.919246 0.5386 0.9179 0.536804 0.916555 0.536804 0.915209 0.535009 0.913863 0.535009 0.912517 0.533214 0.911171 0.533214 0.909825 0.531418 0.908479 0.531418 0.907133 0.529623 0.905787 0.531418 0.90175 0.531418 0.900404 0.533214 0.897712 0.533214 0.896366 0.535009 0.890983 0.535009 0.888291 0.531418 0.886945 0.531418 0.884253 0.527828 0.882907 0.527828 0.880215 0.524237
1 0.17362 0.518851 0.172275 0.520646 0.149394 0.520646 0.148048 0.522442 0.146703 0.522442 0.145357 0.524237 0.144011 0.524237 0.142665 0.526032 0.141319 0.526032 0.139973 0.527828 0.138627 0.527828 0.137281 0.529623 0.135935 0.529623 0.13459 0.531418 0.133244 0.531418 0.144011 0.531418 0.145357 0.529623 0.160162 0.529623 0.161507 0.527828 0.177658 0.527828 0.176312 0.526032 0.176312 0.524237 0.174966 0.522442 0.174966 0.520646
1 0.122476 0.475763 0.117093 0.482944 0.118439 0.48474 0.119785 0.48474 0.122476 0.48833 0.123822 0.48833 0.12786 0.493716 0.129206 0.493716 0.131898 0.497307 0.131898 0.495512 0.133244 0.493716 0.133244 0.491921 0.13459 0.490126 0.13459 0.48833 0.133244 0.486535 0.131898 0.486535 0.126514 0.479354 0.125168 0.479354
1 0.461642 0.459605 0.460296 0.4614 0.434724 0.4614 0.434724 0.463196 0.433378 0.464991 0.441454 0.464991 0.442799 0.466786 0.444145 0.464991 0.457604 0.464991 0.45895 0.466786 0.460296 0.466786 0.462988 0.470377 0.464334 0.468582 0.476447 0.468582 0.477793 0.466786 0.495289 0.466786 0.496635 0.468582 0.497981 0.466786 0.508748 0.466786 0.510094 0.464991 0.522207 0.464991 0.522207 0.459605 0.500673 0.459605 0.497981 0.463196 0.493943 0.463196 0.492598 0.4614 0.48856 0.4614 0.487214 0.459605 0.485868 0.4614 0.477793 0.4614 0.476447 0.463196 0.46568 0.463196 0.464334 0.4614 0.462988 0.4614
1 0.362046 0.364452 0.359354 0.368043 0.358008 0.368043 0.358008 0.371634 0.356662 0.373429 0.356662 0.375224 0.358008 0.375224 0.3607 0.378815 0.362046 0.378815 0.364738 0.382406 0.366083 0.38061 0.367429 0.38061 0.370121 0.37702 0.371467 0.37702 0.371467 0.369838 0.370121 0.369838 0.368775 0.368043 0.366083 0.368043 0.364738 0.366248 0.363392 0.366248
1 0.23284 0.324955 0.235532 0.328546 0.235532 0.330341 0.236878 0.332136 0.235532 0.333932 0.205922 0.333932 0.205922 0.335727 0.204576 0.337522 0.204576 0.339318 0.205922 0.339318 0.207268 0.341113 0.20996 0.341113 0.211306 0.342908 0.212651 0.342908 0.213997 0.344704 0.213997 0.346499 0.212651 0.348294 0.212651 0.351885 0.211306 0.35368 0.211306 0.357271 0.20996 0.359066 0.20996 0.360862 0.208614 0.362657 0.208614 0.366248 0.207268 0.368043 0.207268 0.369838 0.216689 0.369838 0.216689 0.368043 0.218035 0.366248 0.218035 0.362657 0.219381 0.360862 0.219381 0.357271 0.220727 0.355476 0.220727 0.351885 0.222073 0.35009 0.222073 0.346499 0.223419 0.344704 0.223419 0.342908 0.224764 0.341113 0.228802 0.341113 0.230148 0.339318 0.235532 0.339318 0.236878 0.337522 0.263795 0.337522 0.265141 0.339318 0.263795 0.341113 0.258412 0.341113 0.257066 0.342908 0.253028 0.342908 0.251682 0.344704 0.246299 0.344704 0.244953 0.346499 0.239569 0.346499 0.265141 0.346499 0.266487 0.348294 0.267833 0.346499 0.269179 0.346499 0.271871 0.342908 0.273217 0.342908 0.275908 0.339318 0.277254 0.339318 0.2786 0.337522 0.279946 0.337522 0.282638 0.333932 0.283984 0.333932 0.277254 0.333932 0.275908 0.332136 0.269179 0.332136 0.267833 0.330341 0.259758 0.330341 0.258412 0.328546 0.251682 0.328546 0.250336 0.32675 0.243607 0.32675 0.242261 0.324955
1 0.679677 0.321364 0.678331 0.32316 0.672948 0.32316 0.671602 0.324955 0.666218 0.324955 0.664872 0.32675 0.659489 0.32675 0.658143 0.328546 0.656797 0.328546 0.654105 0.332136 0.652759 0.332136 0.650067 0.335727 0.648721 0.335727 0.64603 0.339318 0.644684 0.339318 0.643338 0.341113 0.641992 0.341113 0.6393 0.344704 0.637954 0.344704 0.635262 0.348294 0.633917 0.348294 0.637954 0.35368 0.6393 0.351885 0.640646 0.351885 0.643338 0.348294 0.644684 0.348294 0.647376 0.344704 0.648721 0.344704 0.650067 0.342908 0.651413 0.342908 0.654105 0.339318 0.655451 0.339318 0.656797 0.337522 0.659489 0.337522 0.660834 0.335727 0.66218 0.335727 0.663526 0.333932 0.666218 0.333932 0.667564 0.332136 0.690444 0.332136 0.69179 0.333932 0.693136 0.333932 0.695828 0.337522 0.697174 0.337522 0.69852 0.339318 0.699865 0.339318 0.701211 0.341113 0.702557 0.339318 0.706595 0.339318 0.707941 0.337522 0.720054 0.337522 0.7214 0.335727 0.741588 0.335727 0.742934 0.333932 0.763122 0.333932 0.763122 0.330341 0.764468 0.328546 0.764468 0.32675 0.763122 0.328546 0.74428 0.328546 0.742934 0.330341 0.725437 0.330341 0.724092 0.332136 0.702557 0.332136 0.701211 0.330341 0.69852 0.330341 0.697174 0.328546 0.693136 0.328546 0.69179 0.32675 0.689098 0.32675 0.687752 0.324955 0.685061 0.324955 0.683715 0.32316 0.681023 0.32316
1 0.208614 0.287253 0.207268 0.289048 0.192463 0.289048 0.191117 0.290844 0.176312 0.290844 0.176312 0.298025 0.177658 0.29623 0.189771 0.29623 0.191117 0.294434 0.20323 0.294434 0.204576 0.29623 0.204576 0.29982 0.205922 0.301616 0.205922 0.307002 0.243607 0.307002 0.244953 0.308797 0.244953 0.305206 0.243607 0.303411 0.243607 0.298025 0.212651 0.298025 0.20996 0.294434 0.20996 0.290844 0.208614 0.289048
1 0.059219 0.258528 0.057873 0.260323 0.053836 0.260323 0.05249 0.262118 0.047106 0.262118 0.04576 0.263914 0.033647 0.263914 0.032301 0.265709 0.032301 0.267504 0.02961 0.271095 0.030956 0.27289 0.032301 0.27289 0.034993 0.276481 0.036339 0.274686 0.051144 0.274686 0.055182 0.2693 0.056528 0.2693 0.057873 0.267504 0.079408 0.267504 0.080754 0.2693 0.0821 0.2693 0.084791 0.27289 0.086137 0.27289 0.088829 0.276481 0.090175 0.274686 0.106326 0.274686 0.107672 0.276481 0.109017 0.274686 0.126514 0.274686 0.12786 0.27289 0.139973 0.27289 0.144011 0.267504 0.142665 0.265709 0.142665 0.263914 0.141319 0.262118 0.13459 0.262118 0.133244 0.260323 0.131898 0.262118 0.130552 0.262118 0.12786 0.265709 0.126514 0.265709 0.125168 0.267504 0.123822 0.267504 0.122476 0.2693 0.114401 0.2693 0.113055 0.271095 0.103634 0.271095 0.102288 0.2693 0.100942 0.2693 0.099596 0.267504 0.09825 0.267504 0.096904 0.265709 0.095559 0.265709 0.094213 0.263914 0.092867 0.263914 0.091521 0.262118 0.090175 0.262118 0.088829 0.260323 0.072678 0.260323 0.071332 0.258528
1 0.685061 0.254937 0.685061 0.262118 0.686406 0.260323 0.703903 0.260323 0.705249 0.262118 0.705249 0.265709 0.703903 0.267504 0.699865 0.267504 0.699865 0.271095 0.701211 0.27289 0.701211 0.276481 0.702557 0.274686 0.706595 0.274686 0.707941 0.27289 0.711978 0.27289 0.711978 0.267504 0.713324 0.265709 0.713324 0.263914 0.71467 0.262118 0.7214 0.262118 0.718708 0.258528 0.718708 0.256732 0.717362 0.254937
1 0.183042 0.224417 0.183042 0.236984 0.192463 0.236984 0.192463 0.233393 0.191117 0.231598 0.191117 0.226212 0.184388 0.226212
1 0.253028 0.21544 0.257066 0.220826 0.275908 0.220826 0.277254 0.222621 0.277254 0.220826 0.275908 0.219031 0.275908 0.21544
1 0.398385 0.213645 0.397039 0.21544 0.341857 0.21544 0.341857 0.217235 0.340511 0.219031 0.340511 0.220826 0.339166 0.222621 0.339166 0.224417 0.33782 0.226212 0.33782 0.228007 0.336474 0.229803 0.336474 0.231598 0.335128 0.233393 0.33109 0.233393 0.329744 0.231598 0.325707 0.231598 0.324361 0.229803 0.321669 0.229803 0.320323 0.228007 0.316285 0.228007 0.314939 0.226212 0.314939 0.222621 0.313594 0.220826 0.313594 0.217235 0.294751 0.217235 0.294751 0.220826 0.296097 0.222621 0.296097 0.226212 0.30821 0.226212 0.310902 0.229803 0.312248 0.229803 0.314939 0.233393 0.316285 0.233393 0.318977 0.236984 0.320323 0.236984 0.323015 0.240575 0.324361 0.238779 0.343203 0.238779 0.345895 0.24237 0.345895 0.244165 0.347241 0.245961 0.347241 0.249551 0.348587 0.251346 0.348587 0.253142 0.349933 0.254937 0.349933 0.256732 0.351279 0.258528 0.351279 0.262118 0.352624 0.263914 0.352624 0.265709 0.35397 0.267504 0.35397 0.2693 0.352624 0.271095 0.335128 0.271095 0.333782 0.27289 0.333782 0.274686 0.332436 0.276481 0.333782 0.274686 0.347241 0.274686 0.348587 0.27289 0.363392 0.27289 0.362046 0.271095 0.362046 0.2693 0.3607 0.267504 0.3607 0.265709 0.359354 0.263914 0.359354 0.262118 0.358008 0.260323 0.358008 0.258528 0.356662 0.256732 0.358008 0.254937 0.398385 0.254937 0.398385 0.253142 0.397039 0.251346 0.397039 0.249551 0.375505 0.249551 0.374159 0.247756 0.35397 0.247756 0.352624 0.245961 0.352624 0.240575 0.35397 0.238779 0.35397 0.235189 0.352624 0.235189 0.351279 0.233393 0.348587 0.233393 0.347241 0.231598 0.345895 0.231598 0.344549 0.229803 0.344549 0.222621 0.345895 0.220826 0.398385 0.220826
1 0.969044 0.208259 0.967699 0.210054 0.965007 0.210054 0.963661 0.211849 0.959623 0.211849 0.958277 0.213645 0.909825 0.213645 0.915209 0.220826 0.916555 0.219031 0.978466 0.219031 0.982503 0.213645 0.979812 0.213645 0.978466 0.211849 0.974428 0.211849 0.973082 0.210054 0.97039 0.210054
1 0.065949 0.204668 0.064603 0.206463 0.061911 0.206463 0.060565 0.208259 0.057873 0.208259 0.056528 0.210054 0.055182 0.210054 0.053836 0.211849 0.05249 0.211849 0.049798 0.21544 0.048452 0.21544 0.047106 0.217235 0.04576 0.217235 0.04576 0.219031 0.044415 0.220826 0.044415 0.222621 0.043069 0.224417 0.044415 0.222621 0.055182 0.222621 0.056528 0.220826 0.067295 0.220826 0.068641 0.219031 0.078062 0.219031 0.078062 0.217235 0.079408 0.21544 0.079408 0.213645 0.080754 0.211849 0.079408 0.210054 0.078062 0.210054 0.074024 0.204668
1 0.080754 0.184919 0.079408 0.186715 0.074024 0.186715 0.072678 0.18851 0.065949 0.18851 0.064603 0.190305 0.049798 0.190305 0.051144 0.192101 0.051144 0.193896 0.053836 0.197487 0.056528 0.197487 0.057873 0.199282 0.072678 0.199282 0.074024 0.197487 0.078062 0.197487 0.079408 0.195691 0.0821 0.195691 0.083445 0.193896 0.083445 0.192101 0.086137 0.18851 0.086137 0.186715 0.087483 0.184919
