0 0.615051 0.945946 0.613603 0.947876 0.610709 0.947876 0.609262 0.949807 0.606368 0.949807 0.607815 0.951737 0.607815 0.953668 0.609262 0.955598 0.609262 0.957529 0.610709 0.959459 0.610709 0.96139 0.612156 0.96332 0.612156 0.965251 0.613603 0.96332 0.615051 0.96332 0.616498 0.96139 0.617945 0.96139 0.619392 0.959459 0.620839 0.959459 0.622287 0.957529 0.623734 0.957529
0 0.788712 0.928571 0.788712 0.934363 0.790159 0.936293 0.790159 0.947876 0.791606 0.949807 0.791606 0.96139 0.793054 0.96332 0.793054 0.969112 0.795948 0.969112 0.797395 0.971042 0.798842 0.971042 0.800289 0.972973 0.803184 0.972973 0.804631 0.974903 0.806078 0.974903 0.807525 0.976834 0.826339 0.976834 0.827786 0.974903 0.827786 0.972973 0.83068 0.969112 0.83068 0.96332 0.829233 0.96139 0.829233 0.955598 0.827786 0.955598 0.824891 0.951737 0.823444 0.951737 0.82055 0.947876 0.819103 0.947876 0.817656 0.945946 0.813314 0.945946 0.811867 0.944015 0.808973 0.944015 0.807525 0.942085 0.806078 0.944015 0.804631 0.944015 0.803184 0.945946 0.801737 0.945946 0.798842 0.949807 0.797395 0.949807 0.795948 0.947876 0.795948 0.942085 0.794501 0.940154 0.794501 0.930502 0.790159 0.930502
0 0.363242 0.859073 0.361795 0.861004 0.360347 0.861004 0.3589 0.862934 0.357453 0.862934 0.357453 0.893822 0.3589 0.895753 0.3589 0.901544 0.360347 0.903475 0.360347 0.907336 0.373372 0.907336 0.374819 0.909266 0.377713 0.909266 0.379161 0.911197 0.383502 0.911197 0.384949 0.913127 0.387844 0.913127 0.389291 0.915058 0.393632 0.915058 0.39508 0.916988 0.397974 0.916988 0.399421 0.918919 0.402315 0.918919 0.403763 0.920849 0.408104 0.920849 0.409551 0.92278 0.412446 0.92278 0.413893 0.92471 0.419682 0.916988 0.419682 0.915058 0.418234 0.913127 0.418234 0.911197 0.419682 0.909266 0.421129 0.909266 0.422576 0.911197 0.424023 0.911197 0.42547 0.913127 0.431259 0.905405 0.431259 0.903475 0.437048 0.895753 0.413893 0.864865 0.389291 0.864865 0.387844 0.862934 0.376266 0.862934 0.374819 0.861004 0.364689 0.861004
0 0.044863 0.789575 0.044863 0.791506 0.043415 0.793436 0.043415 0.795367 0.041968 0.797297 0.041968 0.799228 0.043415 0.799228 0.04631 0.803089 0.047757 0.803089 0.050651 0.80695 0.052098 0.80695 0.053546 0.80888 0.05644 0.805019 0.05644 0.803089 0.059334 0.799228 0.060781 0.801158 0.060781 0.803089 0.065123 0.80888 0.065123 0.810811 0.06657 0.812741 0.069465 0.80888 0.070912 0.80888 0.069465 0.80695 0.069465 0.805019 0.065123 0.799228 0.065123 0.797297 0.062229 0.793436 0.062229 0.791506 0.060781 0.789575
0 0.125904 0.760618 0.125904 0.774131 0.124457 0.776062 0.124457 0.803089 0.12301 0.805019 0.12301 0.818533 0.134588 0.818533 0.134588 0.812741 0.13314 0.810811 0.13314 0.80695 0.134588 0.805019 0.140376 0.805019 0.140376 0.801158 0.141823 0.799228 0.141823 0.795367 0.140376 0.793436 0.138929 0.793436 0.134588 0.787645 0.134588 0.781853 0.13314 0.779923 0.13314 0.774131 0.136035 0.77027 0.136035 0.76834 0.140376 0.762548 0.127352 0.762548
0 0.962373 0.725869 0.960926 0.727799 0.949349 0.727799 0.947902 0.72973 0.936324 0.72973 0.936324 0.73166 0.937771 0.733591 0.937771 0.739382 0.939219 0.741313 0.939219 0.745174 0.940666 0.747104 0.940666 0.749035 0.94356 0.749035 0.945007 0.750965 0.947902 0.750965 0.949349 0.752896 0.95369 0.752896 0.955137 0.754826 0.958032 0.754826 0.959479 0.756757 0.962373 0.756757 0.963821 0.758687 0.966715 0.758687 0.968162 0.760618 0.972504 0.760618 0.973951 0.762548 0.976845 0.762548 0.978292 0.764479 0.981187 0.764479 0.982634 0.766409 0.985528 0.766409 0.986975 0.76834 0.991317 0.76834 0.992764 0.77027 0.995658 0.77027 0.997106 0.772201 0.998553 0.772201 0.998553 0.758687 0.992764 0.758687 0.991317 0.756757 0.984081 0.756757 0.982634 0.754826 0.97974 0.754826 0.978292 0.752896 0.975398 0.752896 0.973951 0.750965 0.972504 0.750965 0.971056 0.749035 0.968162 0.749035 0.966715 0.747104 0.963821 0.747104 0.962373 0.745174 0.963821 0.743243 0.97974 0.743243 0.981187 0.745174 0.998553 0.745174 0.998553 0.727799 0.985528 0.727799 0.984081 0.725869
0 0.050651 0.723938 0.040521 0.737452 0.041968 0.737452 0.044863 0.741313 0.04631 0.741313 0.047757 0.743243 0.050651 0.739382 0.052098 0.739382 0.054993 0.735521 0.060781 0.735521 0.062229 0.737452 0.062229 0.733591 0.060781 0.73166 0.060781 0.727799 0.05644 0.727799 0.054993 0.725869 0.052098 0.725869
0 0.690304 0.706564 0.685962 0.712355 0.685962 0.720077 0.688857 0.720077 0.690304 0.722008 0.691751 0.722008 0.693198 0.723938 0.694645 0.722008 0.694645 0.720077 0.696093 0.718147 0.696093 0.716216 0.69754 0.714286 0.696093 0.712355 0.694645 0.712355
0 0.088278 0.700772 0.086831 0.702703 0.085384 0.702703 0.083936 0.704633 0.081042 0.704633 0.081042 0.708494 0.082489 0.710425 0.082489 0.716216 0.088278 0.723938 0.088278 0.725869 0.092619 0.73166 0.099855 0.73166 0.10275 0.735521 0.104197 0.735521 0.108538 0.741313 0.109986 0.739382 0.109986 0.737452 0.111433 0.735521 0.111433 0.733591 0.11288 0.73166 0.114327 0.73166 0.117221 0.735521 0.117221 0.733591 0.118669 0.73166 0.118669 0.72973 0.120116 0.727799 0.120116 0.725869 0.121563 0.723938 0.121563 0.722008 0.12301 0.720077 0.115774 0.710425 0.114327 0.710425 0.11288 0.708494 0.111433 0.708494 0.108538 0.704633 0.107091 0.704633 0.105644 0.702703 0.104197 0.702703 0.10275 0.700772
0 0.22576 0.687259 0.22576 0.69112 0.224313 0.69305 0.224313 0.694981 0.22576 0.694981 0.227207 0.696911 0.228654 0.696911 0.230101 0.698842 0.231548 0.698842 0.232996 0.700772 0.238784 0.700772 0.240232 0.702703 0.24602 0.702703 0.247467 0.704633 0.253256 0.696911 0.250362 0.69305 0.248915 0.69305 0.244573 0.687259
0 0.389291 0.666023 0.384949 0.671815 0.384949 0.677606 0.39508 0.677606 0.39508 0.667954 0.390738 0.667954
0 0.376266 0.660232 0.374819 0.662162 0.370478 0.662162 0.370478 0.671815 0.379161 0.671815 0.380608 0.673745 0.380608 0.669884 0.382055 0.667954 0.382055 0.664093 0.380608 0.664093 0.379161 0.662162 0.377713 0.662162
0 0.785818 0.646718 0.78437 0.648649 0.769899 0.648649 0.769899 0.65251 0.771346 0.65444 0.771346 0.658301 0.772793 0.656371 0.787265 0.656371 0.787265 0.65251 0.785818 0.650579
0 0.613603 0.631274 0.612156 0.633205 0.607815 0.633205 0.606368 0.635135 0.589001 0.635135 0.587554 0.637066 0.586107 0.637066 0.58466 0.638996 0.583213 0.638996 0.58466 0.640927 0.586107 0.640927 0.589001 0.644788 0.590449 0.644788 0.593343 0.648649 0.59479 0.648649 0.596237 0.650579 0.597685 0.650579 0.599132 0.65251 0.600579 0.65251 0.602026 0.65444 0.603473 0.65444 0.60492 0.656371 0.606368 0.65444 0.606368 0.648649 0.607815 0.646718 0.607815 0.642857 0.609262 0.640927 0.610709 0.640927 0.613603 0.637066 0.615051 0.637066 0.616498 0.635135 0.616498 0.631274
0 0.751085 0.621622 0.751085 0.623552 0.749638 0.625483 0.749638 0.627413 0.748191 0.629344 0.746744 0.629344 0.743849 0.633205 0.727931 0.633205 0.727931 0.637066 0.726483 0.638996 0.726483 0.642857 0.743849 0.642857 0.745297 0.640927 0.745297 0.638996 0.749638 0.633205 0.752533 0.633205 0.752533 0.631274 0.75398 0.629344 0.75398 0.627413 0.755427 0.625483 0.75398 0.625483
0 0.769899 0.586873 0.769899 0.588803 0.768452 0.590734 0.768452 0.592664 0.767004 0.594595 0.767004 0.596525 0.765557 0.598456 0.765557 0.600386 0.76411 0.602317 0.765557 0.604247 0.765557 0.606178 0.767004 0.608108 0.767004 0.610039 0.768452 0.611969 0.768452 0.6139 0.769899 0.61583 0.771346 0.6139 0.777135 0.6139 0.778582 0.611969 0.778582 0.610039 0.780029 0.608108 0.780029 0.604247 0.781476 0.602317 0.781476 0.600386 0.780029 0.598456 0.780029 0.596525 0.778582 0.594595 0.778582 0.592664 0.777135 0.590734 0.777135 0.588803 0.775687 0.586873
0 0.892909 0.584942 0.891462 0.586873 0.881331 0.586873 0.882779 0.588803 0.884226 0.588803 0.890014 0.596525 0.891462 0.596525 0.894356 0.600386 0.895803 0.598456 0.903039 0.598456 0.903039 0.596525 0.901592 0.594595 0.901592 0.590734 0.900145 0.590734 0.898698 0.588803 0.89725 0.588803 0.895803 0.586873 0.894356 0.586873
0 0.256151 0.554054 0.254703 0.555985 0.251809 0.555985 0.250362 0.557915 0.247467 0.557915 0.248915 0.557915 0.251809 0.561776 0.253256 0.561776 0.254703 0.563707 0.256151 0.563707 0.259045 0.567568 0.260492 0.567568 0.263386 0.571429 0.264834 0.571429 0.266281 0.573359 0.272069 0.565637 0.270622 0.565637 0.269175 0.563707 0.267728 0.563707 0.266281 0.561776 0.264834 0.561776 0.261939 0.557915 0.260492 0.557915 0.259045 0.555985 0.257598 0.555985
0 0.458755 0.552124 0.457308 0.554054 0.455861 0.554054 0.452967 0.557915 0.45152 0.557915 0.450072 0.559846 0.448625 0.559846 0.445731 0.563707 0.444284 0.563707 0.442836 0.565637 0.441389 0.565637 0.439942 0.567568 0.452967 0.567568 0.454414 0.565637 0.457308 0.565637 0.458755 0.563707 0.460203 0.563707 0.46165 0.561776 0.464544 0.561776 0.46165 0.557915 0.46165 0.555985
0 0.767004 0.542471 0.767004 0.544402 0.765557 0.546332 0.765557 0.548263 0.76411 0.550193 0.76411 0.552124 0.767004 0.552124 0.768452 0.554054 0.771346 0.554054 0.772793 0.555985 0.775687 0.555985 0.777135 0.557915 0.778582 0.555985 0.778582 0.554054 0.780029 0.552124 0.780029 0.542471
0 0.201158 0.540541 0.201158 0.544402 0.202605 0.546332 0.202605 0.552124 0.204052 0.550193 0.208394 0.550193 0.209841 0.548263 0.214182 0.548263 0.212735 0.546332 0.212735 0.544402 0.211288 0.542471 0.211288 0.540541
0 0.45152 0.486486 0.450072 0.488417 0.448625 0.488417 0.445731 0.492278 0.444284 0.492278 0.442836 0.494208 0.441389 0.494208 0.439942 0.496139 0.438495 0.496139 0.435601 0.5 0.434153 0.5 0.432706 0.501931 0.432706 0.503861 0.431259 0.505792 0.431259 0.507722 0.428365 0.511583 0.428365 0.513514 0.426918 0.515444 0.434153 0.515444 0.435601 0.517375 0.441389 0.517375 0.442836 0.519305 0.450072 0.519305 0.45152 0.521236 0.457308 0.521236 0.458755 0.523166 0.463097 0.523166 0.464544 0.525097 0.467438 0.525097 0.468886 0.527027 0.473227 0.527027 0.474674 0.528958 0.476122 0.527027 0.477569 0.527027 0.479016 0.525097 0.48191 0.525097 0.483357 0.523166 0.484805 0.523166 0.486252 0.521236 0.489146 0.521236 0.489146 0.515444 0.487699 0.513514 0.487699 0.507722 0.486252 0.505792 0.484805 0.505792 0.48191 0.501931 0.480463 0.501931 0.477569 0.498069 0.476122 0.498069 0.473227 0.494208 0.468886 0.494208 0.467438 0.492278 0.463097 0.492278 0.46165 0.490347 0.458755 0.490347 0.457308 0.488417 0.452967 0.488417
0 0.208394 0.438224 0.206946 0.440154 0.186686 0.440154 0.186686 0.442085 0.185239 0.444015 0.185239 0.449807 0.183792 0.451737 0.183792 0.453668 0.185239 0.451737 0.18958 0.451737 0.191027 0.449807 0.195369 0.449807 0.196816 0.447876 0.201158 0.447876 0.202605 0.445946 0.212735 0.445946 0.209841 0.442085 0.209841 0.440154
0 0.316932 0.428571 0.314038 0.432432 0.31259 0.432432 0.311143 0.434363 0.311143 0.444015 0.318379 0.444015 0.319826 0.445946 0.327062 0.445946 0.328509 0.447876 0.328509 0.445946 0.329957 0.444015 0.329957 0.442085 0.331404 0.440154 0.331404 0.438224 0.325615 0.430502 0.318379 0.430502
0 0.545586 0.411197 0.545586 0.418919 0.547033 0.420849 0.547033 0.430502 0.54848 0.432432 0.54848 0.434363 0.549928 0.436293 0.549928 0.438224 0.551375 0.440154 0.551375 0.442085 0.570188 0.442085 0.570188 0.438224 0.568741 0.436293 0.568741 0.430502 0.567294 0.428571 0.567294 0.42471 0.564399 0.42471 0.562952 0.42278 0.560058 0.42278 0.554269 0.415058 0.551375 0.415058 0.549928 0.413127 0.54848 0.413127 0.547033 0.411197
0 0.434153 0.382239 0.428365 0.389961 0.429812 0.391892 0.431259 0.391892 0.434153 0.395753 0.435601 0.395753 0.438495 0.399614 0.439942 0.397683 0.439942 0.395753 0.442836 0.391892 0.439942 0.388031 0.438495 0.388031
0 0.387844 0.289575 0.386397 0.291506 0.376266 0.291506 0.376266 0.293436 0.374819 0.295367 0.374819 0.299228 0.373372 0.301158 0.373372 0.303089 0.374819 0.301158 0.379161 0.301158 0.380608 0.299228 0.386397 0.299228 0.387844 0.297297 0.389291 0.297297 0.390738 0.295367 0.393632 0.295367 0.392185 0.293436 0.390738 0.293436
0 0.445731 0.285714 0.445731 0.295367 0.447178 0.297297 0.447178 0.30695 0.476122 0.30695 0.476122 0.299228 0.474674 0.297297 0.474674 0.289575 0.470333 0.289575 0.468886 0.287645 0.464544 0.287645 0.463097 0.285714
0 0.273517 0.241313 0.272069 0.243243 0.269175 0.243243 0.272069 0.243243 0.273517 0.245174 0.276411 0.245174 0.277858 0.247104 0.279305 0.245174 0.303907 0.245174 0.303907 0.241313
0 0.431259 0.235521 0.429812 0.237452 0.426918 0.237452 0.426918 0.239382 0.428365 0.241313 0.428365 0.243243 0.426918 0.245174 0.424023 0.245174 0.422576 0.247104 0.418234 0.247104 0.418234 0.250965 0.416787 0.252896 0.416787 0.254826 0.429812 0.254826 0.431259 0.256757 0.431259 0.260618 0.432706 0.258687 0.438495 0.258687 0.439942 0.256757 0.444284 0.256757 0.444284 0.250965 0.445731 0.249035 0.445731 0.245174 0.444284 0.245174 0.442836 0.243243 0.441389 0.243243 0.439942 0.241313 0.438495 0.241313 0.437048 0.239382 0.435601 0.239382 0.434153 0.237452 0.432706 0.237452
0 0.376266 0.212355 0.374819 0.214286 0.363242 0.214286 0.363242 0.216216 0.364689 0.218147 0.364689 0.220077 0.366136 0.218147 0.376266 0.218147
1 0.816208 0.519305 0.814761 0.521236 0.813314 0.521236 0.811867 0.523166 0.808973 0.523166 0.807525 0.525097 0.806078 0.525097 0.804631 0.527027 0.803184 0.527027 0.801737 0.528958 0.800289 0.528958 0.777135 0.559846 0.775687 0.557915 0.772793 0.557915 0.771346 0.555985 0.768452 0.555985 0.767004 0.554054 0.755427 0.554054 0.75398 0.555985 0.746744 0.555985 0.745297 0.557915 0.736614 0.557915 0.735166 0.559846 0.727931 0.559846 0.726483 0.561776 0.7178 0.561776 0.7178 0.563707 0.716353 0.565637 0.716353 0.567568 0.714906 0.569498 0.714906 0.571429 0.713459 0.573359 0.713459 0.57529 0.712012 0.57722 0.712012 0.579151 0.710564 0.581081 0.710564 0.583012 0.709117 0.584942 0.709117 0.586873 0.70767 0.588803 0.70767 0.590734 0.706223 0.592664 0.706223 0.594595 0.704776 0.596525 0.704776 0.598456 0.703329 0.600386 0.703329 0.602317 0.698987 0.608108 0.698987 0.610039 0.696093 0.6139 0.696093 0.631274 0.694645 0.633205 0.694645 0.65251 0.698987 0.658301 0.700434 0.658301 0.706223 0.666023 0.703329 0.669884 0.701881 0.669884 0.69754 0.675676 0.696093 0.675676 0.693198 0.679537 0.690304 0.679537 0.688857 0.681467 0.68741 0.681467 0.685962 0.683398 0.683068 0.683398 0.683068 0.718147 0.684515 0.720077 0.684515 0.72973 0.685962 0.73166 0.685962 0.741313 0.68741 0.743243 0.68741 0.752896 0.688857 0.754826 0.688857 0.764479 0.690304 0.766409 0.690304 0.787645 0.688857 0.789575 0.688857 0.822394 0.68741 0.824324 0.68741 0.84556 0.688857 0.84749 0.688857 0.859073 0.690304 0.861004 0.690304 0.872587 0.691751 0.874517 0.691751 0.888031 0.693198 0.889961 0.693198 0.905405 0.694645 0.907336 0.694645 0.920849 0.696093 0.92278 0.696093 0.938224 0.69754 0.940154 0.69754 0.949807 0.698987 0.951737 0.698987 0.957529 0.700434 0.959459 0.700434 0.965251 0.701881 0.967181 0.701881 0.972973 0.703329 0.974903 0.703329 0.980695 0.704776 0.982625 0.704776 0.988417 0.706223 0.990347 0.706223 0.996139 0.70767 0.998069 0.965268 0.998069 0.978292 0.980695 0.97974 0.980695 0.982634 0.976834 0.984081 0.976834 0.986975 0.972973 0.988423 0.972973 0.991317 0.969112 0.992764 0.969112 0.995658 0.965251 0.997106 0.965251 0.998553 0.96332 0.998553 0.882239 0.976845 0.882239 0.975398 0.88417 0.95369 0.88417 0.95369 0.895753 0.955137 0.897683 0.955137 0.909266 0.95369 0.911197 0.952243 0.909266 0.949349 0.909266 0.947902 0.907336 0.945007 0.907336 0.94356 0.905405 0.940666 0.905405 0.939219 0.903475 0.936324 0.903475 0.934877 0.901544 0.931983 0.901544 0.930535 0.903475 0.916064 0.88417 0.914616 0.88417 0.901592 0.866795 0.900145 0.866795 0.898698 0.864865 0.895803 0.864865 0.894356 0.862934 0.892909 0.862934 0.891462 0.861004 0.888567 0.861004 0.88712 0.859073 0.885673 0.859073 0.884226 0.857143 0.881331 0.857143 0.879884 0.855212 0.878437 0.855212 0.87699 0.853282 0.874096 0.853282 0.871201 0.849421 0.869754 0.849421 0.86686 0.84556 0.865412 0.84556 0.862518 0.841699 0.861071 0.841699 0.858177 0.837838 0.856729 0.837838 0.853835 0.833977 0.852388 0.833977 0.849493 0.830116 0.848046 0.830116 0.846599 0.828185 0.846599 0.826255 0.845152 0.824324 0.845152 0.820463 0.843705 0.818533 0.843705 0.814672 0.842258 0.812741 0.842258 0.80888 0.84081 0.80695 0.84081 0.803089 0.839363 0.801158 0.839363 0.797297 0.837916 0.795367 0.837916 0.791506 0.836469 0.789575 0.836469 0.787645 0.835022 0.785714 0.833575 0.785714 0.829233 0.779923 0.827786 0.779923 0.823444 0.774131 0.821997 0.774131 0.817656 0.76834 0.816208 0.76834 0.811867 0.762548 0.81042 0.762548 0.806078 0.756757 0.804631 0.756757 0.800289 0.750965 0.798842 0.750965 0.794501 0.745174 0.793054 0.745174 0.790159 0.741313 0.795948 0.733591 0.795948 0.73166 0.803184 0.722008 0.836469 0.722008 0.837916 0.723938 0.843705 0.723938 0.845152 0.725869 0.850941 0.725869 0.852388 0.727799 0.858177 0.727799 0.859624 0.72973 0.865412 0.72973 0.86686 0.73166 0.872648 0.73166 0.878437 0.739382 0.879884 0.739382 0.884226 0.745174 0.884226 0.747104 0.885673 0.749035 0.885673 0.752896 0.88712 0.754826 0.88712 0.756757 0.888567 0.758687 0.888567 0.762548 0.890014 0.764479 0.890014 0.766409 0.892909 0.766409 0.894356 0.76834 0.89725 0.76834 0.898698 0.77027 0.901592 0.77027 0.903039 0.772201 0.905933 0.772201 0.907381 0.774131 0.910275 0.774131 0.911722 0.776062 0.914616 0.776062 0.916064 0.777992 0.918958 0.777992 0.920405 0.779923 0.9233 0.779923 0.924747 0.781853 0.927641 0.781853 0.929088 0.783784 0.931983 0.783784 0.93343 0.785714 0.936324 0.785714 0.937771 0.787645 0.940666 0.787645 0.942113 0.789575 0.945007 0.789575 0.946454 0.791506 0.946454 0.793436 0.947902 0.795367 0.947902 0.797297 0.949349 0.799228 0.949349 0.801158 0.950796 0.803089 0.950796 0.805019 0.952243 0.80695 0.952243 0.80888 0.95369 0.80888 0.956585 0.812741 0.958032 0.812741 0.960926 0.816602 0.962373 0.816602 0.963821 0.818533 0.965268 0.818533 0.968162 0.822394 0.969609 0.822394 0.971056 0.824324 0.972504 0.824324 0.975398 0.828185 0.976845 0.828185 0.97974 0.832046 0.981187 0.832046 0.982634 0.833977 0.984081 0.833977 0.986975 0.837838 0.988423 0.837838 0.98987 0.839768 0.991317 0.839768 0.994211 0.843629 0.995658 0.843629 0.998553 0.84749 0.998553 0.812741 0.997106 0.812741 0.995658 0.810811 0.994211 0.810811 0.992764 0.80888 0.991317 0.80888 0.988423 0.805019 0.986975 0.805019 0.985528 0.803089 0.984081 0.803089 0.982634 0.801158 0.981187 0.801158 0.97974 0.799228 0.978292 0.799228 0.976845 0.797297 0.975398 0.797297 0.973951 0.795367 0.972504 0.795367 0.971056 0.793436 0.969609 0.793436 0.966715 0.789575 0.965268 0.789575 0.963821 0.787645 0.962373 0.787645 0.960926 0.785714 0.959479 0.785714 0.958032 0.783784 0.956585 0.783784 0.955137 0.781853 0.95369 0.781853 0.950796 0.777992 0.949349 0.777992 0.946454 0.774131 0.945007 0.774131 0.94356 0.772201 0.937771 0.772201 0.936324 0.77027 0.929088 0.77027 0.927641 0.76834 0.9233 0.76834 0.921852 0.766409 0.917511 0.766409 0.916064 0.764479 0.911722 0.764479 0.910275 0.762548 0.911722 0.760618 0.913169 0.760618 0.914616 0.758687 0.917511 0.758687 0.918958 0.756757 0.920405 0.756757 0.921852 0.754826 0.9233 0.754826 0.920405 0.750965 0.918958 0.750965 0.914616 0.745174 0.914616 0.737452 0.913169 0.735521 0.913169 0.72973 0.914616 0.727799 0.947902 0.727799 0.949349 0.725869 0.960926 0.725869 0.962373 0.723938 0.985528 0.723938 0.991317 0.716216 0.992764 0.716216 0.998553 0.708494 0.998553 0.635135 0.994211 0.635135 0.992764 0.633205 0.98987 0.633205 0.988423 0.631274 0.984081 0.631274 0.982634 0.629344 0.97974 0.629344 0.978292 0.627413 0.972504 0.627413 0.971056 0.629344 0.969609 0.629344 0.968162 0.631274 0.966715 0.631274 0.965268 0.633205 0.963821 0.633205 0.962373 0.635135 0.960926 0.635135 0.958032 0.638996 0.956585 0.638996 0.955137 0.640927 0.95369 0.640927 0.952243 0.642857 0.950796 0.642857 0.949349 0.644788 0.947902 0.644788 0.946454 0.646718 0.945007 0.646718 0.94356 0.648649 0.9233 0.648649 0.920405 0.65251 0.918958 0.65251 0.917511 0.65444 0.916064 0.65444 0.913169 0.658301 0.911722 0.658301 0.910275 0.660232 0.908828 0.660232 0.905933 0.664093 0.904486 0.664093 0.903039 0.666023 0.901592 0.666023 0.898698 0.669884 0.89725 0.669884 0.89725 0.694981 0.895803 0.696911 0.891462 0.696911 0.890014 0.698842 0.885673 0.698842 0.884226 0.700772 0.879884 0.700772 0.878437 0.702703 0.874096 0.702703 0.872648 0.704633 0.842258 0.704633 0.84081 0.706564 0.833575 0.696911 0.832127 0.696911 0.826339 0.689189 0.826339 0.675676 0.824891 0.673745 0.824891 0.662162 0.826339 0.660232 0.827786 0.660232 0.83068 0.656371 0.832127 0.656371 0.833575 0.65444 0.835022 0.65444 0.837916 0.650579 0.839363 0.650579 0.84081 0.648649 0.848046 0.648649 0.849493 0.646718 0.855282 0.646718 0.849493 0.638996 0.849493 0.637066 0.843705 0.629344 0.845152 0.627413 0.852388 0.627413 0.853835 0.625483 0.861071 0.625483 0.862518 0.623552 0.869754 0.623552 0.871201 0.621622 0.87699 0.621622 0.878437 0.619691 0.885673 0.619691 0.88712 0.617761 0.894356 0.617761 0.895803 0.619691 0.892909 0.623552 0.892909 0.625483 0.88712 0.633205 0.88712 0.635135 0.882779 0.640927 0.882779 0.642857 0.888567 0.642857 0.890014 0.640927 0.898698 0.640927 0.900145 0.638996 0.907381 0.638996 0.908828 0.637066 0.917511 0.637066 0.918958 0.635135 0.927641 0.635135 0.929088 0.633205 0.930535 0.633205 0.931983 0.631274 0.93343 0.631274 0.934877 0.629344 0.936324 0.629344 0.937771 0.627413 0.939219 0.627413 0.940666 0.625483 0.942113 0.625483 0.94356 0.623552 0.945007 0.623552 0.946454 0.621622 0.950796 0.621622 0.952243 0.619691 0.956585 0.619691 0.958032 0.617761 0.960926 0.617761 0.962373 0.61583 0.966715 0.61583 0.968162 0.6139 0.972504 0.6139 0.971056 0.611969 0.969609 0.611969 0.966715 0.608108 0.965268 0.608108 0.962373 0.604247 0.960926 0.604247 0.958032 0.600386 0.956585 0.600386 0.95369 0.596525 0.952243 0.596525 0.949349 0.592664 0.94356 0.592664 0.942113 0.594595 0.937771 0.594595 0.936324 0.596525 0.931983 0.596525 0.930535 0.598456 0.929088 0.596525 0.929088 0.588803 0.927641 0.586873 0.927641 0.579151 0.924747 0.579151 0.9233 0.57722 0.918958 0.57722 0.917511 0.57529 0.914616 0.57529 0.913169 0.573359 0.911722 0.573359 0.908828 0.569498 0.907381 0.569498 0.904486 0.565637 0.903039 0.565637 0.900145 0.561776 0.898698 0.561776 0.89725 0.559846 0.895803 0.559846 0.892909 0.555985 0.891462 0.555985 0.888567 0.552124 0.88712 0.552124 0.885673 0.550193 0.882779 0.550193 0.881331 0.548263 0.878437 0.548263 0.87699 0.546332 0.874096 0.546332 0.872648 0.544402 0.869754 0.544402 0.868307 0.542471 0.86686 0.542471 0.865412 0.540541 0.862518 0.540541 0.861071 0.53861 0.858177 0.53861 0.856729 0.53668 0.853835 0.53668 0.852388 0.534749 0.849493 0.534749 0.848046 0.532819 0.845152 0.532819 0.843705 0.530888 0.842258 0.530888 0.84081 0.528958 0.837916 0.528958 0.836469 0.527027 0.833575 0.527027 0.832127 0.525097 0.829233 0.525097 0.827786 0.523166 0.826339 0.523166 0.824891 0.521236 0.821997 0.521236 0.82055 0.519305
1 0.525326 0.490347 0.523878 0.492278 0.51809 0.492278 0.515195 0.496139 0.513748 0.496139 0.507959 0.503861 0.506512 0.503861 0.500724 0.511583 0.499276 0.511583 0.493488 0.519305 0.492041 0.519305 0.489146 0.523166 0.486252 0.523166 0.484805 0.525097 0.483357 0.525097 0.48191 0.527027 0.479016 0.527027 0.477569 0.528958 0.476122 0.528958 0.474674 0.530888 0.441389 0.530888 0.439942 0.532819 0.40521 0.532819 0.403763 0.534749 0.370478 0.534749 0.370478 0.540541 0.36903 0.542471 0.36903 0.546332 0.408104 0.546332 0.409551 0.544402 0.45152 0.544402 0.452967 0.542471 0.493488 0.542471 0.494935 0.540541 0.496382 0.542471 0.509407 0.542471 0.510854 0.544402 0.515195 0.544402 0.516643 0.546332 0.520984 0.546332 0.522431 0.548263 0.526773 0.548263 0.52822 0.550193 0.535456 0.550193 0.536903 0.552124 0.545586 0.552124 0.545586 0.550193 0.547033 0.548263 0.547033 0.546332 0.54848 0.544402 0.52822 0.544402 0.526773 0.542471 0.525326 0.542471 0.523878 0.540541 0.520984 0.540541 0.519537 0.53861 0.51809 0.53861 0.516643 0.53668 0.513748 0.53668 0.512301 0.534749 0.510854 0.534749 0.509407 0.532819 0.506512 0.532819 0.505065 0.530888 0.503618 0.530888 0.502171 0.528958 0.505065 0.525097 0.505065 0.523166 0.509407 0.517375 0.509407 0.515444 0.513748 0.509653 0.513748 0.507722 0.516643 0.503861 0.52822 0.503861 0.529667 0.501931 0.539797 0.501931 0.541245 0.5 0.542692 0.501931 0.545586 0.501931 0.547033 0.503861 0.549928 0.503861 0.551375 0.505792 0.554269 0.505792 0.555716 0.507722 0.558611 0.507722 0.560058 0.509653 0.561505 0.509653 0.562952 0.511583 0.565847 0.511583 0.567294 0.513514 0.570188 0.513514 0.571635 0.515444 0.57453 0.515444 0.575977 0.517375 0.578871 0.517375 0.580318 0.519305 0.583213 0.519305 0.58466 0.521236 0.587554 0.521236 0.589001 0.523166 0.591896 0.523166 0.593343 0.525097 0.59479 0.525097 0.596237 0.527027 0.599132 0.527027 0.600579 0.528958 0.603473 0.528958 0.60492 0.530888 0.607815 0.530888 0.609262 0.532819 0.610709 0.532819 0.610709 0.530888 0.609262 0.528958 0.609262 0.521236 0.607815 0.519305 0.607815 0.515444 0.60492 0.515444 0.603473 0.513514 0.599132 0.513514 0.597685 0.511583 0.59479 0.511583 0.593343 0.509653 0.590449 0.509653 0.589001 0.507722 0.586107 0.507722 0.58466 0.505792 0.580318 0.505792 0.578871 0.503861 0.575977 0.503861 0.57453 0.501931 0.571635 0.501931 0.570188 0.5 0.565847 0.5 0.564399 0.498069 0.561505 0.498069 0.560058 0.496139 0.557164 0.496139 0.555716 0.494208 0.552822 0.494208 0.551375 0.492278 0.547033 0.492278 0.545586 0.490347
1 0.532562 0.444015 0.531114 0.445946 0.531114 0.447876 0.529667 0.449807 0.52822 0.447876 0.513748 0.447876 0.515195 0.449807 0.515195 0.451737 0.516643 0.453668 0.523878 0.453668 0.525326 0.455598 0.532562 0.455598 0.534009 0.457529 0.583213 0.457529 0.58466 0.455598 0.586107 0.457529 0.589001 0.457529 0.590449 0.459459 0.59479 0.459459 0.596237 0.46139 0.599132 0.46139 0.600579 0.46332 0.60492 0.46332 0.606368 0.465251 0.613603 0.465251 0.612156 0.46332 0.610709 0.46332 0.609262 0.46139 0.610709 0.459459 0.615051 0.459459 0.616498 0.46139 0.622287 0.46139 0.623734 0.46332 0.628075 0.46332 0.629522 0.465251 0.635311 0.465251 0.636758 0.467181 0.6411 0.467181 0.642547 0.469112 0.648336 0.469112 0.649783 0.471042 0.654124 0.471042 0.655572 0.472973 0.66136 0.472973 0.662808 0.474903 0.665702 0.474903 0.667149 0.472973 0.667149 0.471042 0.662808 0.471042 0.66136 0.469112 0.657019 0.469112 0.655572 0.467181 0.649783 0.467181 0.648336 0.465251 0.643994 0.465251 0.642547 0.46332 0.638205 0.46332 0.636758 0.46139 0.632417 0.46139 0.63097 0.459459 0.625181 0.459459 0.623734 0.457529 0.619392 0.457529 0.617945 0.455598 0.607815 0.455598 0.606368 0.453668 0.60492 0.453668 0.603473 0.451737 0.602026 0.451737 0.600579 0.449807 0.599132 0.449807 0.597685 0.447876 0.596237 0.447876 0.59479 0.445946 0.58466 0.445946 0.583213 0.444015 0.552822 0.444015 0.551375 0.445946 0.549928 0.444015
1 0.565847 0.274131 0.565847 0.283784 0.564399 0.285714 0.561505 0.285714 0.560058 0.287645 0.558611 0.287645 0.557164 0.289575 0.554269 0.289575 0.552822 0.291506 0.552822 0.293436 0.551375 0.295367 0.551375 0.297297 0.549928 0.299228 0.558611 0.299228 0.560058 0.301158 0.560058 0.318533 0.558611 0.320463 0.558611 0.322394 0.557164 0.324324 0.557164 0.326255 0.554269 0.330116 0.554269 0.332046 0.551375 0.335907 0.551375 0.337838 0.549928 0.339768 0.549928 0.341699 0.547033 0.34556 0.544139 0.341699 0.542692 0.341699 0.539797 0.337838 0.53835 0.337838 0.535456 0.333977 0.534009 0.333977 0.531114 0.330116 0.529667 0.330116 0.526773 0.326255 0.525326 0.326255 0.523878 0.324324 0.523878 0.326255 0.522431 0.328185 0.522431 0.330116 0.520984 0.332046 0.520984 0.333977 0.519537 0.335907 0.519537 0.337838 0.51809 0.339768 0.51809 0.341699 0.516643 0.343629 0.516643 0.34556 0.515195 0.34749 0.513748 0.34556 0.510854 0.34556 0.509407 0.343629 0.506512 0.343629 0.505065 0.341699 0.502171 0.341699 0.500724 0.339768 0.497829 0.339768 0.496382 0.337838 0.492041 0.337838 0.490593 0.335907 0.487699 0.335907 0.486252 0.333977 0.483357 0.333977 0.48191 0.332046 0.480463 0.332046 0.480463 0.333977 0.479016 0.335907 0.479016 0.339768 0.483357 0.339768 0.484805 0.341699 0.489146 0.341699 0.490593 0.343629 0.492041 0.343629 0.493488 0.34556 0.494935 0.34556 0.496382 0.34749 0.497829 0.34749 0.500724 0.351351 0.502171 0.351351 0.503618 0.353282 0.505065 0.353282 0.506512 0.355212 0.507959 0.355212 0.509407 0.357143 0.510854 0.357143 0.512301 0.359073 0.512301 0.362934 0.510854 0.364865 0.510854 0.370656 0.509407 0.372587 0.507959 0.370656 0.503618 0.370656 0.502171 0.368726 0.499276 0.368726 0.497829 0.370656 0.497829 0.372587 0.500724 0.372587 0.502171 0.374517 0.506512 0.374517 0.507959 0.376448 0.510854 0.376448 0.512301 0.378378 0.516643 0.378378 0.51809 0.380309 0.520984 0.380309 0.522431 0.382239 0.519537 0.3861 0.519537 0.388031 0.516643 0.391892 0.513748 0.391892 0.512301 0.393822 0.510854 0.393822 0.510854 0.401544 0.586107 0.401544 0.587554 0.399614 0.587554 0.397683 0.581766 0.397683 0.580318 0.395753 0.57453 0.395753 0.573082 0.393822 0.573082 0.389961 0.57453 0.388031 0.57453 0.382239 0.577424 0.378378 0.578871 0.378378 0.581766 0.374517 0.583213 0.374517 0.586107 0.370656 0.587554 0.372587 0.590449 0.372587 0.591896 0.374517 0.596237 0.374517 0.599132 0.378378 0.599132 0.380309 0.600579 0.382239 0.600579 0.38417 0.629522 0.38417 0.628075 0.382239 0.628075 0.380309 0.625181 0.380309 0.623734 0.378378 0.619392 0.378378 0.617945 0.376448 0.617945 0.370656 0.616498 0.368726 0.616498 0.364865 0.586107 0.364865 0.58466 0.362934 0.583213 0.362934 0.581766 0.361004 0.580318 0.361004 0.578871 0.359073 0.575977 0.359073 0.57453 0.357143 0.573082 0.357143 0.571635 0.355212 0.571635 0.353282 0.570188 0.351351 0.571635 0.349421 0.599132 0.349421 0.599132 0.34749 0.573082 0.34749 0.571635 0.349421 0.570188 0.34749 0.570188 0.277992 0.568741 0.277992
