0 0.545087 0.91921 0.545087 0.921005 0.543742 0.922801 0.543742 0.924596 0.542396 0.926391 0.542396 0.928187 0.54105 0.929982 0.54105 0.931777 0.539704 0.933573 0.539704 0.938959 0.54105 0.940754 0.54105 0.94614 0.542396 0.947935 0.542396 0.953321 0.543742 0.955117 0.543742 0.958707 0.546433 0.958707 0.547779 0.960503 0.551817 0.960503 0.553163 0.962298 0.555855 0.962298 0.557201 0.964093 0.558546 0.962298 0.572005 0.962298 0.573351 0.960503 0.584118 0.960503 0.584118 0.947935 0.585464 0.94614 0.585464 0.935368 0.584118 0.935368 0.581427 0.931777 0.580081 0.931777 0.578735 0.929982 0.577389 0.929982 0.574697 0.926391 0.573351 0.926391 0.572005 0.924596 0.570659 0.924596 0.567968 0.921005 0.566622 0.921005 0.565276 0.91921 0.561238 0.924596 0.557201 0.924596 0.555855 0.922801 0.551817 0.922801 0.550471 0.921005 0.546433 0.921005
0 0.960969 0.915619 0.959623 0.917415 0.948856 0.917415 0.94751 0.91921 0.944818 0.91921 0.943472 0.921005 0.942127 0.921005 0.940781 0.922801 0.938089 0.922801 0.938089 0.924596 0.939435 0.926391 0.939435 0.928187 0.940781 0.929982 0.940781 0.931777 0.942127 0.933573 0.942127 0.935368 0.943472 0.937163 0.943472 0.938959 0.944818 0.940754 0.946164 0.940754 0.948856 0.944345 0.950202 0.944345 0.952894 0.947935 0.95424 0.94614 0.963661 0.94614 0.963661 0.942549 0.965007 0.940754 0.965007 0.935368 0.966353 0.933573 0.966353 0.929982 0.965007 0.928187 0.965007 0.926391 0.963661 0.924596 0.963661 0.922801 0.962315 0.921005 0.962315 0.91921 0.960969 0.917415
0 0.437416 0.901257 0.433378 0.906643 0.432032 0.906643 0.430686 0.908438 0.430686 0.910233 0.432032 0.912029 0.432032 0.913824 0.433378 0.915619 0.433378 0.917415 0.434724 0.91921 0.434724 0.921005 0.43607 0.922801 0.43607 0.924596 0.437416 0.926391 0.437416 0.928187 0.438762 0.926391 0.445491 0.926391 0.445491 0.924596 0.446837 0.922801 0.446837 0.921005 0.448183 0.91921 0.448183 0.917415 0.449529 0.915619 0.445491 0.910233 0.444145 0.910233
0 0.257066 0.885099 0.257066 0.928187 0.258412 0.926391 0.277254 0.926391 0.277254 0.922801 0.275908 0.921005 0.275908 0.912029 0.274563 0.910233 0.274563 0.901257 0.273217 0.899461 0.273217 0.890485 0.271871 0.888689 0.271871 0.885099
0 0.442799 0.800718 0.441454 0.802513 0.438762 0.802513 0.437416 0.804309 0.434724 0.804309 0.433378 0.806104 0.429341 0.806104 0.427995 0.807899 0.425303 0.807899 0.425303 0.809695 0.423957 0.81149 0.423957 0.815081 0.422611 0.816876 0.422611 0.820467 0.421265 0.822262 0.421265 0.824057 0.425303 0.829443 0.425303 0.831239 0.429341 0.836625 0.430686 0.834829 0.432032 0.834829 0.433378 0.833034 0.434724 0.833034 0.43607 0.831239 0.437416 0.831239 0.438762 0.829443 0.441454 0.829443 0.442799 0.827648 0.444145 0.827648 0.445491 0.825853 0.446837 0.825853 0.448183 0.824057 0.449529 0.824057 0.449529 0.822262 0.448183 0.820467 0.448183 0.818671 0.446837 0.816876 0.446837 0.813285 0.445491 0.81149 0.445491 0.807899 0.444145 0.806104 0.444145 0.804309 0.442799 0.802513
0 0.145357 0.728905 0.142665 0.732496 0.141319 0.732496 0.138627 0.736086 0.137281 0.736086 0.13459 0.739677 0.133244 0.739677 0.130552 0.743268 0.129206 0.743268 0.129206 0.752244 0.12786 0.754039 0.12786 0.761221 0.130552 0.761221 0.131898 0.763016 0.13459 0.763016 0.135935 0.764811 0.138627 0.764811 0.139973 0.766607 0.142665 0.766607 0.144011 0.768402 0.153432 0.768402 0.153432 0.766607 0.154778 0.764811 0.154778 0.763016 0.156124 0.761221 0.156124 0.75763 0.15747 0.755835 0.15747 0.754039 0.158816 0.752244 0.158816 0.750449 0.154778 0.745063 0.154778 0.743268 0.148048 0.734291 0.148048 0.732496
0 0.170929 0.667864 0.169583 0.669659 0.166891 0.669659 0.165545 0.671454 0.161507 0.671454 0.160162 0.67325 0.15747 0.67325 0.15074 0.682226 0.15074 0.687612 0.152086 0.689408 0.152086 0.694794 0.162853 0.694794 0.18035 0.671454 0.176312 0.671454 0.174966 0.669659 0.172275 0.669659
0 0.086137 0.61939 0.069987 0.640934 0.057873 0.640934 0.056528 0.639138 0.04576 0.639138 0.044415 0.637343 0.044415 0.640934 0.043069 0.642729 0.043069 0.644524 0.056528 0.644524 0.057873 0.64632 0.071332 0.64632 0.072678 0.648115 0.079408 0.639138 0.080754 0.639138 0.088829 0.628366 0.088829 0.626571 0.094213 0.61939
0 0.768506 0.535009 0.76716 0.536804 0.757739 0.536804 0.756393 0.5386 0.755047 0.5386 0.753701 0.540395 0.752355 0.540395 0.751009 0.54219 0.748318 0.54219 0.746972 0.543986 0.745626 0.543986 0.74428 0.545781 0.742934 0.545781 0.74428 0.545781 0.745626 0.547576 0.748318 0.547576 0.749664 0.549372 0.751009 0.549372 0.752355 0.551167 0.753701 0.551167 0.755047 0.552962 0.756393 0.551167 0.772544 0.551167 0.77389 0.552962 0.776581 0.552962 0.777927 0.554758 0.779273 0.554758 0.780619 0.556553 0.783311 0.556553 0.784657 0.558348 0.784657 0.545781 0.783311 0.543986 0.783311 0.5386 0.781965 0.536804 0.781965 0.535009
0 0.292059 0.463196 0.290713 0.464991 0.282638 0.464991 0.281292 0.466786 0.281292 0.468582 0.279946 0.470377 0.279946 0.472172 0.2786 0.473968 0.290713 0.473968 0.292059 0.475763
0 0.35397 0.459605 0.35397 0.4614 0.352624 0.463196 0.352624 0.464991 0.349933 0.468582 0.348587 0.468582 0.345895 0.472172 0.344549 0.472172 0.343203 0.473968 0.341857 0.473968 0.341857 0.475763 0.343203 0.477558 0.343203 0.481149 0.363392 0.481149 0.364738 0.479354 0.366083 0.479354 0.368775 0.475763 0.370121 0.475763 0.367429 0.472172 0.367429 0.470377 0.363392 0.464991 0.363392 0.463196 0.3607 0.459605
0 0.846568 0.416517 0.846568 0.418312 0.847914 0.420108 0.847914 0.425494 0.84926 0.427289 0.84926 0.43088 0.864065 0.43088 0.86541 0.432675 0.86541 0.43088 0.866756 0.429084 0.866756 0.425494 0.868102 0.423698 0.868102 0.421903 0.866756 0.421903 0.86541 0.420108 0.864065 0.420108 0.862719 0.418312 0.861373 0.418312 0.860027 0.416517
0 0.005384 0.396768 0.004038 0.398564 0.002692 0.398564 0.002692 0.402154 0.004038 0.40395 0.004038 0.40754 0.005384 0.40754 0.006729 0.409336 0.008075 0.409336 0.010767 0.412926 0.012113 0.412926 0.013459 0.414722 0.014805 0.412926 0.014805 0.411131 0.017497 0.40754 0.016151 0.405745 0.016151 0.40395 0.013459 0.400359 0.013459 0.398564 0.012113 0.396768
0 0.940781 0.319569 0.939435 0.321364 0.939435 0.32316 0.938089 0.324955 0.939435 0.324955 0.940781 0.32675 0.942127 0.32675 0.943472 0.328546 0.944818 0.328546 0.946164 0.330341 0.94751 0.330341 0.948856 0.332136 0.950202 0.332136 0.951548 0.333932 0.952894 0.333932 0.95424 0.335727 0.956931 0.332136 0.956931 0.330341 0.959623 0.32675 0.955585 0.32675 0.95424 0.324955 0.950202 0.324955 0.948856 0.32316 0.946164 0.32316 0.944818 0.321364 0.942127 0.321364
0 0.807537 0.310592 0.807537 0.312388 0.806191 0.314183 0.806191 0.315978 0.804845 0.317774 0.804845 0.319569 0.806191 0.319569 0.807537 0.321364 0.810229 0.321364 0.811575 0.32316 0.812921 0.32316 0.814266 0.324955 0.815612 0.32316 0.816958 0.32316 0.818304 0.321364 0.820996 0.321364 0.820996 0.319569 0.822342 0.317774 0.822342 0.315978 0.823688 0.314183 0.820996 0.314183 0.81965 0.312388 0.816958 0.312388 0.815612 0.310592
0 0.855989 0.274686 0.855989 0.276481 0.854643 0.278276 0.854643 0.280072 0.853297 0.281867 0.858681 0.281867 0.860027 0.283662 0.86541 0.283662 0.866756 0.285458 0.866756 0.281867 0.868102 0.280072 0.868102 0.278276 0.862719 0.278276 0.861373 0.276481 0.857335 0.276481
1 0.846568 0.680431 0.846568 0.684022 0.845222 0.685817 0.845222 0.694794 0.843876 0.696589 0.843876 0.70018 0.845222 0.70018 0.846568 0.701975 0.847914 0.701975 0.84926 0.70377 0.850606 0.70377 0.851952 0.705566 0.853297 0.705566 0.854643 0.707361 0.855989 0.707361 0.857335 0.709156 0.854643 0.712747 0.853297 0.712747 0.84926 0.718133 0.847914 0.718133 0.838493 0.7307 0.779273 0.7307 0.777927 0.728905 0.765814 0.728905 0.764468 0.72711 0.763122 0.728905 0.742934 0.728905 0.742934 0.7307 0.741588 0.732496 0.741588 0.734291 0.740242 0.736086 0.740242 0.737882 0.738896 0.739677 0.738896 0.741472 0.73755 0.743268 0.73755 0.745063 0.734859 0.748654 0.730821 0.748654 0.729475 0.750449 0.726783 0.750449 0.725437 0.752244 0.7214 0.752244 0.720054 0.754039 0.717362 0.754039 0.716016 0.755835 0.711978 0.755835 0.710633 0.75763 0.707941 0.75763 0.706595 0.759425 0.699865 0.759425 0.69852 0.75763 0.695828 0.75763 0.694482 0.755835 0.69179 0.755835 0.690444 0.754039 0.687752 0.754039 0.685061 0.750449 0.685061 0.748654 0.681023 0.743268 0.681023 0.741472 0.678331 0.737882 0.676985 0.737882 0.672948 0.732496 0.671602 0.732496 0.667564 0.72711 0.666218 0.72711 0.663526 0.723519 0.605653 0.723519 0.604307 0.725314 0.589502 0.725314 0.588156 0.72711 0.573351 0.72711 0.572005 0.728905 0.566622 0.728905 0.565276 0.7307 0.561238 0.7307 0.559892 0.732496 0.554509 0.732496 0.553163 0.734291 0.547779 0.734291 0.546433 0.736086 0.542396 0.736086 0.54105 0.737882 0.535666 0.737882 0.522207 0.755835 0.522207 0.75763 0.515478 0.766607 0.515478 0.768402 0.51144 0.773788 0.507402 0.773788 0.506057 0.771993 0.502019 0.771993 0.500673 0.770197 0.497981 0.770197 0.496635 0.768402 0.492598 0.768402 0.491252 0.766607 0.489906 0.768402 0.48856 0.768402 0.487214 0.770197 0.484522 0.770197 0.483176 0.771993 0.48183 0.771993 0.480485 0.773788 0.479139 0.773788 0.477793 0.775583 0.476447 0.775583 0.475101 0.777379 0.472409 0.777379 0.471063 0.779174 0.469717 0.779174 0.468371 0.780969 0.461642 0.780969 0.460296 0.782765 0.453567 0.782765 0.452221 0.78456 0.444145 0.78456 0.442799 0.782765 0.440108 0.782765 0.438762 0.780969 0.437416 0.780969 0.43607 0.779174 0.433378 0.779174 0.432032 0.777379 0.430686 0.777379 0.429341 0.775583 0.427995 0.777379 0.421265 0.777379 0.419919 0.779174 0.411844 0.779174 0.410498 0.780969 0.403769 0.780969 0.402423 0.782765 0.393001 0.782765 0.391655 0.78456 0.380888 0.78456 0.379542 0.786355 0.370121 0.786355 0.368775 0.788151 0.33782 0.788151 0.336474 0.789946 0.328398 0.789946 0.327052 0.791741 0.318977 0.791741 0.317631 0.793537 0.310902 0.793537 0.309556 0.795332 0.30148 0.795332 0.300135 0.797127 0.292059 0.797127 0.290713 0.798923 0.282638 0.798923 0.281292 0.800718 0.273217 0.800718 0.271871 0.802513 0.26245 0.802513 0.261104 0.804309 0.254374 0.804309 0.253028 0.802513 0.253028 0.800718 0.254374 0.798923 0.254374 0.793537 0.25572 0.791741 0.25572 0.786355 0.257066 0.78456 0.257066 0.779174 0.258412 0.777379 0.258412 0.773788 0.234186 0.773788 0.23284 0.771993 0.231494 0.773788 0.228802 0.773788 0.227456 0.775583 0.224764 0.775583 0.223419 0.777379 0.220727 0.777379 0.219381 0.779174 0.218035 0.779174 0.216689 0.780969 0.213997 0.780969 0.212651 0.782765 0.20996 0.782765 0.208614 0.78456 0.205922 0.78456 0.204576 0.786355 0.199192 0.786355 0.197847 0.78456 0.195155 0.78456 0.193809 0.782765 0.191117 0.782765 0.189771 0.780969 0.187079 0.780969 0.185734 0.779174 0.183042 0.782765 0.181696 0.782765 0.177658 0.788151 0.176312 0.788151 0.170929 0.795332 0.169583 0.795332 0.165545 0.800718 0.164199 0.800718 0.160162 0.806104 0.158816 0.806104 0.15747 0.807899 0.131898 0.807899 0.130552 0.806104 0.10498 0.806104 0.103634 0.804309 0.102288 0.806104 0.090175 0.806104 0.088829 0.807899 0.078062 0.807899 0.076716 0.809695 0.049798 0.809695 0.048452 0.807899 0.048452 0.806104 0.049798 0.804309 0.049798 0.800718 0.051144 0.798923 0.051144 0.797127 0.048452 0.797127 0.047106 0.795332 0.04576 0.795332 0.044415 0.793537 0.041723 0.793537 0.040377 0.791741 0.037685 0.791741 0.036339 0.789946 0.033647 0.789946 0.032301 0.788151 0.030956 0.788151 0.02961 0.786355 0.026918 0.786355 0.025572 0.78456 0.024226 0.78456 0.021534 0.780969 0.020188 0.780969 0.018843 0.779174 0.017497 0.779174 0.014805 0.775583 0.013459 0.775583 0.010767 0.771993 0.009421 0.771993 0.008075 0.770197 0.008075 0.771993 0.006729 0.773788 0.006729 0.775583 0.004038 0.779174 0.0 0.779174 0.0 0.998205 0.998654 0.998205 0.998654 0.682226 0.990579 0.682226 0.989233 0.684022 0.981157 0.684022 0.979812 0.685817 0.97039 0.685817 0.969044 0.687612 0.959623 0.687612 0.958277 0.689408 0.936743 0.689408 0.935397 0.687612 0.923284 0.687612 0.921938 0.685817 0.899058 0.685817 0.897712 0.687612 0.896366 0.687612 0.89502 0.689408 0.892328 0.689408 0.890983 0.691203 0.889637 0.691203 0.888291 0.692998 0.885599 0.692998 0.884253 0.694794 0.878869 0.694794 0.877524 0.692998 0.87214 0.692998 0.870794 0.691203 0.866756 0.691203 0.86541 0.689408 0.862719 0.689408 0.861373 0.687612 0.858681 0.687612 0.857335 0.685817 0.855989 0.685817 0.854643 0.684022 0.851952 0.684022 0.850606 0.682226 0.847914 0.682226
1 0.59354 0.64632 0.59354 0.658887 0.596231 0.662478 0.597577 0.662478 0.605653 0.67325 0.606999 0.67325 0.612382 0.680431 0.615074 0.680431 0.61642 0.682226 0.617766 0.682226 0.619112 0.684022 0.621803 0.684022 0.623149 0.685817 0.625841 0.685817 0.627187 0.687612 0.629879 0.687612 0.631225 0.689408 0.632571 0.689408 0.633917 0.691203 0.636608 0.691203 0.637954 0.692998 0.6393 0.691203 0.641992 0.691203 0.643338 0.689408 0.64603 0.689408 0.647376 0.687612 0.650067 0.687612 0.651413 0.685817 0.655451 0.685817 0.656797 0.687612 0.658143 0.687612 0.659489 0.689408 0.660834 0.689408 0.66218 0.691203 0.663526 0.691203 0.664872 0.692998 0.666218 0.692998 0.667564 0.694794 0.66891 0.694794 0.670256 0.696589 0.671602 0.696589 0.672948 0.698384 0.674293 0.698384 0.675639 0.70018 0.678331 0.70018 0.679677 0.701975 0.681023 0.701975 0.682369 0.70377 0.683715 0.70377 0.685061 0.705566 0.686406 0.705566 0.687752 0.707361 0.689098 0.707361 0.690444 0.709156 0.69179 0.709156 0.693136 0.710952 0.694482 0.710952 0.695828 0.712747 0.697174 0.712747 0.69852 0.714542 0.699865 0.714542 0.701211 0.716338 0.702557 0.716338 0.703903 0.718133 0.706595 0.714542 0.707941 0.714542 0.709287 0.712747 0.707941 0.712747 0.706595 0.710952 0.705249 0.710952 0.703903 0.709156 0.702557 0.709156 0.701211 0.707361 0.69852 0.707361 0.697174 0.705566 0.695828 0.705566 0.694482 0.70377 0.693136 0.70377 0.69179 0.701975 0.690444 0.701975 0.689098 0.70018 0.687752 0.70018 0.686406 0.698384 0.685061 0.698384 0.683715 0.696589 0.682369 0.696589 0.681023 0.694794 0.678331 0.694794 0.676985 0.692998 0.675639 0.692998 0.674293 0.691203 0.672948 0.691203 0.671602 0.689408 0.670256 0.689408 0.66891 0.687612 0.667564 0.687612 0.666218 0.685817 0.664872 0.685817 0.663526 0.684022 0.66218 0.684022 0.660834 0.682226 0.659489 0.682226 0.658143 0.680431 0.655451 0.680431 0.654105 0.678636 0.652759 0.678636 0.651413 0.67684 0.650067 0.67684 0.648721 0.675045 0.647376 0.675045 0.644684 0.671454 0.643338 0.671454 0.6393 0.666068 0.637954 0.666068 0.635262 0.662478 0.633917 0.662478 0.629879 0.657092 0.628533 0.657092 0.625841 0.653501 0.619112 0.653501 0.617766 0.651706 0.611036 0.651706 0.60969 0.64991 0.602961 0.64991 0.601615 0.648115 0.594886 0.648115
1 0.122476 0.473968 0.114401 0.48474 0.114401 0.486535 0.102288 0.502693 0.100942 0.502693 0.09825 0.506284 0.096904 0.506284 0.094213 0.509874 0.092867 0.509874 0.090175 0.513465 0.088829 0.513465 0.086137 0.517056 0.084791 0.517056 0.084791 0.518851 0.083445 0.520646 0.083445 0.524237 0.0821 0.526032 0.0821 0.527828 0.080754 0.529623 0.080754 0.533214 0.079408 0.535009 0.079408 0.554758 0.084791 0.554758 0.086137 0.556553 0.090175 0.556553 0.091521 0.558348 0.096904 0.558348 0.09825 0.560144 0.102288 0.560144 0.103634 0.561939 0.109017 0.561939 0.110363 0.563734 0.114401 0.563734 0.115747 0.56553 0.117093 0.563734 0.123822 0.563734 0.125168 0.561939 0.130552 0.561939 0.131898 0.560144 0.138627 0.560144 0.139973 0.558348 0.145357 0.558348 0.146703 0.556553 0.153432 0.556553 0.154778 0.554758 0.156124 0.554758 0.15747 0.552962 0.158816 0.552962 0.160162 0.551167 0.161507 0.551167 0.162853 0.549372 0.165545 0.549372 0.166891 0.547576 0.168237 0.547576 0.169583 0.545781 0.170929 0.545781 0.172275 0.543986 0.17362 0.543986 0.174966 0.54219 0.176312 0.54219 0.177658 0.540395 0.179004 0.540395 0.18035 0.5386 0.183042 0.5386 0.184388 0.536804 0.185734 0.536804 0.187079 0.535009 0.188425 0.535009 0.188425 0.533214 0.189771 0.531418 0.189771 0.529623 0.191117 0.527828 0.189771 0.526032 0.188425 0.526032 0.184388 0.520646 0.183042 0.520646 0.18035 0.517056 0.179004 0.517056 0.174966 0.51167 0.17362 0.51167 0.170929 0.508079 0.169583 0.508079 0.166891 0.504488 0.165545 0.504488 0.162853 0.500898 0.161507 0.500898 0.158816 0.497307 0.15747 0.497307 0.154778 0.493716 0.153432 0.493716 0.148048 0.486535 0.146703 0.486535 0.141319 0.479354 0.139973 0.479354 0.135935 0.473968
1 0.54105 0.181329 0.539704 0.183124 0.528937 0.183124 0.527591 0.184919 0.524899 0.184919 0.523553 0.186715 0.520861 0.186715 0.519515 0.18851 0.51817 0.18851 0.516824 0.190305 0.514132 0.190305 0.512786 0.192101 0.506057 0.192101 0.504711 0.190305 0.502019 0.190305 0.500673 0.18851 0.496635 0.18851 0.495289 0.186715 0.492598 0.186715 0.491252 0.184919 0.489906 0.186715 0.46568 0.186715 0.45895 0.195691 0.46568 0.204668 0.485868 0.204668 0.487214 0.206463 0.489906 0.206463 0.491252 0.208259 0.492598 0.208259 0.493943 0.210054 0.496635 0.210054 0.497981 0.211849 0.499327 0.211849 0.500673 0.213645 0.500673 0.21544 0.499327 0.217235 0.499327 0.219031 0.497981 0.220826 0.476447 0.220826 0.475101 0.219031 0.475101 0.224417 0.473755 0.226212 0.473755 0.231598 0.472409 0.233393 0.464334 0.233393 0.462988 0.235189 0.453567 0.235189 0.452221 0.236984 0.450875 0.236984 0.449529 0.238779 0.448183 0.238779 0.449529 0.238779 0.452221 0.24237 0.453567 0.24237 0.456258 0.245961 0.457604 0.245961 0.460296 0.249551 0.462988 0.249551 0.464334 0.251346 0.468371 0.251346 0.469717 0.253142 0.472409 0.253142 0.473755 0.254937 0.476447 0.254937 0.477793 0.256732 0.48183 0.256732 0.483176 0.258528 0.485868 0.258528 0.487214 0.260323 0.491252 0.260323 0.492598 0.262118 0.496635 0.262118 0.497981 0.263914 0.502019 0.263914 0.503365 0.265709 0.507402 0.265709 0.508748 0.267504 0.512786 0.267504 0.514132 0.2693 0.51817 0.2693 0.519515 0.271095 0.522207 0.271095 0.523553 0.27289 0.527591 0.27289 0.530283 0.276481 0.531629 0.276481 0.535666 0.281867 0.537012 0.281867 0.54105 0.287253 0.542396 0.287253 0.545087 0.290844 0.566622 0.290844 0.567968 0.292639 0.592194 0.292639 0.59354 0.290844 0.59354 0.289048 0.594886 0.287253 0.594886 0.285458 0.596231 0.283662 0.596231 0.281867 0.597577 0.280072 0.597577 0.278276 0.598923 0.276481 0.608345 0.276481 0.60969 0.278276 0.617766 0.278276 0.619112 0.280072 0.621803 0.280072 0.623149 0.281867 0.625841 0.281867 0.627187 0.283662 0.631225 0.283662 0.632571 0.285458 0.635262 0.285458 0.636608 0.287253 0.6393 0.287253 0.640646 0.289048 0.643338 0.289048 0.644684 0.290844 0.651413 0.290844 0.652759 0.292639 0.659489 0.292639 0.660834 0.294434 0.667564 0.294434 0.66891 0.29623 0.670256 0.29623 0.671602 0.298025 0.674293 0.298025 0.675639 0.29982 0.676985 0.29982 0.678331 0.301616 0.681023 0.301616 0.682369 0.303411 0.683715 0.303411 0.685061 0.305206 0.685061 0.307002 0.683715 0.308797 0.683715 0.312388 0.682369 0.314183 0.682369 0.317774 0.681023 0.319569 0.681023 0.321364 0.679677 0.32316 0.679677 0.32675 0.678331 0.328546 0.678331 0.330341 0.697174 0.330341 0.69852 0.332136 0.697174 0.333932 0.697174 0.335727 0.695828 0.337522 0.695828 0.339318 0.694482 0.341113 0.694482 0.342908 0.693136 0.344704 0.694482 0.346499 0.694482 0.348294 0.695828 0.35009 0.695828 0.351885 0.697174 0.35368 0.697174 0.355476 0.707941 0.369838 0.706595 0.371634 0.702557 0.371634 0.701211 0.373429 0.695828 0.373429 0.694482 0.375224 0.693136 0.375224 0.69179 0.37702 0.689098 0.37702 0.687752 0.378815 0.686406 0.378815 0.685061 0.38061 0.683715 0.38061 0.682369 0.382406 0.679677 0.382406 0.678331 0.384201 0.676985 0.384201 0.674293 0.387792 0.672948 0.387792 0.667564 0.394973 0.666218 0.394973 0.663526 0.398564 0.659489 0.398564 0.658143 0.400359 0.655451 0.400359 0.654105 0.402154 0.650067 0.402154 0.648721 0.40395 0.644684 0.40395 0.643338 0.405745 0.632571 0.405745 0.631225 0.40754 0.620458 0.40754 0.619112 0.409336 0.61642 0.409336 0.615074 0.411131 0.612382 0.411131 0.611036 0.412926 0.60969 0.412926 0.608345 0.414722 0.605653 0.414722 0.604307 0.416517 0.601615 0.416517 0.601615 0.418312 0.600269 0.420108 0.600269 0.421903 0.598923 0.423698 0.598923 0.425494 0.597577 0.427289 0.597577 0.429084 0.596231 0.43088 0.596231 0.432675 0.608345 0.432675 0.60969 0.43447 0.620458 0.43447 0.621803 0.436266 0.623149 0.43447 0.651413 0.43447 0.652759 0.436266 0.654105 0.436266 0.655451 0.438061 0.658143 0.438061 0.659489 0.439856 0.66218 0.439856 0.663526 0.441652 0.664872 0.441652 0.666218 0.443447 0.66891 0.443447 0.670256 0.445242 0.697174 0.445242 0.69852 0.443447 0.706595 0.443447 0.707941 0.441652 0.71467 0.441652 0.716016 0.439856 0.724092 0.439856 0.725437 0.438061 0.725437 0.436266 0.729475 0.43088 0.729475 0.429084 0.733513 0.423698 0.734859 0.423698 0.73755 0.420108 0.738896 0.420108 0.740242 0.418312 0.741588 0.418312 0.74428 0.414722 0.756393 0.414722 0.757739 0.416517 0.759085 0.414722 0.760431 0.414722 0.763122 0.411131 0.769852 0.411131 0.771198 0.412926 0.775236 0.412926 0.776581 0.414722 0.781965 0.414722 0.783311 0.416517 0.783311 0.421903 0.781965 0.423698 0.781965 0.425494 0.780619 0.427289 0.775236 0.427289 0.775236 0.429084 0.776581 0.43088 0.776581 0.43447 0.777927 0.436266 0.777927 0.438061 0.776581 0.439856 0.772544 0.439856 0.771198 0.441652 0.768506 0.441652 0.76716 0.443447 0.763122 0.443447 0.761777 0.445242 0.759085 0.445242 0.757739 0.447038 0.753701 0.447038 0.756393 0.450628 0.756393 0.452424 0.759085 0.456014 0.760431 0.454219 0.765814 0.454219 0.76716 0.452424 0.772544 0.452424 0.77389 0.450628 0.780619 0.450628 0.781965 0.448833 0.798116 0.448833 0.799462 0.450628 0.802153 0.450628 0.803499 0.452424 0.806191 0.452424 0.807537 0.454219 0.808883 0.454219 0.810229 0.456014 0.812921 0.456014 0.814266 0.45781 0.816958 0.45781 0.818304 0.459605 0.845222 0.459605 0.846568 0.4614 0.846568 0.463196 0.847914 0.464991 0.847914 0.466786 0.857335 0.466786 0.858681 0.468582 0.860027 0.468582 0.861373 0.470377 0.862719 0.470377 0.864065 0.472172 0.86541 0.472172 0.866756 0.473968 0.868102 0.473968 0.869448 0.475763 0.870794 0.475763 0.87214 0.477558 0.873486 0.475763 0.876178 0.475763 0.877524 0.473968 0.878869 0.473968 0.880215 0.472172 0.882907 0.472172 0.884253 0.470377 0.897712 0.470377 0.899058 0.472172 0.909825 0.472172 0.911171 0.473968 0.912517 0.473968 0.913863 0.475763 0.916555 0.475763 0.9179 0.477558 0.919246 0.477558 0.920592 0.479354 0.921938 0.479354 0.923284 0.481149 0.925976 0.481149 0.927322 0.482944 0.928668 0.482944 0.930013 0.48474 0.931359 0.482944 0.943472 0.482944 0.944818 0.481149 0.97712 0.481149 0.978466 0.479354 0.985195 0.479354 0.986541 0.477558 0.991925 0.477558 0.993271 0.475763 0.998654 0.475763 0.998654 0.443447 0.989233 0.43088 0.987887 0.43088 0.974428 0.412926 0.973082 0.412926 0.971736 0.411131 0.969044 0.411131 0.967699 0.409336 0.966353 0.409336 0.965007 0.40754 0.962315 0.40754 0.960969 0.405745 0.959623 0.405745 0.955585 0.400359 0.955585 0.398564 0.951548 0.393178 0.951548 0.391382 0.952894 0.389587 0.95424 0.391382 0.956931 0.391382 0.958277 0.393178 0.960969 0.393178 0.962315 0.394973 0.963661 0.394973 0.965007 0.396768 0.967699 0.396768 0.969044 0.398564 0.971736 0.398564 0.973082 0.400359 0.975774 0.400359 0.97712 0.402154 0.978466 0.402154 0.979812 0.40395 0.982503 0.40395 0.983849 0.405745 0.985195 0.405745 0.986541 0.40754 0.989233 0.40754 0.990579 0.409336 0.991925 0.409336 0.993271 0.411131 0.995962 0.411131 0.997308 0.412926 0.998654 0.412926 0.998654 0.389587 0.997308 0.387792 0.995962 0.387792 0.994616 0.385996 0.993271 0.385996 0.991925 0.384201 0.990579 0.384201 0.989233 0.382406 0.965007 0.382406 0.963661 0.38061 0.962315 0.38061 0.959623 0.37702 0.958277 0.37702 0.956931 0.375224 0.955585 0.375224 0.95424 0.373429 0.952894 0.373429 0.951548 0.371634 0.950202 0.371634 0.94751 0.368043 0.946164 0.368043 0.944818 0.366248 0.943472 0.366248 0.935397 0.355476 0.935397 0.35368 0.930013 0.346499 0.932705 0.342908 0.934051 0.342908 0.935397 0.341113 0.939435 0.341113 0.940781 0.342908 0.943472 0.342908 0.944818 0.344704 0.948856 0.344704 0.950202 0.346499 0.952894 0.346499 0.955585 0.35009 0.955585 0.351885 0.956931 0.35368 0.956931 0.355476 0.959623 0.359066 0.959623 0.360862 0.962315 0.364452 0.962315 0.366248 0.963661 0.368043 0.963661 0.369838 0.965007 0.371634 0.971736 0.371634 0.973082 0.373429 0.978466 0.373429 0.979812 0.375224 0.979812 0.371634 0.981157 0.369838 0.981157 0.366248 0.979812 0.364452 0.979812 0.362657 0.978466 0.360862 0.978466 0.359066 0.97712 0.357271 0.97712 0.355476 0.975774 0.35368 0.975774 0.35009 0.974428 0.348294 0.974428 0.346499 0.973082 0.344704 0.973082 0.342908 0.971736 0.341113 0.971736 0.335727 0.973082 0.333932 0.973082 0.332136 0.974428 0.330341 0.975774 0.330341 0.97712 0.332136 0.978466 0.332136 0.979812 0.333932 0.982503 0.333932 0.983849 0.335727 0.985195 0.335727 0.986541 0.337522 0.989233 0.337522 0.990579 0.339318 0.991925 0.339318 0.993271 0.341113 0.995962 0.341113 0.997308 0.342908 0.998654 0.342908 0.998654 0.32316 0.995962 0.32316 0.994616 0.321364 0.991925 0.321364 0.990579 0.319569 0.986541 0.319569 0.985195 0.317774 0.982503 0.317774 0.981157 0.315978 0.97712 0.315978 0.975774 0.314183 0.973082 0.314183 0.971736 0.312388 0.967699 0.312388 0.966353 0.310592 0.963661 0.310592 0.962315 0.308797 0.959623 0.308797 0.958277 0.307002 0.955585 0.307002 0.95424 0.305206 0.951548 0.305206 0.950202 0.303411 0.94751 0.303411 0.946164 0.301616 0.943472 0.301616 0.942127 0.29982 0.940781 0.29982 0.939435 0.298025 0.936743 0.298025 0.935397 0.29623 0.932705 0.29623 0.931359 0.294434 0.928668 0.294434 0.927322 0.292639 0.92463 0.292639 0.923284 0.290844 0.921938 0.290844 0.920592 0.289048 0.919246 0.289048 0.9179 0.287253 0.916555 0.287253 0.915209 0.285458 0.912517 0.285458 0.911171 0.283662 0.909825 0.283662 0.908479 0.281867 0.907133 0.281867 0.905787 0.280072 0.904441 0.280072 0.903096 0.278276 0.892328 0.278276 0.890983 0.276481 0.880215 0.276481 0.878869 0.274686 0.868102 0.274686 0.866756 0.27289 0.858681 0.27289 0.857335 0.271095 0.847914 0.271095 0.846568 0.2693 0.838493 0.2693 0.837147 0.267504 0.829071 0.267504 0.827725 0.265709 0.815612 0.265709 0.814266 0.263914 0.802153 0.263914 0.800808 0.262118 0.792732 0.262118 0.791386 0.260323 0.784657 0.260323 0.783311 0.258528 0.775236 0.258528 0.77389 0.256732 0.768506 0.256732 0.76716 0.254937 0.761777 0.254937 0.760431 0.253142 0.755047 0.253142 0.753701 0.251346 0.748318 0.251346 0.746972 0.249551 0.742934 0.249551 0.741588 0.247756 0.738896 0.247756 0.73755 0.245961 0.733513 0.245961 0.732167 0.244165 0.728129 0.244165 0.726783 0.24237 0.724092 0.24237 0.722746 0.240575 0.718708 0.240575 0.717362 0.238779 0.71467 0.238779 0.713324 0.236984 0.709287 0.236984 0.707941 0.235189 0.703903 0.235189 0.702557 0.233393 0.699865 0.233393 0.69852 0.231598 0.694482 0.231598 0.693136 0.229803 0.690444 0.229803 0.689098 0.228007 0.685061 0.228007 0.683715 0.226212 0.681023 0.226212 0.679677 0.224417 0.675639 0.224417 0.674293 0.222621 0.671602 0.222621 0.670256 0.220826 0.666218 0.220826 0.664872 0.219031 0.66218 0.219031 0.660834 0.217235 0.627187 0.217235 0.625841 0.21544 0.61642 0.21544 0.615074 0.213645 0.606999 0.213645 0.605653 0.211849 0.596231 0.211849 0.594886 0.210054 0.592194 0.210054 0.590848 0.208259 0.588156 0.208259 0.58681 0.206463 0.585464 0.206463 0.584118 0.204668 0.581427 0.204668 0.578735 0.201077 0.577389 0.201077 0.574697 0.197487 0.573351 0.197487 0.570659 0.193896 0.569314 0.193896 0.566622 0.190305 0.565276 0.190305 0.56393 0.18851 0.561238 0.18851 0.559892 0.186715 0.558546 0.186715 0.557201 0.184919 0.550471 0.184919 0.549125 0.183124 0.542396 0.183124
1 0.550471 0.157989 0.549125 0.159785 0.542396 0.159785 0.54105 0.16158 0.532974 0.16158 0.531629 0.163375 0.530283 0.163375 0.527591 0.166966 0.526245 0.166966 0.527591 0.166966 0.528937 0.168761 0.530283 0.168761 0.531629 0.170557 0.532974 0.170557 0.53432 0.172352 0.539704 0.172352 0.54105 0.174147 0.547779 0.174147 0.549125 0.175943 0.554509 0.175943 0.555855 0.177738 0.557201 0.175943 0.565276 0.175943 0.566622 0.174147 0.574697 0.174147 0.574697 0.172352 0.573351 0.170557 0.573351 0.166966 0.572005 0.165171 0.572005 0.163375 0.566622 0.163375 0.565276 0.16158 0.558546 0.16158 0.557201 0.159785 0.551817 0.159785
