0 0.428571 0.927126 0.422492 0.935223 0.422492 0.939271 0.419453 0.94332 0.419453 0.947368 0.416413 0.951417 0.416413 0.97166 0.419453 0.975709 0.419453 0.979757 0.428571 0.979757 0.431611 0.983806 0.43465 0.979757 0.458967 0.979757 0.458967 0.963563 0.455927 0.959514 0.449848 0.959514 0.43769 0.94332 0.43769 0.939271
0 0.659574 0.603239 0.659574 0.607287 0.656535 0.611336 0.656535 0.615385 0.653495 0.619433 0.653495 0.62753 0.650456 0.631579 0.650456 0.635628 0.647416 0.639676 0.647416 0.643725 0.650456 0.647773 0.650456 0.651822 0.656535 0.659919 0.656535 0.663968 0.659574 0.668016 0.683891 0.668016 0.68693 0.672065 0.708207 0.672065 0.711246 0.676113 0.714286 0.672065 0.714286 0.668016 0.717325 0.663968 0.717325 0.659919 0.720365 0.65587 0.720365 0.651822 0.723404 0.647773 0.723404 0.643725 0.726444 0.639676 0.723404 0.635628 0.723404 0.631579 0.717325 0.623482 0.717325 0.619433 0.714286 0.615385 0.714286 0.611336 0.711246 0.607287 0.662614 0.607287
0 0.696049 0.510121 0.68997 0.518219 0.68693 0.518219 0.68693 0.526316 0.683891 0.530364 0.683891 0.538462 0.68693 0.54251 0.68693 0.546559 0.68997 0.546559 0.693009 0.550607 0.699088 0.550607 0.702128 0.554656 0.705167 0.554656 0.708207 0.558704 0.711246 0.558704 0.714286 0.562753 0.717325 0.558704 0.723404 0.558704 0.729483 0.550607 0.729483 0.534413 0.726444 0.530364 0.726444 0.522267 0.723404 0.518219 0.723404 0.51417 0.711246 0.51417 0.708207 0.510121
0 0.151976 0.481781 0.151976 0.48583 0.145897 0.493927 0.145897 0.497976 0.142857 0.502024 0.142857 0.506073 0.139818 0.510121 0.139818 0.51417 0.136778 0.518219 0.136778 0.522267 0.133739 0.526316 0.133739 0.530364 0.130699 0.534413 0.130699 0.538462 0.12766 0.54251 0.12766 0.546559 0.130699 0.550607 0.130699 0.554656 0.136778 0.562753 0.136778 0.566802 0.139818 0.57085 0.139818 0.574899 0.142857 0.578947 0.145897 0.574899 0.151976 0.574899 0.155015 0.57085 0.158055 0.57085 0.161094 0.566802 0.167173 0.566802 0.170213 0.562753 0.176292 0.562753 0.179331 0.558704 0.182371 0.558704 0.18541 0.554656 0.240122 0.554656 0.243161 0.558704 0.215805 0.522267 0.215805 0.518219 0.191489 0.48583 0.18541 0.48583 0.182371 0.481781
0 0.960486 0.40081 0.957447 0.404858 0.954407 0.404858 0.951368 0.408907 0.948328 0.408907 0.945289 0.412955 0.93921 0.412955 0.93617 0.417004 0.933131 0.417004 0.930091 0.421053 0.927052 0.421053 0.927052 0.425101 0.930091 0.42915 0.930091 0.441296 0.933131 0.445344 0.933131 0.45749 0.93617 0.461538 0.93617 0.465587 0.945289 0.465587 0.948328 0.469636 0.954407 0.469636 0.957447 0.473684 0.966565 0.473684 0.969605 0.477733 0.975684 0.477733 0.978723 0.481781 0.987842 0.481781 0.990881 0.48583 0.99696 0.48583 0.99696 0.404858 0.963526 0.404858
0 0.045593 0.392713 0.045593 0.404858 0.048632 0.408907 0.048632 0.412955 0.06383 0.412955 0.069909 0.421053 0.069909 0.425101 0.072948 0.42915 0.072948 0.433198 0.069909 0.437247 0.06383 0.437247 0.06079 0.441296 0.057751 0.441296 0.054711 0.445344 0.051672 0.445344 0.048632 0.449393 0.045593 0.449393 0.048632 0.453441 0.048632 0.45749 0.051672 0.453441 0.069909 0.453441 0.072948 0.449393 0.075988 0.449393 0.082067 0.441296 0.085106 0.441296 0.088146 0.437247 0.109422 0.437247 0.109422 0.433198 0.112462 0.42915 0.112462 0.417004 0.115502 0.412955 0.115502 0.408907 0.112462 0.408907 0.106383 0.40081 0.103343 0.404858 0.097264 0.404858 0.091185 0.412955 0.088146 0.412955 0.085106 0.417004 0.082067 0.417004 0.079027 0.412955 0.079027 0.408907 0.075988 0.404858 0.075988 0.396761 0.072948 0.392713
0 0.316109 0.319838 0.31003 0.327935 0.31003 0.331984 0.31307 0.336032 0.31307 0.340081 0.319149 0.340081 0.322188 0.336032 0.334347 0.336032 0.334347 0.323887 0.325228 0.323887 0.322188 0.319838
1 0.528875 0.842105 0.507599 0.870445 0.504559 0.870445 0.50152 0.874494 0.49848 0.874494 0.492401 0.882591 0.489362 0.882591 0.489362 0.898785 0.492401 0.902834 0.492401 0.906883 0.49848 0.906883 0.50152 0.902834 0.504559 0.902834 0.507599 0.898785 0.513678 0.898785 0.516717 0.902834 0.513678 0.906883 0.513678 0.919028 0.528875 0.919028 0.531915 0.91498 0.531915 0.910931 0.534954 0.906883 0.544073 0.919028 0.544073 0.923077 0.556231 0.939271 0.556231 0.94332 0.56231 0.951417 0.56231 0.955466 0.56535 0.959514 0.580547 0.959514 0.583587 0.963563 0.586626 0.959514 0.586626 0.955466 0.592705 0.947368 0.592705 0.94332 0.595745 0.939271 0.595745 0.935223 0.598784 0.931174 0.592705 0.923077 0.589666 0.923077 0.577508 0.906883 0.580547 0.902834 0.595745 0.902834 0.595745 0.898785 0.598784 0.894737 0.598784 0.890688 0.595745 0.88664 0.595745 0.882591 0.589666 0.874494 0.586626 0.874494 0.577508 0.862348 0.574468 0.862348 0.568389 0.854251 0.56535 0.854251 0.559271 0.846154 0.556231 0.846154 0.553191 0.842105
1 0.142857 0.603239 0.139818 0.607287 0.115502 0.607287 0.112462 0.611336 0.103343 0.611336 0.100304 0.615385 0.088146 0.615385 0.085106 0.619433 0.082067 0.619433 0.079027 0.623482 0.072948 0.623482 0.069909 0.62753 0.066869 0.62753 0.06383 0.631579 0.06079 0.631579 0.057751 0.635628 0.051672 0.635628 0.048632 0.639676 0.045593 0.639676 0.036474 0.651822 0.042553 0.651822 0.045593 0.65587 0.048632 0.651822 0.051672 0.651822 0.054711 0.647773 0.06079 0.647773 0.06383 0.643725 0.066869 0.643725 0.072948 0.635628 0.075988 0.635628 0.079027 0.631579 0.082067 0.631579 0.085106 0.62753 0.094225 0.62753 0.097264 0.623482 0.106383 0.623482 0.109422 0.619433 0.118541 0.619433 0.121581 0.615385 0.139818 0.615385 0.139818 0.611336 0.142857 0.607287
1 0.738602 0.562753 0.714286 0.595142 0.717325 0.595142 0.720365 0.59919 0.723404 0.59919 0.726444 0.603239 0.735562 0.591093 0.735562 0.587045 0.744681 0.574899 0.741641 0.57085 0.741641 0.566802
1 0.632219 0.550607 0.629179 0.554656 0.62614 0.554656 0.6231 0.558704 0.620061 0.558704 0.617021 0.562753 0.613982 0.562753 0.610942 0.566802 0.607903 0.566802 0.604863 0.57085 0.601824 0.57085 0.598784 0.574899 0.595745 0.574899 0.592705 0.578947 0.589666 0.578947 0.586626 0.582996 0.583587 0.582996 0.580547 0.587045 0.577508 0.587045 0.574468 0.591093 0.571429 0.591093 0.568389 0.595142 0.56535 0.595142 0.559271 0.603239 0.556231 0.603239 0.553191 0.607287 0.550152 0.607287 0.547112 0.611336 0.544073 0.611336 0.541033 0.615385 0.537994 0.615385 0.534954 0.619433 0.531915 0.619433 0.528875 0.623482 0.525836 0.623482 0.522796 0.62753 0.519757 0.62753 0.516717 0.631579 0.513678 0.631579 0.510638 0.635628 0.507599 0.635628 0.504559 0.639676 0.50152 0.639676 0.49848 0.643725 0.495441 0.643725 0.492401 0.647773 0.489362 0.647773 0.483283 0.639676 0.480243 0.639676 0.474164 0.631579 0.471125 0.631579 0.468085 0.62753 0.455927 0.62753 0.446809 0.639676 0.443769 0.639676 0.43465 0.651822 0.431611 0.651822 0.431611 0.65587 0.43465 0.659919 0.43465 0.663968 0.43769 0.668016 0.43769 0.676113 0.440729 0.680162 0.440729 0.684211 0.446809 0.684211 0.449848 0.680162 0.452888 0.680162 0.455927 0.676113 0.458967 0.676113 0.462006 0.672065 0.474164 0.672065 0.486322 0.688259 0.474164 0.704453 0.474164 0.708502 0.477204 0.712551 0.477204 0.716599 0.480243 0.720648 0.480243 0.728745 0.483283 0.732794 0.483283 0.736842 0.486322 0.740891 0.486322 0.744939 0.489362 0.748988 0.489362 0.753036 0.492401 0.757085 0.492401 0.761134 0.495441 0.765182 0.495441 0.769231 0.492401 0.773279 0.492401 0.777328 0.489362 0.781377 0.489362 0.789474 0.486322 0.793522 0.486322 0.797571 0.492401 0.805668 0.492401 0.809717 0.495441 0.813765 0.507599 0.813765 0.510638 0.809717 0.513678 0.809717 0.516717 0.805668 0.522796 0.805668 0.525836 0.801619 0.528875 0.801619 0.531915 0.797571 0.531915 0.793522 0.534954 0.789474 0.534954 0.785425 0.537994 0.781377 0.537994 0.773279 0.534954 0.769231 0.534954 0.757085 0.537994 0.753036 0.537994 0.744939 0.541033 0.740891 0.541033 0.736842 0.544073 0.732794 0.544073 0.728745 0.547112 0.724696 0.550152 0.724696 0.553191 0.720648 0.556231 0.720648 0.56231 0.712551 0.56231 0.708502 0.568389 0.700405 0.568389 0.684211 0.571429 0.680162 0.571429 0.668016 0.574468 0.663968 0.583587 0.663968 0.586626 0.659919 0.589666 0.659919 0.592705 0.65587 0.595745 0.65587 0.589666 0.647773 0.589666 0.643725 0.586626 0.639676 0.571429 0.639676 0.568389 0.635628 0.556231 0.635628 0.553191 0.631579 0.556231 0.62753 0.559271 0.62753 0.56231 0.623482 0.56535 0.623482 0.568389 0.619433 0.571429 0.619433 0.574468 0.615385 0.577508 0.615385 0.580547 0.611336 0.583587 0.611336 0.586626 0.607287 0.589666 0.607287 0.592705 0.603239 0.595745 0.603239 0.598784 0.59919 0.601824 0.59919 0.604863 0.595142 0.607903 0.595142 0.610942 0.591093 0.613982 0.591093 0.617021 0.587045 0.620061 0.587045 0.6231 0.582996 0.62614 0.582996 0.629179 0.578947 0.632219 0.578947 0.635258 0.574899 0.638298 0.574899 0.641337 0.57085 0.644377 0.57085 0.644377 0.566802 0.641337 0.562753 0.641337 0.558704 0.638298 0.558704
1 0.322188 0.518219 0.322188 0.526316 0.319149 0.530364 0.319149 0.550607 0.316109 0.554656 0.316109 0.57085 0.31307 0.574899 0.31307 0.595142 0.31003 0.59919 0.31003 0.607287 0.306991 0.611336 0.303951 0.611336 0.300912 0.615385 0.297872 0.615385 0.294833 0.619433 0.291793 0.619433 0.288754 0.623482 0.285714 0.623482 0.282675 0.62753 0.279635 0.62753 0.276596 0.631579 0.273556 0.631579 0.270517 0.635628 0.264438 0.635628 0.261398 0.639676 0.258359 0.639676 0.255319 0.643725 0.25228 0.643725 0.24924 0.647773 0.246201 0.647773 0.243161 0.651822 0.240122 0.651822 0.237082 0.65587 0.234043 0.65587 0.231003 0.659919 0.227964 0.659919 0.224924 0.663968 0.218845 0.663968 0.215805 0.668016 0.212766 0.668016 0.209726 0.672065 0.206687 0.672065 0.203647 0.676113 0.197568 0.676113 0.194529 0.680162 0.191489 0.680162 0.194529 0.680162 0.200608 0.688259 0.203647 0.688259 0.209726 0.696356 0.212766 0.696356 0.218845 0.704453 0.221884 0.704453 0.224924 0.708502 0.227964 0.704453 0.237082 0.704453 0.240122 0.700405 0.25228 0.700405 0.255319 0.696356 0.264438 0.696356 0.267477 0.692308 0.279635 0.692308 0.282675 0.688259 0.291793 0.688259 0.294833 0.684211 0.306991 0.684211 0.31003 0.680162 0.319149 0.680162 0.325228 0.672065 0.328267 0.672065 0.334347 0.663968 0.337386 0.663968 0.346505 0.651822 0.349544 0.651822 0.355623 0.643725 0.358663 0.643725 0.364742 0.635628 0.367781 0.635628 0.3769 0.623482 0.379939 0.623482 0.386018 0.615385 0.389058 0.615385 0.392097 0.611336 0.389058 0.607287 0.389058 0.603239 0.382979 0.595142 0.382979 0.591093 0.379939 0.587045 0.379939 0.582996 0.37386 0.574899 0.37386 0.57085 0.367781 0.562753 0.367781 0.558704 0.364742 0.554656 0.364742 0.550607 0.361702 0.546559 0.358663 0.546559 0.355623 0.54251 0.352584 0.54251 0.349544 0.538462 0.346505 0.538462 0.340426 0.530364 0.337386 0.530364 0.334347 0.526316 0.331307 0.526316 0.328267 0.522267 0.325228 0.522267
1 0.06383 0.493927 0.057751 0.502024 0.048632 0.502024 0.045593 0.497976 0.027356 0.497976 0.027356 0.502024 0.021277 0.510121 0.018237 0.510121 0.015198 0.51417 0.0 0.51417 0.0 0.591093 0.00304 0.587045 0.006079 0.587045 0.009119 0.582996 0.012158 0.582996 0.015198 0.578947 0.018237 0.578947 0.021277 0.574899 0.024316 0.574899 0.027356 0.57085 0.030395 0.57085 0.033435 0.566802 0.036474 0.566802 0.039514 0.562753 0.042553 0.562753 0.045593 0.558704 0.048632 0.558704 0.051672 0.554656 0.051672 0.550607 0.06079 0.538462 0.066869 0.538462 0.072948 0.530364 0.075988 0.530364 0.082067 0.522267 0.106383 0.522267 0.106383 0.51417 0.085106 0.51417 0.082067 0.510121 0.082067 0.497976 0.075988 0.497976 0.072948 0.493927
1 0.826748 0.45749 0.826748 0.461538 0.823708 0.465587 0.823708 0.477733 0.820669 0.481781 0.820669 0.48583 0.838906 0.48583 0.841945 0.489879 0.860182 0.489879 0.881459 0.518219 0.884498 0.518219 0.908815 0.550607 0.911854 0.550607 0.917933 0.558704 0.920973 0.558704 0.927052 0.566802 0.930091 0.566802 0.93921 0.578947 0.942249 0.578947 0.948328 0.587045 0.951368 0.587045 0.960486 0.59919 0.963526 0.59919 0.969605 0.607287 0.972644 0.607287 0.978723 0.615385 0.981763 0.615385 0.987842 0.623482 0.987842 0.607287 0.990881 0.603239 0.990881 0.591093 0.984802 0.582996 0.984802 0.578947 0.978723 0.57085 0.975684 0.57085 0.969605 0.562753 0.966565 0.562753 0.957447 0.550607 0.954407 0.550607 0.945289 0.538462 0.942249 0.538462 0.93617 0.530364 0.933131 0.530364 0.924012 0.518219 0.920973 0.518219 0.911854 0.506073 0.908815 0.506073 0.896657 0.489879 0.893617 0.489879 0.881459 0.473684 0.878419 0.473684 0.869301 0.461538 0.829787 0.461538
1 0.768997 0.433198 0.768997 0.441296 0.765957 0.445344 0.762918 0.445344 0.759878 0.441296 0.756839 0.441296 0.753799 0.437247 0.75076 0.441296 0.735562 0.441296 0.732523 0.445344 0.726444 0.445344 0.723404 0.449393 0.711246 0.449393 0.705167 0.441296 0.693009 0.441296 0.68997 0.437247 0.68693 0.441296 0.683891 0.441296 0.680851 0.445344 0.674772 0.445344 0.668693 0.453441 0.665653 0.453441 0.659574 0.461538 0.656535 0.461538 0.653495 0.465587 0.650456 0.465587 0.647416 0.469636 0.641337 0.469636 0.641337 0.481781 0.644377 0.477733 0.650456 0.477733 0.653495 0.473684 0.662614 0.473684 0.665653 0.469636 0.671733 0.469636 0.674772 0.465587 0.677812 0.465587 0.680851 0.461538 0.683891 0.461538 0.68693 0.465587 0.68693 0.469636 0.68997 0.473684 0.68997 0.477733 0.677812 0.493927 0.674772 0.493927 0.674772 0.497976 0.677812 0.502024 0.677812 0.506073 0.680851 0.502024 0.68997 0.502024 0.696049 0.493927 0.699088 0.493927 0.702128 0.489879 0.705167 0.489879 0.711246 0.481781 0.714286 0.481781 0.717325 0.477733 0.726444 0.477733 0.729483 0.481781 0.735562 0.481781 0.738602 0.48583 0.741641 0.481781 0.756839 0.481781 0.759878 0.477733 0.772036 0.477733 0.775076 0.481781 0.778116 0.481781 0.781155 0.48583 0.784195 0.481781 0.802432 0.481781 0.808511 0.473684 0.81155 0.473684 0.81459 0.469636 0.81459 0.465587 0.817629 0.461538 0.817629 0.45749 0.81459 0.453441 0.81459 0.449393 0.808511 0.449393 0.805471 0.445344 0.802432 0.449393 0.796353 0.441296 0.796353 0.437247 0.793313 0.433198
1 0.714286 0.376518 0.711246 0.380567 0.705167 0.380567 0.705167 0.384615 0.702128 0.388664 0.705167 0.392713 0.708207 0.392713 0.714286 0.40081 0.726444 0.40081 0.729483 0.404858 0.772036 0.404858 0.775076 0.40081 0.787234 0.40081 0.793313 0.392713 0.793313 0.380567 0.729483 0.380567 0.726444 0.376518
1 0.519757 0.364372 0.516717 0.368421 0.510638 0.368421 0.507599 0.37247 0.50152 0.37247 0.49848 0.376518 0.492401 0.376518 0.489362 0.380567 0.480243 0.380567 0.477204 0.384615 0.471125 0.384615 0.468085 0.388664 0.462006 0.388664 0.458967 0.392713 0.452888 0.392713 0.449848 0.396761 0.443769 0.396761 0.440729 0.40081 0.43465 0.40081 0.431611 0.404858 0.425532 0.404858 0.422492 0.408907 0.413374 0.408907 0.410334 0.412955 0.404255 0.412955 0.401216 0.417004 0.395137 0.417004 0.392097 0.421053 0.386018 0.421053 0.386018 0.425101 0.382979 0.42915 0.382979 0.433198 0.3769 0.441296 0.3769 0.445344 0.37386 0.449393 0.37386 0.453441 0.370821 0.45749 0.361702 0.45749 0.358663 0.461538 0.349544 0.461538 0.340426 0.473684 0.340426 0.497976 0.352584 0.497976 0.355623 0.493927 0.370821 0.493927 0.37386 0.489879 0.3769 0.489879 0.379939 0.48583 0.398176 0.48583 0.401216 0.481781 0.404255 0.481781 0.407295 0.477733 0.413374 0.477733 0.416413 0.473684 0.416413 0.469636 0.419453 0.465587 0.419453 0.461538 0.422492 0.45749 0.422492 0.453441 0.431611 0.441296 0.431611 0.437247 0.446809 0.417004 0.458967 0.417004 0.468085 0.404858 0.471125 0.404858 0.483283 0.388664 0.489362 0.388664 0.492401 0.384615 0.49848 0.384615 0.50152 0.380567 0.510638 0.380567 0.513678 0.376518 0.519757 0.376518
