0 0.931983 0.720077 0.939219 0.72973 0.939219 0.73166 0.945007 0.739382 0.94356 0.741313 0.927641 0.741313 0.927641 0.747104 0.926194 0.749035 0.926194 0.752896 0.927641 0.750965 0.962373 0.750965 0.971056 0.739382 0.972504 0.739382 0.978292 0.73166 0.952243 0.73166 0.949349 0.727799 0.947902 0.727799 0.942113 0.720077
0 0.117221 0.716216 0.115774 0.718147 0.115774 0.720077 0.114327 0.722008 0.114327 0.723938 0.111433 0.727799 0.111433 0.72973 0.109986 0.73166 0.109986 0.733591 0.108538 0.735521 0.109986 0.733591 0.151954 0.733591 0.153401 0.73166 0.153401 0.72973 0.154848 0.727799 0.154848 0.725869 0.156295 0.723938 0.156295 0.722008 0.157742 0.720077 0.157742 0.718147 0.15919 0.716216
0 0.65123 0.554054 0.652677 0.554054 0.654124 0.555985 0.657019 0.555985 0.658466 0.557915 0.659913 0.557915 0.66136 0.559846 0.664255 0.559846 0.665702 0.561776 0.668596 0.561776 0.670043 0.559846 0.671491 0.559846 0.674385 0.555985 0.675832 0.555985 0.675832 0.554054
0 0.147612 0.482625 0.146165 0.484556 0.144718 0.484556 0.141823 0.488417 0.140376 0.488417 0.138929 0.490347 0.137482 0.490347 0.136035 0.492278 0.134588 0.492278 0.13314 0.494208 0.131693 0.494208 0.130246 0.492278 0.128799 0.492278 0.124457 0.486486 0.12301 0.488417 0.117221 0.488417 0.111433 0.496139 0.108538 0.496139 0.107091 0.498069 0.104197 0.498069 0.10275 0.5 0.083936 0.5 0.082489 0.498069 0.073806 0.498069 0.072359 0.496139 0.072359 0.494208 0.070912 0.492278 0.070912 0.488417 0.068017 0.488417 0.06657 0.486486 0.065123 0.488417 0.062229 0.488417 0.060781 0.490347 0.057887 0.490347 0.05644 0.492278 0.049204 0.492278 0.04631 0.496139 0.044863 0.496139 0.041968 0.5 0.040521 0.5 0.037627 0.503861 0.037627 0.505792 0.049204 0.505792 0.050651 0.507722 0.094067 0.507722 0.095514 0.509653 0.128799 0.509653 0.130246 0.507722 0.143271 0.507722 0.146165 0.503861 0.147612 0.503861 0.149059 0.501931 0.150507 0.501931 0.151954 0.5 0.153401 0.501931 0.15919 0.501931 0.160637 0.503861 0.163531 0.503861 0.164978 0.501931 0.164978 0.498069 0.160637 0.492278 0.160637 0.490347 0.15919 0.488417 0.15919 0.484556 0.149059 0.484556
0 0.76411 0.478764 0.762663 0.480695 0.735166 0.480695 0.733719 0.482625 0.730825 0.482625 0.729378 0.484556 0.709117 0.484556 0.70767 0.482625 0.70767 0.486486 0.709117 0.488417 0.709117 0.496139 0.710564 0.498069 0.710564 0.503861 0.712012 0.505792 0.712012 0.509653 0.713459 0.511583 0.713459 0.515444 0.714906 0.517375 0.714906 0.519305 0.716353 0.521236 0.716353 0.523166 0.7178 0.525097 0.7178 0.527027 0.729378 0.527027 0.730825 0.525097 0.735166 0.525097 0.738061 0.521236 0.739508 0.521236 0.743849 0.515444 0.751085 0.515444 0.752533 0.513514 0.758321 0.513514 0.759768 0.515444 0.767004 0.515444 0.768452 0.517375 0.778582 0.517375 0.780029 0.515444 0.785818 0.515444 0.787265 0.513514 0.793054 0.513514 0.78437 0.501931 0.78437 0.5 0.769899 0.480695 0.765557 0.480695
0 0.748191 0.150579 0.746744 0.15251 0.733719 0.15251 0.733719 0.158301 0.740955 0.158301 0.743849 0.162162 0.745297 0.162162 0.746744 0.164093 0.748191 0.162162 0.751085 0.162162 0.751085 0.160232 0.749638 0.158301 0.749638 0.15444 0.748191 0.15251
1 0.011577 0.785714 0.011577 0.787645 0.01013 0.789575 0.01013 0.795367 0.008683 0.797297 0.008683 0.801158 0.007236 0.803089 0.007236 0.80695 0.005789 0.80888 0.005789 0.814672 0.004342 0.816602 0.004342 0.818533 0.014472 0.818533 0.015919 0.820463 0.024602 0.820463 0.026049 0.822394 0.036179 0.822394 0.037627 0.820463 0.041968 0.820463 0.043415 0.818533 0.04631 0.818533 0.047757 0.816602 0.052098 0.816602 0.053546 0.814672 0.057887 0.814672 0.059334 0.812741 0.063676 0.812741 0.063676 0.810811 0.062229 0.80888 0.062229 0.805019 0.060781 0.803089 0.059334 0.803089 0.05644 0.799228 0.054993 0.799228 0.052098 0.795367 0.039074 0.795367 0.037627 0.793436 0.036179 0.795367 0.033285 0.795367 0.031838 0.797297 0.028944 0.797297 0.027496 0.799228 0.023155 0.799228 0.021708 0.801158 0.018813 0.801158 0.017366 0.799228 0.017366 0.797297 0.014472 0.793436 0.014472 0.791506 0.013025 0.789575 0.013025 0.787645
1 0.341534 0.555985 0.340087 0.557915 0.340087 0.559846 0.33864 0.561776 0.33864 0.563707 0.341534 0.563707 0.342981 0.565637 0.345876 0.565637 0.347323 0.567568 0.350217 0.567568 0.350217 0.565637 0.351664 0.563707 0.351664 0.561776 0.353111 0.559846 0.353111 0.557915 0.354559 0.555985
1 0.21563 0.532819 0.21563 0.53861 0.234443 0.53861 0.234443 0.532819
1 0.316932 0.492278 0.315485 0.494208 0.306802 0.494208 0.305355 0.496139 0.289436 0.496139 0.287988 0.498069 0.286541 0.498069 0.285094 0.5 0.285094 0.505792 0.283647 0.507722 0.283647 0.511583 0.2822 0.513514 0.2822 0.515444 0.285094 0.519305 0.298119 0.519305 0.30246 0.525097 0.303907 0.525097 0.305355 0.527027 0.306802 0.527027 0.308249 0.528958 0.315485 0.528958 0.315485 0.527027 0.316932 0.525097 0.316932 0.523166 0.318379 0.521236 0.318379 0.519305 0.319826 0.517375 0.319826 0.515444 0.321274 0.513514 0.321274 0.509653 0.322721 0.507722 0.322721 0.505792 0.324168 0.503861 0.324168 0.496139 0.321274 0.496139 0.319826 0.494208 0.318379 0.494208
1 0.781476 0.471042 0.780029 0.472973 0.778582 0.472973 0.775687 0.476834 0.77424 0.476834 0.771346 0.480695 0.785818 0.5 0.785818 0.501931 0.794501 0.513514 0.808973 0.513514 0.81042 0.515444 0.811867 0.513514 0.819103 0.513514 0.82055 0.511583 0.827786 0.511583 0.829233 0.509653 0.836469 0.509653 0.837916 0.507722 0.84081 0.507722 0.842258 0.505792 0.845152 0.505792 0.846599 0.503861 0.849493 0.503861 0.850941 0.501931 0.852388 0.501931 0.853835 0.5 0.856729 0.5 0.856729 0.498069 0.858177 0.496139 0.858177 0.494208 0.855282 0.494208 0.853835 0.492278 0.843705 0.492278 0.842258 0.494208 0.837916 0.494208 0.836469 0.496139 0.83068 0.496139 0.829233 0.498069 0.811867 0.498069 0.81042 0.496139 0.804631 0.496139 0.803184 0.494208 0.800289 0.494208 0.798842 0.492278 0.797395 0.492278 0.795948 0.490347 0.795948 0.482625 0.793054 0.478764 0.791606 0.478764 0.787265 0.472973 0.782923 0.472973
1 0.342981 0.432432 0.341534 0.434363 0.301013 0.434363 0.299566 0.436293 0.298119 0.436293 0.296671 0.438224 0.295224 0.438224 0.293777 0.440154 0.29233 0.440154 0.289436 0.444015 0.29233 0.447876 0.327062 0.447876 0.328509 0.449807 0.334298 0.449807 0.340087 0.442085 0.340087 0.440154 0.341534 0.438224 0.341534 0.436293 0.342981 0.434363
1 0.701881 0.428571 0.700434 0.430502 0.696093 0.430502 0.696093 0.432432 0.69754 0.434363 0.69754 0.440154 0.698987 0.442085 0.698987 0.447876 0.700434 0.449807 0.700434 0.453668 0.712012 0.453668 0.713459 0.451737 0.7178 0.451737 0.719247 0.449807 0.725036 0.449807 0.729378 0.444015 0.729378 0.432432 0.716353 0.432432 0.714906 0.430502 0.703329 0.430502
