0 0.771277 0.914894 0.769947 0.916667 0.769947 0.91844 0.768617 0.920213 0.768617 0.921986 0.767287 0.923759 0.768617 0.923759 0.769947 0.925532 0.771277 0.925532 0.772606 0.927305 0.773936 0.927305 0.775266 0.929078 0.776596 0.927305 0.784574 0.927305 0.781915 0.923759 0.781915 0.921986 0.779255 0.91844 0.776596 0.91844 0.775266 0.916667 0.772606 0.916667
0 0.50133 0.858156 0.5 0.859929 0.49867 0.859929 0.496011 0.863475 0.494681 0.863475 0.492021 0.867021 0.490691 0.867021 0.488032 0.870567 0.486702 0.870567 0.490691 0.870567 0.492021 0.87234 0.496011 0.87234 0.49734 0.874113 0.50133 0.874113 0.50266 0.875887 0.506649 0.870567 0.507979 0.870567 0.509309 0.868794
0 0.742021 0.819149 0.740691 0.820922 0.728723 0.820922 0.728723 0.822695 0.730053 0.824468 0.730053 0.828014 0.75266 0.828014 0.75133 0.826241 0.75 0.826241 0.74867 0.824468 0.74734 0.824468 0.744681 0.820922 0.743351 0.820922
0 0.264628 0.725177 0.263298 0.72695 0.260638 0.72695 0.259309 0.728723 0.255319 0.728723 0.253989 0.730496 0.25133 0.730496 0.25 0.73227 0.234043 0.73227 0.234043 0.735816 0.232713 0.737589 0.232713 0.742908 0.231383 0.744681 0.231383 0.75 0.230053 0.751773 0.230053 0.762411 0.231383 0.764184 0.231383 0.77305 0.232713 0.774823 0.234043 0.774823 0.238032 0.780142 0.239362 0.780142 0.242021 0.783688 0.243351 0.781915 0.246011 0.781915 0.24734 0.780142 0.25 0.780142 0.25133 0.778369 0.253989 0.778369 0.255319 0.776596 0.269947 0.776596 0.271277 0.778369 0.281915 0.778369 0.283245 0.780142 0.284574 0.778369 0.299202 0.778369 0.300532 0.776596 0.316489 0.776596 0.317819 0.774823 0.317819 0.77305 0.321809 0.76773 0.321809 0.765957 0.323138 0.764184 0.308511 0.764184 0.307181 0.762411 0.308511 0.760638 0.30984 0.760638 0.31117 0.758865 0.31383 0.758865 0.31516 0.757092 0.319149 0.757092 0.320479 0.755319 0.324468 0.755319 0.324468 0.75 0.323138 0.748227 0.323138 0.742908 0.317819 0.735816 0.316489 0.737589 0.30984 0.737589 0.308511 0.739362 0.297872 0.739362 0.296543 0.737589 0.293883 0.737589 0.292553 0.735816 0.288564 0.735816 0.287234 0.734043 0.284574 0.734043 0.283245 0.73227 0.279255 0.73227 0.277926 0.730496 0.275266 0.730496 0.273936 0.728723 0.269947 0.728723 0.268617 0.72695 0.265957 0.72695
0 0.099734 0.609929 0.099734 0.611702 0.101064 0.613475 0.101064 0.615248 0.113032 0.615248 0.113032 0.609929
0 0.773936 0.601064 0.769947 0.606383 0.769947 0.613475 0.785904 0.613475 0.785904 0.611702 0.787234 0.609929 0.785904 0.608156 0.785904 0.606383 0.784574 0.60461 0.784574 0.602837 0.780585 0.602837 0.779255 0.601064
0 0.214096 0.570922 0.212766 0.572695 0.203457 0.572695 0.204787 0.574468 0.206117 0.574468 0.208777 0.578014 0.216755 0.578014 0.215426 0.576241 0.215426 0.574468 0.214096 0.572695
0 0.918883 0.519504 0.918883 0.521277 0.920213 0.52305 0.920213 0.524823 0.922872 0.524823 0.924202 0.526596 0.926862 0.526596 0.928191 0.528369 0.933511 0.528369 0.93484 0.530142 0.93883 0.524823 0.93617 0.524823 0.93484 0.52305 0.930851 0.52305 0.929521 0.521277 0.926862 0.521277 0.925532 0.519504
0 0.711436 0.491135 0.710106 0.492908 0.704787 0.492908 0.704787 0.494681 0.703457 0.496454 0.703457 0.498227 0.704787 0.498227 0.707447 0.501773 0.711436 0.501773 0.714096 0.498227 0.712766 0.496454 0.712766 0.494681 0.711436 0.492908
0 0.926862 0.489362 0.926862 0.492908 0.925532 0.494681 0.925532 0.496454 0.93617 0.496454 0.9375 0.498227 0.94016 0.494681 0.93883 0.494681 0.93617 0.491135 0.93484 0.491135 0.933511 0.489362
1 0.371011 0.890071 0.369681 0.891844 0.369681 0.893617 0.360372 0.906028 0.357713 0.906028 0.356383 0.907801 0.353723 0.907801 0.352394 0.909574 0.349734 0.909574 0.348404 0.911348 0.345745 0.911348 0.333777 0.89539 0.332447 0.897163 0.332447 0.898936 0.329787 0.902482 0.331117 0.904255 0.331117 0.906028 0.332447 0.907801 0.332447 0.909574 0.335106 0.913121 0.335106 0.914894 0.337766 0.91844 0.337766 0.920213 0.339096 0.921986 0.339096 0.923759 0.340426 0.925532 0.340426 0.927305 0.339096 0.929078 0.337766 0.929078 0.335106 0.925532 0.333777 0.925532 0.331117 0.921986 0.329787 0.921986 0.327128 0.91844 0.325798 0.91844 0.323138 0.914894 0.320479 0.91844 0.319149 0.91844 0.316489 0.921986 0.31516 0.921986 0.31383 0.923759 0.317819 0.929078 0.317819 0.930851 0.320479 0.934397 0.320479 0.93617 0.321809 0.937943 0.321809 0.941489 0.323138 0.943262 0.323138 0.945035 0.321809 0.946809 0.319149 0.946809 0.317819 0.948582 0.31516 0.948582 0.31383 0.950355 0.31117 0.950355 0.30984 0.952128 0.307181 0.952128 0.307181 0.955674 0.305851 0.957447 0.305851 0.960993 0.303191 0.964539 0.301862 0.964539 0.301862 0.969858 0.303191 0.971631 0.303191 0.97695 0.304521 0.975177 0.331117 0.975177 0.332447 0.97695 0.333777 0.97695 0.336436 0.980496 0.337766 0.980496 0.339096 0.98227 0.340426 0.980496 0.347074 0.980496 0.348404 0.978723 0.356383 0.978723 0.360372 0.984043 0.361702 0.984043 0.367021 0.991135 0.37234 0.984043 0.37367 0.984043 0.37633 0.980496 0.37633 0.975177 0.37766 0.973404 0.37766 0.968085 0.378989 0.966312 0.380319 0.966312 0.382979 0.969858 0.386968 0.969858 0.386968 0.966312 0.385638 0.964539 0.385638 0.960993 0.386968 0.95922 0.398936 0.95922 0.401596 0.962766 0.402926 0.962766 0.404255 0.964539 0.405585 0.964539 0.408245 0.968085 0.409574 0.968085 0.412234 0.971631 0.413564 0.971631 0.414894 0.973404 0.417553 0.969858 0.418883 0.969858 0.401596 0.946809 0.389628 0.946809 0.388298 0.945035 0.386968 0.946809 0.384309 0.946809 0.382979 0.948582 0.37766 0.948582 0.375 0.945035 0.37367 0.945035 0.37234 0.943262 0.371011 0.943262 0.368351 0.939716 0.367021 0.939716 0.364362 0.93617 0.363032 0.93617 0.361702 0.934397 0.363032 0.932624 0.363032 0.930851 0.365691 0.927305 0.37234 0.927305 0.37367 0.925532 0.37766 0.925532 0.378989 0.927305 0.378989 0.925532 0.380319 0.923759 0.380319 0.920213 0.381649 0.91844 0.381649 0.916667 0.382979 0.914894 0.382979 0.913121 0.37766 0.906028 0.37766 0.904255 0.37367 0.898936 0.37367 0.89539 0.375 0.893617 0.375 0.891844 0.37234 0.891844
1 0.171543 0.739362 0.170213 0.741135 0.167553 0.741135 0.166223 0.742908 0.164894 0.742908 0.163564 0.744681 0.159574 0.744681 0.158245 0.742908 0.156915 0.742908 0.155585 0.741135 0.154255 0.742908 0.103723 0.742908 0.102394 0.744681 0.095745 0.744681 0.095745 0.751773 0.094415 0.753546 0.090426 0.753546 0.089096 0.751773 0.089096 0.753546 0.087766 0.755319 0.087766 0.758865 0.086436 0.760638 0.086436 0.762411 0.085106 0.764184 0.082447 0.764184 0.081117 0.765957 0.078457 0.765957 0.078457 0.76773 0.079787 0.769504 0.079787 0.776596 0.078457 0.778369 0.078457 0.781915 0.079787 0.783688 0.079787 0.785461 0.081117 0.787234 0.081117 0.789007 0.087766 0.789007 0.094415 0.797872 0.095745 0.796099 0.113032 0.796099 0.114362 0.794326 0.131649 0.794326 0.132979 0.792553 0.135638 0.792553 0.136968 0.79078 0.139628 0.79078 0.140957 0.789007 0.144947 0.789007 0.146277 0.787234 0.148936 0.787234 0.150266 0.785461 0.151596 0.785461 0.152926 0.783688 0.154255 0.783688 0.155585 0.781915 0.156915 0.781915 0.158245 0.780142 0.159574 0.780142 0.159574 0.776596 0.160904 0.774823 0.160904 0.76773 0.162234 0.765957 0.162234 0.762411 0.163564 0.760638 0.167553 0.760638 0.168883 0.758865 0.172872 0.758865 0.172872 0.755319 0.174202 0.753546 0.174202 0.748227 0.175532 0.746454 0.175532 0.744681
1 0.893617 0.719858 0.892287 0.721631 0.856383 0.721631 0.856383 0.723404 0.857713 0.725177 0.857713 0.728723 0.859043 0.72695 0.893617 0.72695
1 0.578457 0.666667 0.577128 0.66844 0.573138 0.66844 0.571809 0.670213 0.569149 0.670213 0.567819 0.671986 0.56383 0.671986 0.56383 0.677305 0.5625 0.679078 0.5625 0.682624 0.56383 0.684397 0.56383 0.68617 0.566489 0.689716 0.566489 0.691489 0.567819 0.693262 0.567819 0.695035 0.570479 0.698582 0.570479 0.700355 0.571809 0.702128 0.569149 0.705674 0.569149 0.707447 0.56383 0.714539 0.56117 0.714539 0.55984 0.716312 0.555851 0.716312 0.554521 0.718085 0.551862 0.718085 0.550532 0.719858 0.546543 0.719858 0.545213 0.721631 0.542553 0.721631 0.541223 0.723404 0.537234 0.723404 0.537234 0.72695 0.535904 0.728723 0.535904 0.730496 0.537234 0.728723 0.578457 0.728723 0.579787 0.72695 0.582447 0.72695 0.583777 0.725177 0.585106 0.725177 0.586436 0.723404 0.589096 0.723404 0.590426 0.721631 0.593085 0.721631 0.594415 0.719858 0.62367 0.719858 0.625 0.721631 0.632979 0.721631 0.634309 0.723404 0.634309 0.719858 0.632979 0.718085 0.632979 0.712766 0.631649 0.710993 0.631649 0.707447 0.630319 0.70922 0.617021 0.70922 0.614362 0.705674 0.614362 0.703901 0.613032 0.702128 0.609043 0.702128 0.607713 0.700355 0.602394 0.700355 0.601064 0.698582 0.597074 0.698582 0.595745 0.696809 0.591755 0.696809 0.589096 0.693262 0.587766 0.693262 0.585106 0.689716 0.583777 0.689716 0.581117 0.68617 0.581117 0.682624 0.582447 0.680851 0.582447 0.673759 0.583777 0.671986 0.583777 0.66844 0.579787 0.66844
1 0.198138 0.632979 0.195479 0.636525 0.194149 0.636525 0.191489 0.640071 0.18617 0.640071 0.18484 0.638298 0.180851 0.638298 0.179521 0.636525 0.176862 0.640071 0.175532 0.640071 0.172872 0.643617 0.171543 0.643617 0.160904 0.657801 0.151596 0.657801 0.150266 0.656028 0.150266 0.670213 0.151596 0.66844 0.167553 0.66844 0.168883 0.666667 0.174202 0.666667 0.175532 0.66844 0.176862 0.666667 0.179521 0.666667 0.180851 0.664894 0.182181 0.664894 0.183511 0.663121 0.18484 0.663121 0.1875 0.666667 0.1875 0.670213 0.18883 0.671986 0.18883 0.675532 0.19016 0.677305 0.19016 0.679078 0.191489 0.680851 0.191489 0.682624 0.192819 0.684397 0.192819 0.700355 0.196809 0.705674 0.196809 0.707447 0.198138 0.70922 0.198138 0.714539 0.199468 0.716312 0.199468 0.718085 0.230053 0.718085 0.232713 0.721631 0.232713 0.723404 0.234043 0.725177 0.234043 0.72695 0.235372 0.728723 0.235372 0.730496 0.25 0.730496 0.25133 0.728723 0.253989 0.728723 0.255319 0.72695 0.259309 0.72695 0.260638 0.725177 0.263298 0.725177 0.264628 0.723404 0.265957 0.725177 0.268617 0.725177 0.269947 0.72695 0.273936 0.72695 0.275266 0.728723 0.277926 0.728723 0.279255 0.730496 0.283245 0.730496 0.284574 0.73227 0.287234 0.73227 0.288564 0.734043 0.291223 0.734043 0.288564 0.734043 0.287234 0.73227 0.284574 0.73227 0.283245 0.730496 0.279255 0.730496 0.277926 0.728723 0.280585 0.725177 0.283245 0.725177 0.284574 0.723404 0.288564 0.723404 0.291223 0.72695 0.292553 0.72695 0.295213 0.730496 0.296543 0.728723 0.308511 0.728723 0.30984 0.72695 0.321809 0.72695 0.321809 0.725177 0.323138 0.723404 0.323138 0.721631 0.324468 0.719858 0.324468 0.718085 0.325798 0.716312 0.325798 0.714539 0.327128 0.712766 0.327128 0.710993 0.325798 0.710993 0.323138 0.707447 0.321809 0.707447 0.320479 0.705674 0.319149 0.705674 0.316489 0.702128 0.31516 0.702128 0.31383 0.700355 0.3125 0.700355 0.30984 0.696809 0.308511 0.696809 0.307181 0.695035 0.305851 0.696809 0.295213 0.696809 0.292553 0.693262 0.292553 0.689716 0.291223 0.689716 0.289894 0.687943 0.288564 0.687943 0.285904 0.684397 0.284574 0.684397 0.283245 0.682624 0.281915 0.684397 0.280585 0.684397 0.277926 0.687943 0.268617 0.687943 0.267287 0.68617 0.263298 0.691489 0.264628 0.693262 0.264628 0.695035 0.265957 0.696809 0.265957 0.698582 0.267287 0.700355 0.267287 0.702128 0.268617 0.703901 0.267287 0.705674 0.25133 0.705674 0.24734 0.700355 0.246011 0.700355 0.239362 0.691489 0.243351 0.68617 0.244681 0.68617 0.246011 0.684397 0.243351 0.680851 0.227394 0.680851 0.226064 0.679078 0.219415 0.679078 0.218085 0.677305 0.212766 0.677305 0.211436 0.675532 0.204787 0.675532 0.203457 0.673759 0.203457 0.671986 0.202128 0.670213 0.202128 0.666667 0.200798 0.664894 0.200798 0.661348 0.199468 0.659574 0.199468 0.656028 0.198138 0.654255 0.199468 0.652482 0.212766 0.652482 0.214096 0.650709 0.216755 0.650709 0.218085 0.648936 0.220745 0.648936 0.219415 0.647163 0.219415 0.64539 0.218085 0.643617 0.218085 0.641844 0.216755 0.640071 0.216755 0.638298 0.215426 0.640071 0.214096 0.640071 0.212766 0.641844 0.208777 0.641844 0.207447 0.640071 0.206117 0.640071 0.203457 0.636525 0.202128 0.636525 0.200798 0.634752 0.199468 0.634752
1 0.457447 0.547872 0.454787 0.551418 0.454787 0.553191 0.450798 0.558511 0.446809 0.558511 0.445479 0.560284 0.44016 0.560284 0.43883 0.562057 0.43617 0.562057 0.433511 0.558511 0.433511 0.556738 0.432181 0.554965 0.432181 0.553191 0.428191 0.553191 0.426862 0.554965 0.417553 0.554965 0.416223 0.553191 0.414894 0.554965 0.413564 0.554965 0.412234 0.556738 0.410904 0.556738 0.409574 0.558511 0.408245 0.558511 0.406915 0.560284 0.405585 0.560284 0.401596 0.554965 0.384309 0.554965 0.384309 0.556738 0.382979 0.558511 0.382979 0.560284 0.381649 0.562057 0.378989 0.562057 0.37766 0.560284 0.37367 0.560284 0.37234 0.558511 0.369681 0.558511 0.368351 0.556738 0.364362 0.556738 0.363032 0.554965 0.360372 0.554965 0.359043 0.553191 0.349734 0.565603 0.361702 0.565603 0.363032 0.567376 0.375 0.567376 0.37633 0.569149 0.386968 0.569149 0.388298 0.570922 0.400266 0.570922 0.401596 0.572695 0.400266 0.574468 0.396277 0.574468 0.394947 0.576241 0.389628 0.576241 0.389628 0.578014 0.388298 0.579787 0.388298 0.58156 0.386968 0.583333 0.388298 0.58156 0.396277 0.58156 0.397606 0.579787 0.405585 0.579787 0.412234 0.570922 0.420213 0.570922 0.421543 0.572695 0.422872 0.572695 0.425532 0.576241 0.426862 0.576241 0.428191 0.578014 0.429521 0.576241 0.43883 0.576241 0.44016 0.574468 0.450798 0.574468 0.452128 0.572695 0.452128 0.570922 0.454787 0.567376 0.466755 0.567376 0.468085 0.565603 0.473404 0.565603 0.474734 0.567376 0.476064 0.565603 0.477394 0.565603 0.480053 0.562057 0.481383 0.562057 0.481383 0.556738 0.480053 0.554965 0.480053 0.547872
1 0.640957 0.5 0.639628 0.501773 0.639628 0.503546 0.638298 0.505319 0.638298 0.507092 0.636968 0.508865 0.632979 0.508865 0.631649 0.507092 0.62633 0.507092 0.625 0.505319 0.621011 0.505319 0.619681 0.503546 0.618351 0.505319 0.607713 0.505319 0.606383 0.507092 0.595745 0.507092 0.595745 0.510638 0.594415 0.512411 0.594415 0.514184 0.605053 0.514184 0.606383 0.515957 0.606383 0.51773 0.602394 0.52305 0.581117 0.52305 0.579787 0.524823 0.578457 0.524823 0.577128 0.526596 0.574468 0.526596 0.573138 0.528369 0.571809 0.528369 0.570479 0.530142 0.567819 0.530142 0.566489 0.531915 0.56516 0.531915 0.56383 0.533688 0.555851 0.533688 0.555851 0.537234 0.553191 0.54078 0.521277 0.54078 0.521277 0.558511 0.546543 0.558511 0.547872 0.560284 0.551862 0.560284 0.553191 0.562057 0.554521 0.560284 0.555851 0.560284 0.557181 0.558511 0.558511 0.558511 0.55984 0.556738 0.56117 0.556738 0.56383 0.553191 0.586436 0.553191 0.587766 0.554965 0.589096 0.553191 0.589096 0.551418 0.590426 0.549645 0.590426 0.547872 0.591755 0.546099 0.591755 0.544326 0.594415 0.54078 0.598404 0.54078 0.598404 0.539007 0.599734 0.537234 0.599734 0.531915 0.601064 0.530142 0.601064 0.528369 0.602394 0.526596 0.614362 0.526596 0.615691 0.524823 0.635638 0.524823 0.636968 0.526596 0.642287 0.526596 0.643617 0.528369 0.644947 0.526596 0.648936 0.526596 0.651596 0.52305 0.666223 0.52305 0.667553 0.524823 0.667553 0.52305 0.668883 0.521277 0.668883 0.519504 0.652926 0.519504 0.647606 0.512411 0.648936 0.510638 0.664894 0.510638 0.666223 0.508865 0.692819 0.508865 0.694149 0.510638 0.694149 0.501773 0.642287 0.501773
1 0.867021 0.485816 0.871011 0.491135 0.87766 0.491135 0.878989 0.492908 0.878989 0.494681 0.880319 0.496454 0.898936 0.496454 0.897606 0.494681 0.897606 0.492908 0.888298 0.492908 0.886968 0.494681 0.885638 0.492908 0.885638 0.491135 0.884309 0.489362 0.884309 0.487589 0.882979 0.485816
