0 0.189771 0.897666 0.187079 0.901257 0.187079 0.903052 0.183042 0.908438 0.183042 0.910233 0.179004 0.915619 0.179004 0.917415 0.174966 0.922801 0.174966 0.924596 0.169583 0.931777 0.169583 0.933573 0.165545 0.938959 0.165545 0.940754 0.161507 0.94614 0.161507 0.947935 0.156124 0.955117 0.156124 0.956912 0.149394 0.965889 0.149394 0.967684 0.145357 0.97307 0.142665 0.97307 0.142665 0.974865 0.144011 0.976661 0.144011 0.978456 0.145357 0.980251 0.145357 0.985637 0.146703 0.987433 0.146703 0.992819 0.153432 0.983842 0.154778 0.983842 0.156124 0.982047 0.158816 0.982047 0.160162 0.980251 0.161507 0.980251 0.162853 0.978456 0.165545 0.978456 0.166891 0.976661 0.168237 0.976661 0.169583 0.974865 0.170929 0.974865 0.172275 0.97307 0.174966 0.97307 0.176312 0.971275 0.177658 0.971275 0.179004 0.969479 0.181696 0.969479 0.183042 0.967684 0.184388 0.967684 0.185734 0.965889 0.187079 0.965889 0.188425 0.964093 0.191117 0.964093 0.192463 0.962298 0.193809 0.962298 0.195155 0.960503 0.197847 0.960503 0.199192 0.958707 0.207268 0.958707 0.208614 0.960503 0.211306 0.960503 0.212651 0.962298 0.215343 0.962298 0.216689 0.964093 0.218035 0.964093 0.219381 0.965889 0.213997 0.958707 0.212651 0.958707 0.20996 0.955117 0.208614 0.955117 0.205922 0.951526 0.204576 0.951526 0.201884 0.947935 0.200538 0.947935 0.199192 0.94614 0.199192 0.940754 0.192463 0.940754 0.189771 0.937163 0.189771 0.935368 0.188425 0.933573 0.188425 0.931777 0.189771 0.929982 0.189771 0.926391 0.191117 0.924596 0.191117 0.921005 0.192463 0.91921 0.192463 0.915619 0.193809 0.913824 0.193809 0.910233 0.192463 0.908438 0.192463 0.906643 0.191117 0.904847 0.191117 0.901257 0.189771 0.899461
0 0.156124 0.70018 0.154778 0.701975 0.146703 0.701975 0.145357 0.70377 0.144011 0.70377 0.142665 0.705566 0.141319 0.705566 0.139973 0.707361 0.137281 0.707361 0.135935 0.709156 0.13459 0.709156 0.133244 0.710952 0.131898 0.710952 0.129206 0.714542 0.12786 0.714542 0.126514 0.716338 0.122476 0.716338 0.121131 0.714542 0.118439 0.714542 0.117093 0.712747 0.117093 0.714542 0.115747 0.716338 0.115747 0.718133 0.114401 0.719928 0.114401 0.721724 0.113055 0.723519 0.113055 0.725314 0.130552 0.725314 0.131898 0.723519 0.133244 0.723519 0.135935 0.719928 0.137281 0.719928 0.138627 0.718133 0.139973 0.718133 0.141319 0.716338 0.142665 0.716338 0.144011 0.714542 0.146703 0.714542 0.148048 0.712747 0.149394 0.712747 0.15074 0.710952 0.153432 0.710952 0.154778 0.709156 0.156124 0.709156 0.15747 0.707361 0.161507 0.707361
0 0.526245 0.535009 0.524899 0.536804 0.523553 0.536804 0.522207 0.5386 0.520861 0.5386 0.519515 0.540395 0.51817 0.540395 0.516824 0.54219 0.515478 0.54219 0.514132 0.543986 0.512786 0.543986 0.51144 0.545781 0.510094 0.545781 0.508748 0.547576 0.507402 0.547576 0.506057 0.549372 0.504711 0.549372 0.503365 0.551167 0.502019 0.551167 0.51817 0.551167 0.519515 0.552962 0.51817 0.551167 0.51817 0.549372 0.516824 0.547576 0.51817 0.545781 0.519515 0.545781 0.520861 0.543986 0.522207 0.543986 0.523553 0.54219 0.524899 0.54219 0.524899 0.5386 0.526245 0.536804
0 0.592194 0.533214 0.589502 0.536804 0.589502 0.545781 0.594886 0.545781 0.596231 0.547576 0.597577 0.545781 0.600269 0.545781 0.600269 0.54219 0.601615 0.540395 0.601615 0.5386 0.597577 0.533214
0 0.925976 0.517056 0.92463 0.518851 0.9179 0.518851 0.916555 0.520646 0.911171 0.520646 0.909825 0.522442 0.903096 0.522442 0.90175 0.524237 0.89502 0.524237 0.89502 0.552962 0.896366 0.551167 0.911171 0.551167 0.912517 0.549372 0.927322 0.549372 0.927322 0.535009 0.925976 0.533214
0 0.592194 0.48474 0.590848 0.486535 0.589502 0.486535 0.589502 0.491921 0.594886 0.491921 0.594886 0.486535 0.59354 0.486535
0 0.619112 0.459605 0.617766 0.4614 0.611036 0.4614 0.60969 0.463196 0.608345 0.463196 0.606999 0.464991 0.604307 0.464991 0.606999 0.468582 0.612382 0.468582 0.613728 0.466786 0.619112 0.466786 0.620458 0.464991 0.620458 0.463196 0.621803 0.4614 0.620458 0.4614
0 0.621803 0.450628 0.621803 0.456014 0.628533 0.456014 0.628533 0.454219 0.627187 0.452424 0.627187 0.450628
0 0.659489 0.445242 0.659489 0.448833 0.664872 0.448833 0.664872 0.445242
0 0.734859 0.439856 0.734859 0.443447 0.733513 0.445242 0.733513 0.448833 0.734859 0.450628 0.734859 0.452424 0.736205 0.450628 0.74428 0.450628 0.745626 0.448833 0.751009 0.448833 0.752355 0.447038 0.753701 0.447038 0.755047 0.445242 0.756393 0.445242 0.751009 0.445242 0.749664 0.443447 0.742934 0.443447 0.741588 0.441652 0.736205 0.441652
1 0.539704 0.897666 0.538358 0.899461 0.537012 0.899461 0.53432 0.903052 0.532974 0.903052 0.530283 0.906643 0.528937 0.906643 0.527591 0.908438 0.526245 0.908438 0.523553 0.912029 0.522207 0.912029 0.514132 0.922801 0.512786 0.922801 0.495289 0.94614 0.493943 0.94614 0.483176 0.960503 0.48183 0.960503 0.479139 0.964093 0.477793 0.964093 0.476447 0.965889 0.475101 0.965889 0.472409 0.969479 0.471063 0.969479 0.469717 0.971275 0.468371 0.971275 0.46568 0.974865 0.464334 0.974865 0.462988 0.976661 0.461642 0.976661 0.45895 0.980251 0.457604 0.980251 0.456258 0.982047 0.454913 0.982047 0.452221 0.985637 0.450875 0.985637 0.449529 0.987433 0.448183 0.987433 0.445491 0.991023 0.444145 0.991023 0.442799 0.992819 0.441454 0.992819 0.438762 0.996409 0.437416 0.996409 0.43607 0.998205 0.539704 0.998205 0.54105 0.996409 0.543742 0.996409 0.545087 0.994614 0.549125 0.994614 0.550471 0.992819 0.551817 0.992819 0.553163 0.991023 0.554509 0.991023 0.555855 0.989228 0.558546 0.989228 0.559892 0.987433 0.561238 0.987433 0.562584 0.985637 0.566622 0.985637 0.567968 0.983842 0.572005 0.983842 0.574697 0.980251 0.574697 0.978456 0.580081 0.971275 0.580081 0.969479 0.582773 0.965889 0.582773 0.964093 0.581427 0.962298 0.581427 0.960503 0.580081 0.958707 0.580081 0.956912 0.578735 0.955117 0.578735 0.953321 0.577389 0.951526 0.577389 0.949731 0.576043 0.947935 0.576043 0.94614 0.573351 0.942549 0.573351 0.940754 0.572005 0.938959 0.572005 0.937163 0.570659 0.935368 0.559892 0.935368 0.558546 0.933573 0.557201 0.935368 0.553163 0.935368 0.551817 0.937163 0.547779 0.937163 0.546433 0.938959 0.542396 0.938959 0.54105 0.940754 0.535666 0.940754 0.53432 0.942549 0.530283 0.942549 0.528937 0.944345 0.527591 0.944345 0.526245 0.942549 0.528937 0.938959 0.528937 0.937163 0.535666 0.928187 0.535666 0.926391 0.542396 0.917415 0.542396 0.915619 0.546433 0.910233 0.546433 0.906643 0.545087 0.904847 0.545087 0.899461 0.54105 0.899461
1 0.499327 0.75763 0.497981 0.759425 0.495289 0.759425 0.493943 0.761221 0.492598 0.761221 0.491252 0.763016 0.48856 0.763016 0.487214 0.764811 0.484522 0.764811 0.483176 0.766607 0.477793 0.766607 0.476447 0.768402 0.472409 0.768402 0.471063 0.770197 0.46568 0.770197 0.461642 0.775583 0.462988 0.775583 0.464334 0.777379 0.46568 0.777379 0.467026 0.779174 0.468371 0.779174 0.469717 0.780969 0.468371 0.782765 0.467026 0.782765 0.46568 0.78456 0.457604 0.78456 0.456258 0.786355 0.448183 0.786355 0.448183 0.791741 0.456258 0.791741 0.457604 0.793537 0.460296 0.793537 0.461642 0.795332 0.464334 0.795332 0.46568 0.797127 0.468371 0.797127 0.469717 0.798923 0.473755 0.798923 0.475101 0.800718 0.477793 0.800718 0.479139 0.802513 0.480485 0.800718 0.489906 0.800718 0.491252 0.798923 0.495289 0.798923 0.496635 0.797127 0.502019 0.797127 0.503365 0.795332 0.504711 0.795332 0.506057 0.793537 0.507402 0.793537 0.508748 0.791741 0.510094 0.791741 0.51144 0.789946 0.512786 0.789946 0.512786 0.780969 0.514132 0.779174 0.514132 0.777379 0.515478 0.775583 0.515478 0.773788 0.514132 0.771993 0.514132 0.768402 0.512786 0.766607 0.512786 0.764811 0.51144 0.764811 0.510094 0.763016 0.508748 0.763016 0.507402 0.761221 0.504711 0.761221 0.503365 0.759425 0.500673 0.759425
1 0.434724 0.685817 0.433378 0.687612 0.433378 0.689408 0.430686 0.692998 0.430686 0.694794 0.429341 0.696589 0.429341 0.698384 0.426649 0.701975 0.426649 0.70377 0.423957 0.707361 0.423957 0.709156 0.422611 0.710952 0.430686 0.710952 0.432032 0.709156 0.438762 0.709156 0.438762 0.707361 0.440108 0.705566 0.440108 0.70377 0.442799 0.70018 0.454913 0.70018 0.456258 0.701975 0.456258 0.70377 0.454913 0.705566 0.454913 0.710952 0.456258 0.712747 0.456258 0.714542 0.454913 0.716338 0.454913 0.718133 0.453567 0.719928 0.453567 0.721724 0.452221 0.723519 0.453567 0.721724 0.460296 0.721724 0.461642 0.719928 0.472409 0.719928 0.473755 0.721724 0.477793 0.721724 0.479139 0.723519 0.480485 0.723519 0.483176 0.72711 0.484522 0.72711 0.485868 0.728905 0.487214 0.728905 0.489906 0.732496 0.491252 0.732496 0.493943 0.736086 0.495289 0.736086 0.497981 0.739677 0.497981 0.741472 0.499327 0.743268 0.499327 0.745063 0.500673 0.746858 0.500673 0.748654 0.503365 0.752244 0.504711 0.752244 0.508748 0.75763 0.510094 0.755835 0.514132 0.755835 0.515478 0.754039 0.51817 0.754039 0.519515 0.752244 0.523553 0.752244 0.524899 0.750449 0.528937 0.750449 0.530283 0.748654 0.532974 0.748654 0.53432 0.746858 0.537012 0.746858 0.538358 0.745063 0.542396 0.745063 0.543742 0.743268 0.546433 0.743268 0.547779 0.741472 0.550471 0.741472 0.553163 0.737882 0.553163 0.736086 0.557201 0.7307 0.555855 0.728905 0.555855 0.72711 0.554509 0.725314 0.554509 0.723519 0.553163 0.721724 0.553163 0.719928 0.551817 0.718133 0.547779 0.718133 0.546433 0.716338 0.542396 0.716338 0.54105 0.714542 0.537012 0.714542 0.528937 0.70377 0.527591 0.70377 0.523553 0.698384 0.51144 0.698384 0.502019 0.685817 0.500673 0.687612 0.499327 0.687612 0.497981 0.689408 0.496635 0.689408 0.495289 0.691203 0.493943 0.691203 0.492598 0.692998 0.491252 0.692998 0.489906 0.694794 0.487214 0.694794 0.485868 0.692998 0.484522 0.692998 0.483176 0.691203 0.48183 0.691203 0.480485 0.689408 0.479139 0.689408 0.477793 0.687612 0.476447 0.689408 0.456258 0.689408 0.454913 0.687612 0.449529 0.687612 0.448183 0.685817
1 0.531629 0.628366 0.530283 0.630162 0.514132 0.630162 0.512786 0.631957 0.496635 0.631957 0.495289 0.633752 0.491252 0.633752 0.491252 0.635548 0.489906 0.637343 0.489906 0.639138 0.48856 0.640934 0.484522 0.640934 0.483176 0.642729 0.479139 0.642729 0.476447 0.64632 0.493943 0.64632 0.495289 0.648115 0.496635 0.64632 0.502019 0.64632 0.503365 0.644524 0.510094 0.644524 0.510094 0.642729 0.51144 0.640934 0.51144 0.639138 0.514132 0.635548 0.526245 0.635548 0.527591 0.633752 0.54105 0.633752 0.543742 0.630162 0.532974 0.630162
1 0.380888 0.588869 0.379542 0.590664 0.374159 0.590664 0.372813 0.59246 0.366083 0.59246 0.364738 0.594255 0.363392 0.594255 0.3607 0.597846 0.359354 0.597846 0.358008 0.599641 0.356662 0.599641 0.35397 0.603232 0.35397 0.605027 0.349933 0.610413 0.349933 0.612208 0.348587 0.614004 0.348587 0.615799 0.347241 0.617594 0.347241 0.61939 0.348587 0.617594 0.351279 0.617594 0.352624 0.615799 0.362046 0.615799 0.363392 0.614004 0.366083 0.614004 0.367429 0.612208 0.371467 0.612208 0.370121 0.610413 0.370121 0.608618 0.368775 0.606822 0.370121 0.605027 0.371467 0.605027 0.372813 0.603232 0.375505 0.603232 0.376851 0.601436 0.378197 0.601436 0.379542 0.599641 0.382234 0.599641 0.38358 0.597846 0.384926 0.597846 0.387618 0.594255 0.388964 0.594255 0.39031 0.59246 0.391655 0.59246 0.387618 0.59246 0.386272 0.590664 0.382234 0.590664
1 0.526245 0.587074 0.524899 0.588869 0.512786 0.588869 0.51144 0.590664 0.510094 0.590664 0.508748 0.59246 0.506057 0.59246 0.504711 0.594255 0.503365 0.594255 0.502019 0.59605 0.499327 0.59605 0.497981 0.597846 0.492598 0.597846 0.491252 0.599641 0.484522 0.599641 0.483176 0.601436 0.477793 0.601436 0.476447 0.603232 0.475101 0.603232 0.473755 0.605027 0.472409 0.605027 0.471063 0.606822 0.469717 0.606822 0.467026 0.610413 0.46568 0.610413 0.464334 0.612208 0.462988 0.612208 0.461642 0.614004 0.460296 0.614004 0.461642 0.615799 0.462988 0.615799 0.46568 0.61939 0.467026 0.617594 0.468371 0.617594 0.469717 0.615799 0.472409 0.615799 0.473755 0.614004 0.476447 0.614004 0.477793 0.612208 0.479139 0.612208 0.480485 0.610413 0.483176 0.610413 0.484522 0.608618 0.487214 0.608618 0.48856 0.606822 0.493943 0.606822 0.495289 0.605027 0.500673 0.605027 0.502019 0.603232 0.51144 0.603232 0.512786 0.601436 0.520861 0.601436 0.522207 0.599641 0.531629 0.599641 0.532974 0.597846 0.53432 0.597846 0.537012 0.594255 0.538358 0.594255 0.535666 0.590664 0.535666 0.588869 0.53432 0.587074
1 0.866756 0.535009 0.86541 0.536804 0.855989 0.536804 0.854643 0.5386 0.850606 0.5386 0.84926 0.540395 0.846568 0.540395 0.845222 0.54219 0.841184 0.54219 0.839838 0.543986 0.835801 0.543986 0.834455 0.545781 0.831763 0.545781 0.830417 0.547576 0.82638 0.547576 0.825034 0.549372 0.822342 0.549372 0.820996 0.551167 0.816958 0.551167 0.816958 0.560144 0.818304 0.558348 0.822342 0.558348 0.823688 0.556553 0.827725 0.556553 0.829071 0.554758 0.831763 0.554758 0.833109 0.552962 0.837147 0.552962 0.838493 0.551167 0.84253 0.551167 0.843876 0.549372 0.847914 0.549372 0.84926 0.547576 0.853297 0.547576 0.854643 0.545781 0.857335 0.545781 0.858681 0.543986 0.862719 0.543986 0.864065 0.54219 0.868102 0.54219 0.869448 0.540395 0.869448 0.5386 0.870794 0.536804 0.868102 0.536804
1 0.485868 0.499102 0.484522 0.500898 0.476447 0.500898 0.475101 0.502693 0.464334 0.502693 0.461642 0.506284 0.461642 0.508079 0.457604 0.513465 0.45895 0.513465 0.460296 0.51526 0.461642 0.51526 0.462988 0.517056 0.464334 0.51526 0.468371 0.51526 0.469717 0.513465 0.477793 0.513465 0.479139 0.51167 0.484522 0.51167 0.485868 0.509874 0.487214 0.509874 0.48856 0.508079 0.491252 0.508079 0.491252 0.504488 0.489906 0.502693 0.48856 0.502693
1 0.685061 0.490126 0.682369 0.493716 0.681023 0.493716 0.679677 0.495512 0.681023 0.495512 0.682369 0.497307 0.687752 0.497307 0.689098 0.499102 0.694482 0.499102 0.695828 0.500898 0.717362 0.500898 0.717362 0.499102 0.718708 0.497307 0.718708 0.495512 0.720054 0.493716 0.717362 0.493716 0.716016 0.491921 0.686406 0.491921
1 0.523553 0.473968 0.522207 0.475763 0.519515 0.475763 0.51817 0.477558 0.514132 0.477558 0.512786 0.479354 0.510094 0.479354 0.508748 0.481149 0.504711 0.481149 0.500673 0.486535 0.499327 0.486535 0.497981 0.48833 0.499327 0.490126 0.500673 0.490126 0.503365 0.493716 0.504711 0.491921 0.507402 0.491921 0.508748 0.490126 0.512786 0.490126 0.514132 0.48833 0.516824 0.48833 0.51817 0.486535 0.528937 0.486535 0.530283 0.48833 0.528937 0.490126 0.527591 0.490126 0.526245 0.491921 0.523553 0.491921 0.522207 0.493716 0.520861 0.493716 0.519515 0.495512 0.516824 0.495512 0.515478 0.497307 0.514132 0.497307 0.512786 0.499102 0.51144 0.499102 0.508748 0.502693 0.507402 0.502693 0.506057 0.504488 0.504711 0.504488 0.503365 0.506284 0.502019 0.506284 0.506057 0.506284 0.507402 0.508079 0.51144 0.508079 0.512786 0.509874 0.514132 0.508079 0.51817 0.508079 0.519515 0.506284 0.523553 0.506284 0.524899 0.504488 0.530283 0.504488 0.531629 0.502693 0.535666 0.502693 0.537012 0.500898 0.54105 0.500898 0.542396 0.499102 0.545087 0.499102 0.546433 0.497307 0.561238 0.497307 0.562584 0.499102 0.561238 0.500898 0.561238 0.502693 0.559892 0.504488 0.559892 0.506284 0.558546 0.508079 0.555855 0.508079 0.554509 0.509874 0.551817 0.509874 0.550471 0.51167 0.547779 0.51167 0.546433 0.513465 0.543742 0.513465 0.542396 0.51526 0.538358 0.51526 0.537012 0.517056 0.532974 0.517056 0.531629 0.518851 0.527591 0.518851 0.526245 0.520646 0.522207 0.520646 0.520861 0.522442 0.51817 0.522442 0.516824 0.524237 0.512786 0.524237 0.506057 0.533214 0.497981 0.533214 0.496635 0.535009 0.496635 0.536804 0.493943 0.540395 0.502019 0.540395 0.503365 0.54219 0.503365 0.545781 0.502019 0.547576 0.502019 0.549372 0.503365 0.549372 0.504711 0.547576 0.506057 0.547576 0.507402 0.545781 0.508748 0.545781 0.510094 0.543986 0.51144 0.543986 0.512786 0.54219 0.514132 0.54219 0.515478 0.540395 0.516824 0.540395 0.51817 0.5386 0.519515 0.5386 0.520861 0.536804 0.522207 0.536804 0.523553 0.535009 0.524899 0.535009 0.526245 0.533214 0.527591 0.535009 0.527591 0.536804 0.526245 0.5386 0.526245 0.54219 0.524899 0.543986 0.523553 0.543986 0.522207 0.545781 0.520861 0.545781 0.519515 0.547576 0.51817 0.547576 0.519515 0.549372 0.519515 0.551167 0.522207 0.551167 0.523553 0.549372 0.526245 0.549372 0.527591 0.547576 0.528937 0.547576 0.532974 0.54219 0.53432 0.54219 0.539704 0.535009 0.54105 0.535009 0.543742 0.531418 0.545087 0.531418 0.547779 0.527828 0.549125 0.527828 0.550471 0.526032 0.551817 0.526032 0.553163 0.524237 0.555855 0.524237 0.557201 0.522442 0.558546 0.522442 0.559892 0.520646 0.561238 0.520646 0.562584 0.518851 0.565276 0.518851 0.566622 0.517056 0.567968 0.517056 0.567968 0.51526 0.569314 0.513465 0.569314 0.51167 0.570659 0.509874 0.570659 0.508079 0.572005 0.506284 0.576043 0.506284 0.577389 0.504488 0.597577 0.504488 0.598923 0.502693 0.600269 0.502693 0.601615 0.500898 0.602961 0.500898 0.604307 0.499102 0.605653 0.499102 0.606999 0.497307 0.606999 0.495512 0.608345 0.493716 0.608345 0.491921 0.60969 0.490126 0.60969 0.48833 0.611036 0.486535 0.611036 0.48474 0.612382 0.482944 0.611036 0.482944 0.60969 0.481149 0.608345 0.481149 0.606999 0.479354 0.604307 0.479354 0.602961 0.477558 0.601615 0.477558 0.600269 0.475763 0.598923 0.475763 0.597577 0.473968 0.596231 0.475763 0.524899 0.475763
