0 0.892328 0.989228 0.890983 0.991023 0.880215 0.991023 0.878869 0.992819 0.877524 0.992819 0.874832 0.996409 0.873486 0.996409 0.87214 0.998205 0.911171 0.998205 0.909825 0.996409 0.908479 0.996409 0.905787 0.992819 0.904441 0.992819 0.90175 0.989228
0 0.989233 0.867145 0.987887 0.868941 0.985195 0.868941 0.983849 0.870736 0.979812 0.870736 0.979812 0.886894 0.989233 0.886894 0.989233 0.885099 0.990579 0.883303 0.990579 0.881508 0.991925 0.879713 0.991925 0.877917 0.993271 0.876122 0.993271 0.868941 0.990579 0.868941
0 0.882907 0.852783 0.881561 0.854578 0.880215 0.854578 0.878869 0.856373 0.876178 0.856373 0.874832 0.858169 0.873486 0.858169 0.87214 0.859964 0.87214 0.861759 0.869448 0.86535 0.873486 0.870736 0.873486 0.872531 0.876178 0.876122 0.877524 0.874327 0.882907 0.874327 0.884253 0.872531 0.885599 0.872531 0.886945 0.870736 0.888291 0.870736 0.889637 0.868941 0.890983 0.868941 0.889637 0.867145 0.889637 0.86535 0.886945 0.861759 0.886945 0.859964 0.884253 0.856373 0.884253 0.854578
0 0.90175 0.847397 0.900404 0.849192 0.89502 0.849192 0.89502 0.852783 0.896366 0.854578 0.896366 0.859964 0.903096 0.859964 0.904441 0.861759 0.909825 0.861759 0.909825 0.858169 0.908479 0.856373 0.908479 0.850987 0.905787 0.850987 0.904441 0.849192 0.903096 0.849192
0 0.861373 0.836625 0.860027 0.83842 0.850606 0.83842 0.847914 0.842011 0.846568 0.842011 0.850606 0.847397 0.850606 0.849192 0.853297 0.852783 0.86541 0.852783 0.868102 0.849192 0.868102 0.847397 0.866756 0.845601 0.866756 0.842011 0.86541 0.840215 0.864065 0.840215
0 0.772544 0.831239 0.771198 0.833034 0.752355 0.833034 0.751009 0.834829 0.745626 0.834829 0.74428 0.836625 0.73755 0.836625 0.740242 0.840215 0.740242 0.842011 0.74428 0.847397 0.74428 0.849192 0.745626 0.850987 0.748318 0.850987 0.749664 0.852783 0.752355 0.852783 0.753701 0.854578 0.755047 0.854578 0.756393 0.856373 0.759085 0.856373 0.760431 0.858169 0.764468 0.852783 0.764468 0.850987 0.769852 0.843806 0.769852 0.842011 0.771198 0.840215 0.771198 0.834829 0.772544 0.833034
0 0.84926 0.807899 0.84926 0.809695 0.847914 0.81149 0.847914 0.813285 0.853297 0.820467 0.853297 0.818671 0.854643 0.816876 0.854643 0.815081 0.853297 0.813285 0.853297 0.81149 0.851952 0.81149
0 0.816958 0.771993 0.816958 0.773788 0.818304 0.775583 0.818304 0.777379 0.81965 0.779174 0.81965 0.780969 0.822342 0.780969 0.823688 0.782765 0.825034 0.782765 0.82638 0.78456 0.82638 0.779174 0.827725 0.777379 0.827725 0.773788 0.818304 0.773788
0 0.777927 0.763016 0.776581 0.764811 0.776581 0.766607 0.77389 0.770197 0.77389 0.771993 0.771198 0.775583 0.771198 0.777379 0.769852 0.779174 0.776581 0.779174 0.777927 0.780969 0.784657 0.780969 0.786003 0.782765 0.792732 0.782765 0.794078 0.78456 0.792732 0.782765 0.792732 0.780969 0.791386 0.779174 0.791386 0.777379 0.79004 0.775583 0.79004 0.773788 0.788694 0.771993 0.788694 0.770197 0.787349 0.768402 0.787349 0.766607 0.786003 0.764811 0.786003 0.763016
0 0.982503 0.745063 0.975774 0.754039 0.97712 0.754039 0.979812 0.75763 0.981157 0.75763 0.982503 0.759425 0.983849 0.759425 0.986541 0.763016 0.987887 0.763016 0.990579 0.766607 0.991925 0.766607 0.993271 0.768402 0.994616 0.768402 0.997308 0.771993 0.998654 0.771993 0.998654 0.759425 0.997308 0.759425 0.994616 0.755835 0.993271 0.755835 0.990579 0.752244 0.989233 0.752244 0.986541 0.748654 0.985195 0.748654
0 0.833109 0.734291 0.829071 0.739677 0.827725 0.739677 0.82638 0.741472 0.827725 0.743268 0.829071 0.743268 0.833109 0.748654 0.843876 0.748654 0.846568 0.745063 0.845222 0.745063 0.84253 0.741472 0.841184 0.741472 0.839838 0.739677 0.838493 0.739677 0.835801 0.736086 0.834455 0.736086
0 0.881561 0.689408 0.880215 0.691203 0.873486 0.691203 0.873486 0.694794 0.874832 0.696589 0.874832 0.70018 0.876178 0.70018 0.877524 0.701975 0.878869 0.701975 0.880215 0.70377 0.881561 0.701975 0.888291 0.701975 0.888291 0.692998 0.885599 0.692998 0.884253 0.691203 0.882907 0.691203
0 0.858681 0.687612 0.857335 0.689408 0.854643 0.689408 0.853297 0.691203 0.850606 0.691203 0.84926 0.692998 0.846568 0.692998 0.846568 0.70018 0.845222 0.701975 0.845222 0.707361 0.846568 0.705566 0.847914 0.705566 0.84926 0.70377 0.851952 0.70377 0.853297 0.701975 0.854643 0.701975 0.858681 0.696589 0.860027 0.696589 0.861373 0.694794 0.860027 0.692998 0.860027 0.691203 0.858681 0.689408
0 0.384926 0.660682 0.38358 0.662478 0.380888 0.662478 0.379542 0.664273 0.378197 0.664273 0.376851 0.666068 0.374159 0.666068 0.372813 0.667864 0.370121 0.667864 0.368775 0.669659 0.367429 0.669659 0.366083 0.671454 0.363392 0.671454 0.362046 0.67325 0.359354 0.67325 0.358008 0.675045 0.356662 0.675045 0.355316 0.67684 0.352624 0.67684 0.351279 0.678636 0.351279 0.687612 0.35397 0.691203 0.355316 0.691203 0.363392 0.701975 0.364738 0.701975 0.368775 0.707361 0.374159 0.707361 0.375505 0.709156 0.379542 0.709156 0.380888 0.710952 0.386272 0.710952 0.387618 0.712747 0.393001 0.712747 0.394347 0.714542 0.398385 0.714542 0.399731 0.716338 0.405114 0.716338 0.40646 0.718133 0.407806 0.716338 0.415882 0.716338 0.417227 0.714542 0.419919 0.714542 0.421265 0.712747 0.425303 0.712747 0.426649 0.710952 0.429341 0.710952 0.430686 0.709156 0.434724 0.709156 0.444145 0.696589 0.444145 0.687612 0.445491 0.685817 0.445491 0.678636 0.444145 0.67684 0.440108 0.67684 0.438762 0.675045 0.434724 0.675045 0.433378 0.67325 0.430686 0.67325 0.429341 0.671454 0.425303 0.671454 0.423957 0.669659 0.419919 0.669659 0.418573 0.667864 0.414536 0.667864 0.41319 0.666068 0.410498 0.666068 0.409152 0.664273 0.405114 0.664273 0.403769 0.662478 0.399731 0.662478 0.398385 0.660682
0 0.876178 0.626571 0.870794 0.633752 0.869448 0.633752 0.86541 0.639138 0.868102 0.642729 0.869448 0.642729 0.873486 0.648115 0.874832 0.64632 0.876178 0.64632 0.877524 0.644524 0.880215 0.644524 0.881561 0.642729 0.882907 0.642729 0.882907 0.640934 0.881561 0.639138 0.881561 0.637343 0.880215 0.635548 0.880215 0.633752 0.878869 0.631957 0.878869 0.630162
0 0.152086 0.626571 0.15074 0.628366 0.149394 0.628366 0.148048 0.630162 0.145357 0.630162 0.144011 0.631957 0.142665 0.631957 0.145357 0.635548 0.145357 0.637343 0.149394 0.642729 0.149394 0.644524 0.152086 0.648115 0.153432 0.64632 0.153432 0.644524 0.154778 0.642729 0.154778 0.640934 0.156124 0.639138 0.156124 0.637343 0.15747 0.635548 0.154778 0.631957 0.154778 0.630162
0 0.678331 0.621185 0.676985 0.62298 0.671602 0.62298 0.670256 0.624776 0.663526 0.624776 0.666218 0.628366 0.666218 0.630162 0.66891 0.633752 0.670256 0.631957 0.672948 0.631957 0.674293 0.630162 0.678331 0.630162 0.678331 0.628366 0.679677 0.626571 0.679677 0.624776 0.678331 0.62298
0 0.718708 0.579892 0.716016 0.583483 0.71467 0.583483 0.710633 0.588869 0.709287 0.588869 0.707941 0.590664 0.707941 0.601436 0.710633 0.601436 0.711978 0.603232 0.713324 0.603232 0.71467 0.605027 0.716016 0.603232 0.717362 0.603232 0.718708 0.601436 0.720054 0.601436 0.722746 0.597846 0.724092 0.597846 0.725437 0.59605 0.730821 0.59605 0.732167 0.597846 0.734859 0.597846 0.736205 0.599641 0.73755 0.599641 0.738896 0.601436 0.738896 0.59605 0.740242 0.594255 0.740242 0.590664 0.738896 0.590664 0.73755 0.588869 0.736205 0.588869 0.734859 0.587074 0.733513 0.587074 0.730821 0.583483 0.729475 0.583483 0.728129 0.581688 0.726783 0.581688 0.725437 0.579892
0 0.384926 0.520646 0.384926 0.526032 0.395693 0.526032 0.395693 0.520646
0 0.746972 0.226212 0.745626 0.228007 0.74428 0.228007 0.742934 0.229803 0.740242 0.229803 0.738896 0.231598 0.736205 0.231598 0.734859 0.233393 0.725437 0.233393 0.724092 0.231598 0.717362 0.231598 0.716016 0.229803 0.71467 0.231598 0.713324 0.231598 0.711978 0.233393 0.710633 0.233393 0.709287 0.235189 0.683715 0.235189 0.682369 0.236984 0.679677 0.236984 0.678331 0.238779 0.676985 0.238779 0.675639 0.240575 0.672948 0.240575 0.671602 0.24237 0.66891 0.24237 0.667564 0.244165 0.666218 0.244165 0.664872 0.245961 0.66218 0.245961 0.660834 0.247756 0.656797 0.247756 0.655451 0.249551 0.650067 0.249551 0.648721 0.251346 0.632571 0.251346 0.631225 0.249551 0.619112 0.249551 0.617766 0.247756 0.602961 0.247756 0.601615 0.245961 0.601615 0.247756 0.600269 0.249551 0.600269 0.251346 0.598923 0.253142 0.598923 0.260323 0.600269 0.260323 0.602961 0.263914 0.604307 0.263914 0.606999 0.267504 0.612382 0.260323 0.613728 0.260323 0.61642 0.263914 0.617766 0.263914 0.619112 0.265709 0.620458 0.265709 0.621803 0.267504 0.623149 0.267504 0.625841 0.271095 0.627187 0.271095 0.628533 0.27289 0.631225 0.27289 0.632571 0.274686 0.636608 0.274686 0.637954 0.276481 0.640646 0.276481 0.641992 0.278276 0.640646 0.280072 0.637954 0.280072 0.636608 0.281867 0.633917 0.281867 0.632571 0.283662 0.629879 0.283662 0.628533 0.285458 0.627187 0.285458 0.624495 0.289048 0.623149 0.289048 0.621803 0.290844 0.620458 0.290844 0.621803 0.290844 0.624495 0.294434 0.625841 0.294434 0.628533 0.298025 0.620458 0.308797 0.621803 0.310592 0.623149 0.310592 0.627187 0.315978 0.625841 0.317774 0.624495 0.317774 0.623149 0.319569 0.621803 0.319569 0.620458 0.321364 0.619112 0.321364 0.617766 0.32316 0.61642 0.32316 0.615074 0.324955 0.612382 0.324955 0.611036 0.32675 0.60969 0.32675 0.608345 0.328546 0.606999 0.328546 0.605653 0.330341 0.604307 0.330341 0.608345 0.335727 0.608345 0.337522 0.611036 0.341113 0.629879 0.341113 0.631225 0.342908 0.632571 0.341113 0.637954 0.341113 0.6393 0.339318 0.643338 0.339318 0.644684 0.337522 0.666218 0.337522 0.667564 0.339318 0.66891 0.337522 0.679677 0.337522 0.681023 0.335727 0.69179 0.335727 0.693136 0.333932 0.697174 0.333932 0.69852 0.332136 0.710633 0.332136 0.711978 0.333932 0.718708 0.333932 0.720054 0.335727 0.728129 0.335727 0.729475 0.337522 0.730821 0.335727 0.733513 0.335727 0.734859 0.333932 0.73755 0.333932 0.738896 0.332136 0.742934 0.332136 0.74428 0.330341 0.761777 0.330341 0.763122 0.332136 0.777927 0.332136 0.779273 0.330341 0.784657 0.330341 0.786003 0.328546 0.791386 0.328546 0.792732 0.32675 0.79677 0.32675 0.798116 0.324955 0.803499 0.324955 0.804845 0.32316 0.833109 0.32316 0.834455 0.324955 0.834455 0.32316 0.835801 0.321364 0.835801 0.319569 0.837147 0.317774 0.837147 0.315978 0.838493 0.314183 0.838493 0.312388 0.839838 0.310592 0.839838 0.308797 0.837147 0.308797 0.835801 0.307002 0.833109 0.307002 0.831763 0.305206 0.829071 0.305206 0.827725 0.303411 0.82638 0.305206 0.806191 0.305206 0.803499 0.301616 0.802153 0.301616 0.79677 0.294434 0.79677 0.292639 0.795424 0.290844 0.795424 0.289048 0.794078 0.287253 0.794078 0.285458 0.795424 0.283662 0.795424 0.281867 0.799462 0.276481 0.799462 0.274686 0.804845 0.267504 0.804845 0.265709 0.814266 0.253142 0.814266 0.251346 0.81965 0.244165 0.816958 0.244165 0.815612 0.24237 0.812921 0.24237 0.811575 0.240575 0.808883 0.240575 0.807537 0.238779 0.79677 0.238779 0.795424 0.236984 0.784657 0.236984 0.783311 0.235189 0.772544 0.235189 0.771198 0.233393 0.760431 0.233393 0.759085 0.231598 0.756393 0.231598 0.755047 0.229803 0.752355 0.229803 0.751009 0.228007 0.748318 0.228007
1 0.158816 0.854578 0.15747 0.856373 0.153432 0.856373 0.152086 0.858169 0.148048 0.858169 0.146703 0.859964 0.142665 0.859964 0.142665 0.867145 0.144011 0.868941 0.144011 0.885099 0.145357 0.886894 0.145357 0.903052 0.146703 0.904847 0.146703 0.921005 0.148048 0.922801 0.148048 0.929982 0.156124 0.940754 0.170929 0.940754 0.172275 0.942549 0.181696 0.942549 0.181696 0.937163 0.18035 0.935368 0.18035 0.922801 0.179004 0.921005 0.179004 0.908438 0.177658 0.906643 0.177658 0.899461 0.176312 0.897666 0.176312 0.895871 0.174966 0.894075 0.174966 0.89228 0.17362 0.890485 0.17362 0.888689 0.172275 0.886894 0.172275 0.883303 0.170929 0.881508 0.170929 0.879713 0.169583 0.877917 0.169583 0.876122 0.168237 0.874327 0.168237 0.870736 0.166891 0.868941 0.166891 0.867145 0.165545 0.86535 0.165545 0.863555 0.164199 0.861759 0.164199 0.859964 0.162853 0.858169 0.162853 0.856373 0.160162 0.856373
1 0.810229 0.777379 0.804845 0.78456 0.803499 0.78456 0.799462 0.789946 0.798116 0.788151 0.79677 0.788151 0.795424 0.786355 0.794078 0.786355 0.792732 0.78456 0.786003 0.78456 0.784657 0.782765 0.777927 0.782765 0.776581 0.780969 0.76716 0.780969 0.765814 0.782765 0.764468 0.782765 0.763122 0.78456 0.761777 0.78456 0.760431 0.786355 0.753701 0.786355 0.752355 0.788151 0.745626 0.788151 0.74428 0.789946 0.725437 0.789946 0.724092 0.788151 0.711978 0.788151 0.710633 0.786355 0.709287 0.788151 0.709287 0.789946 0.705249 0.795332 0.705249 0.797127 0.702557 0.800718 0.699865 0.800718 0.69852 0.802513 0.694482 0.802513 0.693136 0.804309 0.689098 0.804309 0.686406 0.800718 0.685061 0.800718 0.682369 0.797127 0.681023 0.797127 0.678331 0.793537 0.676985 0.793537 0.675639 0.791741 0.674293 0.793537 0.667564 0.793537 0.666218 0.795332 0.650067 0.795332 0.648721 0.793537 0.640646 0.793537 0.6393 0.791741 0.617766 0.791741 0.61642 0.793537 0.613728 0.793537 0.612382 0.795332 0.60969 0.795332 0.608345 0.797127 0.606999 0.797127 0.605653 0.798923 0.602961 0.798923 0.601615 0.800718 0.598923 0.800718 0.597577 0.802513 0.594886 0.802513 0.594886 0.809695 0.59354 0.81149 0.59354 0.816876 0.60969 0.816876 0.611036 0.818671 0.612382 0.816876 0.615074 0.816876 0.61642 0.815081 0.619112 0.815081 0.620458 0.813285 0.623149 0.813285 0.624495 0.81149 0.627187 0.81149 0.628533 0.809695 0.631225 0.809695 0.632571 0.81149 0.633917 0.81149 0.637954 0.816876 0.637954 0.818671 0.636608 0.820467 0.636608 0.822262 0.635262 0.824057 0.635262 0.825853 0.633917 0.827648 0.633917 0.829443 0.632571 0.831239 0.632571 0.833034 0.631225 0.834829 0.631225 0.836625 0.636608 0.843806 0.636608 0.845601 0.641992 0.852783 0.643338 0.850987 0.648721 0.850987 0.650067 0.849192 0.655451 0.849192 0.656797 0.847397 0.66218 0.847397 0.663526 0.845601 0.664872 0.845601 0.666218 0.843806 0.667564 0.843806 0.66891 0.842011 0.670256 0.842011 0.671602 0.840215 0.674293 0.840215 0.675639 0.83842 0.676985 0.83842 0.678331 0.836625 0.679677 0.836625 0.681023 0.834829 0.686406 0.834829 0.687752 0.836625 0.69179 0.836625 0.693136 0.83842 0.695828 0.83842 0.697174 0.840215 0.701211 0.840215 0.702557 0.842011 0.706595 0.842011 0.707941 0.843806 0.71467 0.843806 0.716016 0.845601 0.716016 0.849192 0.717362 0.850987 0.717362 0.854578 0.709287 0.86535 0.729475 0.86535 0.730821 0.867145 0.730821 0.861759 0.732167 0.859964 0.732167 0.856373 0.730821 0.854578 0.730821 0.852783 0.726783 0.847397 0.726783 0.845601 0.725437 0.843806 0.722746 0.843806 0.7214 0.842011 0.718708 0.842011 0.717362 0.840215 0.71467 0.840215 0.713324 0.83842 0.710633 0.83842 0.709287 0.836625 0.707941 0.836625 0.706595 0.834829 0.703903 0.834829 0.702557 0.833034 0.699865 0.833034 0.69852 0.831239 0.695828 0.831239 0.694482 0.829443 0.69179 0.829443 0.681023 0.815081 0.682369 0.813285 0.697174 0.813285 0.69852 0.81149 0.730821 0.81149 0.732167 0.813285 0.736205 0.813285 0.73755 0.815081 0.741588 0.815081 0.742934 0.816876 0.742934 0.818671 0.741588 0.820467 0.741588 0.824057 0.740242 0.825853 0.740242 0.827648 0.738896 0.829443 0.738896 0.833034 0.73755 0.834829 0.74428 0.834829 0.745626 0.833034 0.751009 0.833034 0.752355 0.831239 0.771198 0.831239 0.772544 0.829443 0.77389 0.831239 0.77389 0.833034 0.772544 0.834829 0.772544 0.840215 0.771198 0.842011 0.771198 0.843806 0.765814 0.850987 0.765814 0.852783 0.760431 0.859964 0.753701 0.859964 0.752355 0.861759 0.745626 0.861759 0.74428 0.863555 0.738896 0.863555 0.740242 0.86535 0.740242 0.867145 0.742934 0.870736 0.742934 0.872531 0.74428 0.874327 0.74428 0.876122 0.745626 0.877917 0.749664 0.877917 0.751009 0.879713 0.753701 0.879713 0.755047 0.881508 0.759085 0.881508 0.760431 0.883303 0.763122 0.883303 0.764468 0.885099 0.768506 0.885099 0.769852 0.886894 0.771198 0.885099 0.79677 0.885099 0.798116 0.886894 0.798116 0.888689 0.799462 0.890485 0.799462 0.89228 0.802153 0.895871 0.802153 0.897666 0.803499 0.899461 0.803499 0.901257 0.804845 0.903052 0.803499 0.904847 0.794078 0.904847 0.792732 0.906643 0.783311 0.906643 0.781965 0.908438 0.771198 0.908438 0.769852 0.910233 0.760431 0.910233 0.764468 0.915619 0.764468 0.917415 0.768506 0.922801 0.769852 0.921005 0.772544 0.921005 0.77389 0.91921 0.777927 0.91921 0.779273 0.917415 0.781965 0.917415 0.783311 0.915619 0.787349 0.915619 0.788694 0.913824 0.791386 0.913824 0.792732 0.912029 0.79677 0.912029 0.798116 0.913824 0.795424 0.917415 0.794078 0.917415 0.784657 0.929982 0.783311 0.929982 0.775236 0.940754 0.77389 0.940754 0.764468 0.953321 0.763122 0.953321 0.759085 0.958707 0.764468 0.958707 0.765814 0.960503 0.769852 0.960503 0.771198 0.962298 0.776581 0.962298 0.777927 0.964093 0.781965 0.964093 0.783311 0.965889 0.783311 0.97307 0.784657 0.974865 0.784657 0.983842 0.783311 0.985637 0.783311 0.987433 0.781965 0.989228 0.781965 0.991023 0.780619 0.992819 0.780619 0.994614 0.779273 0.996409 0.779273 0.998205 0.802153 0.998205 0.802153 0.996409 0.804845 0.992819 0.804845 0.991023 0.808883 0.985637 0.808883 0.983842 0.810229 0.982047 0.810229 0.980251 0.811575 0.978456 0.811575 0.974865 0.812921 0.97307 0.812921 0.969479 0.814266 0.967684 0.814266 0.965889 0.815612 0.964093 0.815612 0.960503 0.816958 0.958707 0.816958 0.955117 0.818304 0.953321 0.818304 0.951526 0.830417 0.935368 0.84253 0.935368 0.84253 0.929982 0.843876 0.928187 0.843876 0.91921 0.845222 0.917415 0.845222 0.912029 0.843876 0.912029 0.841184 0.908438 0.839838 0.908438 0.837147 0.904847 0.835801 0.904847 0.831763 0.899461 0.830417 0.899461 0.827725 0.895871 0.82638 0.895871 0.822342 0.890485 0.820996 0.890485 0.818304 0.886894 0.81965 0.885099 0.822342 0.885099 0.823688 0.883303 0.82638 0.883303 0.827725 0.881508 0.830417 0.881508 0.831763 0.879713 0.834455 0.879713 0.837147 0.876122 0.838493 0.876122 0.841184 0.872531 0.84253 0.872531 0.845222 0.868941 0.846568 0.868941 0.839838 0.859964 0.838493 0.859964 0.822342 0.83842 0.822342 0.836625 0.815612 0.827648 0.818304 0.824057 0.818304 0.822262 0.822342 0.816876 0.814266 0.806104 0.814266 0.788151 0.812921 0.786355 0.812921 0.78456 0.811575 0.782765 0.811575 0.780969 0.810229 0.779174
1 0.371467 0.662478 0.370121 0.664273 0.358008 0.664273 0.356662 0.666068 0.345895 0.666068 0.347241 0.667864 0.347241 0.669659 0.349933 0.67325 0.349933 0.675045 0.351279 0.67684 0.352624 0.675045 0.355316 0.675045 0.356662 0.67325 0.358008 0.67325 0.359354 0.671454 0.362046 0.671454 0.363392 0.669659 0.366083 0.669659 0.367429 0.667864 0.368775 0.667864 0.370121 0.666068 0.372813 0.666068 0.374159 0.664273 0.376851 0.664273 0.378197 0.662478 0.379542 0.662478
1 0.43607 0.64991 0.434724 0.651706 0.430686 0.651706 0.429341 0.653501 0.423957 0.653501 0.422611 0.655296 0.418573 0.655296 0.417227 0.657092 0.411844 0.657092 0.410498 0.658887 0.40646 0.658887 0.405114 0.660682 0.399731 0.660682 0.403769 0.660682 0.405114 0.662478 0.409152 0.662478 0.410498 0.664273 0.41319 0.664273 0.414536 0.666068 0.418573 0.666068 0.419919 0.667864 0.423957 0.667864 0.425303 0.669659 0.429341 0.669659 0.430686 0.671454 0.433378 0.671454 0.434724 0.67325 0.438762 0.67325 0.440108 0.675045 0.444145 0.675045 0.445491 0.67684 0.445491 0.675045 0.444145 0.67325 0.444145 0.671454 0.442799 0.669659 0.442799 0.667864 0.441454 0.666068 0.441454 0.664273 0.440108 0.662478 0.440108 0.660682 0.438762 0.658887 0.438762 0.657092 0.437416 0.655296 0.437416 0.653501 0.43607 0.651706
1 0.065949 0.475763 0.064603 0.477558 0.061911 0.477558 0.060565 0.479354 0.056528 0.479354 0.055182 0.481149 0.05249 0.481149 0.051144 0.482944 0.047106 0.482944 0.04576 0.48474 0.043069 0.48474 0.041723 0.486535 0.037685 0.486535 0.036339 0.48833 0.033647 0.48833 0.032301 0.490126 0.028264 0.490126 0.026918 0.491921 0.024226 0.491921 0.02288 0.493716 0.018843 0.493716 0.017497 0.495512 0.014805 0.495512 0.013459 0.497307 0.009421 0.497307 0.008075 0.499102 0.005384 0.499102 0.004038 0.500898 0.0 0.500898 0.0 0.51167 0.001346 0.509874 0.004038 0.509874 0.005384 0.508079 0.008075 0.508079 0.009421 0.506284 0.010767 0.506284 0.012113 0.504488 0.014805 0.504488 0.016151 0.502693 0.018843 0.502693 0.020188 0.500898 0.02288 0.500898 0.024226 0.499102 0.026918 0.499102 0.028264 0.497307 0.030956 0.497307 0.032301 0.495512 0.033647 0.495512 0.034993 0.493716 0.037685 0.493716 0.039031 0.491921 0.041723 0.491921 0.043069 0.490126 0.04576 0.490126 0.047106 0.48833 0.049798 0.48833 0.051144 0.486535 0.053836 0.486535 0.055182 0.48474 0.056528 0.48474 0.057873 0.482944 0.060565 0.482944 0.061911 0.481149 0.064603 0.481149 0.065949 0.479354 0.068641 0.479354
1 0.363392 0.456014 0.362046 0.45781 0.3607 0.45781 0.359354 0.459605 0.356662 0.459605 0.355316 0.4614 0.35397 0.4614 0.352624 0.463196 0.349933 0.463196 0.35397 0.468582 0.35397 0.470377 0.356662 0.473968 0.355316 0.475763 0.355316 0.477558 0.351279 0.482944 0.347241 0.482944 0.345895 0.48474 0.340511 0.48474 0.339166 0.486535 0.335128 0.486535 0.333782 0.48833 0.328398 0.48833 0.327052 0.490126 0.321669 0.490126 0.320323 0.491921 0.314939 0.491921 0.314939 0.508079 0.316285 0.509874 0.316285 0.51167 0.318977 0.51526 0.318977 0.517056 0.320323 0.518851 0.320323 0.51526 0.323015 0.51167 0.332436 0.51167 0.333782 0.513465 0.336474 0.513465 0.33782 0.51526 0.340511 0.51526 0.347241 0.524237 0.351279 0.518851 0.352624 0.518851 0.35397 0.517056 0.359354 0.524237 0.3607 0.522442 0.379542 0.522442 0.380888 0.520646 0.380888 0.518851 0.38358 0.51526 0.38358 0.513465 0.386272 0.509874 0.386272 0.508079 0.387618 0.506284 0.401077 0.506284 0.402423 0.508079 0.403769 0.506284 0.425303 0.506284 0.426649 0.504488 0.426649 0.502693 0.430686 0.497307 0.430686 0.495512 0.433378 0.491921 0.433378 0.490126 0.434724 0.48833 0.434724 0.486535 0.43607 0.48474 0.43607 0.481149 0.434724 0.479354 0.434724 0.475763 0.433378 0.473968 0.433378 0.472172 0.429341 0.472172 0.427995 0.470377 0.423957 0.470377 0.422611 0.468582 0.418573 0.468582 0.417227 0.466786 0.41319 0.466786 0.411844 0.464991 0.40646 0.464991 0.405114 0.463196 0.398385 0.463196 0.397039 0.4614 0.391655 0.4614 0.39031 0.459605 0.384926 0.459605 0.38358 0.45781 0.364738 0.45781
1 0.799462 0.391382 0.798116 0.393178 0.795424 0.393178 0.794078 0.394973 0.792732 0.394973 0.791386 0.396768 0.788694 0.396768 0.791386 0.400359 0.792732 0.400359 0.798116 0.40754 0.799462 0.40754 0.806191 0.416517 0.807537 0.416517 0.812921 0.423698 0.814266 0.423698 0.818304 0.429084 0.81965 0.427289 0.822342 0.427289 0.823688 0.425494 0.82638 0.425494 0.827725 0.423698 0.830417 0.423698 0.829071 0.421903 0.827725 0.421903 0.822342 0.414722 0.820996 0.414722 0.816958 0.409336 0.815612 0.409336 0.810229 0.402154 0.808883 0.402154 0.803499 0.394973 0.802153 0.394973
1 0.38358 0.332136 0.382234 0.333932 0.380888 0.333932 0.379542 0.335727 0.378197 0.335727 0.379542 0.337522 0.379542 0.339318 0.380888 0.341113 0.380888 0.342908 0.382234 0.344704 0.382234 0.35368 0.380888 0.355476 0.380888 0.364452 0.379542 0.366248 0.370121 0.366248 0.368775 0.368043 0.3607 0.368043 0.359354 0.369838 0.352624 0.369838 0.351279 0.371634 0.344549 0.371634 0.345895 0.373429 0.345895 0.375224 0.349933 0.38061 0.349933 0.382406 0.351279 0.384201 0.352624 0.384201 0.35397 0.385996 0.355316 0.385996 0.356662 0.387792 0.359354 0.387792 0.3607 0.389587 0.362046 0.389587 0.363392 0.391382 0.366083 0.391382 0.367429 0.393178 0.368775 0.393178 0.370121 0.394973 0.374159 0.394973 0.375505 0.396768 0.378197 0.396768 0.379542 0.398564 0.38358 0.398564 0.384926 0.400359 0.387618 0.400359 0.388964 0.402154 0.39031 0.400359 0.403769 0.400359 0.403769 0.394973 0.405114 0.393178 0.405114 0.382406 0.40646 0.38061 0.409152 0.38061 0.410498 0.378815 0.414536 0.378815 0.415882 0.37702 0.418573 0.37702 0.419919 0.375224 0.422611 0.375224 0.423957 0.373429 0.427995 0.373429 0.429341 0.371634 0.430686 0.371634 0.432032 0.373429 0.432032 0.375224 0.430686 0.37702 0.430686 0.378815 0.437416 0.378815 0.438762 0.37702 0.440108 0.37702 0.441454 0.375224 0.444145 0.375224 0.446837 0.371634 0.446837 0.369838 0.449529 0.366248 0.477793 0.366248 0.479139 0.368043 0.48183 0.368043 0.483176 0.369838 0.485868 0.369838 0.48856 0.373429 0.489906 0.373429 0.492598 0.37702 0.497981 0.37702 0.499327 0.378815 0.502019 0.375224 0.502019 0.373429 0.504711 0.369838 0.504711 0.364452 0.503365 0.362657 0.503365 0.357271 0.495289 0.357271 0.493943 0.355476 0.485868 0.355476 0.484522 0.35368 0.476447 0.35368 0.475101 0.351885 0.46568 0.351885 0.464334 0.35009 0.462988 0.35009 0.461642 0.348294 0.45895 0.348294 0.457604 0.346499 0.456258 0.346499 0.454913 0.344704 0.453567 0.344704 0.452221 0.342908 0.449529 0.342908 0.448183 0.341113 0.444145 0.341113 0.442799 0.342908 0.440108 0.342908 0.438762 0.344704 0.437416 0.344704 0.43607 0.346499 0.433378 0.346499 0.432032 0.348294 0.429341 0.348294 0.427995 0.35009 0.425303 0.35009 0.423957 0.351885 0.421265 0.351885 0.419919 0.35368 0.418573 0.35368 0.417227 0.355476 0.414536 0.355476 0.41319 0.357271 0.410498 0.357271 0.409152 0.359066 0.40646 0.359066 0.405114 0.360862 0.403769 0.360862 0.402423 0.362657 0.399731 0.362657 0.398385 0.364452 0.395693 0.364452 0.394347 0.366248 0.393001 0.364452 0.393001 0.362657 0.391655 0.360862 0.391655 0.359066 0.39031 0.357271 0.39031 0.342908 0.388964 0.341113 0.388964 0.339318 0.384926 0.333932 0.384926 0.332136
1 0.555855 0.32675 0.554509 0.328546 0.551817 0.328546 0.550471 0.330341 0.549125 0.330341 0.547779 0.332136 0.545087 0.332136 0.545087 0.346499 0.546433 0.348294 0.546433 0.35009 0.547779 0.351885 0.547779 0.35368 0.549125 0.351885 0.590848 0.351885 0.590848 0.35009 0.592194 0.348294 0.592194 0.341113 0.59354 0.339318 0.59354 0.335727 0.592194 0.333932 0.592194 0.332136 0.590848 0.330341 0.590848 0.328546 0.584118 0.328546 0.582773 0.32675
