0 0.737333 0.955437 0.736 0.957219 0.734667 0.957219 0.733333 0.959002 0.732 0.959002 0.724 0.969697 0.725333 0.97148 0.725333 0.973262 0.734667 0.98574 0.737333 0.982175 0.738667 0.982175 0.744 0.975045 0.745333 0.975045 0.746667 0.973262 0.746667 0.969697 0.741333 0.962567 0.741333 0.960784
0 0.428 0.944742 0.426667 0.946524 0.424 0.946524 0.422667 0.948307 0.42 0.948307 0.417333 0.951872 0.417333 0.953654 0.414667 0.957219 0.42 0.957219 0.421333 0.959002 0.426667 0.959002 0.428 0.960784 0.430667 0.957219 0.432 0.957219 0.434667 0.953654 0.436 0.953654 0.437333 0.951872 0.436 0.951872 0.434667 0.950089 0.433333 0.950089 0.430667 0.946524 0.429333 0.946524
0 0.653333 0.926916 0.652 0.928699 0.650667 0.928699 0.649333 0.930481 0.649333 0.932264 0.645333 0.937611 0.645333 0.939394 0.642667 0.942959 0.642667 0.944742 0.641333 0.946524 0.641333 0.948307 0.642667 0.950089 0.642667 0.951872 0.644 0.953654 0.644 0.955437 0.646667 0.959002 0.652 0.959002 0.653333 0.960784 0.654667 0.959002 0.656 0.959002 0.657333 0.957219 0.658667 0.957219 0.662667 0.951872 0.664 0.951872 0.666667 0.948307 0.666667 0.946524 0.668 0.944742 0.668 0.942959 0.666667 0.941176 0.666667 0.937611 0.665333 0.935829 0.664 0.935829 0.66 0.930481 0.657333 0.930481 0.656 0.928699 0.654667 0.928699
0 0.172 0.903743 0.170667 0.905526 0.170667 0.907308 0.168 0.910873 0.168 0.916221 0.169333 0.914439 0.170667 0.914439 0.172 0.912656 0.173333 0.912656 0.174667 0.910873 0.176 0.910873 0.173333 0.907308 0.173333 0.905526
0 0.625333 0.868093 0.622667 0.871658 0.621333 0.871658 0.617333 0.877005 0.616 0.877005 0.612 0.882353 0.610667 0.882353 0.606667 0.887701 0.605333 0.887701 0.604 0.889483 0.604 0.893048 0.602667 0.894831 0.602667 0.896613 0.601333 0.898396 0.601333 0.900178 0.6 0.901961 0.604 0.907308 0.608 0.907308 0.609333 0.905526 0.612 0.905526 0.613333 0.903743 0.617333 0.903743 0.614667 0.900178 0.616 0.898396 0.617333 0.898396 0.621333 0.903743 0.626667 0.903743 0.628 0.905526 0.633333 0.898396 0.634667 0.898396 0.638667 0.893048 0.638667 0.891266 0.64 0.889483 0.638667 0.887701 0.638667 0.885918 0.636 0.882353 0.636 0.88057 0.632 0.875223 0.632 0.87344 0.629333 0.869875 0.626667 0.869875
0 0.572 0.86631 0.570667 0.868093 0.568 0.868093 0.566667 0.869875 0.562667 0.869875 0.561333 0.871658 0.558667 0.871658 0.556 0.875223 0.554667 0.875223 0.554667 0.88057 0.556 0.882353 0.556 0.884135 0.557333 0.882353 0.561333 0.882353 0.562667 0.88057 0.565333 0.88057 0.566667 0.878788 0.570667 0.878788 0.572 0.877005 0.576 0.877005 0.576 0.875223 0.574667 0.87344 0.574667 0.871658 0.573333 0.869875 0.573333 0.868093
0 0.494667 0.864528 0.497333 0.864528 0.498667 0.86631 0.5 0.86631 0.501333 0.868093 0.504 0.868093 0.505333 0.869875 0.506667 0.869875 0.508 0.871658 0.52 0.871658 0.518667 0.869875 0.517333 0.869875 0.513333 0.864528
0 0.366667 0.857398 0.365333 0.85918 0.364 0.85918 0.362667 0.860963 0.361333 0.860963 0.36 0.862745 0.36 0.864528 0.357333 0.868093 0.36 0.871658 0.36 0.87344 0.366667 0.882353 0.366667 0.884135 0.369333 0.887701 0.372 0.884135 0.373333 0.885918 0.373333 0.887701 0.372 0.889483 0.372 0.894831 0.378667 0.885918 0.38 0.885918 0.385333 0.878788 0.384 0.877005 0.384 0.875223 0.382667 0.87344 0.381333 0.87344 0.377333 0.868093 0.376 0.868093 0.370667 0.860963 0.369333 0.860963
0 0.109333 0.857398 0.106667 0.860963 0.105333 0.860963 0.101333 0.86631 0.1 0.86631 0.093333 0.875223 0.092 0.875223 0.089333 0.878788 0.093333 0.878788 0.096 0.875223 0.097333 0.875223 0.102667 0.868093 0.104 0.868093 0.109333 0.860963 0.110667 0.860963 0.112 0.85918 0.110667 0.85918
0 0.818667 0.812834 0.813333 0.819964 0.813333 0.821747 0.812 0.823529 0.812 0.832442 0.813333 0.832442 0.816 0.836007 0.817333 0.836007 0.82 0.839572 0.821333 0.839572 0.824 0.843137 0.825333 0.843137 0.828 0.846702 0.829333 0.846702 0.830667 0.848485 0.832 0.846702 0.832 0.84492 0.836 0.839572 0.836 0.83779 0.837333 0.836007 0.837333 0.834225 0.836 0.832442 0.836 0.828877 0.832 0.823529 0.832 0.821747 0.828 0.816399 0.826667 0.816399 0.824 0.812834
0 0.806667 0.795009 0.805333 0.796791 0.801333 0.796791 0.8 0.798574 0.794667 0.798574 0.793333 0.800357 0.789333 0.800357 0.788 0.802139 0.784 0.802139 0.782667 0.803922 0.778667 0.803922 0.777333 0.805704 0.772 0.805704 0.770667 0.807487 0.766667 0.807487 0.765333 0.809269 0.761333 0.809269 0.76 0.811052 0.754667 0.811052 0.753333 0.812834 0.749333 0.812834 0.748 0.814617 0.744 0.814617 0.742667 0.816399 0.738667 0.816399 0.737333 0.818182 0.732 0.818182 0.730667 0.819964 0.726667 0.819964 0.726667 0.825312 0.728 0.823529 0.732 0.823529 0.733333 0.821747 0.738667 0.821747 0.74 0.819964 0.744 0.819964 0.745333 0.818182 0.750667 0.818182 0.752 0.816399 0.756 0.816399 0.757333 0.814617 0.762667 0.814617 0.764 0.812834 0.768 0.812834 0.769333 0.811052 0.774667 0.811052 0.776 0.809269 0.78 0.809269 0.781333 0.807487 0.786667 0.807487 0.788 0.805704 0.792 0.805704 0.793333 0.803922 0.798667 0.803922 0.8 0.802139 0.804 0.802139 0.805333 0.800357 0.810667 0.800357
0 0.365333 0.787879 0.364 0.789661 0.364 0.791444 0.36 0.796791 0.36 0.798574 0.358667 0.800357 0.36 0.802139 0.36 0.803922 0.362667 0.807487 0.362667 0.809269 0.364 0.811052 0.364 0.807487 0.365333 0.805704 0.365333 0.803922 0.366667 0.802139 0.369333 0.805704 0.370667 0.805704 0.373333 0.809269 0.374667 0.809269 0.376 0.811052 0.377333 0.811052 0.378667 0.812834 0.381333 0.812834 0.382667 0.814617 0.384 0.814617 0.385333 0.816399 0.386667 0.816399 0.388 0.818182 0.389333 0.818182 0.390667 0.819964 0.392 0.819964 0.393333 0.821747 0.394667 0.821747 0.396 0.823529 0.397333 0.823529 0.398667 0.825312 0.4 0.825312 0.401333 0.827094 0.402667 0.827094 0.404 0.828877 0.405333 0.828877 0.406667 0.83066 0.408 0.83066 0.409333 0.832442 0.410667 0.832442 0.412 0.834225 0.413333 0.834225 0.414667 0.836007 0.416 0.836007 0.417333 0.83779 0.418667 0.83779 0.42 0.839572 0.421333 0.83779 0.425333 0.83779 0.422667 0.834225 0.422667 0.832442 0.416 0.823529 0.416 0.821747 0.409333 0.812834 0.409333 0.811052 0.406667 0.807487 0.401333 0.807487 0.397333 0.802139 0.397333 0.800357 0.393333 0.795009 0.393333 0.793226 0.390667 0.789661 0.382667 0.800357 0.381333 0.800357 0.38 0.798574 0.378667 0.798574 0.377333 0.796791 0.376 0.796791 0.373333 0.793226 0.372 0.793226 0.370667 0.791444 0.369333 0.791444 0.368 0.789661 0.366667 0.789661
0 0.309333 0.745098 0.308 0.746881 0.305333 0.746881 0.304 0.748663 0.301333 0.748663 0.3 0.750446 0.297333 0.750446 0.297333 0.754011 0.3 0.754011 0.301333 0.755793 0.302667 0.754011 0.308 0.754011 0.309333 0.752228 0.310667 0.752228 0.312 0.750446 0.314667 0.750446 0.314667 0.748663 0.313333 0.746881 0.313333 0.745098
1 0.928 0.746881 0.926667 0.748663 0.925333 0.748663 0.924 0.750446 0.922667 0.750446 0.921333 0.752228 0.92 0.752228 0.921333 0.752228 0.924 0.755793 0.925333 0.755793 0.926667 0.757576 0.928 0.757576 0.930667 0.761141 0.932 0.761141 0.933333 0.762923 0.934667 0.761141 0.948 0.761141 0.946667 0.761141 0.945333 0.759358 0.944 0.759358 0.942667 0.757576 0.941333 0.757576 0.94 0.755793 0.938667 0.755793 0.936 0.752228 0.934667 0.752228 0.933333 0.750446 0.932 0.750446 0.930667 0.748663 0.929333 0.748663
1 0.462667 0.73975 0.462667 0.741533 0.461333 0.743316 0.461333 0.745098 0.484 0.745098 0.484 0.743316 0.485333 0.741533 0.485333 0.73975
1 0.66 0.729055 0.656 0.734403 0.656 0.73975 0.657333 0.73975 0.658667 0.741533 0.664 0.741533 0.665333 0.743316 0.669333 0.737968 0.669333 0.736185 0.668 0.734403 0.668 0.73262 0.666667 0.73262 0.664 0.729055
1 0.408 0.713012 0.413333 0.720143 0.413333 0.721925 0.416 0.72549 0.414667 0.727273 0.409333 0.727273 0.408 0.72549 0.4 0.72549 0.398667 0.727273 0.386667 0.727273 0.385333 0.72549 0.381333 0.72549 0.38 0.727273 0.38 0.729055 0.373333 0.737968 0.373333 0.748663 0.374667 0.748663 0.377333 0.752228 0.384 0.752228 0.385333 0.750446 0.385333 0.748663 0.386667 0.746881 0.386667 0.745098 0.388 0.743316 0.385333 0.73975 0.385333 0.737968 0.384 0.736185 0.381333 0.736185 0.38 0.734403 0.378667 0.734403 0.377333 0.73262 0.378667 0.730838 0.382667 0.730838 0.384 0.73262 0.386667 0.73262 0.389333 0.736185 0.389333 0.737968 0.390667 0.73975 0.4 0.73975 0.401333 0.737968 0.406667 0.737968 0.408 0.736185 0.42 0.736185 0.421333 0.734403 0.422667 0.734403 0.424 0.73262 0.432 0.73262 0.433333 0.730838 0.453333 0.730838 0.454667 0.729055 0.46 0.729055 0.461333 0.727273 0.469333 0.727273 0.470667 0.729055 0.476 0.729055 0.478667 0.72549 0.48 0.72549 0.48 0.721925 0.478667 0.720143 0.478667 0.716578 0.477333 0.716578 0.476 0.714795 0.474667 0.714795 0.473333 0.713012 0.470667 0.716578 0.470667 0.71836 0.466667 0.723708 0.462667 0.723708 0.461333 0.72549 0.422667 0.72549 0.421333 0.723708 0.42 0.723708 0.414667 0.716578 0.413333 0.716578 0.410667 0.713012
1 0.649333 0.666667 0.656 0.675579 0.665333 0.675579 0.666667 0.677362 0.674667 0.677362 0.676 0.679144 0.685333 0.679144 0.686667 0.680927 0.692 0.673797 0.68 0.673797 0.678667 0.672014 0.668 0.672014 0.666667 0.670232 0.658667 0.670232 0.657333 0.668449 0.650667 0.668449
1 0.74 0.657754 0.74 0.663102 0.738667 0.664884 0.738667 0.668449 0.741333 0.668449 0.742667 0.670232 0.746667 0.670232 0.748 0.672014 0.750667 0.672014 0.752 0.673797 0.754667 0.673797 0.756 0.675579 0.756 0.682709 0.754667 0.684492 0.74 0.684492 0.742667 0.688057 0.744 0.688057 0.749333 0.695187 0.753333 0.695187 0.754667 0.69697 0.76 0.69697 0.761333 0.698752 0.765333 0.698752 0.766667 0.700535 0.770667 0.700535 0.772 0.702317 0.772 0.7041 0.773333 0.705882 0.773333 0.707665 0.774667 0.709447 0.774667 0.71123 0.782667 0.71123 0.784 0.713012 0.792 0.713012 0.793333 0.714795 0.801333 0.714795 0.802667 0.716578 0.804 0.714795 0.806667 0.714795 0.808 0.713012 0.810667 0.713012 0.812 0.71123 0.816 0.71123 0.817333 0.709447 0.824 0.709447 0.825333 0.71123 0.829333 0.71123 0.830667 0.713012 0.834667 0.713012 0.836 0.714795 0.834667 0.713012 0.834667 0.71123 0.830667 0.705882 0.830667 0.7041 0.829333 0.702317 0.829333 0.698752 0.830667 0.69697 0.830667 0.68984 0.832 0.688057 0.832 0.684492 0.825333 0.684492 0.824 0.682709 0.817333 0.682709 0.816 0.680927 0.816 0.684492 0.817333 0.686275 0.817333 0.68984 0.816 0.691622 0.816 0.693405 0.812 0.698752 0.812 0.700535 0.810667 0.702317 0.806667 0.702317 0.805333 0.700535 0.802667 0.700535 0.801333 0.698752 0.797333 0.698752 0.796 0.69697 0.793333 0.69697 0.792 0.695187 0.788 0.695187 0.786667 0.693405 0.784 0.693405 0.782667 0.691622 0.778667 0.691622 0.777333 0.68984 0.774667 0.68984 0.773333 0.688057 0.769333 0.688057 0.768 0.686275 0.765333 0.686275 0.764 0.684492 0.765333 0.682709 0.781333 0.682709 0.782667 0.680927 0.784 0.680927 0.786667 0.677362 0.788 0.677362 0.789333 0.675579 0.790667 0.675579 0.790667 0.670232 0.789333 0.668449 0.789333 0.661319 0.788 0.663102 0.764 0.663102 0.762667 0.661319 0.761333 0.661319 0.76 0.659537 0.757333 0.659537 0.756 0.657754
1 0.616 0.655971 0.614667 0.657754 0.601333 0.657754 0.597333 0.663102 0.597333 0.664884 0.592 0.672014 0.593333 0.672014 0.594667 0.673797 0.596 0.673797 0.597333 0.675579 0.598667 0.675579 0.6 0.677362 0.601333 0.677362 0.602667 0.679144 0.604 0.677362 0.609333 0.677362 0.610667 0.675579 0.617333 0.675579 0.618667 0.673797 0.624 0.673797 0.626667 0.677362 0.626667 0.679144 0.630667 0.684492 0.630667 0.686275 0.634667 0.691622 0.634667 0.693405 0.637333 0.69697 0.636 0.698752 0.632 0.698752 0.630667 0.700535 0.628 0.700535 0.626667 0.702317 0.622667 0.702317 0.618667 0.69697 0.618667 0.695187 0.616 0.691622 0.614667 0.693405 0.613333 0.693405 0.612 0.695187 0.610667 0.695187 0.609333 0.69697 0.608 0.69697 0.606667 0.698752 0.605333 0.698752 0.604 0.700535 0.602667 0.700535 0.604 0.700535 0.605333 0.702317 0.608 0.702317 0.609333 0.7041 0.610667 0.7041 0.612 0.705882 0.614667 0.705882 0.616 0.707665 0.617333 0.707665 0.618667 0.709447 0.618667 0.716578 0.62 0.71836 0.62 0.727273 0.628 0.727273 0.629333 0.729055 0.636 0.729055 0.637333 0.730838 0.64 0.727273 0.641333 0.727273 0.644 0.723708 0.645333 0.723708 0.648 0.720143 0.649333 0.720143 0.650667 0.71836 0.648 0.714795 0.648 0.713012 0.644 0.707665 0.644 0.705882 0.642667 0.7041 0.644 0.702317 0.654667 0.702317 0.658667 0.69697 0.645333 0.679144 0.644 0.679144 0.642667 0.677362 0.641333 0.677362 0.64 0.675579 0.638667 0.675579 0.637333 0.673797 0.636 0.673797 0.634667 0.672014 0.633333 0.672014 0.632 0.670232 0.633333 0.668449 0.633333 0.666667 0.634667 0.664884 0.634667 0.663102 0.637333 0.659537 0.637333 0.657754 0.638667 0.655971
1 0.518667 0.645276 0.514667 0.650624 0.516 0.650624 0.517333 0.652406 0.518667 0.652406 0.52 0.654189 0.521333 0.654189 0.522667 0.655971 0.524 0.655971 0.526667 0.659537 0.528 0.659537 0.529333 0.661319 0.530667 0.661319 0.532 0.663102 0.533333 0.663102 0.534667 0.664884 0.536 0.664884 0.537333 0.666667 0.542667 0.666667 0.544 0.668449 0.549333 0.668449 0.550667 0.670232 0.556 0.670232 0.557333 0.672014 0.56 0.672014 0.561333 0.673797 0.564 0.673797 0.565333 0.675579 0.568 0.675579 0.569333 0.677362 0.570667 0.677362 0.572 0.679144 0.574667 0.679144 0.576 0.680927 0.578667 0.680927 0.58 0.682709 0.58 0.673797 0.577333 0.670232 0.576 0.670232 0.570667 0.663102 0.572 0.661319 0.574667 0.661319 0.576 0.659537 0.578667 0.659537 0.58 0.657754 0.582667 0.657754 0.578667 0.652406 0.578667 0.650624 0.574667 0.645276 0.558667 0.645276 0.554667 0.650624 0.553333 0.650624 0.552 0.652406 0.545333 0.652406 0.544 0.650624 0.536 0.650624 0.534667 0.648841 0.528 0.648841 0.526667 0.647059 0.52 0.647059
1 0.398667 0.629234 0.4 0.631016 0.4 0.632799 0.401333 0.634581 0.401333 0.636364 0.402667 0.638146 0.402667 0.639929 0.405333 0.643494 0.405333 0.645276 0.406667 0.647059 0.406667 0.648841 0.408 0.650624 0.408 0.652406 0.409333 0.654189 0.409333 0.655971 0.410667 0.657754 0.418667 0.657754 0.42 0.659537 0.428 0.659537 0.429333 0.661319 0.436 0.661319 0.437333 0.663102 0.445333 0.663102 0.446667 0.664884 0.454667 0.664884 0.456 0.666667 0.456 0.682709 0.462667 0.682709 0.464 0.684492 0.469333 0.684492 0.470667 0.686275 0.477333 0.686275 0.478667 0.688057 0.484 0.688057 0.485333 0.68984 0.492 0.68984 0.493333 0.691622 0.494667 0.68984 0.496 0.68984 0.498667 0.686275 0.5 0.686275 0.502667 0.682709 0.504 0.682709 0.504 0.666667 0.502667 0.664884 0.502667 0.648841 0.5 0.648841 0.498667 0.647059 0.496 0.647059 0.494667 0.645276 0.492 0.645276 0.490667 0.643494 0.488 0.643494 0.485333 0.639929 0.485333 0.638146 0.484 0.636364 0.484 0.634581 0.482667 0.632799 0.482667 0.631016 0.481333 0.632799 0.478667 0.632799 0.477333 0.634581 0.474667 0.634581 0.473333 0.636364 0.469333 0.636364 0.468 0.638146 0.442667 0.638146 0.441333 0.636364 0.438667 0.639929 0.437333 0.639929 0.434667 0.643494 0.432 0.643494 0.430667 0.641711 0.428 0.641711 0.426667 0.639929 0.425333 0.639929 0.424 0.638146 0.421333 0.638146 0.42 0.636364 0.418667 0.636364 0.417333 0.634581 0.416 0.634581 0.414667 0.632799 0.412 0.632799 0.410667 0.631016 0.409333 0.631016 0.408 0.629234
1 0.064 0.611408 0.062667 0.613191 0.052 0.613191 0.050667 0.614973 0.04 0.614973 0.038667 0.616756 0.028 0.616756 0.028 0.620321 0.029333 0.622103 0.029333 0.625668 0.04 0.625668 0.041333 0.627451 0.052 0.627451 0.053333 0.629234 0.056 0.629234 0.057333 0.631016 0.061333 0.631016 0.062667 0.632799 0.065333 0.632799 0.066667 0.634581 0.070667 0.634581 0.072 0.636364 0.074667 0.636364 0.076 0.638146 0.08 0.638146 0.081333 0.639929 0.084 0.639929 0.085333 0.641711 0.084 0.643494 0.077333 0.643494 0.076 0.641711 0.070667 0.641711 0.069333 0.639929 0.062667 0.639929 0.061333 0.638146 0.053333 0.638146 0.052 0.636364 0.044 0.636364 0.042667 0.634581 0.033333 0.634581 0.032 0.632799 0.024 0.632799 0.022667 0.631016 0.021333 0.631016 0.018667 0.627451 0.017333 0.627451 0.014667 0.623886 0.013333 0.623886 0.010667 0.620321 0.001333 0.620321 0.0 0.622103 0.0 0.639929 0.02 0.639929 0.021333 0.638146 0.028 0.638146 0.029333 0.636364 0.030667 0.638146 0.033333 0.638146 0.034667 0.639929 0.037333 0.639929 0.038667 0.641711 0.041333 0.641711 0.042667 0.643494 0.061333 0.643494 0.062667 0.645276 0.068 0.645276 0.069333 0.647059 0.074667 0.647059 0.076 0.648841 0.082667 0.648841 0.084 0.650624 0.089333 0.650624 0.090667 0.652406 0.102667 0.652406 0.104 0.654189 0.105333 0.654189 0.108 0.657754 0.109333 0.657754 0.110667 0.659537 0.112 0.659537 0.114667 0.663102 0.137333 0.663102 0.138667 0.664884 0.142667 0.664884 0.144 0.666667 0.148 0.666667 0.149333 0.668449 0.154667 0.668449 0.156 0.670232 0.16 0.670232 0.161333 0.672014 0.161333 0.673797 0.16 0.675579 0.16 0.677362 0.158667 0.679144 0.158667 0.680927 0.16 0.682709 0.16 0.684492 0.161333 0.686275 0.16 0.688057 0.066667 0.688057 0.065333 0.686275 0.061333 0.686275 0.06 0.684492 0.056 0.684492 0.054667 0.682709 0.048 0.682709 0.049333 0.684492 0.050667 0.684492 0.053333 0.688057 0.052 0.68984 0.036 0.68984 0.034667 0.691622 0.018667 0.691622 0.017333 0.693405 0.001333 0.693405 0.0 0.695187 0.0 0.998217 0.128 0.998217 0.128 0.996435 0.129333 0.994652 0.129333 0.99287 0.125333 0.99287 0.124 0.991087 0.118667 0.991087 0.117333 0.989305 0.118667 0.987522 0.12 0.987522 0.121333 0.98574 0.124 0.98574 0.125333 0.983957 0.126667 0.983957 0.128 0.982175 0.130667 0.982175 0.132 0.980392 0.133333 0.980392 0.134667 0.97861 0.154667 0.97861 0.156 0.980392 0.156 0.983957 0.154667 0.98574 0.154667 0.989305 0.16 0.989305 0.16 0.987522 0.161333 0.98574 0.161333 0.983957 0.162667 0.982175 0.164 0.983957 0.173333 0.983957 0.174667 0.98574 0.194667 0.98574 0.196 0.987522 0.194667 0.989305 0.194667 0.991087 0.193333 0.99287 0.193333 0.994652 0.237333 0.994652 0.237333 0.991087 0.238667 0.989305 0.250667 0.989305 0.252 0.987522 0.253333 0.987522 0.254667 0.98574 0.273333 0.98574 0.274667 0.987522 0.284 0.987522 0.286667 0.991087 0.288 0.991087 0.290667 0.994652 0.292 0.994652 0.294667 0.998217 0.321333 0.998217 0.321333 0.996435 0.32 0.994652 0.32 0.989305 0.318667 0.987522 0.318667 0.98574 0.304 0.98574 0.302667 0.983957 0.298667 0.983957 0.297333 0.982175 0.297333 0.97861 0.296 0.976827 0.296 0.97148 0.297333 0.969697 0.297333 0.967914 0.298667 0.966132 0.298667 0.964349 0.3 0.962567 0.325333 0.962567 0.326667 0.960784 0.350667 0.960784 0.352 0.959002 0.353333 0.960784 0.353333 0.962567 0.354667 0.964349 0.354667 0.966132 0.356 0.967914 0.362667 0.967914 0.370667 0.957219 0.376 0.957219 0.382667 0.948307 0.408 0.948307 0.409333 0.946524 0.422667 0.946524 0.424 0.944742 0.426667 0.944742 0.428 0.942959 0.429333 0.944742 0.430667 0.944742 0.433333 0.948307 0.434667 0.948307 0.436 0.950089 0.437333 0.950089 0.438667 0.951872 0.436 0.955437 0.434667 0.955437 0.432 0.959002 0.430667 0.959002 0.429333 0.960784 0.429333 0.964349 0.430667 0.966132 0.430667 0.967914 0.432 0.969697 0.432 0.97148 0.434667 0.975045 0.434667 0.983957 0.436 0.983957 0.438667 0.987522 0.44 0.987522 0.441333 0.989305 0.44 0.991087 0.436 0.991087 0.434667 0.99287 0.432 0.99287 0.430667 0.994652 0.416 0.994652 0.414667 0.996435 0.414667 0.998217 0.998667 0.998217 0.998667 0.88057 0.989333 0.88057 0.988 0.878788 0.988 0.875223 0.986667 0.87344 0.986667 0.871658 0.974667 0.871658 0.973333 0.87344 0.970667 0.87344 0.968 0.877005 0.968 0.878788 0.965333 0.882353 0.964 0.88057 0.954667 0.88057 0.953333 0.878788 0.952 0.878788 0.950667 0.877005 0.949333 0.877005 0.946667 0.87344 0.945333 0.87344 0.944 0.871658 0.942667 0.871658 0.941333 0.869875 0.94 0.869875 0.936 0.864528 0.934667 0.864528 0.932 0.860963 0.933333 0.85918 0.933333 0.857398 0.934667 0.855615 0.934667 0.853832 0.936 0.85205 0.936 0.850267 0.938667 0.846702 0.941333 0.846702 0.942667 0.84492 0.944 0.84492 0.946667 0.841355 0.946667 0.834225 0.948 0.832442 0.972 0.832442 0.973333 0.834225 0.977333 0.834225 0.978667 0.836007 0.982667 0.836007 0.984 0.83779 0.990667 0.83779 0.992 0.836007 0.992 0.832442 0.990667 0.83066 0.990667 0.828877 0.989333 0.827094 0.989333 0.825312 0.988 0.823529 0.988 0.821747 0.985333 0.818182 0.984 0.818182 0.981333 0.814617 0.978667 0.814617 0.977333 0.812834 0.974667 0.812834 0.972 0.809269 0.972 0.807487 0.970667 0.805704 0.969333 0.805704 0.968 0.803922 0.966667 0.803922 0.965333 0.802139 0.962667 0.802139 0.961333 0.800357 0.96 0.800357 0.958667 0.798574 0.957333 0.798574 0.956 0.796791 0.954667 0.796791 0.953333 0.795009 0.950667 0.795009 0.949333 0.793226 0.949333 0.796791 0.950667 0.796791 0.952 0.798574 0.953333 0.798574 0.954667 0.800357 0.956 0.800357 0.957333 0.802139 0.958667 0.802139 0.96 0.803922 0.961333 0.803922 0.962667 0.805704 0.964 0.805704 0.965333 0.807487 0.964 0.809269 0.92 0.809269 0.918667 0.807487 0.918667 0.805704 0.917333 0.803922 0.917333 0.802139 0.918667 0.800357 0.924 0.800357 0.925333 0.798574 0.929333 0.798574 0.929333 0.796791 0.928 0.795009 0.928 0.793226 0.924 0.793226 0.922667 0.791444 0.917333 0.791444 0.916 0.793226 0.914667 0.793226 0.910667 0.798574 0.909333 0.796791 0.908 0.796791 0.906667 0.795009 0.905333 0.795009 0.904 0.793226 0.901333 0.793226 0.9 0.791444 0.894667 0.791444 0.893333 0.793226 0.889333 0.793226 0.888 0.795009 0.886667 0.793226 0.881333 0.793226 0.88 0.791444 0.873333 0.791444 0.872 0.789661 0.873333 0.787879 0.873333 0.786096 0.876 0.782531 0.876 0.780749 0.877333 0.778966 0.877333 0.777184 0.888 0.762923 0.896 0.762923 0.897333 0.761141 0.9 0.761141 0.9 0.757576 0.898667 0.755793 0.898667 0.752228 0.890667 0.752228 0.889333 0.750446 0.88 0.750446 0.878667 0.748663 0.870667 0.748663 0.868 0.745098 0.866667 0.745098 0.864 0.741533 0.862667 0.741533 0.861333 0.73975 0.854667 0.73975 0.866667 0.755793 0.866667 0.757576 0.868 0.759358 0.868 0.761141 0.869333 0.762923 0.868 0.764706 0.858667 0.764706 0.857333 0.766488 0.857333 0.768271 0.854667 0.771836 0.854667 0.773619 0.852 0.777184 0.850667 0.775401 0.821333 0.775401 0.82 0.777184 0.82 0.778966 0.818667 0.780749 0.818667 0.782531 0.82 0.782531 0.822667 0.786096 0.824 0.786096 0.825333 0.787879 0.826667 0.787879 0.829333 0.791444 0.830667 0.791444 0.832 0.793226 0.833333 0.793226 0.836 0.796791 0.837333 0.796791 0.84 0.800357 0.841333 0.800357 0.844 0.803922 0.842667 0.805704 0.833333 0.805704 0.832 0.803922 0.826667 0.803922 0.825333 0.802139 0.82 0.802139 0.817333 0.798574 0.817333 0.796791 0.816 0.795009 0.814667 0.795009 0.813333 0.793226 0.810667 0.793226 0.809333 0.791444 0.808 0.791444 0.806667 0.789661 0.8 0.789661 0.798667 0.791444 0.794667 0.791444 0.793333 0.793226 0.790667 0.793226 0.789333 0.795009 0.785333 0.795009 0.784 0.796791 0.782667 0.795009 0.774667 0.795009 0.766667 0.784314 0.768 0.782531 0.784 0.782531 0.784 0.780749 0.777333 0.780749 0.776 0.778966 0.770667 0.778966 0.769333 0.777184 0.762667 0.777184 0.761333 0.775401 0.762667 0.773619 0.764 0.773619 0.766667 0.770053 0.768 0.770053 0.770667 0.766488 0.772 0.766488 0.774667 0.762923 0.776 0.762923 0.778667 0.759358 0.78 0.759358 0.782667 0.755793 0.784 0.755793 0.786667 0.752228 0.788 0.752228 0.788 0.748663 0.785333 0.752228 0.784 0.752228 0.781333 0.755793 0.78 0.755793 0.777333 0.759358 0.776 0.759358 0.773333 0.762923 0.772 0.762923 0.769333 0.766488 0.768 0.766488 0.765333 0.770053 0.764 0.770053 0.761333 0.773619 0.76 0.773619 0.757333 0.777184 0.756 0.777184 0.754667 0.778966 0.745333 0.778966 0.744 0.777184 0.737333 0.777184 0.736 0.775401 0.726667 0.775401 0.725333 0.777184 0.724 0.777184 0.722667 0.778966 0.721333 0.778966 0.72 0.780749 0.717333 0.780749 0.716 0.782531 0.712 0.782531 0.710667 0.784314 0.708 0.784314 0.706667 0.786096 0.704 0.786096 0.702667 0.784314 0.704 0.782531 0.704 0.780749 0.706667 0.777184 0.708 0.777184 0.709333 0.775401 0.710667 0.775401 0.713333 0.771836 0.714667 0.771836 0.716 0.770053 0.717333 0.770053 0.72 0.766488 0.714667 0.766488 0.713333 0.768271 0.706667 0.768271 0.705333 0.766488 0.709333 0.761141 0.709333 0.759358 0.716 0.750446 0.716 0.748663 0.721333 0.741533 0.721333 0.73975 0.725333 0.734403 0.725333 0.73262 0.729333 0.727273 0.729333 0.72549 0.732 0.721925 0.732 0.720143 0.734667 0.716578 0.734667 0.714795 0.738667 0.709447 0.738667 0.707665 0.74 0.705882 0.738667 0.7041 0.737333 0.705882 0.737333 0.707665 0.732 0.714795 0.732 0.716578 0.726667 0.723708 0.726667 0.72549 0.722667 0.730838 0.722667 0.73262 0.717333 0.73975 0.717333 0.741533 0.712 0.748663 0.712 0.750446 0.708 0.755793 0.708 0.757576 0.706667 0.759358 0.706667 0.761141 0.704 0.764706 0.704 0.766488 0.701333 0.770053 0.701333 0.771836 0.7 0.773619 0.7 0.775401 0.697333 0.778966 0.697333 0.780749 0.696 0.782531 0.696 0.784314 0.693333 0.787879 0.686667 0.787879 0.685333 0.789661 0.684 0.787879 0.684 0.786096 0.685333 0.784314 0.685333 0.780749 0.678667 0.771836 0.68 0.770053 0.682667 0.770053 0.684 0.768271 0.686667 0.768271 0.688 0.766488 0.689333 0.766488 0.690667 0.764706 0.693333 0.764706 0.693333 0.762923 0.694667 0.761141 0.694667 0.755793 0.696 0.754011 0.696 0.752228 0.684 0.752228 0.681333 0.755793 0.68 0.755793 0.677333 0.759358 0.676 0.759358 0.674667 0.761141 0.654667 0.761141 0.658667 0.766488 0.661333 0.766488 0.662667 0.768271 0.664 0.768271 0.665333 0.770053 0.668 0.770053 0.670667 0.773619 0.670667 0.775401 0.673333 0.778966 0.673333 0.780749 0.674667 0.782531 0.673333 0.784314 0.661333 0.784314 0.66 0.782531 0.657333 0.782531 0.656 0.780749 0.653333 0.780749 0.652 0.778966 0.650667 0.778966 0.649333 0.777184 0.646667 0.777184 0.645333 0.775401 0.642667 0.775401 0.641333 0.773619 0.638667 0.773619 0.634667 0.768271 0.637333 0.764706 0.637333 0.762923 0.642667 0.755793 0.644 0.755793 0.646667 0.752228 0.642667 0.752228 0.641333 0.750446 0.638667 0.750446 0.637333 0.748663 0.633333 0.748663 0.632 0.746881 0.628 0.746881 0.626667 0.745098 0.628 0.743316 0.628 0.741533 0.630667 0.737968 0.630667 0.736185 0.626667 0.736185 0.625333 0.737968 0.618667 0.737968 0.618667 0.743316 0.62 0.745098 0.62 0.748663 0.618667 0.750446 0.610667 0.750446 0.609333 0.748663 0.608 0.748663 0.606667 0.746881 0.604 0.746881 0.602667 0.745098 0.6 0.745098 0.598667 0.743316 0.597333 0.743316 0.598667 0.745098 0.598667 0.748663 0.6 0.750446 0.6 0.752228 0.597333 0.755793 0.597333 0.757576 0.593333 0.762923 0.592 0.762923 0.589333 0.766488 0.588 0.766488 0.585333 0.770053 0.585333 0.771836 0.584 0.773619 0.584 0.775401 0.582667 0.777184 0.582667 0.778966 0.581333 0.780749 0.581333 0.782531 0.58 0.784314 0.58 0.786096 0.578667 0.787879 0.566667 0.787879 0.565333 0.786096 0.558667 0.786096 0.557333 0.784314 0.550667 0.784314 0.546667 0.778966 0.546667 0.777184 0.538667 0.766488 0.54 0.764706 0.577333 0.764706 0.577333 0.761141 0.544 0.761141 0.542667 0.762923 0.536 0.762923 0.534667 0.764706 0.533333 0.762923 0.533333 0.761141 0.534667 0.759358 0.534667 0.754011 0.536 0.752228 0.536 0.748663 0.533333 0.748663 0.530667 0.752228 0.529333 0.752228 0.528 0.754011 0.524 0.754011 0.522667 0.755793 0.510667 0.755793 0.510667 0.757576 0.514667 0.762923 0.514667 0.764706 0.513333 0.766488 0.505333 0.766488 0.502667 0.762923 0.502667 0.761141 0.5 0.761141 0.5 0.762923 0.501333 0.764706 0.501333 0.766488 0.5 0.768271 0.494667 0.768271 0.493333 0.770053 0.492 0.768271 0.492 0.761141 0.490667 0.759358 0.490667 0.757576 0.482667 0.757576 0.481333 0.759358 0.48 0.759358 0.478667 0.761141 0.478667 0.762923 0.48 0.764706 0.48 0.766488 0.481333 0.768271 0.481333 0.770053 0.482667 0.771836 0.482667 0.773619 0.481333 0.775401 0.472 0.775401 0.470667 0.777184 0.462667 0.777184 0.461333 0.778966 0.46 0.777184 0.454667 0.777184 0.453333 0.775401 0.448 0.775401 0.446667 0.773619 0.441333 0.773619 0.44 0.771836 0.442667 0.768271 0.442667 0.766488 0.445333 0.762923 0.444 0.761141 0.441333 0.761141 0.438667 0.764706 0.437333 0.764706 0.434667 0.768271 0.433333 0.768271 0.430667 0.771836 0.429333 0.771836 0.428 0.773619 0.42 0.773619 0.418667 0.775401 0.417333 0.773619 0.409333 0.773619 0.408 0.775401 0.406667 0.775401 0.402667 0.780749 0.396 0.780749 0.394667 0.782531 0.386667 0.782531 0.385333 0.784314 0.378667 0.784314 0.377333 0.786096 0.370667 0.786096 0.369333 0.787879 0.368 0.786096 0.366667 0.786096 0.364 0.782531 0.362667 0.782531 0.361333 0.780749 0.36 0.780749 0.358667 0.778966 0.352 0.778966 0.350667 0.777184 0.350667 0.773619 0.349333 0.771836 0.342667 0.771836 0.341333 0.773619 0.34 0.773619 0.338667 0.775401 0.336 0.771836 0.333333 0.771836 0.333333 0.773619 0.334667 0.775401 0.334667 0.777184 0.333333 0.778966 0.328 0.778966 0.326667 0.777184 0.301333 0.777184 0.3 0.775401 0.286667 0.775401 0.285333 0.773619 0.285333 0.771836 0.284 0.770053 0.285333 0.768271 0.288 0.768271 0.289333 0.766488 0.290667 0.766488 0.292 0.764706 0.304 0.764706 0.302667 0.764706 0.301333 0.762923 0.3 0.762923 0.298667 0.761141 0.3 0.759358 0.302667 0.759358 0.304 0.757576 0.305333 0.757576 0.306667 0.755793 0.309333 0.755793 0.310667 0.754011 0.312 0.754011 0.313333 0.752228 0.316 0.752228 0.317333 0.750446 0.318667 0.750446 0.32 0.748663 0.330667 0.748663 0.332 0.746881 0.333333 0.748663 0.334667 0.748663 0.336 0.750446 0.338667 0.750446 0.34 0.752228 0.350667 0.752228 0.350667 0.748663 0.352 0.746881 0.352 0.741533 0.342667 0.741533 0.341333 0.73975 0.330667 0.73975 0.326667 0.745098 0.314667 0.745098 0.314667 0.746881 0.316 0.748663 0.316 0.750446 0.314667 0.752228 0.312 0.752228 0.310667 0.754011 0.309333 0.754011 0.308 0.755793 0.302667 0.755793 0.301333 0.757576 0.3 0.755793 0.297333 0.755793 0.296 0.754011 0.296 0.752228 0.286667 0.752228 0.285333 0.750446 0.285333 0.748663 0.284 0.746881 0.284 0.745098 0.282667 0.743316 0.282667 0.741533 0.281333 0.73975 0.281333 0.737968 0.286667 0.730838 0.288 0.73262 0.298667 0.73262 0.3 0.734403 0.312 0.734403 0.312 0.73262 0.313333 0.730838 0.302667 0.730838 0.301333 0.729055 0.290667 0.729055 0.289333 0.727273 0.288 0.727273 0.285333 0.723708 0.284 0.723708 0.282667 0.721925 0.284 0.720143 0.304 0.720143 0.304 0.716578 0.3 0.716578 0.298667 0.714795 0.293333 0.714795 0.292 0.713012 0.288 0.713012 0.286667 0.71123 0.281333 0.71123 0.28 0.709447 0.278667 0.709447 0.277333 0.707665 0.274667 0.707665 0.265333 0.695187 0.258667 0.695187 0.254667 0.700535 0.254667 0.702317 0.249333 0.709447 0.229333 0.709447 0.230667 0.71123 0.230667 0.713012 0.232 0.714795 0.232 0.716578 0.233333 0.71836 0.233333 0.720143 0.234667 0.721925 0.234667 0.723708 0.236 0.72549 0.236 0.727273 0.237333 0.729055 0.257333 0.729055 0.258667 0.727273 0.26 0.727273 0.26 0.721925 0.261333 0.720143 0.262667 0.721925 0.265333 0.721925 0.266667 0.723708 0.269333 0.723708 0.270667 0.72549 0.270667 0.727273 0.269333 0.729055 0.269333 0.73262 0.268 0.734403 0.268 0.737968 0.266667 0.73975 0.266667 0.741533 0.276 0.741533 0.277333 0.743316 0.277333 0.745098 0.278667 0.746881 0.278667 0.748663 0.28 0.750446 0.28 0.752228 0.278667 0.754011 0.274667 0.754011 0.273333 0.755793 0.270667 0.755793 0.269333 0.757576 0.268 0.755793 0.265333 0.755793 0.264 0.754011 0.261333 0.754011 0.26 0.752228 0.258667 0.752228 0.257333 0.750446 0.254667 0.750446 0.253333 0.748663 0.249333 0.748663 0.248 0.750446 0.246667 0.748663 0.24 0.748663 0.238667 0.746881 0.234667 0.746881 0.233333 0.745098 0.228 0.745098 0.226667 0.743316 0.218667 0.743316 0.217333 0.745098 0.214667 0.745098 0.213333 0.746881 0.209333 0.746881 0.208 0.748663 0.205333 0.748663 0.204 0.750446 0.202667 0.748663 0.202667 0.746881 0.201333 0.745098 0.201333 0.743316 0.197333 0.743316 0.196 0.741533 0.190667 0.741533 0.189333 0.73975 0.185333 0.73975 0.184 0.737968 0.178667 0.737968 0.177333 0.736185 0.173333 0.736185 0.172 0.734403 0.172 0.730838 0.173333 0.729055 0.173333 0.721925 0.174667 0.720143 0.174667 0.716578 0.169333 0.709447 0.169333 0.707665 0.165333 0.702317 0.166667 0.700535 0.169333 0.700535 0.170667 0.702317 0.190667 0.702317 0.192 0.700535 0.201333 0.700535 0.202667 0.698752 0.204 0.700535 0.205333 0.700535 0.206667 0.702317 0.208 0.702317 0.209333 0.7041 0.210667 0.7041 0.212 0.705882 0.216 0.705882 0.218667 0.702317 0.22 0.702317 0.222667 0.698752 0.224 0.698752 0.226667 0.695187 0.226667 0.693405 0.228 0.691622 0.228 0.680927 0.229333 0.679144 0.256 0.679144 0.256 0.677362 0.257333 0.675579 0.257333 0.672014 0.256 0.670232 0.254667 0.670232 0.253333 0.668449 0.253333 0.664884 0.254667 0.663102 0.254667 0.661319 0.257333 0.657754 0.268 0.657754 0.269333 0.659537 0.274667 0.659537 0.276 0.661319 0.282667 0.661319 0.284 0.663102 0.284 0.670232 0.285333 0.672014 0.285333 0.680927 0.286667 0.679144 0.294667 0.679144 0.296 0.677362 0.304 0.677362 0.305333 0.675579 0.312 0.675579 0.313333 0.673797 0.321333 0.673797 0.322667 0.672014 0.333333 0.672014 0.334667 0.673797 0.338667 0.673797 0.34 0.675579 0.342667 0.675579 0.344 0.677362 0.346667 0.677362 0.348 0.679144 0.352 0.679144 0.353333 0.680927 0.356 0.680927 0.357333 0.682709 0.358667 0.680927 0.381333 0.680927 0.378667 0.677362 0.378667 0.675579 0.374667 0.670232 0.374667 0.668449 0.373333 0.666667 0.369333 0.666667 0.368 0.664884 0.364 0.664884 0.362667 0.663102 0.358667 0.663102 0.357333 0.661319 0.354667 0.661319 0.353333 0.659537 0.349333 0.659537 0.348 0.657754 0.344 0.657754 0.342667 0.655971 0.338667 0.655971 0.337333 0.654189 0.337333 0.638146 0.336 0.636364 0.334667 0.636364 0.332 0.632799 0.330667 0.632799 0.328 0.629234 0.324 0.629234 0.322667 0.627451 0.318667 0.627451 0.317333 0.625668 0.313333 0.625668 0.312 0.623886 0.308 0.623886 0.306667 0.622103 0.305333 0.623886 0.305333 0.625668 0.304 0.627451 0.304 0.629234 0.302667 0.631016 0.302667 0.632799 0.3 0.636364 0.3 0.638146 0.298667 0.639929 0.298667 0.641711 0.297333 0.643494 0.297333 0.645276 0.296 0.647059 0.296 0.648841 0.294667 0.650624 0.294667 0.652406 0.293333 0.654189 0.293333 0.655971 0.292 0.657754 0.290667 0.655971 0.289333 0.655971 0.285333 0.650624 0.284 0.650624 0.281333 0.647059 0.28 0.647059 0.276 0.641711 0.274667 0.641711 0.272 0.638146 0.270667 0.639929 0.269333 0.639929 0.268 0.641711 0.266667 0.641711 0.265333 0.643494 0.264 0.643494 0.262667 0.645276 0.26 0.645276 0.258667 0.647059 0.257333 0.647059 0.256 0.648841 0.252 0.648841 0.250667 0.647059 0.249333 0.647059 0.248 0.645276 0.245333 0.645276 0.244 0.643494 0.244 0.639929 0.242667 0.638146 0.242667 0.632799 0.241333 0.631016 0.241333 0.623886 0.24 0.622103 0.24 0.618538 0.233333 0.627451 0.232 0.627451 0.228 0.632799 0.224 0.627451 0.224 0.625668 0.221333 0.622103 0.22 0.623886 0.22 0.625668 0.216 0.631016 0.216 0.632799 0.212 0.638146 0.212 0.639929 0.209333 0.643494 0.206667 0.643494 0.205333 0.641711 0.204 0.641711 0.202667 0.639929 0.2 0.639929 0.198667 0.638146 0.196 0.638146 0.194667 0.636364 0.193333 0.636364 0.192 0.634581 0.189333 0.634581 0.188 0.632799 0.186667 0.632799 0.185333 0.631016 0.182667 0.631016 0.168 0.611408 0.165333 0.614973 0.165333 0.616756 0.16 0.623886 0.16 0.625668 0.157333 0.629234 0.157333 0.632799 0.158667 0.634581 0.158667 0.638146 0.16 0.639929 0.16 0.641711 0.161333 0.643494 0.161333 0.645276 0.162667 0.647059 0.162667 0.648841 0.164 0.650624 0.164 0.652406 0.165333 0.654189 0.165333 0.655971 0.176 0.655971 0.177333 0.657754 0.189333 0.657754 0.190667 0.659537 0.201333 0.659537 0.202667 0.661319 0.204 0.659537 0.213333 0.659537 0.214667 0.657754 0.222667 0.657754 0.224 0.655971 0.250667 0.655971 0.252 0.657754 0.248 0.663102 0.246667 0.663102 0.245333 0.664884 0.244 0.664884 0.241333 0.668449 0.24 0.668449 0.238667 0.670232 0.233333 0.670232 0.232 0.672014 0.228 0.672014 0.226667 0.673797 0.218667 0.673797 0.217333 0.675579 0.210667 0.675579 0.209333 0.677362 0.208 0.675579 0.181333 0.675579 0.18 0.673797 0.178667 0.673797 0.177333 0.672014 0.176 0.672014 0.173333 0.668449 0.172 0.668449 0.170667 0.666667 0.169333 0.666667 0.168 0.664884 0.162667 0.664884 0.161333 0.663102 0.153333 0.663102 0.152 0.661319 0.145333 0.661319 0.144 0.659537 0.126667 0.659537 0.125333 0.657754 0.121333 0.657754 0.12 0.655971 0.116 0.655971 0.114667 0.654189 0.110667 0.654189 0.109333 0.652406 0.106667 0.652406 0.105333 0.650624 0.104 0.650624 0.102667 0.648841 0.1 0.648841 0.098667 0.647059 0.092 0.647059 0.090667 0.645276 0.085333 0.645276 0.084 0.643494 0.097333 0.625668 0.105333 0.625668 0.106667 0.623886 0.114667 0.623886 0.116 0.622103 0.124 0.622103 0.122667 0.622103 0.12 0.618538 0.118667 0.618538 0.117333 0.616756 0.116 0.616756 0.113333 0.613191 0.112 0.613191 0.110667 0.611408 0.109333 0.613191 0.096 0.613191 0.094667 0.614973 0.073333 0.614973 0.072 0.613191 0.065333 0.613191
1 0.798667 0.565062 0.797333 0.566845 0.792 0.566845 0.792 0.572193 0.806667 0.572193 0.808 0.573975 0.812 0.573975 0.813333 0.575758 0.82 0.575758 0.821333 0.57754 0.828 0.57754 0.829333 0.579323 0.830667 0.579323 0.832 0.581105 0.833333 0.581105 0.834667 0.582888 0.836 0.582888 0.837333 0.58467 0.838667 0.58467 0.84 0.586453 0.841333 0.586453 0.842667 0.588235 0.844 0.588235 0.845333 0.590018 0.846667 0.590018 0.848 0.5918 0.866667 0.5918 0.868 0.593583 0.898667 0.593583 0.904 0.586453 0.906667 0.586453 0.909333 0.590018 0.909333 0.593583 0.910667 0.595365 0.910667 0.597148 0.912 0.59893 0.913333 0.59893 0.917333 0.604278 0.918667 0.604278 0.92 0.606061 0.921333 0.606061 0.922667 0.607843 0.925333 0.607843 0.926667 0.609626 0.928 0.609626 0.929333 0.611408 0.930667 0.611408 0.932 0.613191 0.933333 0.613191 0.934667 0.614973 0.937333 0.614973 0.938667 0.616756 0.94 0.616756 0.941333 0.618538 0.954667 0.618538 0.956 0.620321 0.957333 0.620321 0.958667 0.622103 0.96 0.622103 0.962667 0.625668 0.964 0.625668 0.965333 0.627451 0.970667 0.627451 0.970667 0.622103 0.972 0.620321 0.972 0.616756 0.970667 0.614973 0.970667 0.613191 0.969333 0.611408 0.966667 0.611408 0.965333 0.609626 0.964 0.609626 0.962667 0.607843 0.958667 0.607843 0.957333 0.606061 0.94 0.606061 0.938667 0.604278 0.937333 0.604278 0.936 0.602496 0.933333 0.602496 0.932 0.600713 0.930667 0.600713 0.929333 0.59893 0.926667 0.59893 0.922667 0.593583 0.921333 0.593583 0.917333 0.588235 0.917333 0.573975 0.912 0.573975 0.910667 0.572193 0.906667 0.57754 0.9 0.57754 0.898667 0.579323 0.897333 0.579323 0.894667 0.582888 0.893333 0.582888 0.890667 0.586453 0.854667 0.586453 0.853333 0.58467 0.850667 0.58467 0.849333 0.582888 0.846667 0.582888 0.845333 0.581105 0.842667 0.581105 0.841333 0.579323 0.84 0.579323 0.838667 0.57754 0.837333 0.57754 0.836 0.575758 0.834667 0.575758 0.833333 0.573975 0.828 0.573975 0.826667 0.572193 0.821333 0.572193 0.82 0.57041 0.814667 0.57041 0.813333 0.568627 0.806667 0.568627 0.805333 0.566845 0.8 0.566845
