0 0.510363 0.941379 0.509067 0.943103 0.477979 0.943103 0.477979 0.948276 0.479275 0.95 0.479275 0.955172 0.493523 0.955172 0.494819 0.956897 0.496114 0.955172 0.5 0.955172 0.501295 0.953448 0.506477 0.953448 0.509067 0.95 0.509067 0.948276 0.511658 0.944828 0.510363 0.943103
0 0.983161 0.82931 0.983161 0.837931 0.990933 0.837931 0.990933 0.82931
0 0.599741 0.794828 0.598446 0.796552 0.59715 0.796552 0.59456 0.8 0.593264 0.8 0.590674 0.803448 0.589378 0.803448 0.586788 0.806897 0.585492 0.806897 0.585492 0.810345 0.584197 0.812069 0.584197 0.815517 0.589378 0.815517 0.590674 0.813793 0.599741 0.813793 0.601036 0.812069 0.603627 0.812069 0.604922 0.810345 0.607513 0.810345 0.607513 0.808621 0.608808 0.806897 0.608808 0.805172 0.607513 0.803448 0.607513 0.8 0.606218 0.798276 0.606218 0.796552 0.601036 0.796552
0 0.919689 0.786207 0.919689 0.789655 0.918394 0.791379 0.918394 0.793103 0.923575 0.793103 0.92487 0.794828 0.930052 0.794828 0.931347 0.796552 0.936528 0.796552 0.937824 0.798276 0.939119 0.796552 0.939119 0.794828 0.940415 0.793103 0.939119 0.791379 0.939119 0.789655 0.937824 0.787931 0.937824 0.786207
0 0.340674 0.758621 0.339378 0.760345 0.338083 0.760345 0.336788 0.762069 0.334197 0.762069 0.335492 0.763793 0.335492 0.765517 0.338083 0.768966 0.338083 0.77069 0.339378 0.772414 0.340674 0.77069 0.343264 0.77069 0.34456 0.768966 0.348446 0.768966
0 0.283679 0.746552 0.279793 0.751724 0.278497 0.751724 0.274611 0.756897 0.274611 0.758621 0.272021 0.762069 0.272021 0.763793 0.273316 0.765517 0.273316 0.768966 0.274611 0.77069 0.274611 0.774138 0.275907 0.775862 0.275907 0.777586 0.278497 0.777586 0.279793 0.77931 0.282383 0.77931 0.283679 0.781034 0.290155 0.781034 0.291451 0.782759 0.296632 0.782759 0.297927 0.784483 0.297927 0.782759 0.299223 0.781034 0.299223 0.77931 0.300518 0.777586 0.300518 0.775862 0.301813 0.774138 0.301813 0.772414 0.303109 0.77069 0.303109 0.768966 0.304404 0.767241 0.296632 0.767241 0.295337 0.765517 0.294041 0.765517 0.292746 0.763793 0.290155 0.763793 0.28886 0.762069 0.287565 0.762069 0.286269 0.760345 0.286269 0.75
0 0.30829 0.610345 0.30829 0.613793 0.306995 0.615517 0.306995 0.62069 0.305699 0.622414 0.305699 0.624138 0.310881 0.624138 0.312176 0.625862 0.316062 0.625862 0.317358 0.627586 0.322539 0.627586 0.323834 0.62931 0.330311 0.62069 0.330311 0.617241 0.329016 0.615517 0.329016 0.610345
0 0.275907 0.603448 0.274611 0.605172 0.270725 0.605172 0.26943 0.606897 0.264249 0.606897 0.262953 0.608621 0.259067 0.608621 0.259067 0.610345 0.257772 0.612069 0.257772 0.613793 0.262953 0.613793 0.264249 0.615517 0.26943 0.615517 0.270725 0.617241 0.272021 0.615517 0.283679 0.615517 0.282383 0.613793 0.282383 0.612069
0 0.217617 0.594828 0.215026 0.598276 0.213731 0.598276 0.212435 0.6 0.213731 0.601724 0.215026 0.601724 0.217617 0.605172 0.218912 0.603448 0.221503 0.603448 0.222798 0.601724 0.225389 0.601724 0.225389 0.594828
0 0.84456 0.555172 0.843264 0.556897 0.835492 0.556897 0.834197 0.558621 0.832902 0.558621 0.831606 0.560345 0.830311 0.560345 0.829016 0.562069 0.82772 0.562069 0.82772 0.57069 0.826425 0.572414 0.826425 0.57931 0.849741 0.57931 0.849741 0.575862 0.851036 0.574138 0.851036 0.572414 0.849741 0.57069 0.849741 0.568966 0.848446 0.567241 0.848446 0.565517 0.84715 0.563793 0.84715 0.562069 0.845855 0.560345 0.845855 0.558621 0.84456 0.556897
0 0.862694 0.543103 0.860104 0.546552 0.858808 0.546552 0.856218 0.55 0.854922 0.55 0.853627 0.551724 0.856218 0.555172 0.857513 0.555172 0.862694 0.562069 0.86399 0.560345 0.865285 0.560345 0.86658 0.558621 0.867876 0.558621 0.869171 0.556897 0.870466 0.556897 0.867876 0.553448 0.867876 0.551724 0.86399 0.546552 0.86399 0.544828
0 0.591969 0.441379 0.586788 0.448276 0.585492 0.448276 0.582902 0.451724 0.584197 0.451724 0.585492 0.453448 0.586788 0.453448 0.588083 0.455172 0.589378 0.455172 0.590674 0.456897 0.591969 0.456897 0.593264 0.458621 0.59456 0.458621 0.595855 0.460345 0.59715 0.460345 0.598446 0.462069 0.599741 0.462069 0.601036 0.463793 0.602332 0.463793 0.603627 0.465517 0.604922 0.465517 0.606218 0.467241 0.607513 0.467241 0.608808 0.468966 0.610104 0.468966 0.611399 0.47069 0.612694 0.47069 0.61399 0.472414 0.615285 0.472414 0.61658 0.474138 0.617876 0.474138 0.619171 0.475862 0.623057 0.47069 0.623057 0.468966 0.626943 0.463793 0.625648 0.463793 0.624352 0.462069 0.623057 0.462069 0.621762 0.460345 0.620466 0.460345 0.619171 0.458621 0.617876 0.458621 0.61658 0.456897 0.615285 0.456897 0.61399 0.455172 0.612694 0.455172 0.611399 0.453448 0.608808 0.453448 0.607513 0.451724 0.606218 0.451724 0.604922 0.45 0.603627 0.45 0.602332 0.448276 0.601036 0.448276 0.599741 0.446552 0.598446 0.446552 0.59715 0.444828 0.595855 0.444828 0.59456 0.443103 0.593264 0.443103
0 0.898964 0.37069 0.898964 0.372414 0.897668 0.374138 0.897668 0.375862 0.896373 0.377586 0.896373 0.37931 0.897668 0.381034 0.898964 0.381034 0.901554 0.384483 0.909326 0.384483 0.910622 0.386207 0.918394 0.386207 0.919689 0.387931 0.92487 0.387931 0.926166 0.389655 0.932642 0.389655 0.933938 0.391379 0.939119 0.391379 0.940415 0.393103 0.94171 0.391379 0.945596 0.391379 0.946891 0.389655 0.946891 0.387931 0.948187 0.386207 0.945596 0.386207 0.944301 0.384483 0.943005 0.384483 0.940415 0.381034 0.939119 0.381034 0.937824 0.37931 0.935233 0.37931 0.933938 0.377586 0.930052 0.377586 0.928756 0.375862 0.926166 0.375862 0.92487 0.374138 0.913212 0.374138 0.911917 0.372414 0.900259 0.372414
1 0.006477 0.924138 0.006477 0.936207 0.003886 0.939655 0.003886 0.941379 0.0 0.946552 0.0 0.951724 0.002591 0.951724 0.003886 0.95 0.006477 0.95 0.007772 0.948276 0.010363 0.948276 0.011658 0.946552 0.014249 0.946552 0.016839 0.943103 0.016839 0.941379 0.015544 0.939655 0.015544 0.937931 0.014249 0.936207 0.014249 0.924138
1 0.888601 0.87931 0.888601 0.881034 0.887306 0.882759 0.887306 0.884483 0.88601 0.886207 0.88601 0.887931 0.884715 0.889655 0.891192 0.898276 0.893782 0.898276 0.895078 0.9 0.896373 0.9 0.897668 0.901724 0.900259 0.901724 0.901554 0.903448 0.90285 0.903448 0.904145 0.905172 0.90544 0.903448 0.908031 0.903448 0.906736 0.903448 0.904145 0.9 0.90285 0.9 0.900259 0.896552 0.898964 0.896552 0.896373 0.893103 0.895078 0.893103 0.892487 0.889655 0.892487 0.886207 0.893782 0.884483 0.893782 0.882759 0.892487 0.882759 0.891192 0.881034 0.889896 0.881034
1 0.804404 0.789655 0.803109 0.791379 0.803109 0.793103 0.801813 0.794828 0.803109 0.794828 0.805699 0.798276 0.806995 0.798276 0.809585 0.801724 0.810881 0.801724 0.816062 0.808621 0.816062 0.810345 0.817358 0.812069 0.817358 0.813793 0.818653 0.815517 0.818653 0.817241 0.819948 0.818966 0.819948 0.82069 0.821244 0.822414 0.821244 0.825862 0.822539 0.827586 0.822539 0.831034 0.823834 0.832759 0.823834 0.834483 0.82513 0.836207 0.82513 0.837931 0.826425 0.839655 0.826425 0.837931 0.82772 0.836207 0.82772 0.831034 0.829016 0.82931 0.829016 0.825862 0.82772 0.824138 0.82772 0.82069 0.826425 0.818966 0.826425 0.813793 0.82513 0.812069 0.82513 0.810345 0.823834 0.808621 0.823834 0.806897 0.819948 0.801724 0.819948 0.8 0.818653 0.798276 0.817358 0.798276 0.816062 0.796552 0.814767 0.796552 0.813472 0.794828 0.810881 0.794828 0.809585 0.793103 0.80829 0.793103 0.806995 0.791379 0.805699 0.791379
1 0.119171 0.718966 0.117876 0.72069 0.115285 0.72069 0.11399 0.722414 0.112694 0.722414 0.111399 0.724138 0.108808 0.724138 0.108808 0.727586 0.110104 0.72931 0.110104 0.734483 0.112694 0.737931 0.112694 0.739655 0.11399 0.741379 0.115285 0.741379 0.117876 0.744828 0.119171 0.744828 0.120466 0.746552 0.121762 0.744828 0.130829 0.744828 0.130829 0.739655 0.132124 0.737931 0.132124 0.731034 0.130829 0.72931 0.130829 0.725862 0.129534 0.724138 0.129534 0.722414 0.125648 0.722414 0.124352 0.72069 0.120466 0.72069
1 0.800518 0.537931 0.800518 0.539655 0.799223 0.541379 0.799223 0.544828 0.797927 0.546552 0.797927 0.548276 0.817358 0.548276 0.818653 0.55 0.82772 0.55 0.829016 0.551724 0.836788 0.551724 0.838083 0.553448 0.843264 0.546552 0.830311 0.546552 0.829016 0.544828 0.829016 0.543103 0.82772 0.541379 0.814767 0.541379 0.813472 0.539655 0.801813 0.539655
1 0.537565 0.532759 0.536269 0.534483 0.534974 0.534483 0.533679 0.536207 0.532383 0.536207 0.531088 0.537931 0.529793 0.537931 0.528497 0.539655 0.522021 0.539655 0.522021 0.543103 0.520725 0.544828 0.520725 0.546552 0.532383 0.546552 0.537565 0.539655 0.53886 0.539655 0.541451 0.536207 0.540155 0.536207
1 0.231865 0.522414 0.23057 0.524138 0.225389 0.524138 0.224093 0.525862 0.218912 0.525862 0.217617 0.527586 0.21114 0.527586 0.209845 0.52931 0.204663 0.52931 0.203368 0.531034 0.198187 0.531034 0.196891 0.532759 0.189119 0.532759 0.187824 0.534483 0.180052 0.534483 0.176166 0.539655 0.17487 0.539655 0.173575 0.541379 0.177461 0.541379 0.178756 0.543103 0.182642 0.543103 0.183938 0.544828 0.185233 0.543103 0.196891 0.543103 0.198187 0.541379 0.205959 0.541379 0.207254 0.539655 0.215026 0.539655 0.216321 0.537931 0.221503 0.537931 0.222798 0.536207 0.227979 0.536207 0.229275 0.534483 0.233161 0.534483 0.234456 0.532759 0.239637 0.532759 0.240933 0.531034 0.246114 0.531034 0.247409 0.52931 0.252591 0.52931 0.252591 0.527586 0.253886 0.525862 0.253886 0.524138 0.255181 0.522414
1 0.90544 0.427586 0.90285 0.431034 0.901554 0.431034 0.904145 0.431034 0.90544 0.432759 0.906736 0.432759 0.908031 0.434483 0.910622 0.434483 0.911917 0.436207 0.914508 0.436207 0.915803 0.437931 0.918394 0.437931 0.919689 0.439655 0.920984 0.439655 0.92228 0.441379 0.92487 0.441379 0.926166 0.443103 0.927461 0.443103 0.928756 0.444828 0.931347 0.444828 0.932642 0.446552 0.933938 0.446552 0.935233 0.448276 0.937824 0.448276 0.939119 0.45 0.940415 0.45 0.94171 0.451724 0.944301 0.451724 0.945596 0.453448 0.949482 0.453448 0.950777 0.455172 0.954663 0.455172 0.955959 0.456897 0.958549 0.456897 0.959845 0.458621 0.963731 0.458621 0.965026 0.460345 0.968912 0.460345 0.970207 0.462069 0.985751 0.462069 0.987047 0.460345 0.988342 0.462069 0.998705 0.462069 0.998705 0.448276 0.992228 0.448276 0.990933 0.45 0.983161 0.45 0.981865 0.451724 0.975389 0.451724 0.974093 0.453448 0.968912 0.453448 0.967617 0.455172 0.966321 0.453448 0.965026 0.453448 0.963731 0.451724 0.962435 0.451724 0.96114 0.45 0.959845 0.45 0.958549 0.448276 0.957254 0.448276 0.955959 0.446552 0.953368 0.446552 0.952073 0.444828 0.950777 0.444828 0.949482 0.443103 0.948187 0.443103 0.946891 0.441379 0.937824 0.441379 0.936528 0.439655 0.933938 0.439655 0.932642 0.437931 0.930052 0.437931 0.928756 0.436207 0.926166 0.436207 0.92487 0.434483 0.92228 0.434483 0.920984 0.432759 0.918394 0.432759 0.917098 0.431034 0.914508 0.431034 0.913212 0.42931 0.910622 0.42931 0.909326 0.427586
1 0.274611 0.427586 0.273316 0.42931 0.272021 0.42931 0.26943 0.432759 0.268135 0.432759 0.266839 0.434483 0.265544 0.434483 0.262953 0.437931 0.261658 0.437931 0.259067 0.441379 0.257772 0.441379 0.256477 0.443103 0.239637 0.443103 0.238342 0.444828 0.235751 0.444828 0.234456 0.446552 0.23057 0.446552 0.229275 0.448276 0.225389 0.448276 0.224093 0.45 0.221503 0.45 0.220207 0.451724 0.216321 0.451724 0.213731 0.455172 0.212435 0.455172 0.209845 0.458621 0.208549 0.458621 0.207254 0.460345 0.208549 0.460345 0.209845 0.462069 0.213731 0.462069 0.215026 0.460345 0.216321 0.460345 0.217617 0.458621 0.218912 0.458621 0.220207 0.456897 0.221503 0.456897 0.222798 0.455172 0.227979 0.455172 0.229275 0.453448 0.233161 0.453448 0.234456 0.451724 0.240933 0.451724 0.242228 0.45 0.248705 0.45 0.25 0.448276 0.261658 0.448276 0.262953 0.446552 0.265544 0.446552 0.266839 0.444828 0.26943 0.444828 0.270725 0.443103 0.273316 0.443103 0.274611 0.441379 0.291451 0.441379 0.292746 0.443103 0.300518 0.443103 0.301813 0.444828 0.309585 0.444828 0.312176 0.441379 0.306995 0.434483 0.303109 0.434483 0.301813 0.432759 0.287565 0.432759 0.286269 0.431034 0.283679 0.431034 0.282383 0.42931 0.279793 0.42931 0.278497 0.427586
1 0.120466 0.418966 0.117876 0.422414 0.11658 0.422414 0.115285 0.424138 0.115285 0.425862 0.11399 0.427586 0.11399 0.42931 0.112694 0.431034 0.112694 0.432759 0.111399 0.434483 0.111399 0.436207 0.110104 0.437931 0.110104 0.439655 0.111399 0.441379 0.111399 0.443103 0.112694 0.444828 0.112694 0.446552 0.11399 0.448276 0.124352 0.448276 0.125648 0.45 0.125648 0.460345 0.130829 0.467241 0.13342 0.467241 0.134715 0.468966 0.151554 0.468966 0.15285 0.467241 0.154145 0.468966 0.163212 0.468966 0.164508 0.47069 0.176166 0.47069 0.178756 0.467241 0.180052 0.467241 0.182642 0.463793 0.183938 0.463793 0.183938 0.462069 0.185233 0.460345 0.185233 0.456897 0.186528 0.455172 0.186528 0.45 0.185233 0.448276 0.185233 0.444828 0.183938 0.443103 0.182642 0.443103 0.180052 0.439655 0.178756 0.439655 0.177461 0.437931 0.17487 0.437931 0.173575 0.436207 0.169689 0.436207 0.168394 0.434483 0.15544 0.434483 0.154145 0.432759 0.15544 0.431034 0.15544 0.42931 0.156736 0.427586 0.156736 0.425862 0.158031 0.424138 0.158031 0.422414 0.156736 0.422414 0.15544 0.424138 0.15285 0.424138 0.151554 0.425862 0.147668 0.425862 0.146373 0.427586 0.139896 0.427586 0.138601 0.42931 0.132124 0.42931 0.130829 0.431034 0.121762 0.418966
1 0.088083 0.418966 0.086788 0.42069 0.084197 0.42069 0.082902 0.422414 0.067358 0.422414 0.066062 0.424138 0.064767 0.424138 0.063472 0.425862 0.062176 0.425862 0.060881 0.427586 0.059585 0.427586 0.05829 0.42931 0.056995 0.42931 0.055699 0.431034 0.054404 0.431034 0.053109 0.432759 0.051813 0.432759 0.050518 0.434483 0.047927 0.434483 0.046632 0.436207 0.045337 0.436207 0.044041 0.437931 0.042746 0.437931 0.041451 0.439655 0.040155 0.439655 0.037565 0.443103 0.037565 0.444828 0.033679 0.45 0.029793 0.45 0.028497 0.451724 0.025907 0.451724 0.024611 0.453448 0.020725 0.453448 0.01943 0.455172 0.016839 0.451724 0.015544 0.451724 0.014249 0.45 0.023316 0.437931 0.028497 0.437931 0.029793 0.436207 0.033679 0.436207 0.036269 0.432759 0.027202 0.432759 0.025907 0.431034 0.020725 0.431034 0.01943 0.42931 0.011658 0.42931 0.010363 0.431034 0.007772 0.431034 0.006477 0.432759 0.005181 0.432759 0.003886 0.434483 0.001295 0.434483 0.0 0.436207 0.0 0.477586 0.006477 0.477586 0.007772 0.475862 0.014249 0.475862 0.015544 0.474138 0.022021 0.474138 0.023316 0.472414 0.032383 0.472414 0.033679 0.474138 0.069948 0.474138 0.071244 0.472414 0.073834 0.472414 0.07513 0.47069 0.076425 0.47069 0.07772 0.468966 0.080311 0.468966 0.081606 0.467241 0.082902 0.467241 0.084197 0.465517 0.088083 0.465517 0.089378 0.463793 0.093264 0.463793 0.09715 0.458621 0.098446 0.458621 0.102332 0.453448 0.102332 0.451724 0.103627 0.45 0.103627 0.448276 0.102332 0.446552 0.101036 0.446552 0.09715 0.441379 0.09715 0.439655 0.095855 0.437931 0.095855 0.436207 0.093264 0.432759 0.093264 0.431034 0.091969 0.42931 0.091969 0.427586 0.090674 0.425862 0.090674 0.422414 0.089378 0.42069 0.089378 0.418966
1 0.268135 0.368966 0.266839 0.37069 0.259067 0.37069 0.257772 0.372414 0.25 0.372414 0.25 0.375862 0.248705 0.377586 0.248705 0.381034 0.25 0.37931 0.253886 0.37931 0.255181 0.377586 0.260363 0.377586 0.261658 0.375862 0.273316 0.375862
1 0.717617 0.363793 0.717617 0.365517 0.716321 0.367241 0.716321 0.368966 0.715026 0.37069 0.716321 0.372414 0.716321 0.374138 0.717617 0.375862 0.717617 0.377586 0.718912 0.37931 0.718912 0.381034 0.721503 0.384483 0.721503 0.386207 0.722798 0.387931 0.722798 0.389655 0.724093 0.391379 0.724093 0.393103 0.726684 0.396552 0.726684 0.398276 0.727979 0.4 0.727979 0.401724 0.729275 0.403448 0.729275 0.405172 0.73057 0.406897 0.73057 0.408621 0.731865 0.410345 0.731865 0.412069 0.733161 0.413793 0.733161 0.415517 0.734456 0.417241 0.734456 0.418966 0.735751 0.42069 0.735751 0.422414 0.737047 0.424138 0.737047 0.425862 0.738342 0.427586 0.738342 0.42931 0.739637 0.431034 0.740933 0.431034 0.742228 0.42931 0.744819 0.42931 0.746114 0.427586 0.748705 0.427586 0.75 0.425862 0.75 0.424138 0.751295 0.422414 0.751295 0.42069 0.752591 0.418966 0.752591 0.417241 0.748705 0.412069 0.748705 0.410345 0.742228 0.401724 0.742228 0.4 0.737047 0.393103 0.737047 0.391379 0.735751 0.389655 0.735751 0.387931 0.734456 0.386207 0.734456 0.384483 0.733161 0.382759 0.733161 0.381034 0.731865 0.37931 0.731865 0.377586 0.73057 0.375862 0.73057 0.374138 0.729275 0.372414 0.729275 0.37069 0.727979 0.368966 0.727979 0.367241 0.726684 0.365517 0.722798 0.365517 0.721503 0.363793
1 0.571244 0.339655 0.567358 0.344828 0.566062 0.344828 0.564767 0.346552 0.564767 0.348276 0.566062 0.35 0.566062 0.353448 0.567358 0.355172 0.567358 0.356897 0.569948 0.360345 0.569948 0.362069 0.571244 0.363793 0.573834 0.363793 0.57513 0.365517 0.576425 0.365517 0.57772 0.367241 0.584197 0.367241 0.585492 0.368966 0.591969 0.368966 0.593264 0.37069 0.593264 0.368966 0.591969 0.367241 0.591969 0.365517 0.590674 0.363793 0.591969 0.362069 0.612694 0.362069 0.61399 0.363793 0.615285 0.362069 0.628238 0.362069 0.628238 0.353448 0.610104 0.353448 0.608808 0.351724 0.591969 0.351724 0.590674 0.35 0.589378 0.35 0.586788 0.346552 0.585492 0.346552 0.582902 0.343103 0.57772 0.343103 0.576425 0.341379 0.572539 0.341379
1 0.599741 0.301724 0.598446 0.303448 0.59715 0.303448 0.595855 0.305172 0.57772 0.305172 0.576425 0.306897 0.550518 0.306897 0.549223 0.308621 0.546632 0.308621 0.545337 0.310345 0.541451 0.310345 0.541451 0.312069 0.540155 0.313793 0.540155 0.317241 0.53886 0.318966 0.53886 0.32069 0.537565 0.322414 0.537565 0.327586 0.53886 0.32931 0.53886 0.334483 0.541451 0.334483 0.542746 0.336207 0.544041 0.334483 0.544041 0.332759 0.546632 0.32931 0.549223 0.32931 0.550518 0.331034 0.551813 0.331034 0.553109 0.332759 0.554404 0.331034 0.55829 0.331034 0.560881 0.327586 0.562176 0.327586 0.563472 0.325862 0.589378 0.325862 0.590674 0.324138 0.591969 0.324138 0.593264 0.322414 0.595855 0.322414 0.59715 0.32069 0.603627 0.32069 0.604922 0.318966 0.612694 0.318966 0.61399 0.317241 0.625648 0.317241 0.620466 0.310345 0.610104 0.310345 0.608808 0.308621 0.607513 0.308621 0.606218 0.306897 0.604922 0.306897 0.602332 0.303448 0.601036 0.303448
1 0.84715 0.3 0.845855 0.301724 0.843264 0.301724 0.843264 0.303448 0.84456 0.305172 0.84456 0.306897 0.845855 0.308621 0.845855 0.312069 0.84715 0.313793 0.84715 0.315517 0.848446 0.317241 0.848446 0.32069 0.849741 0.322414 0.849741 0.324138 0.851036 0.325862 0.851036 0.327586 0.852332 0.32931 0.852332 0.331034 0.854922 0.334483 0.854922 0.336207 0.856218 0.337931 0.856218 0.339655 0.858808 0.343103 0.858808 0.344828 0.860104 0.346552 0.860104 0.348276 0.861399 0.35 0.861399 0.353448 0.862694 0.355172 0.862694 0.356897 0.86399 0.358621 0.86399 0.362069 0.865285 0.363793 0.865285 0.365517 0.86399 0.367241 0.860104 0.367241 0.858808 0.368966 0.854922 0.368966 0.853627 0.37069 0.84456 0.37069 0.843264 0.372414 0.834197 0.372414 0.832902 0.374138 0.826425 0.374138 0.82513 0.375862 0.818653 0.375862 0.818653 0.384483 0.817358 0.386207 0.817358 0.393103 0.818653 0.391379 0.821244 0.391379 0.822539 0.389655 0.826425 0.389655 0.82772 0.387931 0.830311 0.387931 0.831606 0.386207 0.834197 0.386207 0.835492 0.384483 0.838083 0.384483 0.839378 0.382759 0.843264 0.382759 0.84456 0.381034 0.856218 0.381034 0.857513 0.382759 0.86658 0.382759 0.867876 0.384483 0.870466 0.384483 0.871762 0.386207 0.874352 0.386207 0.875648 0.387931 0.878238 0.387931 0.879534 0.389655 0.882124 0.389655 0.88342 0.391379 0.88342 0.389655 0.884715 0.387931 0.884715 0.386207 0.88601 0.384483 0.88601 0.382759 0.887306 0.381034 0.887306 0.37931 0.88601 0.37931 0.884715 0.377586 0.882124 0.377586 0.880829 0.375862 0.879534 0.375862 0.878238 0.374138 0.876943 0.374138 0.875648 0.372414 0.875648 0.348276 0.876943 0.346552 0.876943 0.334483 0.875648 0.336207 0.873057 0.336207 0.871762 0.337931 0.869171 0.337931 0.869171 0.344828 0.867876 0.346552 0.86658 0.346552 0.865285 0.344828 0.865285 0.341379 0.86399 0.339655 0.86399 0.337931 0.862694 0.336207 0.862694 0.332759 0.861399 0.331034 0.861399 0.32931 0.860104 0.327586 0.860104 0.325862 0.858808 0.324138 0.858808 0.322414 0.856218 0.318966 0.856218 0.317241 0.853627 0.313793 0.853627 0.312069 0.851036 0.308621 0.851036 0.306897 0.848446 0.303448 0.848446 0.301724
1 0.673575 0.291379 0.67228 0.293103 0.663212 0.293103 0.663212 0.298276 0.661917 0.3 0.661917 0.303448 0.667098 0.303448 0.668394 0.305172 0.673575 0.305172 0.67487 0.306897 0.678756 0.306897 0.680052 0.308621 0.685233 0.308621 0.686528 0.310345 0.69171 0.310345 0.693005 0.312069 0.690415 0.315517 0.689119 0.315517 0.686528 0.318966 0.685233 0.318966 0.682642 0.322414 0.681347 0.322414 0.681347 0.325862 0.682642 0.327586 0.682642 0.331034 0.686528 0.331034 0.687824 0.332759 0.694301 0.324138 0.695596 0.324138 0.700777 0.317241 0.71114 0.317241 0.712435 0.315517 0.73057 0.315517 0.73057 0.310345 0.71114 0.310345 0.709845 0.308621 0.708549 0.308621 0.707254 0.306897 0.705959 0.306897 0.704663 0.305172 0.702073 0.305172 0.700777 0.303448 0.699482 0.303448 0.698187 0.301724 0.696891 0.301724 0.695596 0.3 0.693005 0.3 0.69171 0.298276 0.687824 0.298276 0.686528 0.296552 0.683938 0.296552 0.682642 0.294828 0.678756 0.294828 0.677461 0.293103 0.67487 0.293103
1 0.819948 0.289655 0.818653 0.291379 0.817358 0.291379 0.816062 0.293103 0.814767 0.293103 0.813472 0.294828 0.812176 0.294828 0.809585 0.298276 0.80829 0.298276 0.806995 0.3 0.805699 0.3 0.804404 0.301724 0.803109 0.301724 0.801813 0.303448 0.800518 0.303448 0.800518 0.327586 0.805699 0.327586 0.805699 0.308621 0.80829 0.305172 0.809585 0.305172 0.812176 0.301724 0.813472 0.301724 0.816062 0.298276 0.817358 0.298276 0.819948 0.294828 0.821244 0.294828 0.821244 0.293103 0.819948 0.291379
1 0.274611 0.284483 0.273316 0.286207 0.273316 0.287931 0.272021 0.289655 0.272021 0.291379 0.270725 0.293103 0.264249 0.293103 0.262953 0.294828 0.257772 0.294828 0.256477 0.296552 0.25 0.296552 0.248705 0.298276 0.244819 0.293103 0.243523 0.293103 0.240933 0.289655 0.231865 0.289655 0.23057 0.287931 0.220207 0.287931 0.220207 0.289655 0.217617 0.293103 0.217617 0.294828 0.216321 0.296552 0.216321 0.298276 0.213731 0.301724 0.212435 0.3 0.182642 0.3 0.181347 0.301724 0.145078 0.301724 0.143782 0.3 0.13342 0.3 0.132124 0.298276 0.121762 0.298276 0.120466 0.296552 0.119171 0.296552 0.117876 0.294828 0.069948 0.294828 0.068653 0.296552 0.063472 0.296552 0.062176 0.298276 0.060881 0.298276 0.059585 0.3 0.056995 0.3 0.055699 0.301724 0.054404 0.301724 0.053109 0.303448 0.051813 0.303448 0.050518 0.305172 0.049223 0.303448 0.033679 0.303448 0.032383 0.305172 0.028497 0.305172 0.027202 0.306897 0.024611 0.306897 0.023316 0.308621 0.022021 0.306897 0.020725 0.306897 0.01943 0.305172 0.018135 0.305172 0.016839 0.303448 0.012953 0.303448 0.011658 0.305172 0.009067 0.305172 0.007772 0.306897 0.005181 0.306897 0.003886 0.308621 0.001295 0.308621 0.0 0.310345 0.0 0.343103 0.014249 0.343103 0.015544 0.341379 0.018135 0.341379 0.01943 0.339655 0.022021 0.339655 0.023316 0.337931 0.025907 0.337931 0.027202 0.336207 0.029793 0.336207 0.031088 0.334483 0.032383 0.336207 0.037565 0.336207 0.03886 0.337931 0.046632 0.337931 0.047927 0.336207 0.049223 0.336207 0.050518 0.334483 0.051813 0.334483 0.053109 0.332759 0.054404 0.332759 0.054404 0.331034 0.055699 0.32931 0.055699 0.327586 0.056995 0.325862 0.056995 0.324138 0.05829 0.322414 0.05829 0.32069 0.059585 0.318966 0.062176 0.318966 0.063472 0.317241 0.064767 0.317241 0.066062 0.315517 0.090674 0.315517 0.091969 0.317241 0.093264 0.317241 0.095855 0.32069 0.09715 0.32069 0.099741 0.324138 0.101036 0.324138 0.102332 0.325862 0.103627 0.325862 0.106218 0.32931 0.107513 0.32931 0.108808 0.331034 0.108808 0.32069 0.110104 0.318966 0.112694 0.318966 0.11399 0.317241 0.11658 0.317241 0.117876 0.315517 0.119171 0.315517 0.120466 0.313793 0.123057 0.313793 0.124352 0.312069 0.125648 0.313793 0.130829 0.313793 0.132124 0.315517 0.132124 0.317241 0.13342 0.318966 0.13342 0.32069 0.134715 0.322414 0.134715 0.324138 0.13601 0.325862 0.13601 0.327586 0.137306 0.32931 0.159326 0.32931 0.160622 0.327586 0.165803 0.327586 0.167098 0.325862 0.173575 0.325862 0.17487 0.324138 0.180052 0.324138 0.181347 0.322414 0.183938 0.322414 0.185233 0.32069 0.186528 0.32069 0.187824 0.318966 0.190415 0.318966 0.19171 0.317241 0.194301 0.317241 0.195596 0.315517 0.198187 0.315517 0.199482 0.313793 0.200777 0.313793 0.202073 0.312069 0.204663 0.312069 0.205959 0.310345 0.213731 0.310345 0.215026 0.308621 0.221503 0.308621 0.222798 0.306897 0.224093 0.308621 0.225389 0.308621 0.226684 0.310345 0.227979 0.310345 0.229275 0.312069 0.231865 0.312069 0.233161 0.313793 0.234456 0.313793 0.235751 0.315517 0.237047 0.315517 0.238342 0.317241 0.240933 0.317241 0.242228 0.318966 0.244819 0.318966 0.246114 0.32069 0.248705 0.32069 0.25 0.322414 0.252591 0.322414 0.253886 0.324138 0.274611 0.324138 0.275907 0.325862 0.275907 0.332759 0.277202 0.334483 0.277202 0.341379 0.278497 0.341379 0.279793 0.343103 0.281088 0.343103 0.282383 0.344828 0.283679 0.344828 0.286269 0.348276 0.287565 0.348276 0.28886 0.35 0.290155 0.35 0.291451 0.351724 0.292746 0.351724 0.294041 0.353448 0.297927 0.353448 0.299223 0.351724 0.300518 0.351724 0.299223 0.351724 0.297927 0.35 0.296632 0.35 0.295337 0.348276 0.294041 0.348276 0.292746 0.346552 0.291451 0.346552 0.281088 0.332759 0.282383 0.331034 0.286269 0.331034 0.287565 0.32931 0.292746 0.32931 0.294041 0.327586 0.297927 0.327586 0.297927 0.322414 0.287565 0.322414 0.286269 0.324138 0.284974 0.322414 0.281088 0.322414 0.279793 0.32069 0.274611 0.32069 0.273316 0.318966 0.26943 0.318966 0.268135 0.317241 0.262953 0.317241 0.261658 0.315517 0.256477 0.315517 0.255181 0.313793 0.248705 0.313793 0.247409 0.312069 0.242228 0.312069 0.240933 0.310345 0.242228 0.308621 0.244819 0.308621 0.246114 0.306897 0.248705 0.306897 0.25 0.305172 0.252591 0.305172 0.253886 0.303448 0.255181 0.303448 0.256477 0.301724 0.259067 0.301724 0.260363 0.3 0.262953 0.3 0.264249 0.298276 0.266839 0.298276 0.268135 0.296552 0.283679 0.296552 0.284974 0.294828 0.286269 0.296552 0.294041 0.296552 0.295337 0.298276 0.304404 0.298276 0.305699 0.3 0.305699 0.312069 0.309585 0.312069 0.309585 0.310345 0.310881 0.308621 0.310881 0.305172 0.312176 0.303448 0.312176 0.301724 0.313472 0.3 0.313472 0.298276 0.314767 0.296552 0.316062 0.296552 0.318653 0.293103 0.319948 0.293103 0.321244 0.291379 0.321244 0.289655 0.322539 0.287931 0.322539 0.286207 0.323834 0.284483 0.319948 0.284483 0.318653 0.286207 0.314767 0.286207 0.313472 0.287931 0.304404 0.287931 0.303109 0.286207 0.296632 0.286207 0.295337 0.284483
1 0.406736 0.282759 0.406736 0.284483 0.40544 0.286207 0.40544 0.287931 0.404145 0.289655 0.406736 0.289655 0.408031 0.291379 0.411917 0.291379 0.413212 0.293103 0.415803 0.293103 0.417098 0.294828 0.419689 0.294828 0.420984 0.296552 0.42487 0.296552 0.426166 0.298276 0.428756 0.298276 0.431347 0.301724 0.432642 0.301724 0.436528 0.306897 0.435233 0.308621 0.428756 0.308621 0.427461 0.310345 0.420984 0.310345 0.420984 0.313793 0.418394 0.317241 0.400259 0.317241 0.400259 0.327586 0.427461 0.327586 0.428756 0.325862 0.432642 0.325862 0.433938 0.324138 0.435233 0.324138 0.436528 0.325862 0.433938 0.32931 0.432642 0.32931 0.431347 0.331034 0.430052 0.331034 0.428756 0.332759 0.427461 0.332759 0.426166 0.334483 0.42487 0.334483 0.423575 0.336207 0.42228 0.336207 0.417098 0.343103 0.419689 0.346552 0.42228 0.346552 0.423575 0.348276 0.426166 0.348276 0.427461 0.35 0.435233 0.339655 0.443005 0.339655 0.444301 0.341379 0.450777 0.341379 0.453368 0.344828 0.453368 0.346552 0.454663 0.348276 0.454663 0.35 0.483161 0.35 0.484456 0.351724 0.487047 0.351724 0.488342 0.353448 0.489637 0.353448 0.490933 0.355172 0.493523 0.355172 0.494819 0.356897 0.496114 0.356897 0.497409 0.358621 0.498705 0.356897 0.510363 0.356897 0.510363 0.353448 0.509067 0.351724 0.509067 0.348276 0.514249 0.341379 0.514249 0.339655 0.520725 0.331034 0.520725 0.324138 0.518135 0.327586 0.516839 0.327586 0.512953 0.332759 0.511658 0.332759 0.509067 0.336207 0.507772 0.336207 0.503886 0.341379 0.502591 0.341379 0.501295 0.343103 0.497409 0.337931 0.494819 0.337931 0.493523 0.336207 0.492228 0.336207 0.490933 0.334483 0.489637 0.336207 0.476684 0.336207 0.474093 0.332759 0.474093 0.331034 0.472798 0.32931 0.474093 0.327586 0.475389 0.327586 0.476684 0.325862 0.477979 0.325862 0.479275 0.324138 0.48057 0.324138 0.481865 0.322414 0.483161 0.322414 0.483161 0.32069 0.484456 0.318966 0.484456 0.317241 0.485751 0.315517 0.484456 0.317241 0.468912 0.317241 0.463731 0.310345 0.454663 0.310345 0.453368 0.308621 0.444301 0.308621 0.439119 0.301724 0.440415 0.3 0.440415 0.298276 0.443005 0.294828 0.439119 0.294828 0.437824 0.293103 0.433938 0.293103 0.432642 0.291379 0.428756 0.291379 0.427461 0.289655 0.423575 0.289655 0.42228 0.287931 0.418394 0.287931 0.417098 0.286207 0.413212 0.286207 0.411917 0.284483 0.408031 0.284483
1 0.739637 0.277586 0.738342 0.27931 0.738342 0.281034 0.735751 0.284483 0.735751 0.286207 0.733161 0.289655 0.733161 0.291379 0.73057 0.294828 0.73057 0.296552 0.729275 0.298276 0.73057 0.298276 0.733161 0.301724 0.734456 0.3 0.734456 0.298276 0.738342 0.293103 0.738342 0.291379 0.740933 0.287931 0.740933 0.284483 0.739637 0.282759
1 0.36658 0.277586 0.36658 0.281034 0.365285 0.282759 0.365285 0.284483 0.367876 0.287931 0.369171 0.287931 0.373057 0.293103 0.373057 0.3 0.370466 0.303448 0.370466 0.305172 0.365285 0.312069 0.365285 0.313793 0.362694 0.317241 0.36399 0.317241 0.365285 0.318966 0.36658 0.318966 0.369171 0.322414 0.370466 0.322414 0.371762 0.324138 0.374352 0.32069 0.375648 0.32069 0.378238 0.317241 0.379534 0.317241 0.382124 0.313793 0.38342 0.313793 0.388601 0.306897 0.388601 0.305172 0.393782 0.298276 0.393782 0.296552 0.395078 0.294828 0.395078 0.293103 0.396373 0.291379 0.38601 0.291379 0.384715 0.289655 0.38342 0.289655 0.382124 0.287931 0.380829 0.287931 0.379534 0.286207 0.378238 0.286207 0.376943 0.284483 0.375648 0.284483 0.374352 0.282759 0.373057 0.282759 0.371762 0.281034 0.370466 0.281034 0.369171 0.27931 0.367876 0.27931
1 0.990933 0.260345 0.989637 0.262069 0.985751 0.262069 0.984456 0.263793 0.974093 0.263793 0.971503 0.267241 0.971503 0.268966 0.967617 0.274138 0.966321 0.274138 0.965026 0.275862 0.963731 0.275862 0.962435 0.277586 0.959845 0.277586 0.958549 0.27931 0.957254 0.27931 0.955959 0.281034 0.940415 0.281034 0.939119 0.282759 0.937824 0.282759 0.935233 0.286207 0.933938 0.286207 0.933938 0.287931 0.932642 0.289655 0.939119 0.289655 0.940415 0.291379 0.94171 0.289655 0.946891 0.289655 0.948187 0.287931 0.952073 0.287931 0.953368 0.286207 0.957254 0.286207 0.959845 0.289655 0.959845 0.293103 0.965026 0.293103 0.966321 0.294828 0.970207 0.289655 0.970207 0.287931 0.971503 0.286207 0.972798 0.287931 0.972798 0.291379 0.971503 0.293103 0.971503 0.298276 0.970207 0.3 0.958549 0.3 0.958549 0.301724 0.957254 0.303448 0.965026 0.303448 0.966321 0.305172 0.977979 0.305172 0.979275 0.303448 0.98057 0.303448 0.983161 0.3 0.984456 0.3 0.984456 0.294828 0.985751 0.293103 0.985751 0.284483 0.987047 0.282759 0.987047 0.277586 0.988342 0.275862 0.988342 0.274138 0.990933 0.27069 0.990933 0.268966 0.992228 0.267241 0.992228 0.265517 0.990933 0.263793
1 0.567358 0.256897 0.566062 0.258621 0.564767 0.258621 0.563472 0.260345 0.562176 0.260345 0.569948 0.27069 0.571244 0.27069 0.580311 0.282759 0.580311 0.284483 0.579016 0.286207 0.579016 0.289655 0.580311 0.291379 0.580311 0.293103 0.581606 0.291379 0.582902 0.291379 0.585492 0.287931 0.586788 0.287931 0.588083 0.286207 0.589378 0.286207 0.591969 0.282759 0.591969 0.281034 0.590674 0.27931 0.590674 0.275862 0.582902 0.265517 0.581606 0.265517 0.57772 0.260345 0.573834 0.260345 0.572539 0.258621 0.568653 0.258621
1 0.892487 0.255172 0.892487 0.256897 0.893782 0.258621 0.893782 0.260345 0.895078 0.262069 0.895078 0.263793 0.896373 0.265517 0.896373 0.268966 0.897668 0.27069 0.897668 0.272414 0.898964 0.274138 0.898964 0.275862 0.900259 0.277586 0.901554 0.277586 0.90544 0.282759 0.906736 0.282759 0.911917 0.289655 0.913212 0.289655 0.915803 0.293103 0.918394 0.289655 0.919689 0.289655 0.914508 0.282759 0.913212 0.282759 0.908031 0.275862 0.906736 0.275862 0.90285 0.27069 0.90285 0.268966 0.901554 0.267241 0.901554 0.265517 0.900259 0.263793 0.900259 0.262069 0.898964 0.260345 0.898964 0.258621 0.897668 0.256897 0.897668 0.255172
1 0.773316 0.253448 0.773316 0.268966 0.772021 0.27069 0.772021 0.277586 0.773316 0.27931 0.773316 0.284483 0.774611 0.284483 0.775907 0.286207 0.775907 0.267241 0.777202 0.265517 0.777202 0.255172 0.774611 0.255172
1 0.830311 0.25 0.829016 0.251724 0.826425 0.251724 0.82772 0.253448 0.82772 0.255172 0.829016 0.256897 0.829016 0.258621 0.830311 0.260345 0.830311 0.262069 0.832902 0.265517 0.832902 0.267241 0.834197 0.268966 0.834197 0.27069 0.835492 0.272414 0.835492 0.274138 0.836788 0.275862 0.836788 0.284483 0.835492 0.286207 0.835492 0.293103 0.836788 0.291379 0.839378 0.291379 0.839378 0.282759 0.840674 0.281034 0.840674 0.274138 0.839378 0.272414 0.839378 0.27069 0.838083 0.268966 0.838083 0.267241 0.836788 0.265517 0.836788 0.263793 0.834197 0.260345 0.834197 0.258621 0.832902 0.256897 0.832902 0.255172 0.831606 0.253448 0.831606 0.251724
1 0.607513 0.243103 0.606218 0.244828 0.601036 0.244828 0.601036 0.251724 0.602332 0.253448 0.602332 0.262069 0.603627 0.263793 0.603627 0.268966 0.604922 0.27069 0.604922 0.274138 0.606218 0.275862 0.606218 0.27931 0.607513 0.281034 0.607513 0.284483 0.608808 0.286207 0.608808 0.287931 0.611399 0.291379 0.611399 0.293103 0.612694 0.294828 0.61399 0.293103 0.61399 0.291379 0.615285 0.289655 0.615285 0.287931 0.61658 0.286207 0.61658 0.267241 0.61399 0.263793 0.61399 0.262069 0.611399 0.258621 0.611399 0.256897 0.610104 0.255172 0.610104 0.251724 0.608808 0.25 0.608808 0.246552 0.607513 0.244828
1 0.541451 0.239655 0.540155 0.241379 0.531088 0.241379 0.529793 0.243103 0.522021 0.243103 0.520725 0.244828 0.511658 0.244828 0.511658 0.255172 0.512953 0.253448 0.518135 0.253448 0.51943 0.251724 0.523316 0.251724 0.524611 0.25 0.529793 0.25 0.531088 0.248276 0.534974 0.248276 0.536269 0.246552 0.541451 0.246552
1 0.976684 0.212069 0.975389 0.213793 0.974093 0.213793 0.974093 0.215517 0.975389 0.217241 0.975389 0.218966 0.976684 0.22069 0.976684 0.222414 0.977979 0.224138 0.977979 0.225862 0.979275 0.227586 0.979275 0.22931 0.98057 0.231034 0.98057 0.232759 0.981865 0.234483 0.981865 0.236207 0.983161 0.237931 0.983161 0.239655 0.988342 0.239655 0.987047 0.237931 0.987047 0.236207 0.985751 0.234483 0.985751 0.232759 0.984456 0.231034 0.984456 0.22931 0.981865 0.225862 0.981865 0.224138 0.98057 0.222414 0.98057 0.22069 0.979275 0.218966 0.979275 0.217241 0.977979 0.215517 0.977979 0.213793
1 0.186528 0.196552 0.183938 0.2 0.182642 0.2 0.180052 0.203448 0.178756 0.203448 0.177461 0.205172 0.173575 0.205172 0.17228 0.206897 0.168394 0.206897 0.167098 0.208621 0.158031 0.208621 0.156736 0.210345 0.15544 0.210345 0.154145 0.212069 0.15285 0.212069 0.151554 0.213793 0.150259 0.213793 0.148964 0.215517 0.141192 0.215517 0.139896 0.213793 0.130829 0.213793 0.129534 0.212069 0.123057 0.212069 0.120466 0.215517 0.119171 0.215517 0.11658 0.218966 0.115285 0.218966 0.112694 0.222414 0.111399 0.222414 0.110104 0.224138 0.108808 0.224138 0.107513 0.225862 0.106218 0.225862 0.104922 0.227586 0.103627 0.227586 0.101036 0.231034 0.099741 0.231034 0.098446 0.232759 0.09715 0.232759 0.095855 0.234483 0.09456 0.234483 0.093264 0.236207 0.089378 0.236207 0.088083 0.237931 0.084197 0.237931 0.082902 0.239655 0.080311 0.236207 0.080311 0.234483 0.079016 0.232759 0.079016 0.231034 0.060881 0.231034 0.059585 0.232759 0.054404 0.232759 0.053109 0.234483 0.051813 0.232759 0.045337 0.232759 0.044041 0.231034 0.03886 0.231034 0.037565 0.22931 0.024611 0.22931 0.023316 0.231034 0.018135 0.231034 0.012953 0.237931 0.012953 0.239655 0.006477 0.248276 0.006477 0.25 0.002591 0.255172 0.002591 0.256897 0.0 0.260345 0.0 0.281034 0.001295 0.282759 0.003886 0.282759 0.005181 0.284483 0.006477 0.284483 0.007772 0.286207 0.023316 0.286207 0.024611 0.284483 0.025907 0.286207 0.064767 0.286207 0.066062 0.284483 0.073834 0.284483 0.07513 0.282759 0.081606 0.282759 0.082902 0.281034 0.088083 0.281034 0.088083 0.272414 0.089378 0.27069 0.101036 0.27069 0.107513 0.262069 0.108808 0.262069 0.115285 0.253448 0.115285 0.246552 0.11399 0.244828 0.11399 0.239655 0.115285 0.237931 0.121762 0.237931 0.123057 0.236207 0.128238 0.236207 0.129534 0.234483 0.146373 0.234483 0.148964 0.231034 0.150259 0.231034 0.15285 0.227586 0.154145 0.227586 0.15544 0.225862 0.156736 0.227586 0.156736 0.232759 0.158031 0.234483 0.158031 0.243103 0.159326 0.244828 0.159326 0.253448 0.160622 0.255172 0.160622 0.260345 0.159326 0.262069 0.159326 0.267241 0.158031 0.268966 0.158031 0.274138 0.156736 0.275862 0.156736 0.281034 0.15544 0.282759 0.159326 0.282759 0.160622 0.281034 0.161917 0.281034 0.168394 0.272414 0.168394 0.27069 0.17228 0.265517 0.17228 0.263793 0.173575 0.262069 0.173575 0.260345 0.17487 0.258621 0.17487 0.256897 0.176166 0.255172 0.176166 0.253448 0.180052 0.248276 0.181347 0.248276 0.185233 0.243103 0.183938 0.241379 0.183938 0.239655 0.182642 0.237931 0.182642 0.236207 0.181347 0.234483 0.181347 0.232759 0.180052 0.231034 0.182642 0.227586 0.182642 0.225862 0.186528 0.22069 0.186528 0.218966 0.187824 0.217241 0.187824 0.215517 0.189119 0.213793 0.189119 0.212069 0.190415 0.210345 0.190415 0.208621 0.19171 0.206897 0.19171 0.205172 0.190415 0.203448 0.190415 0.201724 0.187824 0.198276 0.187824 0.196552
1 0.432642 0.182759 0.431347 0.184483 0.426166 0.184483 0.42487 0.186207 0.418394 0.186207 0.418394 0.193103 0.417098 0.194828 0.417098 0.201724 0.420984 0.201724 0.42228 0.203448 0.426166 0.203448 0.428756 0.206897 0.430052 0.206897 0.433938 0.212069 0.435233 0.212069 0.440415 0.218966 0.440415 0.22069 0.44171 0.222414 0.44171 0.224138 0.443005 0.225862 0.443005 0.227586 0.44171 0.22931 0.44171 0.231034 0.440415 0.232759 0.440415 0.236207 0.439119 0.237931 0.439119 0.239655 0.437824 0.241379 0.437824 0.243103 0.436528 0.244828 0.420984 0.244828 0.419689 0.243103 0.417098 0.243103 0.417098 0.246552 0.415803 0.248276 0.413212 0.248276 0.411917 0.25 0.408031 0.25 0.406736 0.251724 0.404145 0.251724 0.40285 0.253448 0.401554 0.253448 0.400259 0.255172 0.397668 0.255172 0.396373 0.256897 0.395078 0.256897 0.393782 0.258621 0.392487 0.258621 0.391192 0.260345 0.388601 0.260345 0.387306 0.262069 0.38601 0.262069 0.38601 0.263793 0.387306 0.265517 0.387306 0.268966 0.388601 0.267241 0.391192 0.267241 0.392487 0.265517 0.395078 0.265517 0.396373 0.263793 0.398964 0.263793 0.400259 0.262069 0.404145 0.262069 0.40544 0.260345 0.408031 0.260345 0.409326 0.258621 0.411917 0.258621 0.413212 0.256897 0.414508 0.256897 0.415803 0.258621 0.415803 0.263793 0.417098 0.263793 0.419689 0.267241 0.419689 0.265517 0.420984 0.263793 0.420984 0.258621 0.42228 0.256897 0.42228 0.255172 0.423575 0.253448 0.427461 0.253448 0.428756 0.251724 0.436528 0.251724 0.437824 0.253448 0.439119 0.253448 0.440415 0.255172 0.44171 0.253448 0.443005 0.253448 0.444301 0.251724 0.446891 0.251724 0.448187 0.25 0.449482 0.25 0.450777 0.248276 0.453368 0.248276 0.454663 0.246552 0.455959 0.246552 0.457254 0.244828 0.459845 0.244828 0.459845 0.234483 0.458549 0.236207 0.453368 0.236207 0.452073 0.237931 0.446891 0.237931 0.445596 0.236207 0.445596 0.234483 0.446891 0.232759 0.446891 0.225862 0.448187 0.224138 0.448187 0.22069 0.446891 0.218966 0.446891 0.217241 0.445596 0.215517 0.445596 0.213793 0.450777 0.206897 0.452073 0.206897 0.455959 0.201724 0.459845 0.201724 0.459845 0.2 0.458549 0.198276 0.458549 0.194828 0.457254 0.193103 0.457254 0.191379 0.453368 0.191379 0.452073 0.189655 0.448187 0.189655 0.446891 0.187931 0.444301 0.187931 0.443005 0.186207 0.439119 0.186207 0.437824 0.184483 0.433938 0.184483
1 0.334197 0.175862 0.332902 0.177586 0.329016 0.177586 0.32772 0.17931 0.323834 0.17931 0.322539 0.181034 0.318653 0.181034 0.317358 0.182759 0.313472 0.182759 0.312176 0.184483 0.30829 0.184483 0.306995 0.186207 0.305699 0.186207 0.304404 0.187931 0.303109 0.187931 0.301813 0.189655 0.299223 0.189655 0.297927 0.191379 0.296632 0.191379 0.295337 0.193103 0.294041 0.193103 0.292746 0.194828 0.291451 0.194828 0.290155 0.196552 0.28886 0.196552 0.287565 0.198276 0.284974 0.198276 0.283679 0.2 0.282383 0.2 0.281088 0.201724 0.251295 0.201724 0.25 0.2 0.244819 0.2 0.243523 0.198276 0.239637 0.198276 0.238342 0.196552 0.233161 0.196552 0.231865 0.194828 0.227979 0.194828 0.226684 0.193103 0.221503 0.193103 0.220207 0.191379 0.216321 0.191379 0.215026 0.189655 0.209845 0.189655 0.208549 0.187931 0.208549 0.194828 0.212435 0.194828 0.213731 0.196552 0.217617 0.196552 0.218912 0.198276 0.222798 0.198276 0.224093 0.2 0.227979 0.2 0.229275 0.201724 0.233161 0.201724 0.234456 0.203448 0.238342 0.203448 0.239637 0.205172 0.235751 0.210345 0.222798 0.210345 0.221503 0.212069 0.215026 0.212069 0.212435 0.215517 0.21114 0.215517 0.205959 0.222414 0.204663 0.222414 0.200777 0.227586 0.199482 0.227586 0.198187 0.22931 0.199482 0.231034 0.199482 0.232759 0.200777 0.234483 0.21114 0.234483 0.212435 0.236207 0.213731 0.234483 0.215026 0.234483 0.216321 0.232759 0.217617 0.232759 0.218912 0.231034 0.221503 0.231034 0.222798 0.22931 0.224093 0.22931 0.225389 0.227586 0.226684 0.227586 0.229275 0.224138 0.23057 0.224138 0.233161 0.22069 0.234456 0.22069 0.237047 0.217241 0.238342 0.217241 0.239637 0.215517 0.256477 0.215517 0.257772 0.213793 0.268135 0.213793 0.26943 0.212069 0.281088 0.212069 0.282383 0.210345 0.284974 0.210345 0.286269 0.208621 0.28886 0.208621 0.290155 0.206897 0.294041 0.206897 0.295337 0.205172 0.297927 0.205172 0.299223 0.203448 0.301813 0.203448 0.303109 0.201724 0.314767 0.201724 0.316062 0.2 0.32513 0.2 0.326425 0.201724 0.322539 0.206897 0.321244 0.206897 0.313472 0.217241 0.312176 0.217241 0.30829 0.222414 0.309585 0.224138 0.309585 0.225862 0.310881 0.227586 0.310881 0.22931 0.312176 0.227586 0.313472 0.227586 0.316062 0.224138 0.317358 0.224138 0.318653 0.222414 0.319948 0.222414 0.321244 0.22069 0.322539 0.22069 0.32513 0.217241 0.326425 0.217241 0.32772 0.215517 0.329016 0.215517 0.330311 0.213793 0.331606 0.213793 0.334197 0.210345 0.335492 0.210345 0.336788 0.208621 0.34456 0.208621 0.345855 0.206897 0.354922 0.206897 0.356218 0.208621 0.357513 0.208621 0.358808 0.210345 0.360104 0.210345 0.361399 0.212069 0.362694 0.212069 0.36399 0.213793 0.36399 0.218966 0.365285 0.22069 0.365285 0.225862 0.36658 0.227586 0.36658 0.22931 0.369171 0.232759 0.369171 0.234483 0.370466 0.236207 0.376943 0.236207 0.376943 0.234483 0.375648 0.232759 0.375648 0.22931 0.374352 0.227586 0.374352 0.224138 0.373057 0.222414 0.373057 0.217241 0.371762 0.215517 0.371762 0.210345 0.373057 0.208621 0.38342 0.208621 0.38601 0.212069 0.387306 0.212069 0.388601 0.213793 0.393782 0.213793 0.393782 0.206897 0.392487 0.205172 0.392487 0.196552 0.391192 0.194828 0.391192 0.191379 0.384715 0.191379 0.38342 0.189655 0.376943 0.189655 0.375648 0.187931 0.369171 0.187931 0.36658 0.184483 0.36658 0.182759 0.365285 0.181034 0.36399 0.182759 0.340674 0.182759 0.338083 0.17931 0.336788 0.17931
1 0.549223 0.174138 0.540155 0.186207 0.540155 0.187931 0.541451 0.189655 0.541451 0.193103 0.542746 0.191379 0.563472 0.191379 0.564767 0.193103 0.567358 0.193103 0.568653 0.194828 0.567358 0.196552 0.567358 0.198276 0.566062 0.2 0.566062 0.201724 0.564767 0.203448 0.564767 0.205172 0.563472 0.206897 0.563472 0.208621 0.562176 0.210345 0.563472 0.210345 0.566062 0.213793 0.567358 0.212069 0.568653 0.212069 0.569948 0.210345 0.572539 0.210345 0.57772 0.203448 0.579016 0.203448 0.582902 0.198276 0.582902 0.191379 0.584197 0.189655 0.584197 0.184483 0.582902 0.182759 0.581606 0.182759 0.579016 0.17931 0.57513 0.17931 0.573834 0.177586 0.568653 0.177586 0.567358 0.175862 0.563472 0.175862 0.562176 0.174138
1 0.976684 0.172414 0.975389 0.174138 0.974093 0.174138 0.972798 0.175862 0.971503 0.175862 0.970207 0.177586 0.968912 0.177586 0.967617 0.17931 0.966321 0.17931 0.965026 0.181034 0.962435 0.181034 0.96114 0.182759 0.959845 0.182759 0.958549 0.184483 0.957254 0.184483 0.955959 0.186207 0.954663 0.186207 0.953368 0.187931 0.950777 0.187931 0.949482 0.189655 0.945596 0.189655 0.944301 0.191379 0.94171 0.191379 0.940415 0.193103 0.937824 0.193103 0.936528 0.194828 0.932642 0.194828 0.931347 0.196552 0.928756 0.196552 0.928756 0.2 0.930052 0.201724 0.930052 0.205172 0.931347 0.203448 0.933938 0.203448 0.935233 0.201724 0.937824 0.201724 0.939119 0.2 0.94171 0.2 0.943005 0.198276 0.944301 0.198276 0.945596 0.196552 0.948187 0.196552 0.949482 0.194828 0.952073 0.194828 0.953368 0.193103 0.955959 0.193103 0.957254 0.191379 0.968912 0.191379 0.970207 0.193103 0.985751 0.193103 0.987047 0.194828 0.984456 0.198276 0.984456 0.2 0.981865 0.203448 0.984456 0.203448 0.985751 0.205172 0.987047 0.203448 0.989637 0.203448 0.990933 0.201724 0.993523 0.201724 0.993523 0.186207 0.98057 0.186207 0.979275 0.184483 0.979275 0.182759 0.977979 0.181034 0.977979 0.177586 0.976684 0.175862
1 0.629534 0.065517 0.629534 0.068966 0.630829 0.07069 0.630829 0.077586 0.632124 0.07931 0.632124 0.086207 0.63342 0.087931 0.63342 0.096552 0.634715 0.098276 0.634715 0.105172 0.63342 0.106897 0.632124 0.105172 0.630829 0.105172 0.624352 0.096552 0.624352 0.098276 0.623057 0.1 0.623057 0.101724 0.630829 0.112069 0.630829 0.113793 0.637306 0.122414 0.637306 0.125862 0.63601 0.127586 0.634715 0.127586 0.632124 0.124138 0.632124 0.127586 0.630829 0.12931 0.630829 0.131034 0.63601 0.137931 0.63601 0.139655 0.639896 0.144828 0.639896 0.160345 0.638601 0.162069 0.638601 0.175862 0.637306 0.177586 0.601036 0.177586 0.601036 0.184483 0.611399 0.184483 0.612694 0.186207 0.623057 0.186207 0.624352 0.187931 0.634715 0.187931 0.63601 0.189655 0.642487 0.189655 0.643782 0.191379 0.650259 0.191379 0.651554 0.193103 0.65285 0.191379 0.676166 0.191379 0.678756 0.194828 0.678756 0.196552 0.680052 0.198276 0.681347 0.196552 0.682642 0.196552 0.683938 0.194828 0.685233 0.194828 0.686528 0.193103 0.687824 0.193103 0.689119 0.191379 0.69171 0.191379 0.693005 0.189655 0.695596 0.189655 0.696891 0.187931 0.699482 0.187931 0.700777 0.186207 0.708549 0.186207 0.709845 0.184483 0.718912 0.184483 0.720207 0.186207 0.722798 0.186207 0.724093 0.187931 0.725389 0.187931 0.726684 0.189655 0.73057 0.189655 0.731865 0.191379 0.735751 0.191379 0.737047 0.193103 0.739637 0.193103 0.740933 0.194828 0.744819 0.194828 0.746114 0.196552 0.747409 0.194828 0.760363 0.194828 0.761658 0.193103 0.764249 0.193103 0.765544 0.191379 0.766839 0.191379 0.768135 0.189655 0.770725 0.189655 0.772021 0.187931 0.774611 0.187931 0.775907 0.186207 0.794041 0.186207 0.795337 0.184483 0.819948 0.184483 0.822539 0.187931 0.822539 0.189655 0.821244 0.191379 0.821244 0.193103 0.819948 0.194828 0.819948 0.196552 0.818653 0.198276 0.826425 0.198276 0.82772 0.2 0.829016 0.198276 0.831606 0.198276 0.832902 0.196552 0.835492 0.196552 0.836788 0.194828 0.839378 0.194828 0.840674 0.193103 0.841969 0.193103 0.843264 0.191379 0.845855 0.191379 0.84715 0.189655 0.849741 0.189655 0.851036 0.187931 0.852332 0.187931 0.853627 0.189655 0.852332 0.191379 0.852332 0.196552 0.851036 0.198276 0.851036 0.201724 0.849741 0.203448 0.849741 0.208621 0.848446 0.210345 0.848446 0.212069 0.851036 0.212069 0.852332 0.213793 0.852332 0.212069 0.853627 0.210345 0.853627 0.208621 0.854922 0.206897 0.854922 0.205172 0.856218 0.203448 0.856218 0.201724 0.857513 0.2 0.861399 0.2 0.862694 0.201724 0.862694 0.206897 0.861399 0.208621 0.861399 0.212069 0.862694 0.212069 0.86399 0.213793 0.86658 0.213793 0.867876 0.215517 0.869171 0.215517 0.870466 0.217241 0.870466 0.215517 0.871762 0.213793 0.871762 0.212069 0.873057 0.210345 0.873057 0.206897 0.874352 0.205172 0.878238 0.210345 0.878238 0.212069 0.879534 0.213793 0.879534 0.215517 0.882124 0.218966 0.882124 0.22069 0.88342 0.222414 0.884715 0.222414 0.88601 0.224138 0.887306 0.224138 0.889896 0.227586 0.891192 0.227586 0.892487 0.22931 0.892487 0.227586 0.891192 0.225862 0.891192 0.22069 0.889896 0.218966 0.889896 0.217241 0.888601 0.215517 0.888601 0.213793 0.887306 0.212069 0.887306 0.210345 0.88601 0.208621 0.88601 0.206897 0.871762 0.187931 0.870466 0.187931 0.86658 0.182759 0.867876 0.181034 0.88342 0.181034 0.884715 0.182759 0.901554 0.182759 0.90285 0.184483 0.90285 0.182759 0.904145 0.181034 0.904145 0.175862 0.90544 0.174138 0.90544 0.172414 0.88601 0.172414 0.884715 0.17069 0.865285 0.17069 0.86399 0.168966 0.86399 0.167241 0.862694 0.165517 0.862694 0.162069 0.861399 0.160345 0.861399 0.155172 0.860104 0.153448 0.860104 0.151724 0.858808 0.151724 0.857513 0.15 0.856218 0.15 0.854922 0.148276 0.853627 0.148276 0.852332 0.146552 0.851036 0.146552 0.849741 0.144828 0.848446 0.144828 0.84715 0.143103 0.839378 0.143103 0.838083 0.144828 0.822539 0.144828 0.821244 0.146552 0.819948 0.146552 0.818653 0.148276 0.816062 0.148276 0.814767 0.15 0.813472 0.15 0.812176 0.151724 0.809585 0.151724 0.80829 0.153448 0.806995 0.153448 0.805699 0.155172 0.803109 0.155172 0.801813 0.156897 0.800518 0.156897 0.799223 0.158621 0.796632 0.158621 0.795337 0.160345 0.792746 0.160345 0.791451 0.162069 0.78886 0.162069 0.787565 0.163793 0.784974 0.163793 0.783679 0.165517 0.781088 0.165517 0.779793 0.167241 0.777202 0.167241 0.775907 0.168966 0.773316 0.168966 0.772021 0.17069 0.76943 0.17069 0.768135 0.172414 0.765544 0.172414 0.761658 0.177586 0.760363 0.177586 0.757772 0.181034 0.756477 0.181034 0.755181 0.182759 0.752591 0.182759 0.751295 0.184483 0.73057 0.184483 0.729275 0.182759 0.729275 0.181034 0.73057 0.17931 0.73057 0.175862 0.731865 0.174138 0.733161 0.174138 0.735751 0.17069 0.737047 0.17069 0.738342 0.168966 0.739637 0.168966 0.740933 0.167241 0.742228 0.167241 0.744819 0.163793 0.746114 0.163793 0.747409 0.162069 0.748705 0.162069 0.747409 0.160345 0.747409 0.158621 0.746114 0.160345 0.744819 0.160345 0.743523 0.162069 0.740933 0.162069 0.739637 0.163793 0.738342 0.163793 0.737047 0.165517 0.735751 0.165517 0.734456 0.167241 0.733161 0.167241 0.731865 0.168966 0.729275 0.168966 0.727979 0.17069 0.726684 0.17069 0.725389 0.168966 0.725389 0.167241 0.718912 0.167241 0.717617 0.168966 0.717617 0.17069 0.716321 0.172414 0.716321 0.174138 0.715026 0.175862 0.698187 0.175862 0.696891 0.174138 0.69171 0.174138 0.690415 0.172414 0.689119 0.172414 0.687824 0.17069 0.685233 0.17069 0.683938 0.168966 0.682642 0.168966 0.681347 0.167241 0.680052 0.167241 0.678756 0.165517 0.676166 0.168966 0.677461 0.168966 0.678756 0.17069 0.680052 0.17069 0.681347 0.172414 0.682642 0.172414 0.683938 0.174138 0.683938 0.17931 0.682642 0.181034 0.682642 0.182759 0.681347 0.184483 0.67487 0.184483 0.673575 0.186207 0.651554 0.186207 0.648964 0.182759 0.647668 0.182759 0.645078 0.17931 0.645078 0.162069 0.643782 0.160345 0.643782 0.137931 0.642487 0.136207 0.642487 0.127586 0.641192 0.125862 0.641192 0.117241 0.642487 0.115517 0.642487 0.108621 0.643782 0.106897 0.643782 0.101724 0.645078 0.1 0.645078 0.096552 0.643782 0.094828 0.643782 0.093103 0.642487 0.094828 0.642487 0.096552 0.639896 0.1 0.638601 0.1 0.637306 0.098276 0.637306 0.091379 0.63601 0.089655 0.63601 0.081034 0.634715 0.07931 0.634715 0.072414 0.63342 0.07069 0.63342 0.067241 0.630829 0.067241
