0 0.667149 0.835907 0.665702 0.837838 0.664255 0.837838 0.662808 0.839768 0.66136 0.839768 0.659913 0.841699 0.658466 0.841699 0.662808 0.84749 0.662808 0.849421 0.667149 0.855212 0.668596 0.853282 0.670043 0.853282 0.672938 0.849421 0.674385 0.849421 0.672938 0.84749 0.672938 0.84556 0.668596 0.839768 0.668596 0.837838
0 0.891462 0.754826 0.890014 0.756757 0.868307 0.756757 0.86686 0.758687 0.856729 0.758687 0.856729 0.795367 0.858177 0.795367 0.859624 0.797297 0.861071 0.797297 0.862518 0.799228 0.863965 0.799228 0.86686 0.803089 0.868307 0.803089 0.869754 0.805019 0.871201 0.805019 0.872648 0.80695 0.874096 0.80695 0.875543 0.80888 0.879884 0.80888 0.881331 0.810811 0.88712 0.810811 0.888567 0.812741 0.892909 0.812741 0.894356 0.814672 0.900145 0.814672 0.901592 0.816602 0.905933 0.816602 0.907381 0.818533 0.926194 0.818533 0.926194 0.812741 0.914616 0.812741 0.913169 0.810811 0.913169 0.803089 0.911722 0.801158 0.911722 0.799228 0.908828 0.795367 0.908828 0.793436 0.905933 0.789575 0.905933 0.787645 0.903039 0.783784 0.903039 0.781853 0.901592 0.779923 0.901592 0.777992 0.900145 0.776062 0.900145 0.774131 0.89725 0.77027 0.89725 0.76834 0.895803 0.766409 0.895803 0.764479 0.894356 0.762548 0.894356 0.760618 0.892909 0.758687 0.892909 0.756757
0 0.946454 0.666023 0.945007 0.667954 0.94356 0.667954 0.940666 0.671815 0.939219 0.671815 0.937771 0.673745 0.936324 0.673745 0.93343 0.677606 0.931983 0.677606 0.940666 0.677606 0.942113 0.679537 0.946454 0.673745 0.947902 0.673745 0.950796 0.669884 0.949349 0.669884
0 0.198263 0.584942 0.196816 0.586873 0.186686 0.586873 0.186686 0.594595 0.206946 0.594595 0.206946 0.584942
0 0.83068 0.542471 0.83068 0.544402 0.832127 0.546332 0.832127 0.548263 0.833575 0.550193 0.833575 0.552124 0.842258 0.552124 0.843705 0.554054 0.850941 0.554054 0.855282 0.559846 0.855282 0.561776 0.856729 0.563707 0.858177 0.561776 0.862518 0.561776 0.862518 0.552124 0.859624 0.552124 0.858177 0.550193 0.856729 0.550193 0.855282 0.548263 0.848046 0.548263 0.846599 0.546332 0.84081 0.546332 0.839363 0.544402 0.832127 0.544402
0 0.723589 0.542471 0.722142 0.544402 0.722142 0.546332 0.719247 0.550193 0.719247 0.552124 0.7178 0.554054 0.722142 0.554054 0.723589 0.555985 0.723589 0.554054 0.725036 0.552124 0.725036 0.550193 0.726483 0.548263 0.726483 0.546332 0.727931 0.544402 0.725036 0.544402
0 0.295224 0.351351 0.293777 0.353282 0.29233 0.353282 0.290883 0.355212 0.289436 0.355212 0.287988 0.357143 0.286541 0.357143 0.286541 0.359073 0.285094 0.361004 0.285094 0.366795 0.283647 0.368726 0.283647 0.374517 0.2822 0.376448 0.2822 0.380309 0.280753 0.382239 0.280753 0.3861 0.279305 0.388031 0.279305 0.391892 0.277858 0.393822 0.277858 0.395753 0.279305 0.393822 0.2822 0.393822 0.2822 0.391892 0.283647 0.389961 0.283647 0.38417 0.285094 0.382239 0.285094 0.376448 0.286541 0.374517 0.286541 0.370656 0.287988 0.368726 0.287988 0.362934 0.289436 0.361004 0.289436 0.359073 0.290883 0.357143 0.29233 0.357143 0.293777 0.355212 0.295224 0.355212
1 0.602026 0.878378 0.600579 0.880309 0.596237 0.880309 0.59479 0.882239 0.578871 0.882239 0.578871 0.888031 0.577424 0.889961 0.577424 0.899614 0.575977 0.901544 0.575977 0.905405 0.580318 0.905405 0.581766 0.907336 0.581766 0.901544 0.583213 0.899614 0.583213 0.893822 0.58466 0.891892 0.596237 0.891892 0.597685 0.893822 0.597685 0.895753 0.596237 0.897683 0.596237 0.903475 0.59479 0.905405 0.59479 0.909266 0.596237 0.907336 0.602026 0.907336 0.603473 0.905405 0.60492 0.905405 0.607815 0.901544 0.609262 0.901544 0.610709 0.899614 0.612156 0.899614 0.60492 0.899614 0.603473 0.897683 0.603473 0.889961 0.602026 0.888031
1 0.224313 0.878378 0.222865 0.880309 0.222865 0.882239 0.218524 0.888031 0.218524 0.889961 0.21563 0.893822 0.217077 0.893822 0.218524 0.895753 0.219971 0.895753 0.221418 0.897683 0.222865 0.895753 0.222865 0.893822 0.224313 0.891892 0.224313 0.889961 0.227207 0.8861 0.227207 0.88417 0.228654 0.882239 0.227207 0.882239
1 0.662808 0.874517 0.662808 0.876448 0.66136 0.878378 0.66136 0.880309 0.659913 0.882239 0.659913 0.88417 0.658466 0.8861 0.658466 0.888031 0.657019 0.889961 0.657019 0.891892 0.655572 0.893822 0.655572 0.895753 0.654124 0.897683 0.654124 0.899614 0.652677 0.901544 0.652677 0.903475 0.65123 0.905405 0.65123 0.907336 0.658466 0.907336 0.658466 0.905405 0.659913 0.903475 0.659913 0.899614 0.66136 0.897683 0.66136 0.893822 0.662808 0.891892 0.662808 0.889961 0.664255 0.888031 0.664255 0.88417 0.665702 0.882239 0.665702 0.878378 0.667149 0.876448 0.667149 0.874517
1 0.400868 0.872587 0.399421 0.874517 0.393632 0.874517 0.392185 0.876448 0.386397 0.876448 0.384949 0.878378 0.379161 0.878378 0.377713 0.880309 0.370478 0.880309 0.36903 0.878378 0.367583 0.878378 0.366136 0.876448 0.364689 0.878378 0.363242 0.878378 0.360347 0.882239 0.3589 0.882239 0.357453 0.88417 0.356006 0.88417 0.354559 0.8861 0.353111 0.8861 0.350217 0.889961 0.34877 0.889961 0.347323 0.891892 0.345876 0.891892 0.347323 0.893822 0.347323 0.895753 0.34877 0.897683 0.363242 0.897683 0.364689 0.899614 0.366136 0.899614 0.36903 0.903475 0.370478 0.903475 0.371925 0.905405 0.373372 0.903475 0.374819 0.903475 0.377713 0.899614 0.379161 0.899614 0.380608 0.897683 0.382055 0.897683 0.383502 0.895753 0.384949 0.895753 0.386397 0.893822 0.387844 0.893822 0.389291 0.891892 0.390738 0.891892 0.392185 0.889961 0.392185 0.888031 0.39508 0.88417 0.39508 0.882239 0.396527 0.880309 0.400868 0.880309 0.402315 0.882239 0.40521 0.878378 0.406657 0.878378 0.408104 0.876448 0.40521 0.876448 0.403763 0.874517 0.402315 0.874517
1 0.445731 0.833977 0.444284 0.835907 0.442836 0.835907 0.441389 0.837838 0.439942 0.837838 0.447178 0.84749 0.447178 0.849421 0.454414 0.859073 0.457308 0.855212 0.458755 0.855212 0.455861 0.851351 0.455861 0.849421 0.448625 0.839768 0.448625 0.837838
1 0.345876 0.824324 0.345876 0.828185 0.347323 0.830116 0.347323 0.833977 0.350217 0.833977 0.351664 0.835907 0.353111 0.835907 0.354559 0.837838 0.357453 0.837838 0.3589 0.839768 0.360347 0.839768 0.361795 0.841699 0.379161 0.841699 0.379161 0.839768 0.377713 0.837838 0.377713 0.835907 0.36903 0.835907 0.367583 0.833977 0.360347 0.833977 0.357453 0.830116 0.356006 0.830116 0.351664 0.824324
1 0.525326 0.801158 0.523878 0.803089 0.520984 0.803089 0.520984 0.805019 0.522431 0.80695 0.522431 0.810811 0.523878 0.812741 0.523878 0.816602 0.525326 0.818533 0.525326 0.822394 0.526773 0.824324 0.526773 0.862934 0.525326 0.864865 0.523878 0.864865 0.522431 0.866795 0.520984 0.866795 0.51809 0.870656 0.516643 0.870656 0.515195 0.872587 0.513748 0.872587 0.512301 0.874517 0.510854 0.874517 0.509407 0.876448 0.507959 0.876448 0.506512 0.878378 0.505065 0.878378 0.502171 0.882239 0.500724 0.882239 0.499276 0.88417 0.497829 0.88417 0.497829 0.8861 0.496382 0.888031 0.496382 0.889961 0.494935 0.891892 0.494935 0.893822 0.493488 0.895753 0.493488 0.897683 0.492041 0.899614 0.492041 0.901544 0.490593 0.903475 0.490593 0.905405 0.489146 0.907336 0.489146 0.909266 0.497829 0.909266 0.499276 0.911197 0.503618 0.905405 0.505065 0.905405 0.510854 0.897683 0.512301 0.897683 0.515195 0.893822 0.544139 0.893822 0.545586 0.895753 0.545586 0.897683 0.544139 0.899614 0.544139 0.909266 0.542692 0.911197 0.542692 0.915058 0.547033 0.915058 0.547033 0.911197 0.54848 0.909266 0.54848 0.903475 0.549928 0.901544 0.549928 0.895753 0.551375 0.893822 0.551375 0.891892 0.549928 0.889961 0.549928 0.888031 0.54848 0.8861 0.545586 0.8861 0.544139 0.88417 0.544139 0.876448 0.542692 0.874517 0.542692 0.866795 0.535456 0.866795 0.534009 0.864865 0.534009 0.855212 0.535456 0.853282 0.53835 0.853282 0.539797 0.851351 0.544139 0.851351 0.545586 0.849421 0.547033 0.849421 0.549928 0.84556 0.551375 0.84556 0.552822 0.843629 0.554269 0.843629 0.555716 0.841699 0.558611 0.841699 0.560058 0.839768 0.561505 0.839768 0.562952 0.841699 0.562952 0.843629 0.561505 0.84556 0.560058 0.84556 0.558611 0.84749 0.555716 0.84749 0.555716 0.851351 0.557164 0.849421 0.567294 0.849421 0.567294 0.835907 0.562952 0.835907 0.561505 0.833977 0.560058 0.835907 0.557164 0.835907 0.555716 0.837838 0.552822 0.837838 0.551375 0.839768 0.54848 0.839768 0.547033 0.841699 0.544139 0.841699 0.542692 0.843629 0.539797 0.843629 0.53835 0.84556 0.536903 0.84556 0.535456 0.843629 0.535456 0.835907 0.534009 0.833977 0.534009 0.822394 0.532562 0.820463 0.532562 0.818533 0.531114 0.816602 0.531114 0.814672 0.529667 0.812741 0.529667 0.810811 0.52822 0.80888 0.52822 0.80695 0.526773 0.805019 0.526773 0.803089
1 0.7178 0.772201 0.716353 0.774131 0.716353 0.776062 0.714906 0.777992 0.714906 0.779923 0.712012 0.783784 0.712012 0.785714 0.709117 0.789575 0.709117 0.791506 0.70767 0.793436 0.70767 0.795367 0.704776 0.799228 0.704776 0.801158 0.703329 0.803089 0.703329 0.80695 0.704776 0.80888 0.704776 0.814672 0.706223 0.816602 0.706223 0.820463 0.70767 0.818533 0.710564 0.818533 0.710564 0.816602 0.709117 0.814672 0.709117 0.80888 0.70767 0.80695 0.70767 0.805019 0.709117 0.803089 0.709117 0.801158 0.712012 0.797297 0.712012 0.795367 0.714906 0.791506 0.714906 0.789575 0.7178 0.785714 0.7178 0.783784 0.720695 0.779923 0.720695 0.777992 0.722142 0.776062 0.720695 0.776062
1 0.328509 0.741313 0.327062 0.743243 0.324168 0.743243 0.322721 0.745174 0.321274 0.745174 0.319826 0.747104 0.316932 0.747104 0.315485 0.749035 0.314038 0.749035 0.31259 0.750965 0.309696 0.750965 0.306802 0.754826 0.305355 0.754826 0.30246 0.758687 0.301013 0.758687 0.298119 0.762548 0.296671 0.762548 0.293777 0.766409 0.29233 0.766409 0.290883 0.76834 0.293777 0.76834 0.295224 0.77027 0.298119 0.766409 0.299566 0.766409 0.305355 0.758687 0.306802 0.758687 0.309696 0.754826 0.31259 0.754826 0.314038 0.752896 0.316932 0.752896 0.318379 0.750965 0.319826 0.750965 0.321274 0.749035 0.324168 0.749035 0.325615 0.747104 0.328509 0.747104 0.329957 0.745174 0.332851 0.745174 0.331404 0.745174
1 0.655572 0.722008 0.654124 0.723938 0.65123 0.723938 0.649783 0.725869 0.646889 0.725869 0.645441 0.727799 0.6411 0.727799 0.639653 0.72973 0.636758 0.72973 0.636758 0.737452 0.638205 0.735521 0.6411 0.735521 0.642547 0.733591 0.643994 0.733591 0.645441 0.73166 0.648336 0.73166 0.649783 0.72973 0.652677 0.72973 0.654124 0.727799 0.655572 0.727799 0.657019 0.725869 0.659913 0.725869 0.658466 0.725869
