0 0.808081 0.759615 0.803752 0.765385 0.805195 0.767308 0.806638 0.767308 0.810967 0.773077 0.81241 0.771154 0.822511 0.771154 0.822511 0.769231 0.821068 0.767308 0.821068 0.763462 0.819625 0.761538 0.819625 0.759615
0 0.344877 0.748077 0.343434 0.75 0.326118 0.75 0.324675 0.751923 0.324675 0.753846 0.321789 0.757692 0.321789 0.759615 0.316017 0.767308 0.314574 0.767308 0.311688 0.771154 0.307359 0.771154 0.305916 0.769231 0.301587 0.769231 0.300144 0.767308 0.297258 0.771154 0.295815 0.771154 0.292929 0.775 0.291486 0.775 0.290043 0.776923 0.287157 0.776923 0.285714 0.775 0.282828 0.775 0.281385 0.773077 0.277056 0.778846 0.275613 0.778846 0.27417 0.780769 0.275613 0.782692 0.277056 0.782692 0.279942 0.786538 0.279942 0.788462 0.278499 0.790385 0.278499 0.794231 0.277056 0.796154 0.277056 0.798077 0.275613 0.8 0.272727 0.8 0.271284 0.801923 0.269841 0.801923 0.268398 0.803846 0.265512 0.803846 0.264069 0.805769 0.25974 0.805769 0.258297 0.803846 0.256854 0.803846 0.255411 0.801923 0.253968 0.801923 0.252525 0.8 0.246753 0.807692 0.246753 0.811538 0.248196 0.813462 0.248196 0.821154 0.246753 0.823077 0.246753 0.826923 0.24531 0.828846 0.24531 0.832692 0.243867 0.834615 0.243867 0.836538 0.242424 0.838462 0.242424 0.840385 0.23088 0.855769 0.242424 0.855769 0.243867 0.857692 0.246753 0.857692 0.248196 0.859615 0.249639 0.859615 0.251082 0.861538 0.253968 0.861538 0.255411 0.863462 0.256854 0.863462 0.258297 0.865385 0.25974 0.863462 0.285714 0.863462 0.285714 0.861538 0.287157 0.859615 0.287157 0.857692 0.2886 0.855769 0.2886 0.853846 0.290043 0.851923 0.290043 0.836538 0.291486 0.834615 0.295815 0.834615 0.297258 0.832692 0.301587 0.832692 0.30303 0.830769 0.307359 0.830769 0.310245 0.826923 0.310245 0.825 0.314574 0.819231 0.314574 0.817308 0.318903 0.811538 0.318903 0.809615 0.321789 0.805769 0.321789 0.796154 0.330447 0.784615 0.33189 0.784615 0.333333 0.782692 0.334776 0.782692 0.336219 0.780769 0.337662 0.780769 0.339105 0.778846 0.340548 0.778846 0.341991 0.776923 0.343434 0.776923 0.344877 0.775 0.34632 0.775 0.347763 0.773077 0.349206 0.773077 0.349206 0.771154 0.350649 0.769231 0.350649 0.767308 0.352092 0.765385 0.352092 0.763462 0.353535 0.761538 0.353535 0.759615 0.354978 0.757692 0.353535 0.755769 0.352092 0.755769 0.349206 0.751923 0.347763 0.751923
0 0.701299 0.732692 0.698413 0.736538 0.69697 0.736538 0.694084 0.740385 0.692641 0.740385 0.689755 0.744231 0.666667 0.744231 0.666667 0.746154 0.66811 0.748077 0.66811 0.75 0.669553 0.751923 0.669553 0.753846 0.675325 0.753846 0.676768 0.755769 0.681097 0.755769 0.68254 0.757692 0.688312 0.757692 0.691198 0.761538 0.691198 0.763462 0.692641 0.765385 0.698413 0.757692 0.699856 0.757692 0.702742 0.753846 0.702742 0.744231 0.701299 0.742308
0 0.113997 0.732692 0.119769 0.740385 0.121212 0.740385 0.124098 0.744231 0.125541 0.744231 0.128427 0.748077 0.12987 0.746154 0.131313 0.746154 0.132756 0.744231 0.135642 0.744231 0.137085 0.742308 0.138528 0.742308 0.137085 0.740385 0.137085 0.738462 0.128427 0.738462 0.126984 0.736538 0.121212 0.736538 0.119769 0.734615 0.11544 0.734615
0 0.554113 0.682692 0.55267 0.684615 0.53824 0.684615 0.53824 0.692308 0.539683 0.694231 0.539683 0.701923 0.544012 0.701923 0.545455 0.703846 0.548341 0.703846 0.549784 0.705769 0.55267 0.701923 0.554113 0.701923 0.555556 0.7 0.555556 0.692308 0.554113 0.690385
0 0.761905 0.551923 0.761905 0.557692 0.766234 0.563462 0.767677 0.561538 0.772006 0.561538 0.773449 0.559615 0.777778 0.559615 0.774892 0.555769 0.774892 0.553846 0.773449 0.551923
0 0.056277 0.498077 0.064935 0.509615 0.07215 0.509615 0.070707 0.507692 0.070707 0.505769 0.069264 0.503846 0.069264 0.501923 0.067821 0.5 0.067821 0.498077
0 0.533911 0.492308 0.532468 0.494231 0.515152 0.494231 0.513709 0.496154 0.512266 0.496154 0.50938 0.5 0.507937 0.5 0.505051 0.503846 0.503608 0.503846 0.502165 0.505769 0.500722 0.505769 0.497835 0.509615 0.496392 0.509615 0.496392 0.513462 0.494949 0.515385 0.494949 0.517308 0.493506 0.519231 0.487734 0.519231 0.486291 0.521154 0.479076 0.521154 0.477633 0.523077 0.471861 0.523077 0.470418 0.525 0.463203 0.525 0.46176 0.526923 0.458874 0.526923 0.457431 0.528846 0.455988 0.528846 0.454545 0.530769 0.451659 0.530769 0.450216 0.532692 0.44733 0.532692 0.445887 0.534615 0.443001 0.534615 0.441558 0.536538 0.438672 0.536538 0.437229 0.538462 0.434343 0.538462 0.431457 0.542308 0.431457 0.544231 0.427128 0.55 0.427128 0.551923 0.424242 0.555769 0.431457 0.555769 0.434343 0.551923 0.435786 0.551923 0.440115 0.546154 0.441558 0.546154 0.444444 0.542308 0.445887 0.542308 0.448773 0.538462 0.453102 0.538462 0.454545 0.536538 0.457431 0.536538 0.458874 0.534615 0.463203 0.534615 0.464646 0.532692 0.468975 0.532692 0.470418 0.530769 0.473304 0.530769 0.474747 0.528846 0.479076 0.528846 0.480519 0.526923 0.483405 0.526923 0.484848 0.525 0.489177 0.525 0.49062 0.523077 0.496392 0.523077 0.497835 0.521154 0.505051 0.521154 0.506494 0.519231 0.512266 0.519231 0.510823 0.519231 0.507937 0.515385 0.507937 0.511538 0.510823 0.507692 0.529582 0.507692 0.529582 0.505769 0.531025 0.503846 0.531025 0.5 0.532468 0.498077 0.532468 0.496154 0.533911 0.494231
0 0.152958 0.478846 0.151515 0.480769 0.125541 0.480769 0.125541 0.484615 0.124098 0.486538 0.124098 0.488462 0.150072 0.488462 0.151515 0.490385 0.151515 0.484615 0.152958 0.482692
1 0.051948 0.696154 0.051948 0.701923 0.050505 0.703846 0.050505 0.707692 0.053391 0.711538 0.054834 0.711538 0.059163 0.717308 0.066378 0.717308 0.067821 0.719231 0.067821 0.707692 0.07215 0.701923 0.073593 0.701923 0.075036 0.7 0.064935 0.7 0.063492 0.698077 0.053391 0.698077
1 0.1443 0.694231 0.142857 0.696154 0.135642 0.696154 0.134199 0.698077 0.125541 0.698077 0.125541 0.705769 0.126984 0.703846 0.138528 0.703846 0.139971 0.705769 0.139971 0.709615 0.138528 0.711538 0.138528 0.717308 0.141414 0.721154 0.141414 0.723077 0.145743 0.728846 0.145743 0.730769 0.148629 0.734615 0.150072 0.732692 0.151515 0.732692 0.152958 0.730769 0.154401 0.730769 0.155844 0.728846 0.157287 0.728846 0.15873 0.726923 0.161616 0.726923 0.163059 0.725 0.164502 0.725 0.165945 0.723077 0.168831 0.723077 0.168831 0.721154 0.167388 0.719231 0.167388 0.717308 0.165945 0.715385 0.165945 0.713462 0.163059 0.713462 0.161616 0.711538 0.160173 0.711538 0.15873 0.709615 0.155844 0.709615
1 0.311688 0.617308 0.310245 0.619231 0.298701 0.619231 0.297258 0.621154 0.297258 0.623077 0.292929 0.628846 0.292929 0.630769 0.291486 0.632692 0.264069 0.632692 0.262626 0.630769 0.262626 0.653846 0.264069 0.653846 0.266955 0.657692 0.266955 0.655769 0.268398 0.653846 0.268398 0.651923 0.269841 0.65 0.291486 0.65 0.292929 0.651923 0.300144 0.651923 0.301587 0.653846 0.301587 0.651923 0.30303 0.65 0.30303 0.648077 0.304473 0.646154 0.304473 0.644231 0.307359 0.640385 0.308802 0.640385 0.311688 0.636538 0.313131 0.636538 0.313131 0.628846 0.311688 0.626923
1 0.33189 0.551923 0.330447 0.553846 0.329004 0.553846 0.326118 0.557692 0.324675 0.557692 0.323232 0.559615 0.321789 0.559615 0.321789 0.563462 0.320346 0.565385 0.320346 0.575 0.318903 0.576923 0.318903 0.580769 0.320346 0.582692 0.321789 0.582692 0.327561 0.590385 0.329004 0.590385 0.33189 0.594231 0.330447 0.596154 0.320346 0.596154 0.318903 0.598077 0.304473 0.598077 0.30303 0.6 0.287157 0.6 0.285714 0.598077 0.282828 0.598077 0.281385 0.596154 0.279942 0.596154 0.278499 0.594231 0.275613 0.594231 0.27417 0.592308 0.272727 0.592308 0.271284 0.590385 0.271284 0.592308 0.269841 0.594231 0.269841 0.6 0.268398 0.601923 0.268398 0.605769 0.266955 0.607692 0.266955 0.609615 0.272727 0.609615 0.27417 0.611538 0.278499 0.611538 0.279942 0.613462 0.281385 0.611538 0.287157 0.611538 0.2886 0.609615 0.294372 0.609615 0.295815 0.607692 0.301587 0.607692 0.30303 0.605769 0.308802 0.605769 0.310245 0.603846 0.320346 0.603846 0.321789 0.601923 0.330447 0.601923 0.333333 0.605769 0.333333 0.607692 0.327561 0.615385 0.329004 0.617308 0.329004 0.619231 0.330447 0.621154 0.330447 0.623077 0.33189 0.625 0.33189 0.626923 0.339105 0.626923 0.340548 0.628846 0.34632 0.628846 0.347763 0.630769 0.347763 0.626923 0.34632 0.625 0.34632 0.609615 0.344877 0.607692 0.344877 0.596154 0.337662 0.596154 0.327561 0.582692 0.329004 0.580769 0.334776 0.580769 0.334776 0.576923 0.326118 0.576923 0.324675 0.575 0.327561 0.571154 0.327561 0.569231 0.333333 0.561538 0.333333 0.559615 0.336219 0.555769 0.334776 0.555769
1 0.405483 0.532692 0.40404 0.534615 0.402597 0.534615 0.399711 0.538462 0.398268 0.538462 0.396825 0.540385 0.388167 0.540385 0.386724 0.542308 0.378066 0.542308 0.378066 0.544231 0.376623 0.546154 0.376623 0.55 0.37518 0.551923 0.37518 0.553846 0.373737 0.555769 0.373737 0.557692 0.376623 0.561538 0.376623 0.563462 0.378066 0.565385 0.376623 0.567308 0.37518 0.567308 0.373737 0.569231 0.372294 0.569231 0.369408 0.573077 0.367965 0.573077 0.366522 0.575 0.365079 0.575 0.363636 0.576923 0.362193 0.576923 0.363636 0.578846 0.363636 0.580769 0.365079 0.582692 0.366522 0.580769 0.370851 0.580769 0.372294 0.578846 0.37518 0.578846 0.376623 0.576923 0.380952 0.576923 0.382395 0.575 0.385281 0.575 0.386724 0.573077 0.392496 0.573077 0.395382 0.576923 0.396825 0.576923 0.399711 0.580769 0.401154 0.580769 0.40404 0.584615 0.405483 0.584615 0.406926 0.586538 0.409812 0.582692 0.406926 0.578846 0.406926 0.576923 0.40404 0.573077 0.40404 0.571154 0.405483 0.569231 0.405483 0.557692 0.40404 0.555769 0.40404 0.538462 0.405483 0.536538
1 0.513709 0.298077 0.513709 0.305769 0.528139 0.305769 0.529582 0.307692 0.531025 0.305769 0.535354 0.305769 0.536797 0.303846 0.542569 0.303846 0.541126 0.303846 0.53824 0.3 0.536797 0.3 0.535354 0.298077
