0 0.707812 0.885417 0.704688 0.889583 0.703125 0.889583 0.703125 0.89375 0.701562 0.895833 0.701562 0.897917 0.709375 0.897917 0.710938 0.9 0.710938 0.89375 0.7125 0.891667 0.7125 0.8875 0.709375 0.8875
0 0.532812 0.870833 0.532812 0.875 0.53125 0.877083 0.53125 0.88125 0.534375 0.88125 0.535938 0.883333 0.5375 0.883333 0.539062 0.885417 0.539062 0.870833
0 0.5125 0.8625 0.5125 0.870833 0.525 0.870833 0.525 0.8625
0 0.670312 0.85625 0.66875 0.858333 0.665625 0.858333 0.664062 0.860417 0.659375 0.860417 0.659375 0.866667 0.670312 0.866667
0 0.81875 0.854167 0.820312 0.85625 0.821875 0.85625 0.825 0.860417 0.826562 0.860417 0.83125 0.866667 0.832812 0.866667 0.835938 0.870833 0.846875 0.870833 0.846875 0.854167
0 0.5125 0.833333 0.510938 0.835417 0.504687 0.835417 0.504687 0.847917 0.515625 0.847917 0.515625 0.839583 0.517188 0.8375 0.517188 0.835417 0.51875 0.833333
0 0.1 0.8 0.098438 0.802083 0.098438 0.804167 0.096875 0.80625 0.103125 0.80625 0.104688 0.808333 0.109375 0.808333 0.110938 0.810417 0.13125 0.810417 0.13125 0.802083 0.121875 0.802083 0.120312 0.8
0 0.573438 0.78125 0.571875 0.783333 0.565625 0.783333 0.567188 0.785417 0.567188 0.7875 0.56875 0.789583 0.570312 0.7875 0.576562 0.7875 0.575 0.785417 0.575 0.783333
0 0.035938 0.75 0.034375 0.752083 0.01875 0.752083 0.01875 0.758333 0.026562 0.758333 0.028125 0.760417 0.035938 0.760417 0.0375 0.7625 0.039062 0.760417 0.045312 0.760417 0.046875 0.758333 0.054688 0.758333 0.051562 0.758333 0.05 0.75625 0.046875 0.75625 0.045312 0.754167 0.042188 0.754167 0.040625 0.752083 0.0375 0.752083
0 0.484375 0.73125 0.48125 0.735417 0.48125 0.7375 0.478125 0.741667 0.48125 0.741667 0.482812 0.74375 0.484375 0.741667 0.4875 0.741667 0.489062 0.739583 0.489062 0.7375 0.492188 0.733333 0.485938 0.733333
0 0.121875 0.689583 0.120312 0.691667 0.114062 0.691667 0.115625 0.69375 0.115625 0.695833 0.117188 0.697917 0.117188 0.7 0.11875 0.702083 0.129688 0.702083 0.129688 0.7 0.13125 0.697917 0.13125 0.695833 0.129688 0.695833 0.128125 0.69375 0.126562 0.69375 0.125 0.691667 0.123438 0.691667
0 0.354688 0.685417 0.353125 0.6875 0.348438 0.6875 0.348438 0.689583 0.35 0.691667 0.35 0.695833 0.351562 0.69375 0.353125 0.69375 0.354688 0.691667 0.357812 0.691667 0.35625 0.689583 0.35625 0.6875
0 0.278125 0.608333 0.276562 0.610417 0.271875 0.610417 0.271875 0.61875 0.279688 0.61875 0.279688 0.6125 0.278125 0.610417
0 0.145312 0.6 0.14375 0.602083 0.134375 0.602083 0.13125 0.60625 0.13125 0.616667 0.139062 0.616667 0.140625 0.614583 0.142188 0.614583 0.14375 0.6125 0.145312 0.6125 0.146875 0.610417 0.148438 0.610417 0.148438 0.608333 0.146875 0.60625 0.146875 0.604167 0.145312 0.602083
0 0.046875 0.5625 0.045312 0.564583 0.04375 0.564583 0.042188 0.566667 0.039062 0.566667 0.039062 0.56875 0.0375 0.570833 0.0375 0.572917 0.046875 0.572917
0 0.329688 0.522917 0.328125 0.525 0.325 0.525 0.323438 0.527083 0.31875 0.527083 0.31875 0.533333 0.332812 0.533333 0.332812 0.53125 0.334375 0.529167 0.334375 0.527083 0.332812 0.527083
0 0.614062 0.504167 0.6125 0.50625 0.601562 0.50625 0.601562 0.5125 0.603125 0.510417 0.617188 0.510417 0.615625 0.508333 0.615625 0.50625
0 0.31875 0.491667 0.317188 0.49375 0.314062 0.49375 0.3125 0.495833 0.310938 0.495833 0.307812 0.5 0.30625 0.5 0.307812 0.502083 0.309375 0.502083 0.3125 0.50625 0.314062 0.504167 0.315625 0.504167 0.317188 0.502083 0.31875 0.502083 0.320312 0.5 0.321875 0.5 0.323438 0.497917 0.325 0.497917 0.323438 0.495833 0.321875 0.495833
1 0.296875 0.902083 0.295312 0.904167 0.270312 0.904167 0.270312 0.90625 0.26875 0.908333 0.26875 0.910417 0.267188 0.9125 0.279688 0.9125 0.28125 0.914583 0.282812 0.9125 0.289062 0.9125 0.290625 0.910417 0.296875 0.910417
1 0.446875 0.9 0.44375 0.904167 0.442188 0.904167 0.44375 0.90625 0.445312 0.90625 0.45 0.9125 0.451562 0.9125 0.454688 0.916667 0.454688 0.914583 0.45625 0.9125
1 0.364062 0.889583 0.3625 0.891667 0.360938 0.891667 0.359375 0.89375 0.357812 0.89375 0.35625 0.895833 0.354688 0.895833 0.353125 0.897917 0.351562 0.897917 0.35 0.9 0.348438 0.9 0.351562 0.904167 0.353125 0.902083 0.354688 0.902083 0.357812 0.897917 0.359375 0.897917 0.360938 0.895833 0.3625 0.895833 0.365625 0.891667 0.367188 0.891667 0.365625 0.891667
