0 0.900266 0.913121 0.898936 0.914894 0.897606 0.914894 0.896277 0.916667 0.893617 0.916667 0.896277 0.920213 0.896277 0.921986 0.897606 0.923759 0.898936 0.921986 0.904255 0.921986 0.902926 0.920213 0.902926 0.91844 0.901596 0.916667 0.901596 0.914894
0 0.099734 0.547872 0.102394 0.551418 0.102394 0.553191 0.105053 0.556738 0.113032 0.556738 0.111702 0.556738 0.107713 0.551418 0.106383 0.551418 0.103723 0.547872
0 0.375 0.54078 0.37367 0.542553 0.371011 0.542553 0.369681 0.544326 0.368351 0.544326 0.368351 0.547872 0.369681 0.549645 0.386968 0.549645 0.386968 0.547872 0.385638 0.546099 0.385638 0.542553 0.384309 0.54078
0 0.162234 0.537234 0.160904 0.539007 0.159574 0.539007 0.155585 0.544326 0.154255 0.542553 0.152926 0.542553 0.150266 0.539007 0.147606 0.539007 0.146277 0.54078 0.144947 0.54078 0.146277 0.54078 0.147606 0.542553 0.148936 0.542553 0.150266 0.544326 0.151596 0.544326 0.152926 0.546099 0.154255 0.546099 0.155585 0.547872 0.18484 0.547872 0.18617 0.549645 0.18617 0.551418 0.18484 0.553191 0.18484 0.554965 0.183511 0.556738 0.183511 0.562057 0.200798 0.562057 0.200798 0.556738 0.198138 0.553191 0.198138 0.551418 0.191489 0.542553 0.191489 0.54078 0.18883 0.537234 0.183511 0.537234 0.176862 0.546099 0.175532 0.544326 0.174202 0.544326 0.172872 0.542553 0.170213 0.542553 0.168883 0.54078 0.167553 0.54078 0.166223 0.539007 0.164894 0.539007 0.163564 0.537234
1 0.792553 0.966312 0.792553 0.969858 0.791223 0.971631 0.783245 0.971631 0.781915 0.969858 0.781915 0.973404 0.789894 0.973404 0.792553 0.97695 0.792553 0.978723 0.793883 0.980496 0.81117 0.980496 0.8125 0.98227 0.8125 0.980496 0.81383 0.978723 0.81117 0.978723 0.80984 0.97695 0.808511 0.97695 0.807181 0.975177 0.807181 0.971631 0.803191 0.971631 0.801862 0.969858 0.799202 0.969858 0.797872 0.968085 0.793883 0.968085
1 0.743351 0.95922 0.740691 0.962766 0.742021 0.962766 0.743351 0.964539 0.744681 0.964539 0.746011 0.966312 0.74734 0.966312 0.74867 0.968085 0.75133 0.968085 0.75266 0.969858 0.753989 0.969858 0.755319 0.971631 0.756649 0.971631 0.757979 0.973404 0.759309 0.973404 0.760638 0.975177 0.760638 0.973404 0.761968 0.971631 0.760638 0.971631 0.759309 0.969858 0.757979 0.969858 0.756649 0.968085 0.755319 0.968085 0.753989 0.966312 0.75266 0.966312 0.75133 0.964539 0.75 0.964539 0.74867 0.962766 0.74734 0.962766 0.746011 0.960993 0.744681 0.960993
1 0.9375 0.945035 0.932181 0.952128 0.930851 0.952128 0.928191 0.955674 0.930851 0.95922 0.932181 0.95922 0.9375 0.966312 0.93883 0.966312 0.942819 0.971631 0.944149 0.971631 0.945479 0.973404 0.946809 0.973404 0.948138 0.975177 0.949468 0.975177 0.950798 0.97695 0.952128 0.97695 0.953457 0.978723 0.954787 0.978723 0.956117 0.980496 0.957447 0.980496 0.958777 0.98227 0.960106 0.98227 0.961436 0.984043 0.962766 0.98227 0.965426 0.98227 0.966755 0.980496 0.969415 0.980496 0.969415 0.978723 0.968085 0.97695 0.968085 0.975177 0.966755 0.973404 0.966755 0.969858 0.965426 0.968085 0.965426 0.966312 0.964096 0.964539 0.964096 0.962766 0.962766 0.960993 0.962766 0.957447 0.961436 0.955674 0.961436 0.953901 0.960106 0.952128 0.960106 0.950355 0.953457 0.950355 0.952128 0.948582 0.946809 0.948582 0.945479 0.946809 0.93883 0.946809
1 0.694149 0.920213 0.692819 0.921986 0.691489 0.921986 0.69016 0.923759 0.6875 0.923759 0.68617 0.925532 0.68484 0.925532 0.6875 0.925532 0.68883 0.927305 0.691489 0.927305 0.692819 0.929078 0.695479 0.929078 0.696809 0.930851 0.699468 0.930851 0.700798 0.932624 0.702128 0.932624 0.703457 0.934397 0.706117 0.934397 0.707447 0.93617 0.710106 0.93617 0.711436 0.937943 0.714096 0.937943 0.715426 0.939716 0.718085 0.939716 0.719415 0.941489 0.722074 0.941489 0.723404 0.943262 0.726064 0.943262 0.727394 0.945035 0.730053 0.945035 0.731383 0.946809 0.734043 0.946809 0.735372 0.948582 0.738032 0.948582 0.739362 0.950355 0.742021 0.950355 0.743351 0.952128 0.746011 0.952128 0.74734 0.953901 0.75 0.953901 0.75133 0.955674 0.75266 0.953901 0.753989 0.953901 0.755319 0.952128 0.757979 0.952128 0.759309 0.950355 0.760638 0.950355 0.755319 0.943262 0.755319 0.941489 0.75 0.934397 0.744681 0.934397 0.743351 0.932624 0.736702 0.932624 0.735372 0.930851 0.730053 0.930851 0.728723 0.929078 0.723404 0.929078 0.722074 0.927305 0.716755 0.927305 0.715426 0.925532 0.708777 0.925532 0.707447 0.923759 0.702128 0.923759 0.700798 0.921986 0.695479 0.921986
1 0.719415 0.906028 0.718085 0.907801 0.714096 0.907801 0.715426 0.909574 0.715426 0.911348 0.716755 0.913121 0.739362 0.913121 0.740691 0.911348 0.744681 0.911348 0.746011 0.909574 0.75133 0.909574 0.75 0.907801 0.75 0.906028 0.74867 0.907801 0.744681 0.907801 0.743351 0.909574 0.730053 0.909574 0.728723 0.907801 0.720745 0.907801
1 0.662234 0.898936 0.662234 0.900709 0.660904 0.902482 0.660904 0.904255 0.659574 0.906028 0.659574 0.907801 0.656915 0.911348 0.664894 0.911348 0.666223 0.913121 0.672872 0.913121 0.674202 0.914894 0.674202 0.911348 0.675532 0.909574 0.675532 0.906028 0.676862 0.904255 0.678191 0.904255 0.679521 0.902482 0.680851 0.902482 0.680851 0.900709 0.682181 0.898936
1 0.513298 0.851064 0.513298 0.852837 0.514628 0.85461 0.514628 0.856383 0.535904 0.856383 0.535904 0.85461 0.534574 0.852837 0.534574 0.851064
1 0.784574 0.845745 0.784574 0.847518 0.785904 0.849291 0.785904 0.852837 0.787234 0.85461 0.787234 0.858156 0.788564 0.859929 0.788564 0.863475 0.789894 0.865248 0.789894 0.868794 0.791223 0.870567 0.791223 0.87234 0.792553 0.87234 0.795213 0.875887 0.796543 0.875887 0.799202 0.879433 0.800532 0.879433 0.803191 0.882979 0.804521 0.882979 0.805851 0.884752 0.807181 0.884752 0.80984 0.888298 0.81117 0.888298 0.81383 0.891844 0.81516 0.891844 0.817819 0.89539 0.816489 0.897163 0.807181 0.897163 0.805851 0.89539 0.793883 0.89539 0.792553 0.893617 0.788564 0.893617 0.787234 0.891844 0.784574 0.891844 0.783245 0.890071 0.779255 0.890071 0.777926 0.888298 0.775266 0.888298 0.773936 0.886525 0.757979 0.886525 0.759309 0.886525 0.760638 0.888298 0.761968 0.888298 0.763298 0.890071 0.764628 0.890071 0.765957 0.891844 0.767287 0.891844 0.768617 0.893617 0.769947 0.893617 0.771277 0.89539 0.772606 0.89539 0.773936 0.897163 0.775266 0.897163 0.776596 0.898936 0.777926 0.898936 0.779255 0.900709 0.780585 0.900709 0.781915 0.902482 0.783245 0.902482 0.784574 0.904255 0.785904 0.904255 0.787234 0.906028 0.788564 0.906028 0.789894 0.907801 0.791223 0.907801 0.792553 0.909574 0.805851 0.909574 0.807181 0.911348 0.819149 0.911348 0.820479 0.913121 0.824468 0.913121 0.825798 0.914894 0.828457 0.914894 0.829787 0.916667 0.833777 0.916667 0.835106 0.91844 0.837766 0.91844 0.839096 0.920213 0.843085 0.920213 0.844415 0.921986 0.847074 0.921986 0.848404 0.923759 0.852394 0.923759 0.853723 0.925532 0.853723 0.923759 0.855053 0.921986 0.855053 0.920213 0.856383 0.91844 0.856383 0.916667 0.857713 0.914894 0.857713 0.913121 0.859043 0.911348 0.857713 0.911348 0.856383 0.909574 0.855053 0.909574 0.852394 0.906028 0.851064 0.906028 0.849734 0.904255 0.848404 0.904255 0.847074 0.902482 0.845745 0.902482 0.843085 0.898936 0.841755 0.898936 0.840426 0.897163 0.839096 0.897163 0.837766 0.89539 0.837766 0.888298 0.839096 0.886525 0.839096 0.879433 0.836436 0.879433 0.835106 0.87766 0.832447 0.87766 0.831117 0.875887 0.828457 0.875887 0.827128 0.874113 0.824468 0.874113 0.823138 0.87234 0.821809 0.87234 0.820479 0.870567 0.817819 0.870567 0.816489 0.868794 0.81383 0.868794 0.8125 0.867021 0.80984 0.867021 0.808511 0.865248 0.805851 0.865248 0.804521 0.863475 0.804521 0.856383 0.805851 0.85461 0.805851 0.847518 0.785904 0.847518
1 0.599734 0.845745 0.599734 0.847518 0.598404 0.849291 0.601064 0.849291 0.602394 0.851064 0.606383 0.851064 0.607713 0.852837 0.610372 0.852837 0.611702 0.85461 0.615691 0.85461 0.617021 0.856383 0.619681 0.856383 0.621011 0.858156 0.621011 0.85461 0.618351 0.85461 0.617021 0.852837 0.614362 0.852837 0.613032 0.851064 0.609043 0.851064 0.607713 0.849291 0.605053 0.849291 0.603723 0.847518 0.601064 0.847518
1 0.880319 0.842199 0.87633 0.847518 0.875 0.847518 0.87367 0.849291 0.87633 0.849291 0.87766 0.851064 0.878989 0.851064 0.880319 0.852837 0.882979 0.852837 0.884309 0.85461 0.885638 0.85461 0.886968 0.856383 0.889628 0.856383 0.890957 0.858156 0.892287 0.858156 0.893617 0.859929 0.896277 0.859929 0.897606 0.861702 0.898936 0.859929 0.900266 0.859929 0.902926 0.856383 0.904255 0.856383 0.905585 0.85461 0.906915 0.85461 0.904255 0.85461 0.902926 0.852837 0.900266 0.852837 0.898936 0.851064 0.896277 0.851064 0.894947 0.849291 0.893617 0.849291 0.892287 0.847518 0.889628 0.847518 0.888298 0.845745 0.885638 0.845745 0.884309 0.843972 0.881649 0.843972
1 0.578457 0.840426 0.577128 0.842199 0.550532 0.842199 0.550532 0.845745 0.571809 0.845745 0.573138 0.847518 0.573138 0.851064 0.574468 0.852837 0.574468 0.858156 0.590426 0.858156 0.590426 0.85461 0.578457 0.85461 0.575798 0.851064 0.575798 0.849291 0.578457 0.845745 0.579787 0.845745 0.579787 0.843972 0.578457 0.842199
1 0.832447 0.799645 0.831117 0.801418 0.827128 0.801418 0.828457 0.801418 0.831117 0.804965 0.832447 0.804965 0.835106 0.808511 0.836436 0.808511 0.837766 0.810284 0.851064 0.810284 0.852394 0.812057 0.852394 0.808511 0.847074 0.808511 0.845745 0.806738 0.841755 0.806738 0.840426 0.804965 0.839096 0.804965 0.837766 0.803191 0.836436 0.803191 0.835106 0.801418 0.833777 0.801418
1 0.664894 0.776596 0.655585 0.789007 0.658245 0.789007 0.659574 0.79078 0.660904 0.79078 0.662234 0.792553 0.664894 0.792553 0.666223 0.794326 0.667553 0.794326 0.668883 0.796099 0.671543 0.796099 0.672872 0.797872 0.674202 0.797872 0.675532 0.799645 0.678191 0.799645 0.679521 0.801418 0.680851 0.801418 0.682181 0.803191 0.68484 0.803191 0.68617 0.804965 0.6875 0.803191 0.69016 0.803191 0.691489 0.801418 0.694149 0.801418 0.695479 0.799645 0.699468 0.799645 0.700798 0.801418 0.703457 0.801418 0.704787 0.803191 0.706117 0.803191 0.707447 0.804965 0.710106 0.804965 0.711436 0.806738 0.712766 0.806738 0.714096 0.808511 0.716755 0.808511 0.718085 0.810284 0.719415 0.810284 0.720745 0.812057 0.722074 0.810284 0.723404 0.810284 0.724734 0.808511 0.726064 0.808511 0.727394 0.806738 0.728723 0.806738 0.727394 0.806738 0.726064 0.804965 0.724734 0.804965 0.723404 0.803191 0.722074 0.803191 0.720745 0.801418 0.718085 0.801418 0.716755 0.799645 0.715426 0.799645 0.714096 0.797872 0.712766 0.797872 0.711436 0.796099 0.710106 0.796099 0.708777 0.794326 0.707447 0.794326 0.706117 0.792553 0.704787 0.792553 0.703457 0.79078 0.702128 0.79078 0.700798 0.789007 0.698138 0.789007 0.696809 0.787234 0.695479 0.787234 0.694149 0.785461 0.692819 0.785461 0.691489 0.783688 0.69016 0.783688 0.68883 0.781915 0.682181 0.781915 0.680851 0.780142 0.674202 0.780142 0.672872 0.778369 0.666223 0.778369
1 0.384309 0.744681 0.382979 0.746454 0.381649 0.746454 0.380319 0.748227 0.378989 0.748227 0.37766 0.75 0.375 0.75 0.37367 0.751773 0.37234 0.751773 0.375 0.751773 0.37633 0.753546 0.378989 0.753546 0.380319 0.755319 0.382979 0.755319 0.384309 0.757092 0.386968 0.757092 0.388298 0.758865 0.389628 0.758865 0.390957 0.760638 0.393617 0.760638 0.394947 0.762411 0.397606 0.762411 0.398936 0.764184 0.401596 0.764184 0.402926 0.765957 0.405585 0.765957 0.406915 0.76773 0.408245 0.76773 0.409574 0.769504 0.410904 0.769504 0.412234 0.771277 0.413564 0.771277 0.416223 0.774823 0.417553 0.774823 0.418883 0.776596 0.420213 0.776596 0.421543 0.778369 0.422872 0.778369 0.424202 0.780142 0.425532 0.780142 0.426862 0.781915 0.428191 0.781915 0.430851 0.785461 0.432181 0.785461 0.433511 0.787234 0.43484 0.787234 0.43617 0.789007 0.4375 0.789007 0.43883 0.79078 0.44016 0.789007 0.441489 0.789007 0.442819 0.787234 0.444149 0.787234 0.445479 0.785461 0.446809 0.785461 0.448138 0.783688 0.449468 0.783688 0.448138 0.783688 0.446809 0.781915 0.445479 0.781915 0.444149 0.780142 0.441489 0.780142 0.44016 0.778369 0.43883 0.778369 0.4375 0.776596 0.43617 0.776596 0.43484 0.774823 0.433511 0.774823 0.432181 0.77305 0.429521 0.77305 0.428191 0.771277 0.426862 0.771277 0.425532 0.769504 0.424202 0.769504 0.422872 0.76773 0.421543 0.76773 0.420213 0.765957 0.417553 0.765957 0.416223 0.764184 0.414894 0.764184 0.413564 0.762411 0.412234 0.762411 0.410904 0.760638 0.409574 0.760638 0.408245 0.758865 0.406915 0.758865 0.405585 0.757092 0.402926 0.757092 0.401596 0.755319 0.400266 0.755319 0.398936 0.753546 0.397606 0.753546 0.396277 0.751773 0.394947 0.751773 0.393617 0.75 0.390957 0.75 0.389628 0.748227 0.388298 0.748227 0.386968 0.746454 0.385638 0.746454
1 0.003989 0.72695 0.003989 0.730496 0.019947 0.730496 0.021277 0.73227 0.037234 0.73227 0.038564 0.734043 0.038564 0.73227 0.039894 0.730496 0.021277 0.730496 0.019947 0.728723 0.005319 0.728723
1 0.400266 0.68617 0.398936 0.687943 0.398936 0.689716 0.397606 0.691489 0.389628 0.691489 0.388298 0.689716 0.388298 0.695035 0.393617 0.695035 0.394947 0.696809 0.396277 0.696809 0.398936 0.700355 0.400266 0.700355 0.401596 0.702128 0.412234 0.702128 0.413564 0.703901 0.420213 0.703901 0.421543 0.705674 0.428191 0.705674 0.429521 0.707447 0.43617 0.707447 0.4375 0.70922 0.4375 0.705674 0.43617 0.703901 0.43617 0.700355 0.43484 0.700355 0.433511 0.698582 0.432181 0.698582 0.430851 0.696809 0.429521 0.696809 0.426862 0.693262 0.425532 0.693262 0.424202 0.691489 0.422872 0.691489 0.421543 0.689716 0.420213 0.691489 0.418883 0.691489 0.417553 0.693262 0.412234 0.693262 0.410904 0.691489 0.408245 0.691489 0.406915 0.689716 0.404255 0.689716 0.402926 0.687943 0.401596 0.687943
1 0.164894 0.677305 0.162234 0.680851 0.155585 0.680851 0.158245 0.684397 0.159574 0.682624 0.170213 0.682624 0.171543 0.684397 0.176862 0.684397 0.178191 0.68617 0.182181 0.68617 0.183511 0.687943 0.183511 0.68617 0.18484 0.684397 0.18484 0.682624 0.179521 0.682624 0.178191 0.680851 0.172872 0.680851 0.171543 0.679078 0.166223 0.679078
