0 0.323438 0.845833 0.323438 0.854167 0.325 0.854167 0.328125 0.858333 0.329688 0.85625 0.33125 0.85625 0.332812 0.854167 0.334375 0.854167 0.334375 0.852083 0.332812 0.85 0.332812 0.845833
0 0.5875 0.835417 0.585938 0.8375 0.578125 0.8375 0.576562 0.839583 0.567188 0.839583 0.567188 0.847917 0.571875 0.847917 0.573438 0.85 0.578125 0.85 0.579688 0.852083 0.585938 0.852083 0.5875 0.854167 0.592188 0.854167 0.59375 0.85625 0.595312 0.854167 0.6 0.854167 0.6 0.852083 0.601562 0.85 0.601562 0.845833 0.603125 0.84375 0.603125 0.841667 0.601562 0.841667 0.598438 0.8375 0.596875 0.8375 0.595312 0.835417
0 0.454688 0.833333 0.453125 0.835417 0.445312 0.835417 0.445312 0.8375 0.446875 0.839583 0.446875 0.841667 0.467188 0.841667 0.467188 0.833333
0 0.484375 0.75 0.482812 0.752083 0.478125 0.752083 0.476562 0.754167 0.471875 0.754167 0.470312 0.75625 0.464062 0.75625 0.4625 0.758333 0.457812 0.758333 0.459375 0.760417 0.459375 0.7625 0.460938 0.764583 0.460938 0.766667 0.4625 0.76875 0.4625 0.770833 0.464062 0.772917 0.464062 0.775 0.465625 0.777083 0.465625 0.779167 0.467188 0.78125 0.46875 0.779167 0.470312 0.779167 0.471875 0.777083 0.473438 0.777083 0.475 0.775 0.476562 0.775 0.478125 0.772917 0.479688 0.772917 0.48125 0.770833 0.482812 0.770833 0.484375 0.76875 0.485938 0.76875 0.4875 0.766667 0.489062 0.766667 0.489062 0.7625 0.490625 0.760417 0.490625 0.75625 0.489062 0.754167 0.4875 0.754167
0 0.517188 0.679167 0.515625 0.68125 0.515625 0.683333 0.514062 0.685417 0.514062 0.6875 0.5125 0.689583 0.5125 0.695833 0.510938 0.697917 0.510938 0.702083 0.53125 0.702083 0.53125 0.697917 0.532812 0.695833 0.532812 0.69375 0.53125 0.691667 0.529688 0.691667 0.526562 0.6875 0.525 0.6875 0.521875 0.683333 0.520312 0.683333
0 0.0 0.597917 0.0 0.6125 0.001562 0.610417 0.0125 0.610417 0.0125 0.597917
0 0.173438 0.545833 0.165625 0.55625 0.165625 0.558333 0.167188 0.560417 0.167188 0.5625 0.16875 0.560417 0.179688 0.560417 0.18125 0.558333 0.18125 0.55625 0.182812 0.554167 0.18125 0.554167 0.178125 0.55 0.176562 0.55
0 0.142188 0.53125 0.140625 0.533333 0.139062 0.533333 0.1375 0.535417 0.134375 0.535417 0.134375 0.547917 0.132812 0.55 0.132812 0.552083 0.134375 0.55 0.142188 0.55 0.14375 0.547917 0.153125 0.547917 0.154688 0.545833 0.15625 0.545833 0.15625 0.53125
0 0.645312 0.527083 0.64375 0.529167 0.629688 0.529167 0.629688 0.547917 0.628125 0.55 0.628125 0.566667 0.629688 0.564583 0.63125 0.564583 0.632812 0.5625 0.634375 0.5625 0.635938 0.560417 0.639062 0.560417 0.640625 0.558333 0.659375 0.558333 0.660938 0.560417 0.665625 0.554167 0.667188 0.554167 0.673438 0.545833 0.673438 0.54375 0.678125 0.5375 0.676562 0.535417 0.675 0.535417 0.671875 0.53125 0.659375 0.53125 0.657812 0.529167 0.646875 0.529167
0 0.164062 0.48125 0.159375 0.4875 0.157812 0.4875 0.154688 0.491667 0.148438 0.491667 0.148438 0.5 0.151562 0.5 0.153125 0.502083 0.15625 0.502083 0.157812 0.504167 0.160938 0.504167 0.1625 0.50625 0.173438 0.50625 0.173438 0.5 0.175 0.497917 0.175 0.489583 0.173438 0.4875 0.173438 0.483333 0.165625 0.483333
1 0.879688 0.808333 0.878125 0.810417 0.878125 0.8125 0.873438 0.81875 0.873438 0.820833 0.875 0.822917 0.876562 0.822917 0.878125 0.825 0.88125 0.825 0.882812 0.827083 0.885938 0.827083 0.8875 0.829167 0.890625 0.829167 0.892188 0.83125 0.89375 0.83125 0.895312 0.833333 0.898438 0.833333 0.9 0.835417 0.903125 0.835417 0.904688 0.8375 0.909375 0.8375 0.910938 0.839583 0.9125 0.839583 0.9125 0.829167 0.910938 0.827083 0.910938 0.816667 0.90625 0.816667 0.904688 0.814583 0.9 0.814583 0.898438 0.8125 0.892188 0.8125 0.890625 0.810417 0.885938 0.810417 0.884375 0.808333
1 0.145312 0.66875 0.14375 0.670833 0.140625 0.670833 0.139062 0.672917 0.1375 0.672917 0.135938 0.675 0.132812 0.675 0.13125 0.677083 0.128125 0.677083 0.128125 0.685417 0.129688 0.683333 0.145312 0.683333 0.146875 0.685417 0.15625 0.685417 0.157812 0.6875 0.159375 0.685417 0.175 0.685417 0.176562 0.6875 0.178125 0.6875 0.179688 0.689583 0.18125 0.689583 0.182812 0.691667 0.184375 0.691667 0.185938 0.69375 0.198438 0.69375 0.203125 0.6875 0.201562 0.685417 0.201562 0.683333 0.2 0.68125 0.198438 0.683333 0.185938 0.683333 0.182812 0.679167 0.184375 0.677083 0.185938 0.677083 0.1875 0.675 0.190625 0.675 0.192188 0.672917 0.19375 0.672917 0.19375 0.670833 0.185938 0.670833 0.184375 0.66875 0.179688 0.675 0.178125 0.675 0.176562 0.677083 0.167188 0.677083 0.165625 0.675 0.160938 0.675 0.159375 0.672917 0.153125 0.672917 0.151562 0.670833 0.146875 0.670833
1 0.035938 0.545833 0.032812 0.55 0.03125 0.55 0.028125 0.554167 0.0 0.554167 0.0 0.566667 0.001562 0.564583 0.029688 0.564583 0.03125 0.5625 0.035938 0.5625 0.0375 0.560417 0.045312 0.560417 0.046875 0.558333 0.054688 0.558333 0.054688 0.547917 0.0375 0.547917
1 0.240625 0.535417 0.239062 0.5375 0.235938 0.5375 0.234375 0.539583 0.232812 0.539583 0.23125 0.541667 0.228125 0.541667 0.228125 0.547917 0.246875 0.547917 0.248438 0.545833 0.260938 0.545833 0.2625 0.54375 0.279688 0.54375 0.28125 0.541667 0.325 0.541667 0.325 0.535417 0.323438 0.5375 0.242188 0.5375
1 0.976562 0.39375 0.975 0.395833 0.954688 0.395833 0.953125 0.397917 0.93125 0.397917 0.929688 0.4 0.909375 0.4 0.907812 0.402083 0.885938 0.402083 0.884375 0.404167 0.864062 0.404167 0.8625 0.40625 0.840625 0.40625 0.839062 0.408333 0.8375 0.408333 0.835938 0.410417 0.834375 0.410417 0.832812 0.4125 0.829688 0.4125 0.828125 0.414583 0.826562 0.414583 0.825 0.416667 0.823438 0.416667 0.821875 0.41875 0.81875 0.41875 0.817188 0.420833 0.815625 0.420833 0.814062 0.422917 0.8125 0.422917 0.810938 0.425 0.809375 0.425 0.807812 0.427083 0.80625 0.427083 0.804688 0.429167 0.785938 0.429167 0.784375 0.43125 0.78125 0.43125 0.779688 0.433333 0.776562 0.433333 0.775 0.435417 0.771875 0.435417 0.770312 0.4375 0.767188 0.4375 0.765625 0.439583 0.75625 0.439583 0.754688 0.4375 0.75 0.4375 0.748438 0.435417 0.742188 0.435417 0.740625 0.433333 0.735938 0.433333 0.734375 0.43125 0.732812 0.433333 0.715625 0.433333 0.714062 0.435417 0.685938 0.435417 0.684375 0.433333 0.682812 0.435417 0.679688 0.435417 0.678125 0.4375 0.673438 0.4375 0.671875 0.439583 0.66875 0.439583 0.667188 0.441667 0.664062 0.441667 0.6625 0.44375 0.659375 0.44375 0.657812 0.445833 0.654688 0.445833 0.653125 0.447917 0.65 0.447917 0.648438 0.45 0.645312 0.45 0.64375 0.452083 0.642188 0.452083 0.639062 0.45625 0.6375 0.45625 0.634375 0.460417 0.632812 0.460417 0.629688 0.464583 0.610938 0.464583 0.609375 0.4625 0.60625 0.466667 0.60625 0.46875 0.601562 0.475 0.565625 0.475 0.564062 0.472917 0.570312 0.48125 0.570312 0.483333 0.575 0.489583 0.575 0.49375 0.573438 0.495833 0.573438 0.504167 0.571875 0.50625 0.571875 0.5125 0.570312 0.514583 0.570312 0.516667 0.56875 0.51875 0.56875 0.520833 0.567188 0.522917 0.567188 0.525 0.565625 0.527083 0.565625 0.529167 0.564062 0.53125 0.564062 0.533333 0.55625 0.54375 0.554688 0.54375 0.548438 0.552083 0.51875 0.552083 0.517188 0.554167 0.485938 0.554167 0.484375 0.55625 0.482812 0.55625 0.479688 0.560417 0.478125 0.560417 0.476562 0.5625 0.475 0.5625 0.471875 0.566667 0.435938 0.566667 0.434375 0.564583 0.435938 0.5625 0.435938 0.560417 0.440625 0.554167 0.440625 0.552083 0.44375 0.547917 0.45 0.547917 0.451562 0.545833 0.459375 0.545833 0.460938 0.54375 0.467188 0.54375 0.467188 0.539583 0.46875 0.5375 0.46875 0.533333 0.45625 0.533333 0.454688 0.53125 0.451562 0.535417 0.45 0.535417 0.448438 0.5375 0.44375 0.5375 0.442188 0.539583 0.426562 0.539583 0.425 0.5375 0.423438 0.539583 0.423438 0.541667 0.420312 0.545833 0.420312 0.547917 0.415625 0.554167 0.415625 0.55625 0.414062 0.558333 0.389062 0.558333 0.3875 0.560417 0.38125 0.560417 0.379688 0.5625 0.371875 0.5625 0.370312 0.564583 0.364062 0.564583 0.3625 0.566667 0.35625 0.566667 0.354688 0.56875 0.346875 0.56875 0.345312 0.570833 0.339062 0.570833 0.3375 0.572917 0.329688 0.572917 0.328125 0.575 0.321875 0.575 0.320312 0.577083 0.314062 0.577083 0.3125 0.579167 0.304688 0.579167 0.303125 0.58125 0.296875 0.58125 0.295312 0.583333 0.28125 0.583333 0.279688 0.585417 0.267188 0.585417 0.265625 0.5875 0.251563 0.5875 0.25 0.589583 0.248438 0.589583 0.246875 0.591667 0.245312 0.591667 0.24375 0.59375 0.242188 0.59375 0.240625 0.595833 0.239062 0.595833 0.2375 0.597917 0.235938 0.597917 0.234375 0.6 0.232812 0.6 0.23125 0.602083 0.229688 0.602083 0.228125 0.604167 0.226562 0.604167 0.225 0.60625 0.223438 0.60625 0.221875 0.608333 0.220312 0.608333 0.21875 0.610417 0.217188 0.610417 0.215625 0.6125 0.214062 0.6125 0.2125 0.614583 0.210938 0.614583 0.209375 0.616667 0.207812 0.616667 0.207812 0.641667 0.20625 0.64375 0.20625 0.66875 0.207812 0.666667 0.214062 0.666667 0.215625 0.664583 0.223438 0.664583 0.225 0.6625 0.23125 0.6625 0.232812 0.660417 0.239062 0.660417 0.240625 0.658333 0.246875 0.658333 0.248438 0.65625 0.25625 0.65625 0.257812 0.654167 0.264062 0.654167 0.265625 0.652083 0.271875 0.652083 0.273438 0.65 0.28125 0.65 0.282812 0.647917 0.289062 0.647917 0.290625 0.645833 0.29375 0.645833 0.295312 0.64375 0.298438 0.64375 0.3 0.641667 0.303125 0.641667 0.304688 0.64375 0.304688 0.645833 0.30625 0.647917 0.30625 0.65 0.307812 0.652083 0.307812 0.654167 0.309375 0.65625 0.307812 0.658333 0.304688 0.658333 0.303125 0.660417 0.298438 0.660417 0.296875 0.6625 0.29375 0.6625 0.292188 0.664583 0.289062 0.664583 0.2875 0.666667 0.284375 0.666667 0.282812 0.66875 0.278125 0.66875 0.276562 0.670833 0.273438 0.670833 0.271875 0.672917 0.26875 0.672917 0.267188 0.675 0.264062 0.675 0.2625 0.677083 0.257812 0.677083 0.25625 0.679167 0.253125 0.679167 0.251563 0.68125 0.248438 0.68125 0.246875 0.683333 0.24375 0.683333 0.242188 0.685417 0.2375 0.685417 0.235938 0.6875 0.232812 0.6875 0.23125 0.689583 0.223438 0.689583 0.221875 0.691667 0.2125 0.691667 0.2125 0.69375 0.214062 0.695833 0.214062 0.7 0.215625 0.702083 0.215625 0.70625 0.217188 0.708333 0.217188 0.714583 0.21875 0.716667 0.21875 0.720833 0.220312 0.722917 0.220312 0.725 0.21875 0.727083 0.214062 0.727083 0.2125 0.729167 0.209375 0.729167 0.207812 0.73125 0.203125 0.73125 0.201562 0.733333 0.198438 0.733333 0.196875 0.735417 0.192188 0.735417 0.190625 0.7375 0.185938 0.7375 0.184375 0.739583 0.18125 0.739583 0.179688 0.741667 0.175 0.741667 0.173438 0.74375 0.16875 0.74375 0.167188 0.745833 0.164062 0.745833 0.1625 0.747917 0.157812 0.747917 0.15625 0.75 0.153125 0.75 0.151562 0.752083 0.146875 0.752083 0.145312 0.754167 0.142188 0.754167 0.140625 0.75625 0.1375 0.75625 0.135938 0.758333 0.134375 0.758333 0.132812 0.760417 0.129688 0.760417 0.128125 0.7625 0.125 0.7625 0.123438 0.764583 0.120312 0.764583 0.11875 0.766667 0.115625 0.766667 0.114062 0.76875 0.1125 0.76875 0.110938 0.770833 0.107812 0.770833 0.10625 0.772917 0.103125 0.772917 0.101562 0.775 0.098438 0.775 0.096875 0.777083 0.095312 0.777083 0.09375 0.779167 0.090625 0.779167 0.089062 0.78125 0.085938 0.78125 0.084375 0.783333 0.08125 0.783333 0.079688 0.785417 0.076562 0.785417 0.075 0.7875 0.073438 0.7875 0.071875 0.789583 0.06875 0.789583 0.067188 0.791667 0.064062 0.791667 0.0625 0.79375 0.054688 0.79375 0.053125 0.795833 0.045312 0.795833 0.04375 0.797917 0.035938 0.797917 0.034375 0.8 0.028125 0.8 0.026562 0.802083 0.01875 0.802083 0.017188 0.804167 0.009375 0.804167 0.007812 0.80625 0.0 0.80625 0.0 0.997917 0.998438 0.997917 0.998438 0.891667 0.989062 0.891667 0.9875 0.89375 0.978125 0.89375 0.976562 0.895833 0.975 0.89375 0.96875 0.89375 0.967188 0.891667 0.9625 0.891667 0.960938 0.889583 0.954688 0.889583 0.95 0.883333 0.948438 0.883333 0.94375 0.877083 0.945312 0.875 0.946875 0.875 0.948438 0.872917 0.929688 0.872917 0.932812 0.877083 0.934375 0.877083 0.940625 0.885417 0.942188 0.885417 0.945312 0.889583 0.945312 0.89375 0.946875 0.895833 0.946875 0.904167 0.948438 0.90625 0.948438 0.914583 0.95 0.916667 0.95 0.920833 0.948438 0.922917 0.94375 0.922917 0.942188 0.925 0.939062 0.925 0.9375 0.927083 0.932812 0.927083 0.93125 0.929167 0.928125 0.929167 0.926562 0.93125 0.925 0.929167 0.921875 0.929167 0.920312 0.927083 0.917188 0.927083 0.915625 0.925 0.9125 0.925 0.910938 0.922917 0.907812 0.922917 0.90625 0.920833 0.903125 0.920833 0.901562 0.91875 0.898438 0.91875 0.896875 0.916667 0.89375 0.916667 0.892188 0.914583 0.889062 0.914583 0.8875 0.9125 0.884375 0.9125 0.882812 0.910417 0.879688 0.910417 0.878125 0.908333 0.875 0.908333 0.873438 0.90625 0.870312 0.90625 0.86875 0.904167 0.86875 0.897917 0.867188 0.895833 0.867188 0.891667 0.842188 0.891667 0.840625 0.89375 0.839062 0.891667 0.839062 0.88125 0.8375 0.879167 0.8375 0.86875 0.839062 0.866667 0.840625 0.866667 0.84375 0.8625 0.845312 0.8625 0.828125 0.8625 0.826562 0.860417 0.809375 0.860417 0.807812 0.858333 0.809375 0.85625 0.809375 0.854167 0.8125 0.85 0.8125 0.847917 0.814062 0.845833 0.814062 0.84375 0.817188 0.839583 0.823438 0.839583 0.825 0.8375 0.832812 0.8375 0.834375 0.835417 0.840625 0.835417 0.842188 0.833333 0.848438 0.833333 0.85 0.83125 0.851562 0.83125 0.853125 0.829167 0.854688 0.829167 0.85625 0.827083 0.857812 0.827083 0.85625 0.827083 0.853125 0.822917 0.851562 0.822917 0.85 0.820833 0.848438 0.820833 0.846875 0.81875 0.846875 0.816667 0.845312 0.814583 0.845312 0.808333 0.84375 0.80625 0.84375 0.802083 0.842188 0.8 0.842188 0.79375 0.840625 0.791667 0.840625 0.789583 0.84375 0.785417 0.845312 0.785417 0.848438 0.78125 0.85 0.78125 0.854688 0.775 0.85625 0.775 0.859375 0.770833 0.8625 0.770833 0.864062 0.76875 0.865625 0.76875 0.867188 0.766667 0.870312 0.766667 0.871875 0.764583 0.873438 0.764583 0.875 0.7625 0.876562 0.7625 0.878125 0.760417 0.88125 0.760417 0.882812 0.758333 0.884375 0.758333 0.885938 0.75625 0.8875 0.75625 0.889062 0.754167 0.895312 0.754167 0.896875 0.752083 0.903125 0.752083 0.904688 0.75 0.910938 0.75 0.9125 0.747917 0.914062 0.75 0.915625 0.75 0.91875 0.754167 0.920312 0.754167 0.923438 0.758333 0.925 0.758333 0.926562 0.760417 0.932812 0.760417 0.934375 0.7625 0.940625 0.7625 0.942188 0.764583 0.95 0.764583 0.951562 0.766667 0.957812 0.766667 0.960938 0.7625 0.960938 0.760417 0.965625 0.754167 0.942188 0.754167 0.940625 0.752083 0.929688 0.752083 0.928125 0.75 0.928125 0.747917 0.929688 0.745833 0.929688 0.741667 0.93125 0.739583 0.93125 0.735417 0.932812 0.733333 0.932812 0.729167 0.934375 0.727083 0.934375 0.725 0.935938 0.722917 0.946875 0.722917 0.948438 0.720833 0.959375 0.720833 0.960938 0.71875 0.973438 0.71875 0.975 0.716667 0.985938 0.716667 0.9875 0.714583 0.998438 0.714583 0.998438 0.39375
