0 0.403769 0.849192 0.403769 0.854578 0.405114 0.852783 0.415882 0.852783 0.414536 0.850987 0.414536 0.849192
0 0.535666 0.736086 0.530283 0.743268 0.545087 0.743268 0.546433 0.745063 0.547779 0.743268 0.547779 0.741472 0.549125 0.739677 0.543742 0.739677 0.542396 0.737882 0.537012 0.737882
0 0.597577 0.719928 0.596231 0.721724 0.581427 0.721724 0.581427 0.723519 0.582773 0.725314 0.582773 0.72711 0.584118 0.725314 0.597577 0.725314
0 0.185734 0.653501 0.185734 0.655296 0.184388 0.657092 0.184388 0.658887 0.183042 0.660682 0.183042 0.662478 0.181696 0.664273 0.197847 0.664273 0.197847 0.660682 0.199192 0.658887 0.199192 0.655296 0.193809 0.655296 0.192463 0.653501
0 0.605653 0.633752 0.604307 0.635548 0.604307 0.637343 0.601615 0.640934 0.619112 0.640934 0.617766 0.640934 0.61642 0.639138 0.613728 0.639138 0.612382 0.637343 0.611036 0.637343 0.60969 0.635548 0.606999 0.635548
0 0.635262 0.371634 0.633917 0.373429 0.632571 0.373429 0.631225 0.375224 0.628533 0.375224 0.627187 0.37702 0.625841 0.37702 0.627187 0.37702 0.629879 0.38061 0.637954 0.38061 0.637954 0.378815 0.636608 0.37702 0.636608 0.375224 0.635262 0.373429
0 0.274563 0.312388 0.274563 0.314183 0.273217 0.315978 0.273217 0.317774 0.271871 0.319569 0.271871 0.321364 0.30821 0.321364 0.309556 0.32316 0.345895 0.32316 0.347241 0.324955 0.347241 0.317774 0.324361 0.317774 0.323015 0.315978 0.300135 0.315978 0.298789 0.314183 0.275908 0.314183
0 0.355316 0.307002 0.355316 0.314183 0.378197 0.314183 0.378197 0.308797 0.356662 0.308797
0 0.126514 0.29623 0.126514 0.307002 0.12786 0.308797 0.12786 0.319569 0.162853 0.319569 0.162853 0.308797 0.164199 0.307002 0.164199 0.29623
0 0.096904 0.280072 0.095559 0.281867 0.092867 0.281867 0.091521 0.283662 0.090175 0.283662 0.088829 0.285458 0.086137 0.285458 0.084791 0.287253 0.083445 0.287253 0.080754 0.290844 0.079408 0.290844 0.078062 0.292639 0.076716 0.292639 0.0821 0.292639 0.083445 0.294434 0.088829 0.294434 0.090175 0.29623 0.091521 0.294434 0.092867 0.294434 0.094213 0.292639 0.095559 0.292639 0.09825 0.289048 0.099596 0.289048 0.100942 0.287253 0.102288 0.287253
1 0.018843 0.852783 0.018843 0.854578 0.02288 0.859964 0.02288 0.861759 0.026918 0.867145 0.026918 0.868941 0.028264 0.870736 0.028264 0.876122 0.02961 0.876122 0.030956 0.877917 0.032301 0.877917 0.033647 0.879713 0.034993 0.879713 0.036339 0.881508 0.037685 0.881508 0.039031 0.883303 0.040377 0.883303 0.041723 0.885099 0.043069 0.885099 0.044415 0.886894 0.04576 0.886894 0.047106 0.888689 0.048452 0.888689 0.049798 0.890485 0.051144 0.890485 0.05249 0.89228 0.053836 0.89228 0.055182 0.894075 0.055182 0.901257 0.053836 0.903052 0.053836 0.912029 0.05249 0.913824 0.05249 0.915619 0.049798 0.91921 0.049798 0.921005 0.047106 0.924596 0.047106 0.926391 0.04576 0.928187 0.04576 0.931777 0.047106 0.933573 0.047106 0.940754 0.048452 0.942549 0.048452 0.94614 0.047106 0.947935 0.013459 0.947935 0.013459 0.949731 0.012113 0.951526 0.012113 0.953321 0.010767 0.955117 0.010767 0.956912 0.009421 0.958707 0.009421 0.960503 0.008075 0.962298 0.008075 0.964093 0.006729 0.965889 0.032301 0.965889 0.036339 0.971275 0.036339 0.97307 0.043069 0.982047 0.043069 0.983842 0.04576 0.987433 0.047106 0.987433 0.049798 0.991023 0.051144 0.991023 0.05249 0.992819 0.053836 0.992819 0.055182 0.994614 0.056528 0.994614 0.059219 0.998205 0.071332 0.998205 0.071332 0.996409 0.072678 0.994614 0.072678 0.985637 0.074024 0.983842 0.074024 0.974865 0.07537 0.97307 0.07537 0.964093 0.076716 0.962298 0.076716 0.960503 0.063257 0.960503 0.061911 0.962298 0.060565 0.960503 0.060565 0.956912 0.059219 0.955117 0.059219 0.94614 0.057873 0.944345 0.057873 0.937163 0.056528 0.935368 0.056528 0.931777 0.059219 0.928187 0.060565 0.928187 0.065949 0.921005 0.067295 0.921005 0.072678 0.913824 0.074024 0.913824 0.078062 0.908438 0.079408 0.910233 0.080754 0.910233 0.0821 0.912029 0.083445 0.912029 0.084791 0.913824 0.086137 0.913824 0.087483 0.915619 0.087483 0.912029 0.086137 0.910233 0.086137 0.904847 0.087483 0.903052 0.088829 0.904847 0.092867 0.904847 0.094213 0.906643 0.09825 0.906643 0.099596 0.908438 0.100942 0.908438 0.099596 0.906643 0.099596 0.904847 0.094213 0.897666 0.094213 0.895871 0.088829 0.888689 0.088829 0.886894 0.087483 0.885099 0.086137 0.885099 0.083445 0.888689 0.0821 0.888689 0.079408 0.89228 0.072678 0.883303 0.071332 0.883303 0.067295 0.877917 0.060565 0.877917 0.059219 0.879713 0.056528 0.876122 0.056528 0.874327 0.055182 0.872531 0.055182 0.870736 0.053836 0.868941 0.053836 0.867145 0.05249 0.86535 0.05249 0.863555 0.051144 0.861759 0.047106 0.861759 0.04576 0.859964 0.040377 0.859964 0.039031 0.858169 0.034993 0.858169 0.033647 0.856373 0.028264 0.856373 0.026918 0.854578 0.02288 0.854578 0.021534 0.852783
1 0.213997 0.83842 0.212651 0.840215 0.211306 0.840215 0.208614 0.843806 0.207268 0.843806 0.205922 0.845601 0.204576 0.845601 0.201884 0.849192 0.200538 0.849192 0.197847 0.852783 0.196501 0.852783 0.195155 0.854578 0.193809 0.854578 0.191117 0.858169 0.189771 0.858169 0.188425 0.859964 0.187079 0.859964 0.184388 0.863555 0.183042 0.863555 0.181696 0.86535 0.18035 0.86535 0.177658 0.868941 0.176312 0.868941 0.17362 0.872531 0.172275 0.872531 0.170929 0.874327 0.169583 0.874327 0.166891 0.877917 0.165545 0.877917 0.164199 0.879713 0.162853 0.879713 0.160162 0.883303 0.158816 0.883303 0.15747 0.885099 0.156124 0.885099 0.154778 0.886894 0.153432 0.886894 0.152086 0.888689 0.15074 0.888689 0.149394 0.890485 0.148048 0.890485 0.146703 0.89228 0.145357 0.89228 0.144011 0.894075 0.141319 0.894075 0.139973 0.895871 0.138627 0.895871 0.137281 0.897666 0.135935 0.897666 0.13459 0.899461 0.133244 0.899461 0.131898 0.901257 0.130552 0.901257 0.130552 0.906643 0.131898 0.904847 0.133244 0.904847 0.13459 0.903052 0.135935 0.903052 0.137281 0.901257 0.138627 0.901257 0.139973 0.899461 0.141319 0.899461 0.142665 0.897666 0.144011 0.897666 0.145357 0.895871 0.146703 0.895871 0.148048 0.894075 0.15074 0.894075 0.152086 0.89228 0.153432 0.89228 0.154778 0.890485 0.156124 0.890485 0.15747 0.888689 0.158816 0.888689 0.160162 0.886894 0.161507 0.886894 0.162853 0.885099 0.164199 0.885099 0.165545 0.883303 0.166891 0.883303 0.168237 0.885099 0.168237 0.886894 0.169583 0.888689 0.179004 0.888689 0.18035 0.890485 0.183042 0.886894 0.184388 0.886894 0.189771 0.879713 0.191117 0.879713 0.192463 0.877917 0.18035 0.877917 0.179004 0.876122 0.18035 0.874327 0.181696 0.874327 0.184388 0.870736 0.185734 0.870736 0.188425 0.867145 0.189771 0.867145 0.193809 0.861759 0.195155 0.861759 0.197847 0.858169 0.199192 0.858169 0.20323 0.852783 0.204576 0.852783 0.207268 0.849192 0.208614 0.849192 0.211306 0.845601 0.212651 0.845601 0.213997 0.843806
1 0.768506 0.804309 0.76716 0.806104 0.761777 0.806104 0.761777 0.815081 0.763122 0.816876 0.763122 0.834829 0.764468 0.836625 0.764468 0.845601 0.772544 0.845601 0.772544 0.840215 0.771198 0.83842 0.771198 0.825853 0.769852 0.824057 0.769852 0.81149 0.768506 0.809695
1 0.065949 0.800718 0.064603 0.802513 0.064603 0.804309 0.060565 0.809695 0.057873 0.809695 0.056528 0.81149 0.053836 0.81149 0.053836 0.818671 0.055182 0.820467 0.055182 0.827648 0.076716 0.827648 0.078062 0.825853 0.078062 0.824057 0.079408 0.822262 0.079408 0.820467 0.080754 0.818671 0.080754 0.816876 0.0821 0.815081 0.0821 0.813285 0.083445 0.81149 0.0821 0.81149 0.080754 0.809695 0.079408 0.809695 0.078062 0.807899 0.07537 0.807899 0.074024 0.806104 0.072678 0.806104 0.071332 0.804309 0.069987 0.804309 0.068641 0.802513 0.067295 0.802513
1 0.500673 0.766607 0.500673 0.771993 0.499327 0.773788 0.499327 0.779174 0.500673 0.779174 0.502019 0.780969 0.504711 0.780969 0.506057 0.782765 0.507402 0.782765 0.508748 0.78456 0.51144 0.78456 0.512786 0.786355 0.514132 0.786355 0.515478 0.788151 0.520861 0.788151 0.522207 0.789946 0.527591 0.789946 0.528937 0.791741 0.530283 0.789946 0.530283 0.788151 0.532974 0.78456 0.532974 0.782765 0.53432 0.780969 0.519515 0.780969 0.51817 0.779174 0.516824 0.779174 0.515478 0.777379 0.514132 0.777379 0.512786 0.775583 0.51144 0.775583 0.508748 0.771993 0.507402 0.771993 0.506057 0.770197 0.504711 0.770197 0.503365 0.768402 0.502019 0.768402
1 0.071332 0.761221 0.071332 0.764811 0.069987 0.766607 0.069987 0.770197 0.0821 0.770197 0.083445 0.771993 0.094213 0.771993 0.095559 0.773788 0.099596 0.768402 0.100942 0.768402 0.102288 0.766607 0.092867 0.766607 0.091521 0.764811 0.083445 0.764811 0.0821 0.763016 0.072678 0.763016
1 0.053836 0.680431 0.048452 0.687612 0.047106 0.687612 0.044415 0.691203 0.001346 0.691203 0.0 0.692998 0.0 0.70377 0.006729 0.70377 0.008075 0.701975 0.014805 0.701975 0.016151 0.70018 0.02288 0.70018 0.024226 0.698384 0.030956 0.698384 0.032301 0.696589 0.036339 0.701975 0.037685 0.701975 0.040377 0.705566 0.043069 0.705566 0.044415 0.70377 0.047106 0.70377 0.048452 0.701975 0.049798 0.701975 0.051144 0.70018 0.053836 0.70018 0.055182 0.698384 0.057873 0.698384 0.057873 0.692998 0.056528 0.691203 0.056528 0.682226 0.055182 0.680431
1 0.316285 0.642729 0.314939 0.644524 0.28533 0.644524 0.28533 0.655296 0.286676 0.653501 0.296097 0.653501 0.297443 0.651706 0.305518 0.651706 0.306864 0.64991 0.316285 0.64991
1 0.912517 0.633752 0.909825 0.637343 0.911171 0.637343 0.912517 0.639138 0.913863 0.639138 0.916555 0.642729 0.9179 0.642729 0.920592 0.64632 0.920592 0.648115 0.921938 0.64991 0.921938 0.651706 0.923284 0.653501 0.925976 0.653501 0.927322 0.655296 0.930013 0.655296 0.931359 0.657092 0.934051 0.657092 0.935397 0.658887 0.938089 0.658887 0.939435 0.660682 0.942127 0.660682 0.943472 0.662478 0.946164 0.662478 0.94751 0.664273 0.950202 0.664273 0.951548 0.666068 0.951548 0.667864 0.952894 0.669659 0.952894 0.67325 0.95424 0.675045 0.95424 0.680431 0.955585 0.682226 0.955585 0.685817 0.956931 0.687612 0.956931 0.689408 0.960969 0.689408 0.962315 0.691203 0.966353 0.691203 0.967699 0.692998 0.971736 0.692998 0.973082 0.694794 0.971736 0.692998 0.971736 0.691203 0.97039 0.689408 0.97039 0.687612 0.967699 0.684022 0.967699 0.682226 0.966353 0.680431 0.966353 0.678636 0.967699 0.67684 0.969044 0.678636 0.971736 0.678636 0.973082 0.680431 0.973082 0.667864 0.969044 0.667864 0.967699 0.666068 0.963661 0.666068 0.962315 0.664273 0.956931 0.664273 0.955585 0.662478 0.951548 0.662478 0.950202 0.660682 0.946164 0.660682 0.944818 0.658887 0.940781 0.658887 0.934051 0.64991 0.934051 0.648115 0.930013 0.642729 0.927322 0.642729 0.925976 0.640934 0.92463 0.640934 0.923284 0.639138 0.920592 0.639138 0.919246 0.637343 0.9179 0.637343 0.916555 0.635548 0.913863 0.635548
1 0.569314 0.617594 0.566622 0.621185 0.565276 0.621185 0.56393 0.62298 0.56393 0.624776 0.562584 0.626571 0.562584 0.628366 0.559892 0.631957 0.550471 0.631957 0.549125 0.633752 0.546433 0.633752 0.545087 0.635548 0.543742 0.635548 0.542396 0.637343 0.539704 0.637343 0.54105 0.637343 0.543742 0.640934 0.545087 0.640934 0.546433 0.642729 0.547779 0.640934 0.549125 0.640934 0.550471 0.639138 0.553163 0.639138 0.554509 0.637343 0.555855 0.637343 0.557201 0.635548 0.566622 0.635548 0.567968 0.637343 0.567968 0.630162 0.570659 0.626571 0.570659 0.624776 0.573351 0.621185 0.572005 0.621185
1 0.026918 0.597846 0.021534 0.605027 0.018843 0.605027 0.017497 0.606822 0.014805 0.606822 0.017497 0.610413 0.018843 0.610413 0.024226 0.617594 0.02961 0.610413 0.030956 0.610413 0.033647 0.606822
1 0.106326 0.581688 0.10498 0.583483 0.10498 0.585278 0.100942 0.590664 0.100942 0.59246 0.09825 0.59605 0.107672 0.59605 0.110363 0.599641 0.110363 0.603232 0.111709 0.605027 0.111709 0.608618 0.113055 0.610413 0.113055 0.612208 0.114401 0.614004 0.114401 0.617594 0.115747 0.61939 0.115747 0.62298 0.117093 0.624776 0.117093 0.626571 0.109017 0.637343 0.10498 0.637343 0.103634 0.639138 0.099596 0.639138 0.09825 0.640934 0.092867 0.640934 0.091521 0.642729 0.087483 0.642729 0.086137 0.644524 0.0821 0.644524 0.083445 0.644524 0.084791 0.64632 0.086137 0.64632 0.087483 0.648115 0.090175 0.648115 0.091521 0.64991 0.092867 0.64991 0.094213 0.651706 0.095559 0.651706 0.096904 0.653501 0.095559 0.655296 0.091521 0.655296 0.090175 0.657092 0.087483 0.657092 0.086137 0.658887 0.0821 0.658887 0.080754 0.660682 0.072678 0.660682 0.071332 0.658887 0.067295 0.658887 0.065949 0.657092 0.061911 0.657092 0.060565 0.655296 0.056528 0.655296 0.055182 0.653501 0.055182 0.651706 0.056528 0.64991 0.056528 0.64632 0.057873 0.644524 0.057873 0.642729 0.055182 0.64632 0.053836 0.64632 0.051144 0.64991 0.049798 0.64991 0.047106 0.653501 0.04576 0.653501 0.043069 0.657092 0.037685 0.657092 0.036339 0.658887 0.030956 0.658887 0.02961 0.660682 0.025572 0.660682 0.024226 0.662478 0.018843 0.662478 0.017497 0.664273 0.012113 0.664273 0.010767 0.666068 0.010767 0.667864 0.009421 0.669659 0.009421 0.671454 0.008075 0.67325 0.009421 0.671454 0.013459 0.671454 0.014805 0.669659 0.018843 0.669659 0.020188 0.667864 0.041723 0.667864 0.044415 0.671454 0.04576 0.671454 0.047106 0.67325 0.048452 0.671454 0.051144 0.671454 0.05249 0.669659 0.055182 0.669659 0.056528 0.667864 0.060565 0.667864 0.061911 0.666068 0.080754 0.666068 0.0821 0.667864 0.083445 0.666068 0.091521 0.666068 0.092867 0.664273 0.099596 0.664273 0.100942 0.662478 0.111709 0.662478 0.113055 0.664273 0.115747 0.664273 0.117093 0.666068 0.119785 0.662478 0.119785 0.660682 0.125168 0.653501 0.125168 0.651706 0.12786 0.648115 0.13459 0.648115 0.135935 0.64991 0.142665 0.64991 0.144011 0.651706 0.149394 0.651706 0.15074 0.653501 0.15747 0.653501 0.158816 0.655296 0.164199 0.655296 0.166891 0.658887 0.166891 0.662478 0.168237 0.664273 0.168237 0.667864 0.166891 0.669659 0.165545 0.669659 0.164199 0.671454 0.162853 0.671454 0.161507 0.67325 0.160162 0.67325 0.169583 0.67325 0.170929 0.675045 0.170929 0.67684 0.169583 0.678636 0.169583 0.680431 0.168237 0.682226 0.168237 0.684022 0.166891 0.685817 0.166891 0.687612 0.168237 0.685817 0.18035 0.685817 0.181696 0.684022 0.200538 0.684022 0.200538 0.682226 0.201884 0.680431 0.201884 0.675045 0.20323 0.67325 0.20323 0.671454 0.204576 0.669659 0.220727 0.669659 0.220727 0.662478 0.219381 0.664273 0.20996 0.664273 0.208614 0.666068 0.181696 0.666068 0.18035 0.664273 0.181696 0.662478 0.181696 0.660682 0.183042 0.658887 0.183042 0.657092 0.184388 0.655296 0.184388 0.653501 0.187079 0.64991 0.187079 0.648115 0.188425 0.64632 0.188425 0.644524 0.204576 0.62298 0.205922 0.62298 0.207268 0.621185 0.227456 0.621185 0.228802 0.62298 0.230148 0.621185 0.234186 0.621185 0.235532 0.61939 0.238223 0.61939 0.239569 0.617594 0.243607 0.617594 0.244953 0.615799 0.248991 0.615799 0.250336 0.614004 0.250336 0.612208 0.251682 0.610413 0.251682 0.608618 0.254374 0.605027 0.254374 0.603232 0.25572 0.601436 0.239569 0.601436 0.235532 0.59605 0.234186 0.59605 0.230148 0.590664 0.223419 0.599641 0.219381 0.599641 0.218035 0.597846 0.215343 0.597846 0.213997 0.59605 0.20996 0.59605 0.208614 0.594255 0.207268 0.59605 0.207268 0.597846 0.205922 0.599641 0.205922 0.601436 0.20323 0.605027 0.20323 0.606822 0.199192 0.612208 0.199192 0.614004 0.192463 0.62298 0.192463 0.624776 0.185734 0.633752 0.185734 0.635548 0.181696 0.640934 0.18035 0.639138 0.18035 0.637343 0.179004 0.635548 0.179004 0.633752 0.177658 0.631957 0.176312 0.633752 0.166891 0.633752 0.165545 0.635548 0.15747 0.635548 0.156124 0.633752 0.15747 0.631957 0.15747 0.630162 0.158816 0.628366 0.158816 0.626571 0.160162 0.624776 0.160162 0.62298 0.161507 0.621185 0.161507 0.614004 0.162853 0.612208 0.162853 0.605027 0.15747 0.605027 0.156124 0.603232 0.15074 0.603232 0.149394 0.601436 0.148048 0.603232 0.138627 0.603232 0.137281 0.605027 0.126514 0.605027 0.122476 0.599641 0.121131 0.599641 0.113055 0.588869 0.111709 0.588869
1 0.862719 0.574506 0.86541 0.574506 0.866756 0.576302 0.870794 0.576302 0.87214 0.578097 0.874832 0.578097 0.876178 0.579892 0.878869 0.579892 0.880215 0.581688 0.882907 0.581688 0.884253 0.583483 0.888291 0.583483 0.889637 0.585278 0.892328 0.585278 0.893674 0.587074 0.896366 0.587074 0.897712 0.588869 0.905787 0.588869 0.907133 0.590664 0.913863 0.590664 0.911171 0.590664 0.909825 0.588869 0.908479 0.588869 0.907133 0.587074 0.905787 0.587074 0.904441 0.585278 0.907133 0.581688 0.907133 0.574506
1 0.958277 0.560144 0.956931 0.561939 0.956931 0.563734 0.95424 0.567325 0.95424 0.56912 0.950202 0.574506 0.950202 0.576302 0.948856 0.578097 0.950202 0.579892 0.950202 0.581688 0.951548 0.583483 0.951548 0.585278 0.952894 0.587074 0.956931 0.587074 0.958277 0.588869 0.960969 0.588869 0.962315 0.590664 0.966353 0.590664 0.967699 0.59246 0.97039 0.59246 0.971736 0.594255 0.963661 0.583483 0.963661 0.579892 0.965007 0.578097 0.965007 0.576302 0.963661 0.574506 0.963661 0.572711 0.962315 0.570916 0.962315 0.56912 0.960969 0.567325 0.960969 0.56553 0.959623 0.563734 0.959623 0.561939
1 0.492598 0.547576 0.491252 0.549372 0.491252 0.551167 0.489906 0.552962 0.489906 0.554758 0.487214 0.558348 0.487214 0.560144 0.485868 0.561939 0.48856 0.561939 0.489906 0.563734 0.492598 0.563734 0.493943 0.56553 0.495289 0.563734 0.496635 0.563734 0.497981 0.561939 0.499327 0.561939 0.500673 0.560144 0.502019 0.560144 0.502019 0.558348 0.503365 0.556553 0.503365 0.552962 0.504711 0.551167 0.504711 0.549372 0.493943 0.549372
1 0.920592 0.5386 0.920592 0.54219 0.919246 0.543986 0.919246 0.547576 0.921938 0.547576 0.923284 0.549372 0.925976 0.549372 0.927322 0.551167 0.927322 0.549372 0.928668 0.547576 0.928668 0.545781 0.927322 0.545781 0.92463 0.54219 0.923284 0.54219
1 0.152086 0.526032 0.148048 0.531418 0.148048 0.533214 0.144011 0.5386 0.152086 0.5386 0.153432 0.540395 0.161507 0.540395 0.162853 0.54219 0.161507 0.543986 0.160162 0.543986 0.15747 0.547576 0.156124 0.547576 0.154778 0.549372 0.153432 0.549372 0.15074 0.552962 0.149394 0.552962 0.15074 0.554758 0.152086 0.554758 0.154778 0.558348 0.156124 0.556553 0.158816 0.556553 0.160162 0.554758 0.161507 0.554758 0.162853 0.552962 0.165545 0.552962 0.166891 0.551167 0.168237 0.551167 0.169583 0.549372 0.172275 0.549372 0.172275 0.547576 0.170929 0.545781 0.170929 0.540395 0.169583 0.5386 0.169583 0.536804 0.160162 0.536804 0.158816 0.535009 0.160162 0.533214 0.161507 0.533214 0.164199 0.529623 0.165545 0.529623 0.166891 0.527828 0.168237 0.527828 0.169583 0.526032 0.170929 0.526032
1 0.92463 0.500898 0.92463 0.509874 0.931359 0.509874 0.932705 0.51167 0.939435 0.51167 0.940781 0.513465 0.940781 0.51167 0.942127 0.509874 0.942127 0.508079 0.943472 0.506284 0.938089 0.506284 0.936743 0.504488 0.932705 0.504488 0.931359 0.502693 0.925976 0.502693
1 0.960969 0.479354 0.960969 0.481149 0.962315 0.482944 0.962315 0.486535 0.978466 0.486535 0.978466 0.481149 0.962315 0.481149
1 0.135935 0.429084 0.133244 0.432675 0.133244 0.43447 0.130552 0.438061 0.131898 0.438061 0.133244 0.439856 0.13459 0.439856 0.137281 0.443447 0.138627 0.443447 0.139973 0.445242 0.141319 0.445242 0.142665 0.447038 0.144011 0.447038 0.145357 0.448833 0.146703 0.448833 0.148048 0.450628 0.149394 0.450628 0.152086 0.454219 0.153432 0.454219 0.154778 0.456014 0.156124 0.456014 0.15747 0.45781 0.162853 0.45781 0.164199 0.459605 0.169583 0.459605 0.170929 0.4614 0.176312 0.4614 0.177658 0.463196 0.177658 0.466786 0.179004 0.468582 0.179004 0.473968 0.187079 0.473968 0.188425 0.475763 0.196501 0.475763 0.197847 0.477558 0.205922 0.477558 0.207268 0.479354 0.215343 0.479354 0.216689 0.481149 0.224764 0.481149 0.22611 0.482944 0.236878 0.482944 0.238223 0.48474 0.250336 0.48474 0.251682 0.486535 0.26245 0.486535 0.263795 0.48833 0.275908 0.48833 0.277254 0.490126 0.288022 0.490126 0.289367 0.491921 0.293405 0.491921 0.294751 0.493716 0.298789 0.493716 0.300135 0.495512 0.304172 0.495512 0.305518 0.497307 0.309556 0.497307 0.310902 0.499102 0.313594 0.499102 0.314939 0.500898 0.318977 0.500898 0.320323 0.502693 0.324361 0.502693 0.325707 0.504488 0.329744 0.504488 0.33109 0.506284 0.335128 0.506284 0.336474 0.508079 0.336474 0.506284 0.33782 0.504488 0.336474 0.504488 0.335128 0.502693 0.333782 0.502693 0.332436 0.500898 0.33109 0.500898 0.329744 0.499102 0.328398 0.499102 0.327052 0.497307 0.325707 0.497307 0.324361 0.495512 0.323015 0.495512 0.321669 0.493716 0.320323 0.493716 0.318977 0.491921 0.317631 0.491921 0.316285 0.490126 0.317631 0.48833 0.320323 0.48833 0.321669 0.490126 0.328398 0.490126 0.329744 0.491921 0.33782 0.491921 0.339166 0.493716 0.345895 0.493716 0.347241 0.495512 0.35397 0.495512 0.355316 0.497307 0.362046 0.497307 0.363392 0.499102 0.367429 0.499102 0.368775 0.500898 0.374159 0.500898 0.375505 0.502693 0.379542 0.502693 0.380888 0.504488 0.386272 0.504488 0.387618 0.506284 0.391655 0.506284 0.393001 0.508079 0.398385 0.508079 0.399731 0.509874 0.403769 0.509874 0.405114 0.51167 0.409152 0.51167 0.410498 0.513465 0.415882 0.513465 0.417227 0.51526 0.421265 0.51526 0.422611 0.517056 0.427995 0.517056 0.429341 0.518851 0.433378 0.518851 0.434724 0.520646 0.434724 0.509874 0.432032 0.506284 0.432032 0.504488 0.427995 0.499102 0.427995 0.497307 0.425303 0.493716 0.421265 0.493716 0.419919 0.491921 0.415882 0.491921 0.414536 0.490126 0.409152 0.490126 0.407806 0.48833 0.403769 0.48833 0.402423 0.486535 0.398385 0.486535 0.397039 0.48474 0.393001 0.48474 0.391655 0.482944 0.387618 0.482944 0.386272 0.481149 0.380888 0.481149 0.379542 0.479354 0.375505 0.479354 0.374159 0.477558 0.370121 0.477558 0.368775 0.475763 0.364738 0.475763 0.363392 0.473968 0.359354 0.473968 0.358008 0.472172 0.352624 0.472172 0.351279 0.470377 0.347241 0.470377 0.345895 0.468582 0.341857 0.468582 0.340511 0.466786 0.339166 0.468582 0.222073 0.468582 0.220727 0.466786 0.219381 0.466786 0.218035 0.464991 0.215343 0.464991 0.213997 0.463196 0.212651 0.463196 0.211306 0.4614 0.208614 0.4614 0.207268 0.459605 0.205922 0.459605 0.204576 0.45781 0.201884 0.45781 0.200538 0.456014 0.199192 0.456014 0.197847 0.454219 0.195155 0.454219 0.193809 0.452424 0.192463 0.452424 0.191117 0.450628 0.188425 0.450628 0.187079 0.448833 0.185734 0.448833 0.184388 0.447038 0.181696 0.447038 0.18035 0.445242 0.179004 0.445242 0.177658 0.443447 0.174966 0.443447 0.17362 0.441652 0.172275 0.441652 0.170929 0.439856 0.160162 0.439856 0.158816 0.438061 0.154778 0.438061 0.153432 0.436266 0.15074 0.436266 0.149394 0.43447 0.146703 0.43447 0.145357 0.432675 0.141319 0.432675 0.139973 0.43088 0.137281 0.43088
1 0.0 0.371634 0.0 0.398564 0.010767 0.398564 0.014805 0.393178 0.016151 0.393178 0.021534 0.385996 0.020188 0.384201 0.020188 0.382406 0.016151 0.37702 0.016151 0.375224 0.010767 0.375224 0.009421 0.37702 0.008075 0.375224 0.006729 0.375224 0.005384 0.373429 0.002692 0.373429 0.001346 0.371634
1 0.009421 0.346499 0.008075 0.348294 0.001346 0.348294 0.0 0.35009 0.0 0.362657 0.009421 0.362657 0.010767 0.360862 0.020188 0.360862 0.021534 0.359066 0.032301 0.359066 0.033647 0.357271 0.043069 0.357271 0.044415 0.355476 0.053836 0.355476 0.055182 0.35368 0.065949 0.35368 0.067295 0.355476 0.076716 0.355476 0.078062 0.357271 0.087483 0.357271 0.087483 0.35368 0.086137 0.351885 0.086137 0.346499
1 0.376851 0.333932 0.375505 0.335727 0.374159 0.335727 0.372813 0.337522 0.370121 0.337522 0.368775 0.339318 0.367429 0.339318 0.366083 0.341113 0.363392 0.341113 0.363392 0.346499 0.362046 0.348294 0.362046 0.351885 0.376851 0.351885 0.378197 0.35368 0.394347 0.35368 0.395693 0.355476 0.410498 0.355476 0.411844 0.357271 0.41319 0.355476 0.421265 0.355476 0.421265 0.348294 0.422611 0.346499 0.422611 0.341113 0.411844 0.341113 0.410498 0.339318 0.401077 0.339318 0.399731 0.337522 0.388964 0.337522 0.387618 0.335727 0.378197 0.335727
1 0.469717 0.321364 0.468371 0.32316 0.460296 0.32316 0.45895 0.324955 0.450875 0.324955 0.449529 0.32675 0.449529 0.328546 0.445491 0.333932 0.445491 0.335727 0.442799 0.339318 0.450875 0.339318 0.452221 0.341113 0.454913 0.337522 0.456258 0.337522 0.460296 0.332136 0.461642 0.332136 0.462988 0.330341 0.492598 0.330341 0.493943 0.332136 0.503365 0.332136 0.504711 0.333932 0.515478 0.333932 0.516824 0.335727 0.526245 0.335727 0.527591 0.337522 0.537012 0.337522 0.538358 0.339318 0.538358 0.337522 0.539704 0.335727 0.539704 0.333932 0.54105 0.332136 0.54105 0.330341 0.532974 0.330341 0.531629 0.328546 0.523553 0.328546 0.522207 0.32675 0.515478 0.32675 0.514132 0.324955 0.506057 0.324955 0.504711 0.32316 0.471063 0.32316
1 0.196501 0.276481 0.196501 0.278276 0.195155 0.280072 0.195155 0.281867 0.201884 0.290844 0.200538 0.292639 0.200538 0.294434 0.199192 0.29623 0.199192 0.298025 0.195155 0.303411 0.195155 0.305206 0.191117 0.310592 0.174966 0.310592 0.170929 0.315978 0.169583 0.315978 0.164199 0.32316 0.162853 0.321364 0.12786 0.321364 0.126514 0.32316 0.07537 0.32316 0.074024 0.324955 0.05249 0.324955 0.051144 0.32675 0.049798 0.324955 0.014805 0.324955 0.013459 0.32675 0.008075 0.32675 0.006729 0.328546 0.001346 0.328546 0.0 0.330341 0.0 0.337522 0.095559 0.337522 0.096904 0.335727 0.09825 0.337522 0.130552 0.337522 0.131898 0.335727 0.13459 0.335727 0.135935 0.333932 0.138627 0.333932 0.139973 0.332136 0.201884 0.332136 0.20323 0.330341 0.204576 0.332136 0.239569 0.332136 0.238223 0.330341 0.238223 0.328546 0.236878 0.32675 0.236878 0.324955 0.235532 0.32316 0.235532 0.321364 0.234186 0.321364 0.23284 0.319569 0.230148 0.319569 0.228802 0.317774 0.230148 0.315978 0.265141 0.315978 0.265141 0.308797 0.266487 0.307002 0.28533 0.307002 0.286676 0.305206 0.296097 0.305206 0.297443 0.303411 0.309556 0.303411 0.30821 0.301616 0.30821 0.29982 0.304172 0.294434 0.30148 0.294434 0.300135 0.292639 0.296097 0.292639 0.294751 0.290844 0.273217 0.290844 0.271871 0.292639 0.254374 0.292639 0.253028 0.290844 0.248991 0.290844 0.247645 0.289048 0.244953 0.289048 0.243607 0.287253 0.239569 0.287253 0.238223 0.285458 0.234186 0.285458 0.230148 0.280072 0.228802 0.280072 0.22611 0.276481
1 0.572005 0.262118 0.569314 0.265709 0.567968 0.265709 0.565276 0.2693 0.56393 0.2693 0.561238 0.27289 0.559892 0.27289 0.553163 0.281867 0.553163 0.283662 0.554509 0.285458 0.554509 0.289048 0.555855 0.290844 0.555855 0.292639 0.554509 0.294434 0.554509 0.29623 0.553163 0.298025 0.565276 0.298025 0.565276 0.29623 0.566622 0.294434 0.566622 0.292639 0.569314 0.289048 0.582773 0.289048 0.590848 0.29982 0.600269 0.29982 0.601615 0.298025 0.60969 0.298025 0.613728 0.292639 0.615074 0.292639 0.617766 0.289048 0.617766 0.287253 0.61642 0.285458 0.61642 0.283662 0.615074 0.281867 0.615074 0.278276 0.613728 0.276481 0.613728 0.27289 0.612382 0.271095 0.612382 0.2693 0.611036 0.267504 0.611036 0.265709 0.598923 0.265709 0.597577 0.267504 0.578735 0.267504 0.576043 0.263914 0.574697 0.263914 0.573351 0.262118
