0 0.717011 0.780851 0.712242 0.787234 0.710652 0.787234 0.705882 0.793617 0.705882 0.795745 0.702703 0.8 0.704293 0.802128 0.704293 0.804255 0.705882 0.806383 0.705882 0.808511 0.707472 0.810638 0.707472 0.812766 0.712242 0.812766 0.713831 0.814894 0.718601 0.814894 0.720191 0.817021 0.721781 0.814894 0.72496 0.814894 0.72655 0.812766 0.72973 0.812766 0.73132 0.810638 0.734499 0.810638 0.734499 0.8 0.732909 0.797872 0.732909 0.795745 0.73132 0.793617 0.73132 0.791489 0.72973 0.789362 0.72973 0.787234 0.72814 0.785106 0.72337 0.785106 0.721781 0.782979 0.718601 0.782979
0 0.387917 0.744681 0.387917 0.746809 0.386328 0.748936 0.386328 0.753191 0.384738 0.755319 0.384738 0.759574 0.383148 0.761702 0.383148 0.76383 0.381558 0.765957 0.381558 0.768085 0.379968 0.770213 0.379968 0.77234 0.378378 0.774468 0.378378 0.789362 0.379968 0.789362 0.381558 0.791489 0.383148 0.789362 0.384738 0.789362 0.386328 0.787234 0.399046 0.787234 0.400636 0.785106 0.400636 0.782979 0.403816 0.778723 0.403816 0.776596 0.406995 0.77234 0.406995 0.770213 0.410175 0.765957 0.410175 0.76383 0.411765 0.761702 0.406995 0.755319 0.405405 0.755319 0.397456 0.744681
0 0.740859 0.693617 0.739269 0.695745 0.737679 0.695745 0.734499 0.7 0.732909 0.7 0.732909 0.702128 0.73132 0.704255 0.73132 0.708511 0.72973 0.710638 0.72973 0.712766 0.732909 0.717021 0.732909 0.719149 0.734499 0.721277 0.736089 0.719149 0.737679 0.719149 0.739269 0.717021 0.740859 0.717021 0.742448 0.714894 0.745628 0.714894 0.747218 0.712766 0.750397 0.712766 0.750397 0.706383
0 0.459459 0.595745 0.4531 0.604255 0.45151 0.604255 0.448331 0.608511 0.449921 0.610638 0.449921 0.612766 0.45151 0.614894 0.45151 0.617021 0.4531 0.619149 0.4531 0.621277 0.45469 0.621277 0.45787 0.625532 0.459459 0.625532 0.461049 0.62766 0.462639 0.625532 0.464229 0.625532 0.465819 0.623404 0.467409 0.623404 0.470588 0.619149 0.470588 0.617021 0.473768 0.612766 0.473768 0.610638 0.472178 0.608511 0.472178 0.606383 0.470588 0.604255 0.470588 0.602128 0.468998 0.602128 0.467409 0.6 0.464229 0.6 0.462639 0.597872 0.461049 0.597872
0 0.825119 0.570213 0.825119 0.57234 0.823529 0.574468 0.823529 0.576596 0.82194 0.578723 0.841017 0.604255 0.842607 0.602128 0.844197 0.602128 0.847377 0.597872 0.848967 0.597872 0.852146 0.593617 0.853736 0.593617 0.856916 0.589362 0.858506 0.589362 0.856916 0.587234 0.856916 0.585106 0.853736 0.580851 0.853736 0.578723 0.852146 0.576596 0.834658 0.576596 0.833068 0.574468 0.829889 0.574468 0.828299 0.57234 0.826709 0.57234
0 0.769475 0.523404 0.767886 0.525532 0.763116 0.525532 0.761526 0.52766 0.755167 0.52766 0.753577 0.529787 0.748808 0.529787 0.747218 0.531915 0.740859 0.531915 0.739269 0.534043 0.734499 0.534043 0.732909 0.53617 0.72973 0.53617 0.72814 0.538298 0.72337 0.538298 0.721781 0.540426 0.718601 0.540426 0.717011 0.542553 0.713831 0.542553 0.712242 0.544681 0.707472 0.544681 0.705882 0.546809 0.702703 0.546809 0.702703 0.553191 0.704293 0.555319 0.704293 0.56383 0.712242 0.56383 0.713831 0.565957 0.72337 0.565957 0.72496 0.568085 0.732909 0.568085 0.734499 0.570213 0.736089 0.570213 0.739269 0.574468 0.740859 0.574468 0.742448 0.576596 0.745628 0.57234 0.747218 0.57234 0.751987 0.565957 0.753577 0.565957 0.756757 0.561702 0.758347 0.561702 0.766296 0.57234 0.775835 0.57234 0.775835 0.56383 0.774245 0.561702 0.774245 0.546809 0.772655 0.544681 0.772655 0.538298 0.771065 0.53617 0.771065 0.529787 0.769475 0.52766
0 0.100159 0.523404 0.098569 0.525532 0.096979 0.525532 0.09539 0.52766 0.0938 0.52766 0.09062 0.531915 0.08903 0.531915 0.08744 0.534043 0.085851 0.534043 0.084261 0.53617 0.082671 0.53617 0.081081 0.538298 0.079491 0.538298 0.076312 0.542553 0.074722 0.542553 0.073132 0.544681 0.071542 0.544681 0.073132 0.544681 0.076312 0.548936 0.077901 0.548936 0.081081 0.553191 0.082671 0.553191 0.085851 0.557447 0.101749 0.53617 0.101749 0.531915 0.100159 0.529787
0 0.903021 0.491489 0.901431 0.493617 0.899841 0.493617 0.896661 0.497872 0.895072 0.497872 0.90461 0.510638 0.9062 0.508511 0.91256 0.508511 0.914149 0.506383 0.922099 0.506383 0.922099 0.5 0.923688 0.497872 0.923688 0.493617 0.90461 0.493617
0 0.290938 0.46383 0.289348 0.465957 0.282989 0.465957 0.281399 0.468085 0.27504 0.468085 0.27345 0.470213 0.267091 0.470213 0.265501 0.47234 0.259141 0.47234 0.257552 0.474468 0.251192 0.474468 0.251192 0.476596 0.252782 0.478723 0.252782 0.482979 0.254372 0.485106 0.254372 0.487234 0.255962 0.485106 0.259141 0.485106 0.260731 0.482979 0.262321 0.482979 0.263911 0.480851 0.267091 0.480851 0.26868 0.478723 0.278219 0.478723 0.279809 0.476596 0.290938 0.476596
0 0.809221 0.461702 0.807631 0.46383 0.798092 0.46383 0.798092 0.465957 0.799682 0.468085 0.799682 0.47234 0.804452 0.478723 0.823529 0.478723 0.825119 0.476596 0.825119 0.474468 0.828299 0.470213 0.825119 0.465957 0.825119 0.46383 0.823529 0.461702
0 0.187599 0.461702 0.17806 0.474468 0.18124 0.478723 0.18283 0.478723 0.187599 0.485106 0.190779 0.480851 0.192369 0.480851 0.193959 0.478723 0.193959 0.476596 0.195548 0.474468 0.195548 0.47234 0.197138 0.470213 0.195548 0.470213 0.192369 0.465957 0.190779 0.465957
0 0.076312 0.444681 0.074722 0.446809 0.073132 0.446809 0.071542 0.448936 0.068362 0.448936 0.066773 0.451064 0.065183 0.451064 0.065183 0.453191 0.063593 0.455319 0.063593 0.457447 0.062003 0.459574 0.062003 0.461702 0.063593 0.46383 0.063593 0.465957 0.066773 0.470213 0.066773 0.47234 0.068362 0.474468 0.069952 0.47234 0.071542 0.47234 0.074722 0.468085 0.076312 0.468085 0.079491 0.46383 0.081081 0.46383 0.084261 0.459574 0.085851 0.459574 0.081081 0.453191 0.081081 0.451064
0 0.023847 0.412766 0.022258 0.414894 0.017488 0.414894 0.015898 0.417021 0.011129 0.417021 0.009539 0.419149 0.009539 0.421277 0.006359 0.425532 0.006359 0.42766 0.00318 0.431915 0.00318 0.434043 0.0 0.438298 0.0 0.506383 0.004769 0.506383 0.006359 0.504255 0.011129 0.504255 0.012719 0.502128 0.017488 0.502128 0.019078 0.5 0.020668 0.502128 0.031797 0.502128 0.033386 0.504255 0.046105 0.504255 0.047695 0.502128 0.047695 0.5 0.052464 0.493617 0.052464 0.491489 0.057234 0.485106 0.057234 0.482979 0.058824 0.480851 0.055644 0.476596 0.055644 0.474468 0.047695 0.46383 0.047695 0.461702 0.044515 0.457447 0.030207 0.457447 0.028617 0.455319 0.033386 0.448936 0.033386 0.446809 0.038156 0.440426 0.038156 0.423404 0.036566 0.421277 0.034976 0.421277 0.033386 0.419149 0.031797 0.419149 0.030207 0.417021 0.028617 0.417021 0.027027 0.414894 0.025437 0.414894
0 0.531002 0.406383 0.531002 0.408511 0.532591 0.410638 0.532591 0.414894 0.534181 0.417021 0.534181 0.419149 0.537361 0.423404 0.537361 0.425532 0.538951 0.42766 0.538951 0.429787 0.540541 0.431915 0.54213 0.429787 0.54213 0.42766 0.54531 0.423404 0.54531 0.421277 0.54849 0.417021 0.54849 0.414894 0.550079 0.412766 0.54531 0.412766 0.54372 0.410638 0.538951 0.410638 0.537361 0.408511 0.532591 0.408511
0 0.841017 0.385106 0.839428 0.387234 0.834658 0.387234 0.833068 0.389362 0.828299 0.389362 0.828299 0.391489 0.826709 0.393617 0.826709 0.395745 0.825119 0.397872 0.825119 0.4 0.826709 0.402128 0.826709 0.404255 0.828299 0.406383 0.828299 0.408511 0.833068 0.408511 0.842607 0.395745 0.842607 0.391489 0.841017 0.389362
0 0.586645 0.370213 0.583466 0.374468 0.581876 0.374468 0.578696 0.378723 0.577107 0.378723 0.573927 0.382979 0.572337 0.382979 0.570747 0.385106 0.577107 0.393617 0.578696 0.391489 0.580286 0.391489 0.583466 0.387234 0.585056 0.387234 0.588235 0.382979 0.589825 0.382979 0.589825 0.380851 0.588235 0.378723 0.588235 0.374468 0.586645 0.37234
0 0.448331 0.36383 0.448331 0.365957 0.446741 0.368085 0.446741 0.370213 0.445151 0.37234 0.445151 0.374468 0.443561 0.376596 0.443561 0.378723 0.441971 0.380851 0.443561 0.382979 0.443561 0.385106 0.445151 0.387234 0.448331 0.382979 0.449921 0.382979 0.45469 0.376596 0.45628 0.376596 0.45787 0.374468 0.45469 0.370213 0.4531 0.370213
0 0.580286 0.304255 0.578696 0.306383 0.573927 0.306383 0.572337 0.308511 0.565978 0.308511 0.564388 0.310638 0.561208 0.310638 0.562798 0.312766 0.562798 0.314894 0.565978 0.319149 0.565978 0.321277 0.567568 0.323404 0.588235 0.323404 0.589825 0.321277 0.596184 0.321277 0.596184 0.319149 0.597774 0.317021 0.597774 0.312766 0.596184 0.312766 0.593005 0.308511 0.591415 0.308511 0.588235 0.304255
0 0.049285 0.295745 0.047695 0.297872 0.046105 0.297872 0.044515 0.3 0.042925 0.3 0.042925 0.321277 0.060413 0.321277 0.062003 0.323404 0.063593 0.321277 0.063593 0.319149 0.068362 0.312766 0.079491 0.312766 0.081081 0.310638 0.09221 0.310638 0.09221 0.3 0.071542 0.3 0.069952 0.297872 0.050874 0.297872
0 0.287758 0.242553 0.286169 0.244681 0.281399 0.244681 0.279809 0.246809 0.27186 0.246809 0.27027 0.248936 0.262321 0.248936 0.260731 0.251064 0.249603 0.251064 0.248013 0.253191 0.238474 0.253191 0.238474 0.259574 0.236884 0.261702 0.236884 0.27234 0.238474 0.274468 0.238474 0.276596 0.240064 0.278723 0.240064 0.280851 0.244833 0.280851 0.246423 0.282979 0.252782 0.282979 0.254372 0.285106 0.27504 0.285106 0.278219 0.280851 0.279809 0.280851 0.284579 0.274468 0.295707 0.274468 0.295707 0.255319 0.294118 0.253191 0.294118 0.246809 0.292528 0.244681 0.292528 0.242553
1 0.065183 0.848936 0.066773 0.851064 0.066773 0.853191 0.069952 0.857447 0.069952 0.859574 0.073132 0.86383 0.073132 0.865957 0.074722 0.868085 0.071542 0.87234 0.069952 0.87234 0.066773 0.876596 0.065183 0.876596 0.063593 0.878723 0.063593 0.880851 0.062003 0.882979 0.062003 0.885106 0.060413 0.887234 0.060413 0.891489 0.058824 0.893617 0.058824 0.895745 0.057234 0.897872 0.057234 0.9 0.055644 0.902128 0.055644 0.906383 0.057234 0.908511 0.057234 0.914894 0.058824 0.917021 0.058824 0.919149 0.069952 0.919149 0.071542 0.921277 0.073132 0.919149 0.079491 0.919149 0.081081 0.917021 0.08903 0.917021 0.09062 0.914894 0.100159 0.914894 0.101749 0.912766 0.120827 0.912766 0.122417 0.910638 0.127186 0.910638 0.128776 0.908511 0.133545 0.908511 0.133545 0.895745 0.130366 0.891489 0.130366 0.889362 0.128776 0.887234 0.139905 0.87234 0.152623 0.87234 0.154213 0.870213 0.157393 0.870213 0.158983 0.868085 0.163752 0.868085 0.165342 0.865957 0.168521 0.865957 0.163752 0.865957 0.162162 0.86383 0.158983 0.86383 0.157393 0.861702 0.154213 0.861702 0.152623 0.859574 0.149444 0.859574 0.147854 0.857447 0.144674 0.857447 0.143084 0.855319 0.139905 0.855319 0.138315 0.853191 0.135135 0.853191 0.133545 0.851064 0.131955 0.853191 0.130366 0.853191 0.128776 0.855319 0.127186 0.855319 0.125596 0.857447 0.124006 0.857447 0.122417 0.859574 0.120827 0.859574 0.119237 0.861702 0.117647 0.861702 0.116057 0.86383 0.112878 0.86383 0.104928 0.853191 0.079491 0.853191 0.077901 0.851064 0.074722 0.851064 0.073132 0.848936
1 0.963434 0.751064 0.963434 0.753191 0.961844 0.755319 0.961844 0.757447 0.963434 0.759574 0.965024 0.759574 0.971383 0.768085 0.972973 0.768085 0.979332 0.776596 0.980922 0.776596 0.987281 0.785106 0.988871 0.785106 0.995231 0.793617 0.99682 0.793617 0.99841 0.795745 0.99841 0.782979 0.995231 0.778723 0.993641 0.778723 0.990461 0.774468 0.988871 0.774468 0.985692 0.770213 0.984102 0.770213 0.980922 0.765957 0.979332 0.765957 0.976153 0.761702 0.974563 0.761702 0.971383 0.757447 0.969793 0.757447 0.966614 0.753191 0.965024 0.753191
1 0.852146 0.461702 0.850556 0.46383 0.847377 0.46383 0.845787 0.465957 0.844197 0.465957 0.842607 0.468085 0.839428 0.468085 0.837838 0.470213 0.837838 0.47234 0.834658 0.476596 0.834658 0.482979 0.836248 0.485106 0.836248 0.493617 0.837838 0.495745 0.839428 0.495745 0.845787 0.504255 0.847377 0.504255 0.850556 0.508511 0.850556 0.493617 0.853736 0.489362 0.855326 0.489362 0.858506 0.485106 0.860095 0.485106 0.863275 0.480851 0.864865 0.480851 0.868045 0.476596 0.90779 0.476596 0.90938 0.478723 0.915739 0.470213 0.90938 0.470213 0.90779 0.468085 0.903021 0.468085 0.901431 0.465957 0.895072 0.465957 0.893482 0.46383 0.853736 0.46383
1 0.969793 0.451064 0.968203 0.453191 0.958665 0.453191 0.957075 0.455319 0.947536 0.455319 0.945946 0.457447 0.936407 0.457447 0.934817 0.459574 0.925278 0.459574 0.925278 0.46383 0.926868 0.465957 0.926868 0.470213 0.928458 0.468085 0.937997 0.468085 0.939587 0.465957 0.949126 0.465957 0.950715 0.46383 0.960254 0.46383 0.961844 0.461702 0.971383 0.461702 0.971383 0.457447 0.969793 0.455319
1 0.496025 0.402128 0.494436 0.404255 0.489666 0.404255 0.488076 0.406383 0.483307 0.406383 0.481717 0.408511 0.476948 0.408511 0.468998 0.419149 0.472178 0.419149 0.473768 0.421277 0.475358 0.419149 0.478537 0.419149 0.480127 0.417021 0.481717 0.417021 0.483307 0.414894 0.486486 0.414894 0.488076 0.412766 0.491256 0.412766 0.492846 0.410638 0.494436 0.410638 0.496025 0.408511 0.499205 0.408511 0.497615 0.406383 0.497615 0.404255
1 0.863275 0.391489 0.864865 0.393617 0.864865 0.395745 0.866455 0.397872 0.866455 0.4 0.869634 0.4 0.871224 0.402128 0.872814 0.402128 0.874404 0.404255 0.877583 0.404255 0.879173 0.406383 0.880763 0.406383 0.882353 0.408511 0.893482 0.408511 0.895072 0.406383 0.896661 0.408511 0.901431 0.408511 0.903021 0.410638 0.90779 0.410638 0.90938 0.412766 0.915739 0.412766 0.917329 0.414894 0.922099 0.414894 0.923688 0.417021 0.958665 0.417021 0.960254 0.419149 0.961844 0.419149 0.963434 0.421277 0.965024 0.421277 0.966614 0.423404 0.969793 0.423404 0.971383 0.425532 0.972973 0.425532 0.974563 0.42766 0.985692 0.42766 0.987281 0.429787 0.99841 0.429787 0.99841 0.412766 0.990461 0.412766 0.988871 0.410638 0.979332 0.410638 0.977742 0.408511 0.976153 0.408511 0.974563 0.406383 0.972973 0.406383 0.971383 0.404255 0.969793 0.404255 0.968203 0.402128 0.963434 0.402128 0.961844 0.404255 0.958665 0.404255 0.957075 0.406383 0.955485 0.406383 0.953895 0.408511 0.950715 0.408511 0.949126 0.410638 0.947536 0.408511 0.944356 0.408511 0.942766 0.406383 0.937997 0.406383 0.936407 0.404255 0.933227 0.404255 0.931638 0.402128 0.926868 0.402128 0.925278 0.4 0.922099 0.4 0.920509 0.397872 0.915739 0.397872 0.914149 0.395745 0.91097 0.395745 0.90938 0.393617 0.890302 0.393617 0.888712 0.391489
1 0.195548 0.374468 0.193959 0.376596 0.193959 0.378723 0.189189 0.385106 0.189189 0.387234 0.18283 0.395745 0.18124 0.395745 0.17965 0.397872 0.17965 0.4 0.17806 0.402128 0.17806 0.404255 0.176471 0.406383 0.176471 0.408511 0.174881 0.410638 0.174881 0.412766 0.18124 0.421277 0.18283 0.419149 0.18283 0.417021 0.187599 0.410638 0.187599 0.408511 0.190779 0.404255 0.190779 0.402128 0.192369 0.4 0.192369 0.397872 0.193959 0.395745 0.193959 0.393617 0.197138 0.389362 0.200318 0.389362 0.201908 0.387234 0.205087 0.387234 0.206677 0.385106 0.209857 0.385106 0.211447 0.387234 0.211447 0.389362 0.214626 0.393617 0.214626 0.395745 0.216216 0.397872 0.217806 0.397872 0.219396 0.4 0.220986 0.4 0.222576 0.402128 0.224165 0.402128 0.225755 0.404255 0.235294 0.404255 0.236884 0.406383 0.244833 0.406383 0.246423 0.408511 0.246423 0.406383 0.248013 0.404255 0.248013 0.402128 0.249603 0.4 0.249603 0.397872 0.251192 0.395745 0.251192 0.393617 0.252782 0.391489 0.254372 0.393617 0.254372 0.395745 0.259141 0.402128 0.259141 0.404255 0.27027 0.419149 0.27186 0.419149 0.27504 0.423404 0.27663 0.423404 0.279809 0.42766 0.281399 0.425532 0.282989 0.425532 0.284579 0.423404 0.286169 0.423404 0.289348 0.419149 0.290938 0.419149 0.294118 0.414894 0.295707 0.414894 0.300477 0.408511 0.302067 0.408511 0.305246 0.404255 0.310016 0.404255 0.311606 0.406383 0.313196 0.406383 0.314785 0.408511 0.317965 0.408511 0.319555 0.410638 0.321145 0.410638 0.322734 0.412766 0.324324 0.412766 0.325914 0.414894 0.327504 0.414894 0.330684 0.419149 0.332273 0.419149 0.333863 0.421277 0.335453 0.421277 0.337043 0.423404 0.338633 0.421277 0.344992 0.421277 0.344992 0.414894 0.343402 0.412766 0.343402 0.406383 0.344992 0.404255 0.344992 0.402128 0.346582 0.4 0.346582 0.397872 0.349762 0.393617 0.349762 0.391489 0.351351 0.389362 0.344992 0.389362 0.343402 0.387234 0.341812 0.387234 0.340223 0.385106 0.330684 0.385106 0.329094 0.382979 0.319555 0.382979 0.317965 0.380851 0.316375 0.382979 0.286169 0.382979 0.284579 0.385106 0.262321 0.385106 0.260731 0.382979 0.257552 0.382979 0.255962 0.380851 0.254372 0.380851 0.252782 0.378723 0.249603 0.378723 0.248013 0.376596 0.243243 0.382979 0.241653 0.382979 0.240064 0.385106 0.238474 0.385106 0.236884 0.382979 0.235294 0.382979 0.233704 0.380851 0.232114 0.380851 0.230525 0.378723 0.225755 0.378723 0.224165 0.376596 0.220986 0.376596 0.219396 0.374468
1 0.748808 0.361702 0.747218 0.36383 0.736089 0.36383 0.732909 0.368085 0.73132 0.368085 0.72814 0.37234 0.72655 0.37234 0.715421 0.387234 0.713831 0.387234 0.693164 0.414894 0.693164 0.419149 0.694754 0.421277 0.694754 0.42766 0.696343 0.429787 0.697933 0.429787 0.701113 0.434043 0.702703 0.431915 0.704293 0.431915 0.707472 0.42766 0.709062 0.42766 0.712242 0.423404 0.713831 0.423404 0.715421 0.421277 0.717011 0.421277 0.720191 0.417021 0.72337 0.421277 0.72337 0.425532 0.72496 0.42766 0.72496 0.429787 0.72655 0.431915 0.72655 0.434043 0.72814 0.43617 0.72814 0.438298 0.739269 0.438298 0.740859 0.440426 0.742448 0.438298 0.750397 0.438298 0.750397 0.43617 0.751987 0.434043 0.751987 0.431915 0.753577 0.429787 0.750397 0.429787 0.748808 0.42766 0.745628 0.42766 0.744038 0.425532 0.740859 0.425532 0.739269 0.423404 0.736089 0.423404 0.734499 0.421277 0.734499 0.419149 0.736089 0.417021 0.736089 0.414894 0.737679 0.412766 0.737679 0.410638 0.739269 0.408511 0.739269 0.406383 0.740859 0.404255 0.740859 0.402128 0.747218 0.393617 0.748808 0.393617 0.753577 0.387234 0.753577 0.385106 0.755167 0.382979 0.755167 0.380851 0.756757 0.378723 0.755167 0.376596 0.755167 0.374468 0.751987 0.370213 0.751987 0.368085 0.750397 0.365957 0.750397 0.36383
1 0.055644 0.276596 0.054054 0.278723 0.046105 0.278723 0.044515 0.280851 0.038156 0.280851 0.036566 0.282979 0.028617 0.282979 0.027027 0.285106 0.00159 0.285106 0.0 0.287234 0.0 0.36383 0.00159 0.365957 0.006359 0.365957 0.007949 0.368085 0.012719 0.368085 0.014308 0.370213 0.017488 0.370213 0.019078 0.37234 0.023847 0.37234 0.025437 0.374468 0.030207 0.374468 0.031797 0.376596 0.030207 0.378723 0.028617 0.378723 0.027027 0.380851 0.023847 0.380851 0.022258 0.382979 0.020668 0.382979 0.019078 0.385106 0.011129 0.385106 0.009539 0.387234 0.00159 0.387234 0.0 0.389362 0.0 0.408511 0.00159 0.410638 0.00318 0.410638 0.004769 0.412766 0.006359 0.412766 0.007949 0.414894 0.015898 0.414894 0.017488 0.412766 0.022258 0.412766 0.023847 0.410638 0.025437 0.412766 0.027027 0.412766 0.028617 0.414894 0.030207 0.414894 0.031797 0.417021 0.033386 0.417021 0.034976 0.419149 0.036566 0.419149 0.038156 0.421277 0.062003 0.421277 0.063593 0.423404 0.101749 0.423404 0.103339 0.421277 0.108108 0.421277 0.111288 0.417021 0.111288 0.414894 0.116057 0.408511 0.116057 0.406383 0.117647 0.404255 0.096979 0.404255 0.09539 0.406383 0.069952 0.406383 0.068362 0.408511 0.066773 0.406383 0.063593 0.406383 0.062003 0.404255 0.058824 0.404255 0.057234 0.402128 0.052464 0.402128 0.050874 0.4 0.047695 0.4 0.046105 0.397872 0.046105 0.393617 0.047695 0.391489 0.047695 0.385106 0.049285 0.382979 0.049285 0.378723 0.047695 0.376596 0.046105 0.376596 0.042925 0.37234 0.041335 0.37234 0.038156 0.368085 0.036566 0.368085 0.033386 0.36383 0.034976 0.361702 0.039746 0.361702 0.041335 0.359574 0.046105 0.359574 0.047695 0.357447 0.052464 0.357447 0.054054 0.355319 0.057234 0.355319 0.058824 0.353191 0.062003 0.353191 0.063593 0.351064 0.068362 0.351064 0.069952 0.348936 0.073132 0.348936 0.074722 0.346809 0.077901 0.346809 0.079491 0.344681 0.082671 0.344681 0.084261 0.342553 0.111288 0.342553 0.112878 0.340426 0.114467 0.342553 0.114467 0.344681 0.116057 0.346809 0.116057 0.348936 0.117647 0.351064 0.117647 0.353191 0.120827 0.353191 0.122417 0.351064 0.124006 0.351064 0.125596 0.348936 0.128776 0.348936 0.130366 0.346809 0.131955 0.346809 0.133545 0.344681 0.136725 0.344681 0.138315 0.342553 0.139905 0.342553 0.141494 0.340426 0.144674 0.340426 0.146264 0.338298 0.155803 0.351064 0.187599 0.351064 0.189189 0.348936 0.198728 0.348936 0.198728 0.346809 0.200318 0.344681 0.200318 0.340426 0.201908 0.338298 0.201908 0.33617 0.203498 0.334043 0.208267 0.334043 0.209857 0.331915 0.213037 0.331915 0.214626 0.329787 0.219396 0.329787 0.219396 0.32766 0.220986 0.325532 0.220986 0.319149 0.222576 0.317021 0.222576 0.314894 0.219396 0.314894 0.217806 0.312766 0.213037 0.312766 0.211447 0.310638 0.208267 0.310638 0.206677 0.308511 0.203498 0.308511 0.201908 0.306383 0.197138 0.306383 0.195548 0.304255 0.192369 0.304255 0.190779 0.302128 0.192369 0.3 0.193959 0.3 0.195548 0.297872 0.198728 0.297872 0.200318 0.295745 0.201908 0.295745 0.203498 0.293617 0.206677 0.293617 0.208267 0.291489 0.209857 0.291489 0.211447 0.289362 0.211447 0.287234 0.213037 0.285106 0.213037 0.282979 0.214626 0.280851 0.203498 0.280851 0.201908 0.282979 0.189189 0.282979 0.187599 0.285106 0.174881 0.285106 0.173291 0.287234 0.139905 0.287234 0.136725 0.282979 0.135135 0.282979 0.131955 0.278723 0.130366 0.278723 0.128776 0.276596 0.112878 0.276596 0.111288 0.278723 0.109698 0.276596
1 0.391097 0.240426 0.389507 0.242553 0.387917 0.242553 0.384738 0.246809 0.383148 0.246809 0.381558 0.248936 0.379968 0.248936 0.378378 0.251064 0.376789 0.251064 0.373609 0.255319 0.372019 0.255319 0.370429 0.257447 0.368839 0.257447 0.36725 0.259574 0.36566 0.257447 0.349762 0.257447 0.348172 0.255319 0.321145 0.255319 0.319555 0.257447 0.310016 0.257447 0.308426 0.259574 0.298887 0.259574 0.297297 0.261702 0.297297 0.27234 0.298887 0.274468 0.298887 0.276596 0.300477 0.278723 0.300477 0.282979 0.302067 0.285106 0.302067 0.287234 0.303657 0.289362 0.303657 0.293617 0.305246 0.295745 0.305246 0.297872 0.316375 0.297872 0.317965 0.3 0.329094 0.3 0.330684 0.302128 0.338633 0.302128 0.340223 0.304255 0.349762 0.304255 0.351351 0.306383 0.3593 0.306383 0.36407 0.312766 0.36566 0.312766 0.372019 0.321277 0.373609 0.321277 0.376789 0.325532 0.375199 0.32766 0.373609 0.32766 0.372019 0.329787 0.370429 0.329787 0.368839 0.331915 0.36725 0.331915 0.36566 0.334043 0.36407 0.334043 0.36248 0.33617 0.36089 0.33617 0.3593 0.338298 0.357711 0.338298 0.3593 0.340426 0.3593 0.342553 0.36407 0.342553 0.36566 0.340426 0.370429 0.340426 0.372019 0.338298 0.378378 0.338298 0.379968 0.33617 0.384738 0.33617 0.386328 0.334043 0.391097 0.334043 0.392687 0.331915 0.397456 0.331915 0.399046 0.329787 0.402226 0.329787 0.403816 0.32766 0.405405 0.32766 0.406995 0.325532 0.410175 0.325532 0.411765 0.323404 0.413355 0.323404 0.414944 0.321277 0.418124 0.321277 0.419714 0.319149 0.421304 0.319149 0.422893 0.317021 0.426073 0.317021 0.427663 0.314894 0.429253 0.314894 0.430843 0.312766 0.434022 0.312766 0.435612 0.310638 0.440382 0.310638 0.441971 0.308511 0.445151 0.308511 0.446741 0.306383 0.45151 0.306383 0.4531 0.304255 0.45787 0.310638 0.45787 0.312766 0.461049 0.317021 0.461049 0.321277 0.462639 0.323404 0.462639 0.334043 0.464229 0.33617 0.464229 0.344681 0.465819 0.346809 0.465819 0.348936 0.475358 0.348936 0.475358 0.344681 0.473768 0.342553 0.473768 0.331915 0.472178 0.329787 0.472178 0.319149 0.470588 0.317021 0.470588 0.310638 0.472178 0.308511 0.472178 0.302128 0.473768 0.3 0.473768 0.295745 0.475358 0.293617 0.488076 0.293617 0.489666 0.295745 0.488076 0.297872 0.488076 0.3 0.486486 0.302128 0.486486 0.304255 0.483307 0.308511 0.483307 0.310638 0.481717 0.312766 0.481717 0.314894 0.480127 0.317021 0.481717 0.317021 0.483307 0.319149 0.484897 0.319149 0.486486 0.321277 0.489666 0.321277 0.491256 0.323404 0.492846 0.323404 0.494436 0.325532 0.500795 0.325532 0.502385 0.323404 0.507154 0.323404 0.508744 0.321277 0.513514 0.321277 0.515103 0.319149 0.519873 0.319149 0.521463 0.317021 0.526232 0.317021 0.527822 0.314894 0.532591 0.314894 0.534181 0.312766 0.54531 0.312766 0.5469 0.310638 0.558029 0.310638 0.559618 0.308511 0.564388 0.308511 0.565978 0.306383 0.572337 0.306383 0.573927 0.304255 0.578696 0.304255 0.580286 0.302128 0.585056 0.302128 0.585056 0.297872 0.586645 0.295745 0.586645 0.289362 0.588235 0.287234 0.588235 0.282979 0.577107 0.282979 0.575517 0.280851 0.573927 0.280851 0.570747 0.276596 0.569157 0.276596 0.567568 0.274468 0.567568 0.27234 0.565978 0.270213 0.565978 0.268085 0.564388 0.265957 0.561208 0.265957 0.559618 0.268085 0.556439 0.268085 0.554849 0.270213 0.550079 0.270213 0.54849 0.27234 0.5469 0.270213 0.518283 0.270213 0.516693 0.268085 0.489666 0.268085 0.488076 0.265957 0.475358 0.265957 0.473768 0.26383 0.459459 0.26383 0.449921 0.251064 0.449921 0.248936 0.443561 0.240426 0.432432 0.240426 0.432432 0.242553 0.434022 0.244681 0.434022 0.251064 0.435612 0.253191 0.435612 0.259574 0.437202 0.261702 0.437202 0.26383 0.435612 0.265957 0.416534 0.265957 0.414944 0.268085 0.408585 0.268085 0.406995 0.270213 0.402226 0.270213 0.400636 0.27234 0.399046 0.27234 0.397456 0.274468 0.394277 0.274468 0.392687 0.276596 0.391097 0.276596 0.389507 0.278723 0.387917 0.278723 0.386328 0.280851 0.384738 0.278723 0.384738 0.276596 0.383148 0.274468 0.383148 0.27234 0.381558 0.270213 0.381558 0.268085 0.379968 0.265957 0.378378 0.265957 0.375199 0.261702 0.376789 0.259574 0.378378 0.259574 0.381558 0.255319 0.383148 0.255319 0.386328 0.251064 0.387917 0.251064 0.387917 0.248936 0.389507 0.246809 0.389507 0.242553
1 0.958665 0.174468 0.957075 0.176596 0.944356 0.176596 0.942766 0.178723 0.939587 0.178723 0.937997 0.180851 0.934817 0.180851 0.933227 0.182979 0.930048 0.182979 0.928458 0.185106 0.926868 0.185106 0.925278 0.187234 0.922099 0.187234 0.920509 0.189362 0.917329 0.189362 0.915739 0.191489 0.914149 0.191489 0.91256 0.193617 0.91097 0.193617 0.90779 0.197872 0.9062 0.197872 0.90461 0.2 0.903021 0.2 0.901431 0.202128 0.899841 0.202128 0.896661 0.206383 0.895072 0.206383 0.893482 0.208511 0.890302 0.208511 0.888712 0.210638 0.887122 0.210638 0.885533 0.212766 0.882353 0.212766 0.880763 0.214894 0.879173 0.214894 0.877583 0.217021 0.874404 0.217021 0.872814 0.219149 0.871224 0.219149 0.869634 0.221277 0.866455 0.221277 0.864865 0.223404 0.863275 0.223404 0.836248 0.259574 0.780604 0.259574 0.779014 0.257447 0.72496 0.257447 0.72337 0.255319 0.707472 0.255319 0.705882 0.253191 0.664547 0.253191 0.662957 0.251064 0.659777 0.251064 0.658188 0.248936 0.656598 0.248936 0.655008 0.246809 0.651828 0.246809 0.650238 0.244681 0.648649 0.244681 0.647059 0.242553 0.643879 0.242553 0.642289 0.240426 0.6407 0.240426 0.63911 0.238298 0.63434 0.238298 0.63275 0.240426 0.629571 0.240426 0.627981 0.242553 0.626391 0.242553 0.624801 0.244681 0.623211 0.244681 0.624801 0.246809 0.624801 0.248936 0.627981 0.253191 0.627981 0.255319 0.63275 0.261702 0.63275 0.26383 0.63593 0.268085 0.63593 0.270213 0.63752 0.27234 0.63752 0.274468 0.63911 0.276596 0.63911 0.278723 0.6407 0.280851 0.6407 0.282979 0.642289 0.285106 0.6407 0.287234 0.63752 0.287234 0.63593 0.289362 0.63434 0.289362 0.63275 0.291489 0.631161 0.289362 0.615262 0.289362 0.612083 0.293617 0.612083 0.295745 0.604134 0.306383 0.604134 0.308511 0.600954 0.312766 0.610493 0.312766 0.612083 0.314894 0.623211 0.314894 0.624801 0.317021 0.63434 0.317021 0.63593 0.319149 0.645469 0.319149 0.647059 0.321277 0.682035 0.321277 0.683625 0.319149 0.699523 0.319149 0.701113 0.317021 0.715421 0.317021 0.717011 0.314894 0.718601 0.317021 0.72655 0.317021 0.72814 0.319149 0.736089 0.319149 0.737679 0.321277 0.737679 0.323404 0.739269 0.325532 0.739269 0.329787 0.740859 0.331915 0.740859 0.33617 0.742448 0.338298 0.748808 0.338298 0.750397 0.33617 0.759936 0.33617 0.761526 0.334043 0.769475 0.334043 0.771065 0.331915 0.796502 0.331915 0.798092 0.329787 0.801272 0.329787 0.802862 0.32766 0.806041 0.32766 0.807631 0.325532 0.810811 0.325532 0.812401 0.323404 0.81399 0.323404 0.81558 0.321277 0.81876 0.321277 0.82035 0.319149 0.823529 0.319149 0.825119 0.317021 0.833068 0.317021 0.834658 0.314894 0.844197 0.314894 0.845787 0.312766 0.853736 0.312766 0.855326 0.310638 0.858506 0.314894 0.860095 0.314894 0.866455 0.323404 0.868045 0.323404 0.874404 0.331915 0.875994 0.331915 0.877583 0.334043 0.888712 0.334043 0.891892 0.329787 0.893482 0.329787 0.901431 0.319149 0.903021 0.319149 0.90779 0.312766 0.90779 0.310638 0.91256 0.304255 0.91256 0.302128 0.915739 0.297872 0.915739 0.295745 0.918919 0.291489 0.918919 0.289362 0.923688 0.282979 0.923688 0.280851 0.926868 0.276596 0.937997 0.276596 0.939587 0.274468 0.950715 0.274468 0.952305 0.27234 0.961844 0.27234 0.963434 0.270213 0.974563 0.270213 0.976153 0.268085 0.985692 0.268085 0.987281 0.265957 0.988871 0.265957 0.992051 0.261702 0.993641 0.261702 0.99682 0.257447 0.99841 0.257447 0.99841 0.178723 0.990461 0.178723 0.988871 0.176596 0.980922 0.176596 0.979332 0.174468
