0 0.818653 0.92069 0.817358 0.922414 0.813472 0.922414 0.812176 0.924138 0.806995 0.924138 0.805699 0.925862 0.801813 0.925862 0.801813 0.927586 0.803109 0.92931 0.803109 0.931034 0.804404 0.932759 0.804404 0.934483 0.806995 0.937931 0.80829 0.937931 0.812176 0.943103 0.813472 0.941379 0.817358 0.941379 0.818653 0.939655 0.821244 0.939655 0.822539 0.937931 0.826425 0.937931 0.826425 0.927586 0.82513 0.927586 0.822539 0.924138 0.821244 0.924138
0 0.615285 0.868966 0.606218 0.881034 0.604922 0.881034 0.603627 0.882759 0.603627 0.891379 0.608808 0.898276 0.620466 0.898276 0.621762 0.896552 0.626943 0.896552 0.626943 0.893103 0.625648 0.891379 0.625648 0.886207 0.621762 0.881034 0.621762 0.874138 0.620466 0.874138 0.617876 0.87069 0.61658 0.87069
0 0.304404 0.867241 0.303109 0.868966 0.303109 0.87069 0.301813 0.872414 0.301813 0.881034 0.300518 0.882759 0.300518 0.889655 0.301813 0.887931 0.318653 0.887931 0.318653 0.886207 0.319948 0.884483 0.319948 0.882759 0.321244 0.881034 0.321244 0.87931 0.322539 0.877586 0.322539 0.875862 0.323834 0.874138 0.322539 0.872414 0.321244 0.872414 0.318653 0.868966 0.305699 0.868966
0 0.869171 0.865517 0.867876 0.867241 0.867876 0.868966 0.86658 0.87069 0.86658 0.872414 0.865285 0.874138 0.865285 0.877586 0.86399 0.87931 0.86399 0.882759 0.865285 0.882759 0.86658 0.884483 0.869171 0.884483 0.870466 0.886207 0.871762 0.886207 0.873057 0.887931 0.874352 0.887931 0.875648 0.889655 0.878238 0.889655 0.879534 0.891379 0.880829 0.891379 0.882124 0.893103 0.88342 0.893103 0.884715 0.894828 0.887306 0.894828 0.888601 0.896552 0.889896 0.896552 0.891192 0.898276 0.901554 0.898276 0.90285 0.9 0.90285 0.889655 0.900259 0.886207 0.898964 0.886207 0.893782 0.87931 0.892487 0.87931 0.891192 0.877586 0.888601 0.877586 0.887306 0.875862 0.88601 0.875862 0.884715 0.874138 0.882124 0.874138 0.880829 0.872414 0.879534 0.872414 0.878238 0.87069 0.876943 0.87069 0.875648 0.868966 0.873057 0.868966 0.871762 0.867241 0.870466 0.867241
0 0.404145 0.825862 0.40285 0.827586 0.389896 0.827586 0.391192 0.82931 0.391192 0.831034 0.393782 0.834483 0.393782 0.836207 0.395078 0.837931
0 0.816062 0.822414 0.814767 0.824138 0.814767 0.825862 0.813472 0.827586 0.813472 0.82931 0.812176 0.831034 0.834197 0.831034 0.835492 0.832759 0.832902 0.82931 0.832902 0.827586 0.831606 0.825862 0.82513 0.825862 0.823834 0.824138 0.817358 0.824138
0 0.761658 0.789655 0.760363 0.791379 0.760363 0.793103 0.757772 0.796552 0.764249 0.796552 0.765544 0.798276 0.770725 0.798276 0.76943 0.796552 0.768135 0.796552 0.765544 0.793103 0.764249 0.793103
0 0.919689 0.784483 0.919689 0.787931 0.920984 0.789655 0.920984 0.794828 0.930052 0.794828 0.930052 0.786207 0.920984 0.786207
0 0.0 0.782759 0.0 0.803448 0.001295 0.803448 0.002591 0.801724 0.005181 0.801724 0.006477 0.8 0.007772 0.8 0.009067 0.798276 0.010363 0.798276 0.011658 0.796552 0.014249 0.796552 0.015544 0.794828 0.016839 0.794828 0.016839 0.784483 0.009067 0.784483 0.007772 0.782759
0 0.756477 0.687931 0.755181 0.689655 0.755181 0.691379 0.753886 0.693103 0.756477 0.693103 0.757772 0.694828 0.757772 0.696552 0.756477 0.698276 0.756477 0.7 0.757772 0.7 0.759067 0.701724 0.760363 0.7 0.761658 0.7 0.762953 0.698276 0.764249 0.698276 0.764249 0.689655 0.757772 0.689655
0 0.615285 0.637931 0.61399 0.639655 0.612694 0.639655 0.611399 0.641379 0.610104 0.641379 0.608808 0.643103 0.607513 0.643103 0.606218 0.644828 0.604922 0.644828 0.603627 0.646552 0.602332 0.646552 0.601036 0.648276 0.599741 0.648276 0.598446 0.65 0.59715 0.65 0.598446 0.651724 0.599741 0.651724 0.602332 0.655172 0.621762 0.655172 0.623057 0.656897 0.624352 0.655172 0.625648 0.655172 0.626943 0.653448 0.629534 0.653448 0.630829 0.651724 0.632124 0.651724 0.63342 0.65 0.634715 0.65 0.63601 0.648276 0.637306 0.648276 0.638601 0.646552 0.641192 0.646552 0.642487 0.644828 0.643782 0.644828 0.630829 0.644828 0.629534 0.643103 0.626943 0.643103 0.625648 0.641379 0.623057 0.641379 0.621762 0.639655 0.61658 0.639655
0 0.67228 0.618966 0.670984 0.62069 0.669689 0.62069 0.667098 0.624138 0.665803 0.624138 0.665803 0.62931 0.669689 0.62931 0.670984 0.631034 0.676166 0.631034 0.677461 0.632759 0.681347 0.632759 0.682642 0.634483 0.683938 0.632759 0.685233 0.632759 0.687824 0.62931 0.689119 0.62931 0.689119 0.625862 0.686528 0.625862 0.685233 0.624138 0.682642 0.624138 0.681347 0.622414 0.677461 0.622414 0.676166 0.62069 0.673575 0.62069
0 0.169689 0.548276 0.168394 0.55 0.167098 0.55 0.165803 0.551724 0.163212 0.551724 0.163212 0.556897 0.161917 0.558621 0.161917 0.562069 0.180052 0.562069 0.181347 0.563793
0 0.556995 0.537931 0.556995 0.539655 0.555699 0.541379 0.555699 0.543103 0.554404 0.544828 0.55829 0.544828 0.559585 0.546552 0.563472 0.546552 0.564767 0.548276 0.568653 0.548276 0.569948 0.55 0.573834 0.55 0.57513 0.551724 0.576425 0.55 0.579016 0.55 0.580311 0.548276 0.584197 0.548276 0.585492 0.546552 0.588083 0.546552 0.588083 0.539655 0.567358 0.539655 0.566062 0.537931
0 0.892487 0.52931 0.891192 0.531034 0.880829 0.531034 0.879534 0.532759 0.869171 0.532759 0.869171 0.544828 0.870466 0.543103 0.892487 0.543103 0.897668 0.536207 0.898964 0.536207 0.898964 0.532759 0.896373 0.532759 0.895078 0.531034 0.893782 0.531034
0 0.727979 0.32069 0.725389 0.324138 0.725389 0.325862 0.722798 0.32931 0.739637 0.32931 0.740933 0.331034 0.740933 0.327586 0.738342 0.327586 0.737047 0.325862 0.735751 0.325862 0.734456 0.324138 0.731865 0.324138 0.73057 0.322414 0.729275 0.322414
1 0.532383 0.962069 0.532383 0.965517 0.531088 0.967241 0.531088 0.972414 0.529793 0.974138 0.529793 0.981034 0.531088 0.982759 0.531088 0.987931 0.545337 0.987931 0.546632 0.989655 0.559585 0.989655 0.560881 0.991379 0.562176 0.989655 0.566062 0.989655 0.567358 0.987931 0.571244 0.987931 0.572539 0.986207 0.576425 0.986207 0.576425 0.981034 0.57772 0.97931 0.57772 0.97069 0.579016 0.968966 0.579016 0.963793 0.533679 0.963793
1 0.339378 0.960345 0.338083 0.962069 0.336788 0.962069 0.334197 0.965517 0.332902 0.965517 0.331606 0.967241 0.330311 0.967241 0.329016 0.968966 0.32772 0.968966 0.32513 0.972414 0.323834 0.972414 0.322539 0.974138 0.313472 0.974138 0.312176 0.975862 0.303109 0.975862 0.303109 0.977586 0.301813 0.97931 0.301813 0.984483 0.300518 0.986207 0.300518 0.987931 0.299223 0.989655 0.26943 0.989655 0.268135 0.991379 0.262953 0.984483 0.261658 0.984483 0.259067 0.981034 0.257772 0.981034 0.256477 0.982759 0.253886 0.982759 0.252591 0.984483 0.251295 0.984483 0.251295 0.991379 0.252591 0.993103 0.252591 0.998276 0.362694 0.998276 0.362694 0.993103 0.36399 0.991379 0.36399 0.982759 0.362694 0.981034 0.362694 0.97931 0.354922 0.97931 0.352332 0.975862 0.352332 0.974138 0.351036 0.972414 0.351036 0.97069 0.349741 0.968966 0.349741 0.967241 0.348446 0.965517 0.34715 0.965517 0.34456 0.962069 0.343264 0.962069 0.341969 0.960345
1 0.658031 0.956897 0.658031 0.958621 0.656736 0.960345 0.656736 0.962069 0.65544 0.963793 0.656736 0.963793 0.658031 0.965517 0.660622 0.965517 0.661917 0.967241 0.663212 0.967241 0.664508 0.968966 0.665803 0.968966 0.667098 0.97069 0.668394 0.97069 0.669689 0.972414 0.67228 0.972414 0.673575 0.974138 0.67487 0.974138 0.676166 0.975862 0.677461 0.975862 0.678756 0.977586 0.681347 0.977586 0.682642 0.97931 0.683938 0.97931 0.685233 0.981034 0.686528 0.981034 0.687824 0.982759 0.689119 0.982759 0.690415 0.984483 0.693005 0.984483 0.694301 0.986207 0.695596 0.986207 0.696891 0.987931 0.698187 0.987931 0.699482 0.989655 0.702073 0.989655 0.703368 0.991379 0.704663 0.991379 0.705959 0.993103 0.707254 0.993103 0.708549 0.994828 0.709845 0.994828 0.71114 0.996552 0.713731 0.996552 0.715026 0.998276 0.738342 0.998276 0.735751 0.998276 0.734456 0.996552 0.733161 0.996552 0.731865 0.994828 0.729275 0.994828 0.727979 0.993103 0.726684 0.993103 0.725389 0.991379 0.722798 0.991379 0.721503 0.989655 0.720207 0.989655 0.718912 0.987931 0.716321 0.987931 0.715026 0.986207 0.713731 0.986207 0.712435 0.984483 0.709845 0.984483 0.708549 0.982759 0.707254 0.982759 0.705959 0.981034 0.703368 0.981034 0.702073 0.97931 0.700777 0.97931 0.699482 0.977586 0.696891 0.977586 0.695596 0.975862 0.694301 0.975862 0.693005 0.974138 0.690415 0.974138 0.689119 0.972414 0.687824 0.972414 0.686528 0.97069 0.683938 0.97069 0.682642 0.968966 0.681347 0.968966 0.680052 0.967241 0.677461 0.967241 0.676166 0.965517 0.67487 0.965517 0.673575 0.963793 0.670984 0.963793 0.669689 0.962069 0.668394 0.962069 0.667098 0.960345 0.664508 0.960345 0.663212 0.958621 0.661917 0.958621 0.660622 0.956897
1 0.992228 0.939655 0.990933 0.941379 0.983161 0.941379 0.981865 0.943103 0.974093 0.943103 0.974093 0.953448 0.972798 0.955172 0.971503 0.953448 0.965026 0.953448 0.963731 0.951724 0.955959 0.951724 0.954663 0.95 0.948187 0.95 0.946891 0.948276 0.939119 0.948276 0.937824 0.95 0.937824 0.951724 0.935233 0.955172 0.948187 0.972414 0.949482 0.972414 0.952073 0.968966 0.953368 0.968966 0.955959 0.965517 0.957254 0.967241 0.959845 0.967241 0.96114 0.968966 0.963731 0.968966 0.965026 0.97069 0.966321 0.97069 0.967617 0.972414 0.970207 0.972414 0.971503 0.974138 0.974093 0.974138 0.976684 0.977586 0.976684 0.97931 0.979275 0.982759 0.979275 0.984483 0.98057 0.986207 0.98057 0.987931 0.983161 0.991379 0.983161 0.993103 0.985751 0.996552 0.985751 0.998276 0.998705 0.998276 0.998705 0.939655
1 0.852332 0.932759 0.851036 0.934483 0.849741 0.934483 0.84715 0.937931 0.845855 0.937931 0.84456 0.939655 0.843264 0.939655 0.840674 0.943103 0.839378 0.943103 0.836788 0.946552 0.835492 0.946552 0.834197 0.948276 0.832902 0.948276 0.830311 0.951724 0.829016 0.951724 0.829016 0.953448 0.82772 0.955172 0.82772 0.956897 0.826425 0.958621 0.826425 0.960345 0.82513 0.962069 0.82513 0.963793 0.823834 0.965517 0.823834 0.967241 0.82513 0.967241 0.826425 0.968966 0.82772 0.968966 0.829016 0.97069 0.830311 0.97069 0.831606 0.972414 0.832902 0.972414 0.834197 0.974138 0.861399 0.974138 0.862694 0.975862 0.86658 0.97069 0.86658 0.968966 0.875648 0.956897 0.875648 0.951724 0.874352 0.95 0.874352 0.941379 0.873057 0.939655 0.873057 0.934483 0.853627 0.934483
1 0.240933 0.858621 0.240933 0.862069 0.239637 0.863793 0.239637 0.865517 0.240933 0.865517 0.243523 0.868966 0.244819 0.868966 0.246114 0.87069 0.247409 0.87069 0.248705 0.872414 0.25 0.872414 0.252591 0.875862 0.253886 0.875862 0.255181 0.877586 0.253886 0.87931 0.251295 0.87931 0.25 0.881034 0.247409 0.881034 0.246114 0.882759 0.243523 0.882759 0.243523 0.887931 0.244819 0.889655 0.244819 0.9 0.246114 0.901724 0.246114 0.906897 0.244819 0.908621 0.240933 0.908621 0.239637 0.910345 0.235751 0.910345 0.234456 0.912069 0.23057 0.912069 0.229275 0.913793 0.221503 0.913793 0.220207 0.915517 0.213731 0.915517 0.212435 0.917241 0.204663 0.917241 0.204663 0.92069 0.203368 0.922414 0.203368 0.924138 0.204663 0.925862 0.204663 0.927586 0.205959 0.92931 0.205959 0.931034 0.207254 0.932759 0.237047 0.932759 0.238342 0.931034 0.253886 0.931034 0.255181 0.92931 0.26943 0.92931 0.270725 0.931034 0.26943 0.932759 0.268135 0.932759 0.264249 0.937931 0.262953 0.937931 0.259067 0.943103 0.257772 0.943103 0.256477 0.944828 0.257772 0.944828 0.260363 0.948276 0.261658 0.948276 0.264249 0.951724 0.265544 0.951724 0.266839 0.953448 0.268135 0.951724 0.283679 0.951724 0.284974 0.95 0.301813 0.95 0.301813 0.944828 0.295337 0.944828 0.294041 0.943103 0.287565 0.943103 0.286269 0.941379 0.28886 0.937931 0.290155 0.937931 0.290155 0.936207 0.291451 0.934483 0.291451 0.932759 0.292746 0.931034 0.292746 0.92931 0.294041 0.927586 0.294041 0.925862 0.295337 0.924138 0.295337 0.922414 0.296632 0.92069 0.296632 0.917241 0.297927 0.915517 0.297927 0.906897 0.299223 0.905172 0.299223 0.896552 0.300518 0.894828 0.300518 0.891379 0.299223 0.889655 0.299223 0.882759 0.300518 0.881034 0.300518 0.868966 0.299223 0.867241 0.299223 0.865517 0.296632 0.868966 0.295337 0.868966 0.294041 0.87069 0.294041 0.882759 0.292746 0.884483 0.284974 0.884483 0.282383 0.881034 0.281088 0.881034 0.279793 0.87931 0.278497 0.87931 0.277202 0.877586 0.275907 0.877586 0.273316 0.874138 0.272021 0.874138 0.270725 0.872414 0.26943 0.872414 0.268135 0.87069 0.266839 0.87069 0.264249 0.867241 0.262953 0.867241 0.261658 0.865517 0.257772 0.865517 0.256477 0.863793 0.252591 0.863793 0.251295 0.862069 0.247409 0.862069 0.246114 0.860345 0.242228 0.860345
1 0.524611 0.843103 0.523316 0.844828 0.520725 0.844828 0.51943 0.846552 0.516839 0.846552 0.518135 0.848276 0.518135 0.85 0.51943 0.851724 0.51943 0.858621 0.518135 0.860345 0.518135 0.862069 0.516839 0.863793 0.512953 0.863793 0.511658 0.862069 0.506477 0.862069 0.505181 0.860345 0.501295 0.860345 0.5 0.858621 0.494819 0.858621 0.493523 0.856897 0.490933 0.860345 0.490933 0.862069 0.487047 0.867241 0.485751 0.867241 0.484456 0.868966 0.483161 0.868966 0.481865 0.87069 0.48057 0.87069 0.481865 0.872414 0.481865 0.874138 0.483161 0.875862 0.483161 0.877586 0.501295 0.877586 0.502591 0.875862 0.505181 0.875862 0.506477 0.874138 0.511658 0.874138 0.512953 0.875862 0.514249 0.875862 0.515544 0.877586 0.516839 0.877586 0.518135 0.87931 0.520725 0.87931 0.522021 0.881034 0.523316 0.881034 0.524611 0.882759 0.525907 0.882759 0.527202 0.884483 0.528497 0.884483 0.531088 0.887931 0.532383 0.887931 0.536269 0.893103 0.532383 0.898276 0.529793 0.898276 0.528497 0.896552 0.527202 0.896552 0.525907 0.894828 0.523316 0.894828 0.522021 0.893103 0.512953 0.893103 0.511658 0.891379 0.502591 0.891379 0.501295 0.889655 0.5 0.891379 0.498705 0.891379 0.497409 0.893103 0.496114 0.893103 0.494819 0.894828 0.492228 0.894828 0.490933 0.896552 0.489637 0.896552 0.490933 0.898276 0.492228 0.898276 0.494819 0.901724 0.496114 0.901724 0.498705 0.905172 0.511658 0.905172 0.512953 0.906897 0.511658 0.908621 0.511658 0.913793 0.510363 0.915517 0.510363 0.917241 0.512953 0.92069 0.516839 0.92069 0.518135 0.922414 0.522021 0.922414 0.523316 0.924138 0.525907 0.924138 0.527202 0.925862 0.531088 0.925862 0.532383 0.927586 0.536269 0.927586 0.537565 0.92931 0.541451 0.92931 0.542746 0.931034 0.546632 0.931034 0.547927 0.932759 0.553109 0.932759 0.554404 0.934483 0.55829 0.934483 0.559585 0.936207 0.563472 0.936207 0.564767 0.937931 0.568653 0.937931 0.569948 0.939655 0.571244 0.937931 0.572539 0.937931 0.573834 0.936207 0.576425 0.936207 0.576425 0.934483 0.57513 0.932759 0.57513 0.931034 0.576425 0.92931 0.588083 0.92931 0.589378 0.931034 0.602332 0.931034 0.603627 0.932759 0.603627 0.925862 0.601036 0.925862 0.599741 0.924138 0.59715 0.924138 0.595855 0.922414 0.591969 0.922414 0.590674 0.92069 0.588083 0.92069 0.586788 0.918966 0.584197 0.918966 0.582902 0.917241 0.579016 0.917241 0.57772 0.915517 0.572539 0.915517 0.571244 0.913793 0.567358 0.913793 0.566062 0.912069 0.562176 0.912069 0.560881 0.910345 0.555699 0.910345 0.554404 0.908621 0.550518 0.908621 0.549223 0.906897 0.549223 0.901724 0.550518 0.9 0.550518 0.894828 0.544041 0.886207 0.542746 0.886207 0.533679 0.874138 0.533679 0.867241 0.534974 0.865517 0.534974 0.858621 0.529793 0.851724 0.529793 0.85
1 0.700777 0.787931 0.699482 0.789655 0.695596 0.789655 0.694301 0.791379 0.689119 0.791379 0.686528 0.794828 0.685233 0.794828 0.681347 0.8 0.680052 0.8 0.678756 0.801724 0.680052 0.803448 0.680052 0.805172 0.682642 0.808621 0.682642 0.810345 0.685233 0.813793 0.685233 0.815517 0.690415 0.822414 0.690415 0.824138 0.694301 0.82931 0.694301 0.831034 0.698187 0.836207 0.698187 0.837931 0.699482 0.839655 0.698187 0.841379 0.695596 0.841379 0.694301 0.843103 0.69171 0.843103 0.690415 0.844828 0.687824 0.844828 0.686528 0.846552 0.680052 0.846552 0.678756 0.844828 0.676166 0.844828 0.67487 0.843103 0.670984 0.843103 0.669689 0.841379 0.667098 0.841379 0.665803 0.839655 0.661917 0.839655 0.660622 0.837931 0.658031 0.837931 0.656736 0.836207 0.656736 0.839655 0.65544 0.841379 0.65544 0.843103 0.656736 0.843103 0.658031 0.844828 0.660622 0.844828 0.661917 0.846552 0.663212 0.846552 0.664508 0.848276 0.667098 0.848276 0.668394 0.85 0.669689 0.85 0.670984 0.851724 0.673575 0.851724 0.67487 0.853448 0.676166 0.853448 0.677461 0.855172 0.680052 0.855172 0.681347 0.856897 0.682642 0.856897 0.683938 0.858621 0.686528 0.858621 0.687824 0.860345 0.689119 0.860345 0.690415 0.862069 0.69171 0.860345 0.694301 0.860345 0.695596 0.858621 0.698187 0.858621 0.699482 0.856897 0.703368 0.856897 0.704663 0.855172 0.716321 0.855172 0.717617 0.856897 0.725389 0.856897 0.726684 0.858621 0.724093 0.862069 0.724093 0.863793 0.720207 0.868966 0.720207 0.87069 0.716321 0.875862 0.716321 0.877586 0.713731 0.881034 0.713731 0.882759 0.712435 0.884483 0.712435 0.886207 0.709845 0.889655 0.709845 0.891379 0.707254 0.894828 0.704663 0.894828 0.703368 0.896552 0.702073 0.896552 0.700777 0.898276 0.682642 0.898276 0.681347 0.896552 0.667098 0.896552 0.665803 0.894828 0.650259 0.894828 0.648964 0.893103 0.648964 0.894828 0.650259 0.896552 0.650259 0.9 0.651554 0.901724 0.651554 0.903448 0.658031 0.903448 0.659326 0.905172 0.667098 0.905172 0.668394 0.906897 0.67487 0.906897 0.676166 0.908621 0.683938 0.908621 0.685233 0.910345 0.69171 0.910345 0.693005 0.912069 0.699482 0.912069 0.700777 0.913793 0.708549 0.913793 0.709845 0.915517 0.716321 0.915517 0.717617 0.917241 0.720207 0.917241 0.721503 0.918966 0.725389 0.918966 0.726684 0.92069 0.729275 0.92069 0.73057 0.922414 0.733161 0.922414 0.734456 0.924138 0.738342 0.924138 0.739637 0.925862 0.742228 0.925862 0.743523 0.927586 0.75 0.927586 0.751295 0.92931 0.757772 0.92931 0.759067 0.931034 0.760363 0.92931 0.762953 0.92931 0.764249 0.927586 0.766839 0.927586 0.768135 0.925862 0.76943 0.925862 0.770725 0.924138 0.773316 0.924138 0.774611 0.922414 0.777202 0.922414 0.782383 0.915517 0.782383 0.913793 0.78886 0.905172 0.787565 0.903448 0.787565 0.901724 0.784974 0.898276 0.784974 0.896552 0.783679 0.894828 0.783679 0.893103 0.782383 0.891379 0.782383 0.887931 0.781088 0.886207 0.781088 0.881034 0.782383 0.87931 0.783679 0.87931 0.784974 0.877586 0.786269 0.877586 0.787565 0.875862 0.78886 0.875862 0.790155 0.874138 0.791451 0.874138 0.792746 0.872414 0.794041 0.872414 0.795337 0.87069 0.796632 0.87069 0.796632 0.868966 0.795337 0.867241 0.795337 0.863793 0.794041 0.862069 0.794041 0.860345 0.792746 0.860345 0.791451 0.858621 0.790155 0.858621 0.78886 0.856897 0.787565 0.856897 0.786269 0.855172 0.784974 0.855172 0.783679 0.853448 0.782383 0.853448 0.781088 0.851724 0.779793 0.851724 0.778497 0.85 0.777202 0.851724 0.772021 0.851724 0.770725 0.853448 0.764249 0.853448 0.762953 0.855172 0.759067 0.855172 0.757772 0.853448 0.759067 0.851724 0.759067 0.848276 0.760363 0.846552 0.760363 0.844828 0.761658 0.843103 0.761658 0.839655 0.762953 0.837931 0.762953 0.836207 0.761658 0.834483 0.760363 0.834483 0.755181 0.827586 0.753886 0.827586 0.739637 0.808621 0.738342 0.808621 0.737047 0.806897 0.735751 0.806897 0.734456 0.805172 0.733161 0.805172 0.731865 0.803448 0.73057 0.803448 0.729275 0.801724 0.727979 0.801724 0.726684 0.8 0.725389 0.8 0.724093 0.798276 0.722798 0.798276 0.721503 0.796552 0.720207 0.796552 0.718912 0.794828 0.717617 0.794828 0.716321 0.793103 0.712435 0.793103 0.71114 0.791379 0.707254 0.791379 0.705959 0.789655 0.702073 0.789655
1 0.365285 0.746552 0.365285 0.748276 0.36399 0.75 0.36399 0.753448 0.362694 0.755172 0.362694 0.758621 0.36399 0.760345 0.36399 0.762069 0.365285 0.763793 0.365285 0.767241 0.36658 0.768966 0.36658 0.77069 0.367876 0.772414 0.367876 0.774138 0.36658 0.775862 0.365285 0.775862 0.36399 0.777586 0.362694 0.777586 0.361399 0.77931 0.360104 0.77931 0.358808 0.781034 0.357513 0.781034 0.356218 0.782759 0.354922 0.782759 0.353627 0.784483 0.352332 0.784483 0.352332 0.786207 0.353627 0.787931 0.353627 0.789655 0.354922 0.791379 0.354922 0.793103 0.356218 0.794828 0.356218 0.796552 0.357513 0.794828 0.365285 0.794828 0.36658 0.793103 0.370466 0.793103 0.376943 0.784483 0.378238 0.784483 0.384715 0.775862 0.387306 0.775862 0.388601 0.774138 0.392487 0.774138 0.398964 0.765517 0.398964 0.763793 0.397668 0.762069 0.397668 0.760345 0.396373 0.758621 0.396373 0.756897 0.395078 0.758621 0.391192 0.758621 0.389896 0.760345 0.38342 0.760345 0.382124 0.758621 0.380829 0.758621 0.379534 0.756897 0.378238 0.756897 0.376943 0.755172 0.375648 0.755172 0.374352 0.753448 0.373057 0.753448 0.371762 0.751724 0.370466 0.751724 0.367876 0.748276 0.36658 0.748276
1 0.567358 0.727586 0.566062 0.72931 0.564767 0.72931 0.562176 0.732759 0.560881 0.732759 0.559585 0.734483 0.55829 0.734483 0.55829 0.736207 0.559585 0.737931 0.559585 0.741379 0.560881 0.743103 0.560881 0.746552 0.562176 0.748276 0.562176 0.751724 0.563472 0.753448 0.562176 0.755172 0.554404 0.755172 0.542746 0.739655 0.542746 0.741379 0.541451 0.743103 0.541451 0.744828 0.540155 0.746552 0.546632 0.755172 0.546632 0.756897 0.554404 0.767241 0.555699 0.767241 0.55829 0.77069 0.559585 0.77069 0.562176 0.774138 0.563472 0.774138 0.57513 0.789655 0.57513 0.791379 0.582902 0.801724 0.584197 0.8 0.588083 0.8 0.589378 0.798276 0.591969 0.798276 0.593264 0.796552 0.59715 0.796552 0.598446 0.794828 0.602332 0.794828 0.603627 0.793103 0.603627 0.791379 0.606218 0.787931 0.604922 0.786207 0.604922 0.784483 0.603627 0.782759 0.601036 0.782759 0.599741 0.781034 0.595855 0.781034 0.59456 0.77931 0.591969 0.77931 0.589378 0.775862 0.589378 0.774138 0.588083 0.772414 0.588083 0.77069 0.585492 0.767241 0.585492 0.765517 0.582902 0.762069 0.582902 0.760345 0.581606 0.758621 0.581606 0.756897 0.579016 0.753448 0.579016 0.751724 0.576425 0.748276 0.576425 0.746552 0.57513 0.744828 0.57513 0.743103 0.572539 0.739655 0.572539 0.737931 0.569948 0.734483 0.569948 0.732759 0.568653 0.731034 0.568653 0.72931
1 0.910622 0.698276 0.909326 0.7 0.90544 0.7 0.904145 0.701724 0.901554 0.701724 0.900259 0.703448 0.896373 0.703448 0.895078 0.705172 0.891192 0.705172 0.891192 0.706897 0.892487 0.708621 0.892487 0.710345 0.895078 0.710345 0.896373 0.712069 0.900259 0.712069 0.901554 0.713793 0.904145 0.713793 0.90544 0.715517 0.952073 0.715517 0.952073 0.710345 0.953368 0.708621 0.953368 0.703448 0.948187 0.703448 0.946891 0.701724 0.94171 0.701724 0.940415 0.7 0.911917 0.7
1 0.94171 0.674138 0.940415 0.675862 0.937824 0.675862 0.936528 0.677586 0.933938 0.677586 0.933938 0.684483 0.939119 0.684483 0.940415 0.686207 0.944301 0.686207 0.945596 0.687931 0.950777 0.687931 0.952073 0.689655 0.966321 0.689655 0.967617 0.691379 0.968912 0.689655 0.974093 0.689655 0.975389 0.687931 0.98057 0.687931 0.979275 0.687931 0.977979 0.686207 0.976684 0.686207 0.975389 0.684483 0.974093 0.684483 0.972798 0.682759 0.968912 0.682759 0.967617 0.681034 0.965026 0.681034 0.963731 0.67931 0.959845 0.67931 0.958549 0.677586 0.955959 0.677586 0.954663 0.675862 0.943005 0.675862
1 0.963731 0.653448 0.959845 0.658621 0.958549 0.658621 0.957254 0.660345 0.962435 0.667241 0.963731 0.667241 0.965026 0.668966 0.966321 0.668966 0.967617 0.67069 0.970207 0.67069 0.971503 0.672414 0.975389 0.672414 0.976684 0.674138 0.979275 0.674138 0.98057 0.675862 0.983161 0.672414 0.983161 0.67069 0.985751 0.667241 0.98057 0.660345 0.98057 0.658621 0.976684 0.653448
1 0.809585 0.62069 0.80829 0.622414 0.790155 0.622414 0.78886 0.624138 0.76943 0.624138 0.768135 0.625862 0.764249 0.625862 0.762953 0.627586 0.759067 0.627586 0.757772 0.62931 0.753886 0.62931 0.752591 0.631034 0.738342 0.631034 0.737047 0.632759 0.721503 0.632759 0.720207 0.634483 0.71114 0.634483 0.71114 0.636207 0.709845 0.637931 0.709845 0.641379 0.708549 0.643103 0.708549 0.644828 0.707254 0.646552 0.707254 0.648276 0.704663 0.651724 0.703368 0.651724 0.700777 0.655172 0.699482 0.655172 0.696891 0.658621 0.696891 0.660345 0.694301 0.663793 0.698187 0.663793 0.699482 0.665517 0.703368 0.665517 0.704663 0.667241 0.774611 0.667241 0.775907 0.668966 0.783679 0.668966 0.784974 0.67069 0.792746 0.67069 0.794041 0.672414 0.800518 0.672414 0.801813 0.674138 0.803109 0.672414 0.812176 0.672414 0.812176 0.67069 0.813472 0.668966 0.813472 0.667241 0.809585 0.662069 0.809585 0.660345 0.806995 0.656897 0.80829 0.655172 0.82513 0.655172 0.826425 0.656897 0.826425 0.658621 0.82513 0.660345 0.82513 0.665517 0.823834 0.667241 0.823834 0.67069 0.82513 0.672414 0.82513 0.675862 0.826425 0.677586 0.826425 0.67931 0.82772 0.681034 0.82772 0.684483 0.829016 0.686207 0.829016 0.689655 0.830311 0.691379 0.830311 0.693103 0.838083 0.693103 0.839378 0.691379 0.854922 0.691379 0.856218 0.693103 0.861399 0.693103 0.862694 0.694828 0.86658 0.694828 0.867876 0.696552 0.871762 0.696552 0.873057 0.698276 0.873057 0.696552 0.874352 0.694828 0.873057 0.694828 0.871762 0.693103 0.870466 0.693103 0.869171 0.691379 0.867876 0.691379 0.86658 0.689655 0.865285 0.689655 0.86399 0.687931 0.862694 0.687931 0.861399 0.686207 0.860104 0.686207 0.858808 0.684483 0.861399 0.681034 0.862694 0.681034 0.86399 0.67931 0.875648 0.67931 0.876943 0.681034 0.888601 0.681034 0.889896 0.682759 0.901554 0.682759 0.90285 0.684483 0.926166 0.684483 0.928756 0.681034 0.928756 0.67931 0.932642 0.674138 0.932642 0.672414 0.933938 0.67069 0.933938 0.667241 0.935233 0.665517 0.935233 0.655172 0.931347 0.65 0.930052 0.65 0.920984 0.637931 0.919689 0.637931 0.914508 0.631034 0.90544 0.631034 0.904145 0.62931 0.896373 0.62931 0.895078 0.627586 0.893782 0.62931 0.892487 0.62931 0.891192 0.631034 0.889896 0.631034 0.888601 0.632759 0.88601 0.632759 0.884715 0.634483 0.88342 0.634483 0.882124 0.636207 0.880829 0.636207 0.879534 0.637931 0.878238 0.637931 0.876943 0.639655 0.874352 0.639655 0.873057 0.641379 0.865285 0.641379 0.86399 0.639655 0.857513 0.639655 0.856218 0.637931 0.849741 0.637931 0.848446 0.636207 0.843264 0.636207 0.841969 0.634483 0.838083 0.634483 0.836788 0.632759 0.831606 0.632759 0.830311 0.631034 0.826425 0.631034 0.82513 0.62931 0.823834 0.62931 0.822539 0.627586 0.819948 0.627586 0.818653 0.625862 0.817358 0.625862 0.816062 0.624138 0.813472 0.624138 0.812176 0.622414 0.810881 0.622414
1 0.029793 0.598276 0.028497 0.6 0.025907 0.6 0.024611 0.601724 0.023316 0.601724 0.022021 0.603448 0.01943 0.603448 0.018135 0.605172 0.015544 0.605172 0.014249 0.606897 0.011658 0.606897 0.010363 0.608621 0.009067 0.608621 0.007772 0.610345 0.005181 0.610345 0.003886 0.612069 0.001295 0.612069 0.0 0.613793 0.0 0.641379 0.015544 0.641379 0.016839 0.639655 0.018135 0.641379 0.022021 0.641379 0.023316 0.643103 0.025907 0.643103 0.027202 0.644828 0.033679 0.644828 0.034974 0.643103 0.037565 0.643103 0.03886 0.641379 0.042746 0.641379 0.044041 0.639655 0.046632 0.639655 0.047927 0.637931 0.050518 0.637931 0.051813 0.636207 0.053109 0.637931 0.060881 0.637931 0.062176 0.639655 0.068653 0.639655 0.069948 0.641379 0.07772 0.641379 0.079016 0.643103 0.079016 0.646552 0.080311 0.648276 0.080311 0.653448 0.081606 0.655172 0.081606 0.658621 0.086788 0.658621 0.088083 0.660345 0.09456 0.660345 0.095855 0.662069 0.101036 0.662069 0.102332 0.663793 0.108808 0.663793 0.110104 0.665517 0.115285 0.665517 0.11658 0.667241 0.158031 0.667241 0.159326 0.665517 0.193005 0.665517 0.194301 0.663793 0.202073 0.674138 0.203368 0.674138 0.217617 0.693103 0.218912 0.693103 0.226684 0.703448 0.235751 0.703448 0.237047 0.705172 0.246114 0.705172 0.247409 0.706897 0.256477 0.706897 0.257772 0.708621 0.261658 0.708621 0.259067 0.708621 0.257772 0.706897 0.256477 0.706897 0.255181 0.705172 0.252591 0.705172 0.251295 0.703448 0.248705 0.703448 0.247409 0.701724 0.244819 0.701724 0.243523 0.7 0.242228 0.7 0.240933 0.698276 0.238342 0.698276 0.237047 0.696552 0.234456 0.696552 0.233161 0.694828 0.233161 0.693103 0.231865 0.691379 0.231865 0.686207 0.23057 0.684483 0.23057 0.67931 0.229275 0.677586 0.229275 0.675862 0.23057 0.674138 0.261658 0.674138 0.262953 0.672414 0.264249 0.674138 0.266839 0.674138 0.268135 0.675862 0.270725 0.675862 0.272021 0.677586 0.274611 0.677586 0.275907 0.67931 0.278497 0.67931 0.279793 0.681034 0.283679 0.681034 0.284974 0.682759 0.287565 0.682759 0.28886 0.684483 0.291451 0.684483 0.292746 0.686207 0.299223 0.686207 0.300518 0.684483 0.304404 0.684483 0.305699 0.682759 0.310881 0.682759 0.312176 0.681034 0.316062 0.681034 0.317358 0.67931 0.321244 0.67931 0.322539 0.677586 0.323834 0.67931 0.345855 0.67931 0.34715 0.681034 0.349741 0.681034 0.351036 0.682759 0.352332 0.682759 0.353627 0.684483 0.356218 0.684483 0.357513 0.686207 0.379534 0.686207 0.380829 0.684483 0.382124 0.684483 0.38342 0.682759 0.384715 0.682759 0.38601 0.681034 0.387306 0.681034 0.388601 0.67931 0.389896 0.67931 0.388601 0.67931 0.38601 0.675862 0.384715 0.675862 0.38342 0.674138 0.382124 0.674138 0.379534 0.67069 0.378238 0.67069 0.376943 0.668966 0.374352 0.668966 0.373057 0.667241 0.370466 0.667241 0.369171 0.665517 0.36658 0.665517 0.365285 0.663793 0.362694 0.663793 0.361399 0.662069 0.358808 0.662069 0.357513 0.660345 0.356218 0.660345 0.354922 0.658621 0.352332 0.658621 0.351036 0.656897 0.348446 0.656897 0.34715 0.655172 0.34456 0.655172 0.343264 0.653448 0.340674 0.653448 0.339378 0.651724 0.331606 0.651724 0.330311 0.653448 0.326425 0.653448 0.32513 0.655172 0.319948 0.655172 0.318653 0.656897 0.314767 0.656897 0.313472 0.658621 0.312176 0.656897 0.309585 0.656897 0.30829 0.655172 0.305699 0.655172 0.304404 0.653448 0.301813 0.653448 0.300518 0.651724 0.299223 0.651724 0.297927 0.65 0.295337 0.65 0.294041 0.648276 0.291451 0.648276 0.290155 0.646552 0.287565 0.646552 0.286269 0.644828 0.261658 0.644828 0.260363 0.646552 0.259067 0.644828 0.256477 0.644828 0.255181 0.643103 0.252591 0.643103 0.251295 0.641379 0.248705 0.641379 0.247409 0.639655 0.243523 0.639655 0.242228 0.637931 0.239637 0.637931 0.238342 0.636207 0.235751 0.636207 0.234456 0.634483 0.225389 0.634483 0.224093 0.636207 0.218912 0.636207 0.217617 0.637931 0.21114 0.637931 0.209845 0.639655 0.203368 0.639655 0.202073 0.641379 0.196891 0.641379 0.195596 0.643103 0.189119 0.643103 0.187824 0.644828 0.156736 0.644828 0.15544 0.646552 0.154145 0.644828 0.150259 0.644828 0.148964 0.643103 0.145078 0.643103 0.143782 0.641379 0.138601 0.641379 0.137306 0.639655 0.13342 0.639655 0.132124 0.637931 0.110104 0.637931 0.107513 0.634483 0.106218 0.634483 0.103627 0.631034 0.102332 0.631034 0.099741 0.627586 0.098446 0.627586 0.095855 0.624138 0.09456 0.624138 0.091969 0.62069 0.089378 0.62069 0.088083 0.618966 0.085492 0.618966 0.084197 0.617241 0.082902 0.617241 0.081606 0.615517 0.079016 0.615517 0.07772 0.613793 0.07513 0.613793 0.073834 0.612069 0.067358 0.612069 0.066062 0.610345 0.059585 0.610345 0.05829 0.608621 0.050518 0.608621 0.049223 0.606897 0.042746 0.606897 0.041451 0.605172 0.040155 0.605172 0.037565 0.601724 0.036269 0.601724 0.033679 0.598276
1 0.581606 0.594828 0.573834 0.605172 0.571244 0.605172 0.569948 0.603448 0.568653 0.603448 0.567358 0.601724 0.564767 0.601724 0.563472 0.6 0.562176 0.6 0.560881 0.598276 0.546632 0.598276 0.545337 0.6 0.541451 0.6 0.540155 0.601724 0.537565 0.601724 0.536269 0.603448 0.532383 0.603448 0.531088 0.605172 0.529793 0.605172 0.528497 0.606897 0.527202 0.606897 0.525907 0.608621 0.524611 0.608621 0.523316 0.610345 0.520725 0.610345 0.51943 0.612069 0.518135 0.612069 0.516839 0.613793 0.489637 0.613793 0.489637 0.624138 0.490933 0.625862 0.490933 0.62931 0.492228 0.631034 0.492228 0.634483 0.493523 0.636207 0.493523 0.637931 0.494819 0.639655 0.496114 0.639655 0.498705 0.643103 0.5 0.643103 0.502591 0.646552 0.498705 0.651724 0.497409 0.651724 0.496114 0.653448 0.488342 0.653448 0.487047 0.651724 0.479275 0.651724 0.476684 0.648276 0.475389 0.648276 0.472798 0.644828 0.471503 0.644828 0.468912 0.641379 0.467617 0.641379 0.465026 0.637931 0.463731 0.637931 0.46114 0.634483 0.459845 0.634483 0.457254 0.631034 0.455959 0.631034 0.454663 0.62931 0.453368 0.62931 0.452073 0.627586 0.450777 0.627586 0.449482 0.625862 0.446891 0.625862 0.445596 0.624138 0.444301 0.624138 0.443005 0.622414 0.44171 0.622414 0.440415 0.62069 0.439119 0.62069 0.437824 0.618966 0.431347 0.618966 0.430052 0.617241 0.428756 0.618966 0.427461 0.618966 0.426166 0.62069 0.423575 0.62069 0.42228 0.622414 0.420984 0.622414 0.419689 0.624138 0.419689 0.625862 0.418394 0.627586 0.418394 0.62931 0.417098 0.631034 0.417098 0.634483 0.415803 0.636207 0.415803 0.641379 0.414508 0.643103 0.414508 0.644828 0.418394 0.644828 0.419689 0.646552 0.42228 0.646552 0.423575 0.648276 0.427461 0.648276 0.428756 0.65 0.431347 0.65 0.432642 0.651724 0.428756 0.656897 0.427461 0.656897 0.419689 0.667241 0.418394 0.667241 0.415803 0.67069 0.415803 0.67931 0.417098 0.677586 0.428756 0.677586 0.430052 0.675862 0.440415 0.675862 0.44171 0.674138 0.452073 0.674138 0.454663 0.677586 0.455959 0.677586 0.459845 0.682759 0.46114 0.682759 0.462435 0.684483 0.463731 0.684483 0.465026 0.686207 0.466321 0.686207 0.467617 0.687931 0.468912 0.687931 0.470207 0.689655 0.472798 0.689655 0.474093 0.691379 0.476684 0.691379 0.477979 0.693103 0.48057 0.693103 0.481865 0.694828 0.484456 0.694828 0.485751 0.696552 0.487047 0.694828 0.489637 0.694828 0.490933 0.693103 0.493523 0.693103 0.494819 0.691379 0.498705 0.691379 0.5 0.689655 0.506477 0.689655 0.507772 0.691379 0.512953 0.691379 0.514249 0.693103 0.518135 0.693103 0.51943 0.694828 0.523316 0.694828 0.524611 0.696552 0.528497 0.696552 0.529793 0.698276 0.531088 0.696552 0.532383 0.696552 0.533679 0.694828 0.536269 0.694828 0.537565 0.693103 0.53886 0.693103 0.540155 0.691379 0.542746 0.691379 0.544041 0.689655 0.545337 0.689655 0.546632 0.691379 0.547927 0.691379 0.553109 0.698276 0.554404 0.698276 0.559585 0.705172 0.559585 0.706897 0.560881 0.708621 0.568653 0.708621 0.569948 0.710345 0.57772 0.710345 0.579016 0.712069 0.580311 0.710345 0.584197 0.710345 0.585492 0.708621 0.590674 0.708621 0.591969 0.706897 0.59715 0.706897 0.599741 0.710345 0.601036 0.710345 0.602332 0.712069 0.603627 0.712069 0.604922 0.713793 0.606218 0.713793 0.608808 0.717241 0.610104 0.717241 0.611399 0.718966 0.612694 0.718966 0.61399 0.72069 0.61658 0.72069 0.617876 0.722414 0.619171 0.722414 0.620466 0.724138 0.621762 0.724138 0.623057 0.725862 0.624352 0.725862 0.625648 0.727586 0.628238 0.727586 0.629534 0.72931 0.630829 0.72931 0.632124 0.731034 0.63342 0.731034 0.634715 0.732759 0.637306 0.732759 0.638601 0.734483 0.642487 0.734483 0.643782 0.736207 0.646373 0.736207 0.647668 0.737931 0.648964 0.736207 0.654145 0.736207 0.65544 0.734483 0.661917 0.734483 0.663212 0.732759 0.685233 0.732759 0.686528 0.734483 0.699482 0.734483 0.700777 0.736207 0.700777 0.734483 0.702073 0.732759 0.702073 0.731034 0.700777 0.72931 0.700777 0.727586 0.699482 0.725862 0.699482 0.724138 0.698187 0.722414 0.698187 0.72069 0.696891 0.718966 0.696891 0.717241 0.690415 0.717241 0.689119 0.715517 0.683938 0.715517 0.682642 0.713793 0.665803 0.713793 0.663212 0.710345 0.661917 0.710345 0.660622 0.708621 0.659326 0.708621 0.656736 0.705172 0.65544 0.705172 0.65285 0.701724 0.65285 0.7 0.651554 0.698276 0.651554 0.696552 0.648964 0.693103 0.648964 0.691379 0.647668 0.689655 0.647668 0.687931 0.646373 0.686207 0.647668 0.684483 0.650259 0.684483 0.651554 0.682759 0.65285 0.682759 0.654145 0.681034 0.661917 0.681034 0.663212 0.682759 0.667098 0.682759 0.668394 0.684483 0.673575 0.684483 0.67487 0.686207 0.678756 0.686207 0.680052 0.687931 0.685233 0.687931 0.686528 0.689655 0.687824 0.689655 0.690415 0.693103 0.69171 0.693103 0.694301 0.696552 0.695596 0.696552 0.698187 0.7 0.71114 0.7 0.716321 0.693103 0.715026 0.691379 0.713731 0.691379 0.71114 0.687931 0.709845 0.687931 0.707254 0.684483 0.705959 0.684483 0.704663 0.682759 0.703368 0.682759 0.702073 0.681034 0.699482 0.681034 0.698187 0.67931 0.696891 0.67931 0.695596 0.677586 0.694301 0.677586 0.693005 0.675862 0.69171 0.675862 0.690415 0.674138 0.689119 0.674138 0.687824 0.672414 0.686528 0.672414 0.683938 0.668966 0.682642 0.668966 0.681347 0.667241 0.680052 0.667241 0.678756 0.665517 0.67228 0.665517 0.670984 0.663793 0.665803 0.663793 0.664508 0.662069 0.656736 0.662069 0.65544 0.660345 0.650259 0.660345 0.648964 0.658621 0.643782 0.658621 0.642487 0.656897 0.642487 0.646552 0.641192 0.648276 0.638601 0.648276 0.637306 0.65 0.63601 0.65 0.634715 0.651724 0.63342 0.651724 0.632124 0.653448 0.630829 0.653448 0.629534 0.655172 0.626943 0.655172 0.625648 0.656897 0.624352 0.656897 0.623057 0.658621 0.621762 0.656897 0.602332 0.656897 0.599741 0.653448 0.598446 0.653448 0.595855 0.65 0.59715 0.648276 0.598446 0.648276 0.599741 0.646552 0.601036 0.646552 0.602332 0.644828 0.603627 0.644828 0.604922 0.643103 0.606218 0.643103 0.607513 0.641379 0.608808 0.641379 0.610104 0.639655 0.611399 0.639655 0.612694 0.637931 0.61399 0.637931 0.615285 0.636207 0.61658 0.637931 0.621762 0.637931 0.623057 0.639655 0.625648 0.639655 0.626943 0.641379 0.629534 0.641379 0.630829 0.643103 0.642487 0.643103 0.642487 0.641379 0.629534 0.641379 0.626943 0.637931 0.626943 0.62069 0.625648 0.618966 0.625648 0.615517 0.624352 0.613793 0.624352 0.610345 0.623057 0.608621 0.623057 0.606897 0.621762 0.606897 0.620466 0.605172 0.617876 0.605172 0.61658 0.603448 0.615285 0.603448 0.61399 0.601724 0.611399 0.601724 0.610104 0.6 0.608808 0.6 0.607513 0.598276 0.595855 0.598276 0.59456 0.596552 0.582902 0.596552
1 0.17487 0.57931 0.173575 0.581034 0.168394 0.581034 0.167098 0.582759 0.161917 0.582759 0.160622 0.584483 0.148964 0.584483 0.147668 0.582759 0.146373 0.584483 0.145078 0.584483 0.143782 0.586207 0.141192 0.586207 0.139896 0.587931 0.138601 0.587931 0.138601 0.596552 0.139896 0.594828 0.145078 0.594828 0.146373 0.593103 0.151554 0.593103 0.15285 0.591379 0.156736 0.591379 0.158031 0.589655 0.161917 0.589655 0.163212 0.587931 0.165803 0.587931 0.167098 0.586207 0.170984 0.586207 0.17228 0.584483 0.176166 0.584483 0.176166 0.582759 0.17487 0.581034
1 0.134715 0.568966 0.134715 0.572414 0.13342 0.574138 0.13342 0.575862 0.143782 0.575862 0.143782 0.568966
1 0.426166 0.551724 0.42487 0.553448 0.423575 0.553448 0.42228 0.555172 0.419689 0.555172 0.419689 0.558621 0.418394 0.560345 0.418394 0.57069 0.417098 0.572414 0.417098 0.593103 0.418394 0.594828 0.418394 0.596552 0.419689 0.598276 0.419689 0.6 0.420984 0.598276 0.427461 0.598276 0.428756 0.596552 0.433938 0.596552 0.435233 0.594828 0.44171 0.594828 0.443005 0.593103 0.454663 0.593103 0.455959 0.591379 0.457254 0.591379 0.458549 0.589655 0.459845 0.589655 0.452073 0.57931 0.44171 0.57931 0.440415 0.577586 0.436528 0.577586 0.435233 0.575862 0.435233 0.57069 0.436528 0.568966 0.436528 0.565517
1 0.611399 0.55 0.610104 0.551724 0.604922 0.551724 0.603627 0.553448 0.598446 0.553448 0.598446 0.555172 0.59715 0.556897 0.59715 0.558621 0.59456 0.562069 0.582902 0.562069 0.581606 0.560345 0.576425 0.560345 0.57513 0.558621 0.573834 0.560345 0.567358 0.560345 0.566062 0.562069 0.559585 0.562069 0.55829 0.563793 0.546632 0.563793 0.545337 0.562069 0.541451 0.562069 0.540155 0.560345 0.534974 0.560345 0.533679 0.558621 0.532383 0.560345 0.523316 0.560345 0.518135 0.567241 0.524611 0.575862 0.525907 0.575862 0.527202 0.577586 0.528497 0.577586 0.529793 0.57931 0.532383 0.57931 0.533679 0.581034 0.534974 0.581034 0.536269 0.582759 0.537565 0.582759 0.53886 0.584483 0.562176 0.584483 0.563472 0.586207 0.573834 0.586207 0.57513 0.587931 0.584197 0.587931 0.585492 0.589655 0.59456 0.589655 0.595855 0.591379 0.603627 0.591379 0.604922 0.593103 0.628238 0.593103 0.629534 0.594828 0.65285 0.594828 0.654145 0.596552 0.658031 0.596552 0.659326 0.598276 0.663212 0.598276 0.664508 0.6 0.667098 0.6 0.668394 0.601724 0.67228 0.601724 0.673575 0.603448 0.677461 0.603448 0.678756 0.605172 0.693005 0.605172 0.694301 0.606897 0.718912 0.606897 0.720207 0.608621 0.726684 0.608621 0.727979 0.610345 0.734456 0.610345 0.735751 0.612069 0.744819 0.612069 0.746114 0.613793 0.755181 0.613793 0.756477 0.615517 0.765544 0.615517 0.766839 0.617241 0.770725 0.617241 0.774611 0.612069 0.773316 0.610345 0.773316 0.608621 0.772021 0.606897 0.772021 0.605172 0.76943 0.605172 0.768135 0.603448 0.765544 0.603448 0.764249 0.601724 0.761658 0.601724 0.760363 0.6 0.757772 0.6 0.756477 0.598276 0.755181 0.598276 0.753886 0.596552 0.751295 0.596552 0.75 0.594828 0.748705 0.594828 0.747409 0.593103 0.746114 0.593103 0.744819 0.591379 0.743523 0.591379 0.742228 0.589655 0.740933 0.589655 0.739637 0.587931 0.738342 0.589655 0.717617 0.589655 0.716321 0.587931 0.712435 0.587931 0.71114 0.586207 0.708549 0.586207 0.707254 0.584483 0.705959 0.584483 0.704663 0.582759 0.702073 0.582759 0.700777 0.581034 0.699482 0.582759 0.677461 0.582759 0.676166 0.581034 0.659326 0.581034 0.658031 0.57931 0.643782 0.57931 0.641192 0.575862 0.639896 0.575862 0.637306 0.572414 0.63601 0.572414 0.634715 0.57069 0.630829 0.57069 0.629534 0.568966 0.628238 0.568966 0.626943 0.567241 0.625648 0.567241 0.623057 0.563793 0.621762 0.563793 0.620466 0.562069 0.620466 0.560345 0.619171 0.558621 0.619171 0.556897 0.617876 0.555172 0.617876 0.553448 0.615285 0.553448 0.61399 0.551724 0.612694 0.551724
1 0.658031 0.506897 0.656736 0.508621 0.65285 0.508621 0.651554 0.510345 0.646373 0.510345 0.645078 0.512069 0.641192 0.512069 0.641192 0.522414 0.65285 0.522414 0.654145 0.524138 0.65544 0.522414 0.661917 0.522414 0.663212 0.52069 0.673575 0.52069 0.673575 0.518966 0.67228 0.517241 0.67228 0.515517 0.670984 0.513793 0.670984 0.512069 0.668394 0.512069 0.667098 0.510345 0.663212 0.510345 0.661917 0.508621 0.659326 0.508621
1 0.216321 0.506897 0.216321 0.508621 0.215026 0.510345 0.215026 0.512069 0.213731 0.513793 0.213731 0.517241 0.212435 0.518966 0.212435 0.522414 0.21114 0.524138 0.21114 0.525862 0.209845 0.527586 0.209845 0.531034 0.21114 0.532759 0.21114 0.536207 0.217617 0.536207 0.218912 0.537931 0.221503 0.534483 0.221503 0.532759 0.225389 0.527586 0.225389 0.525862 0.227979 0.522414 0.227979 0.52069 0.226684 0.518966 0.226684 0.515517 0.225389 0.513793 0.225389 0.510345 0.224093 0.508621 0.224093 0.506897
1 0.774611 0.5 0.773316 0.501724 0.772021 0.501724 0.770725 0.503448 0.76943 0.503448 0.76943 0.505172 0.768135 0.506897 0.768135 0.508621 0.773316 0.508621 0.774611 0.510345 0.778497 0.510345 0.779793 0.512069 0.783679 0.512069 0.784974 0.513793 0.787565 0.513793 0.78886 0.515517 0.792746 0.515517 0.794041 0.517241 0.80829 0.517241 0.809585 0.518966 0.810881 0.517241 0.812176 0.517241 0.813472 0.515517 0.814767 0.515517 0.816062 0.513793 0.817358 0.513793 0.813472 0.508621 0.812176 0.510345 0.80829 0.510345 0.806995 0.512069 0.800518 0.512069 0.799223 0.510345 0.796632 0.510345 0.795337 0.508621 0.792746 0.508621 0.791451 0.506897 0.78886 0.506897 0.787565 0.505172 0.784974 0.505172 0.783679 0.503448 0.779793 0.503448 0.778497 0.501724 0.775907 0.501724
1 0.715026 0.468966 0.713731 0.47069 0.707254 0.47069 0.705959 0.472414 0.699482 0.472414 0.698187 0.474138 0.670984 0.474138 0.670984 0.482759 0.681347 0.482759 0.682642 0.484483 0.693005 0.484483 0.694301 0.486207 0.709845 0.486207 0.71114 0.487931 0.725389 0.487931 0.726684 0.489655 0.73057 0.484483 0.731865 0.484483 0.734456 0.481034 0.743523 0.481034 0.744819 0.47931 0.744819 0.477586 0.746114 0.475862 0.746114 0.474138 0.747409 0.472414 0.740933 0.472414 0.739637 0.47069 0.726684 0.47069 0.725389 0.468966
1 0.062176 0.467241 0.060881 0.468966 0.05829 0.468966 0.056995 0.47069 0.053109 0.47069 0.051813 0.472414 0.050518 0.47069 0.041451 0.47069 0.040155 0.468966 0.01943 0.468966 0.018135 0.47069 0.014249 0.47069 0.012953 0.472414 0.010363 0.472414 0.009067 0.474138 0.005181 0.474138 0.003886 0.475862 0.001295 0.475862 0.0 0.477586 0.0 0.582759 0.001295 0.581034 0.002591 0.581034 0.005181 0.577586 0.006477 0.577586 0.010363 0.572414 0.011658 0.572414 0.015544 0.567241 0.016839 0.567241 0.01943 0.563793 0.020725 0.563793 0.024611 0.558621 0.025907 0.558621 0.029793 0.553448 0.031088 0.553448 0.033679 0.55 0.034974 0.55 0.036269 0.548276 0.033679 0.548276 0.032383 0.546552 0.031088 0.546552 0.029793 0.544828 0.027202 0.544828 0.025907 0.543103 0.025907 0.541379 0.027202 0.539655 0.027202 0.537931 0.028497 0.536207 0.028497 0.534483 0.029793 0.532759 0.029793 0.531034 0.031088 0.52931 0.031088 0.527586 0.032383 0.525862 0.032383 0.524138 0.033679 0.522414 0.033679 0.52069 0.034974 0.518966 0.034974 0.517241 0.036269 0.515517 0.036269 0.513793 0.037565 0.512069 0.064767 0.512069 0.066062 0.510345 0.068653 0.510345 0.069948 0.508621 0.071244 0.508621 0.072539 0.506897 0.07513 0.506897 0.076425 0.505172 0.079016 0.505172 0.080311 0.503448 0.081606 0.503448 0.082902 0.501724 0.085492 0.501724 0.084197 0.501724 0.081606 0.498276 0.080311 0.498276 0.079016 0.496552 0.07772 0.496552 0.07513 0.493103 0.073834 0.493103 0.072539 0.491379 0.071244 0.491379 0.069948 0.489655 0.068653 0.489655 0.066062 0.486207 0.064767 0.486207 0.063472 0.484483 0.068653 0.477586 0.069948 0.477586 0.073834 0.472414 0.072539 0.472414 0.069948 0.468966 0.068653 0.468966 0.067358 0.467241
1 0.231865 0.463793 0.23057 0.465517 0.215026 0.465517 0.213731 0.467241 0.209845 0.467241 0.208549 0.468966 0.203368 0.468966 0.202073 0.47069 0.198187 0.47069 0.198187 0.475862 0.196891 0.477586 0.196891 0.481034 0.195596 0.482759 0.194301 0.482759 0.193005 0.484483 0.190415 0.484483 0.189119 0.486207 0.187824 0.486207 0.187824 0.498276 0.189119 0.5 0.189119 0.501724 0.190415 0.503448 0.190415 0.505172 0.19171 0.503448 0.194301 0.503448 0.195596 0.501724 0.198187 0.501724 0.199482 0.5 0.200777 0.5 0.202073 0.498276 0.204663 0.498276 0.205959 0.496552 0.208549 0.496552 0.209845 0.494828 0.212435 0.494828 0.213731 0.493103 0.224093 0.493103 0.225389 0.494828 0.23057 0.494828 0.231865 0.496552 0.233161 0.494828 0.239637 0.494828 0.240933 0.493103 0.266839 0.493103 0.268135 0.494828 0.277202 0.494828 0.279793 0.491379 0.281088 0.491379 0.282383 0.489655 0.282383 0.484483 0.281088 0.482759 0.281088 0.477586 0.260363 0.477586 0.259067 0.475862 0.255181 0.475862 0.253886 0.474138 0.251295 0.474138 0.25 0.472414 0.248705 0.472414 0.242228 0.463793
1 0.38342 0.455172 0.382124 0.456897 0.379534 0.456897 0.378238 0.458621 0.376943 0.458621 0.375648 0.460345 0.373057 0.460345 0.370466 0.463793 0.370466 0.465517 0.36658 0.47069 0.36658 0.47931 0.367876 0.477586 0.376943 0.477586 0.378238 0.475862 0.396373 0.475862 0.398964 0.47931 0.398964 0.481034 0.40285 0.486207 0.40285 0.487931 0.40544 0.491379 0.40544 0.493103 0.406736 0.494828 0.406736 0.496552 0.408031 0.498276 0.408031 0.5 0.406736 0.501724 0.40544 0.501724 0.40285 0.505172 0.401554 0.505172 0.400259 0.506897 0.395078 0.506897 0.393782 0.508621 0.388601 0.508621 0.387306 0.510345 0.38342 0.510345 0.382124 0.512069 0.376943 0.512069 0.375648 0.513793 0.370466 0.513793 0.369171 0.515517 0.36399 0.515517 0.36399 0.518966 0.365285 0.52069 0.365285 0.524138 0.36658 0.522414 0.378238 0.522414 0.379534 0.52069 0.389896 0.52069 0.391192 0.518966 0.40285 0.518966 0.404145 0.517241 0.409326 0.517241 0.410622 0.515517 0.415803 0.515517 0.417098 0.513793 0.42228 0.513793 0.423575 0.512069 0.427461 0.512069 0.428756 0.510345 0.432642 0.510345 0.433938 0.508621 0.437824 0.508621 0.440415 0.505172 0.44171 0.505172 0.444301 0.501724 0.445596 0.501724 0.449482 0.496552 0.450777 0.496552 0.455959 0.489655 0.455959 0.487931 0.459845 0.482759 0.472798 0.482759 0.474093 0.484483 0.490933 0.484483 0.492228 0.486207 0.497409 0.486207 0.498705 0.487931 0.503886 0.487931 0.505181 0.489655 0.510363 0.489655 0.511658 0.491379 0.522021 0.491379 0.523316 0.493103 0.532383 0.493103 0.533679 0.494828 0.534974 0.493103 0.537565 0.493103 0.53886 0.491379 0.542746 0.491379 0.542746 0.47931 0.541451 0.477586 0.541451 0.472414 0.540155 0.47069 0.540155 0.467241 0.53886 0.468966 0.51943 0.468966 0.518135 0.467241 0.514249 0.467241 0.512953 0.465517 0.507772 0.465517 0.506477 0.463793 0.44171 0.463793 0.440415 0.462069 0.406736 0.462069 0.40544 0.460345 0.40285 0.460345 0.401554 0.458621 0.397668 0.458621 0.396373 0.456897 0.384715 0.456897
1 0.497409 0.446552 0.496114 0.448276 0.496114 0.45 0.493523 0.453448 0.474093 0.453448 0.474093 0.455172 0.475389 0.456897 0.475389 0.458621 0.5 0.458621 0.501295 0.460345 0.524611 0.460345 0.525907 0.462069 0.527202 0.460345 0.528497 0.460345 0.531088 0.456897 0.532383 0.456897 0.531088 0.455172 0.529793 0.455172 0.525907 0.45 0.524611 0.45 0.522021 0.446552
1 0.17228 0.32931 0.170984 0.331034 0.151554 0.331034 0.151554 0.336207 0.17228 0.336207
