0 0.965007 0.937163 0.963661 0.938959 0.963661 0.940754 0.959623 0.94614 0.959623 0.947935 0.958277 0.949731 0.959623 0.949731 0.962315 0.953321 0.963661 0.953321 0.965007 0.955117 0.966353 0.955117 0.969044 0.958707 0.97039 0.958707 0.973082 0.962298 0.974428 0.962298 0.975774 0.964093 0.97712 0.964093 0.979812 0.967684 0.981157 0.967684 0.982503 0.969479 0.983849 0.969479 0.986541 0.97307 0.989233 0.97307 0.990579 0.971275 0.991925 0.971275 0.994616 0.967684 0.995962 0.967684 0.997308 0.965889 0.998654 0.965889 0.998654 0.955117 0.997308 0.955117 0.995962 0.953321 0.993271 0.953321 0.991925 0.951526 0.990579 0.951526 0.989233 0.949731 0.987887 0.949731 0.986541 0.947935 0.983849 0.947935 0.982503 0.94614 0.981157 0.94614 0.979812 0.944345 0.97712 0.944345 0.975774 0.942549 0.974428 0.942549 0.973082 0.940754 0.971736 0.940754 0.97039 0.938959 0.967699 0.938959 0.966353 0.937163
0 0.199192 0.917415 0.197847 0.91921 0.196501 0.91921 0.193809 0.922801 0.192463 0.922801 0.191117 0.924596 0.189771 0.924596 0.189771 0.926391 0.191117 0.928187 0.191117 0.929982 0.195155 0.935368 0.195155 0.937163 0.196501 0.938959 0.197847 0.937163 0.199192 0.937163 0.200538 0.935368 0.201884 0.935368 0.204576 0.931777 0.205922 0.931777 0.207268 0.929982 0.208614 0.929982 0.20996 0.928187 0.211306 0.928187 0.207268 0.922801 0.205922 0.922801 0.201884 0.917415
0 0.254374 0.915619 0.25572 0.915619 0.258412 0.91921 0.259758 0.91921 0.26245 0.922801 0.263795 0.922801 0.266487 0.926391 0.266487 0.921005 0.267833 0.91921 0.267833 0.915619
0 0.28533 0.788151 0.283984 0.789946 0.263795 0.789946 0.263795 0.793537 0.265141 0.795332 0.265141 0.800718 0.28533 0.800718
0 0.327052 0.615799 0.325707 0.617594 0.324361 0.617594 0.323015 0.61939 0.320323 0.61939 0.320323 0.62298 0.318977 0.624776 0.318977 0.630162 0.317631 0.631957 0.317631 0.635548 0.321669 0.635548 0.323015 0.637343 0.33109 0.626571 0.333782 0.626571 0.335128 0.624776 0.339166 0.624776 0.340511 0.62298 0.343203 0.62298 0.340511 0.62298 0.339166 0.621185 0.336474 0.621185 0.335128 0.61939 0.332436 0.61939 0.33109 0.617594 0.328398 0.617594
0 0.395693 0.605027 0.394347 0.606822 0.394347 0.608618 0.393001 0.610413 0.393001 0.612208 0.391655 0.614004 0.391655 0.615799 0.39031 0.617594 0.39031 0.61939 0.388964 0.621185 0.388964 0.62298 0.387618 0.624776 0.388964 0.626571 0.39031 0.626571 0.394347 0.631957 0.397039 0.628366 0.398385 0.628366 0.403769 0.621185 0.405114 0.621185 0.40646 0.61939 0.40646 0.608618 0.402423 0.608618 0.401077 0.606822 0.397039 0.606822
0 0.248991 0.535009 0.248991 0.5386 0.247645 0.540395 0.247645 0.549372 0.246299 0.551167 0.246299 0.556553 0.244953 0.558348 0.243607 0.558348 0.240915 0.561939 0.239569 0.561939 0.236878 0.56553 0.235532 0.56553 0.23284 0.56912 0.231494 0.56912 0.234186 0.572711 0.234186 0.574506 0.235532 0.576302 0.238223 0.572711 0.239569 0.572711 0.242261 0.56912 0.244953 0.572711 0.244953 0.574506 0.246299 0.576302 0.246299 0.579892 0.247645 0.581688 0.247645 0.583483 0.248991 0.581688 0.251682 0.581688 0.253028 0.579892 0.25572 0.579892 0.257066 0.578097 0.258412 0.578097 0.259758 0.576302 0.26245 0.576302 0.263795 0.574506 0.266487 0.574506 0.267833 0.572711 0.270525 0.572711 0.271871 0.570916 0.274563 0.570916 0.275908 0.56912 0.2786 0.56912 0.279946 0.567325 0.281292 0.567325 0.282638 0.56553 0.28533 0.56553 0.286676 0.563734 0.290713 0.563734 0.293405 0.567325 0.294751 0.567325 0.297443 0.570916 0.298789 0.570916 0.300135 0.572711 0.30148 0.570916 0.328398 0.570916 0.328398 0.567325 0.327052 0.56553 0.327052 0.558348 0.325707 0.556553 0.325707 0.552962 0.324361 0.554758 0.321669 0.554758 0.320323 0.556553 0.317631 0.556553 0.316285 0.558348 0.312248 0.558348 0.310902 0.560144 0.30821 0.560144 0.306864 0.561939 0.30148 0.561939 0.300135 0.560144 0.298789 0.560144 0.297443 0.558348 0.294751 0.558348 0.293405 0.556553 0.290713 0.556553 0.289367 0.554758 0.286676 0.554758 0.28533 0.552962 0.283984 0.552962 0.282638 0.551167 0.279946 0.551167 0.2786 0.549372 0.277254 0.551167 0.26245 0.551167 0.257066 0.543986 0.25572 0.543986
0 0.144011 0.38061 0.142665 0.382406 0.135935 0.382406 0.135935 0.384201 0.137281 0.385996 0.137281 0.387792 0.138627 0.389587 0.15074 0.389587 0.15074 0.38061
0 0.22611 0.373429 0.22611 0.384201 0.251682 0.384201 0.251682 0.375224 0.227456 0.375224
1 0.118439 0.980251 0.117093 0.982047 0.113055 0.982047 0.111709 0.983842 0.109017 0.983842 0.107672 0.985637 0.10498 0.985637 0.109017 0.991023 0.110363 0.991023 0.115747 0.998205 0.121131 0.998205 0.121131 0.996409 0.119785 0.994614 0.119785 0.985637 0.118439 0.983842
1 0.096904 0.960503 0.092867 0.965889 0.091521 0.965889 0.086137 0.97307 0.084791 0.97307 0.079408 0.980251 0.078062 0.980251 0.07537 0.983842 0.074024 0.983842 0.072678 0.985637 0.069987 0.985637 0.068641 0.987433 0.067295 0.987433 0.065949 0.989228 0.063257 0.989228 0.063257 0.992819 0.064603 0.994614 0.064603 0.998205 0.091521 0.998205 0.091521 0.989228 0.090175 0.987433 0.090175 0.976661 0.091521 0.974865 0.091521 0.97307 0.092867 0.971275 0.092867 0.969479 0.094213 0.967684 0.094213 0.965889 0.095559 0.964093 0.095559 0.962298
1 0.475101 0.947935 0.475101 0.953321 0.473755 0.955117 0.473755 0.964093 0.472409 0.965889 0.472409 0.967684 0.471063 0.969479 0.468371 0.969479 0.468371 0.971275 0.467026 0.97307 0.467026 0.974865 0.46568 0.976661 0.46568 0.980251 0.464334 0.982047 0.464334 0.983842 0.462988 0.985637 0.462988 0.987433 0.461642 0.989228 0.461642 0.992819 0.460296 0.994614 0.460296 0.996409 0.45895 0.998205 0.471063 0.998205 0.471063 0.996409 0.472409 0.994614 0.472409 0.989228 0.473755 0.987433 0.473755 0.982047 0.475101 0.980251 0.475101 0.974865 0.476447 0.97307 0.476447 0.967684 0.477793 0.965889 0.477793 0.960503 0.479139 0.958707 0.479139 0.953321 0.480485 0.951526 0.480485 0.949731 0.476447 0.949731
1 0.119785 0.872531 0.118439 0.874327 0.117093 0.874327 0.114401 0.877917 0.113055 0.877917 0.111709 0.879713 0.110363 0.879713 0.107672 0.883303 0.106326 0.883303 0.10498 0.885099 0.102288 0.885099 0.100942 0.886894 0.095559 0.886894 0.092867 0.883303 0.091521 0.883303 0.088829 0.879713 0.087483 0.879713 0.086137 0.877917 0.086137 0.879713 0.084791 0.881508 0.084791 0.883303 0.083445 0.885099 0.083445 0.886894 0.0821 0.888689 0.0821 0.890485 0.080754 0.89228 0.080754 0.894075 0.079408 0.895871 0.079408 0.897666 0.111709 0.897666 0.113055 0.895871 0.115747 0.895871 0.117093 0.894075 0.119785 0.894075 0.121131 0.89228 0.122476 0.89228 0.123822 0.894075 0.123822 0.895871 0.125168 0.897666 0.125168 0.904847 0.126514 0.906643 0.126514 0.910233 0.12786 0.908438 0.131898 0.908438 0.131898 0.906643 0.130552 0.904847 0.130552 0.899461 0.129206 0.897666 0.129206 0.894075 0.12786 0.89228 0.12786 0.890485 0.126514 0.888689 0.126514 0.886894 0.123822 0.883303 0.123822 0.881508 0.122476 0.879713 0.122476 0.877917 0.121131 0.876122 0.121131 0.874327
1 0.302826 0.651706 0.30148 0.653501 0.297443 0.653501 0.296097 0.655296 0.290713 0.655296 0.290713 0.658887 0.292059 0.660682 0.292059 0.664273 0.290713 0.666068 0.290713 0.667864 0.288022 0.671454 0.288022 0.67325 0.28533 0.67684 0.28533 0.678636 0.283984 0.680431 0.283984 0.685817 0.28533 0.684022 0.286676 0.684022 0.289367 0.680431 0.290713 0.680431 0.292059 0.678636 0.293405 0.678636 0.294751 0.67684 0.296097 0.67684 0.298789 0.67325 0.300135 0.67325 0.30148 0.671454 0.328398 0.671454 0.328398 0.669659 0.329744 0.667864 0.329744 0.666068 0.328398 0.667864 0.316285 0.667864 0.310902 0.660682 0.309556 0.660682
1 0.063257 0.621185 0.061911 0.62298 0.059219 0.62298 0.057873 0.624776 0.056528 0.624776 0.055182 0.626571 0.05249 0.626571 0.051144 0.628366 0.048452 0.628366 0.047106 0.630162 0.04576 0.630162 0.044415 0.631957 0.041723 0.631957 0.040377 0.633752 0.037685 0.633752 0.036339 0.635548 0.033647 0.635548 0.032301 0.637343 0.028264 0.637343 0.026918 0.639138 0.024226 0.639138 0.026918 0.639138 0.028264 0.640934 0.030956 0.640934 0.032301 0.642729 0.039031 0.642729 0.040377 0.644524 0.040377 0.648115 0.039031 0.64991 0.039031 0.653501 0.040377 0.651706 0.05249 0.651706 0.047106 0.644524 0.05249 0.637343 0.053836 0.637343 0.055182 0.635548 0.056528 0.635548 0.057873 0.633752 0.060565 0.633752 0.061911 0.631957 0.063257 0.631957 0.064603 0.630162 0.065949 0.630162 0.065949 0.628366 0.064603 0.626571 0.064603 0.624776 0.063257 0.62298
1 0.745626 0.61939 0.74428 0.621185 0.740242 0.621185 0.738896 0.62298 0.733513 0.62298 0.732167 0.624776 0.728129 0.624776 0.726783 0.626571 0.7214 0.626571 0.720054 0.628366 0.716016 0.628366 0.71467 0.630162 0.709287 0.630162 0.707941 0.631957 0.69852 0.631957 0.697174 0.633752 0.687752 0.633752 0.686406 0.635548 0.685061 0.635548 0.682369 0.639138 0.681023 0.639138 0.678331 0.642729 0.676985 0.642729 0.674293 0.64632 0.672948 0.64632 0.670256 0.64991 0.66891 0.64991 0.671602 0.64991 0.672948 0.651706 0.674293 0.651706 0.675639 0.653501 0.676985 0.651706 0.678331 0.651706 0.679677 0.64991 0.682369 0.64991 0.683715 0.648115 0.685061 0.648115 0.686406 0.64632 0.689098 0.64632 0.690444 0.644524 0.69179 0.644524 0.693136 0.642729 0.695828 0.642729 0.697174 0.640934 0.69852 0.640934 0.699865 0.639138 0.707941 0.639138 0.709287 0.637343 0.718708 0.637343 0.720054 0.635548 0.728129 0.635548 0.729475 0.633752 0.732167 0.633752 0.733513 0.631957 0.736205 0.631957 0.73755 0.630162 0.741588 0.630162 0.742934 0.628366 0.745626 0.628366 0.746972 0.626571 0.749664 0.626571 0.746972 0.62298 0.746972 0.621185
1 0.61642 0.61939 0.615074 0.621185 0.613728 0.621185 0.611036 0.624776 0.60969 0.624776 0.632571 0.624776 0.633917 0.626571 0.633917 0.61939
1 0.627187 0.585278 0.625841 0.587074 0.617766 0.587074 0.61642 0.588869 0.606999 0.588869 0.605653 0.590664 0.602961 0.590664 0.601615 0.59246 0.598923 0.59246 0.597577 0.594255 0.594886 0.594255 0.59354 0.59605 0.590848 0.59605 0.594886 0.59605 0.596231 0.597846 0.601615 0.597846 0.602961 0.599641 0.606999 0.599641 0.608345 0.601436 0.60969 0.599641 0.613728 0.599641 0.615074 0.597846 0.619112 0.597846 0.620458 0.59605 0.624495 0.59605 0.625841 0.594255 0.629879 0.594255 0.629879 0.59246 0.628533 0.590664 0.628533 0.588869 0.627187 0.587074
1 0.292059 0.543986 0.290713 0.545781 0.288022 0.545781 0.286676 0.547576 0.282638 0.547576 0.281292 0.549372 0.279946 0.549372 0.282638 0.549372 0.283984 0.551167 0.28533 0.551167 0.286676 0.552962 0.289367 0.552962 0.290713 0.554758 0.293405 0.554758 0.294751 0.556553 0.297443 0.556553 0.298789 0.558348 0.300135 0.558348 0.30148 0.560144 0.306864 0.560144 0.30821 0.558348 0.310902 0.558348 0.312248 0.556553 0.316285 0.556553 0.317631 0.554758 0.320323 0.554758 0.321669 0.552962 0.324361 0.552962 0.325707 0.551167 0.327052 0.552962 0.327052 0.556553 0.328398 0.558348 0.328398 0.56553 0.329744 0.567325 0.329744 0.56912 0.332436 0.56912 0.333782 0.567325 0.336474 0.567325 0.336474 0.560144 0.33782 0.558348 0.33782 0.551167 0.325707 0.551167 0.324361 0.549372 0.312248 0.549372 0.310902 0.547576 0.302826 0.547576 0.30148 0.545781 0.293405 0.545781
1 0.044415 0.509874 0.043069 0.51167 0.036339 0.51167 0.034993 0.513465 0.02961 0.513465 0.028264 0.51526 0.021534 0.51526 0.020188 0.517056 0.014805 0.517056 0.013459 0.518851 0.006729 0.518851 0.006729 0.543986 0.009421 0.543986 0.010767 0.545781 0.013459 0.545781 0.014805 0.547576 0.016151 0.547576 0.017497 0.549372 0.020188 0.549372 0.021534 0.551167 0.024226 0.551167 0.025572 0.552962 0.026918 0.551167 0.028264 0.551167 0.030956 0.547576 0.032301 0.547576 0.033647 0.545781 0.034993 0.545781 0.032301 0.545781 0.030956 0.543986 0.028264 0.543986 0.026918 0.54219 0.025572 0.54219 0.024226 0.540395 0.025572 0.5386 0.095559 0.5386 0.096904 0.540395 0.09825 0.540395 0.099596 0.54219 0.100942 0.54219 0.102288 0.543986 0.10498 0.543986 0.106326 0.545781 0.107672 0.545781 0.109017 0.547576 0.110363 0.547576 0.111709 0.549372 0.113055 0.549372 0.114401 0.551167 0.138627 0.551167 0.139973 0.552962 0.141319 0.551167 0.144011 0.551167 0.145357 0.549372 0.148048 0.549372 0.149394 0.547576 0.153432 0.547576 0.154778 0.545781 0.15747 0.545781 0.158816 0.543986 0.160162 0.543986 0.161507 0.545781 0.161507 0.554758 0.160162 0.556553 0.160162 0.563734 0.158816 0.56553 0.142665 0.56553 0.141319 0.563734 0.125168 0.563734 0.123822 0.561939 0.122476 0.563734 0.118439 0.563734 0.117093 0.56553 0.113055 0.56553 0.111709 0.567325 0.107672 0.567325 0.106326 0.56912 0.102288 0.56912 0.100942 0.570916 0.096904 0.570916 0.095559 0.572711 0.091521 0.572711 0.090175 0.574506 0.086137 0.574506 0.086137 0.585278 0.100942 0.585278 0.102288 0.587074 0.117093 0.587074 0.118439 0.588869 0.110363 0.599641 0.110363 0.601436 0.100942 0.614004 0.102288 0.612208 0.107672 0.612208 0.109017 0.610413 0.114401 0.610413 0.115747 0.608618 0.121131 0.608618 0.122476 0.606822 0.126514 0.606822 0.12786 0.605027 0.133244 0.605027 0.13459 0.603232 0.139973 0.603232 0.141319 0.601436 0.156124 0.601436 0.15747 0.603232 0.166891 0.603232 0.168237 0.605027 0.176312 0.605027 0.177658 0.606822 0.187079 0.606822 0.188425 0.608618 0.189771 0.606822 0.242261 0.606822 0.243607 0.608618 0.244953 0.608618 0.247645 0.612208 0.248991 0.612208 0.251682 0.615799 0.253028 0.614004 0.290713 0.614004 0.292059 0.615799 0.296097 0.615799 0.297443 0.617594 0.300135 0.617594 0.30148 0.61939 0.305518 0.61939 0.306864 0.621185 0.309556 0.621185 0.310902 0.62298 0.309556 0.624776 0.30821 0.624776 0.306864 0.626571 0.304172 0.626571 0.302826 0.628366 0.30148 0.628366 0.300135 0.630162 0.297443 0.630162 0.296097 0.631957 0.289367 0.631957 0.288022 0.633752 0.281292 0.633752 0.277254 0.628366 0.277254 0.626571 0.274563 0.62298 0.273217 0.624776 0.248991 0.624776 0.250336 0.624776 0.251682 0.626571 0.253028 0.626571 0.254374 0.628366 0.25572 0.628366 0.257066 0.630162 0.258412 0.630162 0.259758 0.631957 0.261104 0.631957 0.26245 0.633752 0.263795 0.633752 0.265141 0.635548 0.266487 0.635548 0.267833 0.637343 0.269179 0.637343 0.270525 0.639138 0.271871 0.639138 0.273217 0.640934 0.274563 0.640934 0.275908 0.642729 0.277254 0.642729 0.2786 0.644524 0.279946 0.642729 0.286676 0.642729 0.288022 0.640934 0.296097 0.640934 0.297443 0.639138 0.314939 0.639138 0.316285 0.640934 0.327052 0.640934 0.328398 0.642729 0.339166 0.642729 0.340511 0.644524 0.351279 0.644524 0.352624 0.64632 0.358008 0.64632 0.359354 0.648115 0.364738 0.648115 0.366083 0.64991 0.371467 0.64991 0.372813 0.651706 0.374159 0.651706 0.375505 0.653501 0.378197 0.653501 0.379542 0.655296 0.380888 0.655296 0.382234 0.657092 0.384926 0.657092 0.386272 0.658887 0.387618 0.658887 0.388964 0.660682 0.391655 0.660682 0.393001 0.662478 0.394347 0.662478 0.395693 0.664273 0.398385 0.664273 0.399731 0.666068 0.401077 0.666068 0.402423 0.667864 0.402423 0.666068 0.403769 0.664273 0.402423 0.662478 0.401077 0.662478 0.398385 0.658887 0.397039 0.658887 0.395693 0.657092 0.397039 0.655296 0.401077 0.655296 0.402423 0.657092 0.407806 0.657092 0.409152 0.658887 0.415882 0.658887 0.425303 0.671454 0.423957 0.67325 0.422611 0.67325 0.421265 0.675045 0.419919 0.675045 0.418573 0.67684 0.417227 0.67684 0.415882 0.678636 0.414536 0.678636 0.41319 0.680431 0.411844 0.680431 0.410498 0.682226 0.409152 0.682226 0.407806 0.684022 0.40646 0.684022 0.405114 0.685817 0.403769 0.685817 0.402423 0.687612 0.401077 0.687612 0.399731 0.689408 0.398385 0.689408 0.397039 0.691203 0.395693 0.691203 0.394347 0.692998 0.382234 0.692998 0.382234 0.70377 0.380888 0.705566 0.379542 0.705566 0.376851 0.709156 0.375505 0.709156 0.372813 0.712747 0.371467 0.712747 0.368775 0.716338 0.367429 0.716338 0.364738 0.719928 0.363392 0.719928 0.3607 0.723519 0.345895 0.723519 0.344549 0.721724 0.329744 0.721724 0.328398 0.719928 0.314939 0.719928 0.313594 0.718133 0.277254 0.718133 0.275908 0.716338 0.275908 0.714542 0.274563 0.712747 0.274563 0.710952 0.273217 0.709156 0.273217 0.707361 0.271871 0.705566 0.271871 0.70377 0.270525 0.701975 0.270525 0.70018 0.269179 0.698384 0.269179 0.696589 0.267833 0.694794 0.267833 0.692998 0.266487 0.691203 0.266487 0.689408 0.265141 0.687612 0.265141 0.684022 0.266487 0.682226 0.266487 0.680431 0.267833 0.678636 0.266487 0.67684 0.266487 0.675045 0.265141 0.67325 0.265141 0.671454 0.26245 0.667864 0.26245 0.666068 0.261104 0.664273 0.261104 0.662478 0.259758 0.660682 0.259758 0.658887 0.258412 0.657092 0.25572 0.660682 0.254374 0.660682 0.250336 0.666068 0.248991 0.666068 0.246299 0.669659 0.244953 0.669659 0.242261 0.67325 0.22611 0.67325 0.224764 0.675045 0.208614 0.675045 0.207268 0.67684 0.205922 0.67684 0.204576 0.678636 0.20323 0.678636 0.201884 0.680431 0.199192 0.680431 0.197847 0.682226 0.196501 0.682226 0.195155 0.684022 0.187079 0.684022 0.185734 0.685817 0.176312 0.685817 0.176312 0.691203 0.174966 0.692998 0.174966 0.701975 0.17362 0.70377 0.17362 0.705566 0.172275 0.707361 0.165545 0.707361 0.164199 0.705566 0.15747 0.705566 0.156124 0.70377 0.148048 0.70377 0.146703 0.701975 0.146703 0.709156 0.148048 0.709156 0.15074 0.712747 0.152086 0.712747 0.153432 0.714542 0.153432 0.719928 0.152086 0.721724 0.15074 0.719928 0.149394 0.719928 0.148048 0.718133 0.145357 0.718133 0.144011 0.716338 0.142665 0.716338 0.141319 0.714542 0.139973 0.714542 0.13459 0.707361 0.133244 0.707361 0.12786 0.70018 0.12786 0.70377 0.129206 0.705566 0.129206 0.709156 0.130552 0.710952 0.131898 0.710952 0.13459 0.714542 0.135935 0.714542 0.138627 0.718133 0.139973 0.718133 0.142665 0.721724 0.144011 0.721724 0.146703 0.725314 0.148048 0.725314 0.15074 0.728905 0.152086 0.728905 0.154778 0.732496 0.154778 0.759425 0.153432 0.761221 0.145357 0.761221 0.144011 0.759425 0.133244 0.759425 0.131898 0.75763 0.122476 0.75763 0.121131 0.755835 0.110363 0.755835 0.109017 0.754039 0.099596 0.754039 0.09825 0.752244 0.09825 0.750449 0.096904 0.748654 0.096904 0.743268 0.095559 0.741472 0.095559 0.739677 0.095559 0.741472 0.094213 0.743268 0.094213 0.754039 0.092867 0.755835 0.091521 0.755835 0.088829 0.759425 0.087483 0.759425 0.084791 0.763016 0.083445 0.763016 0.0821 0.764811 0.080754 0.764811 0.078062 0.768402 0.076716 0.768402 0.07537 0.770197 0.068641 0.770197 0.067295 0.771993 0.060565 0.771993 0.059219 0.773788 0.051144 0.773788 0.049798 0.775583 0.043069 0.775583 0.041723 0.777379 0.039031 0.777379 0.037685 0.779174 0.034993 0.779174 0.033647 0.780969 0.030956 0.780969 0.02961 0.782765 0.025572 0.782765 0.024226 0.78456 0.021534 0.78456 0.020188 0.786355 0.013459 0.786355 0.012113 0.78456 0.006729 0.78456 0.005384 0.782765 0.001346 0.782765 0.0 0.780969 0.0 0.786355 0.004038 0.786355 0.005384 0.788151 0.009421 0.788151 0.010767 0.789946 0.014805 0.789946 0.016151 0.791741 0.014805 0.793537 0.012113 0.793537 0.010767 0.795332 0.008075 0.795332 0.006729 0.797127 0.004038 0.797127 0.002692 0.798923 0.0 0.798923 0.0 0.850987 0.001346 0.849192 0.009421 0.849192 0.010767 0.847397 0.020188 0.847397 0.021534 0.845601 0.02961 0.845601 0.030956 0.843806 0.034993 0.843806 0.036339 0.842011 0.039031 0.842011 0.040377 0.840215 0.064603 0.840215 0.065949 0.842011 0.064603 0.843806 0.060565 0.843806 0.059219 0.845601 0.053836 0.845601 0.05249 0.847397 0.048452 0.847397 0.047106 0.849192 0.041723 0.849192 0.040377 0.850987 0.036339 0.850987 0.034993 0.852783 0.02961 0.852783 0.028264 0.854578 0.024226 0.854578 0.02288 0.856373 0.017497 0.856373 0.014805 0.859964 0.013459 0.859964 0.010767 0.863555 0.009421 0.863555 0.006729 0.867145 0.005384 0.867145 0.002692 0.870736 0.001346 0.870736 0.002692 0.870736 0.005384 0.874327 0.006729 0.872531 0.008075 0.872531 0.009421 0.870736 0.010767 0.870736 0.012113 0.868941 0.013459 0.868941 0.014805 0.867145 0.016151 0.867145 0.017497 0.86535 0.018843 0.86535 0.020188 0.863555 0.02288 0.863555 0.024226 0.861759 0.025572 0.861759 0.026918 0.859964 0.028264 0.859964 0.02961 0.858169 0.030956 0.858169 0.032301 0.856373 0.033647 0.856373 0.034993 0.854578 0.040377 0.854578 0.041723 0.852783 0.047106 0.852783 0.048452 0.850987 0.053836 0.850987 0.055182 0.849192 0.060565 0.849192 0.061911 0.847397 0.067295 0.847397 0.068641 0.845601 0.074024 0.845601 0.07537 0.843806 0.080754 0.843806 0.0821 0.842011 0.087483 0.842011 0.092867 0.849192 0.094213 0.849192 0.102288 0.859964 0.103634 0.858169 0.107672 0.858169 0.109017 0.856373 0.114401 0.856373 0.115747 0.854578 0.119785 0.854578 0.121131 0.852783 0.126514 0.852783 0.12786 0.850987 0.13459 0.850987 0.135935 0.852783 0.137281 0.852783 0.138627 0.854578 0.141319 0.854578 0.142665 0.856373 0.145357 0.856373 0.146703 0.858169 0.148048 0.858169 0.149394 0.859964 0.152086 0.859964 0.153432 0.861759 0.153432 0.867145 0.154778 0.868941 0.154778 0.881508 0.156124 0.883303 0.156124 0.888689 0.15747 0.886894 0.158816 0.886894 0.160162 0.885099 0.162853 0.885099 0.164199 0.883303 0.165545 0.883303 0.166891 0.881508 0.169583 0.881508 0.169583 0.876122 0.170929 0.874327 0.170929 0.863555 0.172275 0.861759 0.172275 0.856373 0.17362 0.854578 0.176312 0.854578 0.177658 0.852783 0.183042 0.852783 0.184388 0.854578 0.185734 0.854578 0.187079 0.856373 0.189771 0.856373 0.191117 0.858169 0.192463 0.858169 0.193809 0.859964 0.195155 0.859964 0.196501 0.861759 0.192463 0.867145 0.191117 0.867145 0.188425 0.870736 0.189771 0.870736 0.191117 0.872531 0.193809 0.872531 0.195155 0.874327 0.196501 0.874327 0.197847 0.876122 0.199192 0.876122 0.200538 0.877917 0.201884 0.877917 0.20323 0.879713 0.205922 0.879713 0.207268 0.881508 0.208614 0.881508 0.213997 0.888689 0.213997 0.890485 0.216689 0.894075 0.215343 0.895871 0.213997 0.895871 0.212651 0.897666 0.211306 0.897666 0.20996 0.899461 0.208614 0.899461 0.205922 0.903052 0.204576 0.903052 0.20323 0.904847 0.201884 0.904847 0.200538 0.906643 0.199192 0.906643 0.197847 0.908438 0.196501 0.908438 0.195155 0.910233 0.193809 0.910233 0.191117 0.913824 0.189771 0.913824 0.188425 0.915619 0.187079 0.915619 0.185734 0.917415 0.184388 0.917415 0.181696 0.921005 0.18035 0.921005 0.179004 0.922801 0.177658 0.922801 0.176312 0.924596 0.174966 0.924596 0.172275 0.928187 0.170929 0.928187 0.169583 0.929982 0.168237 0.929982 0.166891 0.931777 0.165545 0.931777 0.162853 0.935368 0.161507 0.935368 0.160162 0.937163 0.158816 0.937163 0.161507 0.937163 0.162853 0.938959 0.164199 0.938959 0.165545 0.940754 0.166891 0.938959 0.168237 0.938959 0.169583 0.937163 0.170929 0.937163 0.172275 0.935368 0.17362 0.935368 0.174966 0.933573 0.176312 0.933573 0.179004 0.929982 0.18035 0.929982 0.181696 0.928187 0.183042 0.928187 0.184388 0.926391 0.185734 0.926391 0.187079 0.924596 0.188425 0.924596 0.189771 0.922801 0.191117 0.922801 0.192463 0.921005 0.193809 0.921005 0.196501 0.917415 0.197847 0.917415 0.199192 0.915619 0.200538 0.915619 0.20323 0.912029 0.205922 0.912029 0.207268 0.913824 0.207268 0.915619 0.208614 0.917415 0.208614 0.91921 0.20996 0.921005 0.20996 0.922801 0.211306 0.921005 0.212651 0.921005 0.215343 0.917415 0.216689 0.917415 0.218035 0.915619 0.219381 0.915619 0.220727 0.913824 0.220727 0.912029 0.223419 0.908438 0.223419 0.906643 0.22611 0.903052 0.231494 0.903052 0.23284 0.901257 0.238223 0.901257 0.239569 0.899461 0.244953 0.899461 0.246299 0.897666 0.251682 0.897666 0.253028 0.899461 0.254374 0.899461 0.258412 0.904847 0.259758 0.904847 0.263795 0.910233 0.265141 0.910233 0.267833 0.913824 0.269179 0.913824 0.270525 0.915619 0.271871 0.915619 0.273217 0.917415 0.274563 0.917415 0.275908 0.91921 0.277254 0.91921 0.2786 0.921005 0.281292 0.921005 0.282638 0.922801 0.283984 0.922801 0.28533 0.924596 0.286676 0.924596 0.288022 0.926391 0.289367 0.926391 0.290713 0.928187 0.292059 0.928187 0.293405 0.929982 0.294751 0.929982 0.296097 0.931777 0.30148 0.924596 0.318977 0.924596 0.320323 0.926391 0.321669 0.926391 0.324361 0.929982 0.325707 0.929982 0.328398 0.933573 0.329744 0.933573 0.333782 0.938959 0.335128 0.938959 0.33782 0.942549 0.339166 0.942549 0.341857 0.94614 0.343203 0.94614 0.345895 0.949731 0.348587 0.94614 0.349933 0.94614 0.348587 0.94614 0.345895 0.942549 0.344549 0.942549 0.343203 0.940754 0.341857 0.940754 0.339166 0.937163 0.33782 0.937163 0.336474 0.935368 0.335128 0.935368 0.332436 0.931777 0.33109 0.931777 0.329744 0.929982 0.328398 0.929982 0.325707 0.926391 0.324361 0.926391 0.323015 0.924596 0.321669 0.924596 0.318977 0.921005 0.317631 0.921005 0.316285 0.91921 0.313594 0.91921 0.312248 0.917415 0.309556 0.917415 0.30821 0.915619 0.305518 0.915619 0.304172 0.913824 0.302826 0.913824 0.30148 0.912029 0.298789 0.912029 0.297443 0.910233 0.294751 0.910233 0.293405 0.908438 0.290713 0.908438 0.289367 0.906643 0.290713 0.904847 0.309556 0.904847 0.310902 0.903052 0.329744 0.903052 0.329744 0.901257 0.328398 0.899461 0.328398 0.895871 0.327052 0.894075 0.327052 0.890485 0.325707 0.888689 0.325707 0.886894 0.324361 0.885099 0.324361 0.881508 0.323015 0.879713 0.323015 0.876122 0.321669 0.874327 0.321669 0.872531 0.323015 0.870736 0.325707 0.870736 0.327052 0.868941 0.329744 0.868941 0.33109 0.867145 0.333782 0.867145 0.335128 0.868941 0.335128 0.870736 0.33782 0.874327 0.33782 0.876122 0.339166 0.877917 0.340511 0.876122 0.340511 0.874327 0.343203 0.870736 0.343203 0.868941 0.347241 0.863555 0.347241 0.861759 0.348587 0.859964 0.349933 0.859964 0.351279 0.861759 0.352624 0.861759 0.35397 0.863555 0.355316 0.863555 0.356662 0.86535 0.356662 0.863555 0.358008 0.861759 0.356662 0.859964 0.356662 0.858169 0.352624 0.852783 0.352624 0.850987 0.349933 0.847397 0.349933 0.845601 0.348587 0.843806 0.351279 0.840215 0.351279 0.83842 0.355316 0.833034 0.35397 0.831239 0.35397 0.829443 0.352624 0.827648 0.352624 0.825853 0.351279 0.824057 0.351279 0.822262 0.349933 0.820467 0.349933 0.818671 0.351279 0.816876 0.352624 0.816876 0.355316 0.813285 0.356662 0.813285 0.358008 0.81149 0.359354 0.81149 0.362046 0.807899 0.363392 0.807899 0.364738 0.806104 0.366083 0.806104 0.367429 0.804309 0.368775 0.804309 0.371467 0.800718 0.372813 0.800718 0.374159 0.798923 0.375505 0.798923 0.378197 0.795332 0.379542 0.795332 0.380888 0.793537 0.382234 0.793537 0.384926 0.789946 0.386272 0.789946 0.387618 0.788151 0.388964 0.788151 0.391655 0.78456 0.393001 0.78456 0.394347 0.782765 0.395693 0.782765 0.397039 0.780969 0.398385 0.780969 0.401077 0.777379 0.402423 0.777379 0.403769 0.775583 0.405114 0.775583 0.407806 0.771993 0.409152 0.771993 0.407806 0.770197 0.407806 0.768402 0.40646 0.766607 0.40646 0.764811 0.405114 0.766607 0.403769 0.766607 0.401077 0.770197 0.399731 0.770197 0.398385 0.771993 0.397039 0.771993 0.395693 0.773788 0.394347 0.773788 0.391655 0.777379 0.39031 0.777379 0.388964 0.779174 0.387618 0.779174 0.386272 0.780969 0.384926 0.780969 0.38358 0.779174 0.384926 0.777379 0.384926 0.775583 0.386272 0.773788 0.386272 0.771993 0.387618 0.770197 0.384926 0.766607 0.384926 0.764811 0.380888 0.759425 0.380888 0.75763 0.379542 0.755835 0.370121 0.755835 0.368775 0.754039 0.370121 0.752244 0.371467 0.752244 0.374159 0.748654 0.375505 0.748654 0.378197 0.745063 0.386272 0.745063 0.380888 0.737882 0.379542 0.737882 0.371467 0.72711 0.382234 0.712747 0.38358 0.712747 0.394347 0.698384 0.397039 0.698384 0.398385 0.696589 0.399731 0.696589 0.401077 0.694794 0.403769 0.694794 0.405114 0.692998 0.40646 0.692998 0.407806 0.691203 0.410498 0.691203 0.411844 0.689408 0.414536 0.689408 0.415882 0.687612 0.417227 0.687612 0.418573 0.685817 0.421265 0.685817 0.422611 0.684022 0.423957 0.684022 0.425303 0.682226 0.427995 0.682226 0.429341 0.680431 0.432032 0.680431 0.433378 0.678636 0.434724 0.678636 0.43607 0.67684 0.438762 0.67684 0.440108 0.675045 0.441454 0.675045 0.442799 0.67325 0.445491 0.67325 0.446837 0.671454 0.448183 0.671454 0.450875 0.667864 0.452221 0.669659 0.452221 0.671454 0.453567 0.67325 0.453567 0.67684 0.454913 0.675045 0.472409 0.675045 0.473755 0.67325 0.492598 0.67325 0.493943 0.671454 0.499327 0.671454 0.500673 0.669659 0.506057 0.669659 0.507402 0.667864 0.512786 0.667864 0.514132 0.666068 0.519515 0.666068 0.519515 0.662478 0.51817 0.664273 0.507402 0.664273 0.506057 0.666068 0.495289 0.666068 0.493943 0.664273 0.493943 0.662478 0.495289 0.660682 0.495289 0.653501 0.496635 0.651706 0.496635 0.648115 0.497981 0.64632 0.507402 0.64632 0.508748 0.644524 0.51817 0.644524 0.519515 0.64632 0.519515 0.648115 0.523553 0.653501 0.523553 0.655296 0.526245 0.658887 0.526245 0.660682 0.527591 0.662478 0.528937 0.660682 0.528937 0.658887 0.530283 0.657092 0.528937 0.655296 0.528937 0.653501 0.527591 0.651706 0.527591 0.64991 0.526245 0.648115 0.526245 0.64632 0.527591 0.644524 0.557201 0.644524 0.553163 0.639138 0.553163 0.637343 0.549125 0.631957 0.550471 0.630162 0.558546 0.630162 0.558546 0.626571 0.557201 0.624776 0.557201 0.621185 0.54105 0.621185 0.539704 0.61939 0.538358 0.621185 0.537012 0.621185 0.53432 0.624776 0.532974 0.624776 0.531629 0.626571 0.530283 0.626571 0.527591 0.630162 0.514132 0.630162 0.510094 0.624776 0.510094 0.62298 0.502019 0.612208 0.502019 0.610413 0.499327 0.606822 0.500673 0.605027 0.539704 0.605027 0.54105 0.606822 0.546433 0.606822 0.547779 0.608618 0.549125 0.606822 0.550471 0.606822 0.551817 0.605027 0.553163 0.605027 0.550471 0.605027 0.549125 0.603232 0.545087 0.603232 0.543742 0.601436 0.54105 0.601436 0.539704 0.599641 0.54105 0.597846 0.547779 0.597846 0.547779 0.59605 0.546433 0.594255 0.546433 0.590664 0.545087 0.59246 0.537012 0.59246 0.535666 0.594255 0.524899 0.594255 0.523553 0.59246 0.520861 0.59246 0.519515 0.590664 0.51817 0.590664 0.516824 0.588869 0.514132 0.588869 0.512786 0.587074 0.51144 0.587074 0.510094 0.585278 0.510094 0.583483 0.508748 0.581688 0.508748 0.578097 0.499327 0.578097 0.496635 0.574506 0.496635 0.572711 0.493943 0.56912 0.493943 0.567325 0.492598 0.56553 0.491252 0.567325 0.491252 0.56912 0.489906 0.570916 0.489906 0.572711 0.487214 0.576302 0.487214 0.578097 0.484522 0.581688 0.480485 0.581688 0.479139 0.583483 0.473755 0.583483 0.472409 0.585278 0.468371 0.585278 0.461642 0.576302 0.461642 0.578097 0.460296 0.579892 0.460296 0.581688 0.45895 0.583483 0.45895 0.585278 0.457604 0.587074 0.457604 0.588869 0.456258 0.590664 0.456258 0.59246 0.454913 0.594255 0.450875 0.594255 0.449529 0.59605 0.448183 0.59605 0.446837 0.594255 0.446837 0.59246 0.450875 0.587074 0.450875 0.585278 0.453567 0.581688 0.452221 0.581688 0.450875 0.579892 0.449529 0.579892 0.448183 0.578097 0.442799 0.585278 0.441454 0.585278 0.437416 0.590664 0.434724 0.587074 0.434724 0.585278 0.433378 0.583483 0.433378 0.579892 0.434724 0.578097 0.434724 0.572711 0.43607 0.570916 0.43607 0.56912 0.437416 0.567325 0.437416 0.56553 0.438762 0.563734 0.438762 0.561939 0.440108 0.560144 0.440108 0.558348 0.441454 0.556553 0.440108 0.558348 0.438762 0.558348 0.437416 0.560144 0.43607 0.560144 0.43607 0.561939 0.434724 0.563734 0.434724 0.56553 0.433378 0.567325 0.433378 0.570916 0.432032 0.572711 0.432032 0.576302 0.430686 0.578097 0.429341 0.578097 0.427995 0.576302 0.427995 0.570916 0.429341 0.56912 0.429341 0.567325 0.432032 0.563734 0.432032 0.561939 0.433378 0.560144 0.433378 0.558348 0.43607 0.554758 0.43607 0.552962 0.438762 0.549372 0.438762 0.547576 0.441454 0.543986 0.441454 0.54219 0.444145 0.5386 0.441454 0.5386 0.440108 0.536804 0.438762 0.5386 0.438762 0.540395 0.434724 0.545781 0.434724 0.547576 0.432032 0.551167 0.432032 0.552962 0.429341 0.556553 0.429341 0.558348 0.425303 0.563734 0.423957 0.561939 0.423957 0.560144 0.422611 0.558348 0.422611 0.545781 0.421265 0.543986 0.421265 0.536804 0.419919 0.5386 0.419919 0.540395 0.417227 0.543986 0.417227 0.556553 0.418573 0.558348 0.418573 0.56912 0.417227 0.570916 0.414536 0.567325 0.41319 0.567325 0.411844 0.56553 0.410498 0.56553 0.409152 0.563734 0.407806 0.563734 0.405114 0.560144 0.403769 0.560144 0.402423 0.558348 0.401077 0.560144 0.399731 0.560144 0.397039 0.563734 0.395693 0.563734 0.393001 0.567325 0.391655 0.567325 0.39031 0.56912 0.38358 0.56912 0.382234 0.570916 0.375505 0.570916 0.374159 0.572711 0.367429 0.572711 0.364738 0.576302 0.364738 0.578097 0.3607 0.583483 0.344549 0.583483 0.343203 0.581688 0.327052 0.581688 0.325707 0.579892 0.309556 0.579892 0.30821 0.578097 0.306864 0.578097 0.305518 0.576302 0.304172 0.576302 0.302826 0.574506 0.300135 0.574506 0.298789 0.572711 0.297443 0.572711 0.294751 0.56912 0.293405 0.56912 0.290713 0.56553 0.286676 0.56553 0.28533 0.567325 0.282638 0.567325 0.281292 0.56912 0.279946 0.56912 0.2786 0.570916 0.275908 0.570916 0.274563 0.572711 0.271871 0.572711 0.270525 0.574506 0.267833 0.574506 0.266487 0.576302 0.263795 0.576302 0.26245 0.578097 0.259758 0.578097 0.258412 0.579892 0.257066 0.579892 0.25572 0.581688 0.253028 0.581688 0.251682 0.583483 0.248991 0.583483 0.247645 0.585278 0.246299 0.583483 0.246299 0.581688 0.244953 0.579892 0.244953 0.576302 0.243607 0.574506 0.243607 0.572711 0.242261 0.570916 0.239569 0.574506 0.238223 0.574506 0.235532 0.578097 0.23284 0.574506 0.23284 0.572711 0.230148 0.56912 0.231494 0.567325 0.23284 0.567325 0.235532 0.563734 0.236878 0.563734 0.239569 0.560144 0.240915 0.560144 0.243607 0.556553 0.244953 0.556553 0.244953 0.551167 0.246299 0.549372 0.246299 0.543986 0.242261 0.543986 0.240915 0.54219 0.235532 0.54219 0.234186 0.540395 0.228802 0.540395 0.227456 0.5386 0.222073 0.5386 0.220727 0.536804 0.215343 0.536804 0.212651 0.533214 0.211306 0.533214 0.207268 0.527828 0.205922 0.527828 0.201884 0.522442 0.200538 0.522442 0.197847 0.518851 0.174966 0.518851 0.17362 0.517056 0.15074 0.517056 0.149394 0.51526 0.148048 0.517056 0.113055 0.517056 0.111709 0.518851 0.084791 0.518851 0.083445 0.520646 0.055182 0.520646 0.053836 0.518851 0.05249 0.518851 0.048452 0.513465 0.047106 0.513465
1 0.370121 0.502693 0.370121 0.51167 0.376851 0.51167 0.378197 0.513465 0.379542 0.51167 0.386272 0.51167 0.387618 0.509874 0.395693 0.509874 0.394347 0.509874 0.393001 0.508079 0.39031 0.508079 0.388964 0.506284 0.387618 0.506284 0.386272 0.504488 0.384926 0.504488 0.38358 0.502693
1 0.376851 0.48474 0.375505 0.486535 0.375505 0.48833 0.374159 0.490126 0.375505 0.490126 0.376851 0.491921 0.378197 0.491921 0.379542 0.493716 0.380888 0.493716 0.382234 0.495512 0.38358 0.495512 0.384926 0.497307 0.384926 0.495512 0.386272 0.493716 0.386272 0.491921 0.387618 0.490126 0.384926 0.490126 0.38358 0.48833 0.382234 0.48833 0.380888 0.486535 0.378197 0.486535
1 0.333782 0.470377 0.329744 0.475763 0.329744 0.477558 0.324361 0.48474 0.323015 0.48474 0.320323 0.48833 0.318977 0.48833 0.316285 0.491921 0.314939 0.491921 0.313594 0.493716 0.30821 0.493716 0.306864 0.495512 0.30148 0.495512 0.300135 0.497307 0.294751 0.497307 0.293405 0.499102 0.289367 0.499102 0.288022 0.500898 0.28533 0.500898 0.283984 0.502693 0.279946 0.502693 0.2786 0.504488 0.275908 0.504488 0.274563 0.506284 0.270525 0.506284 0.271871 0.508079 0.271871 0.509874 0.273217 0.508079 0.2786 0.508079 0.279946 0.506284 0.28533 0.506284 0.286676 0.504488 0.297443 0.504488 0.298789 0.502693 0.309556 0.502693 0.310902 0.500898 0.312248 0.500898 0.313594 0.499102 0.316285 0.499102 0.317631 0.497307 0.318977 0.497307 0.320323 0.495512 0.321669 0.495512 0.323015 0.493716 0.324361 0.493716 0.325707 0.491921 0.328398 0.491921 0.329744 0.490126 0.33109 0.490126 0.33109 0.48833 0.332436 0.486535 0.332436 0.482944 0.333782 0.481149 0.333782 0.479354 0.336474 0.475763 0.343203 0.475763 0.344549 0.477558 0.344549 0.475763 0.345895 0.473968 0.340511 0.473968 0.339166 0.472172 0.335128 0.472172
1 0.960969 0.447038 0.959623 0.448833 0.95424 0.448833 0.958277 0.448833 0.959623 0.450628 0.965007 0.450628 0.966353 0.452424 0.97039 0.452424 0.971736 0.454219 0.975774 0.454219 0.97712 0.456014 0.982503 0.456014 0.983849 0.45781 0.987887 0.45781 0.989233 0.459605 0.994616 0.459605 0.995962 0.4614 0.998654 0.4614 0.998654 0.45781 0.994616 0.45781 0.993271 0.456014 0.990579 0.456014 0.989233 0.454219 0.985195 0.454219 0.983849 0.452424 0.981157 0.452424 0.979812 0.450628 0.975774 0.450628 0.974428 0.448833 0.971736 0.448833 0.97039 0.447038
1 0.310902 0.429084 0.309556 0.43088 0.28533 0.43088 0.286676 0.432675 0.286676 0.43447 0.290713 0.439856 0.290713 0.441652 0.292059 0.443447 0.290713 0.445242 0.275908 0.445242 0.274563 0.447038 0.259758 0.447038 0.26245 0.447038 0.263795 0.448833 0.266487 0.448833 0.267833 0.450628 0.271871 0.450628 0.273217 0.452424 0.275908 0.452424 0.277254 0.454219 0.279946 0.454219 0.281292 0.456014 0.283984 0.456014 0.28533 0.45781 0.286676 0.456014 0.30821 0.456014 0.309556 0.45781 0.312248 0.45781 0.313594 0.459605 0.317631 0.459605 0.318977 0.4614 0.321669 0.4614 0.323015 0.463196 0.324361 0.4614 0.327052 0.4614 0.328398 0.459605 0.33109 0.459605 0.332436 0.45781 0.335128 0.45781 0.336474 0.456014 0.339166 0.456014 0.340511 0.454219 0.343203 0.454219 0.344549 0.452424 0.347241 0.452424 0.348587 0.450628 0.351279 0.450628 0.336474 0.450628 0.335128 0.448833 0.320323 0.448833 0.317631 0.445242 0.317631 0.443447 0.316285 0.441652 0.316285 0.439856 0.313594 0.436266 0.313594 0.43447 0.312248 0.432675 0.312248 0.43088
1 0.956931 0.418312 0.955585 0.420108 0.955585 0.423698 0.956931 0.423698 0.958277 0.425494 0.959623 0.425494 0.960969 0.427289 0.962315 0.427289 0.963661 0.429084 0.97039 0.429084 0.971736 0.43088 0.978466 0.43088 0.979812 0.432675 0.986541 0.432675 0.987887 0.43447 0.989233 0.43447 0.990579 0.436266 0.993271 0.436266 0.994616 0.438061 0.995962 0.438061 0.997308 0.439856 0.998654 0.439856 0.998654 0.43447 0.997308 0.43447 0.995962 0.432675 0.994616 0.432675 0.993271 0.43088 0.990579 0.43088 0.989233 0.429084 0.987887 0.429084 0.986541 0.427289 0.969044 0.427289 0.967699 0.425494 0.966353 0.425494 0.965007 0.423698 0.963661 0.423698 0.962315 0.421903 0.960969 0.421903 0.959623 0.420108 0.958277 0.420108
1 0.135935 0.414722 0.13459 0.416517 0.133244 0.416517 0.131898 0.418312 0.130552 0.418312 0.129206 0.420108 0.126514 0.420108 0.125168 0.421903 0.123822 0.421903 0.122476 0.423698 0.121131 0.423698 0.119785 0.425494 0.118439 0.425494 0.117093 0.427289 0.115747 0.427289 0.114401 0.429084 0.111709 0.429084 0.110363 0.43088 0.109017 0.43088 0.107672 0.432675 0.106326 0.432675 0.107672 0.432675 0.110363 0.436266 0.111709 0.436266 0.114401 0.439856 0.115747 0.439856 0.117093 0.441652 0.118439 0.441652 0.121131 0.445242 0.122476 0.445242 0.125168 0.448833 0.126514 0.448833 0.12786 0.450628 0.122476 0.45781 0.121131 0.45781 0.118439 0.454219 0.117093 0.454219 0.114401 0.450628 0.113055 0.450628 0.110363 0.447038 0.109017 0.447038 0.106326 0.443447 0.10498 0.443447 0.103634 0.441652 0.102288 0.443447 0.100942 0.443447 0.099596 0.445242 0.096904 0.445242 0.095559 0.447038 0.094213 0.447038 0.092867 0.448833 0.090175 0.448833 0.088829 0.450628 0.087483 0.450628 0.086137 0.452424 0.083445 0.452424 0.088829 0.452424 0.090175 0.454219 0.095559 0.454219 0.096904 0.456014 0.100942 0.456014 0.102288 0.45781 0.107672 0.45781 0.109017 0.459605 0.114401 0.459605 0.115747 0.4614 0.115747 0.464991 0.117093 0.466786 0.117093 0.472172 0.118439 0.473968 0.118439 0.477558 0.121131 0.481149 0.122476 0.481149 0.130552 0.491921 0.131898 0.491921 0.13459 0.495512 0.133244 0.497307 0.114401 0.497307 0.113055 0.495512 0.113055 0.499102 0.114401 0.500898 0.114401 0.506284 0.144011 0.506284 0.145357 0.508079 0.146703 0.506284 0.153432 0.506284 0.154778 0.504488 0.161507 0.504488 0.162853 0.502693 0.169583 0.502693 0.166891 0.499102 0.166891 0.497307 0.164199 0.493716 0.165545 0.491921 0.191117 0.491921 0.192463 0.493716 0.192463 0.495512 0.191117 0.497307 0.207268 0.497307 0.208614 0.499102 0.224764 0.499102 0.22611 0.500898 0.22611 0.499102 0.224764 0.497307 0.224764 0.495512 0.223419 0.493716 0.223419 0.491921 0.222073 0.490126 0.222073 0.48833 0.223419 0.486535 0.228802 0.486535 0.230148 0.48474 0.235532 0.48474 0.236878 0.482944 0.242261 0.482944 0.243607 0.481149 0.248991 0.481149 0.250336 0.479354 0.257066 0.479354 0.258412 0.477558 0.263795 0.477558 0.265141 0.475763 0.270525 0.475763 0.271871 0.473968 0.277254 0.473968 0.2786 0.472172 0.283984 0.472172 0.288022 0.466786 0.230148 0.466786 0.228802 0.464991 0.22611 0.468582 0.22611 0.470377 0.222073 0.475763 0.20323 0.475763 0.200538 0.479354 0.200538 0.481149 0.197847 0.48474 0.18035 0.48474 0.179004 0.482944 0.162853 0.482944 0.161507 0.481149 0.162853 0.479354 0.166891 0.479354 0.168237 0.477558 0.17362 0.477558 0.174966 0.475763 0.179004 0.475763 0.187079 0.464991 0.188425 0.464991 0.193809 0.45781 0.193809 0.456014 0.192463 0.454219 0.192463 0.450628 0.191117 0.448833 0.191117 0.447038 0.187079 0.447038 0.185734 0.445242 0.181696 0.445242 0.18035 0.443447 0.174966 0.443447 0.17362 0.441652 0.169583 0.441652 0.168237 0.439856 0.164199 0.439856 0.162853 0.438061 0.158816 0.438061 0.15747 0.436266 0.156124 0.438061 0.15074 0.438061 0.149394 0.439856 0.144011 0.439856 0.142665 0.441652 0.137281 0.441652 0.135935 0.439856 0.13459 0.439856 0.131898 0.436266 0.133244 0.43447 0.137281 0.43447 0.138627 0.432675 0.141319 0.432675 0.142665 0.43088 0.146703 0.43088 0.148048 0.429084 0.152086 0.429084 0.153432 0.427289 0.15747 0.427289 0.158816 0.425494 0.161507 0.425494 0.162853 0.423698 0.166891 0.423698 0.168237 0.421903 0.172275 0.421903 0.164199 0.421903 0.162853 0.420108 0.154778 0.420108 0.153432 0.418312 0.146703 0.418312 0.145357 0.416517 0.137281 0.416517
1 0.853297 0.412926 0.851952 0.414722 0.850606 0.414722 0.847914 0.418312 0.846568 0.418312 0.854643 0.418312 0.855989 0.420108 0.86541 0.420108 0.866756 0.421903 0.874832 0.421903 0.876178 0.423698 0.884253 0.423698 0.885599 0.425494 0.893674 0.425494 0.89502 0.427289 0.904441 0.427289 0.905787 0.429084 0.913863 0.429084 0.915209 0.43088 0.915209 0.429084 0.916555 0.427289 0.916555 0.425494 0.889637 0.425494 0.888291 0.423698 0.884253 0.423698 0.882907 0.421903 0.877524 0.421903 0.876178 0.420108 0.87214 0.420108 0.870794 0.418312 0.866756 0.418312 0.86541 0.416517 0.860027 0.416517 0.858681 0.414722 0.854643 0.414722
1 0.830417 0.398564 0.831763 0.400359 0.833109 0.400359 0.835801 0.40395 0.841184 0.40395 0.84253 0.405745 0.846568 0.405745 0.847914 0.40754 0.853297 0.40754 0.854643 0.409336 0.877524 0.409336 0.878869 0.411131 0.878869 0.402154 0.855989 0.402154 0.854643 0.400359 0.831763 0.400359
1 0.265141 0.394973 0.26245 0.398564 0.26245 0.400359 0.259758 0.40395 0.271871 0.40395 0.273217 0.405745 0.28533 0.405745 0.286676 0.40754 0.298789 0.40754 0.300135 0.409336 0.30148 0.40754 0.302826 0.40754 0.305518 0.40395 0.306864 0.40395 0.309556 0.400359 0.310902 0.400359 0.30148 0.400359 0.300135 0.398564 0.290713 0.398564 0.289367 0.396768 0.279946 0.396768 0.2786 0.394973
1 0.026918 0.385996 0.025572 0.387792 0.02288 0.387792 0.021534 0.389587 0.018843 0.389587 0.017497 0.391382 0.013459 0.391382 0.012113 0.393178 0.009421 0.393178 0.008075 0.394973 0.005384 0.394973 0.004038 0.396768 0.001346 0.396768 0.0 0.398564 0.0 0.445242 0.002692 0.445242 0.004038 0.443447 0.006729 0.443447 0.008075 0.441652 0.010767 0.441652 0.012113 0.439856 0.014805 0.439856 0.016151 0.438061 0.018843 0.438061 0.020188 0.436266 0.02288 0.436266 0.024226 0.43447 0.026918 0.43447 0.028264 0.432675 0.030956 0.432675 0.032301 0.43088 0.034993 0.43088 0.036339 0.429084 0.037685 0.429084 0.039031 0.427289 0.041723 0.427289 0.043069 0.425494 0.04576 0.425494 0.047106 0.423698 0.049798 0.423698 0.051144 0.421903 0.053836 0.421903 0.055182 0.420108 0.057873 0.420108 0.059219 0.418312 0.061911 0.418312 0.063257 0.416517 0.065949 0.416517 0.067295 0.414722 0.069987 0.414722 0.071332 0.412926 0.074024 0.412926 0.074024 0.411131 0.072678 0.409336 0.072678 0.40754 0.071332 0.405745 0.071332 0.40395 0.069987 0.402154 0.069987 0.400359 0.068641 0.400359 0.067295 0.398564 0.064603 0.398564 0.063257 0.396768 0.061911 0.396768 0.060565 0.394973 0.059219 0.394973 0.057873 0.393178 0.055182 0.393178 0.053836 0.391382 0.05249 0.391382 0.051144 0.389587 0.044415 0.389587 0.043069 0.387792 0.037685 0.387792 0.036339 0.385996
1 0.358008 0.382406 0.356662 0.384201 0.356662 0.385996 0.355316 0.387792 0.375505 0.387792 0.378197 0.391382 0.379542 0.391382 0.382234 0.394973 0.395693 0.394973 0.397039 0.396768 0.411844 0.396768 0.41319 0.398564 0.426649 0.398564 0.427995 0.400359 0.429341 0.398564 0.432032 0.398564 0.433378 0.396768 0.434724 0.396768 0.43607 0.394973 0.438762 0.394973 0.440108 0.393178 0.442799 0.393178 0.444145 0.391382 0.445491 0.391382 0.446837 0.389587 0.449529 0.389587 0.418573 0.389587 0.417227 0.387792 0.409152 0.387792 0.407806 0.385996 0.398385 0.385996 0.397039 0.384201 0.388964 0.384201 0.387618 0.382406
1 0.729475 0.373429 0.734859 0.373429 0.736205 0.375224 0.741588 0.375224 0.742934 0.37702 0.749664 0.37702 0.751009 0.378815 0.756393 0.378815 0.757739 0.38061 0.763122 0.38061 0.764468 0.382406 0.780619 0.382406 0.776581 0.382406 0.775236 0.38061 0.771198 0.38061 0.769852 0.378815 0.764468 0.378815 0.763122 0.37702 0.759085 0.37702 0.757739 0.375224 0.753701 0.375224 0.752355 0.373429
1 0.904441 0.362657 0.903096 0.364452 0.885599 0.364452 0.888291 0.368043 0.911171 0.368043 0.909825 0.368043 0.907133 0.364452 0.905787 0.364452
1 0.310902 0.362657 0.309556 0.364452 0.297443 0.364452 0.296097 0.366248 0.282638 0.366248 0.281292 0.368043 0.269179 0.368043 0.267833 0.369838 0.254374 0.369838 0.25572 0.369838 0.258412 0.373429 0.259758 0.373429 0.26245 0.37702 0.263795 0.37702 0.265141 0.378815 0.266487 0.37702 0.269179 0.37702 0.270525 0.375224 0.273217 0.375224 0.274563 0.373429 0.282638 0.373429 0.283984 0.375224 0.283984 0.37702 0.28533 0.378815 0.28533 0.38061 0.286676 0.382406 0.296097 0.382406 0.297443 0.384201 0.305518 0.384201 0.306864 0.385996 0.30821 0.384201 0.320323 0.384201 0.321669 0.382406 0.333782 0.382406 0.332436 0.382406 0.329744 0.378815 0.328398 0.378815 0.325707 0.375224 0.324361 0.375224 0.321669 0.371634 0.320323 0.371634 0.317631 0.368043 0.316285 0.368043 0.313594 0.364452 0.312248 0.364452
1 0.703903 0.342908 0.706595 0.346499 0.707941 0.346499 0.711978 0.351885 0.711978 0.35368 0.710633 0.355476 0.710633 0.357271 0.709287 0.359066 0.709287 0.360862 0.707941 0.362657 0.707941 0.364452 0.716016 0.364452 0.717362 0.366248 0.725437 0.366248 0.726783 0.368043 0.756393 0.368043 0.753701 0.364452 0.718708 0.364452 0.717362 0.362657 0.718708 0.360862 0.718708 0.359066 0.7214 0.355476 0.7214 0.35368 0.722746 0.351885 0.720054 0.348294 0.720054 0.346499 0.717362 0.342908
1 0.234186 0.335727 0.23284 0.337522 0.222073 0.337522 0.220727 0.339318 0.211306 0.339318 0.20996 0.341113 0.169583 0.341113 0.168237 0.342908 0.166891 0.341113 0.15747 0.341113 0.156124 0.339318 0.145357 0.339318 0.142665 0.342908 0.142665 0.344704 0.135935 0.35368 0.135935 0.355476 0.131898 0.360862 0.099596 0.360862 0.09825 0.362657 0.067295 0.362657 0.065949 0.364452 0.064603 0.364452 0.063257 0.366248 0.060565 0.366248 0.059219 0.368043 0.057873 0.368043 0.059219 0.368043 0.060565 0.369838 0.061911 0.369838 0.063257 0.371634 0.064603 0.371634 0.067295 0.375224 0.068641 0.375224 0.069987 0.37702 0.071332 0.37702 0.072678 0.378815 0.074024 0.378815 0.07537 0.38061 0.076716 0.38061 0.078062 0.382406 0.079408 0.382406 0.080754 0.384201 0.0821 0.384201 0.083445 0.385996 0.084791 0.385996 0.087483 0.389587 0.088829 0.389587 0.090175 0.391382 0.091521 0.391382 0.092867 0.393178 0.09825 0.393178 0.099596 0.391382 0.10498 0.391382 0.106326 0.389587 0.110363 0.389587 0.111709 0.387792 0.115747 0.387792 0.117093 0.385996 0.121131 0.385996 0.122476 0.384201 0.12786 0.384201 0.129206 0.382406 0.133244 0.382406 0.13459 0.38061 0.142665 0.38061 0.144011 0.378815 0.15074 0.378815 0.152086 0.38061 0.152086 0.387792 0.153432 0.389587 0.191117 0.389587 0.193809 0.393178 0.196501 0.393178 0.197847 0.391382 0.199192 0.391382 0.200538 0.389587 0.201884 0.389587 0.20323 0.387792 0.205922 0.387792 0.207268 0.385996 0.208614 0.385996 0.20996 0.384201 0.211306 0.384201 0.212651 0.382406 0.213997 0.382406 0.215343 0.38061 0.216689 0.38061 0.212651 0.375224 0.164199 0.375224 0.162853 0.373429 0.158816 0.373429 0.15747 0.371634 0.154778 0.371634 0.153432 0.369838 0.149394 0.369838 0.148048 0.368043 0.149394 0.366248 0.164199 0.366248 0.165545 0.364452 0.179004 0.364452 0.18035 0.362657 0.195155 0.362657 0.196501 0.360862 0.201884 0.360862 0.20323 0.359066 0.20996 0.359066 0.211306 0.357271 0.216689 0.357271 0.218035 0.355476 0.224764 0.355476 0.22611 0.35368 0.231494 0.35368 0.23284 0.351885 0.238223 0.351885 0.239569 0.35009 0.246299 0.35009 0.247645 0.348294 0.253028 0.348294 0.254374 0.346499 0.261104 0.346499 0.26245 0.344704 0.267833 0.344704 0.265141 0.344704 0.263795 0.342908 0.261104 0.342908 0.259758 0.341113 0.257066 0.341113 0.25572 0.339318 0.251682 0.339318 0.250336 0.337522 0.247645 0.337522 0.246299 0.335727
1 0.425303 0.321364 0.427995 0.321364 0.429341 0.32316 0.433378 0.32316 0.434724 0.324955 0.437416 0.324955 0.438762 0.32675 0.442799 0.32675 0.444145 0.328546 0.446837 0.328546 0.448183 0.330341 0.444145 0.335727 0.445491 0.333932 0.453567 0.333932 0.454913 0.332136 0.464334 0.332136 0.468371 0.337522 0.467026 0.339318 0.456258 0.339318 0.460296 0.344704 0.45895 0.346499 0.402423 0.346499 0.401077 0.344704 0.391655 0.344704 0.39031 0.342908 0.382234 0.342908 0.380888 0.341113 0.379542 0.342908 0.375505 0.342908 0.374159 0.344704 0.368775 0.344704 0.367429 0.342908 0.366083 0.342908 0.363392 0.339318 0.362046 0.341113 0.3607 0.341113 0.359354 0.342908 0.358008 0.342908 0.355316 0.346499 0.35397 0.346499 0.352624 0.348294 0.351279 0.348294 0.352624 0.35009 0.35397 0.35009 0.356662 0.35368 0.358008 0.35368 0.362046 0.359066 0.363392 0.359066 0.366083 0.362657 0.367429 0.360862 0.368775 0.360862 0.371467 0.357271 0.372813 0.357271 0.374159 0.355476 0.411844 0.355476 0.41319 0.357271 0.429341 0.357271 0.430686 0.359066 0.446837 0.359066 0.448183 0.360862 0.449529 0.359066 0.452221 0.359066 0.453567 0.357271 0.457604 0.357271 0.45895 0.355476 0.461642 0.355476 0.462988 0.35368 0.467026 0.35368 0.468371 0.351885 0.471063 0.351885 0.471063 0.348294 0.469717 0.346499 0.469717 0.344704 0.471063 0.342908 0.476447 0.342908 0.477793 0.344704 0.483176 0.344704 0.484522 0.346499 0.491252 0.346499 0.492598 0.348294 0.497981 0.348294 0.499327 0.35009 0.499327 0.346499 0.497981 0.344704 0.497981 0.339318 0.499327 0.337522 0.520861 0.337522 0.51817 0.337522 0.516824 0.335727 0.515478 0.335727 0.514132 0.333932 0.51144 0.333932 0.510094 0.332136 0.508748 0.332136 0.506057 0.328546 0.504711 0.328546 0.502019 0.324955 0.500673 0.324955 0.497981 0.321364
1 0.664872 0.281867 0.66218 0.285458 0.660834 0.285458 0.658143 0.289048 0.660834 0.289048 0.66218 0.290844 0.663526 0.290844 0.664872 0.292639 0.667564 0.292639 0.66891 0.294434 0.671602 0.294434 0.672948 0.29623 0.660834 0.312388 0.678331 0.312388 0.679677 0.310592 0.709287 0.310592 0.710633 0.308797 0.716016 0.308797 0.717362 0.307002 0.722746 0.307002 0.724092 0.305206 0.729475 0.305206 0.730821 0.303411 0.732167 0.305206 0.734859 0.305206 0.736205 0.307002 0.738896 0.307002 0.740242 0.308797 0.749664 0.308797 0.751009 0.310592 0.759085 0.310592 0.760431 0.312388 0.769852 0.312388 0.771198 0.314183 0.779273 0.314183 0.780619 0.315978 0.79004 0.315978 0.791386 0.317774 0.803499 0.317774 0.804845 0.319569 0.818304 0.319569 0.81965 0.321364 0.864065 0.321364 0.86541 0.319569 0.866756 0.321364 0.869448 0.321364 0.870794 0.32316 0.87214 0.32316 0.873486 0.324955 0.876178 0.324955 0.877524 0.32675 0.876178 0.328546 0.84253 0.328546 0.846568 0.328546 0.847914 0.330341 0.851952 0.330341 0.853297 0.332136 0.857335 0.332136 0.858681 0.333932 0.868102 0.333932 0.869448 0.335727 0.878869 0.335727 0.880215 0.337522 0.931359 0.337522 0.932705 0.339318 0.940781 0.339318 0.942127 0.341113 0.951548 0.341113 0.952894 0.342908 0.960969 0.342908 0.962315 0.344704 0.97039 0.344704 0.971736 0.346499 0.979812 0.346499 0.981157 0.348294 0.990579 0.348294 0.991925 0.35009 0.998654 0.35009 0.998654 0.342908 0.994616 0.342908 0.993271 0.341113 0.989233 0.341113 0.987887 0.339318 0.983849 0.339318 0.982503 0.337522 0.978466 0.337522 0.97712 0.335727 0.973082 0.335727 0.971736 0.333932 0.967699 0.333932 0.966353 0.332136 0.934051 0.332136 0.932705 0.333932 0.931359 0.332136 0.909825 0.332136 0.908479 0.330341 0.908479 0.32316 0.904441 0.32316 0.903096 0.321364 0.900404 0.321364 0.899058 0.319569 0.89502 0.319569 0.893674 0.317774 0.84253 0.317774 0.841184 0.315978 0.831763 0.315978 0.830417 0.314183 0.81965 0.314183 0.818304 0.312388 0.808883 0.312388 0.806191 0.308797 0.806191 0.307002 0.803499 0.303411 0.803499 0.301616 0.802153 0.301616 0.800808 0.303411 0.799462 0.303411 0.798116 0.305206 0.79677 0.305206 0.795424 0.307002 0.794078 0.305206 0.792732 0.305206 0.79004 0.301616 0.777927 0.301616 0.776581 0.303411 0.775236 0.301616 0.775236 0.298025 0.77389 0.29623 0.77389 0.294434 0.740242 0.294434 0.738896 0.29623 0.736205 0.29623 0.734859 0.298025 0.733513 0.298025 0.732167 0.29982 0.730821 0.29982 0.729475 0.301616 0.728129 0.29982 0.718708 0.29982 0.717362 0.298025 0.706595 0.298025 0.705249 0.29623 0.695828 0.29623 0.694482 0.294434 0.683715 0.294434 0.682369 0.292639 0.683715 0.290844 0.685061 0.290844 0.686406 0.289048 0.686406 0.287253 0.685061 0.285458 0.685061 0.283662 0.683715 0.281867
1 0.635262 0.249551 0.636608 0.251346 0.636608 0.256732 0.637954 0.258528 0.637954 0.262118 0.6393 0.263914 0.6393 0.265709 0.631225 0.276481 0.636608 0.276481 0.637954 0.278276 0.643338 0.278276 0.644684 0.280072 0.651413 0.280072 0.652759 0.278276 0.654105 0.278276 0.655451 0.276481 0.656797 0.276481 0.658143 0.274686 0.659489 0.274686 0.660834 0.27289 0.663526 0.27289 0.664872 0.271095 0.666218 0.271095 0.667564 0.2693 0.670256 0.2693 0.671602 0.267504 0.672948 0.267504 0.667564 0.260323 0.667564 0.258528 0.663526 0.253142 0.641992 0.253142 0.640646 0.251346 0.637954 0.251346 0.636608 0.249551
