0 0.481183 0.495528 0.475806 0.502683 0.474462 0.502683 0.471774 0.506261 0.478495 0.506261 0.479839 0.50805 0.486559 0.50805 0.487903 0.509839 0.490591 0.506261 0.491935 0.506261 0.49328 0.504472 0.49328 0.497317 0.482527 0.497317
0 0.400538 0.415027 0.400538 0.416816 0.399194 0.418605 0.399194 0.420394 0.397849 0.422182 0.405914 0.422182 0.407258 0.423971 0.413978 0.423971 0.415323 0.42576 0.415323 0.420394 0.416667 0.418605 0.416667 0.415027
0 0.270161 0.241503 0.268817 0.243292 0.266129 0.243292 0.264785 0.245081 0.260753 0.245081 0.260753 0.248658 0.262097 0.250447 0.262097 0.254025 0.263441 0.252236 0.270161 0.252236 0.272849 0.248658 0.274194 0.248658 0.271505 0.245081 0.271505 0.243292
0 0.288978 0.239714 0.288978 0.243292 0.287634 0.245081 0.287634 0.246869 0.297043 0.246869 0.298387 0.248658 0.298387 0.239714
0 0.334677 0.216458 0.333333 0.218247 0.331989 0.218247 0.330645 0.220036 0.327957 0.220036 0.327957 0.221825 0.326613 0.223614 0.326613 0.225403 0.325269 0.227191 0.325269 0.22898 0.323925 0.230769 0.323925 0.232558 0.337366 0.232558 0.33871 0.234347 0.340054 0.234347 0.341398 0.236136 0.344086 0.236136 0.34543 0.237925 0.346774 0.237925 0.348118 0.239714 0.349462 0.239714 0.350806 0.241503 0.361559 0.241503 0.362903 0.239714 0.372312 0.239714 0.372312 0.232558 0.370968 0.232558 0.369624 0.230769 0.366935 0.230769 0.365591 0.22898 0.364247 0.22898 0.362903 0.227191 0.361559 0.227191 0.358871 0.223614 0.358871 0.221825 0.357527 0.220036 0.357527 0.218247 0.356183 0.216458 0.354839 0.218247 0.336022 0.218247
0 0.227151 0.203936 0.223118 0.209302 0.221774 0.209302 0.22043 0.211091 0.22043 0.21288 0.219086 0.214669 0.219086 0.218247 0.217742 0.220036 0.217742 0.221825 0.227151 0.221825 0.233871 0.230769 0.244624 0.230769 0.245968 0.232558 0.247312 0.230769 0.278226 0.230769 0.27957 0.22898 0.284946 0.22898 0.284946 0.227191 0.28629 0.225403 0.28629 0.223614 0.287634 0.221825 0.287634 0.21288 0.283602 0.21288 0.282258 0.211091 0.278226 0.211091 0.276882 0.209302 0.274194 0.21288 0.274194 0.214669 0.270161 0.220036 0.267473 0.220036 0.266129 0.218247 0.266129 0.216458 0.267473 0.214669 0.267473 0.21288 0.268817 0.211091 0.268817 0.209302 0.267473 0.207513 0.267473 0.203936 0.266129 0.205725 0.25672 0.205725 0.25672 0.21288 0.252688 0.218247 0.251344 0.218247 0.25 0.216458 0.247312 0.216458 0.245968 0.214669 0.244624 0.214669 0.24328 0.21288 0.241935 0.21288 0.240591 0.211091 0.240591 0.216458 0.239247 0.218247 0.236559 0.218247 0.229839 0.209302 0.229839 0.207513
0 0.301075 0.202147 0.299731 0.203936 0.297043 0.203936 0.295699 0.205725 0.293011 0.205725 0.293011 0.209302 0.291667 0.211091 0.291667 0.214669 0.302419 0.214669 0.305108 0.211091 0.303763 0.209302 0.303763 0.207513 0.302419 0.205725 0.302419 0.203936
0 0.197581 0.194991 0.196237 0.19678 0.18414 0.19678 0.182796 0.198569 0.178763 0.198569 0.177419 0.200358 0.173387 0.200358 0.173387 0.202147 0.174731 0.203936 0.174731 0.207513 0.176075 0.209302 0.176075 0.211091 0.177419 0.209302 0.178763 0.209302 0.181452 0.205725 0.193548 0.205725 0.194892 0.207513 0.197581 0.207513 0.198925 0.209302 0.202957 0.209302 0.204301 0.211091 0.205645 0.209302 0.21371 0.209302 0.21371 0.207513 0.215054 0.205725 0.215054 0.203936 0.216398 0.202147 0.215054 0.202147 0.21371 0.200358 0.209677 0.200358 0.208333 0.198569 0.204301 0.198569 0.202957 0.19678 0.198925 0.19678
0 0.040323 0.16458 0.038978 0.166369 0.038978 0.168157 0.03629 0.171735 0.038978 0.175313 0.038978 0.177102 0.040323 0.178891 0.043011 0.178891 0.044355 0.18068 0.047043 0.18068 0.048387 0.182469 0.048387 0.18068 0.049731 0.178891 0.049731 0.173524 0.048387 0.171735 0.048387 0.168157 0.045699 0.168157 0.044355 0.166369 0.041667 0.166369
1 0.104839 0.926655 0.104839 0.928444 0.103495 0.930233 0.103495 0.932021 0.102151 0.93381 0.133065 0.93381 0.13172 0.932021 0.130376 0.932021 0.127688 0.928444 0.126344 0.928444 0.125 0.926655
1 0.020161 0.763864 0.018817 0.765653 0.017473 0.765653 0.014785 0.769231 0.013441 0.769231 0.010753 0.772809 0.00672 0.772809 0.005376 0.774597 0.001344 0.774597 0.0 0.776386 0.0 0.779964 0.001344 0.779964 0.002688 0.778175 0.005376 0.778175 0.00672 0.776386 0.008065 0.776386 0.009409 0.774597 0.012097 0.774597 0.013441 0.772809 0.014785 0.772809 0.016129 0.77102 0.017473 0.77102 0.018817 0.769231 0.021505 0.769231 0.022849 0.767442 0.024194 0.767442 0.022849 0.765653 0.021505 0.765653
1 0.96371 0.762075 0.96371 0.763864 0.962366 0.765653 0.962366 0.767442 0.961022 0.769231 0.96371 0.769231 0.965054 0.77102 0.967742 0.77102 0.969086 0.772809 0.971774 0.772809 0.973118 0.774597 0.975806 0.774597 0.977151 0.776386 0.983871 0.776386 0.985215 0.778175 0.985215 0.772809 0.979839 0.772809 0.978495 0.77102 0.974462 0.77102 0.973118 0.769231 0.971774 0.769231 0.97043 0.767442 0.969086 0.767442 0.966398 0.763864 0.965054 0.763864
1 0.564516 0.740608 0.564516 0.742397 0.56586 0.744186 0.56586 0.749553 0.567204 0.751342 0.567204 0.753131 0.56586 0.754919 0.56586 0.756708 0.564516 0.758497 0.564516 0.760286 0.561828 0.763864 0.561828 0.765653 0.560484 0.767442 0.560484 0.769231 0.55914 0.77102 0.561828 0.774597 0.563172 0.774597 0.569892 0.783542 0.571237 0.783542 0.575269 0.788909 0.575269 0.790698 0.576613 0.792487 0.576613 0.797853 0.577957 0.799642 0.577957 0.805009 0.579301 0.806798 0.579301 0.810376 0.580645 0.812165 0.580645 0.817531 0.581989 0.81932 0.581989 0.821109 0.583333 0.822898 0.584677 0.822898 0.587366 0.826476 0.58871 0.826476 0.592742 0.831843 0.594086 0.831843 0.596774 0.83542 0.598118 0.83542 0.600806 0.838998 0.602151 0.838998 0.606183 0.844365 0.607527 0.844365 0.610215 0.847943 0.611559 0.847943 0.616935 0.855098 0.616935 0.856887 0.620968 0.862254 0.620968 0.864043 0.625 0.86941 0.625 0.871199 0.630376 0.878354 0.630376 0.880143 0.634409 0.88551 0.634409 0.887299 0.638441 0.892665 0.639785 0.892665 0.643817 0.898032 0.645161 0.898032 0.649194 0.903399 0.650538 0.903399 0.65457 0.908766 0.655914 0.908766 0.659946 0.914132 0.66129 0.914132 0.665323 0.919499 0.666667 0.919499 0.670699 0.924866 0.672043 0.924866 0.676075 0.930233 0.677419 0.930233 0.681452 0.935599 0.682796 0.935599 0.685484 0.939177 0.688172 0.939177 0.689516 0.940966 0.69086 0.940966 0.692204 0.942755 0.694892 0.942755 0.696237 0.944544 0.697581 0.944544 0.698925 0.946333 0.701613 0.946333 0.702957 0.948122 0.704301 0.948122 0.705645 0.949911 0.708333 0.949911 0.709677 0.951699 0.711022 0.951699 0.712366 0.953488 0.715054 0.953488 0.716398 0.955277 0.717742 0.955277 0.719086 0.957066 0.721774 0.957066 0.723118 0.958855 0.724462 0.958855 0.725806 0.960644 0.728495 0.960644 0.731183 0.964222 0.732527 0.964222 0.737903 0.971377 0.739247 0.971377 0.74328 0.976744 0.744624 0.976744 0.747312 0.980322 0.747312 0.989267 0.748656 0.991055 0.748656 0.998211 0.75 0.998211 0.751344 0.996422 0.751344 0.992844 0.752688 0.991055 0.752688 0.985689 0.754032 0.9839 0.754032 0.982111 0.755376 0.980322 0.75672 0.982111 0.760753 0.982111 0.762097 0.9839 0.766129 0.9839 0.767473 0.985689 0.771505 0.985689 0.772849 0.987478 0.775538 0.987478 0.776882 0.989267 0.780914 0.989267 0.782258 0.991055 0.78629 0.991055 0.787634 0.992844 0.788978 0.992844 0.788978 0.991055 0.787634 0.989267 0.78629 0.989267 0.784946 0.987478 0.783602 0.987478 0.782258 0.985689 0.77957 0.985689 0.778226 0.9839 0.776882 0.9839 0.775538 0.982111 0.774194 0.982111 0.772849 0.980322 0.771505 0.980322 0.770161 0.978533 0.768817 0.978533 0.767473 0.976744 0.766129 0.976744 0.764785 0.974955 0.762097 0.974955 0.760753 0.973166 0.759409 0.973166 0.758065 0.971377 0.75672 0.971377 0.755376 0.969589 0.755376 0.9678 0.754032 0.966011 0.754032 0.962433 0.752688 0.960644 0.752688 0.958855 0.754032 0.957066 0.755376 0.958855 0.763441 0.958855 0.762097 0.958855 0.760753 0.957066 0.759409 0.957066 0.758065 0.955277 0.75672 0.955277 0.755376 0.953488 0.754032 0.953488 0.752688 0.951699 0.751344 0.951699 0.75 0.949911 0.748656 0.949911 0.747312 0.948122 0.745968 0.948122 0.744624 0.946333 0.74328 0.946333 0.741935 0.944544 0.740591 0.944544 0.739247 0.942755 0.737903 0.942755 0.736559 0.940966 0.735215 0.940966 0.733871 0.939177 0.732527 0.939177 0.731183 0.937388 0.729839 0.937388 0.728495 0.935599 0.723118 0.935599 0.721774 0.93381 0.716398 0.93381 0.715054 0.932021 0.709677 0.932021 0.708333 0.930233 0.702957 0.930233 0.701613 0.928444 0.696237 0.928444 0.693548 0.924866 0.692204 0.924866 0.688172 0.919499 0.686828 0.919499 0.68414 0.915921 0.682796 0.915921 0.678763 0.910555 0.677419 0.910555 0.673387 0.905188 0.672043 0.905188 0.669355 0.90161 0.668011 0.90161 0.663978 0.896243 0.662634 0.896243 0.659946 0.892665 0.658602 0.892665 0.657258 0.890877 0.655914 0.890877 0.653226 0.887299 0.651882 0.887299 0.650538 0.88551 0.649194 0.88551 0.647849 0.883721 0.646505 0.883721 0.643817 0.880143 0.642473 0.880143 0.641129 0.878354 0.639785 0.878354 0.63172 0.867621 0.63172 0.865832 0.619624 0.849732 0.619624 0.847943 0.611559 0.837209 0.610215 0.837209 0.604839 0.830054 0.603495 0.830054 0.598118 0.822898 0.596774 0.822898 0.59543 0.821109 0.596774 0.81932 0.599462 0.81932 0.600806 0.821109 0.603495 0.821109 0.604839 0.822898 0.606183 0.822898 0.607527 0.824687 0.610215 0.824687 0.611559 0.826476 0.614247 0.826476 0.615591 0.828265 0.61828 0.828265 0.619624 0.830054 0.622312 0.830054 0.623656 0.831843 0.625 0.831843 0.626344 0.833631 0.629032 0.833631 0.630376 0.83542 0.629032 0.833631 0.629032 0.831843 0.625 0.826476 0.622312 0.826476 0.620968 0.824687 0.619624 0.824687 0.61828 0.822898 0.615591 0.822898 0.614247 0.821109 0.611559 0.821109 0.610215 0.81932 0.607527 0.81932 0.606183 0.817531 0.604839 0.817531 0.603495 0.815742 0.600806 0.815742 0.599462 0.813953 0.596774 0.813953 0.59543 0.812165 0.592742 0.812165 0.591398 0.810376 0.590054 0.810376 0.58871 0.808587 0.586022 0.808587 0.584677 0.806798 0.584677 0.805009 0.586022 0.80322 0.586022 0.797853 0.587366 0.796064 0.587366 0.792487 0.58871 0.790698 0.58871 0.785331 0.590054 0.783542 0.590054 0.781753 0.592742 0.778175 0.594086 0.778175 0.59543 0.776386 0.594086 0.774597 0.592742 0.774597 0.587366 0.767442 0.586022 0.767442 0.581989 0.762075 0.580645 0.762075 0.575269 0.754919 0.573925 0.754919 0.572581 0.753131 0.573925 0.751342 0.577957 0.751342 0.579301 0.753131 0.583333 0.753131 0.584677 0.754919 0.590054 0.754919 0.591398 0.756708 0.59543 0.756708 0.596774 0.758497 0.600806 0.758497 0.602151 0.760286 0.606183 0.760286 0.607527 0.762075 0.611559 0.762075 0.612903 0.763864 0.616935 0.763864 0.61828 0.765653 0.623656 0.765653 0.625 0.767442 0.629032 0.767442 0.630376 0.769231 0.63172 0.769231 0.630376 0.767442 0.630376 0.765653 0.627688 0.762075 0.623656 0.762075 0.622312 0.760286 0.61828 0.760286 0.616935 0.758497 0.614247 0.758497 0.612903 0.756708 0.608871 0.756708 0.607527 0.754919 0.603495 0.754919 0.602151 0.753131 0.598118 0.753131 0.596774 0.751342 0.594086 0.751342 0.592742 0.749553 0.58871 0.749553 0.587366 0.747764 0.583333 0.747764 0.581989 0.745975 0.577957 0.745975 0.576613 0.744186 0.573925 0.744186 0.572581 0.742397 0.568548 0.742397 0.567204 0.740608
1 0.069892 0.697674 0.069892 0.699463 0.068548 0.701252 0.068548 0.703041 0.075269 0.703041 0.076613 0.70483 0.083333 0.70483 0.084677 0.706619 0.091398 0.706619 0.092742 0.708408 0.099462 0.708408 0.100806 0.710197 0.100806 0.708408 0.102151 0.706619 0.096774 0.706619 0.09543 0.70483 0.090054 0.70483 0.08871 0.703041 0.084677 0.703041 0.083333 0.701252 0.077957 0.701252 0.076613 0.699463 0.071237 0.699463
1 0.127688 0.670841 0.126344 0.67263 0.126344 0.674419 0.125 0.676208 0.125 0.677996 0.123656 0.679785 0.123656 0.681574 0.122312 0.683363 0.122312 0.685152 0.120968 0.686941 0.120968 0.68873 0.119624 0.690519 0.119624 0.692308 0.120968 0.694097 0.120968 0.697674 0.122312 0.699463 0.122312 0.703041 0.123656 0.70483 0.123656 0.710197 0.125 0.711986 0.125 0.715564 0.126344 0.717352 0.126344 0.719141 0.125 0.72093 0.120968 0.72093 0.119624 0.722719 0.115591 0.722719 0.114247 0.724508 0.114247 0.726297 0.112903 0.728086 0.112903 0.729875 0.111559 0.731664 0.112903 0.729875 0.115591 0.729875 0.116935 0.728086 0.119624 0.728086 0.120968 0.726297 0.123656 0.726297 0.125 0.724508 0.126344 0.724508 0.129032 0.728086 0.129032 0.731664 0.133065 0.731664 0.133065 0.724508 0.134409 0.722719 0.138441 0.722719 0.139785 0.72093 0.145161 0.72093 0.146505 0.719141 0.150538 0.719141 0.151882 0.717352 0.155914 0.717352 0.157258 0.715564 0.162634 0.715564 0.163978 0.713775 0.168011 0.713775 0.169355 0.711986 0.173387 0.711986 0.174731 0.710197 0.178763 0.710197 0.180108 0.708408 0.185484 0.708408 0.186828 0.706619 0.19086 0.706619 0.192204 0.70483 0.196237 0.70483 0.197581 0.703041 0.202957 0.703041 0.204301 0.701252 0.208333 0.701252 0.208333 0.697674 0.206989 0.699463 0.202957 0.699463 0.201613 0.701252 0.197581 0.701252 0.196237 0.703041 0.192204 0.703041 0.19086 0.70483 0.188172 0.70483 0.186828 0.706619 0.182796 0.706619 0.181452 0.708408 0.177419 0.708408 0.176075 0.710197 0.172043 0.710197 0.170699 0.711986 0.163978 0.711986 0.162634 0.713775 0.155914 0.713775 0.15457 0.715564 0.146505 0.715564 0.145161 0.717352 0.138441 0.717352 0.137097 0.719141 0.13172 0.719141 0.129032 0.715564 0.129032 0.711986 0.127688 0.710197 0.127688 0.706619 0.126344 0.70483 0.126344 0.701252 0.125 0.699463 0.125 0.695886 0.126344 0.694097 0.126344 0.690519 0.127688 0.68873 0.127688 0.685152 0.129032 0.683363 0.129032 0.679785 0.130376 0.677996 0.130376 0.676208 0.129032 0.674419 0.129032 0.67263
1 0.123656 0.608229 0.122312 0.610018 0.116935 0.610018 0.115591 0.611807 0.111559 0.611807 0.110215 0.613596 0.104839 0.613596 0.103495 0.615385 0.098118 0.615385 0.099462 0.617174 0.099462 0.618962 0.100806 0.620751 0.111559 0.620751 0.112903 0.62254 0.122312 0.62254 0.123656 0.624329 0.134409 0.624329 0.135753 0.626118 0.137097 0.624329 0.137097 0.62254 0.141129 0.617174 0.141129 0.615385 0.142473 0.613596 0.137097 0.613596 0.135753 0.611807 0.13172 0.611807 0.130376 0.610018 0.125 0.610018
1 0.494624 0.60644 0.491935 0.610018 0.490591 0.610018 0.487903 0.613596 0.486559 0.613596 0.485215 0.615385 0.478495 0.615385 0.477151 0.617174 0.47043 0.617174 0.469086 0.618962 0.46371 0.618962 0.46371 0.635063 0.465054 0.635063 0.466398 0.636852 0.47043 0.636852 0.471774 0.63864 0.474462 0.63864 0.475806 0.640429 0.478495 0.640429 0.479839 0.642218 0.482527 0.642218 0.483871 0.644007 0.487903 0.644007 0.489247 0.645796 0.491935 0.645796 0.49328 0.647585 0.495968 0.647585 0.497312 0.649374 0.498656 0.649374 0.501344 0.652952 0.502688 0.652952 0.504032 0.654741 0.505376 0.654741 0.508065 0.658318 0.509409 0.658318 0.510753 0.660107 0.512097 0.660107 0.514785 0.663685 0.516129 0.663685 0.517473 0.665474 0.517473 0.674419 0.518817 0.676208 0.518817 0.694097 0.520161 0.695886 0.520161 0.72093 0.518817 0.722719 0.518817 0.738819 0.526882 0.738819 0.528226 0.740608 0.534946 0.740608 0.53629 0.742397 0.534946 0.740608 0.533602 0.740608 0.52957 0.735242 0.528226 0.735242 0.525538 0.731664 0.528226 0.728086 0.52957 0.728086 0.534946 0.72093 0.53629 0.72093 0.537634 0.719141 0.534946 0.715564 0.533602 0.715564 0.52957 0.710197 0.52957 0.706619 0.530914 0.70483 0.530914 0.699463 0.532258 0.697674 0.532258 0.695886 0.522849 0.695886 0.521505 0.694097 0.522849 0.692308 0.524194 0.692308 0.525538 0.690519 0.528226 0.690519 0.52957 0.68873 0.530914 0.68873 0.532258 0.686941 0.534946 0.686941 0.532258 0.686941 0.530914 0.685152 0.52957 0.685152 0.528226 0.683363 0.525538 0.683363 0.524194 0.681574 0.534946 0.667263 0.532258 0.667263 0.530914 0.665474 0.528226 0.665474 0.526882 0.663685 0.524194 0.663685 0.522849 0.661896 0.520161 0.661896 0.518817 0.660107 0.516129 0.660107 0.514785 0.658318 0.513441 0.658318 0.512097 0.65653 0.509409 0.65653 0.508065 0.654741 0.50672 0.654741 0.505376 0.652952 0.50672 0.651163 0.518817 0.651163 0.520161 0.649374 0.532258 0.649374 0.537634 0.642218 0.534946 0.642218 0.533602 0.640429 0.52957 0.640429 0.528226 0.63864 0.525538 0.63864 0.524194 0.636852 0.520161 0.636852 0.518817 0.635063 0.516129 0.635063 0.514785 0.633274 0.490591 0.633274 0.489247 0.631485 0.490591 0.629696 0.490591 0.626118 0.491935 0.624329 0.491935 0.62254 0.494624 0.618962 0.495968 0.618962 0.497312 0.620751 0.498656 0.620751 0.5 0.62254 0.5 0.620751 0.498656 0.618962 0.498656 0.617174 0.497312 0.615385 0.497312 0.613596 0.495968 0.611807 0.495968 0.610018 0.494624 0.608229
1 0.091398 0.602862 0.091398 0.610018 0.092742 0.608229 0.099462 0.608229 0.100806 0.60644 0.108871 0.60644 0.107527 0.60644 0.104839 0.602862
1 0.009409 0.595707 0.00672 0.599284 0.005376 0.599284 0.0 0.60644 0.0 0.627907 0.001344 0.629696 0.004032 0.629696 0.005376 0.631485 0.008065 0.631485 0.009409 0.633274 0.012097 0.633274 0.013441 0.635063 0.016129 0.635063 0.017473 0.636852 0.020161 0.636852 0.021505 0.63864 0.024194 0.63864 0.025538 0.640429 0.028226 0.640429 0.02957 0.642218 0.03629 0.642218 0.037634 0.640429 0.040323 0.640429 0.041667 0.63864 0.044355 0.642218 0.045699 0.642218 0.051075 0.649374 0.052419 0.649374 0.057796 0.65653 0.05914 0.65653 0.060484 0.658318 0.061828 0.658318 0.063172 0.65653 0.064516 0.65653 0.063172 0.654741 0.063172 0.652952 0.05914 0.647585 0.05914 0.645796 0.056452 0.642218 0.056452 0.640429 0.055108 0.63864 0.055108 0.636852 0.053763 0.635063 0.053763 0.633274 0.052419 0.631485 0.052419 0.629696 0.051075 0.627907 0.051075 0.626118 0.047043 0.626118 0.045699 0.624329 0.040323 0.624329 0.038978 0.62254 0.034946 0.62254 0.033602 0.620751 0.033602 0.615385 0.032258 0.613596 0.032258 0.610018 0.022849 0.610018 0.021505 0.611807 0.020161 0.610018 0.020161 0.599284 0.017473 0.599284 0.016129 0.597496 0.013441 0.597496 0.012097 0.595707
1 0.505376 0.572451 0.510753 0.579606 0.509409 0.581395 0.508065 0.581395 0.50672 0.583184 0.504032 0.583184 0.522849 0.583184 0.524194 0.584973 0.526882 0.584973 0.528226 0.586762 0.530914 0.586762 0.532258 0.588551 0.534946 0.588551 0.53629 0.59034 0.538978 0.59034 0.540323 0.592129 0.543011 0.592129 0.544355 0.593918 0.547043 0.593918 0.548387 0.595707 0.549731 0.593918 0.549731 0.592129 0.551075 0.59034 0.551075 0.588551 0.553763 0.584973 0.553763 0.583184 0.555108 0.581395 0.543011 0.581395 0.541667 0.579606 0.52957 0.579606 0.528226 0.577818 0.521505 0.577818 0.520161 0.576029 0.514785 0.576029 0.513441 0.57424 0.50672 0.57424
1 0.090054 0.550984 0.08871 0.552773 0.079301 0.552773 0.077957 0.554562 0.067204 0.554562 0.068548 0.554562 0.069892 0.556351 0.071237 0.556351 0.073925 0.559928 0.075269 0.559928 0.076613 0.561717 0.075269 0.563506 0.072581 0.563506 0.071237 0.565295 0.069892 0.565295 0.068548 0.567084 0.06586 0.567084 0.064516 0.568873 0.063172 0.568873 0.061828 0.570662 0.05914 0.570662 0.057796 0.572451 0.056452 0.572451 0.055108 0.57424 0.052419 0.57424 0.051075 0.576029 0.049731 0.576029 0.048387 0.577818 0.045699 0.577818 0.045699 0.579606 0.047043 0.581395 0.047043 0.583184 0.048387 0.584973 0.047043 0.586762 0.026882 0.586762 0.025538 0.584973 0.025538 0.586762 0.026882 0.588551 0.026882 0.59034 0.028226 0.592129 0.028226 0.595707 0.02957 0.597496 0.02957 0.599284 0.030914 0.597496 0.048387 0.597496 0.049731 0.595707 0.052419 0.595707 0.053763 0.593918 0.057796 0.593918 0.05914 0.592129 0.061828 0.592129 0.063172 0.59034 0.077957 0.59034 0.079301 0.592129 0.079301 0.59034 0.080645 0.588551 0.080645 0.583184 0.081989 0.581395 0.081989 0.576029 0.083333 0.57424 0.083333 0.568873 0.084677 0.567084 0.084677 0.565295 0.086022 0.563506 0.087366 0.563506 0.08871 0.561717 0.090054 0.561717 0.091398 0.559928 0.092742 0.559928 0.094086 0.55814 0.09543 0.55814
1 0.19086 0.506261 0.19086 0.50805 0.189516 0.509839 0.189516 0.511628 0.19086 0.513417 0.19086 0.515206 0.192204 0.516995 0.192204 0.518784 0.19086 0.520572 0.181452 0.520572 0.18414 0.520572 0.185484 0.522361 0.188172 0.522361 0.189516 0.52415 0.193548 0.52415 0.194892 0.525939 0.205645 0.525939 0.206989 0.52415 0.215054 0.52415 0.216398 0.522361 0.216398 0.520572 0.217742 0.518784 0.217742 0.516995 0.201613 0.516995 0.200269 0.518784
1 0.233871 0.488372 0.232527 0.490161 0.228495 0.490161 0.227151 0.49195 0.221774 0.49195 0.22043 0.493739 0.216398 0.493739 0.215054 0.495528 0.209677 0.495528 0.208333 0.497317 0.204301 0.497317 0.217742 0.497317 0.219086 0.499106 0.245968 0.499106 0.251344 0.49195 0.24328 0.49195 0.241935 0.490161 0.235215 0.490161
1 0.287634 0.481216 0.28629 0.483005 0.283602 0.483005 0.282258 0.484794 0.27957 0.484794 0.278226 0.486583 0.276882 0.486583 0.275538 0.488372 0.272849 0.488372 0.271505 0.490161 0.268817 0.490161 0.28629 0.490161 0.287634 0.49195 0.305108 0.49195 0.306452 0.493739 0.303763 0.497317 0.303763 0.499106 0.299731 0.504472 0.319892 0.504472 0.321237 0.506261 0.341398 0.506261 0.342742 0.50805 0.362903 0.50805 0.364247 0.509839 0.365591 0.50805 0.36828 0.50805 0.369624 0.506261 0.370968 0.506261 0.372312 0.504472 0.375 0.504472 0.369624 0.504472 0.36828 0.502683 0.362903 0.502683 0.361559 0.500894 0.356183 0.500894 0.354839 0.499106 0.349462 0.499106 0.348118 0.497317 0.342742 0.497317 0.341398 0.495528 0.336022 0.495528 0.334677 0.493739 0.329301 0.493739 0.327957 0.49195 0.322581 0.49195 0.321237 0.490161 0.31586 0.490161 0.314516 0.488372 0.30914 0.488372 0.307796 0.486583 0.302419 0.486583 0.301075 0.484794 0.295699 0.484794 0.294355 0.483005 0.288978 0.483005
1 0.165323 0.479428 0.162634 0.483005 0.162634 0.484794 0.157258 0.49195 0.15457 0.49195 0.153226 0.493739 0.151882 0.493739 0.150538 0.495528 0.147849 0.495528 0.146505 0.497317 0.145161 0.497317 0.143817 0.499106 0.141129 0.499106 0.139785 0.500894 0.138441 0.500894 0.137097 0.502683 0.134409 0.502683 0.133065 0.504472 0.13172 0.502683 0.125 0.502683 0.123656 0.500894 0.11828 0.500894 0.122312 0.506261 0.122312 0.50805 0.127688 0.515206 0.145161 0.515206 0.145161 0.513417 0.146505 0.511628 0.146505 0.509839 0.149194 0.506261 0.153226 0.506261 0.15457 0.504472 0.158602 0.504472 0.159946 0.502683 0.163978 0.502683 0.165323 0.500894 0.168011 0.500894 0.169355 0.499106 0.173387 0.499106 0.174731 0.497317 0.178763 0.497317 0.177419 0.495528 0.176075 0.495528 0.173387 0.49195 0.174731 0.490161 0.181452 0.490161 0.182796 0.488372 0.189516 0.488372 0.188172 0.486583 0.188172 0.484794 0.186828 0.483005 0.186828 0.481216 0.185484 0.479428
1 0.408602 0.474061 0.407258 0.47585 0.401882 0.47585 0.400538 0.477639 0.393817 0.477639 0.392473 0.479428 0.392473 0.481216 0.391129 0.483005 0.391129 0.484794 0.389785 0.486583 0.391129 0.484794 0.415323 0.484794 0.416667 0.486583 0.419355 0.486583 0.420699 0.488372 0.422043 0.486583 0.424731 0.486583 0.426075 0.484794 0.442204 0.484794 0.443548 0.486583 0.454301 0.486583 0.455645 0.488372 0.458333 0.484794 0.452957 0.484794 0.451613 0.483005 0.447581 0.483005 0.446237 0.481216 0.44086 0.481216 0.439516 0.479428 0.430108 0.479428 0.428763 0.477639 0.420699 0.477639 0.419355 0.47585 0.409946 0.47585
1 0.194892 0.468694 0.198925 0.474061 0.200269 0.474061 0.205645 0.481216 0.206989 0.479428 0.211022 0.479428 0.212366 0.477639 0.217742 0.477639 0.221774 0.472272 0.223118 0.472272 0.225806 0.468694
1 0.254032 0.463327 0.254032 0.466905 0.252688 0.468694 0.252688 0.472272 0.263441 0.472272 0.264785 0.474061 0.266129 0.472272 0.267473 0.472272 0.268817 0.470483 0.270161 0.470483 0.272849 0.466905 0.274194 0.466905 0.275538 0.465116 0.276882 0.465116 0.255376 0.465116
1 0.564516 0.461538 0.564516 0.465116 0.56586 0.466905 0.56586 0.472272 0.567204 0.474061 0.567204 0.477639 0.581989 0.497317 0.581989 0.499106 0.580645 0.500894 0.580645 0.502683 0.579301 0.504472 0.579301 0.50805 0.577957 0.509839 0.577957 0.513417 0.576613 0.515206 0.576613 0.516995 0.575269 0.518784 0.575269 0.522361 0.573925 0.52415 0.573925 0.525939 0.572581 0.527728 0.572581 0.536673 0.571237 0.538462 0.571237 0.550984 0.569892 0.552773 0.569892 0.55814 0.571237 0.559928 0.571237 0.561717 0.572581 0.563506 0.572581 0.565295 0.573925 0.567084 0.573925 0.568873 0.576613 0.572451 0.576613 0.57424 0.577957 0.576029 0.577957 0.577818 0.579301 0.579606 0.579301 0.581395 0.580645 0.583184 0.581989 0.581395 0.590054 0.581395 0.590054 0.579606 0.58871 0.577818 0.58871 0.576029 0.587366 0.57424 0.587366 0.572451 0.586022 0.570662 0.586022 0.568873 0.584677 0.567084 0.584677 0.563506 0.583333 0.561717 0.583333 0.556351 0.581989 0.554562 0.581989 0.549195 0.580645 0.547406 0.580645 0.542039 0.579301 0.54025 0.579301 0.534884 0.580645 0.533095 0.580645 0.529517 0.581989 0.527728 0.581989 0.52415 0.583333 0.522361 0.583333 0.516995 0.584677 0.515206 0.584677 0.511628 0.586022 0.509839 0.586022 0.506261 0.58871 0.502683 0.591398 0.502683 0.592742 0.504472 0.59543 0.504472 0.596774 0.506261 0.596774 0.502683 0.598118 0.500894 0.598118 0.499106 0.59543 0.495528 0.59543 0.493739 0.591398 0.488372 0.591398 0.486583 0.587366 0.481216 0.587366 0.479428 0.583333 0.474061 0.583333 0.472272 0.579301 0.466905 0.579301 0.465116 0.576613 0.461538
1 0.323925 0.454383 0.322581 0.456172 0.31586 0.456172 0.314516 0.457961 0.307796 0.457961 0.306452 0.45975 0.301075 0.45975 0.299731 0.461538 0.295699 0.461538 0.294355 0.463327 0.288978 0.463327 0.287634 0.465116 0.282258 0.465116 0.284946 0.465116 0.28629 0.466905 0.288978 0.466905 0.290323 0.468694 0.291667 0.468694 0.293011 0.470483 0.295699 0.470483 0.297043 0.472272 0.344086 0.472272 0.342742 0.472272 0.340054 0.468694 0.33871 0.468694 0.336022 0.465116 0.334677 0.465116 0.331989 0.461538 0.330645 0.461538 0.327957 0.457961 0.326613 0.457961
1 0.49328 0.445438 0.489247 0.450805 0.489247 0.452594 0.485215 0.457961 0.486559 0.456172 0.489247 0.456172 0.490591 0.454383 0.494624 0.454383 0.495968 0.452594 0.498656 0.452594 0.5 0.450805 0.504032 0.450805 0.501344 0.450805 0.5 0.449016 0.498656 0.449016 0.497312 0.447227 0.494624 0.447227
1 0.455645 0.440072 0.455645 0.44186 0.451613 0.447227 0.450269 0.447227 0.450269 0.449016 0.448925 0.450805 0.448925 0.452594 0.446237 0.456172 0.443548 0.452594 0.442204 0.452594 0.439516 0.449016 0.438172 0.449016 0.436828 0.447227 0.427419 0.447227 0.432796 0.454383 0.432796 0.456172 0.436828 0.461538 0.44086 0.461538 0.442204 0.463327 0.446237 0.463327 0.447581 0.465116 0.448925 0.463327 0.448925 0.461538 0.451613 0.457961 0.465054 0.457961 0.466398 0.45975 0.466398 0.456172 0.465054 0.454383 0.465054 0.450805 0.466398 0.449016 0.469086 0.449016 0.47043 0.447227 0.471774 0.447227 0.473118 0.445438 0.475806 0.445438 0.47043 0.445438 0.469086 0.443649 0.46371 0.443649 0.462366 0.44186 0.456989 0.44186
1 0.357527 0.42576 0.353495 0.431127 0.353495 0.432916 0.349462 0.438283 0.352151 0.438283 0.353495 0.440072 0.354839 0.440072 0.356183 0.44186 0.358871 0.44186 0.360215 0.443649 0.360215 0.445438 0.361559 0.447227 0.361559 0.449016 0.362903 0.447227 0.372312 0.447227 0.372312 0.443649 0.370968 0.44186 0.370968 0.438283 0.366935 0.438283 0.365591 0.436494 0.361559 0.436494 0.360215 0.434705 0.360215 0.432916 0.358871 0.431127 0.358871 0.429338 0.357527 0.427549
1 0.364247 0.416816 0.365591 0.416816 0.366935 0.418605 0.36828 0.418605 0.370968 0.422182 0.372312 0.422182 0.373656 0.423971 0.375 0.423971 0.376344 0.42576 0.377688 0.42576 0.379032 0.427549 0.380376 0.427549 0.38172 0.429338 0.383065 0.429338 0.385753 0.432916 0.387097 0.432916 0.388441 0.434705 0.389785 0.434705 0.391129 0.436494 0.392473 0.436494 0.393817 0.438283 0.393817 0.432916 0.395161 0.431127 0.395161 0.42576 0.392473 0.42576 0.391129 0.423971 0.388441 0.423971 0.387097 0.422182 0.385753 0.422182 0.384409 0.420394 0.38172 0.420394 0.380376 0.418605 0.377688 0.418605 0.376344 0.416816
1 0.08871 0.402504 0.087366 0.404293 0.084677 0.404293 0.083333 0.406082 0.080645 0.406082 0.079301 0.407871 0.076613 0.407871 0.075269 0.40966 0.071237 0.40966 0.069892 0.411449 0.067204 0.411449 0.06586 0.413238 0.063172 0.413238 0.061828 0.415027 0.060484 0.415027 0.05914 0.416816 0.056452 0.416816 0.055108 0.418605 0.052419 0.418605 0.051075 0.420394 0.049731 0.420394 0.048387 0.422182 0.045699 0.422182 0.044355 0.423971 0.041667 0.423971 0.040323 0.42576 0.038978 0.42576 0.037634 0.427549 0.034946 0.427549 0.03629 0.429338 0.037634 0.429338 0.040323 0.432916 0.041667 0.432916 0.044355 0.436494 0.045699 0.436494 0.048387 0.440072 0.049731 0.440072 0.052419 0.443649 0.053763 0.443649 0.055108 0.445438 0.055108 0.449016 0.053763 0.450805 0.053763 0.45975 0.052419 0.461538 0.052419 0.466905 0.051075 0.468694 0.049731 0.466905 0.024194 0.466905 0.022849 0.468694 0.017473 0.468694 0.016129 0.470483 0.009409 0.470483 0.018817 0.470483 0.020161 0.472272 0.028226 0.472272 0.02957 0.474061 0.038978 0.474061 0.040323 0.47585 0.052419 0.47585 0.053763 0.477639 0.064516 0.477639 0.06586 0.479428 0.080645 0.479428 0.081989 0.477639 0.084677 0.477639 0.086022 0.47585 0.08871 0.47585 0.090054 0.474061 0.092742 0.474061 0.094086 0.472272 0.096774 0.472272 0.098118 0.470483 0.102151 0.470483 0.103495 0.468694 0.106183 0.468694 0.107527 0.466905 0.110215 0.466905 0.111559 0.465116 0.114247 0.465116 0.115591 0.463327 0.11828 0.463327 0.119624 0.461538 0.122312 0.461538 0.126344 0.456172 0.127688 0.456172 0.134409 0.447227 0.135753 0.447227 0.142473 0.438283 0.143817 0.438283 0.145161 0.436494 0.060484 0.436494 0.05914 0.434705 0.061828 0.431127 0.063172 0.431127 0.068548 0.423971 0.069892 0.423971 0.075269 0.416816 0.076613 0.416816 0.084677 0.406082 0.086022 0.406082
1 0.22043 0.398927 0.22043 0.400716 0.221774 0.402504 0.221774 0.404293 0.223118 0.406082 0.223118 0.40966 0.224462 0.411449 0.224462 0.413238 0.225806 0.415027 0.225806 0.416816 0.223118 0.420394 0.221774 0.420394 0.219086 0.423971 0.217742 0.423971 0.215054 0.427549 0.21371 0.427549 0.212366 0.429338 0.211022 0.429338 0.209677 0.431127 0.206989 0.431127 0.205645 0.432916 0.204301 0.432916 0.202957 0.434705 0.200269 0.434705 0.198925 0.436494 0.186828 0.436494 0.185484 0.434705 0.173387 0.434705 0.172043 0.432916 0.16129 0.432916 0.159946 0.431127 0.16129 0.432916 0.16129 0.434705 0.165323 0.440072 0.165323 0.44186 0.166667 0.443649 0.177419 0.443649 0.178763 0.445438 0.188172 0.445438 0.189516 0.447227 0.200269 0.447227 0.201613 0.449016 0.202957 0.447227 0.208333 0.447227 0.209677 0.445438 0.21371 0.445438 0.215054 0.443649 0.22043 0.443649 0.22043 0.44186 0.221774 0.440072 0.221774 0.438283 0.223118 0.436494 0.223118 0.434705 0.224462 0.432916 0.224462 0.431127 0.225806 0.429338 0.236559 0.429338 0.237903 0.431127 0.237903 0.447227 0.239247 0.445438 0.266129 0.445438 0.262097 0.440072 0.260753 0.440072 0.255376 0.432916 0.25672 0.431127 0.260753 0.431127 0.262097 0.429338 0.266129 0.429338 0.267473 0.427549 0.270161 0.427549 0.271505 0.42576 0.275538 0.42576 0.276882 0.423971 0.280914 0.423971 0.278226 0.420394 0.278226 0.418605 0.274194 0.413238 0.274194 0.411449 0.275538 0.40966 0.323925 0.40966 0.325269 0.411449 0.323925 0.40966 0.323925 0.407871 0.322581 0.406082 0.322581 0.404293 0.294355 0.404293 0.293011 0.402504 0.266129 0.402504 0.264785 0.400716 0.236559 0.400716 0.235215 0.398927
1 0.162634 0.375671 0.16129 0.37746 0.159946 0.37746 0.157258 0.381038 0.155914 0.381038 0.15457 0.382826 0.153226 0.382826 0.150538 0.386404 0.134409 0.386404 0.133065 0.384615 0.11828 0.384615 0.116935 0.382826 0.103495 0.382826 0.102151 0.381038 0.087366 0.381038 0.086022 0.379249 0.083333 0.382826 0.083333 0.384615 0.080645 0.388193 0.091398 0.388193 0.092742 0.389982 0.103495 0.389982 0.104839 0.391771 0.134409 0.391771 0.135753 0.39356 0.166667 0.39356 0.168011 0.395349 0.197581 0.395349 0.198925 0.397138 0.198925 0.395349 0.200269 0.39356 0.200269 0.391771 0.201613 0.389982 0.201613 0.388193 0.186828 0.388193 0.185484 0.386404 0.182796 0.386404 0.181452 0.384615 0.178763 0.384615 0.177419 0.382826 0.174731 0.382826 0.173387 0.381038 0.172043 0.381038 0.170699 0.379249 0.168011 0.379249 0.166667 0.37746 0.163978 0.37746
1 0.327957 0.350626 0.326613 0.352415 0.313172 0.352415 0.31586 0.355993 0.31586 0.357782 0.318548 0.36136 0.318548 0.372093 0.344086 0.372093 0.342742 0.370304 0.341398 0.370304 0.33871 0.366726 0.337366 0.366726 0.334677 0.363148 0.336022 0.36136 0.340054 0.36136 0.341398 0.359571 0.34543 0.359571 0.342742 0.359571 0.341398 0.357782 0.340054 0.357782 0.33871 0.355993 0.336022 0.355993 0.334677 0.354204 0.333333 0.354204 0.331989 0.352415 0.329301 0.352415
1 0.275538 0.34347 0.274194 0.345259 0.274194 0.347048 0.272849 0.348837 0.272849 0.350626 0.271505 0.352415 0.271505 0.354204 0.270161 0.355993 0.270161 0.357782 0.267473 0.36136 0.258065 0.36136 0.25672 0.363148 0.247312 0.363148 0.25 0.366726 0.25 0.368515 0.25672 0.37746 0.25672 0.379249 0.262097 0.386404 0.262097 0.388193 0.264785 0.391771 0.28629 0.391771 0.287634 0.39356 0.30914 0.39356 0.310484 0.395349 0.311828 0.39356 0.313172 0.39356 0.314516 0.391771 0.317204 0.391771 0.318548 0.389982 0.319892 0.389982 0.314516 0.389982 0.313172 0.388193 0.307796 0.388193 0.306452 0.386404 0.301075 0.386404 0.299731 0.384615 0.294355 0.384615 0.293011 0.382826 0.287634 0.382826 0.28629 0.381038 0.28629 0.37746 0.287634 0.375671 0.287634 0.373882 0.288978 0.372093 0.290323 0.372093 0.291667 0.373882 0.295699 0.373882 0.297043 0.375671 0.299731 0.375671 0.301075 0.37746 0.303763 0.37746 0.305108 0.379249 0.30914 0.373882 0.310484 0.373882 0.313172 0.370304 0.301075 0.354204 0.301075 0.352415 0.297043 0.347048 0.297043 0.345259 0.295699 0.34347
1 0.69086 0.320215 0.689516 0.322004 0.689516 0.323792 0.688172 0.325581 0.688172 0.32737 0.686828 0.329159 0.688172 0.329159 0.689516 0.330948 0.69086 0.330948 0.692204 0.332737 0.694892 0.332737 0.696237 0.334526 0.697581 0.334526 0.698925 0.336315 0.700269 0.336315 0.701613 0.338104 0.702957 0.338104 0.704301 0.339893 0.715054 0.339893 0.716398 0.341682 0.725806 0.341682 0.727151 0.34347 0.737903 0.34347 0.741935 0.348837 0.741935 0.350626 0.74328 0.352415 0.748656 0.352415 0.75 0.354204 0.755376 0.354204 0.75672 0.355993 0.763441 0.355993 0.764785 0.357782 0.770161 0.357782 0.771505 0.359571 0.776882 0.359571 0.778226 0.36136 0.783602 0.36136 0.784946 0.363148 0.790323 0.363148 0.791667 0.364937 0.798387 0.364937 0.799731 0.366726 0.805108 0.366726 0.806452 0.368515 0.811828 0.368515 0.813172 0.370304 0.818548 0.370304 0.819892 0.372093 0.825269 0.372093 0.826613 0.373882 0.833333 0.373882 0.834677 0.375671 0.840054 0.375671 0.841398 0.37746 0.846774 0.37746 0.848118 0.379249 0.854839 0.379249 0.856183 0.381038 0.862903 0.381038 0.864247 0.382826 0.870968 0.382826 0.872312 0.384615 0.879032 0.384615 0.880376 0.386404 0.887097 0.386404 0.888441 0.388193 0.893817 0.388193 0.895161 0.389982 0.901882 0.389982 0.903226 0.391771 0.909946 0.391771 0.91129 0.39356 0.918011 0.39356 0.919355 0.395349 0.926075 0.395349 0.927419 0.397138 0.93414 0.397138 0.935484 0.398927 0.94086 0.398927 0.942204 0.400716 0.946237 0.400716 0.947581 0.402504 0.952957 0.402504 0.954301 0.404293 0.959677 0.404293 0.961022 0.406082 0.965054 0.406082 0.966398 0.407871 0.971774 0.407871 0.973118 0.40966 0.973118 0.404293 0.974462 0.402504 0.974462 0.398927 0.971774 0.398927 0.97043 0.397138 0.967742 0.397138 0.966398 0.395349 0.96371 0.395349 0.962366 0.39356 0.959677 0.39356 0.958333 0.391771 0.956989 0.391771 0.955645 0.389982 0.952957 0.389982 0.951613 0.388193 0.948925 0.388193 0.947581 0.386404 0.944892 0.386404 0.943548 0.384615 0.94086 0.384615 0.939516 0.382826 0.936828 0.382826 0.935484 0.381038 0.932796 0.381038 0.931452 0.379249 0.928763 0.379249 0.927419 0.37746 0.924731 0.37746 0.923387 0.375671 0.920699 0.375671 0.919355 0.373882 0.918011 0.373882 0.916667 0.372093 0.913978 0.372093 0.912634 0.370304 0.909946 0.370304 0.908602 0.368515 0.905914 0.368515 0.90457 0.366726 0.901882 0.366726 0.900538 0.364937 0.895161 0.364937 0.893817 0.363148 0.887097 0.363148 0.885753 0.36136 0.880376 0.36136 0.879032 0.359571 0.872312 0.359571 0.870968 0.357782 0.865591 0.357782 0.864247 0.355993 0.858871 0.355993 0.857527 0.354204 0.850806 0.354204 0.849462 0.352415 0.844086 0.352415 0.842742 0.350626 0.836022 0.350626 0.834677 0.348837 0.829301 0.348837 0.827957 0.347048 0.822581 0.347048 0.821237 0.345259 0.814516 0.345259 0.813172 0.34347 0.807796 0.34347 0.806452 0.341682 0.799731 0.341682 0.798387 0.339893 0.793011 0.339893 0.791667 0.338104 0.78629 0.338104 0.784946 0.336315 0.778226 0.336315 0.776882 0.334526 0.771505 0.334526 0.770161 0.332737 0.763441 0.332737 0.762097 0.330948 0.75672 0.330948 0.755376 0.329159 0.745968 0.329159 0.744624 0.32737 0.735215 0.32737 0.733871 0.325581 0.724462 0.325581 0.723118 0.323792 0.71371 0.323792 0.712366 0.322004 0.702957 0.322004 0.701613 0.320215
1 0.067204 0.191413 0.06586 0.193202 0.06586 0.194991 0.061828 0.200358 0.060484 0.200358 0.057796 0.203936 0.056452 0.203936 0.051075 0.211091 0.051075 0.214669 0.052419 0.216458 0.052419 0.221825 0.053763 0.223614 0.053763 0.227191 0.05914 0.227191 0.060484 0.22898 0.064516 0.22898 0.06586 0.230769 0.071237 0.230769 0.072581 0.232558 0.073925 0.230769 0.076613 0.230769 0.077957 0.22898 0.09543 0.22898 0.096774 0.230769 0.098118 0.22898 0.098118 0.227191 0.099462 0.225403 0.099462 0.221825 0.098118 0.220036 0.098118 0.216458 0.096774 0.214669 0.09543 0.214669 0.092742 0.211091 0.091398 0.211091 0.08871 0.207513 0.087366 0.207513 0.084677 0.203936 0.083333 0.203936 0.081989 0.202147 0.080645 0.202147 0.077957 0.198569 0.076613 0.198569 0.075269 0.19678 0.073925 0.19678 0.072581 0.194991 0.071237 0.194991 0.069892 0.193202 0.068548 0.193202
