0 0.981481 0.931338 0.98545 0.93662 0.98545 0.93838 0.988095 0.941901 0.989418 0.940141 0.994709 0.940141 0.992063 0.93662 0.992063 0.934859 0.989418 0.931338
0 0.871693 0.903169 0.869048 0.90669 0.867725 0.90669 0.865079 0.910211 0.863757 0.910211 0.861111 0.913732 0.859788 0.913732 0.857143 0.917254 0.85582 0.917254 0.853175 0.920775 0.851852 0.920775 0.850529 0.922535 0.849206 0.922535 0.849206 0.924296 0.850529 0.926056 0.850529 0.931338 0.851852 0.933099 0.851852 0.934859 0.854497 0.93838 0.85582 0.93838 0.863757 0.948944 0.863757 0.950704 0.865079 0.952465 0.867725 0.952465 0.869048 0.954225 0.871693 0.954225 0.873016 0.955986 0.874339 0.954225 0.875661 0.954225 0.876984 0.952465 0.87963 0.952465 0.880952 0.950704 0.882275 0.950704 0.882275 0.941901 0.883598 0.940141 0.883598 0.931338 0.882275 0.929577 0.882275 0.927817 0.880952 0.926056 0.880952 0.922535 0.87963 0.920775 0.87963 0.919014 0.878307 0.917254 0.878307 0.915493 0.876984 0.913732 0.876984 0.911972 0.873016 0.90669 0.873016 0.90493
0 0.630952 0.705986 0.630952 0.707746 0.62963 0.709507 0.62963 0.711268 0.628307 0.713028 0.632275 0.713028 0.633598 0.714789 0.638889 0.714789 0.640212 0.716549 0.64418 0.716549 0.645503 0.71831 0.645503 0.716549 0.646825 0.714789 0.646825 0.713028 0.648148 0.711268 0.648148 0.709507 0.640212 0.709507 0.638889 0.707746 0.632275 0.707746
1 0.933862 0.883803 0.935185 0.885563 0.935185 0.887324 0.937831 0.890845 0.937831 0.892606 0.939153 0.894366 0.948413 0.894366 0.948413 0.892606 0.94709 0.890845 0.94709 0.887324 0.941799 0.887324 0.940476 0.885563 0.935185 0.885563
1 0.518519 0.84331 0.515873 0.846831 0.515873 0.848592 0.510582 0.855634 0.510582 0.857394 0.509259 0.859155 0.509259 0.860915 0.507937 0.862676 0.507937 0.864437 0.506614 0.866197 0.497354 0.866197 0.496032 0.864437 0.496032 0.867958 0.494709 0.869718 0.494709 0.873239 0.496032 0.875 0.497354 0.875 0.5 0.878521 0.501323 0.878521 0.503968 0.882042 0.505291 0.880282 0.509259 0.880282 0.510582 0.878521 0.51455 0.878521 0.515873 0.876761 0.519841 0.876761 0.521164 0.875 0.525132 0.875 0.526455 0.873239 0.526455 0.871479 0.527778 0.869718 0.527778 0.867958 0.530423 0.864437 0.530423 0.862676 0.531746 0.860915 0.531746 0.859155 0.533069 0.857394 0.533069 0.855634 0.534392 0.853873 0.534392 0.852113 0.535714 0.850352 0.535714 0.848592 0.537037 0.846831 0.529101 0.846831 0.527778 0.84507 0.519841 0.84507
1 0.410053 0.84331 0.407407 0.846831 0.406085 0.846831 0.412698 0.855634 0.412698 0.860915 0.414021 0.862676 0.414021 0.864437 0.415344 0.866197 0.42328 0.866197 0.42328 0.859155 0.424603 0.857394 0.429894 0.857394 0.431217 0.855634 0.437831 0.855634 0.439153 0.853873 0.444444 0.853873 0.445767 0.852113 0.452381 0.852113 0.452381 0.848592 0.453704 0.846831 0.453704 0.84507 0.452381 0.846831 0.445767 0.846831 0.444444 0.848592 0.436508 0.848592 0.435185 0.850352 0.428571 0.850352 0.427249 0.852113 0.419312 0.852113 0.417989 0.850352 0.416667 0.850352 0.414021 0.846831 0.412698 0.846831
1 0.517196 0.822183 0.515873 0.823944 0.513228 0.823944 0.511905 0.825704 0.507937 0.825704 0.509259 0.827465 0.509259 0.829225 0.510582 0.830986 0.510582 0.832746 0.511905 0.834507 0.511905 0.836268 0.525132 0.836268 0.522487 0.832746 0.522487 0.830986 0.518519 0.825704 0.518519 0.823944
1 0.510582 0.799296 0.509259 0.801056 0.507937 0.801056 0.506614 0.802817 0.505291 0.802817 0.503968 0.804577 0.502646 0.804577 0.505291 0.808099 0.506614 0.808099 0.510582 0.81338 0.515873 0.81338 0.517196 0.815141 0.522487 0.815141 0.52381 0.816901 0.527778 0.816901 0.529101 0.818662 0.534392 0.818662 0.535714 0.820423 0.535714 0.818662 0.534392 0.816901 0.534392 0.81162 0.533069 0.809859 0.533069 0.808099 0.530423 0.808099 0.529101 0.806338 0.525132 0.806338 0.52381 0.804577 0.521164 0.804577 0.519841 0.802817 0.515873 0.802817 0.51455 0.801056 0.511905 0.801056
1 0.955026 0.757042 0.94709 0.767606 0.948413 0.769366 0.948413 0.771127 0.949735 0.772887 0.949735 0.774648 0.951058 0.776408 0.951058 0.778169 0.952381 0.77993 0.953704 0.77993 0.956349 0.783451 0.957672 0.783451 0.960317 0.786972 0.96164 0.786972 0.964286 0.790493 0.965608 0.790493 0.966931 0.792254 0.968254 0.792254 0.969577 0.794014 0.970899 0.794014 0.973545 0.797535 0.974868 0.797535 0.97619 0.799296 0.977513 0.799296 0.978836 0.801056 0.980159 0.801056 0.981481 0.802817 0.980159 0.804577 0.970899 0.804577 0.970899 0.808099 0.972222 0.809859 0.980159 0.809859 0.981481 0.808099 0.982804 0.809859 0.998677 0.809859 0.998677 0.78169 0.997354 0.78169 0.996032 0.77993 0.993386 0.77993 0.992063 0.778169 0.989418 0.778169 0.988095 0.776408 0.984127 0.776408 0.982804 0.774648 0.980159 0.774648 0.978836 0.772887 0.974868 0.772887 0.973545 0.771127 0.973545 0.769366 0.974868 0.767606 0.974868 0.764085 0.973545 0.762324 0.973545 0.760563 0.972222 0.758803 0.972222 0.757042
1 0.978836 0.735915 0.980159 0.737676 0.980159 0.739437 0.984127 0.744718 0.98545 0.744718 0.986772 0.746479 0.988095 0.746479 0.989418 0.748239 0.992063 0.748239 0.993386 0.75 0.994709 0.75 0.996032 0.751761 0.994709 0.753521 0.978836 0.753521 0.981481 0.757042 0.981481 0.758803 0.98545 0.764085 0.988095 0.764085 0.989418 0.765845 0.992063 0.765845 0.993386 0.767606 0.996032 0.767606 0.997354 0.769366 0.998677 0.769366 0.998677 0.744718 0.993386 0.737676 0.98545 0.737676 0.984127 0.735915
1 0.783069 0.716549 0.781746 0.71831 0.779101 0.71831 0.777778 0.72007 0.776455 0.72007 0.775132 0.721831 0.769841 0.721831 0.768519 0.72007 0.765873 0.72007 0.76455 0.71831 0.76455 0.72007 0.763228 0.721831 0.763228 0.723592 0.761905 0.725352 0.761905 0.727113 0.76455 0.727113 0.765873 0.728873 0.767196 0.728873 0.768519 0.730634 0.771164 0.730634 0.772487 0.732394 0.775132 0.732394 0.776455 0.734155 0.779101 0.734155 0.780423 0.735915 0.783069 0.735915 0.784392 0.737676 0.785714 0.735915 0.78836 0.735915 0.789683 0.734155 0.792328 0.734155 0.791005 0.734155 0.789683 0.732394 0.78836 0.732394 0.785714 0.728873 0.784392 0.728873 0.783069 0.727113 0.784392 0.725352 0.78836 0.725352 0.785714 0.721831 0.785714 0.72007
1 0.851852 0.709507 0.850529 0.711268 0.847884 0.711268 0.846561 0.713028 0.843915 0.713028 0.842593 0.714789 0.839947 0.714789 0.838624 0.716549 0.835979 0.716549 0.834656 0.71831 0.832011 0.71831 0.830688 0.72007 0.828042 0.72007 0.82672 0.721831 0.824074 0.721831 0.822751 0.723592 0.818783 0.723592 0.81746 0.725352 0.812169 0.725352 0.810847 0.727113 0.806878 0.727113 0.806878 0.728873 0.808201 0.730634 0.808201 0.732394 0.809524 0.734155 0.809524 0.735915 0.810847 0.737676 0.810847 0.739437 0.813492 0.739437 0.814815 0.741197 0.833333 0.741197 0.834656 0.742958 0.837302 0.742958 0.838624 0.744718 0.84127 0.744718 0.842593 0.746479 0.843915 0.746479 0.845238 0.748239 0.845238 0.746479 0.846561 0.744718 0.846561 0.742958 0.847884 0.741197 0.847884 0.739437 0.853175 0.732394 0.854497 0.732394 0.85582 0.730634 0.867725 0.730634 0.869048 0.732394 0.869048 0.734155 0.867725 0.735915 0.867725 0.737676 0.866402 0.739437 0.866402 0.741197 0.863757 0.744718 0.862434 0.744718 0.861111 0.746479 0.865079 0.746479 0.866402 0.748239 0.867725 0.746479 0.87037 0.746479 0.871693 0.744718 0.875661 0.744718 0.883598 0.755282 0.883598 0.753521 0.884921 0.751761 0.884921 0.75 0.886243 0.748239 0.886243 0.746479 0.887566 0.744718 0.888889 0.744718 0.890212 0.742958 0.892857 0.742958 0.89418 0.741197 0.895503 0.741197 0.898148 0.744718 0.898148 0.748239 0.896825 0.75 0.896825 0.751761 0.899471 0.755282 0.899471 0.757042 0.900794 0.758803 0.914021 0.758803 0.921958 0.748239 0.92328 0.748239 0.924603 0.746479 0.925926 0.746479 0.924603 0.744718 0.92328 0.744718 0.919312 0.739437 0.916667 0.739437 0.915344 0.737676 0.912698 0.737676 0.911376 0.735915 0.90873 0.735915 0.907407 0.734155 0.904762 0.734155 0.903439 0.732394 0.900794 0.732394 0.899471 0.730634 0.896825 0.730634 0.895503 0.728873 0.892857 0.728873 0.891534 0.727113 0.888889 0.727113 0.887566 0.725352 0.863757 0.725352 0.858466 0.71831 0.859788 0.716549 0.862434 0.716549 0.863757 0.714789 0.867725 0.714789 0.867725 0.709507
1 0.169312 0.683099 0.167989 0.684859 0.166667 0.684859 0.164021 0.68838 0.162698 0.68838 0.160053 0.691901 0.15873 0.691901 0.15873 0.695423 0.160053 0.697183 0.160053 0.700704 0.174603 0.700704 0.175926 0.702465 0.189153 0.702465 0.189153 0.700704 0.190476 0.698944 0.190476 0.697183 0.191799 0.695423 0.191799 0.693662 0.193122 0.691901 0.191799 0.690141 0.190476 0.690141 0.187831 0.68662 0.185185 0.68662 0.183862 0.684859 0.181217 0.684859 0.179894 0.683099
1 0.21164 0.647887 0.21164 0.649648 0.210317 0.651408 0.210317 0.653169 0.214286 0.653169 0.215608 0.65493 0.218254 0.65493 0.219577 0.65669 0.223545 0.65669 0.224868 0.658451 0.227513 0.658451 0.228836 0.660211 0.240741 0.660211 0.243386 0.65669 0.244709 0.65669 0.239418 0.65669 0.238095 0.65493 0.232804 0.65493 0.231481 0.653169 0.22619 0.653169 0.224868 0.651408 0.219577 0.651408 0.218254 0.649648 0.212963 0.649648
1 0.906085 0.639085 0.906085 0.651408 0.917989 0.651408 0.919312 0.653169 0.929894 0.653169 0.931217 0.65493 0.931217 0.651408 0.93254 0.649648 0.93254 0.647887 0.928571 0.647887 0.927249 0.646127 0.92328 0.646127 0.921958 0.644366 0.917989 0.644366 0.916667 0.642606 0.912698 0.642606 0.911376 0.640845 0.907407 0.640845
1 0.642857 0.632042 0.641534 0.633803 0.637566 0.633803 0.636243 0.635563 0.632275 0.635563 0.630952 0.637324 0.626984 0.637324 0.62963 0.637324 0.630952 0.639085 0.633598 0.639085 0.636243 0.642606 0.637566 0.642606 0.640212 0.646127 0.640212 0.647887 0.641534 0.649648 0.641534 0.653169 0.642857 0.65493 0.642857 0.660211 0.645503 0.663732 0.646825 0.663732 0.652116 0.670775 0.657407 0.670775 0.65873 0.672535 0.662698 0.672535 0.664021 0.674296 0.671958 0.674296 0.67328 0.676056 0.679894 0.676056 0.681217 0.677817 0.689153 0.677817 0.690476 0.679577 0.705026 0.679577 0.706349 0.681338 0.706349 0.683099 0.703704 0.68662 0.706349 0.68662 0.707672 0.68838 0.71164 0.68838 0.712963 0.690141 0.715608 0.690141 0.716931 0.691901 0.719577 0.691901 0.720899 0.693662 0.722222 0.693662 0.723545 0.695423 0.72619 0.695423 0.727513 0.697183 0.728836 0.697183 0.730159 0.698944 0.732804 0.698944 0.734127 0.700704 0.734127 0.702465 0.73545 0.704225 0.73545 0.707746 0.736772 0.709507 0.736772 0.711268 0.738095 0.711268 0.739418 0.713028 0.740741 0.713028 0.742063 0.714789 0.743386 0.713028 0.744709 0.713028 0.746032 0.711268 0.747354 0.711268 0.748677 0.709507 0.75 0.709507 0.75 0.704225 0.751323 0.702465 0.753968 0.702465 0.755291 0.704225 0.759259 0.704225 0.760582 0.705986 0.763228 0.705986 0.76455 0.707746 0.768519 0.707746 0.769841 0.709507 0.779101 0.709507 0.779101 0.707746 0.777778 0.705986 0.777778 0.702465 0.781746 0.697183 0.781746 0.695423 0.780423 0.693662 0.780423 0.691901 0.779101 0.690141 0.779101 0.68838 0.763228 0.68838 0.761905 0.68662 0.757937 0.68662 0.756614 0.684859 0.753968 0.684859 0.752646 0.683099 0.748677 0.683099 0.747354 0.681338 0.744709 0.681338 0.743386 0.679577 0.739418 0.679577 0.738095 0.677817 0.73545 0.677817 0.734127 0.676056 0.730159 0.676056 0.728836 0.674296 0.707672 0.674296 0.706349 0.672535 0.705026 0.672535 0.703704 0.670775 0.702381 0.670775 0.701058 0.669014 0.699735 0.669014 0.698413 0.667254 0.69709 0.667254 0.694444 0.663732 0.693122 0.663732 0.690476 0.660211 0.689153 0.660211 0.686508 0.65669 0.685185 0.65669 0.68254 0.653169 0.681217 0.653169 0.679894 0.651408 0.681217 0.649648 0.690476 0.649648 0.695767 0.642606 0.689153 0.642606 0.687831 0.640845 0.653439 0.640845 0.652116 0.639085 0.650794 0.639085 0.649471 0.637324 0.648148 0.637324 0.645503 0.633803 0.64418 0.633803
1 0.522487 0.630282 0.521164 0.632042 0.497354 0.632042 0.496032 0.633803 0.472222 0.633803 0.472222 0.637324 0.473545 0.639085 0.473545 0.644366 0.474868 0.642606 0.489418 0.642606 0.490741 0.640845 0.503968 0.640845 0.505291 0.639085 0.519841 0.639085 0.519841 0.637324 0.521164 0.635563 0.521164 0.633803 0.522487 0.632042
1 0.587302 0.600352 0.587302 0.603873 0.584656 0.607394 0.574074 0.607394 0.572751 0.605634 0.564815 0.605634 0.563492 0.603873 0.562169 0.605634 0.558201 0.605634 0.559524 0.607394 0.559524 0.609155 0.560847 0.610915 0.563492 0.610915 0.564815 0.612676 0.566138 0.612676 0.56746 0.614437 0.56746 0.617958 0.566138 0.619718 0.566138 0.623239 0.571429 0.623239 0.572751 0.625 0.572751 0.637324 0.571429 0.639085 0.571429 0.640845 0.568783 0.644366 0.570106 0.646127 0.571429 0.646127 0.574074 0.649648 0.582011 0.649648 0.583333 0.651408 0.592593 0.651408 0.593915 0.653169 0.601852 0.653169 0.603175 0.65493 0.604497 0.653169 0.60582 0.653169 0.607143 0.651408 0.609788 0.651408 0.608466 0.651408 0.607143 0.649648 0.60582 0.649648 0.604497 0.647887 0.603175 0.647887 0.601852 0.646127 0.600529 0.646127 0.599206 0.644366 0.597884 0.644366 0.596561 0.642606 0.599206 0.639085 0.600529 0.639085 0.600529 0.637324 0.601852 0.635563 0.599206 0.635563 0.597884 0.633803 0.596561 0.633803 0.595238 0.632042 0.592593 0.632042 0.59127 0.630282 0.589947 0.630282 0.588624 0.628521 0.588624 0.625 0.589947 0.623239 0.589947 0.621479 0.59127 0.619718 0.596561 0.619718 0.596561 0.616197 0.595238 0.614437 0.595238 0.610915
1 0.608466 0.596831 0.603175 0.603873 0.604497 0.605634 0.624339 0.605634 0.625661 0.607394 0.633598 0.607394 0.634921 0.605634 0.638889 0.605634 0.638889 0.603873 0.637566 0.602113 0.637566 0.600352 0.633598 0.600352 0.632275 0.598592 0.628307 0.598592 0.626984 0.596831
1 0.568783 0.586268 0.56746 0.588028 0.566138 0.588028 0.564815 0.589789 0.563492 0.589789 0.562169 0.591549 0.560847 0.591549 0.559524 0.59331 0.59127 0.59331 0.592593 0.59507 0.595238 0.591549 0.595238 0.589789 0.593915 0.588028 0.593915 0.586268
1 0.477513 0.575704 0.477513 0.580986 0.480159 0.580986 0.481481 0.582746 0.48545 0.582746 0.486772 0.584507 0.489418 0.584507 0.490741 0.586268 0.489418 0.588028 0.480159 0.588028 0.480159 0.589789 0.481481 0.589789 0.484127 0.59331 0.48545 0.59331 0.486772 0.59507 0.489418 0.59507 0.490741 0.596831 0.493386 0.596831 0.494709 0.598592 0.498677 0.598592 0.5 0.600352 0.502646 0.600352 0.503968 0.602113 0.506614 0.602113 0.507937 0.603873 0.510582 0.603873 0.511905 0.605634 0.534392 0.605634 0.535714 0.603873 0.53836 0.603873 0.533069 0.596831 0.525132 0.596831 0.52381 0.59507 0.515873 0.59507 0.51455 0.59331 0.507937 0.59331 0.506614 0.591549 0.498677 0.591549 0.497354 0.589789 0.498677 0.588028 0.52381 0.588028 0.525132 0.586268 0.534392 0.586268 0.535714 0.588028 0.535714 0.584507 0.534392 0.582746 0.534392 0.579225 0.489418 0.579225 0.488095 0.577465 0.478836 0.577465
1 0.410053 0.56162 0.410053 0.56338 0.40873 0.565141 0.40873 0.566901 0.425926 0.566901 0.427249 0.568662 0.43254 0.568662 0.433862 0.570423 0.436508 0.570423 0.437831 0.572183 0.439153 0.572183 0.440476 0.573944 0.444444 0.573944 0.445767 0.575704 0.448413 0.575704 0.449735 0.577465 0.453704 0.577465 0.455026 0.579225 0.457672 0.579225 0.458995 0.580986 0.458995 0.579225 0.460317 0.577465 0.458995 0.577465 0.456349 0.573944 0.453704 0.573944 0.452381 0.572183 0.451058 0.572183 0.449735 0.570423 0.44709 0.570423 0.445767 0.568662 0.443122 0.568662 0.441799 0.566901 0.437831 0.566901 0.436508 0.565141 0.433862 0.565141 0.43254 0.56338 0.429894 0.56338 0.428571 0.56162
1 0.011905 0.547535 0.010582 0.549296 0.0 0.549296 0.0 0.559859 0.017196 0.559859 0.015873 0.558099 0.015873 0.556338 0.01455 0.554577 0.01455 0.552817 0.013228 0.551056 0.013228 0.549296
1 0.541005 0.519366 0.541005 0.522887 0.539683 0.524648 0.529101 0.524648 0.527778 0.526408 0.526455 0.526408 0.525132 0.528169 0.522487 0.528169 0.546296 0.528169 0.547619 0.52993 0.548942 0.528169 0.550265 0.528169 0.551587 0.526408 0.55291 0.526408 0.554233 0.524648 0.555556 0.524648 0.554233 0.522887 0.554233 0.521127 0.55291 0.519366
1 0.582011 0.510563 0.582011 0.514085 0.59127 0.514085 0.59127 0.510563
1 0.530423 0.508803 0.530423 0.510563 0.529101 0.512324 0.537037 0.512324 0.535714 0.510563 0.535714 0.508803
1 0.501323 0.508803 0.501323 0.512324 0.513228 0.512324 0.51455 0.514085 0.525132 0.514085 0.525132 0.510563 0.519841 0.510563 0.518519 0.508803
1 0.332011 0.489437 0.330688 0.491197 0.313492 0.491197 0.313492 0.494718 0.314815 0.496479 0.314815 0.5 0.316138 0.5 0.31746 0.501761 0.316138 0.503521 0.316138 0.505282 0.313492 0.508803 0.310847 0.508803 0.309524 0.507042 0.308201 0.507042 0.306878 0.505282 0.298942 0.505282 0.297619 0.503521 0.28836 0.503521 0.287037 0.501761 0.284392 0.505282 0.284392 0.507042 0.281746 0.510563 0.281746 0.512324 0.283069 0.514085 0.283069 0.519366 0.284392 0.521127 0.284392 0.522887 0.289683 0.522887 0.291005 0.524648 0.296296 0.524648 0.297619 0.526408 0.298942 0.524648 0.306878 0.524648 0.308201 0.522887 0.318783 0.522887 0.320106 0.524648 0.321429 0.524648 0.322751 0.526408 0.325397 0.526408 0.32672 0.528169 0.32672 0.533451 0.328042 0.535211 0.328042 0.540493 0.333333 0.540493 0.334656 0.542254 0.34127 0.542254 0.342593 0.544014 0.347884 0.544014 0.349206 0.545775 0.35582 0.545775 0.357143 0.547535 0.362434 0.547535 0.363757 0.549296 0.366402 0.545775 0.367725 0.545775 0.363757 0.545775 0.362434 0.544014 0.359788 0.544014 0.358466 0.542254 0.354497 0.542254 0.353175 0.540493 0.349206 0.540493 0.347884 0.538732 0.345238 0.538732 0.343915 0.536972 0.339947 0.536972 0.338624 0.535211 0.339947 0.533451 0.357143 0.533451 0.358466 0.535211 0.367725 0.535211 0.369048 0.536972 0.371693 0.533451 0.373016 0.533451 0.374339 0.53169 0.374339 0.52993 0.373016 0.528169 0.373016 0.526408 0.371693 0.524648 0.373016 0.522887 0.374339 0.522887 0.375661 0.521127 0.376984 0.521127 0.376984 0.519366 0.378307 0.517606 0.378307 0.512324 0.37963 0.510563 0.37963 0.508803 0.380952 0.507042 0.390212 0.507042 0.395503 0.514085 0.395503 0.519366 0.39418 0.521127 0.39418 0.522887 0.392857 0.524648 0.392857 0.526408 0.391534 0.528169 0.391534 0.52993 0.392857 0.52993 0.395503 0.533451 0.395503 0.535211 0.396825 0.536972 0.396825 0.538732 0.399471 0.538732 0.400794 0.540493 0.403439 0.540493 0.404762 0.542254 0.406085 0.540493 0.411376 0.540493 0.412698 0.538732 0.412698 0.536972 0.414021 0.535211 0.414021 0.533451 0.416667 0.52993 0.417989 0.52993 0.419312 0.528169 0.420635 0.528169 0.421958 0.526408 0.42328 0.526408 0.425926 0.52993 0.425926 0.53169 0.427249 0.533451 0.431217 0.533451 0.43254 0.535211 0.436508 0.535211 0.437831 0.536972 0.452381 0.536972 0.453704 0.538732 0.453704 0.544014 0.452381 0.545775 0.451058 0.545775 0.449735 0.547535 0.44709 0.547535 0.44709 0.552817 0.457672 0.552817 0.458995 0.554577 0.469577 0.554577 0.470899 0.556338 0.473545 0.556338 0.474868 0.558099 0.47619 0.558099 0.477513 0.559859 0.482804 0.559859 0.484127 0.56162 0.489418 0.56162 0.490741 0.56338 0.492063 0.56162 0.494709 0.56162 0.496032 0.559859 0.497354 0.559859 0.498677 0.558099 0.501323 0.558099 0.497354 0.552817 0.497354 0.551056 0.494709 0.547535 0.496032 0.545775 0.503968 0.545775 0.505291 0.544014 0.506614 0.544014 0.507937 0.542254 0.509259 0.542254 0.510582 0.540493 0.511905 0.540493 0.510582 0.540493 0.509259 0.538732 0.507937 0.538732 0.506614 0.536972 0.505291 0.536972 0.503968 0.535211 0.502646 0.535211 0.501323 0.533451 0.5 0.533451 0.498677 0.53169 0.496032 0.53169 0.494709 0.52993 0.493386 0.52993 0.492063 0.528169 0.490741 0.52993 0.469577 0.52993 0.468254 0.528169 0.469577 0.526408 0.477513 0.526408 0.477513 0.522887 0.478836 0.521127 0.478836 0.519366 0.477513 0.519366 0.47619 0.517606 0.473545 0.517606 0.472222 0.515845 0.470899 0.515845 0.469577 0.514085 0.46164 0.514085 0.460317 0.512324 0.458995 0.512324 0.457672 0.510563 0.455026 0.510563 0.453704 0.508803 0.449735 0.508803 0.448413 0.507042 0.445767 0.507042 0.444444 0.505282 0.441799 0.505282 0.440476 0.503521 0.439153 0.505282 0.433862 0.505282 0.43254 0.507042 0.402116 0.507042 0.400794 0.505282 0.399471 0.505282 0.398148 0.503521 0.396825 0.503521 0.395503 0.501761 0.391534 0.501761 0.390212 0.5 0.386243 0.5 0.384921 0.498239 0.383598 0.5 0.378307 0.5 0.376984 0.498239 0.375661 0.498239 0.373016 0.494718 0.371693 0.496479 0.365079 0.496479 0.363757 0.498239 0.358466 0.498239 0.357143 0.5 0.350529 0.5 0.350529 0.505282 0.363757 0.505282 0.365079 0.507042 0.369048 0.507042 0.37037 0.508803 0.37037 0.519366 0.371693 0.521127 0.37037 0.522887 0.366402 0.522887 0.365079 0.521127 0.359788 0.521127 0.358466 0.519366 0.35582 0.519366 0.354497 0.517606 0.350529 0.517606 0.349206 0.515845 0.346561 0.515845 0.345238 0.514085 0.342593 0.514085 0.34127 0.512324 0.338624 0.512324 0.337302 0.510563 0.333333 0.510563 0.330688 0.507042 0.332011 0.505282 0.334656 0.505282 0.335979 0.503521 0.337302 0.503521 0.338624 0.501761 0.34127 0.501761 0.34127 0.496479 0.339947 0.494718 0.339947 0.489437
1 0.300265 0.454225 0.298942 0.455986 0.291005 0.455986 0.291005 0.457746 0.289683 0.459507 0.289683 0.461268 0.28836 0.463028 0.28836 0.464789 0.287037 0.466549 0.313492 0.466549 0.314815 0.46831 0.313492 0.47007 0.314815 0.47007 0.31746 0.473592 0.322751 0.473592 0.324074 0.475352 0.334656 0.475352 0.334656 0.471831 0.337302 0.46831 0.338624 0.46831 0.338624 0.464789 0.339947 0.463028 0.339947 0.459507 0.338624 0.459507 0.337302 0.457746 0.334656 0.457746 0.333333 0.455986 0.332011 0.455986 0.330688 0.454225 0.329365 0.455986 0.301587 0.455986
1 0.0 0.429577 0.0 0.434859 0.013228 0.434859 0.011905 0.433099 0.011905 0.431338 0.010582 0.429577
1 0.06746 0.427817 0.062169 0.434859 0.074074 0.434859 0.075397 0.43662 0.085979 0.43662 0.087302 0.43838 0.088624 0.43662 0.09127 0.43662 0.087302 0.43662 0.085979 0.434859 0.083333 0.434859 0.082011 0.433099 0.078042 0.433099 0.07672 0.431338 0.074074 0.431338 0.072751 0.429577 0.068783 0.429577
