0 0.31383 0.978723 0.3125 0.980496 0.31117 0.980496 0.30984 0.98227 0.307181 0.98227 0.305851 0.984043 0.304521 0.984043 0.303191 0.985816 0.300532 0.985816 0.299202 0.987589 0.297872 0.987589 0.299202 0.987589 0.301862 0.991135 0.303191 0.991135 0.305851 0.994681 0.307181 0.992908 0.3125 0.992908 0.31383 0.991135 0.320479 0.991135 0.319149 0.989362 0.319149 0.987589 0.31516 0.98227 0.31516 0.980496
0 0.797872 0.913121 0.796543 0.914894 0.796543 0.916667 0.793883 0.920213 0.793883 0.921986 0.791223 0.925532 0.791223 0.927305 0.789894 0.929078 0.789894 0.930851 0.788564 0.932624 0.793883 0.939716 0.795213 0.937943 0.797872 0.937943 0.799202 0.93617 0.801862 0.93617 0.803191 0.934397 0.807181 0.934397 0.807181 0.932624 0.805851 0.930851 0.805851 0.925532 0.804521 0.923759 0.804521 0.91844 0.803191 0.916667 0.803191 0.913121
0 0.050532 0.886525 0.033245 0.909574 0.031915 0.909574 0.029255 0.913121 0.027926 0.913121 0.026596 0.914894 0.025266 0.914894 0.023936 0.916667 0.022606 0.916667 0.019947 0.920213 0.018617 0.920213 0.029255 0.920213 0.030585 0.921986 0.039894 0.921986 0.041223 0.923759 0.042553 0.921986 0.049202 0.921986 0.050532 0.920213 0.057181 0.920213 0.057181 0.916667 0.058511 0.914894 0.058511 0.909574 0.057181 0.907801 0.057181 0.906028 0.055851 0.904255 0.055851 0.902482 0.054521 0.900709 0.054521 0.897163 0.053191 0.89539 0.053191 0.893617 0.051862 0.891844 0.051862 0.890071 0.050532 0.888298
0 0.102394 0.879433 0.101064 0.881206 0.099734 0.881206 0.098404 0.882979 0.097074 0.882979 0.095745 0.884752 0.094415 0.884752 0.095745 0.886525 0.095745 0.888298 0.099734 0.893617 0.099734 0.89539 0.101064 0.897163 0.105053 0.891844 0.106383 0.891844 0.109043 0.888298
0 0.136968 0.861702 0.136968 0.87234 0.138298 0.870567 0.143617 0.870567 0.143617 0.861702
0 0.897606 0.852837 0.896277 0.85461 0.896277 0.856383 0.893617 0.859929 0.894947 0.861702 0.896277 0.861702 0.898936 0.865248 0.900266 0.865248 0.902926 0.868794 0.917553 0.868794 0.917553 0.867021 0.918883 0.865248 0.918883 0.863475 0.920213 0.861702 0.914894 0.861702 0.913564 0.859929 0.910904 0.859929 0.909574 0.858156 0.906915 0.858156 0.905585 0.856383 0.902926 0.856383 0.901596 0.85461 0.898936 0.85461
0 0.284574 0.819149 0.280585 0.824468 0.280585 0.826241 0.275266 0.833333 0.276596 0.835106 0.277926 0.835106 0.280585 0.838652 0.280585 0.840426 0.279255 0.842199 0.279255 0.843972 0.277926 0.845745 0.277926 0.847518 0.276596 0.849291 0.276596 0.851064 0.275266 0.852837 0.275266 0.85461 0.273936 0.856383 0.273936 0.858156 0.272606 0.859929 0.272606 0.861702 0.273936 0.859929 0.280585 0.859929 0.281915 0.858156 0.289894 0.858156 0.301862 0.842199 0.301862 0.840426 0.303191 0.838652 0.303191 0.835106 0.304521 0.833333 0.304521 0.83156 0.292553 0.83156 0.287234 0.824468 0.287234 0.822695
0 0.897606 0.81383 0.897606 0.817376 0.896277 0.819149 0.896277 0.820922 0.897606 0.820922 0.898936 0.822695 0.901596 0.822695 0.902926 0.824468 0.904255 0.824468 0.905585 0.826241 0.906915 0.826241 0.908245 0.828014 0.910904 0.828014 0.912234 0.829787 0.913564 0.829787 0.914894 0.83156 0.916223 0.83156 0.918883 0.835106 0.920213 0.835106 0.921543 0.836879 0.922872 0.836879 0.925532 0.840426 0.926862 0.840426 0.929521 0.843972 0.930851 0.843972 0.933511 0.847518 0.933511 0.849291 0.93484 0.851064 0.93484 0.852837 0.93617 0.85461 0.93617 0.856383 0.9375 0.858156 0.9375 0.859929 0.944149 0.859929 0.944149 0.858156 0.945479 0.856383 0.945479 0.852837 0.946809 0.851064 0.946809 0.849291 0.94016 0.840426 0.94016 0.838652 0.933511 0.829787 0.930851 0.829787 0.929521 0.828014 0.926862 0.828014 0.925532 0.826241 0.922872 0.826241 0.921543 0.824468 0.918883 0.824468 0.917553 0.822695 0.914894 0.822695 0.913564 0.820922 0.910904 0.820922 0.909574 0.819149 0.906915 0.819149 0.905585 0.817376 0.902926 0.817376 0.901596 0.815603 0.898936 0.815603
0 0.134309 0.789007 0.132979 0.79078 0.12234 0.79078 0.12234 0.803191 0.121011 0.804965 0.121011 0.817376 0.119681 0.819149 0.119681 0.820922 0.118351 0.822695 0.118351 0.824468 0.117021 0.826241 0.117021 0.828014 0.115691 0.829787 0.115691 0.83156 0.114362 0.833333 0.114362 0.835106 0.111702 0.838652 0.110372 0.838652 0.109043 0.840426 0.107713 0.840426 0.107713 0.842199 0.109043 0.843972 0.109043 0.845745 0.12234 0.845745 0.125 0.849291 0.12633 0.849291 0.128989 0.852837 0.130319 0.851064 0.132979 0.851064 0.134309 0.849291 0.136968 0.849291 0.138298 0.847518 0.140957 0.847518 0.142287 0.845745 0.146277 0.845745 0.147606 0.843972 0.150266 0.843972 0.151596 0.842199 0.154255 0.842199 0.155585 0.840426 0.156915 0.840426 0.156915 0.836879 0.155585 0.835106 0.155585 0.83156 0.146277 0.83156 0.143617 0.835106 0.142287 0.835106 0.139628 0.838652 0.138298 0.838652 0.136968 0.840426 0.131649 0.840426 0.130319 0.838652 0.131649 0.836879 0.131649 0.835106 0.132979 0.833333 0.132979 0.83156 0.134309 0.829787 0.134309 0.824468 0.135638 0.822695 0.135638 0.817376 0.136968 0.815603 0.136968 0.810284 0.138298 0.808511 0.138298 0.803191 0.136968 0.801418 0.136968 0.797872 0.135638 0.796099 0.135638 0.792553 0.134309 0.79078
0 0.339096 0.780142 0.336436 0.783688 0.335106 0.783688 0.332447 0.787234 0.331117 0.787234 0.328457 0.79078 0.327128 0.79078 0.325798 0.792553 0.325798 0.799645 0.324468 0.801418 0.324468 0.806738 0.325798 0.806738 0.327128 0.808511 0.328457 0.808511 0.329787 0.810284 0.332447 0.810284 0.333777 0.812057 0.335106 0.812057 0.336436 0.81383 0.337766 0.81383 0.339096 0.815603 0.344415 0.815603 0.345745 0.817376 0.351064 0.817376 0.352394 0.819149 0.352394 0.817376 0.351064 0.815603 0.351064 0.81383 0.349734 0.812057 0.349734 0.810284 0.348404 0.808511 0.348404 0.806738 0.347074 0.804965 0.347074 0.803191 0.345745 0.801418 0.345745 0.797872 0.344415 0.796099 0.344415 0.794326 0.343085 0.792553 0.343085 0.79078 0.341755 0.789007 0.341755 0.787234 0.340426 0.785461 0.340426 0.783688 0.339096 0.781915
0 0.347074 0.77305 0.347074 0.774823 0.348404 0.776596 0.348404 0.778369 0.349734 0.780142 0.349734 0.781915 0.351064 0.783688 0.351064 0.785461 0.352394 0.787234 0.352394 0.79078 0.353723 0.792553 0.353723 0.794326 0.355053 0.796099 0.355053 0.797872 0.356383 0.799645 0.356383 0.803191 0.357713 0.804965 0.357713 0.806738 0.359043 0.808511 0.359043 0.810284 0.360372 0.812057 0.360372 0.81383 0.361702 0.815603 0.361702 0.817376 0.364362 0.817376 0.365691 0.819149 0.368351 0.819149 0.369681 0.820922 0.37234 0.820922 0.37367 0.822695 0.375 0.822695 0.37633 0.824468 0.378989 0.824468 0.380319 0.826241 0.382979 0.826241 0.384309 0.828014 0.385638 0.826241 0.386968 0.826241 0.389628 0.822695 0.390957 0.822695 0.388298 0.819149 0.388298 0.817376 0.384309 0.812057 0.384309 0.810284 0.380319 0.804965 0.380319 0.803191 0.375 0.796099 0.375 0.794326 0.371011 0.789007 0.371011 0.787234 0.367021 0.781915 0.367021 0.780142 0.364362 0.776596 0.356383 0.776596 0.355053 0.774823 0.348404 0.774823
0 0.418883 0.769504 0.418883 0.776596 0.420213 0.778369 0.420213 0.783688 0.421543 0.785461 0.421543 0.789007 0.422872 0.79078 0.422872 0.797872 0.424202 0.799645 0.424202 0.804965 0.425532 0.806738 0.425532 0.810284 0.426862 0.812057 0.426862 0.81383 0.428191 0.815603 0.429521 0.815603 0.432181 0.812057 0.433511 0.812057 0.433511 0.804965 0.43484 0.803191 0.43484 0.79078 0.43617 0.789007 0.43617 0.781915 0.43484 0.780142 0.433511 0.780142 0.432181 0.778369 0.430851 0.778369 0.429521 0.776596 0.428191 0.776596 0.426862 0.774823 0.425532 0.774823 0.424202 0.77305 0.422872 0.77305 0.421543 0.771277 0.420213 0.771277
0 0.242021 0.764184 0.240691 0.765957 0.236702 0.765957 0.235372 0.76773 0.231383 0.76773 0.230053 0.769504 0.226064 0.769504 0.224734 0.771277 0.214096 0.771277 0.211436 0.774823 0.210106 0.774823 0.207447 0.778369 0.206117 0.778369 0.202128 0.783688 0.200798 0.783688 0.198138 0.787234 0.196809 0.787234 0.195479 0.789007 0.200798 0.796099 0.202128 0.796099 0.208777 0.804965 0.211436 0.804965 0.214096 0.801418 0.215426 0.801418 0.216755 0.799645 0.218085 0.799645 0.220745 0.796099 0.222074 0.796099 0.223404 0.794326 0.224734 0.794326 0.227394 0.79078 0.228723 0.79078 0.230053 0.789007 0.232713 0.789007 0.235372 0.785461 0.236702 0.785461 0.238032 0.783688 0.239362 0.783688 0.242021 0.780142 0.243351 0.780142 0.244681 0.778369 0.246011 0.778369 0.24867 0.774823 0.25 0.774823
0 0.070479 0.744681 0.066489 0.75 0.06516 0.75 0.06383 0.751773 0.067819 0.751773 0.069149 0.753546 0.071809 0.753546 0.073138 0.755319 0.053191 0.781915 0.053191 0.783688 0.054521 0.785461 0.054521 0.787234 0.055851 0.789007 0.055851 0.79078 0.057181 0.792553 0.057181 0.794326 0.054521 0.797872 0.053191 0.797872 0.050532 0.801418 0.049202 0.801418 0.047872 0.803191 0.050532 0.803191 0.051862 0.804965 0.053191 0.804965 0.054521 0.806738 0.057181 0.806738 0.058511 0.808511 0.05984 0.806738 0.0625 0.806738 0.06383 0.804965 0.066489 0.804965 0.067819 0.803191 0.070479 0.803191 0.071809 0.801418 0.074468 0.801418 0.075798 0.799645 0.078457 0.799645 0.079787 0.797872 0.082447 0.797872 0.083777 0.796099 0.086436 0.796099 0.087766 0.794326 0.089096 0.794326 0.090426 0.792553 0.093085 0.792553 0.094415 0.79078 0.095745 0.79078 0.097074 0.789007 0.099734 0.789007 0.103723 0.783688 0.103723 0.781915 0.107713 0.776596 0.107713 0.774823 0.106383 0.77305 0.106383 0.769504 0.105053 0.76773 0.105053 0.765957 0.101064 0.760638 0.101064 0.758865 0.098404 0.755319 0.091755 0.755319 0.090426 0.753546 0.083777 0.753546 0.082447 0.751773 0.081117 0.751773 0.079787 0.75 0.077128 0.75 0.075798 0.748227 0.074468 0.748227 0.073138 0.746454 0.071809 0.746454
0 0.259309 0.739362 0.259309 0.741135 0.260638 0.742908 0.260638 0.746454 0.261968 0.748227 0.261968 0.75 0.263298 0.748227 0.264628 0.748227 0.265957 0.746454 0.267287 0.746454 0.268617 0.744681 0.269947 0.744681 0.265957 0.739362
0 0.378989 0.725177 0.37766 0.72695 0.37633 0.72695 0.375 0.728723 0.37367 0.728723 0.37234 0.730496 0.371011 0.730496 0.369681 0.73227 0.368351 0.73227 0.367021 0.734043 0.364362 0.734043 0.363032 0.735816 0.361702 0.735816 0.360372 0.737589 0.359043 0.737589 0.357713 0.739362 0.356383 0.739362 0.355053 0.741135 0.353723 0.741135 0.353723 0.742908 0.355053 0.744681 0.355053 0.748227 0.356383 0.75 0.356383 0.753546 0.357713 0.755319 0.357713 0.758865 0.359043 0.760638 0.359043 0.762411 0.361702 0.765957 0.363032 0.765957 0.367021 0.771277 0.368351 0.769504 0.369681 0.769504 0.371011 0.76773 0.37367 0.76773 0.375 0.765957 0.37633 0.765957 0.37633 0.764184 0.37766 0.762411 0.37766 0.760638 0.378989 0.758865 0.378989 0.757092 0.380319 0.755319 0.380319 0.753546 0.381649 0.751773 0.381649 0.75 0.382979 0.748227 0.382979 0.744681 0.381649 0.742908 0.381649 0.737589 0.380319 0.735816 0.380319 0.730496 0.378989 0.728723
0 0.924202 0.70922 0.924202 0.710993 0.922872 0.712766 0.922872 0.714539 0.921543 0.716312 0.921543 0.718085 0.920213 0.719858 0.920213 0.721631 0.924202 0.721631 0.925532 0.723404 0.928191 0.723404 0.929521 0.725177 0.930851 0.723404 0.9375 0.723404 0.93883 0.721631 0.945479 0.721631 0.946809 0.719858 0.953457 0.719858 0.950798 0.719858 0.949468 0.718085 0.948138 0.718085 0.946809 0.716312 0.944149 0.716312 0.942819 0.714539 0.941489 0.714539 0.94016 0.712766 0.933511 0.712766 0.932181 0.710993 0.925532 0.710993
0 0.275266 0.703901 0.268617 0.712766 0.269947 0.714539 0.269947 0.716312 0.271277 0.718085 0.271277 0.719858 0.272606 0.721631 0.273936 0.719858 0.276596 0.719858 0.277926 0.718085 0.280585 0.718085 0.281915 0.716312 0.285904 0.716312 0.287234 0.714539 0.289894 0.714539 0.288564 0.712766 0.288564 0.710993 0.287234 0.70922 0.287234 0.707447 0.285904 0.705674 0.285904 0.703901
0 0.320479 0.700355 0.319149 0.702128 0.317819 0.702128 0.316489 0.703901 0.31516 0.703901 0.31383 0.705674 0.3125 0.705674 0.30984 0.70922 0.308511 0.70922 0.307181 0.710993 0.305851 0.710993 0.304521 0.712766 0.303191 0.712766 0.301862 0.714539 0.300532 0.714539 0.299202 0.716312 0.296543 0.716312 0.295213 0.718085 0.292553 0.718085 0.291223 0.719858 0.289894 0.719858 0.288564 0.721631 0.285904 0.721631 0.284574 0.723404 0.281915 0.723404 0.281915 0.725177 0.280585 0.72695 0.280585 0.728723 0.279255 0.730496 0.279255 0.73227 0.277926 0.734043 0.280585 0.734043 0.281915 0.735816 0.283245 0.735816 0.284574 0.737589 0.285904 0.735816 0.287234 0.735816 0.288564 0.734043 0.289894 0.734043 0.291223 0.73227 0.292553 0.73227 0.293883 0.730496 0.296543 0.730496 0.297872 0.728723 0.299202 0.728723 0.300532 0.72695 0.301862 0.72695 0.303191 0.725177 0.304521 0.725177 0.308511 0.719858 0.308511 0.718085 0.316489 0.707447 0.316489 0.705674
0 0.402926 0.693262 0.402926 0.703901 0.401596 0.705674 0.401596 0.716312 0.402926 0.718085 0.402926 0.719858 0.406915 0.725177 0.406915 0.72695 0.408245 0.728723 0.408245 0.730496 0.409574 0.73227 0.409574 0.735816 0.410904 0.737589 0.410904 0.739362 0.412234 0.741135 0.412234 0.744681 0.413564 0.746454 0.413564 0.748227 0.417553 0.748227 0.418883 0.75 0.422872 0.75 0.424202 0.751773 0.428191 0.751773 0.429521 0.753546 0.429521 0.742908 0.428191 0.741135 0.428191 0.739362 0.426862 0.737589 0.426862 0.735816 0.425532 0.734043 0.425532 0.73227 0.424202 0.730496 0.424202 0.728723 0.422872 0.72695 0.422872 0.725177 0.420213 0.721631 0.420213 0.719858 0.418883 0.718085 0.418883 0.716312 0.416223 0.712766 0.416223 0.710993 0.413564 0.707447 0.413564 0.705674 0.412234 0.703901 0.412234 0.702128 0.410904 0.700355 0.409574 0.700355 0.406915 0.696809 0.405585 0.696809
0 0.989362 0.680851 0.988032 0.682624 0.984043 0.682624 0.982713 0.684397 0.977394 0.684397 0.976064 0.68617 0.972074 0.68617 0.972074 0.687943 0.970745 0.689716 0.970745 0.693262 0.969415 0.695035 0.969415 0.698582 0.968085 0.700355 0.968085 0.702128 0.970745 0.702128 0.972074 0.703901 0.973404 0.703901 0.974734 0.705674 0.977394 0.705674 0.978723 0.707447 0.980053 0.707447 0.981383 0.70922 0.984043 0.70922 0.985372 0.710993 0.986702 0.70922 0.99867 0.70922 0.99867 0.680851
0 0.093085 0.679078 0.091755 0.680851 0.090426 0.680851 0.089096 0.682624 0.087766 0.682624 0.086436 0.684397 0.085106 0.684397 0.083777 0.68617 0.082447 0.68617 0.081117 0.687943 0.079787 0.687943 0.078457 0.689716 0.077128 0.689716 0.078457 0.689716 0.079787 0.691489 0.081117 0.691489 0.082447 0.693262 0.083777 0.693262 0.085106 0.695035 0.086436 0.695035 0.087766 0.696809 0.089096 0.696809 0.090426 0.698582 0.091755 0.698582 0.093085 0.700355 0.094415 0.700355 0.095745 0.702128 0.097074 0.702128 0.098404 0.703901 0.098404 0.702128 0.097074 0.700355 0.097074 0.695035 0.095745 0.693262 0.095745 0.689716 0.094415 0.687943 0.094415 0.682624 0.093085 0.680851
0 0.68484 0.673759 0.683511 0.675532 0.682181 0.675532 0.680851 0.677305 0.679521 0.677305 0.678191 0.679078 0.676862 0.679078 0.675532 0.680851 0.674202 0.680851 0.672872 0.682624 0.671543 0.682624 0.670213 0.684397 0.668883 0.684397 0.670213 0.68617 0.670213 0.687943 0.671543 0.689716 0.671543 0.691489 0.672872 0.693262 0.672872 0.695035 0.674202 0.696809 0.674202 0.698582 0.675532 0.700355 0.675532 0.702128 0.676862 0.703901 0.676862 0.705674 0.680851 0.700355 0.682181 0.700355 0.6875 0.693262 0.68883 0.693262 0.691489 0.689716 0.69016 0.687943 0.69016 0.68617 0.68883 0.684397 0.68883 0.682624 0.6875 0.680851 0.6875 0.679078 0.68617 0.677305 0.68617 0.675532
0 0.525266 0.652482 0.523936 0.654255 0.522606 0.654255 0.521277 0.656028 0.519947 0.656028 0.518617 0.657801 0.517287 0.657801 0.515957 0.659574 0.514628 0.659574 0.513298 0.661348 0.511968 0.661348 0.511968 0.677305 0.513298 0.675532 0.514628 0.675532 0.515957 0.673759 0.517287 0.673759 0.518617 0.671986 0.519947 0.671986 0.522606 0.66844 0.523936 0.66844 0.525266 0.666667 0.526596 0.666667 0.527926 0.664894 0.529255 0.664894 0.530585 0.666667 0.530585 0.66844 0.531915 0.670213 0.531915 0.671986 0.533245 0.673759 0.533245 0.675532 0.534574 0.677305 0.534574 0.679078 0.535904 0.680851 0.535904 0.682624 0.537234 0.684397 0.537234 0.68617 0.538564 0.687943 0.539894 0.68617 0.541223 0.68617 0.542553 0.684397 0.545213 0.684397 0.545213 0.682624 0.543883 0.680851 0.543883 0.679078 0.542553 0.677305 0.542553 0.673759 0.541223 0.671986 0.541223 0.670213 0.539894 0.66844 0.539894 0.664894 0.538564 0.663121 0.538564 0.661348 0.537234 0.659574 0.537234 0.657801 0.534574 0.657801 0.533245 0.656028 0.530585 0.656028 0.529255 0.654255 0.526596 0.654255
0 0.74734 0.648936 0.746011 0.650709 0.744681 0.650709 0.743351 0.652482 0.742021 0.652482 0.740691 0.654255 0.739362 0.654255 0.738032 0.656028 0.735372 0.656028 0.734043 0.657801 0.732713 0.657801 0.731383 0.659574 0.730053 0.659574 0.728723 0.661348 0.727394 0.661348 0.726064 0.663121 0.724734 0.663121 0.723404 0.664894 0.722074 0.664894 0.720745 0.666667 0.718085 0.666667 0.716755 0.66844 0.715426 0.66844 0.714096 0.670213 0.712766 0.670213 0.710106 0.673759 0.708777 0.673759 0.706117 0.677305 0.704787 0.677305 0.702128 0.680851 0.700798 0.680851 0.699468 0.682624 0.699468 0.68617 0.698138 0.687943 0.698138 0.695035 0.696809 0.696809 0.696809 0.700355 0.694149 0.703901 0.694149 0.705674 0.69016 0.710993 0.695479 0.710993 0.696809 0.712766 0.699468 0.70922 0.700798 0.70922 0.703457 0.705674 0.704787 0.705674 0.708777 0.700355 0.710106 0.700355 0.712766 0.696809 0.714096 0.696809 0.718085 0.691489 0.719415 0.691489 0.723404 0.68617 0.724734 0.68617 0.727394 0.682624 0.728723 0.682624 0.732713 0.677305 0.734043 0.677305 0.736702 0.673759 0.738032 0.673759 0.742021 0.66844 0.743351 0.66844 0.746011 0.664894 0.74734 0.664894 0.74867 0.663121 0.74867 0.657801 0.74734 0.656028
0 0.199468 0.648936 0.196809 0.652482 0.195479 0.652482 0.192819 0.656028 0.191489 0.656028 0.18883 0.659574 0.18617 0.659574 0.183511 0.656028 0.182181 0.656028 0.179521 0.652482 0.178191 0.654255 0.178191 0.656028 0.174202 0.661348 0.174202 0.663121 0.172872 0.664894 0.175532 0.66844 0.175532 0.670213 0.179521 0.675532 0.179521 0.677305 0.182181 0.680851 0.182181 0.705674 0.180851 0.707447 0.179521 0.707447 0.176862 0.710993 0.175532 0.710993 0.172872 0.714539 0.171543 0.714539 0.168883 0.718085 0.167553 0.718085 0.166223 0.719858 0.166223 0.721631 0.162234 0.72695 0.162234 0.728723 0.159574 0.73227 0.160904 0.730496 0.171543 0.730496 0.172872 0.728723 0.183511 0.728723 0.183511 0.72695 0.18484 0.725177 0.18484 0.721631 0.18617 0.719858 0.18617 0.718085 0.1875 0.716312 0.1875 0.712766 0.18883 0.710993 0.18883 0.707447 0.19016 0.705674 0.19016 0.703901 0.191489 0.702128 0.191489 0.698582 0.192819 0.696809 0.192819 0.695035 0.196809 0.689716 0.196809 0.687943 0.204787 0.677305 0.204787 0.675532 0.208777 0.670213 0.208777 0.663121 0.210106 0.661348 0.210106 0.656028 0.208777 0.656028 0.207447 0.654255 0.206117 0.654255 0.204787 0.652482 0.203457 0.652482 0.202128 0.650709 0.200798 0.650709
0 0.111702 0.647163 0.110372 0.648936 0.110372 0.650709 0.107713 0.654255 0.107713 0.656028 0.106383 0.657801 0.106383 0.659574 0.103723 0.663121 0.103723 0.664894 0.101064 0.66844 0.101064 0.670213 0.099734 0.671986 0.099734 0.675532 0.101064 0.677305 0.101064 0.682624 0.102394 0.684397 0.102394 0.689716 0.103723 0.691489 0.103723 0.696809 0.105053 0.698582 0.105053 0.702128 0.106383 0.703901 0.107713 0.703901 0.111702 0.70922 0.113032 0.707447 0.115691 0.707447 0.117021 0.705674 0.118351 0.705674 0.119681 0.703901 0.12234 0.703901 0.12234 0.702128 0.121011 0.700355 0.121011 0.698582 0.119681 0.696809 0.119681 0.695035 0.118351 0.693262 0.118351 0.684397 0.117021 0.682624 0.117021 0.675532 0.118351 0.673759 0.119681 0.673759 0.121011 0.675532 0.12367 0.675532 0.125 0.677305 0.12766 0.677305 0.128989 0.679078 0.128989 0.673759 0.130319 0.671986 0.130319 0.66844 0.128989 0.666667 0.12766 0.666667 0.125 0.663121 0.12367 0.663121
0 0.832447 0.64539 0.831117 0.647163 0.823138 0.647163 0.823138 0.650709 0.824468 0.652482 0.824468 0.657801 0.833777 0.657801 0.833777 0.652482 0.832447 0.650709
0 0.31383 0.634752 0.3125 0.636525 0.308511 0.636525 0.305851 0.640071 0.304521 0.640071 0.301862 0.643617 0.300532 0.643617 0.299202 0.64539 0.299202 0.647163 0.297872 0.648936 0.297872 0.650709 0.296543 0.652482 0.296543 0.654255 0.295213 0.656028 0.297872 0.659574 0.297872 0.661348 0.300532 0.664894 0.304521 0.664894 0.308511 0.659574 0.316489 0.659574 0.316489 0.656028 0.317819 0.654255 0.317819 0.647163 0.319149 0.64539 0.319149 0.641844
0 0.030585 0.620567 0.029255 0.62234 0.027926 0.62234 0.026596 0.624113 0.025266 0.624113 0.023936 0.625887 0.022606 0.625887 0.021277 0.62766 0.019947 0.62766 0.018617 0.629433 0.017287 0.629433 0.015957 0.631206 0.014628 0.631206 0.007979 0.640071 0.007979 0.641844 0.0 0.652482 0.0 0.663121 0.022606 0.663121 0.023936 0.664894 0.025266 0.664894 0.026596 0.666667 0.027926 0.664894 0.029255 0.664894 0.030585 0.663121 0.033245 0.663121 0.034574 0.661348 0.035904 0.661348 0.037234 0.659574 0.039894 0.659574 0.041223 0.657801 0.042553 0.657801 0.042553 0.656028 0.043883 0.654255 0.043883 0.652482 0.045213 0.650709 0.045213 0.648936 0.046543 0.647163 0.046543 0.643617 0.047872 0.641844 0.047872 0.640071 0.049202 0.638298 0.049202 0.636525 0.050532 0.634752 0.050532 0.632979 0.049202 0.631206 0.049202 0.629433 0.046543 0.625887 0.046543 0.624113 0.045213 0.62234 0.031915 0.62234
0 0.896277 0.590426 0.894947 0.592199 0.889628 0.592199 0.888298 0.593972 0.882979 0.593972 0.881649 0.595745 0.87633 0.595745 0.875 0.597518 0.875 0.599291 0.871011 0.60461 0.871011 0.606383 0.868351 0.609929 0.869681 0.611702 0.871011 0.611702 0.875 0.617021 0.87633 0.617021 0.878989 0.620567 0.880319 0.618794 0.884309 0.618794 0.885638 0.617021 0.889628 0.617021 0.890957 0.615248 0.893617 0.615248 0.894947 0.613475 0.898936 0.613475 0.900266 0.611702 0.904255 0.611702 0.902926 0.609929 0.902926 0.608156 0.901596 0.606383 0.901596 0.60461 0.900266 0.602837 0.900266 0.601064 0.898936 0.599291 0.898936 0.597518 0.897606 0.595745 0.897606 0.593972 0.896277 0.592199
0 0.671543 0.588652 0.668883 0.592199 0.667553 0.592199 0.664894 0.595745 0.663564 0.595745 0.667553 0.601064 0.668883 0.601064 0.674202 0.608156 0.676862 0.60461 0.678191 0.60461 0.682181 0.599291 0.683511 0.599291 0.68484 0.597518 0.683511 0.597518 0.682181 0.595745 0.680851 0.595745 0.679521 0.593972 0.678191 0.593972 0.676862 0.592199 0.675532 0.592199 0.674202 0.590426 0.672872 0.590426
0 0.030585 0.578014 0.029255 0.579787 0.021277 0.579787 0.019947 0.58156 0.010638 0.58156 0.0 0.595745 0.0 0.618794 0.021277 0.618794 0.011968 0.606383 0.013298 0.60461 0.014628 0.60461 0.015957 0.602837 0.018617 0.602837 0.019947 0.601064 0.021277 0.601064 0.022606 0.599291 0.039894 0.599291 0.041223 0.597518 0.047872 0.597518 0.047872 0.595745 0.046543 0.593972 0.046543 0.588652 0.045213 0.586879 0.045213 0.583333 0.041223 0.583333 0.039894 0.58156 0.037234 0.58156 0.035904 0.579787 0.031915 0.579787
0 0.831117 0.574468 0.831117 0.576241 0.829787 0.578014 0.829787 0.583333 0.828457 0.585106 0.828457 0.586879 0.829787 0.588652 0.829787 0.590426 0.831117 0.592199 0.831117 0.593972 0.829787 0.595745 0.828457 0.595745 0.827128 0.597518 0.825798 0.597518 0.824468 0.599291 0.823138 0.599291 0.821809 0.601064 0.820479 0.601064 0.820479 0.602837 0.819149 0.60461 0.819149 0.606383 0.817819 0.608156 0.819149 0.609929 0.819149 0.611702 0.821809 0.615248 0.821809 0.617021 0.823138 0.618794 0.823138 0.620567 0.831117 0.631206 0.831117 0.632979 0.841755 0.647163 0.841755 0.648936 0.847074 0.656028 0.848404 0.654255 0.851064 0.654255 0.852394 0.652482 0.855053 0.652482 0.856383 0.650709 0.859043 0.650709 0.859043 0.64539 0.860372 0.643617 0.860372 0.640071 0.859043 0.638298 0.859043 0.636525 0.855053 0.631206 0.855053 0.629433 0.852394 0.625887 0.852394 0.624113 0.848404 0.618794 0.848404 0.617021 0.845745 0.613475 0.845745 0.611702 0.841755 0.606383 0.841755 0.60461 0.840426 0.602837 0.841755 0.601064 0.844415 0.601064 0.845745 0.599291 0.852394 0.599291 0.853723 0.601064 0.856383 0.601064 0.857713 0.602837 0.857713 0.597518 0.859043 0.595745 0.859043 0.592199 0.856383 0.592199 0.855053 0.590426 0.852394 0.590426 0.851064 0.588652 0.851064 0.585106 0.852394 0.583333 0.852394 0.578014 0.853723 0.576241 0.853723 0.574468
0 0.055851 0.572695 0.055851 0.574468 0.054521 0.576241 0.054521 0.579787 0.053191 0.58156 0.053191 0.590426 0.054521 0.592199 0.054521 0.601064 0.055851 0.599291 0.0625 0.599291 0.06383 0.597518 0.071809 0.597518 0.073138 0.595745 0.074468 0.595745 0.075798 0.593972 0.077128 0.593972 0.078457 0.592199 0.079787 0.592199 0.082447 0.588652 0.083777 0.588652 0.085106 0.586879 0.086436 0.586879 0.087766 0.585106 0.089096 0.585106 0.089096 0.583333 0.087766 0.58156 0.087766 0.578014 0.086436 0.576241 0.086436 0.574468 0.057181 0.574468
0 0.989362 0.562057 0.988032 0.56383 0.986702 0.56383 0.984043 0.567376 0.982713 0.567376 0.981383 0.569149 0.980053 0.569149 0.978723 0.570922 0.978723 0.572695 0.977394 0.574468 0.977394 0.576241 0.974734 0.579787 0.974734 0.58156 0.973404 0.583333 0.973404 0.585106 0.972074 0.586879 0.972074 0.601064 0.970745 0.602837 0.968085 0.602837 0.966755 0.601064 0.964096 0.601064 0.962766 0.599291 0.958777 0.599291 0.956117 0.595745 0.956117 0.593972 0.953457 0.590426 0.953457 0.588652 0.952128 0.586879 0.950798 0.588652 0.945479 0.588652 0.944149 0.590426 0.93883 0.590426 0.93883 0.592199 0.9375 0.593972 0.9375 0.595745 0.93617 0.597518 0.93617 0.601064 0.93484 0.602837 0.93484 0.60461 0.933511 0.606383 0.933511 0.608156 0.962766 0.608156 0.964096 0.609929 0.966755 0.609929 0.968085 0.611702 0.969415 0.611702 0.970745 0.613475 0.973404 0.613475 0.974734 0.615248 0.976064 0.615248 0.977394 0.617021 0.978723 0.615248 0.981383 0.615248 0.982713 0.613475 0.985372 0.613475 0.986702 0.611702 0.99867 0.611702 0.99867 0.565603 0.996011 0.565603 0.994681 0.56383 0.990691 0.56383
0 0.634309 0.554965 0.631649 0.558511 0.630319 0.558511 0.62633 0.56383 0.625 0.56383 0.619681 0.570922 0.618351 0.570922 0.614362 0.576241 0.613032 0.576241 0.611702 0.578014 0.591755 0.578014 0.598404 0.586879 0.599734 0.586879 0.609043 0.599291 0.610372 0.597518 0.619681 0.597518 0.62234 0.593972 0.62234 0.592199 0.628989 0.583333 0.628989 0.58156 0.635638 0.572695 0.635638 0.570922 0.642287 0.562057 0.642287 0.560284 0.644947 0.556738 0.635638 0.556738
0 0.332447 0.554965 0.331117 0.556738 0.331117 0.558511 0.329787 0.560284 0.329787 0.562057 0.327128 0.565603 0.327128 0.567376 0.325798 0.569149 0.325798 0.572695 0.327128 0.574468 0.327128 0.579787 0.328457 0.58156 0.328457 0.585106 0.353723 0.585106 0.353723 0.58156 0.355053 0.579787 0.355053 0.574468 0.356383 0.572695 0.356383 0.569149 0.353723 0.565603 0.352394 0.565603 0.348404 0.560284 0.344415 0.560284 0.343085 0.558511 0.339096 0.558511 0.337766 0.556738 0.333777 0.556738
0 0.215426 0.554965 0.207447 0.565603 0.206117 0.565603 0.200798 0.572695 0.207447 0.572695 0.208777 0.574468 0.214096 0.574468 0.215426 0.576241 0.219415 0.570922 0.219415 0.569149 0.224734 0.562057 0.223404 0.562057 0.222074 0.560284 0.220745 0.560284 0.218085 0.556738 0.216755 0.556738
0 0.56516 0.553191 0.56516 0.574468 0.569149 0.574468 0.570479 0.576241 0.573138 0.576241 0.574468 0.578014 0.574468 0.569149 0.573138 0.567376 0.573138 0.556738 0.570479 0.556738 0.569149 0.554965 0.566489 0.554965
0 0.243351 0.553191 0.242021 0.554965 0.231383 0.554965 0.231383 0.558511 0.230053 0.560284 0.230053 0.567376 0.228723 0.569149 0.228723 0.572695 0.230053 0.570922 0.231383 0.570922 0.232713 0.569149 0.235372 0.569149 0.236702 0.567376 0.238032 0.567376 0.239362 0.565603 0.242021 0.565603 0.242021 0.560284 0.243351 0.558511
0 0.474734 0.54078 0.472074 0.544326 0.470745 0.544326 0.468085 0.547872 0.466755 0.547872 0.464096 0.551418 0.462766 0.551418 0.461436 0.553191 0.464096 0.553191 0.465426 0.554965 0.468085 0.554965 0.469415 0.556738 0.470745 0.556738 0.472074 0.558511 0.474734 0.558511 0.476064 0.560284 0.477394 0.558511 0.478723 0.558511 0.480053 0.556738 0.481383 0.556738 0.482713 0.554965 0.484043 0.554965 0.484043 0.551418 0.482713 0.549645 0.482713 0.544326 0.480053 0.544326 0.478723 0.542553 0.476064 0.542553
0 0.682181 0.521277 0.674202 0.531915 0.674202 0.533688 0.675532 0.535461 0.675532 0.537234 0.679521 0.542553 0.680851 0.542553 0.68617 0.549645 0.68484 0.551418 0.68484 0.553191 0.682181 0.556738 0.68484 0.560284 0.68617 0.560284 0.691489 0.567376 0.692819 0.567376 0.696809 0.572695 0.696809 0.570922 0.698138 0.569149 0.700798 0.572695 0.702128 0.572695 0.707447 0.579787 0.708777 0.579787 0.714096 0.586879 0.715426 0.586879 0.720745 0.593972 0.722074 0.593972 0.726064 0.599291 0.726064 0.597518 0.727394 0.595745 0.727394 0.590426 0.728723 0.588652 0.728723 0.583333 0.730053 0.58156 0.730053 0.578014 0.731383 0.576241 0.731383 0.570922 0.732713 0.569149 0.732713 0.567376 0.730053 0.567376 0.728723 0.565603 0.727394 0.565603 0.726064 0.56383 0.726064 0.556738 0.727394 0.554965 0.727394 0.549645 0.719415 0.549645 0.715426 0.554965 0.714096 0.554965 0.708777 0.562057 0.707447 0.562057 0.702128 0.569149 0.700798 0.569149 0.699468 0.570922 0.698138 0.569149 0.698138 0.567376 0.699468 0.565603 0.699468 0.56383 0.700798 0.562057 0.700798 0.560284 0.702128 0.558511 0.702128 0.556738 0.703457 0.554965 0.703457 0.553191 0.704787 0.551418 0.703457 0.549645 0.703457 0.547872 0.702128 0.546099 0.702128 0.544326 0.700798 0.542553 0.700798 0.54078 0.699468 0.539007 0.699468 0.537234 0.698138 0.535461 0.698138 0.533688 0.696809 0.531915 0.696809 0.530142 0.695479 0.528369 0.692819 0.528369 0.691489 0.526596 0.69016 0.526596 0.68883 0.524823 0.68617 0.524823 0.68484 0.52305 0.683511 0.52305
0 0.171543 0.519504 0.170213 0.521277 0.160904 0.521277 0.158245 0.524823 0.156915 0.524823 0.155585 0.526596 0.167553 0.526596 0.168883 0.528369 0.170213 0.526596 0.171543 0.526596 0.174202 0.52305 0.175532 0.52305 0.176862 0.521277 0.178191 0.521277 0.179521 0.519504
0 0.264628 0.489362 0.264628 0.491135 0.263298 0.492908 0.263298 0.496454 0.261968 0.498227 0.261968 0.501773 0.260638 0.503546 0.260638 0.508865 0.259309 0.510638 0.259309 0.514184 0.257979 0.515957 0.257979 0.519504 0.256649 0.521277 0.256649 0.52305 0.263298 0.52305 0.264628 0.524823 0.271277 0.524823 0.272606 0.526596 0.283245 0.526596 0.281915 0.524823 0.281915 0.52305 0.280585 0.521277 0.280585 0.519504 0.279255 0.51773 0.279255 0.515957 0.280585 0.514184 0.285904 0.514184 0.287234 0.512411 0.292553 0.512411 0.292553 0.510638 0.293883 0.508865 0.293883 0.505319 0.295213 0.503546 0.295213 0.501773 0.292553 0.501773 0.291223 0.5 0.287234 0.5 0.285904 0.498227 0.283245 0.498227 0.281915 0.496454 0.279255 0.496454 0.277926 0.494681 0.275266 0.494681 0.273936 0.492908 0.269947 0.492908 0.268617 0.491135 0.265957 0.491135
0 0.5 0.485816 0.49867 0.487589 0.494681 0.487589 0.494681 0.489362 0.496011 0.491135 0.496011 0.492908 0.49734 0.494681 0.49734 0.498227 0.49867 0.5 0.49867 0.501773 0.505319 0.501773 0.505319 0.498227 0.506649 0.496454 0.506649 0.492908 0.505319 0.491135 0.503989 0.491135
0 0.589096 0.473404 0.587766 0.475177 0.586436 0.475177 0.585106 0.47695 0.582447 0.47695 0.581117 0.478723 0.579787 0.478723 0.579787 0.480496 0.581117 0.48227 0.581117 0.485816 0.582447 0.487589 0.582447 0.491135 0.583777 0.492908 0.583777 0.496454 0.585106 0.498227 0.585106 0.5 0.587766 0.496454 0.589096 0.496454 0.591755 0.492908 0.593085 0.492908 0.594415 0.491135 0.594415 0.489362 0.593085 0.487589 0.593085 0.485816 0.591755 0.484043 0.591755 0.480496 0.590426 0.478723 0.590426 0.47695 0.589096 0.475177
0 0.885638 0.457447 0.884309 0.45922 0.881649 0.45922 0.880319 0.460993 0.878989 0.460993 0.87766 0.462766 0.875 0.462766 0.875 0.464539 0.87367 0.466312 0.87367 0.469858 0.87234 0.471631 0.87234 0.475177 0.871011 0.47695 0.871011 0.478723 0.875 0.478723 0.87633 0.480496 0.881649 0.480496 0.882979 0.48227 0.886968 0.48227 0.888298 0.484043 0.889628 0.48227 0.893617 0.48227 0.894947 0.480496 0.897606 0.480496 0.898936 0.478723 0.902926 0.478723 0.909574 0.469858 0.905585 0.469858 0.904255 0.468085 0.901596 0.468085 0.900266 0.466312 0.898936 0.468085 0.890957 0.468085 0.889628 0.466312 0.889628 0.464539 0.886968 0.460993 0.886968 0.45922
0 0.75133 0.445035 0.75 0.446809 0.742021 0.446809 0.740691 0.448582 0.736702 0.448582 0.735372 0.450355 0.730053 0.450355 0.727394 0.453901 0.727394 0.455674 0.723404 0.460993 0.723404 0.462766 0.720745 0.466312 0.720745 0.478723 0.722074 0.480496 0.722074 0.494681 0.723404 0.496454 0.732713 0.496454 0.734043 0.498227 0.742021 0.498227 0.743351 0.5 0.75266 0.5 0.753989 0.501773 0.753989 0.489362 0.755319 0.487589 0.756649 0.487589 0.757979 0.489362 0.757979 0.491135 0.759309 0.492908 0.759309 0.498227 0.760638 0.496454 0.771277 0.496454 0.772606 0.494681 0.780585 0.494681 0.781915 0.492908 0.788564 0.492908 0.789894 0.491135 0.797872 0.491135 0.799202 0.489362 0.799202 0.487589 0.803191 0.48227 0.820479 0.48227 0.821809 0.480496 0.823138 0.480496 0.824468 0.478723 0.825798 0.478723 0.828457 0.475177 0.829787 0.475177 0.831117 0.473404 0.832447 0.473404 0.831117 0.471631 0.831117 0.469858 0.828457 0.466312 0.828457 0.464539 0.825798 0.460993 0.825798 0.45922 0.824468 0.457447 0.823138 0.45922 0.821809 0.45922 0.820479 0.460993 0.819149 0.460993 0.819149 0.464539 0.817819 0.466312 0.817819 0.468085 0.816489 0.469858 0.801862 0.469858 0.800532 0.468085 0.799202 0.469858 0.795213 0.469858 0.793883 0.471631 0.784574 0.471631 0.783245 0.469858 0.777926 0.469858 0.776596 0.468085 0.771277 0.468085 0.768617 0.464539 0.768617 0.462766 0.765957 0.45922 0.765957 0.457447 0.764628 0.455674 0.763298 0.455674 0.760638 0.452128 0.759309 0.452128 0.757979 0.450355 0.756649 0.450355 0.753989 0.446809 0.75266 0.446809
0 0.271277 0.441489 0.267287 0.446809 0.267287 0.448582 0.261968 0.455674 0.277926 0.455674 0.279255 0.457447 0.280585 0.455674 0.283245 0.455674 0.284574 0.453901 0.288564 0.453901 0.289894 0.452128 0.292553 0.452128 0.289894 0.448582 0.288564 0.448582 0.283245 0.441489
0 0.81383 0.43617 0.81383 0.441489 0.8125 0.443262 0.8125 0.446809 0.81516 0.446809 0.816489 0.448582 0.819149 0.448582 0.820479 0.450355 0.823138 0.450355 0.824468 0.452128 0.824468 0.437943 0.81516 0.437943
0 0.131649 0.430851 0.130319 0.432624 0.128989 0.432624 0.12766 0.434397 0.12633 0.434397 0.125 0.43617 0.12367 0.43617 0.12234 0.437943 0.121011 0.437943 0.119681 0.439716 0.118351 0.439716 0.117021 0.441489 0.115691 0.441489 0.114362 0.443262 0.113032 0.443262 0.111702 0.445035 0.110372 0.445035 0.110372 0.446809 0.109043 0.448582 0.109043 0.450355 0.107713 0.452128 0.107713 0.453901 0.106383 0.455674 0.106383 0.457447 0.105053 0.45922 0.105053 0.460993 0.103723 0.462766 0.103723 0.464539 0.102394 0.466312 0.102394 0.468085 0.101064 0.469858 0.101064 0.471631 0.099734 0.473404 0.099734 0.475177 0.098404 0.47695 0.098404 0.487589 0.099734 0.489362 0.099734 0.510638 0.101064 0.512411 0.101064 0.533688 0.102394 0.535461 0.102394 0.546099 0.107713 0.546099 0.109043 0.547872 0.118351 0.547872 0.119681 0.549645 0.12234 0.546099 0.12367 0.546099 0.12766 0.54078 0.128989 0.54078 0.132979 0.535461 0.134309 0.535461 0.136968 0.531915 0.138298 0.531915 0.140957 0.528369 0.142287 0.528369 0.144947 0.524823 0.146277 0.524823 0.147606 0.52305 0.148936 0.52305 0.150266 0.521277 0.151596 0.521277 0.152926 0.519504 0.154255 0.519504 0.156915 0.515957 0.158245 0.515957 0.159574 0.514184 0.160904 0.514184 0.162234 0.512411 0.163564 0.512411 0.164894 0.510638 0.182181 0.510638 0.18617 0.505319 0.1875 0.505319 0.18883 0.503546 0.18883 0.487589 0.19016 0.485816 0.19016 0.469858 0.18883 0.468085 0.18883 0.466312 0.18617 0.462766 0.18617 0.460993 0.18484 0.45922 0.18484 0.457447 0.182181 0.453901 0.182181 0.452128 0.179521 0.448582 0.179521 0.446809 0.178191 0.445035 0.178191 0.443262 0.176862 0.441489 0.175532 0.441489 0.174202 0.439716 0.172872 0.439716 0.171543 0.437943 0.168883 0.437943 0.167553 0.43617 0.166223 0.43617 0.164894 0.434397 0.163564 0.434397 0.162234 0.432624 0.160904 0.432624 0.159574 0.430851
0 0.953457 0.398936 0.953457 0.400709 0.952128 0.402482 0.952128 0.406028 0.950798 0.407801 0.950798 0.409574 0.949468 0.411348 0.949468 0.414894 0.948138 0.416667 0.948138 0.41844 0.968085 0.41844 0.969415 0.420213 0.989362 0.420213 0.990691 0.421986 0.990691 0.420213 0.989362 0.41844 0.989362 0.416667 0.988032 0.414894 0.988032 0.411348 0.986702 0.409574 0.986702 0.406028 0.985372 0.404255 0.985372 0.402482 0.984043 0.400709 0.984043 0.398936
0 0.287234 0.393617 0.284574 0.397163 0.284574 0.398936 0.280585 0.404255 0.281915 0.404255 0.283245 0.406028 0.285904 0.402482 0.285904 0.400709 0.289894 0.39539 0.288564 0.39539
0 0.041223 0.342199 0.039894 0.343972 0.039894 0.345745 0.034574 0.352837 0.034574 0.35461 0.029255 0.361702 0.029255 0.363475 0.025266 0.368794 0.023936 0.368794 0.019947 0.374113 0.019947 0.375887 0.013298 0.384752 0.014628 0.382979 0.077128 0.382979 0.078457 0.381206 0.078457 0.379433 0.079787 0.37766 0.079787 0.375887 0.081117 0.374113 0.081117 0.37234 0.082447 0.370567 0.082447 0.368794 0.083777 0.367021 0.083777 0.365248 0.082447 0.365248 0.081117 0.363475 0.079787 0.363475 0.077128 0.359929 0.075798 0.359929 0.074468 0.358156 0.073138 0.358156 0.071809 0.356383 0.070479 0.356383 0.069149 0.35461 0.067819 0.35461 0.066489 0.352837 0.06516 0.352837 0.0625 0.349291 0.06117 0.349291 0.05984 0.347518 0.058511 0.347518 0.057181 0.345745 0.055851 0.345745 0.054521 0.343972 0.049202 0.343972 0.047872 0.342199
1 0.226064 0.971631 0.224734 0.973404 0.214096 0.973404 0.212766 0.975177 0.200798 0.975177 0.199468 0.97695 0.196809 0.97695 0.195479 0.978723 0.191489 0.978723 0.19016 0.980496 0.1875 0.980496 0.18617 0.98227 0.182181 0.97695 0.180851 0.97695 0.179521 0.975177 0.175532 0.975177 0.174202 0.97695 0.170213 0.97695 0.168883 0.978723 0.166223 0.978723 0.164894 0.980496 0.160904 0.980496 0.159574 0.98227 0.155585 0.98227 0.154255 0.984043 0.143617 0.984043 0.140957 0.987589 0.140957 0.989362 0.139628 0.991135 0.139628 0.998227 0.19016 0.998227 0.191489 0.996454 0.192819 0.996454 0.195479 0.992908 0.196809 0.992908 0.200798 0.987589 0.202128 0.987589 0.204787 0.984043 0.210106 0.984043 0.211436 0.98227 0.216755 0.98227 0.218085 0.980496 0.222074 0.980496 0.223404 0.978723 0.228723 0.978723 0.230053 0.97695 0.235372 0.97695 0.235372 0.975177 0.236702 0.973404 0.236702 0.971631
1 0.469415 0.861702 0.468085 0.863475 0.468085 0.865248 0.465426 0.868794 0.465426 0.870567 0.462766 0.874113 0.462766 0.875887 0.461436 0.87766 0.462766 0.879433 0.462766 0.881206 0.465426 0.884752 0.465426 0.886525 0.466755 0.888298 0.468085 0.886525 0.470745 0.886525 0.472074 0.884752 0.473404 0.884752 0.474734 0.882979 0.482713 0.882979 0.484043 0.884752 0.490691 0.884752 0.492021 0.886525 0.49734 0.886525 0.49867 0.888298 0.49867 0.886525 0.5 0.884752 0.5 0.882979 0.50133 0.881206 0.49867 0.881206 0.49734 0.879433 0.496011 0.879433 0.494681 0.87766 0.492021 0.87766 0.490691 0.875887 0.489362 0.875887 0.488032 0.874113 0.485372 0.874113 0.484043 0.87234 0.482713 0.87234 0.481383 0.870567 0.480053 0.870567 0.478723 0.868794 0.477394 0.868794 0.474734 0.865248 0.473404 0.865248 0.472074 0.863475 0.470745 0.863475
1 0.865691 0.812057 0.864362 0.81383 0.861702 0.81383 0.860372 0.815603 0.857713 0.815603 0.857713 0.817376 0.856383 0.819149 0.856383 0.820922 0.855053 0.822695 0.855053 0.824468 0.853723 0.826241 0.853723 0.828014 0.855053 0.828014 0.857713 0.83156 0.859043 0.83156 0.861702 0.835106 0.863032 0.835106 0.865691 0.838652 0.867021 0.838652 0.868351 0.840426 0.867021 0.842199 0.864362 0.842199 0.863032 0.843972 0.836436 0.843972 0.836436 0.845745 0.835106 0.847518 0.835106 0.849291 0.833777 0.851064 0.833777 0.85461 0.835106 0.856383 0.835106 0.858156 0.836436 0.859929 0.836436 0.863475 0.837766 0.865248 0.837766 0.867021 0.839096 0.868794 0.839096 0.87234 0.840426 0.874113 0.840426 0.87766 0.841755 0.879433 0.841755 0.881206 0.843085 0.882979 0.841755 0.884752 0.824468 0.884752 0.823138 0.882979 0.816489 0.882979 0.81516 0.881206 0.81516 0.879433 0.81383 0.87766 0.81383 0.875887 0.8125 0.874113 0.8125 0.870567 0.81117 0.868794 0.81117 0.867021 0.805851 0.867021 0.804521 0.865248 0.799202 0.865248 0.797872 0.863475 0.797872 0.861702 0.796543 0.859929 0.796543 0.85461 0.795213 0.852837 0.795213 0.851064 0.788564 0.851064 0.787234 0.849291 0.783245 0.85461 0.773936 0.85461 0.771277 0.851064 0.769947 0.851064 0.767287 0.847518 0.765957 0.849291 0.764628 0.849291 0.763298 0.851064 0.761968 0.851064 0.760638 0.852837 0.757979 0.852837 0.756649 0.85461 0.736702 0.85461 0.735372 0.852837 0.735372 0.851064 0.734043 0.849291 0.734043 0.847518 0.732713 0.845745 0.732713 0.843972 0.731383 0.845745 0.715426 0.845745 0.715426 0.849291 0.716755 0.851064 0.716755 0.856383 0.718085 0.856383 0.720745 0.859929 0.722074 0.859929 0.724734 0.863475 0.726064 0.863475 0.728723 0.867021 0.726064 0.870567 0.724734 0.870567 0.722074 0.874113 0.720745 0.874113 0.718085 0.87766 0.716755 0.87766 0.715426 0.879433 0.708777 0.879433 0.707447 0.881206 0.695479 0.881206 0.695479 0.882979 0.696809 0.884752 0.696809 0.886525 0.698138 0.888298 0.698138 0.890071 0.700798 0.890071 0.702128 0.891844 0.704787 0.891844 0.706117 0.893617 0.707447 0.891844 0.710106 0.891844 0.711436 0.890071 0.714096 0.890071 0.715426 0.888298 0.718085 0.888298 0.719415 0.886525 0.724734 0.886525 0.726064 0.888298 0.728723 0.888298 0.730053 0.890071 0.732713 0.886525 0.732713 0.884752 0.736702 0.879433 0.75133 0.879433 0.75266 0.881206 0.75266 0.884752 0.75133 0.886525 0.75133 0.890071 0.75 0.891844 0.746011 0.891844 0.744681 0.893617 0.739362 0.893617 0.738032 0.89539 0.726064 0.89539 0.724734 0.897163 0.712766 0.897163 0.711436 0.898936 0.710106 0.898936 0.708777 0.900709 0.707447 0.900709 0.706117 0.902482 0.704787 0.902482 0.703457 0.904255 0.702128 0.904255 0.700798 0.906028 0.699468 0.906028 0.696809 0.909574 0.695479 0.909574 0.694149 0.911348 0.692819 0.911348 0.691489 0.913121 0.69016 0.913121 0.68883 0.914894 0.6875 0.914894 0.68617 0.916667 0.68484 0.916667 0.683511 0.91844 0.679521 0.91844 0.678191 0.916667 0.659574 0.916667 0.658245 0.914894 0.656915 0.914894 0.655585 0.913121 0.652926 0.913121 0.651596 0.911348 0.650266 0.911348 0.648936 0.909574 0.646277 0.909574 0.644947 0.907801 0.640957 0.907801 0.639628 0.906028 0.636968 0.906028 0.635638 0.904255 0.634309 0.906028 0.630319 0.906028 0.628989 0.907801 0.62367 0.907801 0.62234 0.909574 0.618351 0.909574 0.618351 0.920213 0.62234 0.920213 0.62367 0.921986 0.62766 0.921986 0.628989 0.923759 0.632979 0.923759 0.634309 0.925532 0.638298 0.925532 0.639628 0.927305 0.643617 0.927305 0.644947 0.929078 0.648936 0.929078 0.650266 0.930851 0.654255 0.930851 0.655585 0.932624 0.659574 0.932624 0.662234 0.93617 0.663564 0.93617 0.666223 0.939716 0.667553 0.939716 0.670213 0.943262 0.671543 0.941489 0.674202 0.941489 0.675532 0.939716 0.679521 0.939716 0.680851 0.937943 0.683511 0.937943 0.68484 0.93617 0.68883 0.93617 0.69016 0.937943 0.691489 0.937943 0.696809 0.945035 0.698138 0.945035 0.703457 0.952128 0.704787 0.952128 0.707447 0.955674 0.706117 0.957447 0.699468 0.957447 0.698138 0.95922 0.691489 0.95922 0.695479 0.964539 0.696809 0.962766 0.720745 0.962766 0.722074 0.964539 0.724734 0.964539 0.726064 0.966312 0.727394 0.966312 0.728723 0.968085 0.731383 0.968085 0.732713 0.969858 0.734043 0.968085 0.735372 0.968085 0.736702 0.966312 0.738032 0.966312 0.738032 0.964539 0.736702 0.962766 0.736702 0.957447 0.735372 0.955674 0.735372 0.952128 0.734043 0.950355 0.734043 0.945035 0.732713 0.943262 0.732713 0.941489 0.734043 0.939716 0.735372 0.939716 0.736702 0.937943 0.739362 0.937943 0.740691 0.93617 0.742021 0.93617 0.743351 0.934397 0.74734 0.934397 0.74867 0.93617 0.75133 0.93617 0.75266 0.937943 0.753989 0.937943 0.755319 0.939716 0.756649 0.939716 0.757979 0.941489 0.759309 0.941489 0.760638 0.943262 0.763298 0.943262 0.764628 0.945035 0.765957 0.945035 0.767287 0.946809 0.768617 0.946809 0.769947 0.948582 0.772606 0.948582 0.773936 0.950355 0.776596 0.950355 0.777926 0.952128 0.780585 0.952128 0.781915 0.953901 0.791223 0.953901 0.796543 0.960993 0.797872 0.960993 0.801862 0.966312 0.803191 0.966312 0.805851 0.969858 0.805851 0.97695 0.807181 0.978723 0.807181 0.991135 0.808511 0.992908 0.808511 0.998227 0.81383 0.998227 0.81383 0.984043 0.8125 0.98227 0.8125 0.966312 0.81383 0.964539 0.81516 0.964539 0.817819 0.968085 0.817819 0.969858 0.819149 0.971631 0.819149 0.973404 0.820479 0.971631 0.823138 0.971631 0.824468 0.969858 0.829787 0.969858 0.831117 0.971631 0.833777 0.971631 0.835106 0.973404 0.836436 0.973404 0.837766 0.975177 0.840426 0.975177 0.841755 0.97695 0.843085 0.97695 0.844415 0.978723 0.843085 0.980496 0.841755 0.980496 0.840426 0.98227 0.839096 0.98227 0.837766 0.984043 0.836436 0.984043 0.835106 0.985816 0.833777 0.985816 0.832447 0.987589 0.831117 0.987589 0.829787 0.989362 0.828457 0.989362 0.827128 0.991135 0.824468 0.991135 0.823138 0.992908 0.821809 0.992908 0.820479 0.994681 0.817819 0.994681 0.819149 0.996454 0.819149 0.998227 0.933511 0.998227 0.93484 0.996454 0.93484 0.991135 0.93617 0.989362 0.93617 0.984043 0.9375 0.98227 0.9375 0.980496 0.950798 0.962766 0.950798 0.960993 0.952128 0.95922 0.952128 0.957447 0.953457 0.955674 0.953457 0.953901 0.954787 0.952128 0.949468 0.945035 0.948138 0.945035 0.94016 0.934397 0.94016 0.932624 0.941489 0.930851 0.942819 0.930851 0.944149 0.932624 0.945479 0.932624 0.953457 0.943262 0.954787 0.943262 0.958777 0.948582 0.962766 0.943262 0.942819 0.916667 0.941489 0.916667 0.9375 0.911348 0.93617 0.911348 0.933511 0.907801 0.932181 0.907801 0.928191 0.902482 0.926862 0.902482 0.921543 0.89539 0.920213 0.89539 0.914894 0.888298 0.913564 0.888298 0.909574 0.882979 0.908245 0.884752 0.898936 0.884752 0.904255 0.891844 0.905585 0.891844 0.913564 0.902482 0.913564 0.909574 0.908245 0.916667 0.900266 0.916667 0.898936 0.914894 0.894947 0.920213 0.893617 0.920213 0.890957 0.923759 0.889628 0.921986 0.889628 0.920213 0.888298 0.91844 0.888298 0.916667 0.890957 0.913121 0.892287 0.913121 0.894947 0.909574 0.894947 0.907801 0.896277 0.906028 0.896277 0.904255 0.897606 0.902482 0.897606 0.900709 0.898936 0.898936 0.898936 0.897163 0.897606 0.89539 0.897606 0.890071 0.896277 0.888298 0.896277 0.884752 0.886968 0.87234 0.888298 0.870567 0.894947 0.870567 0.896277 0.868794 0.896277 0.867021 0.897606 0.865248 0.896277 0.863475 0.894947 0.863475 0.892287 0.859929 0.894947 0.856383 0.894947 0.85461 0.897606 0.851064 0.898936 0.852837 0.898936 0.851064 0.897606 0.851064 0.896277 0.849291 0.894947 0.849291 0.893617 0.847518 0.892287 0.847518 0.889628 0.843972 0.888298 0.843972 0.886968 0.842199 0.885638 0.842199 0.884309 0.840426 0.882979 0.840426 0.881649 0.838652 0.880319 0.838652 0.878989 0.836879 0.87766 0.836879 0.875 0.833333 0.87633 0.83156 0.87766 0.83156 0.878989 0.833333 0.880319 0.83156 0.881649 0.83156 0.882979 0.829787 0.884309 0.829787 0.882979 0.828014 0.882979 0.826241 0.881649 0.824468 0.881649 0.822695 0.880319 0.822695 0.878989 0.820922 0.87766 0.820922 0.87633 0.819149 0.875 0.819149 0.87367 0.817376 0.87234 0.817376 0.871011 0.815603 0.869681 0.815603 0.868351 0.81383 0.867021 0.81383
1 0.739362 0.335106 0.738032 0.336879 0.735372 0.336879 0.734043 0.338652 0.734043 0.340426 0.731383 0.343972 0.731383 0.345745 0.728723 0.349291 0.728723 0.351064 0.726064 0.35461 0.726064 0.356383 0.723404 0.359929 0.723404 0.361702 0.722074 0.363475 0.722074 0.365248 0.719415 0.368794 0.719415 0.370567 0.716755 0.374113 0.716755 0.375887 0.714096 0.379433 0.714096 0.381206 0.711436 0.384752 0.707447 0.379433 0.706117 0.379433 0.704787 0.37766 0.68617 0.37766 0.68484 0.379433 0.671543 0.379433 0.670213 0.381206 0.668883 0.381206 0.667553 0.382979 0.666223 0.382979 0.664894 0.384752 0.663564 0.384752 0.662234 0.386525 0.659574 0.386525 0.658245 0.388298 0.656915 0.388298 0.655585 0.390071 0.654255 0.390071 0.652926 0.391844 0.651596 0.391844 0.650266 0.393617 0.648936 0.393617 0.647606 0.39539 0.62766 0.39539 0.62633 0.393617 0.625 0.393617 0.62234 0.390071 0.621011 0.390071 0.619681 0.388298 0.615691 0.388298 0.614362 0.390071 0.611702 0.390071 0.610372 0.391844 0.607713 0.391844 0.606383 0.393617 0.581117 0.393617 0.578457 0.390071 0.578457 0.388298 0.577128 0.386525 0.577128 0.384752 0.574468 0.381206 0.574468 0.379433 0.566489 0.379433 0.56516 0.381206 0.557181 0.381206 0.555851 0.382979 0.549202 0.382979 0.547872 0.384752 0.539894 0.384752 0.538564 0.386525 0.535904 0.382979 0.535904 0.381206 0.534574 0.379433 0.534574 0.37766 0.533245 0.375887 0.533245 0.374113 0.531915 0.37234 0.531915 0.370567 0.529255 0.367021 0.529255 0.365248 0.527926 0.363475 0.527926 0.361702 0.526596 0.359929 0.526596 0.358156 0.523936 0.361702 0.522606 0.361702 0.519947 0.365248 0.519947 0.37766 0.518617 0.379433 0.517287 0.379433 0.515957 0.381206 0.513298 0.381206 0.511968 0.382979 0.510638 0.382979 0.509309 0.384752 0.506649 0.384752 0.505319 0.386525 0.503989 0.386525 0.50266 0.388298 0.50133 0.388298 0.5 0.390071 0.49734 0.390071 0.496011 0.391844 0.494681 0.391844 0.493351 0.393617 0.490691 0.393617 0.489362 0.39539 0.488032 0.39539 0.486702 0.397163 0.485372 0.39539 0.480053 0.39539 0.478723 0.393617 0.472074 0.393617 0.470745 0.391844 0.470745 0.390071 0.472074 0.388298 0.472074 0.386525 0.473404 0.384752 0.473404 0.381206 0.474734 0.379433 0.474734 0.37766 0.470745 0.37234 0.465426 0.379433 0.465426 0.381206 0.458777 0.390071 0.450798 0.379433 0.449468 0.379433 0.442819 0.370567 0.44016 0.370567 0.43883 0.368794 0.43484 0.368794 0.433511 0.367021 0.430851 0.367021 0.429521 0.365248 0.425532 0.365248 0.424202 0.363475 0.421543 0.363475 0.418883 0.367021 0.417553 0.367021 0.412234 0.374113 0.410904 0.374113 0.406915 0.379433 0.405585 0.37766 0.398936 0.37766 0.397606 0.375887 0.382979 0.375887 0.381649 0.37766 0.375 0.37766 0.37367 0.379433 0.367021 0.379433 0.365691 0.381206 0.359043 0.381206 0.357713 0.382979 0.352394 0.382979 0.351064 0.384752 0.347074 0.384752 0.345745 0.386525 0.340426 0.386525 0.339096 0.388298 0.335106 0.388298 0.333777 0.390071 0.328457 0.390071 0.327128 0.391844 0.325798 0.390071 0.288564 0.390071 0.287234 0.388298 0.287234 0.386525 0.288564 0.384752 0.288564 0.382979 0.289894 0.381206 0.289894 0.379433 0.291223 0.37766 0.291223 0.374113 0.292553 0.37234 0.292553 0.370567 0.293883 0.368794 0.293883 0.367021 0.295213 0.365248 0.295213 0.363475 0.296543 0.361702 0.296543 0.358156 0.297872 0.356383 0.297872 0.35461 0.299202 0.352837 0.299202 0.351064 0.300532 0.349291 0.292553 0.349291 0.292553 0.351064 0.291223 0.352837 0.291223 0.35461 0.289894 0.356383 0.289894 0.358156 0.288564 0.359929 0.288564 0.361702 0.287234 0.363475 0.287234 0.365248 0.285904 0.367021 0.285904 0.368794 0.284574 0.370567 0.284574 0.37234 0.283245 0.374113 0.283245 0.375887 0.281915 0.37766 0.281915 0.379433 0.280585 0.381206 0.280585 0.382979 0.279255 0.384752 0.279255 0.386525 0.277926 0.388298 0.277926 0.390071 0.275266 0.393617 0.273936 0.391844 0.214096 0.391844 0.212766 0.393617 0.211436 0.391844 0.207447 0.391844 0.206117 0.390071 0.200798 0.390071 0.199468 0.388298 0.195479 0.388298 0.194149 0.386525 0.19016 0.386525 0.18883 0.384752 0.183511 0.384752 0.182181 0.382979 0.178191 0.382979 0.176862 0.381206 0.143617 0.381206 0.142287 0.382979 0.136968 0.382979 0.135638 0.384752 0.130319 0.384752 0.128989 0.386525 0.12633 0.386525 0.125 0.388298 0.121011 0.388298 0.119681 0.390071 0.117021 0.390071 0.115691 0.391844 0.114362 0.390071 0.111702 0.390071 0.110372 0.388298 0.106383 0.388298 0.105053 0.386525 0.102394 0.386525 0.101064 0.384752 0.097074 0.384752 0.095745 0.382979 0.079787 0.382979 0.078457 0.384752 0.014628 0.384752 0.013298 0.382979 0.018617 0.375887 0.018617 0.374113 0.023936 0.367021 0.00133 0.367021 0.0 0.368794 0.0 0.593972 0.010638 0.579787 0.019947 0.579787 0.021277 0.578014 0.029255 0.578014 0.030585 0.576241 0.031915 0.578014 0.035904 0.578014 0.037234 0.579787 0.039894 0.579787 0.041223 0.58156 0.045213 0.58156 0.046543 0.583333 0.046543 0.586879 0.047872 0.588652 0.047872 0.593972 0.049202 0.595745 0.049202 0.597518 0.047872 0.599291 0.041223 0.599291 0.039894 0.601064 0.022606 0.601064 0.021277 0.602837 0.019947 0.602837 0.018617 0.60461 0.015957 0.60461 0.014628 0.606383 0.013298 0.606383 0.022606 0.618794 0.021277 0.620567 0.0 0.620567 0.0 0.650709 0.006649 0.641844 0.006649 0.640071 0.014628 0.629433 0.015957 0.629433 0.017287 0.62766 0.018617 0.62766 0.019947 0.625887 0.021277 0.625887 0.022606 0.624113 0.023936 0.624113 0.025266 0.62234 0.026596 0.62234 0.027926 0.620567 0.029255 0.620567 0.030585 0.618794 0.031915 0.620567 0.045213 0.620567 0.047872 0.624113 0.047872 0.625887 0.050532 0.629433 0.050532 0.631206 0.051862 0.632979 0.051862 0.634752 0.050532 0.636525 0.050532 0.638298 0.049202 0.640071 0.049202 0.641844 0.047872 0.643617 0.047872 0.647163 0.046543 0.648936 0.046543 0.650709 0.045213 0.652482 0.045213 0.654255 0.043883 0.656028 0.043883 0.657801 0.042553 0.659574 0.041223 0.659574 0.039894 0.661348 0.037234 0.661348 0.035904 0.663121 0.034574 0.663121 0.033245 0.664894 0.030585 0.664894 0.029255 0.666667 0.027926 0.666667 0.026596 0.66844 0.025266 0.666667 0.023936 0.666667 0.022606 0.664894 0.0 0.664894 0.0 0.998227 0.073138 0.998227 0.073138 0.996454 0.074468 0.994681 0.074468 0.992908 0.075798 0.991135 0.075798 0.989362 0.077128 0.987589 0.077128 0.985816 0.078457 0.984043 0.078457 0.98227 0.079787 0.980496 0.079787 0.978723 0.081117 0.97695 0.081117 0.975177 0.082447 0.973404 0.082447 0.971631 0.083777 0.969858 0.090426 0.969858 0.091755 0.968085 0.091755 0.966312 0.094415 0.962766 0.094415 0.960993 0.097074 0.957447 0.118351 0.957447 0.119681 0.955674 0.121011 0.957447 0.128989 0.957447 0.130319 0.95922 0.128989 0.960993 0.128989 0.962766 0.12633 0.966312 0.12633 0.968085 0.12367 0.971631 0.12367 0.973404 0.12234 0.975177 0.12234 0.97695 0.119681 0.980496 0.119681 0.98227 0.117021 0.985816 0.111702 0.985816 0.113032 0.987589 0.113032 0.991135 0.114362 0.992908 0.114362 0.996454 0.115691 0.998227 0.125 0.998227 0.125 0.996454 0.12766 0.992908 0.12766 0.991135 0.130319 0.987589 0.130319 0.985816 0.136968 0.97695 0.136968 0.975177 0.143617 0.966312 0.143617 0.964539 0.147606 0.95922 0.147606 0.957447 0.156915 0.945035 0.164894 0.945035 0.166223 0.943262 0.167553 0.943262 0.170213 0.939716 0.171543 0.939716 0.174202 0.93617 0.175532 0.93617 0.176862 0.934397 0.180851 0.934397 0.182181 0.932624 0.18617 0.932624 0.1875 0.930851 0.19016 0.930851 0.191489 0.929078 0.194149 0.929078 0.195479 0.927305 0.198138 0.927305 0.199468 0.925532 0.200798 0.927305 0.230053 0.927305 0.230053 0.925532 0.228723 0.923759 0.228723 0.920213 0.219415 0.920213 0.218085 0.91844 0.207447 0.91844 0.206117 0.916667 0.208777 0.913121 0.210106 0.913121 0.212766 0.909574 0.214096 0.909574 0.215426 0.907801 0.215426 0.906028 0.216755 0.904255 0.216755 0.902482 0.218085 0.900709 0.218085 0.897163 0.219415 0.89539 0.219415 0.893617 0.220745 0.891844 0.238032 0.891844 0.238032 0.890071 0.239362 0.888298 0.239362 0.886525 0.240691 0.884752 0.236702 0.884752 0.235372 0.882979 0.231383 0.882979 0.230053 0.881206 0.226064 0.881206 0.224734 0.879433 0.220745 0.879433 0.219415 0.87766 0.220745 0.875887 0.244681 0.875887 0.246011 0.87766 0.257979 0.87766 0.259309 0.879433 0.272606 0.879433 0.273936 0.881206 0.269947 0.886525 0.269947 0.888298 0.265957 0.893617 0.264628 0.891844 0.261968 0.891844 0.260638 0.890071 0.257979 0.890071 0.256649 0.888298 0.253989 0.888298 0.25 0.893617 0.25133 0.893617 0.25266 0.89539 0.253989 0.89539 0.256649 0.898936 0.257979 0.898936 0.259309 0.900709 0.265957 0.900709 0.267287 0.898936 0.277926 0.898936 0.280585 0.89539 0.281915 0.89539 0.281915 0.891844 0.280585 0.890071 0.280585 0.888298 0.281915 0.886525 0.281915 0.884752 0.283245 0.882979 0.283245 0.881206 0.291223 0.870567 0.291223 0.868794 0.292553 0.867021 0.291223 0.865248 0.291223 0.863475 0.289894 0.861702 0.289894 0.859929 0.281915 0.859929 0.280585 0.861702 0.273936 0.861702 0.272606 0.863475 0.271277 0.861702 0.271277 0.859929 0.272606 0.858156 0.272606 0.856383 0.273936 0.85461 0.273936 0.852837 0.275266 0.851064 0.275266 0.849291 0.276596 0.847518 0.276596 0.845745 0.277926 0.843972 0.277926 0.842199 0.279255 0.840426 0.279255 0.838652 0.277926 0.836879 0.276596 0.836879 0.273936 0.833333 0.279255 0.826241 0.279255 0.824468 0.284574 0.817376 0.288564 0.822695 0.288564 0.824468 0.292553 0.829787 0.303191 0.829787 0.301862 0.828014 0.301862 0.826241 0.300532 0.824468 0.300532 0.822695 0.299202 0.820922 0.299202 0.819149 0.3125 0.801418 0.31383 0.803191 0.317819 0.803191 0.319149 0.804965 0.323138 0.804965 0.323138 0.801418 0.324468 0.799645 0.324468 0.792553 0.327128 0.789007 0.328457 0.789007 0.331117 0.785461 0.332447 0.785461 0.335106 0.781915 0.336436 0.781915 0.339096 0.778369 0.340426 0.780142 0.340426 0.781915 0.341755 0.783688 0.341755 0.785461 0.343085 0.787234 0.343085 0.789007 0.344415 0.79078 0.344415 0.792553 0.345745 0.794326 0.345745 0.796099 0.347074 0.797872 0.347074 0.801418 0.348404 0.803191 0.348404 0.804965 0.349734 0.806738 0.349734 0.808511 0.351064 0.810284 0.351064 0.812057 0.352394 0.81383 0.352394 0.815603 0.353723 0.817376 0.353723 0.820922 0.355053 0.822695 0.355053 0.824468 0.356383 0.826241 0.356383 0.828014 0.357713 0.829787 0.357713 0.83156 0.359043 0.833333 0.359043 0.835106 0.360372 0.836879 0.361702 0.836879 0.364362 0.840426 0.365691 0.840426 0.368351 0.843972 0.369681 0.843972 0.371011 0.845745 0.371011 0.849291 0.369681 0.851064 0.369681 0.85461 0.368351 0.856383 0.332447 0.856383 0.331117 0.85461 0.331117 0.874113 0.329787 0.875887 0.328457 0.875887 0.327128 0.87766 0.324468 0.87766 0.324468 0.879433 0.323138 0.881206 0.323138 0.882979 0.321809 0.884752 0.321809 0.886525 0.320479 0.888298 0.320479 0.890071 0.319149 0.891844 0.319149 0.893617 0.317819 0.89539 0.319149 0.89539 0.321809 0.898936 0.323138 0.897163 0.324468 0.897163 0.325798 0.898936 0.321809 0.904255 0.325798 0.909574 0.327128 0.907801 0.328457 0.907801 0.329787 0.906028 0.331117 0.906028 0.333777 0.902482 0.335106 0.902482 0.336436 0.900709 0.337766 0.900709 0.341755 0.906028 0.341755 0.907801 0.344415 0.911348 0.344415 0.913121 0.345745 0.914894 0.345745 0.920213 0.347074 0.921986 0.347074 0.927305 0.348404 0.929078 0.348404 0.934397 0.349734 0.93617 0.349734 0.937943 0.348404 0.939716 0.347074 0.939716 0.344415 0.943262 0.335106 0.943262 0.335106 0.945035 0.333777 0.946809 0.333777 0.948582 0.332447 0.950355 0.332447 0.952128 0.331117 0.953901 0.331117 0.955674 0.320479 0.969858 0.323138 0.973404 0.329787 0.964539 0.331117 0.964539 0.335106 0.95922 0.336436 0.960993 0.336436 0.962766 0.339096 0.966312 0.339096 0.968085 0.341755 0.971631 0.341755 0.973404 0.344415 0.97695 0.344415 0.978723 0.345745 0.980496 0.345745 0.98227 0.348404 0.985816 0.348404 0.987589 0.351064 0.991135 0.351064 0.992908 0.353723 0.996454 0.353723 0.998227 0.493351 0.998227 0.493351 0.973404 0.494681 0.971631 0.49734 0.975177 0.49867 0.975177 0.50133 0.978723 0.50266 0.978723 0.503989 0.980496 0.505319 0.980496 0.507979 0.984043 0.509309 0.984043 0.511968 0.987589 0.513298 0.987589 0.514628 0.989362 0.514628 0.991135 0.515957 0.992908 0.515957 0.996454 0.517287 0.998227 0.603723 0.998227 0.605053 0.996454 0.605053 0.991135 0.606383 0.989362 0.606383 0.987589 0.607713 0.985816 0.609043 0.985816 0.611702 0.98227 0.613032 0.98227 0.614362 0.980496 0.617021 0.980496 0.619681 0.984043 0.621011 0.984043 0.62234 0.985816 0.62367 0.985816 0.62633 0.989362 0.62766 0.989362 0.630319 0.992908 0.631649 0.992908 0.632979 0.994681 0.634309 0.994681 0.636968 0.998227 0.652926 0.998227 0.651596 0.996454 0.650266 0.996454 0.647606 0.992908 0.646277 0.992908 0.643617 0.989362 0.642287 0.989362 0.639628 0.985816 0.638298 0.985816 0.635638 0.98227 0.634309 0.98227 0.631649 0.978723 0.630319 0.978723 0.62766 0.975177 0.62633 0.975177 0.625 0.973404 0.62633 0.971631 0.62766 0.971631 0.630319 0.968085 0.631649 0.968085 0.632979 0.966312 0.634309 0.966312 0.635638 0.964539 0.636968 0.964539 0.639628 0.960993 0.640957 0.960993 0.640957 0.95922 0.639628 0.957447 0.639628 0.953901 0.638298 0.955674 0.636968 0.955674 0.635638 0.957447 0.632979 0.957447 0.631649 0.95922 0.630319 0.95922 0.628989 0.960993 0.62766 0.960993 0.62633 0.962766 0.625 0.962766 0.62367 0.964539 0.621011 0.964539 0.619681 0.966312 0.617021 0.966312 0.614362 0.962766 0.613032 0.962766 0.610372 0.95922 0.609043 0.95922 0.606383 0.955674 0.605053 0.955674 0.602394 0.952128 0.601064 0.952128 0.598404 0.948582 0.597074 0.948582 0.595745 0.946809 0.595745 0.945035 0.594415 0.943262 0.594415 0.941489 0.595745 0.939716 0.62367 0.939716 0.625 0.937943 0.625 0.93617 0.62633 0.934397 0.613032 0.934397 0.611702 0.932624 0.599734 0.932624 0.598404 0.930851 0.597074 0.930851 0.595745 0.929078 0.594415 0.929078 0.593085 0.927305 0.593085 0.925532 0.591755 0.923759 0.591755 0.920213 0.590426 0.91844 0.590426 0.916667 0.589096 0.916667 0.587766 0.914894 0.586436 0.914894 0.585106 0.913121 0.583777 0.913121 0.581117 0.909574 0.581117 0.907801 0.579787 0.906028 0.579787 0.904255 0.577128 0.900709 0.577128 0.898936 0.575798 0.897163 0.575798 0.89539 0.569149 0.886525 0.569149 0.884752 0.56516 0.879433 0.567819 0.875887 0.567819 0.874113 0.570479 0.870567 0.570479 0.867021 0.569149 0.865248 0.569149 0.858156 0.567819 0.856383 0.567819 0.851064 0.566489 0.849291 0.566489 0.843972 0.56516 0.842199 0.56516 0.840426 0.56383 0.838652 0.56383 0.836879 0.5625 0.836879 0.55984 0.833333 0.558511 0.833333 0.557181 0.83156 0.557181 0.847518 0.555851 0.849291 0.554521 0.849291 0.553191 0.851064 0.551862 0.851064 0.550532 0.849291 0.550532 0.847518 0.549202 0.845745 0.549202 0.843972 0.545213 0.843972 0.543883 0.842199 0.542553 0.843972 0.542553 0.845745 0.538564 0.851064 0.538564 0.852837 0.534574 0.858156 0.533245 0.858156 0.530585 0.861702 0.529255 0.861702 0.527926 0.863475 0.527926 0.865248 0.526596 0.867021 0.526596 0.868794 0.525266 0.870567 0.525266 0.87234 0.523936 0.874113 0.523936 0.886525 0.522606 0.888298 0.522606 0.890071 0.513298 0.902482 0.503989 0.902482 0.50266 0.900709 0.50133 0.900709 0.5 0.898936 0.49867 0.898936 0.49734 0.897163 0.496011 0.897163 0.494681 0.89539 0.493351 0.897163 0.492021 0.897163 0.490691 0.898936 0.489362 0.898936 0.489362 0.906028 0.488032 0.907801 0.485372 0.907801 0.484043 0.906028 0.481383 0.906028 0.480053 0.904255 0.478723 0.904255 0.477394 0.902482 0.476064 0.904255 0.472074 0.904255 0.468085 0.909574 0.466755 0.909574 0.465426 0.911348 0.464096 0.909574 0.464096 0.907801 0.462766 0.906028 0.462766 0.904255 0.421543 0.904255 0.420213 0.902482 0.394947 0.902482 0.393617 0.900709 0.393617 0.898936 0.390957 0.89539 0.390957 0.893617 0.386968 0.888298 0.386968 0.886525 0.384309 0.882979 0.384309 0.881206 0.382979 0.879433 0.384309 0.87766 0.385638 0.87766 0.386968 0.875887 0.388298 0.875887 0.389628 0.874113 0.390957 0.874113 0.390957 0.87234 0.389628 0.870567 0.389628 0.867021 0.388298 0.865248 0.388298 0.863475 0.375 0.863475 0.37367 0.861702 0.37367 0.859929 0.375 0.858156 0.375 0.849291 0.37633 0.847518 0.37633 0.842199 0.37766 0.840426 0.37766 0.838652 0.380319 0.835106 0.380319 0.833333 0.381649 0.83156 0.381649 0.829787 0.382979 0.828014 0.380319 0.828014 0.378989 0.826241 0.37633 0.826241 0.375 0.824468 0.37367 0.824468 0.37234 0.822695 0.369681 0.822695 0.368351 0.820922 0.365691 0.820922 0.364362 0.819149 0.361702 0.819149 0.360372 0.817376 0.360372 0.815603 0.359043 0.81383 0.359043 0.812057 0.357713 0.810284 0.357713 0.808511 0.356383 0.806738 0.356383 0.804965 0.355053 0.803191 0.355053 0.799645 0.353723 0.797872 0.353723 0.796099 0.352394 0.794326 0.352394 0.792553 0.351064 0.79078 0.351064 0.787234 0.349734 0.785461 0.349734 0.783688 0.348404 0.781915 0.348404 0.780142 0.347074 0.778369 0.347074 0.776596 0.345745 0.774823 0.345745 0.77305 0.347074 0.771277 0.348404 0.77305 0.355053 0.77305 0.356383 0.774823 0.364362 0.774823 0.368351 0.780142 0.368351 0.781915 0.37234 0.787234 0.37234 0.789007 0.37633 0.794326 0.37633 0.796099 0.381649 0.803191 0.381649 0.804965 0.385638 0.810284 0.385638 0.812057 0.389628 0.817376 0.389628 0.819149 0.392287 0.822695 0.392287 0.824468 0.393617 0.826241 0.393617 0.829787 0.394947 0.83156 0.394947 0.849291 0.401596 0.849291 0.401596 0.847518 0.402926 0.845745 0.402926 0.843972 0.404255 0.842199 0.404255 0.829787 0.402926 0.828014 0.402926 0.819149 0.404255 0.817376 0.405585 0.817376 0.408245 0.81383 0.409574 0.81383 0.412234 0.810284 0.414894 0.810284 0.416223 0.808511 0.417553 0.808511 0.417553 0.797872 0.418883 0.796099 0.418883 0.778369 0.417553 0.776596 0.417553 0.769504 0.418883 0.76773 0.420213 0.769504 0.421543 0.769504 0.422872 0.771277 0.424202 0.771277 0.425532 0.77305 0.426862 0.77305 0.428191 0.774823 0.429521 0.774823 0.430851 0.776596 0.432181 0.776596 0.433511 0.778369 0.43484 0.778369 0.43617 0.780142 0.4375 0.780142 0.44016 0.783688 0.441489 0.783688 0.442819 0.785461 0.442819 0.789007 0.444149 0.79078 0.444149 0.796099 0.445479 0.797872 0.445479 0.799645 0.448138 0.799645 0.454787 0.79078 0.456117 0.79078 0.457447 0.789007 0.460106 0.789007 0.461436 0.787234 0.462766 0.787234 0.464096 0.785461 0.465426 0.785461 0.466755 0.783688 0.469415 0.783688 0.470745 0.781915 0.472074 0.781915 0.473404 0.780142 0.474734 0.781915 0.476064 0.781915 0.477394 0.783688 0.482713 0.783688 0.484043 0.781915 0.485372 0.781915 0.486702 0.780142 0.5 0.780142 0.50133 0.778369 0.513298 0.778369 0.514628 0.776596 0.515957 0.778369 0.517287 0.778369 0.518617 0.780142 0.519947 0.780142 0.521277 0.781915 0.522606 0.781915 0.523936 0.783688 0.525266 0.783688 0.526596 0.785461 0.533245 0.785461 0.534574 0.787234 0.535904 0.787234 0.537234 0.789007 0.538564 0.789007 0.539894 0.79078 0.542553 0.79078 0.543883 0.792553 0.545213 0.792553 0.553191 0.803191 0.553191 0.812057 0.554521 0.812057 0.555851 0.81383 0.558511 0.81383 0.55984 0.815603 0.56117 0.815603 0.5625 0.817376 0.56383 0.817376 0.56516 0.819149 0.566489 0.819149 0.567819 0.820922 0.570479 0.820922 0.571809 0.822695 0.573138 0.822695 0.574468 0.824468 0.575798 0.824468 0.577128 0.826241 0.579787 0.826241 0.581117 0.828014 0.582447 0.828014 0.583777 0.826241 0.583777 0.824468 0.585106 0.822695 0.582447 0.819149 0.582447 0.817376 0.577128 0.810284 0.575798 0.810284 0.571809 0.804965 0.570479 0.804965 0.567819 0.801418 0.566489 0.801418 0.555851 0.787234 0.557181 0.785461 0.558511 0.785461 0.55984 0.783688 0.56117 0.783688 0.5625 0.781915 0.56383 0.781915 0.56516 0.780142 0.566489 0.781915 0.573138 0.781915 0.574468 0.783688 0.581117 0.783688 0.582447 0.785461 0.585106 0.785461 0.586436 0.787234 0.595745 0.787234 0.597074 0.785461 0.602394 0.785461 0.602394 0.780142 0.590426 0.780142 0.589096 0.778369 0.582447 0.778369 0.581117 0.776596 0.574468 0.776596 0.573138 0.774823 0.574468 0.77305 0.575798 0.77305 0.577128 0.771277 0.578457 0.771277 0.579787 0.769504 0.581117 0.769504 0.582447 0.76773 0.586436 0.76773 0.587766 0.765957 0.598404 0.765957 0.599734 0.76773 0.601064 0.76773 0.603723 0.771277 0.605053 0.771277 0.606383 0.77305 0.609043 0.77305 0.610372 0.771277 0.611702 0.771277 0.613032 0.769504 0.614362 0.769504 0.615691 0.76773 0.617021 0.76773 0.618351 0.765957 0.621011 0.769504 0.62234 0.769504 0.625 0.77305 0.632979 0.77305 0.635638 0.769504 0.636968 0.769504 0.639628 0.765957 0.640957 0.765957 0.642287 0.764184 0.643617 0.765957 0.644947 0.765957 0.646277 0.76773 0.647606 0.76773 0.648936 0.769504 0.650266 0.769504 0.651596 0.771277 0.650266 0.77305 0.650266 0.774823 0.648936 0.776596 0.648936 0.778369 0.647606 0.780142 0.647606 0.781915 0.646277 0.783688 0.646277 0.785461 0.642287 0.79078 0.640957 0.79078 0.636968 0.796099 0.632979 0.796099 0.631649 0.797872 0.62766 0.797872 0.62766 0.799645 0.628989 0.801418 0.636968 0.801418 0.638298 0.803191 0.639628 0.803191 0.642287 0.806738 0.655585 0.806738 0.656915 0.804965 0.663564 0.804965 0.666223 0.808511 0.666223 0.810284 0.668883 0.81383 0.667553 0.815603 0.667553 0.817376 0.666223 0.819149 0.666223 0.820922 0.664894 0.822695 0.655585 0.822695 0.654255 0.824468 0.652926 0.822695 0.648936 0.822695 0.647606 0.824468 0.647606 0.828014 0.646277 0.829787 0.639628 0.829787 0.638298 0.828014 0.638298 0.822695 0.636968 0.820922 0.636968 0.815603 0.634309 0.812057 0.621011 0.812057 0.621011 0.835106 0.636968 0.835106 0.638298 0.836879 0.638298 0.840426 0.636968 0.842199 0.636968 0.847518 0.635638 0.849291 0.632979 0.849291 0.631649 0.851064 0.630319 0.851064 0.630319 0.859929 0.628989 0.861702 0.62234 0.861702 0.621011 0.863475 0.614362 0.863475 0.613032 0.865248 0.606383 0.865248 0.606383 0.867021 0.607713 0.868794 0.618351 0.868794 0.619681 0.870567 0.631649 0.870567 0.632979 0.87234 0.639628 0.87234 0.640957 0.874113 0.647606 0.874113 0.648936 0.875887 0.675532 0.875887 0.676862 0.874113 0.680851 0.874113 0.682181 0.87234 0.682181 0.870567 0.683511 0.868794 0.683511 0.867021 0.68484 0.865248 0.68484 0.863475 0.68617 0.861702 0.68617 0.859929 0.6875 0.858156 0.667553 0.858156 0.666223 0.859929 0.659574 0.851064 0.660904 0.849291 0.662234 0.849291 0.663564 0.847518 0.664894 0.847518 0.666223 0.845745 0.667553 0.845745 0.668883 0.843972 0.670213 0.843972 0.670213 0.840426 0.668883 0.838652 0.668883 0.835106 0.670213 0.833333 0.671543 0.833333 0.672872 0.83156 0.674202 0.83156 0.675532 0.829787 0.676862 0.829787 0.678191 0.828014 0.679521 0.828014 0.680851 0.826241 0.682181 0.826241 0.683511 0.824468 0.68484 0.824468 0.68617 0.822695 0.691489 0.822695 0.692819 0.820922 0.698138 0.820922 0.699468 0.819149 0.704787 0.819149 0.706117 0.817376 0.711436 0.817376 0.708777 0.81383 0.707447 0.81383 0.704787 0.810284 0.704787 0.801418 0.703457 0.799645 0.703457 0.797872 0.702128 0.796099 0.702128 0.794326 0.700798 0.792553 0.700798 0.79078 0.699468 0.789007 0.700798 0.787234 0.708777 0.787234 0.710106 0.789007 0.712766 0.789007 0.714096 0.79078 0.715426 0.79078 0.716755 0.792553 0.719415 0.792553 0.720745 0.794326 0.723404 0.794326 0.727394 0.789007 0.728723 0.789007 0.740691 0.77305 0.740691 0.771277 0.74867 0.760638 0.753989 0.76773 0.753989 0.769504 0.760638 0.778369 0.760638 0.780142 0.764628 0.785461 0.765957 0.785461 0.767287 0.787234 0.768617 0.787234 0.771277 0.79078 0.772606 0.79078 0.773936 0.792553 0.775266 0.792553 0.776596 0.794326 0.777926 0.794326 0.779255 0.796099 0.780585 0.796099 0.783245 0.799645 0.784574 0.799645 0.785904 0.801418 0.787234 0.801418 0.788564 0.803191 0.787234 0.804965 0.784574 0.804965 0.783245 0.806738 0.781915 0.806738 0.780585 0.808511 0.777926 0.808511 0.776596 0.810284 0.775266 0.808511 0.772606 0.808511 0.771277 0.806738 0.769947 0.806738 0.768617 0.804965 0.765957 0.804965 0.764628 0.803191 0.756649 0.803191 0.755319 0.804965 0.75 0.804965 0.74867 0.806738 0.744681 0.806738 0.743351 0.808511 0.738032 0.808511 0.736702 0.810284 0.731383 0.810284 0.735372 0.815603 0.735372 0.817376 0.740691 0.824468 0.743351 0.824468 0.744681 0.826241 0.74867 0.826241 0.75 0.828014 0.75266 0.828014 0.753989 0.829787 0.756649 0.829787 0.757979 0.83156 0.761968 0.83156 0.763298 0.833333 0.768617 0.833333 0.769947 0.83156 0.772606 0.83156 0.773936 0.829787 0.775266 0.829787 0.776596 0.828014 0.779255 0.828014 0.783245 0.822695 0.784574 0.822695 0.789894 0.815603 0.791223 0.815603 0.795213 0.810284 0.803191 0.810284 0.804521 0.808511 0.8125 0.808511 0.81383 0.806738 0.820479 0.806738 0.821809 0.804965 0.829787 0.804965 0.831117 0.803191 0.836436 0.803191 0.837766 0.801418 0.843085 0.801418 0.844415 0.799645 0.849734 0.799645 0.851064 0.797872 0.856383 0.797872 0.857713 0.796099 0.859043 0.797872 0.863032 0.797872 0.864362 0.799645 0.867021 0.799645 0.868351 0.801418 0.87234 0.801418 0.87367 0.803191 0.87766 0.803191 0.878989 0.804965 0.878989 0.81383 0.880319 0.81383 0.882979 0.817376 0.884309 0.817376 0.885638 0.819149 0.888298 0.819149 0.889628 0.817376 0.890957 0.817376 0.892287 0.815603 0.893617 0.815603 0.894947 0.81383 0.896277 0.81383 0.900266 0.808511 0.900266 0.806738 0.904255 0.801418 0.905585 0.803191 0.912234 0.803191 0.913564 0.804965 0.916223 0.804965 0.917553 0.806738 0.918883 0.806738 0.920213 0.808511 0.922872 0.808511 0.925532 0.812057 0.925532 0.81383 0.929521 0.819149 0.929521 0.820922 0.933511 0.826241 0.933511 0.828014 0.942819 0.828014 0.942819 0.822695 0.944149 0.820922 0.944149 0.81383 0.945479 0.812057 0.946809 0.81383 0.949468 0.81383 0.950798 0.815603 0.954787 0.815603 0.956117 0.817376 0.958777 0.817376 0.960106 0.819149 0.962766 0.819149 0.964096 0.820922 0.968085 0.820922 0.969415 0.822695 0.972074 0.822695 0.976064 0.828014 0.976064 0.829787 0.981383 0.836879 0.982713 0.836879 0.989362 0.845745 0.990691 0.845745 0.996011 0.852837 0.99734 0.852837 0.99867 0.85461 0.99867 0.801418 0.988032 0.801418 0.982713 0.794326 0.981383 0.794326 0.973404 0.783688 0.972074 0.783688 0.964096 0.77305 0.962766 0.77305 0.957447 0.765957 0.958777 0.764184 0.99867 0.764184 0.99867 0.710993 0.986702 0.710993 0.985372 0.712766 0.984043 0.710993 0.981383 0.710993 0.980053 0.70922 0.978723 0.70922 0.977394 0.707447 0.974734 0.707447 0.973404 0.705674 0.972074 0.705674 0.970745 0.703901 0.968085 0.703901 0.966755 0.702128 0.966755 0.700355 0.968085 0.698582 0.968085 0.695035 0.969415 0.693262 0.969415 0.689716 0.970745 0.687943 0.970745 0.68617 0.972074 0.684397 0.976064 0.684397 0.977394 0.682624 0.982713 0.682624 0.984043 0.680851 0.988032 0.680851 0.989362 0.679078 0.99867 0.679078 0.99867 0.613475 0.986702 0.613475 0.985372 0.615248 0.982713 0.615248 0.981383 0.617021 0.978723 0.617021 0.977394 0.618794 0.976064 0.617021 0.974734 0.617021 0.973404 0.615248 0.970745 0.615248 0.969415 0.613475 0.968085 0.613475 0.966755 0.611702 0.964096 0.611702 0.962766 0.609929 0.933511 0.609929 0.932181 0.608156 0.932181 0.606383 0.933511 0.60461 0.933511 0.602837 0.93484 0.601064 0.93484 0.597518 0.93617 0.595745 0.93617 0.593972 0.9375 0.592199 0.9375 0.590426 0.93883 0.588652 0.944149 0.588652 0.945479 0.586879 0.950798 0.586879 0.952128 0.585106 0.954787 0.588652 0.954787 0.590426 0.957447 0.593972 0.957447 0.595745 0.958777 0.597518 0.962766 0.597518 0.964096 0.599291 0.966755 0.599291 0.968085 0.601064 0.970745 0.601064 0.970745 0.586879 0.972074 0.585106 0.972074 0.583333 0.973404 0.58156 0.973404 0.579787 0.976064 0.576241 0.976064 0.574468 0.977394 0.572695 0.977394 0.570922 0.980053 0.567376 0.981383 0.567376 0.982713 0.565603 0.984043 0.565603 0.986702 0.562057 0.988032 0.562057 0.989362 0.560284 0.990691 0.562057 0.994681 0.562057 0.996011 0.56383 0.99867 0.56383 0.99867 0.429078 0.99734 0.429078 0.994681 0.425532 0.993351 0.425532 0.992021 0.423759 0.990691 0.423759 0.989362 0.421986 0.969415 0.421986 0.968085 0.420213 0.948138 0.420213 0.946809 0.41844 0.932181 0.41844 0.930851 0.416667 0.914894 0.416667 0.913564 0.414894 0.910904 0.414894 0.909574 0.413121 0.908245 0.413121 0.906915 0.411348 0.904255 0.411348 0.902926 0.409574 0.900266 0.409574 0.898936 0.407801 0.896277 0.407801 0.894947 0.406028 0.893617 0.406028 0.892287 0.404255 0.863032 0.404255 0.860372 0.407801 0.859043 0.407801 0.856383 0.411348 0.855053 0.411348 0.853723 0.413121 0.836436 0.413121 0.835106 0.411348 0.821809 0.411348 0.820479 0.409574 0.808511 0.409574 0.807181 0.407801 0.793883 0.407801 0.791223 0.404255 0.791223 0.402482 0.788564 0.398936 0.788564 0.397163 0.785904 0.393617 0.785904 0.391844 0.783245 0.388298 0.783245 0.386525 0.779255 0.381206 0.779255 0.379433 0.777926 0.37766 0.781915 0.37234 0.781915 0.370567 0.789894 0.359929 0.789894 0.358156 0.793883 0.352837 0.793883 0.351064 0.792553 0.349291 0.792553 0.343972 0.791223 0.342199 0.789894 0.343972 0.788564 0.343972 0.787234 0.345745 0.785904 0.345745 0.784574 0.347518 0.783245 0.347518 0.781915 0.349291 0.780585 0.349291 0.779255 0.351064 0.777926 0.351064 0.776596 0.352837 0.775266 0.352837 0.773936 0.35461 0.772606 0.35461 0.771277 0.356383 0.771277 0.358156 0.768617 0.361702 0.768617 0.363475 0.765957 0.367021 0.765957 0.368794 0.764628 0.370567 0.764628 0.37234 0.761968 0.375887 0.761968 0.37766 0.759309 0.381206 0.759309 0.382979 0.756649 0.386525 0.753989 0.382979 0.753989 0.381206 0.75 0.375887 0.75 0.374113 0.746011 0.368794 0.746011 0.367021 0.744681 0.365248 0.744681 0.358156 0.743351 0.356383 0.743351 0.342199 0.742021 0.340426 0.742021 0.335106
