0 0.802153 0.719928 0.800808 0.721724 0.781965 0.721724 0.781965 0.72711 0.780619 0.728905 0.746972 0.728905 0.746972 0.732496 0.757739 0.732496 0.760431 0.736086 0.768506 0.736086 0.769852 0.737882 0.771198 0.736086 0.780619 0.736086 0.781965 0.737882 0.781965 0.741472 0.783311 0.743268 0.783311 0.746858 0.787349 0.746858 0.788694 0.748654 0.79004 0.746858 0.79004 0.745063 0.791386 0.743268 0.791386 0.741472 0.794078 0.737882 0.799462 0.737882 0.799462 0.736086 0.798116 0.734291 0.798116 0.7307 0.799462 0.728905 0.811575 0.728905 0.811575 0.719928
0 0.851952 0.64632 0.851952 0.651706 0.858681 0.660682 0.870794 0.660682 0.87214 0.658887 0.87214 0.657092 0.874832 0.653501 0.866756 0.653501 0.86541 0.651706 0.864065 0.651706 0.862719 0.64991 0.861373 0.64991 0.860027 0.648115 0.858681 0.648115 0.857335 0.64632
0 0.812921 0.535009 0.811575 0.536804 0.804845 0.536804 0.804845 0.540395 0.803499 0.54219 0.803499 0.543986 0.814266 0.543986 0.814266 0.540395 0.812921 0.5386
0 0.913863 0.522442 0.912517 0.524237 0.911171 0.524237 0.909825 0.526032 0.908479 0.526032 0.909825 0.527828 0.909825 0.529623 0.911171 0.531418 0.911171 0.533214 0.912517 0.531418 0.916555 0.531418 0.916555 0.529623 0.915209 0.527828 0.915209 0.526032 0.913863 0.524237
0 0.916555 0.481149 0.915209 0.482944 0.911171 0.482944 0.909825 0.48474 0.905787 0.48474 0.904441 0.486535 0.903096 0.486535 0.90175 0.48833 0.903096 0.48833 0.904441 0.490126 0.905787 0.490126 0.907133 0.491921 0.908479 0.491921 0.909825 0.493716 0.911171 0.493716 0.912517 0.495512 0.913863 0.495512 0.915209 0.497307 0.916555 0.497307 0.919246 0.500898 0.920592 0.500898 0.921938 0.502693 0.923284 0.502693 0.92463 0.504488 0.925976 0.504488 0.927322 0.506284 0.928668 0.506284 0.930013 0.508079 0.931359 0.508079 0.932705 0.509874 0.942127 0.509874 0.943472 0.51167 0.94751 0.506284 0.943472 0.500898 0.943472 0.495512 0.942127 0.495512 0.940781 0.493716 0.939435 0.493716 0.938089 0.491921 0.936743 0.491921 0.935397 0.490126 0.934051 0.490126 0.931359 0.486535 0.930013 0.486535 0.928668 0.48474 0.927322 0.48474 0.925976 0.482944 0.92463 0.482944 0.923284 0.481149
0 0.549125 0.411131 0.547779 0.412926 0.547779 0.414722 0.546433 0.416517 0.554509 0.416517 0.555855 0.418312 0.555855 0.411131
0 0.318977 0.346499 0.317631 0.348294 0.316285 0.348294 0.314939 0.35009 0.313594 0.35009 0.310902 0.35368 0.309556 0.35368 0.30821 0.355476 0.306864 0.355476 0.306864 0.360862 0.314939 0.360862 0.316285 0.359066 0.318977 0.359066 0.320323 0.357271 0.323015 0.357271 0.324361 0.355476 0.325707 0.355476 0.327052 0.35368 0.329744 0.35368 0.33109 0.351885 0.333782 0.351885 0.333782 0.35009 0.332436 0.348294 0.332436 0.346499
0 0.663526 0.339318 0.663526 0.344704 0.670256 0.344704 0.671602 0.346499 0.671602 0.342908 0.672948 0.341113 0.672948 0.339318
0 0.473755 0.236984 0.472409 0.238779 0.469717 0.238779 0.46568 0.244165 0.461642 0.244165 0.460296 0.245961 0.457604 0.245961 0.456258 0.247756 0.452221 0.247756 0.448183 0.253142 0.448183 0.254937 0.444145 0.260323 0.445491 0.262118 0.445491 0.263914 0.446837 0.265709 0.446837 0.267504 0.448183 0.2693 0.460296 0.2693 0.461642 0.271095 0.462988 0.271095 0.464334 0.27289 0.467026 0.27289 0.469717 0.276481 0.471063 0.276481 0.472409 0.278276 0.472409 0.280072 0.473755 0.281867 0.473755 0.285458 0.475101 0.287253 0.475101 0.289048 0.476447 0.290844 0.476447 0.292639 0.477793 0.294434 0.487214 0.294434 0.497981 0.280072 0.500673 0.283662 0.500673 0.285458 0.502019 0.287253 0.502019 0.289048 0.503365 0.290844 0.503365 0.292639 0.507402 0.292639 0.508748 0.290844 0.51144 0.290844 0.51144 0.289048 0.512786 0.287253 0.512786 0.281867 0.51144 0.280072 0.51144 0.278276 0.510094 0.276481 0.510094 0.274686 0.508748 0.27289 0.508748 0.271095 0.507402 0.2693 0.507402 0.267504 0.503365 0.262118 0.489906 0.262118 0.487214 0.258528 0.487214 0.256732 0.485868 0.254937 0.485868 0.253142 0.484522 0.251346 0.484522 0.249551 0.485868 0.247756 0.48856 0.247756 0.489906 0.249551 0.492598 0.249551 0.493943 0.251346 0.496635 0.251346 0.497981 0.253142 0.500673 0.253142 0.502019 0.254937 0.506057 0.254937 0.507402 0.256732 0.510094 0.256732 0.510094 0.253142 0.508748 0.251346 0.508748 0.247756 0.506057 0.247756 0.504711 0.245961 0.503365 0.245961 0.502019 0.244165 0.499327 0.244165 0.497981 0.24237 0.496635 0.24237 0.495289 0.240575 0.492598 0.240575 0.491252 0.238779 0.484522 0.238779 0.483176 0.236984
0 0.92463 0.183124 0.92463 0.184919 0.923284 0.186715 0.923284 0.18851 0.921938 0.190305 0.921938 0.192101 0.923284 0.190305 0.930013 0.190305 0.935397 0.197487 0.943472 0.197487 0.944818 0.195691 0.944818 0.193896 0.946164 0.192101 0.946164 0.190305 0.94751 0.18851 0.946164 0.18851 0.944818 0.186715 0.943472 0.186715 0.942127 0.184919 0.925976 0.184919
0 0.84253 0.175943 0.841184 0.177738 0.835801 0.177738 0.835801 0.184919 0.843876 0.184919 0.843876 0.181329 0.84253 0.179533
0 0.886945 0.163375 0.885599 0.165171 0.885599 0.174147 0.884253 0.175943 0.878869 0.175943 0.877524 0.174147 0.877524 0.175943 0.876178 0.177738 0.876178 0.181329 0.874832 0.183124 0.874832 0.184919 0.877524 0.18851 0.877524 0.190305 0.880215 0.193896 0.881561 0.192101 0.884253 0.192101 0.885599 0.190305 0.886945 0.190305 0.888291 0.18851 0.890983 0.18851 0.892328 0.186715 0.892328 0.184919 0.89502 0.181329 0.89502 0.179533 0.896366 0.177738 0.896366 0.175943 0.897712 0.174147 0.897712 0.170557 0.899058 0.168761 0.897712 0.166966 0.897712 0.163375
0 0.815612 0.150808 0.814266 0.152603 0.812921 0.152603 0.810229 0.156194 0.795424 0.156194 0.79677 0.157989 0.79677 0.159785 0.814266 0.159785 0.815612 0.157989 0.81965 0.157989 0.81965 0.150808
0 0.763122 0.143627 0.761777 0.145422 0.761777 0.150808 0.763122 0.152603 0.768506 0.152603 0.769852 0.154399 0.77389 0.149013 0.772544 0.147217 0.772544 0.145422 0.771198 0.145422 0.769852 0.143627
0 0.920592 0.116697 0.919246 0.118492 0.900404 0.118492 0.899058 0.120287 0.89502 0.120287 0.89502 0.125673 0.893674 0.127469 0.893674 0.131059 0.9179 0.131059 0.919246 0.132855 0.919246 0.131059 0.920592 0.129264
1 0.111709 0.989228 0.110363 0.991023 0.106326 0.991023 0.10498 0.992819 0.102288 0.992819 0.100942 0.994614 0.09825 0.994614 0.096904 0.996409 0.095559 0.996409 0.094213 0.998205 0.091521 0.998205 0.10498 0.998205
1 0.258412 0.985637 0.258412 0.992819 0.259758 0.994614 0.259758 0.998205 0.26245 0.998205 0.26245 0.985637
1 0.192463 0.960503 0.191117 0.962298 0.189771 0.962298 0.188425 0.964093 0.187079 0.964093 0.185734 0.965889 0.184388 0.965889 0.183042 0.967684 0.181696 0.967684 0.18035 0.969479 0.179004 0.969479 0.177658 0.971275 0.174966 0.971275 0.17362 0.97307 0.172275 0.97307 0.170929 0.974865 0.168237 0.974865 0.166891 0.976661 0.165545 0.976661 0.164199 0.978456 0.161507 0.978456 0.160162 0.980251 0.158816 0.980251 0.15747 0.982047 0.154778 0.982047 0.153432 0.983842 0.152086 0.983842 0.15074 0.985637 0.148048 0.985637 0.146703 0.987433 0.145357 0.987433 0.144011 0.989228 0.141319 0.989228 0.139973 0.991023 0.138627 0.991023 0.137281 0.992819 0.13459 0.992819 0.133244 0.994614 0.131898 0.994614 0.130552 0.996409 0.12786 0.996409 0.126514 0.998205 0.125168 0.998205 0.138627 0.998205 0.139973 0.996409 0.142665 0.996409 0.144011 0.994614 0.145357 0.994614 0.146703 0.992819 0.149394 0.992819 0.15074 0.991023 0.152086 0.991023 0.153432 0.989228 0.156124 0.989228 0.15747 0.987433 0.158816 0.987433 0.160162 0.985637 0.162853 0.985637 0.164199 0.987433 0.161507 0.991023 0.161507 0.992819 0.15747 0.998205 0.191117 0.998205 0.191117 0.996409 0.192463 0.994614 0.192463 0.992819 0.193809 0.991023 0.193809 0.989228 0.195155 0.987433 0.195155 0.985637 0.187079 0.985637 0.185734 0.983842 0.185734 0.980251 0.183042 0.980251 0.18035 0.983842 0.168237 0.983842 0.166891 0.982047 0.168237 0.980251 0.172275 0.980251 0.17362 0.978456 0.176312 0.978456 0.177658 0.976661 0.181696 0.976661 0.183042 0.974865 0.185734 0.974865 0.187079 0.97307 0.188425 0.97307 0.189771 0.971275 0.192463 0.971275 0.193809 0.969479 0.196501 0.969479 0.197847 0.967684 0.199192 0.967684 0.200538 0.965889 0.20323 0.965889 0.20323 0.964093 0.204576 0.962298 0.204576 0.960503 0.20323 0.962298 0.201884 0.962298 0.200538 0.964093 0.197847 0.964093 0.196501 0.962298 0.196501 0.960503
1 0.074024 0.951526 0.072678 0.953321 0.057873 0.953321 0.056528 0.955117 0.055182 0.955117 0.053836 0.956912 0.05249 0.956912 0.051144 0.958707 0.048452 0.958707 0.047106 0.960503 0.04576 0.960503 0.044415 0.962298 0.043069 0.962298 0.039031 0.967684 0.039031 0.969479 0.033647 0.976661 0.033647 0.980251 0.034993 0.982047 0.034993 0.985637 0.036339 0.983842 0.037685 0.983842 0.039031 0.982047 0.040377 0.982047 0.041723 0.980251 0.043069 0.980251 0.044415 0.978456 0.04576 0.980251 0.04576 0.985637 0.05249 0.985637 0.053836 0.987433 0.055182 0.985637 0.056528 0.985637 0.057873 0.983842 0.059219 0.983842 0.060565 0.982047 0.061911 0.982047 0.063257 0.980251 0.065949 0.980251 0.067295 0.978456 0.068641 0.978456 0.069987 0.976661 0.07537 0.976661 0.07537 0.97307 0.076716 0.971275 0.076716 0.969479 0.078062 0.967684 0.079408 0.967684 0.080754 0.965889 0.0821 0.965889 0.084791 0.962298 0.086137 0.962298 0.087483 0.960503 0.088829 0.960503 0.090175 0.958707 0.091521 0.958707 0.090175 0.956912 0.0821 0.956912 0.080754 0.955117 0.080754 0.953321 0.079408 0.951526
1 0.219381 0.928187 0.218035 0.929982 0.215343 0.929982 0.219381 0.935368 0.219381 0.937163 0.22611 0.94614 0.22611 0.947935 0.228802 0.951526 0.230148 0.949731 0.228802 0.947935 0.228802 0.94614 0.22611 0.942549 0.22611 0.940754 0.223419 0.937163 0.223419 0.935368 0.220727 0.931777 0.220727 0.929982
1 0.212651 0.895871 0.211306 0.897666 0.208614 0.897666 0.207268 0.899461 0.20323 0.899461 0.201884 0.901257 0.199192 0.901257 0.197847 0.903052 0.193809 0.903052 0.192463 0.904847 0.189771 0.904847 0.189771 0.906643 0.191117 0.908438 0.191117 0.912029 0.192463 0.910233 0.201884 0.910233 0.20323 0.908438 0.205922 0.908438 0.207268 0.906643 0.20996 0.906643 0.211306 0.904847 0.213997 0.904847 0.213997 0.901257 0.212651 0.899461
1 0.904441 0.879713 0.903096 0.881508 0.90175 0.881508 0.907133 0.888689 0.907133 0.890485 0.912517 0.897666 0.909825 0.901257 0.908479 0.901257 0.907133 0.899461 0.905787 0.899461 0.903096 0.895871 0.90175 0.895871 0.897712 0.890485 0.892328 0.890485 0.889637 0.894075 0.888291 0.894075 0.892328 0.899461 0.893674 0.899461 0.899058 0.906643 0.899058 0.908438 0.900404 0.910233 0.900404 0.912029 0.90175 0.913824 0.90175 0.917415 0.900404 0.91921 0.899058 0.91921 0.89502 0.913824 0.89502 0.926391 0.893674 0.928187 0.893674 0.929982 0.890983 0.933573 0.890983 0.935368 0.889637 0.937163 0.889637 0.938959 0.888291 0.940754 0.888291 0.942549 0.885599 0.94614 0.877524 0.94614 0.873486 0.940754 0.873486 0.938959 0.870794 0.935368 0.868102 0.938959 0.870794 0.942549 0.870794 0.944345 0.874832 0.949731 0.874832 0.951526 0.878869 0.956912 0.880215 0.956912 0.884253 0.962298 0.884253 0.971275 0.885599 0.97307 0.885599 0.982047 0.881561 0.987433 0.880215 0.987433 0.873486 0.996409 0.87214 0.996409 0.870794 0.998205 0.998654 0.998205 0.998654 0.947935 0.995962 0.944345 0.994616 0.944345 0.993271 0.942549 0.998654 0.935368 0.998654 0.933573 0.997308 0.933573 0.995962 0.931777 0.993271 0.931777 0.991925 0.929982 0.989233 0.929982 0.987887 0.928187 0.987887 0.926391 0.990579 0.922801 0.993271 0.922801 0.994616 0.924596 0.998654 0.924596 0.998654 0.913824 0.997308 0.913824 0.995962 0.912029 0.993271 0.912029 0.991925 0.910233 0.989233 0.910233 0.987887 0.908438 0.978466 0.908438 0.97712 0.906643 0.975774 0.908438 0.974428 0.908438 0.973082 0.910233 0.97039 0.910233 0.967699 0.913824 0.966353 0.913824 0.960969 0.921005 0.948856 0.904847 0.94751 0.904847 0.946164 0.903052 0.94751 0.901257 0.950202 0.901257 0.950202 0.897666 0.939435 0.897666 0.938089 0.895871 0.938089 0.894075 0.936743 0.89228 0.936743 0.888689 0.935397 0.886894 0.935397 0.885099 0.934051 0.886894 0.932705 0.886894 0.931359 0.888689 0.928668 0.888689 0.927322 0.890485 0.919246 0.890485 0.916555 0.886894 0.913863 0.886894 0.912517 0.885099 0.909825 0.885099 0.908479 0.883303 0.907133 0.883303
1 0.164199 0.870736 0.164199 0.872531 0.165545 0.874327 0.165545 0.879713 0.166891 0.881508 0.166891 0.886894 0.168237 0.888689 0.168237 0.89228 0.17362 0.89228 0.177658 0.886894 0.179004 0.886894 0.184388 0.879713 0.185734 0.879713 0.187079 0.877917 0.200538 0.877917 0.201884 0.879713 0.201884 0.876122 0.179004 0.876122 0.177658 0.874327 0.177658 0.879713 0.174966 0.883303 0.172275 0.883303 0.170929 0.881508 0.170929 0.876122 0.169583 0.874327 0.169583 0.870736
1 0.0 0.868941 0.0 0.874327 0.001346 0.872531 0.017497 0.872531 0.017497 0.870736 0.018843 0.868941
1 0.9179 0.859964 0.9179 0.861759 0.919246 0.863555 0.919246 0.867145 0.927322 0.867145 0.928668 0.868941 0.935397 0.868941 0.936743 0.870736 0.944818 0.870736 0.946164 0.872531 0.952894 0.872531 0.95424 0.874327 0.962315 0.874327 0.963661 0.876122 0.97039 0.876122 0.971736 0.877917 0.979812 0.877917 0.981157 0.879713 0.973082 0.890485 0.950202 0.890485 0.951548 0.890485 0.952894 0.89228 0.95424 0.89228 0.955585 0.894075 0.97712 0.894075 0.978466 0.895871 0.998654 0.895871 0.998654 0.881508 0.995962 0.877917 0.994616 0.877917 0.993271 0.876122 0.991925 0.876122 0.990579 0.874327 0.989233 0.874327 0.986541 0.870736 0.985195 0.870736 0.983849 0.868941 0.982503 0.868941 0.979812 0.86535 0.978466 0.86535 0.97712 0.863555 0.97712 0.86535 0.975774 0.867145 0.975774 0.868941 0.974428 0.870736 0.966353 0.870736 0.965007 0.868941 0.956931 0.868941 0.955585 0.867145 0.94751 0.867145 0.946164 0.86535 0.938089 0.86535 0.936743 0.863555 0.928668 0.863555 0.927322 0.861759 0.919246 0.861759
1 0.154778 0.856373 0.153432 0.858169 0.15074 0.858169 0.149394 0.859964 0.145357 0.859964 0.144011 0.861759 0.141319 0.861759 0.139973 0.863555 0.135935 0.863555 0.13459 0.86535 0.131898 0.86535 0.130552 0.867145 0.129206 0.867145 0.12786 0.868941 0.125168 0.868941 0.123822 0.870736 0.122476 0.870736 0.121131 0.872531 0.119785 0.872531 0.118439 0.874327 0.115747 0.874327 0.114401 0.876122 0.113055 0.876122 0.111709 0.877917 0.110363 0.877917 0.109017 0.879713 0.106326 0.879713 0.10498 0.881508 0.103634 0.881508 0.102288 0.883303 0.099596 0.883303 0.09825 0.885099 0.096904 0.885099 0.095559 0.886894 0.094213 0.886894 0.092867 0.888689 0.090175 0.888689 0.088829 0.890485 0.087483 0.890485 0.088829 0.89228 0.088829 0.894075 0.090175 0.895871 0.090175 0.897666 0.091521 0.899461 0.09825 0.899461 0.099596 0.901257 0.106326 0.901257 0.107672 0.903052 0.106326 0.904847 0.10498 0.904847 0.102288 0.908438 0.100942 0.908438 0.099596 0.910233 0.09825 0.910233 0.096904 0.912029 0.095559 0.912029 0.094213 0.913824 0.092867 0.913824 0.091521 0.915619 0.090175 0.915619 0.088829 0.917415 0.087483 0.917415 0.086137 0.91921 0.084791 0.91921 0.083445 0.921005 0.0821 0.921005 0.080754 0.922801 0.079408 0.922801 0.078062 0.924596 0.07537 0.924596 0.074024 0.926391 0.072678 0.926391 0.071332 0.928187 0.069987 0.928187 0.068641 0.929982 0.067295 0.929982 0.065949 0.931777 0.064603 0.931777 0.063257 0.933573 0.061911 0.933573 0.060565 0.935368 0.059219 0.935368 0.057873 0.937163 0.056528 0.937163 0.055182 0.938959 0.053836 0.938959 0.05249 0.940754 0.051144 0.940754 0.05249 0.942549 0.05249 0.944345 0.053836 0.94614 0.055182 0.944345 0.056528 0.944345 0.057873 0.942549 0.059219 0.942549 0.060565 0.940754 0.061911 0.940754 0.063257 0.938959 0.064603 0.938959 0.065949 0.937163 0.067295 0.937163 0.068641 0.935368 0.069987 0.935368 0.071332 0.933573 0.072678 0.933573 0.074024 0.931777 0.07537 0.931777 0.076716 0.929982 0.079408 0.929982 0.080754 0.928187 0.0821 0.928187 0.083445 0.926391 0.084791 0.926391 0.086137 0.924596 0.087483 0.924596 0.088829 0.922801 0.090175 0.922801 0.091521 0.921005 0.092867 0.921005 0.094213 0.91921 0.095559 0.91921 0.096904 0.917415 0.09825 0.917415 0.099596 0.915619 0.103634 0.915619 0.109017 0.908438 0.110363 0.908438 0.118439 0.897666 0.119785 0.897666 0.122476 0.894075 0.118439 0.888689 0.117093 0.890485 0.114401 0.890485 0.113055 0.89228 0.109017 0.89228 0.107672 0.890485 0.107672 0.888689 0.106326 0.886894 0.107672 0.885099 0.109017 0.885099 0.110363 0.883303 0.113055 0.883303 0.114401 0.881508 0.115747 0.881508 0.117093 0.879713 0.119785 0.879713 0.121131 0.877917 0.122476 0.877917 0.125168 0.881508 0.13459 0.881508 0.135935 0.883303 0.138627 0.879713 0.139973 0.879713 0.142665 0.876122 0.144011 0.876122 0.145357 0.874327 0.145357 0.867145 0.146703 0.86535 0.149394 0.86535 0.15074 0.863555 0.154778 0.863555
1 0.711978 0.815081 0.711978 0.816876 0.710633 0.818671 0.710633 0.820467 0.709287 0.822262 0.710633 0.822262 0.711978 0.824057 0.713324 0.824057 0.716016 0.827648 0.717362 0.827648 0.718708 0.829443 0.720054 0.829443 0.7214 0.831239 0.722746 0.831239 0.724092 0.833034 0.725437 0.833034 0.728129 0.836625 0.729475 0.836625 0.730821 0.83842 0.732167 0.83842 0.733513 0.840215 0.734859 0.840215 0.73755 0.843806 0.738896 0.843806 0.740242 0.845601 0.741588 0.845601 0.742934 0.847397 0.745626 0.843806 0.74428 0.843806 0.741588 0.840215 0.740242 0.840215 0.73755 0.836625 0.736205 0.836625 0.733513 0.833034 0.732167 0.833034 0.730821 0.831239 0.729475 0.831239 0.726783 0.827648 0.725437 0.827648 0.722746 0.824057 0.7214 0.824057 0.718708 0.820467 0.717362 0.820467 0.71467 0.816876 0.713324 0.816876
1 0.907133 0.75763 0.907133 0.759425 0.905787 0.761221 0.905787 0.763016 0.904441 0.764811 0.904441 0.768402 0.903096 0.770197 0.903096 0.775583 0.90175 0.777379 0.899058 0.777379 0.897712 0.775583 0.89502 0.775583 0.893674 0.773788 0.893674 0.779174 0.899058 0.779174 0.90175 0.782765 0.90175 0.78456 0.903096 0.786355 0.903096 0.798923 0.90175 0.800718 0.897712 0.800718 0.896366 0.802513 0.892328 0.802513 0.893674 0.804309 0.89502 0.802513 0.905787 0.802513 0.907133 0.804309 0.907133 0.807899 0.909825 0.81149 0.915209 0.81149 0.916555 0.813285 0.921938 0.813285 0.923284 0.815081 0.923284 0.816876 0.921938 0.818671 0.913863 0.818671 0.912517 0.816876 0.90175 0.816876 0.900404 0.815081 0.89502 0.822262 0.89502 0.824057 0.893674 0.825853 0.893674 0.827648 0.892328 0.829443 0.892328 0.831239 0.893674 0.831239 0.896366 0.834829 0.897712 0.834829 0.900404 0.83842 0.90175 0.836625 0.913863 0.836625 0.912517 0.834829 0.912517 0.833034 0.913863 0.831239 0.919246 0.831239 0.920592 0.829443 0.936743 0.829443 0.938089 0.827648 0.943472 0.827648 0.944818 0.825853 0.952894 0.825853 0.95424 0.827648 0.956931 0.827648 0.958277 0.829443 0.963661 0.829443 0.967699 0.834829 0.967699 0.836625 0.969044 0.83842 0.971736 0.83842 0.973082 0.840215 0.973082 0.818671 0.967699 0.81149 0.967699 0.809695 0.962315 0.802513 0.936743 0.802513 0.943472 0.81149 0.943472 0.813285 0.948856 0.820467 0.94751 0.822262 0.944818 0.822262 0.939435 0.815081 0.938089 0.815081 0.934051 0.809695 0.92463 0.809695 0.923284 0.807899 0.921938 0.807899 0.920592 0.806104 0.919246 0.806104 0.9179 0.804309 0.916555 0.804309 0.915209 0.802513 0.916555 0.800718 0.92463 0.800718 0.92463 0.795332 0.923284 0.797127 0.908479 0.797127 0.907133 0.795332 0.907133 0.793537 0.908479 0.791741 0.908479 0.789946 0.909825 0.788151 0.913863 0.788151 0.915209 0.786355 0.919246 0.786355 0.919246 0.782765 0.9179 0.782765 0.916555 0.780969 0.915209 0.780969 0.913863 0.779174 0.913863 0.775583 0.912517 0.773788 0.912517 0.770197 0.913863 0.768402 0.938089 0.768402 0.938089 0.764811 0.9179 0.764811 0.916555 0.763016 0.9179 0.761221 0.9179 0.75763 0.916555 0.759425 0.913863 0.759425 0.912517 0.761221 0.908479 0.761221 0.907133 0.759425
1 0.009421 0.701975 0.008075 0.70377 0.005384 0.70377 0.004038 0.705566 0.0 0.705566 0.0 0.741472 0.001346 0.739677 0.013459 0.739677 0.017497 0.734291 0.018843 0.734291 0.020188 0.732496 0.020188 0.728905 0.021534 0.72711 0.021534 0.721724 0.020188 0.719928 0.020188 0.718133 0.018843 0.716338 0.018843 0.714542
1 0.952894 0.687612 0.955585 0.691203 0.955585 0.692998 0.956931 0.694794 0.955585 0.696589 0.955585 0.698384 0.95424 0.70018 0.95424 0.701975 0.952894 0.70377 0.943472 0.70377 0.942127 0.701975 0.936743 0.709156 0.930013 0.709156 0.928668 0.707361 0.921938 0.707361 0.920592 0.705566 0.913863 0.705566 0.912517 0.70377 0.908479 0.70377 0.907133 0.701975 0.904441 0.701975 0.903096 0.70018 0.884253 0.70018 0.882907 0.698384 0.877524 0.698384 0.876178 0.696589 0.870794 0.696589 0.869448 0.694794 0.847914 0.694794 0.846568 0.692998 0.841184 0.692998 0.839838 0.691203 0.825034 0.691203 0.823688 0.689408 0.822342 0.691203 0.816958 0.691203 0.815612 0.692998 0.811575 0.692998 0.810229 0.694794 0.804845 0.694794 0.806191 0.696589 0.807537 0.696589 0.810229 0.70018 0.814266 0.70018 0.815612 0.701975 0.818304 0.701975 0.81965 0.70377 0.823688 0.70377 0.825034 0.705566 0.82638 0.705566 0.827725 0.707361 0.829071 0.707361 0.831763 0.710952 0.833109 0.710952 0.834455 0.712747 0.833109 0.714542 0.830417 0.714542 0.829071 0.716338 0.82638 0.716338 0.82638 0.718133 0.825034 0.719928 0.825034 0.721724 0.823688 0.723519 0.823688 0.725314 0.825034 0.725314 0.827725 0.728905 0.831763 0.723519 0.833109 0.723519 0.835801 0.719928 0.839838 0.719928 0.841184 0.721724 0.843876 0.721724 0.845222 0.723519 0.860027 0.723519 0.861373 0.725314 0.876178 0.725314 0.877524 0.72711 0.878869 0.725314 0.882907 0.725314 0.884253 0.723519 0.888291 0.723519 0.889637 0.721724 0.89502 0.721724 0.896366 0.719928 0.900404 0.719928 0.900404 0.716338 0.899058 0.714542 0.899058 0.712747 0.900404 0.710952 0.903096 0.710952 0.904441 0.712747 0.907133 0.712747 0.908479 0.714542 0.925976 0.714542 0.927322 0.716338 0.931359 0.716338 0.932705 0.718133 0.932705 0.719928 0.931359 0.721724 0.931359 0.72711 0.930013 0.728905 0.930013 0.7307 0.931359 0.728905 0.934051 0.728905 0.935397 0.72711 0.936743 0.72711 0.938089 0.725314 0.940781 0.725314 0.940781 0.716338 0.942127 0.714542 0.950202 0.714542 0.951548 0.716338 0.950202 0.718133 0.950202 0.719928 0.948856 0.721724 0.948856 0.723519 0.94751 0.725314 0.94751 0.72711 0.946164 0.728905 0.946164 0.7307 0.943472 0.734291 0.943472 0.736086 0.939435 0.741472 0.939435 0.743268 0.936743 0.746858 0.938089 0.748654 0.938089 0.750449 0.939435 0.752244 0.939435 0.754039 0.948856 0.754039 0.951548 0.75763 0.955585 0.75763 0.956931 0.759425 0.956931 0.761221 0.959623 0.764811 0.959623 0.766607 0.960969 0.768402 0.960969 0.770197 0.963661 0.773788 0.965007 0.773788 0.967699 0.777379 0.969044 0.777379 0.971736 0.780969 0.973082 0.780969 0.975774 0.78456 0.975774 0.782765 0.97712 0.780969 0.975774 0.779174 0.974428 0.779174 0.967699 0.770197 0.966353 0.770197 0.959623 0.761221 0.959623 0.752244 0.960969 0.750449 0.966353 0.750449 0.967699 0.752244 0.979812 0.752244 0.982503 0.755835 0.982503 0.75763 0.983849 0.759425 0.990579 0.759425 0.991925 0.761221 0.998654 0.761221 0.998654 0.707361 0.986541 0.707361 0.985195 0.709156 0.973082 0.709156 0.971736 0.707361 0.97039 0.707361 0.967699 0.70377 0.967699 0.701975 0.969044 0.70018 0.969044 0.698384 0.97039 0.696589 0.97039 0.694794 0.969044 0.692998 0.969044 0.691203 0.967699 0.689408 0.965007 0.692998 0.962315 0.692998 0.960969 0.691203 0.960969 0.689408 0.95424 0.689408
1 0.438762 0.669659 0.438762 0.671454 0.437416 0.67325 0.437416 0.675045 0.477793 0.675045 0.479139 0.67684 0.479139 0.675045 0.480485 0.67325 0.480485 0.671454 0.440108 0.671454
1 0.864065 0.608618 0.864065 0.612208 0.862719 0.614004 0.862719 0.615799 0.866756 0.615799 0.868102 0.617594 0.870794 0.617594 0.874832 0.62298 0.876178 0.62298 0.880215 0.628366 0.882907 0.628366 0.882907 0.624776 0.884253 0.62298 0.884253 0.621185 0.882907 0.621185 0.881561 0.61939 0.880215 0.61939 0.878869 0.617594 0.877524 0.617594 0.876178 0.615799 0.874832 0.615799 0.873486 0.614004 0.870794 0.614004 0.869448 0.612208 0.868102 0.612208 0.866756 0.610413 0.86541 0.610413
1 0.430686 0.597846 0.427995 0.601436 0.427995 0.603232 0.423957 0.608618 0.423957 0.61939 0.421265 0.62298 0.419919 0.62298 0.417227 0.626571 0.415882 0.626571 0.414536 0.628366 0.41319 0.628366 0.410498 0.631957 0.409152 0.631957 0.407806 0.633752 0.401077 0.633752 0.399731 0.635548 0.393001 0.635548 0.39031 0.639138 0.39031 0.640934 0.384926 0.648115 0.38358 0.648115 0.380888 0.651706 0.379542 0.651706 0.376851 0.655296 0.374159 0.655296 0.372813 0.657092 0.370121 0.657092 0.368775 0.658887 0.35397 0.658887 0.351279 0.662478 0.336474 0.662478 0.335128 0.660682 0.325707 0.660682 0.324361 0.658887 0.323015 0.660682 0.317631 0.660682 0.316285 0.662478 0.312248 0.662478 0.310902 0.664273 0.306864 0.664273 0.305518 0.666068 0.30148 0.666068 0.300135 0.667864 0.296097 0.667864 0.294751 0.669659 0.290713 0.669659 0.289367 0.671454 0.288022 0.671454 0.28533 0.675045 0.283984 0.675045 0.282638 0.67684 0.281292 0.67684 0.2786 0.680431 0.277254 0.680431 0.274563 0.684022 0.273217 0.684022 0.271871 0.685817 0.270525 0.685817 0.267833 0.689408 0.266487 0.689408 0.266487 0.691203 0.267833 0.692998 0.267833 0.694794 0.269179 0.696589 0.269179 0.698384 0.273217 0.70377 0.271871 0.705566 0.271871 0.707361 0.270525 0.709156 0.270525 0.716338 0.269179 0.718133 0.269179 0.723519 0.270525 0.725314 0.270525 0.72711 0.271871 0.728905 0.271871 0.739677 0.270525 0.741472 0.270525 0.743268 0.267833 0.746858 0.263795 0.746858 0.26245 0.745063 0.25572 0.745063 0.254374 0.743268 0.248991 0.743268 0.247645 0.741472 0.246299 0.743268 0.244953 0.743268 0.243607 0.745063 0.242261 0.745063 0.240915 0.746858 0.238223 0.746858 0.236878 0.748654 0.235532 0.748654 0.234186 0.750449 0.230148 0.750449 0.228802 0.752244 0.223419 0.752244 0.222073 0.754039 0.218035 0.754039 0.216689 0.755835 0.215343 0.755835 0.213997 0.75763 0.212651 0.75763 0.211306 0.759425 0.208614 0.759425 0.207268 0.761221 0.205922 0.761221 0.205922 0.763016 0.204576 0.764811 0.204576 0.770197 0.20323 0.771993 0.20323 0.773788 0.208614 0.780969 0.208614 0.782765 0.20996 0.78456 0.20996 0.786355 0.208614 0.788151 0.207268 0.788151 0.205922 0.789946 0.20323 0.789946 0.201884 0.791741 0.200538 0.791741 0.199192 0.793537 0.196501 0.793537 0.195155 0.795332 0.191117 0.795332 0.189771 0.797127 0.172275 0.797127 0.170929 0.798923 0.170929 0.800718 0.169583 0.802513 0.169583 0.804309 0.166891 0.807899 0.166891 0.809695 0.165545 0.81149 0.161507 0.806104 0.161507 0.807899 0.160162 0.809695 0.161507 0.81149 0.161507 0.813285 0.162853 0.815081 0.160162 0.818671 0.160162 0.820467 0.15747 0.824057 0.162853 0.824057 0.164199 0.822262 0.165545 0.822262 0.166891 0.820467 0.169583 0.820467 0.169583 0.816876 0.170929 0.815081 0.170929 0.809695 0.172275 0.807899 0.172275 0.806104 0.174966 0.802513 0.18035 0.802513 0.181696 0.804309 0.183042 0.804309 0.185734 0.807899 0.191117 0.807899 0.192463 0.809695 0.189771 0.806104 0.191117 0.804309 0.195155 0.804309 0.196501 0.802513 0.208614 0.802513 0.20996 0.804309 0.20996 0.815081 0.222073 0.815081 0.223419 0.816876 0.224764 0.815081 0.22611 0.815081 0.228802 0.81149 0.230148 0.81149 0.231494 0.809695 0.23284 0.809695 0.234186 0.807899 0.235532 0.807899 0.238223 0.804309 0.247645 0.804309 0.248991 0.806104 0.243607 0.813285 0.242261 0.813285 0.240915 0.815081 0.239569 0.815081 0.238223 0.816876 0.235532 0.816876 0.234186 0.818671 0.23284 0.818671 0.231494 0.820467 0.230148 0.820467 0.230148 0.825853 0.231494 0.825853 0.23284 0.827648 0.234186 0.827648 0.235532 0.829443 0.238223 0.829443 0.239569 0.831239 0.240915 0.831239 0.242261 0.833034 0.243607 0.833034 0.244953 0.834829 0.250336 0.834829 0.251682 0.836625 0.25572 0.836625 0.257066 0.83842 0.257066 0.840215 0.258412 0.842011 0.258412 0.845601 0.259758 0.843806 0.273217 0.843806 0.277254 0.849192 0.281292 0.849192 0.281292 0.845601 0.279946 0.843806 0.279946 0.840215 0.281292 0.83842 0.290713 0.83842 0.298789 0.827648 0.302826 0.827648 0.304172 0.825853 0.306864 0.825853 0.30821 0.824057 0.312248 0.824057 0.309556 0.820467 0.309556 0.818671 0.306864 0.815081 0.305518 0.815081 0.302826 0.81149 0.30148 0.81149 0.297443 0.806104 0.296097 0.806104 0.293405 0.802513 0.294751 0.800718 0.306864 0.800718 0.306864 0.786355 0.293405 0.786355 0.292059 0.78456 0.294751 0.780969 0.296097 0.780969 0.297443 0.779174 0.297443 0.773788 0.298789 0.771993 0.305518 0.771993 0.306864 0.773788 0.317631 0.773788 0.317631 0.764811 0.318977 0.763016 0.320323 0.763016 0.321669 0.761221 0.323015 0.761221 0.324361 0.759425 0.327052 0.759425 0.328398 0.75763 0.329744 0.75763 0.332436 0.754039 0.333782 0.754039 0.336474 0.750449 0.33782 0.750449 0.341857 0.745063 0.343203 0.745063 0.345895 0.741472 0.347241 0.741472 0.349933 0.737882 0.351279 0.737882 0.352624 0.736086 0.352624 0.734291 0.351279 0.732496 0.351279 0.716338 0.356662 0.709156 0.358008 0.709156 0.362046 0.70377 0.362046 0.701975 0.3607 0.70018 0.3607 0.692998 0.362046 0.691203 0.362046 0.687612 0.363392 0.685817 0.364738 0.685817 0.367429 0.682226 0.368775 0.682226 0.370121 0.680431 0.371467 0.680431 0.374159 0.67684 0.375505 0.67684 0.376851 0.675045 0.378197 0.675045 0.380888 0.671454 0.382234 0.671454 0.382234 0.669659 0.38358 0.667864 0.38358 0.666068 0.384926 0.664273 0.384926 0.662478 0.387618 0.658887 0.388964 0.658887 0.39031 0.660682 0.391655 0.660682 0.393001 0.662478 0.394347 0.662478 0.397039 0.666068 0.398385 0.666068 0.401077 0.669659 0.402423 0.667864 0.403769 0.667864 0.405114 0.666068 0.40646 0.666068 0.407806 0.664273 0.409152 0.664273 0.410498 0.662478 0.411844 0.662478 0.414536 0.658887 0.415882 0.658887 0.417227 0.657092 0.418573 0.657092 0.419919 0.655296 0.421265 0.655296 0.422611 0.653501 0.423957 0.653501 0.422611 0.651706 0.422611 0.64991 0.421265 0.648115 0.419919 0.64991 0.417227 0.64991 0.415882 0.651706 0.414536 0.651706 0.41319 0.64991 0.41319 0.648115 0.411844 0.64632 0.411844 0.642729 0.41319 0.640934 0.415882 0.640934 0.417227 0.639138 0.432032 0.639138 0.432032 0.637343 0.433378 0.635548 0.433378 0.633752 0.434724 0.631957 0.434724 0.628366 0.43607 0.626571 0.43607 0.624776 0.437416 0.62298 0.437416 0.621185 0.438762 0.61939 0.438762 0.617594 0.440108 0.615799 0.440108 0.614004 0.441454 0.612208 0.438762 0.612208 0.437416 0.610413 0.437416 0.608618 0.43607 0.606822 0.43607 0.605027
1 0.091521 0.578097 0.090175 0.579892 0.090175 0.581688 0.088829 0.583483 0.090175 0.583483 0.092867 0.587074 0.094213 0.587074 0.096904 0.590664 0.095559 0.59246 0.0821 0.59246 0.080754 0.594255 0.079408 0.594255 0.078062 0.59605 0.076716 0.59605 0.067295 0.608618 0.067295 0.610413 0.065949 0.612208 0.065949 0.617594 0.064603 0.61939 0.064603 0.621185 0.063257 0.62298 0.061911 0.62298 0.060565 0.624776 0.059219 0.624776 0.057873 0.626571 0.049798 0.626571 0.048452 0.624776 0.040377 0.624776 0.039031 0.62298 0.037685 0.624776 0.036339 0.624776 0.033647 0.628366 0.032301 0.628366 0.030956 0.630162 0.02961 0.628366 0.02961 0.626571 0.030956 0.624776 0.030956 0.62298 0.02961 0.621185 0.02961 0.61939 0.028264 0.617594 0.028264 0.615799 0.026918 0.614004 0.026918 0.612208 0.024226 0.612208 0.02288 0.610413 0.021534 0.610413 0.020188 0.608618 0.017497 0.608618 0.016151 0.606822 0.014805 0.608618 0.008075 0.608618 0.006729 0.610413 0.0 0.610413 0.0 0.67325 0.008075 0.67325 0.009421 0.671454 0.013459 0.671454 0.014805 0.669659 0.018843 0.669659 0.020188 0.667864 0.024226 0.667864 0.025572 0.666068 0.030956 0.666068 0.032301 0.664273 0.036339 0.664273 0.037685 0.662478 0.041723 0.662478 0.043069 0.660682 0.047106 0.660682 0.048452 0.658887 0.049798 0.658887 0.05249 0.655296 0.053836 0.655296 0.055182 0.653501 0.056528 0.653501 0.057873 0.651706 0.059219 0.651706 0.061911 0.648115 0.063257 0.648115 0.064603 0.64632 0.065949 0.64632 0.067295 0.644524 0.074024 0.644524 0.07537 0.642729 0.078062 0.642729 0.079408 0.640934 0.092867 0.640934 0.094213 0.642729 0.09825 0.642729 0.099596 0.644524 0.099596 0.642729 0.100942 0.640934 0.100942 0.639138 0.096904 0.639138 0.095559 0.637343 0.092867 0.637343 0.091521 0.635548 0.087483 0.635548 0.086137 0.633752 0.086137 0.631957 0.084791 0.630162 0.084791 0.628366 0.083445 0.626571 0.083445 0.624776 0.0821 0.624776 0.080754 0.62298 0.079408 0.62298 0.078062 0.621185 0.080754 0.617594 0.0821 0.617594 0.084791 0.614004 0.086137 0.614004 0.086137 0.612208 0.087483 0.610413 0.083445 0.610413 0.0821 0.608618 0.078062 0.608618 0.076716 0.606822 0.078062 0.605027 0.078062 0.603232 0.079408 0.601436 0.079408 0.599641 0.080754 0.597846 0.100942 0.597846 0.102288 0.599641 0.103634 0.599641 0.106326 0.603232 0.110363 0.597846 0.114401 0.597846 0.115747 0.59605 0.115747 0.594255 0.117093 0.59246 0.110363 0.59246 0.109017 0.590664 0.103634 0.590664 0.100942 0.587074 0.099596 0.587074 0.095559 0.581688 0.094213 0.581688
1 0.402423 0.536804 0.395693 0.545781 0.394347 0.545781 0.393001 0.547576 0.39031 0.547576 0.388964 0.549372 0.371467 0.549372 0.370121 0.551167 0.3607 0.551167 0.359354 0.552962 0.358008 0.552962 0.356662 0.554758 0.355316 0.554758 0.35397 0.556553 0.352624 0.556553 0.349933 0.560144 0.348587 0.560144 0.347241 0.561939 0.345895 0.561939 0.344549 0.563734 0.343203 0.563734 0.332436 0.578097 0.33109 0.578097 0.328398 0.581688 0.327052 0.581688 0.324361 0.585278 0.317631 0.585278 0.316285 0.583483 0.309556 0.59246 0.304172 0.59246 0.302826 0.590664 0.30148 0.590664 0.298789 0.587074 0.300135 0.585278 0.30148 0.585278 0.302826 0.583483 0.304172 0.583483 0.305518 0.581688 0.306864 0.581688 0.306864 0.579892 0.305518 0.578097 0.305518 0.576302 0.304172 0.578097 0.30148 0.578097 0.300135 0.579892 0.298789 0.579892 0.297443 0.581688 0.296097 0.581688 0.294751 0.583483 0.293405 0.583483 0.292059 0.581688 0.292059 0.579892 0.290713 0.578097 0.290713 0.576302 0.279946 0.576302 0.2786 0.578097 0.2786 0.579892 0.275908 0.583483 0.273217 0.583483 0.271871 0.585278 0.269179 0.585278 0.267833 0.587074 0.263795 0.587074 0.26245 0.588869 0.259758 0.588869 0.254374 0.59605 0.253028 0.59605 0.247645 0.603232 0.244953 0.603232 0.243607 0.605027 0.239569 0.605027 0.239569 0.608618 0.238223 0.610413 0.238223 0.614004 0.234186 0.61939 0.23284 0.61939 0.231494 0.621185 0.23284 0.621185 0.234186 0.62298 0.235532 0.62298 0.236878 0.624776 0.238223 0.624776 0.239569 0.626571 0.246299 0.626571 0.247645 0.628366 0.253028 0.628366 0.254374 0.630162 0.271871 0.630162 0.273217 0.631957 0.275908 0.631957 0.277254 0.633752 0.282638 0.633752 0.283984 0.635548 0.283984 0.633752 0.28533 0.631957 0.28533 0.630162 0.286676 0.628366 0.290713 0.628366 0.292059 0.630162 0.290713 0.631957 0.289367 0.631957 0.292059 0.635548 0.293405 0.633752 0.30148 0.633752 0.302826 0.631957 0.306864 0.631957 0.30821 0.630162 0.310902 0.630162 0.312248 0.628366 0.318977 0.628366 0.320323 0.630162 0.324361 0.630162 0.325707 0.631957 0.328398 0.631957 0.329744 0.633752 0.329744 0.628366 0.33109 0.626571 0.332436 0.626571 0.333782 0.624776 0.336474 0.624776 0.33782 0.62298 0.339166 0.62298 0.340511 0.621185 0.343203 0.621185 0.344549 0.61939 0.347241 0.61939 0.348587 0.621185 0.349933 0.621185 0.351279 0.62298 0.352624 0.621185 0.376851 0.621185 0.378197 0.61939 0.382234 0.61939 0.38358 0.617594 0.387618 0.617594 0.388964 0.615799 0.393001 0.615799 0.393001 0.614004 0.391655 0.612208 0.391655 0.608618 0.39031 0.610413 0.387618 0.610413 0.386272 0.612208 0.38358 0.612208 0.382234 0.614004 0.379542 0.614004 0.372813 0.605027 0.371467 0.605027 0.370121 0.603232 0.367429 0.603232 0.366083 0.601436 0.364738 0.601436 0.363392 0.599641 0.362046 0.599641 0.3607 0.597846 0.3607 0.59605 0.359354 0.594255 0.359354 0.59246 0.3607 0.590664 0.399731 0.590664 0.401077 0.59246 0.411844 0.59246 0.41319 0.594255 0.414536 0.59246 0.419919 0.59246 0.421265 0.590664 0.425303 0.590664 0.426649 0.588869 0.432032 0.588869 0.433378 0.587074 0.437416 0.587074 0.438762 0.585278 0.444145 0.585278 0.445491 0.583483 0.445491 0.581688 0.448183 0.578097 0.448183 0.576302 0.446837 0.574506 0.446837 0.572711 0.445491 0.574506 0.43607 0.574506 0.434724 0.576302 0.430686 0.576302 0.429341 0.578097 0.423957 0.578097 0.421265 0.574506 0.422611 0.572711 0.425303 0.572711 0.426649 0.570916 0.427995 0.570916 0.429341 0.56912 0.432032 0.56912 0.433378 0.567325 0.446837 0.567325 0.448183 0.56553 0.450875 0.56553 0.452221 0.563734 0.454913 0.563734 0.454913 0.558348 0.456258 0.556553 0.456258 0.551167 0.453567 0.551167 0.452221 0.549372 0.452221 0.551167 0.450875 0.552962 0.450875 0.554758 0.448183 0.558348 0.446837 0.558348 0.438762 0.547576 0.437416 0.549372 0.426649 0.549372 0.426649 0.552962 0.427995 0.554758 0.427995 0.560144 0.426649 0.561939 0.422611 0.561939 0.418573 0.556553 0.418573 0.554758 0.415882 0.551167 0.414536 0.552962 0.41319 0.552962 0.41319 0.556553 0.411844 0.558348 0.411844 0.561939 0.414536 0.56553 0.414536 0.567325 0.417227 0.570916 0.417227 0.574506 0.415882 0.576302 0.411844 0.576302 0.410498 0.574506 0.409152 0.574506 0.405114 0.56912 0.405114 0.567325 0.403769 0.56553 0.403769 0.563734 0.402423 0.561939 0.402423 0.560144 0.40646 0.554758 0.407806 0.554758 0.410498 0.551167 0.410498 0.549372 0.409152 0.547576 0.409152 0.543986 0.407806 0.54219 0.407806 0.540395 0.40646 0.540395 0.405114 0.5386 0.403769 0.5386
1 0.309556 0.509874 0.309556 0.51167 0.30821 0.513465 0.30821 0.517056 0.305518 0.520646 0.297443 0.520646 0.297443 0.522442 0.296097 0.524237 0.296097 0.526032 0.294751 0.527828 0.294751 0.529623 0.293405 0.531418 0.293405 0.543986 0.296097 0.543986 0.297443 0.545781 0.298789 0.545781 0.300135 0.547576 0.300135 0.551167 0.30148 0.552962 0.30148 0.558348 0.302826 0.556553 0.305518 0.556553 0.306864 0.554758 0.309556 0.554758 0.310902 0.552962 0.313594 0.552962 0.313594 0.543986 0.314939 0.54219 0.317631 0.54219 0.318977 0.540395 0.321669 0.540395 0.325707 0.535009 0.327052 0.535009 0.329744 0.531418 0.347241 0.531418 0.348587 0.533214 0.347241 0.535009 0.347241 0.5386 0.345895 0.540395 0.345895 0.54219 0.347241 0.543986 0.349933 0.540395 0.368775 0.540395 0.370121 0.54219 0.371467 0.540395 0.378197 0.540395 0.378197 0.536804 0.371467 0.536804 0.370121 0.535009 0.363392 0.535009 0.362046 0.533214 0.355316 0.533214 0.35397 0.531418 0.355316 0.529623 0.355316 0.527828 0.359354 0.522442 0.391655 0.522442 0.393001 0.524237 0.393001 0.527828 0.398385 0.527828 0.399731 0.529623 0.399731 0.522442 0.403769 0.517056 0.405114 0.517056 0.40646 0.51526 0.409152 0.51526 0.409152 0.509874 0.407806 0.51167 0.368775 0.51167 0.367429 0.513465 0.352624 0.513465 0.351279 0.51526 0.349933 0.51526 0.348587 0.517056 0.345895 0.517056 0.344549 0.518851 0.333782 0.518851 0.329744 0.513465 0.320323 0.513465 0.318977 0.51167 0.310902 0.51167
1 0.188425 0.468582 0.188425 0.470377 0.187079 0.472172 0.187079 0.475763 0.185734 0.477558 0.185734 0.479354 0.187079 0.477558 0.212651 0.477558 0.213997 0.475763 0.239569 0.475763 0.239569 0.473968 0.238223 0.472172 0.238223 0.468582
1 0.131898 0.454219 0.130552 0.456014 0.125168 0.456014 0.123822 0.45781 0.117093 0.45781 0.115747 0.459605 0.10498 0.459605 0.103634 0.4614 0.091521 0.4614 0.090175 0.463196 0.079408 0.463196 0.076716 0.466786 0.07537 0.466786 0.072678 0.470377 0.071332 0.470377 0.069987 0.472172 0.041723 0.472172 0.040377 0.470377 0.040377 0.479354 0.039031 0.481149 0.018843 0.481149 0.018843 0.48833 0.025572 0.48833 0.026918 0.486535 0.048452 0.486535 0.049798 0.48474 0.056528 0.48474 0.057873 0.482944 0.078062 0.482944 0.079408 0.48474 0.080754 0.482944 0.084791 0.482944 0.086137 0.481149 0.088829 0.481149 0.090175 0.479354 0.094213 0.479354 0.095559 0.477558 0.099596 0.477558 0.100942 0.475763 0.129206 0.475763 0.130552 0.473968 0.13459 0.473968 0.13459 0.472172 0.135935 0.470377 0.135935 0.466786 0.13459 0.464991 0.13459 0.4614 0.135935 0.459605 0.156124 0.459605 0.156124 0.454219 0.154778 0.456014 0.133244 0.456014
1 0.314939 0.447038 0.313594 0.448833 0.30821 0.448833 0.306864 0.450628 0.30148 0.450628 0.300135 0.452424 0.294751 0.452424 0.294751 0.454219 0.296097 0.456014 0.296097 0.45781 0.297443 0.456014 0.302826 0.456014 0.304172 0.454219 0.309556 0.454219 0.310902 0.452424 0.316285 0.452424 0.316285 0.450628 0.314939 0.448833
1 0.967699 0.445242 0.966353 0.447038 0.966353 0.448833 0.963661 0.452424 0.965007 0.454219 0.966353 0.454219 0.969044 0.45781 0.969044 0.459605 0.967699 0.4614 0.967699 0.463196 0.966353 0.464991 0.960969 0.464991 0.959623 0.466786 0.955585 0.466786 0.955585 0.475763 0.956931 0.475763 0.958277 0.477558 0.960969 0.477558 0.962315 0.475763 0.963661 0.475763 0.965007 0.473968 0.966353 0.473968 0.967699 0.472172 0.998654 0.472172 0.998654 0.464991 0.997308 0.463196 0.995962 0.463196 0.993271 0.459605 0.991925 0.459605 0.989233 0.456014 0.987887 0.456014 0.985195 0.452424 0.983849 0.452424 0.982503 0.450628 0.979812 0.450628 0.978466 0.448833 0.975774 0.448833 0.974428 0.447038 0.971736 0.447038 0.97039 0.445242
1 0.866756 0.425494 0.86541 0.427289 0.864065 0.427289 0.862719 0.429084 0.861373 0.429084 0.860027 0.43088 0.841184 0.43088 0.839838 0.432675 0.838493 0.43088 0.835801 0.43088 0.834455 0.429084 0.831763 0.429084 0.830417 0.427289 0.829071 0.427289 0.827725 0.429084 0.827725 0.43447 0.82638 0.436266 0.82638 0.438061 0.831763 0.438061 0.833109 0.439856 0.835801 0.439856 0.837147 0.441652 0.838493 0.441652 0.839838 0.443447 0.84253 0.443447 0.847914 0.450628 0.847914 0.452424 0.853297 0.459605 0.851952 0.4614 0.851952 0.463196 0.850606 0.464991 0.850606 0.473968 0.851952 0.475763 0.851952 0.482944 0.862719 0.482944 0.864065 0.48474 0.86541 0.48474 0.866756 0.486535 0.868102 0.486535 0.869448 0.48833 0.870794 0.48833 0.87214 0.490126 0.870794 0.491921 0.868102 0.491921 0.866756 0.493716 0.86541 0.493716 0.861373 0.499102 0.861373 0.500898 0.857335 0.506284 0.860027 0.506284 0.861373 0.508079 0.86541 0.508079 0.866756 0.509874 0.866756 0.51167 0.868102 0.513465 0.868102 0.51526 0.866756 0.517056 0.861373 0.517056 0.860027 0.518851 0.858681 0.517056 0.855989 0.517056 0.854643 0.51526 0.853297 0.51526 0.851952 0.513465 0.84926 0.513465 0.846568 0.509874 0.845222 0.509874 0.84253 0.506284 0.841184 0.506284 0.838493 0.502693 0.839838 0.500898 0.845222 0.500898 0.846568 0.499102 0.850606 0.499102 0.851952 0.497307 0.851952 0.495512 0.847914 0.495512 0.846568 0.493716 0.846568 0.491921 0.845222 0.490126 0.834455 0.490126 0.833109 0.48833 0.820996 0.48833 0.818304 0.48474 0.818304 0.482944 0.816958 0.481149 0.816958 0.472172 0.808883 0.472172 0.806191 0.468582 0.800808 0.468582 0.802153 0.470377 0.802153 0.472172 0.803499 0.473968 0.802153 0.475763 0.802153 0.477558 0.800808 0.479354 0.800808 0.481149 0.799462 0.482944 0.799462 0.486535 0.808883 0.486535 0.812921 0.491921 0.812921 0.493716 0.811575 0.495512 0.811575 0.497307 0.814266 0.497307 0.815612 0.499102 0.822342 0.499102 0.823688 0.500898 0.830417 0.500898 0.831763 0.502693 0.830417 0.504488 0.823688 0.504488 0.822342 0.506284 0.814266 0.506284 0.812921 0.508079 0.806191 0.508079 0.804845 0.506284 0.803499 0.506284 0.802153 0.504488 0.800808 0.504488 0.799462 0.502693 0.798116 0.502693 0.79677 0.500898 0.795424 0.500898 0.794078 0.499102 0.792732 0.499102 0.788694 0.493716 0.787349 0.493716 0.784657 0.490126 0.783311 0.490126 0.781965 0.48833 0.780619 0.48833 0.779273 0.486535 0.76716 0.486535 0.765814 0.48833 0.764468 0.486535 0.760431 0.486535 0.759085 0.48474 0.756393 0.48474 0.755047 0.482944 0.751009 0.482944 0.749664 0.481149 0.745626 0.481149 0.742934 0.48474 0.746972 0.48474 0.748318 0.486535 0.752355 0.486535 0.753701 0.48833 0.757739 0.48833 0.763122 0.495512 0.764468 0.495512 0.768506 0.500898 0.772544 0.500898 0.77389 0.502693 0.777927 0.502693 0.779273 0.504488 0.780619 0.504488 0.783311 0.508079 0.784657 0.508079 0.786003 0.509874 0.784657 0.51167 0.779273 0.51167 0.779273 0.513465 0.780619 0.51526 0.798116 0.51526 0.799462 0.513465 0.800808 0.513465 0.802153 0.51167 0.803499 0.513465 0.804845 0.513465 0.806191 0.51526 0.807537 0.51526 0.808883 0.517056 0.814266 0.517056 0.815612 0.518851 0.815612 0.520646 0.816958 0.522442 0.816958 0.524237 0.815612 0.526032 0.803499 0.526032 0.802153 0.527828 0.802153 0.529623 0.806191 0.529623 0.807537 0.531418 0.816958 0.531418 0.818304 0.533214 0.820996 0.533214 0.822342 0.535009 0.843876 0.535009 0.845222 0.536804 0.855989 0.536804 0.854643 0.535009 0.854643 0.531418 0.853297 0.529623 0.853297 0.520646 0.854643 0.518851 0.858681 0.524237 0.860027 0.524237 0.864065 0.529623 0.864065 0.531418 0.86541 0.533214 0.86541 0.535009 0.868102 0.5386 0.869448 0.5386 0.870794 0.540395 0.876178 0.540395 0.877524 0.5386 0.877524 0.535009 0.878869 0.533214 0.899058 0.533214 0.900404 0.531418 0.909825 0.531418 0.908479 0.529623 0.908479 0.527828 0.907133 0.526032 0.908479 0.524237 0.909825 0.524237 0.911171 0.522442 0.912517 0.522442 0.913863 0.520646 0.915209 0.522442 0.915209 0.524237 0.916555 0.526032 0.916555 0.527828 0.9179 0.529623 0.9179 0.531418 0.923284 0.531418 0.92463 0.533214 0.92463 0.535009 0.923284 0.536804 0.923284 0.540395 0.921938 0.54219 0.921938 0.543986 0.930013 0.543986 0.931359 0.545781 0.931359 0.552962 0.930013 0.554758 0.930013 0.558348 0.928668 0.560144 0.928668 0.561939 0.927322 0.563734 0.925976 0.561939 0.919246 0.561939 0.9179 0.560144 0.912517 0.560144 0.911171 0.558348 0.904441 0.558348 0.903096 0.556553 0.897712 0.556553 0.896366 0.554758 0.889637 0.554758 0.888291 0.552962 0.882907 0.552962 0.881561 0.551167 0.876178 0.551167 0.877524 0.552962 0.877524 0.554758 0.882907 0.554758 0.884253 0.556553 0.889637 0.556553 0.890983 0.558348 0.896366 0.558348 0.897712 0.560144 0.903096 0.560144 0.904441 0.561939 0.911171 0.561939 0.912517 0.563734 0.9179 0.563734 0.919246 0.56553 0.92463 0.56553 0.925976 0.567325 0.931359 0.567325 0.932705 0.56912 0.936743 0.56912 0.935397 0.567325 0.935397 0.56553 0.934051 0.563734 0.934051 0.561939 0.935397 0.560144 0.943472 0.560144 0.944818 0.558348 0.94751 0.561939 0.948856 0.561939 0.951548 0.56553 0.952894 0.56553 0.95424 0.567325 0.956931 0.567325 0.958277 0.56912 0.960969 0.56912 0.962315 0.570916 0.965007 0.570916 0.966353 0.572711 0.967699 0.572711 0.969044 0.574506 0.971736 0.574506 0.973082 0.576302 0.975774 0.576302 0.97712 0.578097 0.978466 0.578097 0.978466 0.574506 0.979812 0.572711 0.982503 0.576302 0.983849 0.576302 0.986541 0.579892 0.987887 0.579892 0.990579 0.583483 0.991925 0.583483 0.994616 0.587074 0.995962 0.587074 0.998654 0.590664 0.998654 0.481149 0.987887 0.481149 0.986541 0.482944 0.985195 0.481149 0.978466 0.481149 0.97712 0.482944 0.956931 0.482944 0.955585 0.48474 0.946164 0.48474 0.944818 0.482944 0.940781 0.482944 0.939435 0.481149 0.935397 0.481149 0.934051 0.479354 0.921938 0.479354 0.923284 0.479354 0.92463 0.481149 0.925976 0.481149 0.927322 0.482944 0.928668 0.482944 0.930013 0.48474 0.931359 0.48474 0.934051 0.48833 0.935397 0.48833 0.936743 0.490126 0.938089 0.490126 0.939435 0.491921 0.940781 0.491921 0.942127 0.493716 0.943472 0.493716 0.944818 0.495512 0.944818 0.500898 0.948856 0.506284 0.943472 0.513465 0.942127 0.51167 0.932705 0.51167 0.931359 0.509874 0.930013 0.509874 0.928668 0.508079 0.927322 0.508079 0.925976 0.506284 0.92463 0.506284 0.923284 0.504488 0.921938 0.504488 0.920592 0.502693 0.919246 0.502693 0.916555 0.499102 0.915209 0.499102 0.913863 0.497307 0.912517 0.497307 0.911171 0.495512 0.909825 0.495512 0.908479 0.493716 0.907133 0.493716 0.905787 0.491921 0.904441 0.491921 0.903096 0.490126 0.90175 0.490126 0.900404 0.48833 0.904441 0.482944 0.904441 0.481149 0.905787 0.479354 0.899058 0.479354 0.897712 0.477558 0.890983 0.477558 0.889637 0.475763 0.890983 0.473968 0.892328 0.473968 0.893674 0.472172 0.896366 0.472172 0.897712 0.470377 0.899058 0.470377 0.900404 0.468582 0.904441 0.468582 0.905787 0.466786 0.911171 0.466786 0.912517 0.464991 0.916555 0.464991 0.916555 0.45781 0.915209 0.456014 0.915209 0.450628 0.905787 0.450628 0.904441 0.448833 0.896366 0.448833 0.89502 0.447038 0.885599 0.447038 0.881561 0.441652 0.881561 0.439856 0.876178 0.432675 0.876178 0.43088 0.873486 0.427289 0.87214 0.427289 0.870794 0.425494
1 0.446837 0.416517 0.444145 0.420108 0.442799 0.420108 0.440108 0.423698 0.438762 0.423698 0.43607 0.427289 0.434724 0.427289 0.442799 0.427289 0.444145 0.429084 0.445491 0.429084 0.446837 0.43088 0.448183 0.43088 0.449529 0.432675 0.448183 0.43447 0.446837 0.43447 0.445491 0.436266 0.442799 0.436266 0.441454 0.43447 0.440108 0.43447 0.437416 0.43088 0.437416 0.432675 0.43607 0.43447 0.43607 0.436266 0.434724 0.438061 0.423957 0.438061 0.422611 0.436266 0.419919 0.436266 0.418573 0.43447 0.417227 0.43447 0.415882 0.432675 0.395693 0.432675 0.394347 0.43088 0.388964 0.438061 0.387618 0.438061 0.384926 0.441652 0.382234 0.441652 0.380888 0.439856 0.378197 0.439856 0.376851 0.438061 0.375505 0.439856 0.374159 0.439856 0.372813 0.441652 0.370121 0.441652 0.368775 0.443447 0.366083 0.443447 0.364738 0.445242 0.363392 0.445242 0.362046 0.447038 0.359354 0.447038 0.358008 0.448833 0.356662 0.448833 0.355316 0.450628 0.352624 0.450628 0.351279 0.452424 0.348587 0.452424 0.347241 0.454219 0.345895 0.454219 0.344549 0.456014 0.341857 0.456014 0.341857 0.4614 0.343203 0.4614 0.345895 0.464991 0.347241 0.464991 0.348587 0.466786 0.347241 0.468582 0.336474 0.468582 0.336474 0.473968 0.33782 0.472172 0.35397 0.472172 0.355316 0.473968 0.356662 0.473968 0.358008 0.475763 0.363392 0.475763 0.364738 0.477558 0.370121 0.477558 0.371467 0.479354 0.376851 0.479354 0.378197 0.481149 0.393001 0.481149 0.394347 0.482944 0.394347 0.493716 0.395693 0.493716 0.397039 0.495512 0.398385 0.495512 0.401077 0.499102 0.402423 0.499102 0.403769 0.500898 0.405114 0.499102 0.415882 0.499102 0.417227 0.497307 0.45895 0.497307 0.460296 0.499102 0.461642 0.497307 0.468371 0.497307 0.469717 0.495512 0.477793 0.495512 0.479139 0.493716 0.485868 0.493716 0.487214 0.491921 0.487214 0.490126 0.489906 0.486535 0.489906 0.48474 0.491252 0.482944 0.519515 0.482944 0.520861 0.48474 0.526245 0.477558 0.530283 0.477558 0.531629 0.475763 0.535666 0.475763 0.537012 0.473968 0.54105 0.473968 0.542396 0.472172 0.546433 0.472172 0.550471 0.466786 0.551817 0.466786 0.553163 0.464991 0.551817 0.463196 0.551817 0.4614 0.550471 0.459605 0.550471 0.45781 0.549125 0.456014 0.551817 0.452424 0.553163 0.452424 0.549125 0.447038 0.545087 0.452424 0.543742 0.452424 0.54105 0.456014 0.538358 0.456014 0.537012 0.454219 0.53432 0.454219 0.532974 0.452424 0.530283 0.452424 0.528937 0.450628 0.522207 0.450628 0.520861 0.448833 0.512786 0.448833 0.51144 0.447038 0.504711 0.447038 0.503365 0.445242 0.499327 0.445242 0.497981 0.443447 0.495289 0.443447 0.493943 0.441652 0.489906 0.441652 0.48856 0.439856 0.485868 0.439856 0.484522 0.438061 0.479139 0.438061 0.477793 0.436266 0.471063 0.436266 0.469717 0.43447 0.464334 0.43447 0.462988 0.432675 0.464334 0.43088 0.464334 0.429084 0.467026 0.425494 0.46568 0.423698 0.46568 0.421903 0.464334 0.420108 0.464334 0.418312 0.448183 0.418312
1 0.519515 0.411131 0.519515 0.418312 0.520861 0.420108 0.520861 0.429084 0.523553 0.432675 0.538358 0.432675 0.539704 0.43447 0.538358 0.436266 0.537012 0.436266 0.535666 0.438061 0.532974 0.438061 0.531629 0.439856 0.530283 0.439856 0.530283 0.441652 0.531629 0.443447 0.531629 0.445242 0.532974 0.447038 0.532974 0.448833 0.53432 0.447038 0.54105 0.447038 0.542396 0.445242 0.543742 0.445242 0.545087 0.443447 0.547779 0.443447 0.549125 0.441652 0.550471 0.441652 0.551817 0.439856 0.554509 0.439856 0.555855 0.438061 0.559892 0.438061 0.561238 0.436266 0.562584 0.436266 0.565276 0.439856 0.565276 0.445242 0.56393 0.447038 0.56393 0.452424 0.562584 0.454219 0.562584 0.456014 0.580081 0.456014 0.581427 0.454219 0.584118 0.454219 0.585464 0.452424 0.588156 0.452424 0.589502 0.450628 0.592194 0.450628 0.594886 0.447038 0.596231 0.447038 0.597577 0.445242 0.601615 0.445242 0.602961 0.447038 0.606999 0.447038 0.608345 0.448833 0.611036 0.445242 0.611036 0.443447 0.615074 0.438061 0.608345 0.429084 0.606999 0.429084 0.604307 0.425494 0.597577 0.425494 0.594886 0.421903 0.594886 0.420108 0.596231 0.418312 0.605653 0.418312 0.605653 0.416517 0.604307 0.414722 0.604307 0.412926 0.594886 0.412926 0.59354 0.411131 0.592194 0.412926 0.573351 0.412926 0.572005 0.414722 0.561238 0.414722 0.559892 0.416517 0.558546 0.416517 0.555855 0.420108 0.554509 0.418312 0.546433 0.418312 0.545087 0.416517 0.53432 0.416517 0.532974 0.414722 0.527591 0.414722 0.526245 0.412926 0.520861 0.412926
1 0.348587 0.382406 0.347241 0.384201 0.341857 0.384201 0.340511 0.385996 0.333782 0.385996 0.332436 0.387792 0.327052 0.387792 0.325707 0.389587 0.289367 0.389587 0.288022 0.391382 0.279946 0.391382 0.2786 0.393178 0.270525 0.393178 0.269179 0.394973 0.259758 0.394973 0.253028 0.40395 0.230148 0.40395 0.223419 0.412926 0.224764 0.411131 0.283984 0.411131 0.28533 0.409336 0.288022 0.409336 0.289367 0.40754 0.293405 0.40754 0.294751 0.405745 0.297443 0.405745 0.274563 0.405745 0.273217 0.40395 0.273217 0.402154 0.274563 0.400359 0.274563 0.398564 0.275908 0.396768 0.316285 0.396768 0.317631 0.394973 0.324361 0.394973 0.325707 0.393178 0.332436 0.393178 0.333782 0.391382 0.340511 0.391382 0.341857 0.389587 0.348587 0.389587
1 0.423957 0.375224 0.422611 0.37702 0.407806 0.37702 0.40646 0.378815 0.391655 0.378815 0.391655 0.38061 0.393001 0.382406 0.393001 0.385996 0.402423 0.385996 0.403769 0.387792 0.402423 0.389587 0.399731 0.389587 0.398385 0.391382 0.394347 0.391382 0.395693 0.393178 0.397039 0.393178 0.399731 0.396768 0.401077 0.394973 0.403769 0.394973 0.405114 0.393178 0.407806 0.393178 0.409152 0.391382 0.41319 0.391382 0.414536 0.389587 0.417227 0.389587 0.418573 0.387792 0.426649 0.387792 0.427995 0.385996 0.43607 0.385996 0.437416 0.384201 0.446837 0.384201 0.444145 0.38061 0.438762 0.38061 0.437416 0.378815 0.432032 0.378815 0.430686 0.37702 0.425303 0.37702
1 0.356662 0.337522 0.356662 0.339318 0.35397 0.342908 0.352624 0.342908 0.351279 0.344704 0.349933 0.344704 0.348587 0.346499 0.347241 0.346499 0.345895 0.348294 0.33782 0.348294 0.33782 0.351885 0.351279 0.351885 0.352624 0.35009 0.358008 0.35009 0.359354 0.348294 0.364738 0.348294 0.366083 0.346499 0.368775 0.346499 0.367429 0.344704 0.367429 0.342908 0.363392 0.342908 0.362046 0.341113 0.3607 0.341113 0.358008 0.337522
1 0.889637 0.32675 0.886945 0.330341 0.885599 0.330341 0.886945 0.332136 0.886945 0.333932 0.888291 0.335727 0.888291 0.337522 0.889637 0.339318 0.888291 0.341113 0.886945 0.341113 0.885599 0.339318 0.884253 0.339318 0.882907 0.337522 0.881561 0.339318 0.881561 0.341113 0.880215 0.342908 0.880215 0.344704 0.878869 0.346499 0.880215 0.346499 0.882907 0.35009 0.884253 0.35009 0.886945 0.35368 0.888291 0.35368 0.892328 0.359066 0.893674 0.359066 0.899058 0.366248 0.900404 0.366248 0.903096 0.369838 0.904441 0.368043 0.907133 0.368043 0.911171 0.362657 0.912517 0.362657 0.9179 0.355476 0.919246 0.355476 0.923284 0.35009 0.92463 0.35009 0.927322 0.346499 0.928668 0.346499 0.931359 0.342908 0.932705 0.342908 0.935397 0.339318 0.940781 0.339318 0.942127 0.341113 0.94751 0.341113 0.948856 0.342908 0.952894 0.342908 0.95424 0.344704 0.95424 0.342908 0.955585 0.341113 0.955585 0.339318 0.956931 0.337522 0.956931 0.335727 0.943472 0.335727 0.942127 0.333932 0.930013 0.333932 0.928668 0.332136 0.919246 0.332136 0.9179 0.333932 0.915209 0.333932 0.913863 0.335727 0.912517 0.335727 0.911171 0.337522 0.908479 0.337522 0.907133 0.339318 0.904441 0.339318 0.903096 0.341113 0.89502 0.341113 0.892328 0.337522 0.892328 0.335727 0.890983 0.333932 0.890983 0.330341 0.889637 0.328546
1 0.709287 0.317774 0.707941 0.319569 0.706595 0.319569 0.705249 0.321364 0.703903 0.321364 0.702557 0.32316 0.701211 0.32316 0.699865 0.324955 0.69852 0.324955 0.69179 0.333932 0.690444 0.332136 0.685061 0.332136 0.685061 0.333932 0.683715 0.335727 0.683715 0.339318 0.682369 0.341113 0.674293 0.341113 0.672948 0.342908 0.672948 0.346499 0.671602 0.348294 0.670256 0.346499 0.663526 0.346499 0.66218 0.344704 0.66218 0.339318 0.663526 0.337522 0.66891 0.337522 0.666218 0.337522 0.664872 0.335727 0.663526 0.335727 0.66218 0.333932 0.658143 0.333932 0.656797 0.332136 0.651413 0.332136 0.650067 0.330341 0.64603 0.330341 0.644684 0.328546 0.637954 0.328546 0.636608 0.330341 0.635262 0.330341 0.633917 0.332136 0.632571 0.332136 0.631225 0.333932 0.629879 0.333932 0.628533 0.335727 0.627187 0.335727 0.625841 0.337522 0.61642 0.337522 0.615074 0.339318 0.608345 0.339318 0.606999 0.341113 0.601615 0.341113 0.600269 0.342908 0.59354 0.342908 0.592194 0.344704 0.592194 0.346499 0.588156 0.351885 0.588156 0.35368 0.58681 0.355476 0.589502 0.359066 0.589502 0.360862 0.59354 0.366248 0.59354 0.368043 0.596231 0.371634 0.597577 0.371634 0.598923 0.373429 0.600269 0.373429 0.601615 0.375224 0.602961 0.375224 0.604307 0.37702 0.605653 0.37702 0.606999 0.378815 0.611036 0.378815 0.612382 0.38061 0.633917 0.38061 0.635262 0.382406 0.636608 0.382406 0.637954 0.384201 0.6393 0.384201 0.640646 0.385996 0.6393 0.387792 0.633917 0.387792 0.632571 0.389587 0.628533 0.389587 0.627187 0.391382 0.621803 0.391382 0.620458 0.389587 0.613728 0.389587 0.612382 0.387792 0.605653 0.387792 0.605653 0.389587 0.602961 0.393178 0.602961 0.394973 0.600269 0.398564 0.588156 0.398564 0.59354 0.405745 0.611036 0.405745 0.612382 0.40395 0.613728 0.405745 0.631225 0.405745 0.632571 0.40395 0.633917 0.40395 0.636608 0.400359 0.655451 0.400359 0.656797 0.402154 0.670256 0.402154 0.671602 0.40395 0.670256 0.405745 0.66891 0.405745 0.666218 0.409336 0.664872 0.409336 0.663526 0.411131 0.664872 0.412926 0.664872 0.414722 0.702557 0.414722 0.703903 0.412926 0.703903 0.411131 0.706595 0.40754 0.710633 0.40754 0.711978 0.405745 0.716016 0.405745 0.717362 0.40395 0.725437 0.40395 0.726783 0.402154 0.736205 0.402154 0.73755 0.400359 0.745626 0.400359 0.746972 0.398564 0.763122 0.398564 0.764468 0.400359 0.765814 0.400359 0.76716 0.402154 0.768506 0.402154 0.769852 0.40395 0.772544 0.40395 0.77389 0.405745 0.775236 0.405745 0.776581 0.40754 0.777927 0.40754 0.777927 0.405745 0.776581 0.405745 0.77389 0.402154 0.772544 0.402154 0.769852 0.398564 0.768506 0.398564 0.765814 0.394973 0.764468 0.394973 0.761777 0.391382 0.763122 0.389587 0.784657 0.389587 0.787349 0.393178 0.788694 0.393178 0.791386 0.396768 0.831763 0.396768 0.833109 0.398564 0.831763 0.400359 0.829071 0.400359 0.827725 0.402154 0.823688 0.402154 0.822342 0.40395 0.81965 0.40395 0.818304 0.405745 0.807537 0.405745 0.806191 0.40754 0.788694 0.40754 0.788694 0.412926 0.79004 0.414722 0.79004 0.416517 0.791386 0.418312 0.791386 0.420108 0.795424 0.420108 0.795424 0.418312 0.79677 0.416517 0.79677 0.414722 0.798116 0.412926 0.815612 0.412926 0.818304 0.416517 0.818304 0.418312 0.81965 0.420108 0.823688 0.420108 0.820996 0.416517 0.820996 0.414722 0.818304 0.411131 0.81965 0.409336 0.822342 0.409336 0.823688 0.40754 0.825034 0.409336 0.82638 0.409336 0.827725 0.411131 0.829071 0.411131 0.830417 0.412926 0.833109 0.412926 0.834455 0.414722 0.841184 0.414722 0.84253 0.412926 0.84253 0.409336 0.843876 0.40754 0.843876 0.405745 0.845222 0.40395 0.846568 0.405745 0.860027 0.405745 0.861373 0.40754 0.862719 0.40754 0.864065 0.409336 0.86541 0.409336 0.866756 0.411131 0.87214 0.411131 0.873486 0.412926 0.874832 0.412926 0.876178 0.414722 0.877524 0.414722 0.878869 0.416517 0.881561 0.416517 0.882907 0.418312 0.904441 0.418312 0.905787 0.420108 0.912517 0.420108 0.913863 0.421903 0.921938 0.421903 0.923284 0.423698 0.966353 0.423698 0.967699 0.421903 0.979812 0.421903 0.981157 0.420108 0.989233 0.420108 0.990579 0.418312 0.998654 0.418312 0.998654 0.412926 0.966353 0.412926 0.965007 0.411131 0.967699 0.40754 0.969044 0.40754 0.97039 0.405745 0.978466 0.405745 0.979812 0.40395 0.989233 0.40395 0.990579 0.402154 0.998654 0.402154 0.998654 0.389587 0.981157 0.389587 0.979812 0.391382 0.97712 0.391382 0.975774 0.393178 0.974428 0.393178 0.973082 0.394973 0.97039 0.394973 0.969044 0.396768 0.966353 0.396768 0.965007 0.398564 0.930013 0.398564 0.925976 0.393178 0.92463 0.393178 0.920592 0.387792 0.919246 0.387792 0.9179 0.385996 0.911171 0.385996 0.909825 0.387792 0.90175 0.387792 0.900404 0.389587 0.892328 0.389587 0.890983 0.391382 0.866756 0.391382 0.86541 0.393178 0.864065 0.391382 0.858681 0.391382 0.857335 0.389587 0.851952 0.389587 0.850606 0.387792 0.84926 0.387792 0.847914 0.385996 0.847914 0.384201 0.84926 0.382406 0.84926 0.38061 0.850606 0.378815 0.850606 0.37702 0.851952 0.375224 0.851952 0.373429 0.853297 0.371634 0.846568 0.371634 0.845222 0.369838 0.838493 0.369838 0.837147 0.368043 0.837147 0.357271 0.835801 0.357271 0.834455 0.355476 0.833109 0.355476 0.831763 0.35368 0.829071 0.35368 0.827725 0.351885 0.825034 0.351885 0.823688 0.35009 0.820996 0.35009 0.81965 0.348294 0.816958 0.348294 0.815612 0.346499 0.815612 0.344704 0.814266 0.342908 0.800808 0.342908 0.799462 0.341113 0.798116 0.341113 0.795424 0.337522 0.794078 0.337522 0.792732 0.335727 0.791386 0.335727 0.79004 0.333932 0.787349 0.333932 0.786003 0.332136 0.781965 0.332136 0.780619 0.330341 0.772544 0.330341 0.771198 0.332136 0.769852 0.332136 0.76716 0.335727 0.765814 0.335727 0.761777 0.341113 0.760431 0.341113 0.757739 0.344704 0.756393 0.342908 0.745626 0.342908 0.74428 0.341113 0.732167 0.341113 0.730821 0.339318 0.730821 0.337522 0.732167 0.335727 0.732167 0.333932 0.733513 0.332136 0.733513 0.328546 0.734859 0.32675 0.729475 0.32675 0.728129 0.328546 0.726783 0.328546 0.725437 0.330341 0.724092 0.330341 0.724092 0.332136 0.722746 0.333932 0.722746 0.337522 0.7214 0.339318 0.716016 0.339318 0.71467 0.337522 0.71467 0.332136 0.716016 0.330341 0.716016 0.328546 0.717362 0.32675 0.717362 0.321364 0.716016 0.319569 0.716016 0.317774
1 0.492598 0.228007 0.491252 0.229803 0.489906 0.229803 0.48856 0.231598 0.487214 0.231598 0.487214 0.233393 0.485868 0.235189 0.485868 0.236984 0.491252 0.236984 0.492598 0.238779 0.495289 0.238779 0.496635 0.240575 0.497981 0.240575 0.499327 0.24237 0.502019 0.24237 0.503365 0.244165 0.504711 0.244165 0.506057 0.245961 0.508748 0.245961 0.510094 0.247756 0.510094 0.251346 0.51144 0.253142 0.51144 0.256732 0.516824 0.263914 0.516824 0.267504 0.51817 0.2693 0.51817 0.271095 0.519515 0.271095 0.520861 0.27289 0.522207 0.27289 0.523553 0.274686 0.524899 0.274686 0.526245 0.276481 0.527591 0.276481 0.528937 0.278276 0.530283 0.278276 0.531629 0.280072 0.53432 0.280072 0.535666 0.281867 0.539704 0.281867 0.54105 0.280072 0.54105 0.278276 0.542396 0.276481 0.542396 0.274686 0.54105 0.27289 0.539704 0.27289 0.535666 0.267504 0.53432 0.267504 0.531629 0.263914 0.530283 0.263914 0.526245 0.258528 0.524899 0.258528 0.520861 0.253142 0.519515 0.253142 0.515478 0.247756 0.514132 0.247756 0.51144 0.244165 0.510094 0.244165 0.506057 0.238779 0.504711 0.238779 0.500673 0.233393 0.499327 0.233393 0.496635 0.229803 0.495289 0.229803 0.493943 0.228007
1 0.483176 0.136445 0.489906 0.145422 0.489906 0.147217 0.493943 0.152603 0.492598 0.154399 0.491252 0.154399 0.489906 0.156194 0.487214 0.156194 0.485868 0.157989 0.484522 0.157989 0.483176 0.159785 0.48183 0.159785 0.480485 0.16158 0.479139 0.159785 0.475101 0.159785 0.473755 0.157989 0.468371 0.157989 0.467026 0.156194 0.449529 0.156194 0.444145 0.163375 0.442799 0.16158 0.441454 0.16158 0.440108 0.163375 0.426649 0.163375 0.426649 0.165171 0.427995 0.166966 0.43607 0.166966 0.437416 0.165171 0.438762 0.166966 0.438762 0.168761 0.440108 0.170557 0.438762 0.172352 0.433378 0.172352 0.437416 0.172352 0.438762 0.174147 0.453567 0.174147 0.454913 0.172352 0.467026 0.18851 0.471063 0.18851 0.472409 0.186715 0.473755 0.186715 0.476447 0.183124 0.477793 0.183124 0.480485 0.179533 0.484522 0.184919 0.485868 0.184919 0.492598 0.193896 0.493943 0.193896 0.499327 0.201077 0.499327 0.206463 0.500673 0.206463 0.502019 0.208259 0.503365 0.208259 0.506057 0.211849 0.507402 0.211849 0.508748 0.213645 0.510094 0.213645 0.51144 0.21544 0.512786 0.21544 0.514132 0.217235 0.516824 0.217235 0.51817 0.219031 0.519515 0.219031 0.520861 0.220826 0.523553 0.220826 0.524899 0.222621 0.53432 0.222621 0.53432 0.21544 0.535666 0.213645 0.542396 0.213645 0.543742 0.211849 0.545087 0.213645 0.545087 0.21544 0.546433 0.217235 0.546433 0.219031 0.549125 0.222621 0.550471 0.222621 0.553163 0.226212 0.554509 0.226212 0.557201 0.229803 0.570659 0.229803 0.572005 0.231598 0.58681 0.231598 0.588156 0.233393 0.632571 0.233393 0.631225 0.231598 0.629879 0.231598 0.625841 0.226212 0.596231 0.226212 0.594886 0.224417 0.582773 0.224417 0.581427 0.222621 0.569314 0.222621 0.567968 0.220826 0.569314 0.219031 0.574697 0.219031 0.576043 0.217235 0.581427 0.217235 0.582773 0.21544 0.584118 0.217235 0.611036 0.217235 0.612382 0.219031 0.6393 0.219031 0.640646 0.220826 0.690444 0.220826 0.69179 0.219031 0.702557 0.219031 0.703903 0.217235 0.709287 0.217235 0.718708 0.204668 0.7214 0.204668 0.722746 0.202873 0.725437 0.202873 0.726783 0.201077 0.729475 0.201077 0.730821 0.199282 0.733513 0.199282 0.734859 0.197487 0.738896 0.202873 0.738896 0.204668 0.742934 0.210054 0.742934 0.211849 0.745626 0.21544 0.768506 0.21544 0.769852 0.213645 0.776581 0.213645 0.777927 0.211849 0.786003 0.211849 0.787349 0.210054 0.795424 0.220826 0.79677 0.220826 0.799462 0.224417 0.800808 0.224417 0.803499 0.228007 0.804845 0.228007 0.806191 0.229803 0.807537 0.229803 0.810229 0.233393 0.815612 0.233393 0.816958 0.231598 0.820996 0.231598 0.822342 0.229803 0.825034 0.229803 0.82638 0.228007 0.829071 0.228007 0.830417 0.226212 0.833109 0.226212 0.834455 0.224417 0.837147 0.224417 0.838493 0.222621 0.841184 0.222621 0.846568 0.21544 0.89502 0.21544 0.896366 0.213645 0.897712 0.21544 0.911171 0.21544 0.912517 0.217235 0.913863 0.217235 0.915209 0.219031 0.916555 0.219031 0.9179 0.220826 0.919246 0.220826 0.920592 0.222621 0.921938 0.222621 0.923284 0.224417 0.923284 0.226212 0.92463 0.228007 0.92463 0.231598 0.925976 0.233393 0.925976 0.236984 0.927322 0.238779 0.983849 0.238779 0.985195 0.236984 0.991925 0.236984 0.993271 0.235189 0.998654 0.235189 0.998654 0.179533 0.973082 0.179533 0.97039 0.175943 0.97039 0.174147 0.967699 0.170557 0.967699 0.168761 0.967699 0.170557 0.969044 0.172352 0.969044 0.181329 0.97039 0.183124 0.97039 0.199282 0.969044 0.201077 0.966353 0.201077 0.966353 0.206463 0.965007 0.208259 0.965007 0.211849 0.963661 0.213645 0.960969 0.213645 0.959623 0.211849 0.959623 0.210054 0.958277 0.208259 0.958277 0.202873 0.95424 0.202873 0.952894 0.201077 0.950202 0.201077 0.948856 0.199282 0.94751 0.201077 0.94751 0.202873 0.946164 0.204668 0.946164 0.208259 0.94751 0.210054 0.94751 0.213645 0.946164 0.21544 0.943472 0.21544 0.939435 0.210054 0.939435 0.208259 0.940781 0.206463 0.940781 0.204668 0.942127 0.202873 0.942127 0.201077 0.943472 0.199282 0.935397 0.199282 0.930013 0.192101 0.923284 0.192101 0.921938 0.193896 0.920592 0.192101 0.920592 0.190305 0.921938 0.18851 0.921938 0.186715 0.923284 0.184919 0.923284 0.183124 0.92463 0.181329 0.925976 0.183124 0.942127 0.183124 0.943472 0.184919 0.944818 0.184919 0.946164 0.186715 0.94751 0.186715 0.94751 0.170557 0.946164 0.168761 0.900404 0.168761 0.899058 0.170557 0.899058 0.174147 0.897712 0.175943 0.897712 0.177738 0.896366 0.179533 0.896366 0.181329 0.893674 0.184919 0.893674 0.186715 0.890983 0.190305 0.888291 0.190305 0.886945 0.192101 0.885599 0.192101 0.884253 0.193896 0.881561 0.193896 0.880215 0.195691 0.876178 0.190305 0.876178 0.18851 0.873486 0.184919 0.873486 0.183124 0.874832 0.181329 0.874832 0.177738 0.876178 0.175943 0.876178 0.174147 0.877524 0.172352 0.878869 0.174147 0.884253 0.174147 0.884253 0.163375 0.854643 0.163375 0.853297 0.16158 0.853297 0.159785 0.854643 0.157989 0.854643 0.156194 0.827725 0.156194 0.82638 0.157989 0.822342 0.157989 0.820996 0.159785 0.815612 0.159785 0.814266 0.16158 0.79677 0.16158 0.795424 0.159785 0.795424 0.157989 0.794078 0.156194 0.79004 0.156194 0.788694 0.157989 0.787349 0.156194 0.786003 0.156194 0.784657 0.154399 0.783311 0.154399 0.781965 0.152603 0.780619 0.152603 0.777927 0.149013 0.776581 0.149013 0.775236 0.147217 0.77389 0.147217 0.775236 0.149013 0.769852 0.156194 0.768506 0.154399 0.763122 0.154399 0.760431 0.150808 0.760431 0.149013 0.759085 0.147217 0.728129 0.147217 0.726783 0.145422 0.703903 0.145422 0.702557 0.143627 0.676985 0.143627 0.675639 0.141831 0.648721 0.141831 0.647376 0.140036 0.621803 0.140036 0.620458 0.138241 0.551817 0.138241 0.550471 0.136445
