0 0.344 0.948307 0.342667 0.950089 0.341333 0.950089 0.34 0.951872 0.337333 0.951872 0.337333 0.953654 0.338667 0.955437 0.338667 0.960784 0.34 0.962567 0.34 0.964349 0.342667 0.964349 0.344 0.966132 0.345333 0.964349 0.350667 0.964349 0.350667 0.957219 0.352 0.955437 0.352 0.950089 0.345333 0.950089
0 0.665333 0.889483 0.664 0.891266 0.656 0.891266 0.653333 0.894831 0.653333 0.900178 0.657333 0.905526 0.668 0.905526 0.668 0.896613 0.666667 0.894831 0.666667 0.893048 0.665333 0.891266
0 0.037333 0.713012 0.036 0.714795 0.028 0.714795 0.026667 0.716578 0.02 0.716578 0.018667 0.71836 0.001333 0.71836 0.0 0.720143 0.0 0.998217 0.048 0.998217 0.048 0.99287 0.046667 0.991087 0.046667 0.97861 0.045333 0.976827 0.045333 0.964349 0.044 0.962567 0.044 0.955437 0.046667 0.951872 0.048 0.951872 0.053333 0.944742 0.054667 0.944742 0.06 0.937611 0.061333 0.937611 0.064 0.934046 0.065333 0.935829 0.074667 0.935829 0.076 0.937611 0.085333 0.937611 0.086667 0.935829 0.088 0.935829 0.092 0.930481 0.093333 0.930481 0.097333 0.925134 0.098667 0.925134 0.102667 0.919786 0.104 0.919786 0.108 0.914439 0.109333 0.914439 0.113333 0.909091 0.114667 0.909091 0.116 0.907308 0.116 0.887701 0.117333 0.885918 0.117333 0.86631 0.118667 0.864528 0.118667 0.862745 0.121333 0.85918 0.121333 0.857398 0.125333 0.85205 0.125333 0.850267 0.128 0.846702 0.128 0.84492 0.130667 0.841355 0.130667 0.839572 0.132 0.83779 0.132 0.816399 0.130667 0.814617 0.130667 0.770053 0.129333 0.768271 0.129333 0.746881 0.126667 0.743316 0.126667 0.741533 0.121333 0.734403 0.121333 0.73262 0.12 0.730838 0.094667 0.730838 0.093333 0.73262 0.088 0.73262 0.086667 0.734403 0.08 0.734403 0.078667 0.736185 0.073333 0.736185 0.072 0.737968 0.058667 0.737968 0.057333 0.736185 0.057333 0.734403 0.053333 0.729055 0.053333 0.727273 0.050667 0.723708 0.050667 0.721925 0.049333 0.720143 0.048 0.720143 0.046667 0.71836 0.044 0.71836 0.042667 0.716578 0.041333 0.716578 0.04 0.714795 0.038667 0.714795
0 0.274667 0.682709 0.273333 0.684492 0.272 0.684492 0.270667 0.686275 0.268 0.686275 0.266667 0.688057 0.265333 0.688057 0.265333 0.693405 0.266667 0.691622 0.274667 0.691622 0.276 0.693405 0.277333 0.693405 0.278667 0.695187 0.28 0.695187 0.281333 0.69697 0.274667 0.705882 0.285333 0.705882 0.294667 0.693405 0.293333 0.691622 0.292 0.691622 0.288 0.686275 0.286667 0.686275 0.284 0.682709
0 0.844 0.632799 0.842667 0.634581 0.834667 0.634581 0.833333 0.636364 0.825333 0.636364 0.825333 0.638146 0.826667 0.639929 0.826667 0.643494 0.828 0.645276 0.828 0.647059 0.829333 0.645276 0.836 0.645276 0.837333 0.643494 0.845333 0.643494 0.845333 0.639929 0.844 0.638146
0 0.982667 0.59893 0.981333 0.600713 0.98 0.600713 0.977333 0.604278 0.976 0.604278 0.974667 0.606061 0.973333 0.606061 0.973333 0.609626 0.972 0.611408 0.972 0.613191 0.973333 0.614973 0.973333 0.616756 0.976 0.620321 0.976 0.622103 0.977333 0.623886 0.977333 0.625668 0.978667 0.627451 0.98 0.627451 0.981333 0.629234 0.984 0.629234 0.985333 0.631016 0.986667 0.631016 0.988 0.632799 0.989333 0.632799 0.990667 0.634581 0.992 0.634581 0.993333 0.636364 0.996 0.636364 0.997333 0.638146 0.998667 0.638146 0.998667 0.59893
1 0.836 0.948307 0.834667 0.950089 0.832 0.950089 0.830667 0.951872 0.828 0.951872 0.826667 0.953654 0.824 0.953654 0.822667 0.955437 0.821333 0.955437 0.82 0.957219 0.818667 0.957219 0.817333 0.959002 0.814667 0.959002 0.813333 0.960784 0.812 0.960784 0.810667 0.962567 0.809333 0.962567 0.808 0.964349 0.798667 0.964349 0.797333 0.966132 0.78 0.966132 0.778667 0.967914 0.778667 0.969697 0.776 0.973262 0.776 0.975045 0.774667 0.976827 0.774667 0.97861 0.772 0.982175 0.772 0.983957 0.769333 0.987522 0.769333 0.989305 0.768 0.991087 0.768 0.99287 0.765333 0.996435 0.765333 0.998217 0.88 0.998217 0.876 0.99287 0.874667 0.99287 0.864 0.97861 0.862667 0.97861 0.856 0.969697 0.857333 0.967914 0.86 0.967914 0.861333 0.966132 0.862667 0.966132 0.864 0.964349 0.866667 0.964349 0.866667 0.960784 0.868 0.959002 0.868 0.955437 0.861333 0.955437 0.86 0.953654 0.858667 0.955437 0.854667 0.955437 0.853333 0.957219 0.846667 0.957219 0.845333 0.955437 0.844 0.955437 0.841333 0.951872 0.84 0.951872 0.838667 0.950089 0.837333 0.950089
1 0.437333 0.937611 0.437333 0.998217 0.442667 0.998217 0.442667 0.937611
1 0.509333 0.935829 0.509333 0.944742 0.508 0.946524 0.506667 0.946524 0.505333 0.948307 0.504 0.948307 0.502667 0.950089 0.490667 0.950089 0.482667 0.939394 0.466667 0.939394 0.466667 0.941176 0.465333 0.942959 0.465333 0.944742 0.464 0.946524 0.464 0.948307 0.462667 0.950089 0.464 0.951872 0.464 0.953654 0.466667 0.957219 0.466667 0.959002 0.468 0.960784 0.468 0.967914 0.469333 0.969697 0.469333 0.97148 0.470667 0.973262 0.470667 0.975045 0.472 0.976827 0.472 0.980392 0.470667 0.982175 0.470667 0.983957 0.469333 0.98574 0.469333 0.987522 0.468 0.989305 0.468 0.991087 0.466667 0.99287 0.466667 0.994652 0.465333 0.996435 0.465333 0.998217 0.52 0.998217 0.528 0.987522 0.528 0.973262 0.526667 0.97148 0.526667 0.959002 0.525333 0.957219 0.525333 0.951872 0.516 0.939394 0.513333 0.939394 0.512 0.937611 0.510667 0.937611
1 0.564 0.934046 0.566667 0.937611 0.566667 0.939394 0.573333 0.948307 0.573333 0.950089 0.576 0.953654 0.601333 0.953654 0.588 0.935829 0.565333 0.935829
1 0.313333 0.878788 0.313333 0.887701 0.312 0.889483 0.312 0.896613 0.313333 0.898396 0.314667 0.898396 0.317333 0.901961 0.317333 0.891266 0.318667 0.889483 0.318667 0.878788
1 0.192 0.846702 0.190667 0.848485 0.189333 0.848485 0.186667 0.85205 0.185333 0.85205 0.184 0.853832 0.182667 0.853832 0.181333 0.855615 0.18 0.855615 0.177333 0.85918 0.176 0.85918 0.174667 0.860963 0.173333 0.860963 0.172 0.862745 0.170667 0.862745 0.168 0.86631 0.166667 0.86631 0.165333 0.868093 0.164 0.868093 0.162667 0.869875 0.161333 0.869875 0.158667 0.87344 0.157333 0.87344 0.156 0.875223 0.154667 0.875223 0.153333 0.877005 0.152 0.877005 0.149333 0.88057 0.148 0.88057 0.145333 0.884135 0.144 0.884135 0.141333 0.887701 0.14 0.887701 0.137333 0.891266 0.136 0.891266 0.133333 0.894831 0.132 0.894831 0.129333 0.898396 0.128 0.898396 0.125333 0.901961 0.124 0.901961 0.121333 0.905526 0.12 0.905526 0.117333 0.909091 0.116 0.909091 0.114667 0.910873 0.113333 0.910873 0.109333 0.916221 0.108 0.916221 0.104 0.921569 0.102667 0.921569 0.098667 0.926916 0.097333 0.926916 0.093333 0.932264 0.092 0.932264 0.088 0.937611 0.086667 0.937611 0.088 0.937611 0.089333 0.935829 0.093333 0.935829 0.094667 0.934046 0.097333 0.934046 0.098667 0.932264 0.102667 0.932264 0.104 0.930481 0.106667 0.930481 0.108 0.928699 0.110667 0.928699 0.112 0.926916 0.116 0.926916 0.117333 0.925134 0.12 0.925134 0.121333 0.923351 0.122667 0.925134 0.122667 0.926916 0.121333 0.928699 0.121333 0.930481 0.12 0.932264 0.12 0.934046 0.118667 0.935829 0.118667 0.939394 0.117333 0.941176 0.117333 0.942959 0.116 0.944742 0.116 0.948307 0.114667 0.950089 0.114667 0.951872 0.113333 0.953654 0.113333 0.955437 0.112 0.957219 0.112 0.959002 0.110667 0.960784 0.108 0.960784 0.106667 0.962567 0.105333 0.962567 0.105333 0.983957 0.106667 0.98574 0.106667 0.987522 0.108 0.989305 0.109333 0.987522 0.110667 0.987522 0.112 0.98574 0.113333 0.98574 0.114667 0.983957 0.116 0.983957 0.117333 0.982175 0.118667 0.982175 0.12 0.980392 0.121333 0.980392 0.122667 0.97861 0.124 0.97861 0.125333 0.976827 0.128 0.976827 0.129333 0.975045 0.130667 0.975045 0.132 0.973262 0.133333 0.973262 0.134667 0.97148 0.136 0.97148 0.137333 0.969697 0.138667 0.969697 0.14 0.967914 0.141333 0.967914 0.142667 0.966132 0.144 0.966132 0.145333 0.964349 0.146667 0.964349 0.148 0.962567 0.150667 0.962567 0.152 0.960784 0.154667 0.960784 0.156 0.959002 0.158667 0.959002 0.16 0.957219 0.162667 0.957219 0.164 0.955437 0.166667 0.955437 0.168 0.953654 0.170667 0.953654 0.172 0.951872 0.174667 0.951872 0.176 0.950089 0.178667 0.950089 0.18 0.948307 0.182667 0.948307 0.184 0.946524 0.185333 0.946524 0.186667 0.944742 0.189333 0.944742 0.190667 0.942959 0.193333 0.942959 0.194667 0.941176 0.197333 0.941176 0.198667 0.939394 0.201333 0.939394 0.202667 0.937611 0.205333 0.937611 0.206667 0.935829 0.209333 0.935829 0.210667 0.934046 0.213333 0.934046 0.214667 0.932264 0.217333 0.932264 0.218667 0.930481 0.221333 0.930481 0.222667 0.928699 0.224 0.930481 0.225333 0.930481 0.226667 0.932264 0.233333 0.932264 0.234667 0.930481 0.238667 0.930481 0.24 0.928699 0.244 0.928699 0.250667 0.919786 0.250667 0.918004 0.256 0.910873 0.254667 0.909091 0.253333 0.909091 0.252 0.907308 0.250667 0.907308 0.249333 0.909091 0.248 0.909091 0.246667 0.910873 0.245333 0.910873 0.242667 0.914439 0.241333 0.914439 0.24 0.916221 0.238667 0.916221 0.237333 0.918004 0.236 0.918004 0.234667 0.919786 0.225333 0.919786 0.224 0.921569 0.221333 0.921569 0.22 0.923351 0.217333 0.923351 0.216 0.925134 0.214667 0.925134 0.213333 0.926916 0.210667 0.926916 0.209333 0.928699 0.206667 0.928699 0.205333 0.930481 0.202667 0.930481 0.201333 0.932264 0.2 0.932264 0.198667 0.934046 0.196 0.934046 0.194667 0.935829 0.192 0.935829 0.190667 0.937611 0.188 0.937611 0.186667 0.939394 0.185333 0.939394 0.184 0.941176 0.181333 0.941176 0.18 0.942959 0.177333 0.942959 0.176 0.944742 0.173333 0.944742 0.172 0.946524 0.170667 0.946524 0.169333 0.948307 0.166667 0.948307 0.165333 0.950089 0.162667 0.950089 0.161333 0.951872 0.154667 0.951872 0.153333 0.953654 0.145333 0.953654 0.144 0.955437 0.137333 0.955437 0.136 0.957219 0.129333 0.957219 0.128 0.959002 0.126667 0.957219 0.126667 0.955437 0.128 0.953654 0.128 0.950089 0.129333 0.948307 0.129333 0.942959 0.130667 0.941176 0.130667 0.937611 0.132 0.935829 0.132 0.934046 0.133333 0.932264 0.133333 0.930481 0.137333 0.925134 0.137333 0.923351 0.14 0.919786 0.14 0.918004 0.142667 0.914439 0.142667 0.912656 0.145333 0.909091 0.145333 0.907308 0.146667 0.905526 0.146667 0.903743 0.149333 0.900178 0.149333 0.898396 0.153333 0.893048 0.154667 0.893048 0.16 0.885918 0.161333 0.885918 0.165333 0.88057 0.166667 0.88057 0.170667 0.875223 0.172 0.875223 0.177333 0.868093 0.178667 0.868093 0.182667 0.862745 0.184 0.862745 0.189333 0.855615 0.190667 0.855615 0.192 0.853832
1 0.384 0.818182 0.382667 0.819964 0.382667 0.821747 0.38 0.825312 0.38 0.827094 0.377333 0.83066 0.377333 0.832442 0.374667 0.836007 0.374667 0.83779 0.373333 0.839572 0.373333 0.846702 0.372 0.848485 0.372 0.853832 0.370667 0.855615 0.368 0.855615 0.366667 0.857398 0.364 0.857398 0.362667 0.85918 0.36 0.85918 0.358667 0.860963 0.356 0.860963 0.354667 0.862745 0.346667 0.862745 0.345333 0.860963 0.338667 0.860963 0.337333 0.85918 0.332 0.85918 0.330667 0.857398 0.329333 0.85918 0.329333 0.860963 0.326667 0.864528 0.333333 0.864528 0.334667 0.86631 0.34 0.86631 0.341333 0.868093 0.348 0.868093 0.349333 0.869875 0.352 0.869875 0.353333 0.871658 0.356 0.871658 0.357333 0.87344 0.36 0.87344 0.361333 0.875223 0.362667 0.87344 0.364 0.87344 0.366667 0.869875 0.368 0.869875 0.370667 0.86631 0.372 0.86631 0.373333 0.864528 0.374667 0.864528 0.377333 0.860963 0.378667 0.860963 0.378667 0.85918 0.38 0.857398 0.38 0.853832 0.381333 0.85205 0.381333 0.848485 0.382667 0.846702 0.382667 0.843137 0.385333 0.839572 0.397333 0.839572 0.398667 0.83779 0.402667 0.83779 0.404 0.836007 0.406667 0.836007 0.408 0.834225 0.412 0.834225 0.413333 0.832442 0.417333 0.832442 0.416 0.83066 0.416 0.828877 0.414667 0.827094 0.414667 0.825312 0.413333 0.827094 0.409333 0.827094 0.408 0.828877 0.405333 0.828877 0.404 0.83066 0.394667 0.83066 0.393333 0.828877 0.388 0.828877 0.386667 0.827094 0.386667 0.825312 0.385333 0.823529 0.385333 0.821747 0.384 0.819964
1 0.550667 0.812834 0.549333 0.814617 0.548 0.814617 0.546667 0.816399 0.545333 0.816399 0.542667 0.819964 0.541333 0.819964 0.54 0.821747 0.538667 0.821747 0.54 0.823529 0.54 0.825312 0.541333 0.827094 0.541333 0.828877 0.542667 0.83066 0.542667 0.832442 0.56 0.832442 0.561333 0.83066 0.562667 0.83066 0.564 0.828877 0.566667 0.828877 0.568 0.827094 0.569333 0.827094 0.569333 0.825312 0.568 0.823529 0.568 0.818182 0.566667 0.816399 0.566667 0.812834
1 0.592 0.787879 0.592 0.805704 0.594667 0.805704 0.596 0.807487 0.597333 0.807487 0.598667 0.809269 0.601333 0.809269 0.602667 0.811052 0.604 0.811052 0.605333 0.812834 0.608 0.812834 0.609333 0.814617 0.610667 0.814617 0.612 0.816399 0.621333 0.816399 0.622667 0.818182 0.632 0.818182 0.633333 0.819964 0.641333 0.819964 0.642667 0.821747 0.652 0.821747 0.653333 0.823529 0.658667 0.823529 0.66 0.825312 0.664 0.825312 0.665333 0.827094 0.670667 0.827094 0.672 0.828877 0.676 0.828877 0.677333 0.83066 0.682667 0.83066 0.684 0.832442 0.688 0.832442 0.689333 0.834225 0.694667 0.834225 0.696 0.836007 0.701333 0.836007 0.702667 0.83779 0.706667 0.83779 0.708 0.839572 0.713333 0.839572 0.714667 0.841355 0.72 0.841355 0.721333 0.843137 0.725333 0.843137 0.726667 0.84492 0.732 0.84492 0.733333 0.846702 0.737333 0.846702 0.738667 0.848485 0.744 0.848485 0.745333 0.850267 0.749333 0.850267 0.750667 0.85205 0.754667 0.85205 0.756 0.853832 0.76 0.853832 0.761333 0.855615 0.764 0.855615 0.765333 0.857398 0.769333 0.857398 0.770667 0.85918 0.774667 0.85918 0.776 0.860963 0.78 0.860963 0.789333 0.87344 0.790667 0.87344 0.8 0.885918 0.798667 0.887701 0.797333 0.887701 0.796 0.889483 0.794667 0.889483 0.793333 0.891266 0.790667 0.891266 0.789333 0.893048 0.788 0.893048 0.786667 0.894831 0.78 0.894831 0.78 0.896613 0.781333 0.898396 0.781333 0.900178 0.78 0.901961 0.774667 0.901961 0.773333 0.903743 0.769333 0.903743 0.768 0.905526 0.761333 0.905526 0.76 0.903743 0.758667 0.903743 0.757333 0.901961 0.756 0.901961 0.754667 0.900178 0.752 0.900178 0.750667 0.898396 0.749333 0.898396 0.748 0.896613 0.746667 0.896613 0.745333 0.894831 0.744 0.894831 0.742667 0.893048 0.738667 0.893048 0.737333 0.891266 0.733333 0.891266 0.732 0.889483 0.728 0.889483 0.726667 0.887701 0.722667 0.887701 0.721333 0.885918 0.72 0.885918 0.718667 0.884135 0.717333 0.884135 0.716 0.882353 0.714667 0.882353 0.713333 0.88057 0.712 0.88057 0.710667 0.878788 0.709333 0.878788 0.708 0.877005 0.706667 0.877005 0.705333 0.875223 0.704 0.875223 0.702667 0.87344 0.701333 0.875223 0.696 0.875223 0.694667 0.877005 0.688 0.877005 0.686667 0.875223 0.685333 0.875223 0.684 0.87344 0.682667 0.87344 0.68 0.869875 0.678667 0.869875 0.677333 0.868093 0.676 0.868093 0.674667 0.86631 0.673333 0.86631 0.672 0.864528 0.670667 0.864528 0.669333 0.862745 0.668 0.862745 0.665333 0.85918 0.664 0.85918 0.662667 0.857398 0.661333 0.857398 0.656 0.850267 0.656 0.848485 0.653333 0.84492 0.649333 0.84492 0.648 0.843137 0.642667 0.843137 0.641333 0.841355 0.637333 0.841355 0.636 0.839572 0.634667 0.841355 0.632 0.841355 0.630667 0.843137 0.626667 0.843137 0.625333 0.84492 0.618667 0.84492 0.617333 0.843137 0.613333 0.843137 0.612 0.841355 0.608 0.841355 0.606667 0.839572 0.602667 0.839572 0.601333 0.83779 0.6 0.839572 0.598667 0.839572 0.596 0.843137 0.594667 0.843137 0.592 0.846702 0.572 0.846702 0.570667 0.84492 0.569333 0.846702 0.562667 0.846702 0.561333 0.848485 0.561333 0.850267 0.557333 0.855615 0.557333 0.857398 0.554667 0.860963 0.558667 0.860963 0.56 0.862745 0.564 0.862745 0.565333 0.864528 0.569333 0.864528 0.570667 0.86631 0.592 0.86631 0.593333 0.868093 0.593333 0.869875 0.594667 0.871658 0.594667 0.875223 0.593333 0.877005 0.592 0.877005 0.590667 0.878788 0.589333 0.878788 0.586667 0.882353 0.585333 0.882353 0.584 0.884135 0.582667 0.884135 0.581333 0.885918 0.58 0.885918 0.58 0.887701 0.581333 0.889483 0.581333 0.893048 0.582667 0.893048 0.585333 0.896613 0.586667 0.896613 0.589333 0.900178 0.590667 0.900178 0.593333 0.903743 0.594667 0.903743 0.597333 0.907308 0.629333 0.907308 0.644 0.926916 0.645333 0.926916 0.661333 0.948307 0.662667 0.946524 0.664 0.946524 0.665333 0.944742 0.666667 0.944742 0.664 0.941176 0.664 0.939394 0.658667 0.932264 0.658667 0.930481 0.652 0.921569 0.652 0.919786 0.646667 0.912656 0.646667 0.910873 0.644 0.907308 0.645333 0.905526 0.652 0.905526 0.652 0.903743 0.650667 0.901961 0.650667 0.896613 0.649333 0.894831 0.649333 0.893048 0.648 0.893048 0.645333 0.889483 0.644 0.889483 0.641333 0.885918 0.64 0.885918 0.633333 0.877005 0.633333 0.875223 0.628 0.868093 0.629333 0.86631 0.657333 0.86631 0.658667 0.868093 0.66 0.868093 0.661333 0.869875 0.662667 0.869875 0.664 0.871658 0.665333 0.871658 0.666667 0.87344 0.668 0.87344 0.669333 0.875223 0.670667 0.875223 0.672 0.877005 0.673333 0.877005 0.674667 0.878788 0.676 0.878788 0.677333 0.88057 0.678667 0.88057 0.68 0.882353 0.681333 0.882353 0.682667 0.884135 0.684 0.884135 0.685333 0.885918 0.686667 0.885918 0.688 0.887701 0.684 0.893048 0.684 0.894831 0.68 0.900178 0.68 0.903743 0.681333 0.905526 0.681333 0.910873 0.682667 0.912656 0.682667 0.916221 0.681333 0.918004 0.681333 0.919786 0.678667 0.923351 0.678667 0.925134 0.674667 0.930481 0.674667 0.932264 0.673333 0.934046 0.697333 0.966132 0.698667 0.966132 0.722667 0.998217 0.758667 0.998217 0.753333 0.991087 0.752 0.991087 0.741333 0.976827 0.741333 0.975045 0.737333 0.969697 0.737333 0.967914 0.736 0.966132 0.738667 0.962567 0.738667 0.960784 0.744 0.953654 0.744 0.951872 0.745333 0.950089 0.745333 0.948307 0.752 0.939394 0.753333 0.939394 0.757333 0.934046 0.757333 0.932264 0.76 0.928699 0.76 0.926916 0.762667 0.923351 0.762667 0.921569 0.765333 0.918004 0.769333 0.918004 0.770667 0.916221 0.774667 0.916221 0.776 0.914439 0.778667 0.914439 0.78 0.912656 0.784 0.912656 0.785333 0.910873 0.790667 0.910873 0.792 0.912656 0.793333 0.912656 0.794667 0.914439 0.796 0.914439 0.797333 0.916221 0.798667 0.916221 0.8 0.918004 0.8 0.919786 0.801333 0.921569 0.801333 0.923351 0.802667 0.925134 0.802667 0.926916 0.804 0.928699 0.804 0.930481 0.805333 0.932264 0.805333 0.934046 0.806667 0.932264 0.809333 0.932264 0.810667 0.930481 0.813333 0.930481 0.812 0.928699 0.812 0.926916 0.809333 0.923351 0.809333 0.921569 0.806667 0.918004 0.806667 0.916221 0.804 0.912656 0.804 0.910873 0.801333 0.907308 0.801333 0.905526 0.8 0.903743 0.802667 0.900178 0.804 0.900178 0.805333 0.898396 0.808 0.898396 0.809333 0.900178 0.813333 0.900178 0.814667 0.901961 0.817333 0.901961 0.818667 0.903743 0.821333 0.903743 0.822667 0.905526 0.824 0.905526 0.825333 0.907308 0.828 0.907308 0.829333 0.909091 0.830667 0.909091 0.832 0.910873 0.834667 0.910873 0.836 0.912656 0.837333 0.912656 0.838667 0.914439 0.841333 0.914439 0.842667 0.916221 0.845333 0.916221 0.846667 0.918004 0.850667 0.918004 0.852 0.919786 0.854667 0.919786 0.856 0.921569 0.858667 0.921569 0.86 0.923351 0.861333 0.921569 0.892 0.921569 0.893333 0.919786 0.893333 0.918004 0.896 0.914439 0.896 0.912656 0.894667 0.910873 0.894667 0.909091 0.893333 0.907308 0.893333 0.905526 0.890667 0.905526 0.889333 0.903743 0.886667 0.903743 0.885333 0.901961 0.881333 0.901961 0.88 0.900178 0.877333 0.900178 0.876 0.898396 0.873333 0.898396 0.872 0.896613 0.869333 0.896613 0.868 0.894831 0.866667 0.894831 0.865333 0.893048 0.862667 0.893048 0.861333 0.891266 0.86 0.891266 0.858667 0.889483 0.857333 0.889483 0.856 0.887701 0.853333 0.887701 0.852 0.885918 0.850667 0.885918 0.849333 0.884135 0.848 0.884135 0.846667 0.882353 0.845333 0.882353 0.844 0.88057 0.842667 0.88057 0.841333 0.878788 0.838667 0.878788 0.837333 0.877005 0.836 0.877005 0.834667 0.875223 0.833333 0.875223 0.832 0.87344 0.830667 0.87344 0.825333 0.86631 0.824 0.86631 0.814667 0.853832 0.813333 0.853832 0.808 0.846702 0.806667 0.846702 0.805333 0.84492 0.804 0.84492 0.802667 0.843137 0.801333 0.843137 0.8 0.841355 0.798667 0.841355 0.797333 0.839572 0.796 0.839572 0.794667 0.83779 0.792 0.83779 0.790667 0.836007 0.789333 0.836007 0.788 0.834225 0.786667 0.834225 0.785333 0.832442 0.784 0.832442 0.782667 0.83066 0.781333 0.83066 0.78 0.828877 0.778667 0.828877 0.777333 0.827094 0.773333 0.827094 0.772 0.825312 0.769333 0.825312 0.768 0.823529 0.764 0.823529 0.762667 0.821747 0.762667 0.816399 0.764 0.814617 0.764 0.809269 0.762667 0.809269 0.761333 0.807487 0.76 0.807487 0.758667 0.805704 0.752 0.814617 0.744 0.814617 0.742667 0.812834 0.733333 0.812834 0.732 0.811052 0.724 0.811052 0.722667 0.809269 0.712 0.809269 0.710667 0.807487 0.7 0.807487 0.698667 0.805704 0.692 0.805704 0.690667 0.803922 0.684 0.803922 0.682667 0.802139 0.676 0.802139 0.674667 0.800357 0.673333 0.802139 0.666667 0.802139 0.665333 0.803922 0.66 0.803922 0.658667 0.805704 0.652 0.805704 0.650667 0.807487 0.641333 0.807487 0.64 0.805704 0.636 0.805704 0.634667 0.803922 0.632 0.803922 0.630667 0.802139 0.626667 0.802139 0.625333 0.800357 0.622667 0.800357 0.621333 0.798574 0.617333 0.798574 0.616 0.796791 0.613333 0.796791 0.612 0.795009 0.610667 0.795009 0.609333 0.793226 0.608 0.793226 0.606667 0.791444 0.605333 0.791444 0.604 0.789661 0.593333 0.789661
1 0.445333 0.780749 0.444 0.782531 0.442667 0.782531 0.441333 0.784314 0.44 0.784314 0.438667 0.786096 0.437333 0.786096 0.436 0.787879 0.434667 0.787879 0.433333 0.789661 0.432 0.789661 0.432 0.793226 0.430667 0.795009 0.430667 0.798574 0.433333 0.802139 0.434667 0.802139 0.44 0.809269 0.445333 0.809269 0.446667 0.811052 0.452 0.811052 0.453333 0.812834 0.458667 0.812834 0.46 0.814617 0.465333 0.814617 0.466667 0.816399 0.468 0.814617 0.474667 0.814617 0.476 0.812834 0.482667 0.812834 0.484 0.811052 0.488 0.811052 0.489333 0.809269 0.493333 0.809269 0.493333 0.807487 0.494667 0.805704 0.494667 0.802139 0.496 0.800357 0.496 0.798574 0.494667 0.796791 0.494667 0.795009 0.490667 0.789661 0.490667 0.787879 0.489333 0.786096 0.484 0.786096 0.482667 0.784314 0.477333 0.784314 0.476 0.782531 0.472 0.787879 0.470667 0.787879 0.469333 0.789661 0.46 0.789661 0.458667 0.787879 0.456 0.787879 0.454667 0.786096 0.453333 0.786096 0.452 0.784314 0.449333 0.784314 0.448 0.782531 0.446667 0.782531
1 0.741333 0.775401 0.74 0.777184 0.738667 0.777184 0.737333 0.778966 0.736 0.778966 0.734667 0.780749 0.733333 0.780749 0.733333 0.782531 0.734667 0.784314 0.734667 0.786096 0.736 0.784314 0.749333 0.784314 0.750667 0.786096 0.754667 0.786096 0.756 0.787879 0.761333 0.787879 0.762667 0.789661 0.768 0.789661 0.769333 0.791444 0.773333 0.791444 0.774667 0.793226 0.78 0.793226 0.781333 0.795009 0.784 0.791444 0.785333 0.791444 0.786667 0.789661 0.784 0.786096 0.782667 0.786096 0.778667 0.780749 0.768 0.780749 0.766667 0.778966 0.754667 0.778966 0.753333 0.777184 0.742667 0.777184
1 0.985333 0.73262 0.984 0.734403 0.98 0.734403 0.978667 0.736185 0.974667 0.736185 0.976 0.737968 0.977333 0.737968 0.982667 0.745098 0.984 0.745098 0.986667 0.748663 0.988 0.746881 0.998667 0.746881 0.998667 0.734403 0.986667 0.734403
1 0.597333 0.729055 0.594667 0.73262 0.593333 0.73262 0.593333 0.734403 0.592 0.736185 0.592 0.741533 0.589333 0.745098 0.58 0.745098 0.578667 0.746881 0.573333 0.746881 0.572 0.748663 0.566667 0.748663 0.565333 0.750446 0.558667 0.750446 0.557333 0.752228 0.552 0.752228 0.549333 0.755793 0.548 0.755793 0.544 0.761141 0.542667 0.761141 0.54 0.764706 0.532 0.764706 0.530667 0.766488 0.522667 0.766488 0.52 0.770053 0.518667 0.770053 0.516 0.773619 0.514667 0.773619 0.512 0.777184 0.510667 0.777184 0.509333 0.778966 0.509333 0.780749 0.508 0.782531 0.506667 0.780749 0.506667 0.778966 0.505333 0.777184 0.505333 0.775401 0.504 0.773619 0.504 0.771836 0.502667 0.770053 0.502667 0.768271 0.5 0.764706 0.5 0.762923 0.497333 0.759358 0.497333 0.757576 0.496 0.755793 0.496 0.754011 0.493333 0.750446 0.493333 0.748663 0.492 0.746881 0.492 0.745098 0.490667 0.743316 0.489333 0.745098 0.486667 0.745098 0.485333 0.746881 0.482667 0.746881 0.482667 0.752228 0.484 0.754011 0.484 0.759358 0.485333 0.761141 0.485333 0.762923 0.486667 0.764706 0.486667 0.766488 0.489333 0.770053 0.489333 0.771836 0.492 0.775401 0.492 0.777184 0.493333 0.778966 0.493333 0.780749 0.496 0.784314 0.496 0.786096 0.497333 0.787879 0.497333 0.789661 0.498667 0.791444 0.498667 0.795009 0.5 0.796791 0.5 0.803922 0.501333 0.805704 0.501333 0.809269 0.502667 0.807487 0.504 0.807487 0.505333 0.805704 0.506667 0.805704 0.508 0.803922 0.509333 0.803922 0.510667 0.802139 0.512 0.802139 0.512 0.793226 0.510667 0.791444 0.513333 0.787879 0.516 0.787879 0.517333 0.786096 0.52 0.786096 0.521333 0.784314 0.522667 0.784314 0.524 0.782531 0.526667 0.782531 0.528 0.780749 0.548 0.780749 0.549333 0.782531 0.550667 0.780749 0.553333 0.780749 0.554667 0.778966 0.558667 0.778966 0.56 0.777184 0.562667 0.777184 0.564 0.775401 0.566667 0.775401 0.568 0.773619 0.572 0.773619 0.573333 0.771836 0.576 0.771836 0.577333 0.770053 0.581333 0.770053 0.582667 0.768271 0.585333 0.768271 0.592 0.777184 0.597333 0.777184 0.598667 0.778966 0.605333 0.778966 0.606667 0.780749 0.612 0.780749 0.613333 0.782531 0.62 0.782531 0.621333 0.784314 0.626667 0.784314 0.628 0.786096 0.634667 0.786096 0.636 0.787879 0.641333 0.787879 0.642667 0.789661 0.644 0.787879 0.649333 0.787879 0.649333 0.784314 0.648 0.782531 0.648 0.775401 0.646667 0.773619 0.646667 0.766488 0.645333 0.764706 0.645333 0.761141 0.644 0.759358 0.642667 0.759358 0.638667 0.754011 0.637333 0.754011 0.632 0.746881 0.630667 0.746881 0.628 0.743316 0.625333 0.743316 0.624 0.741533 0.621333 0.741533 0.62 0.73975 0.617333 0.73975 0.616 0.737968 0.613333 0.737968 0.612 0.736185 0.610667 0.736185 0.609333 0.734403 0.606667 0.734403 0.605333 0.73262 0.602667 0.73262 0.601333 0.730838 0.598667 0.730838
1 0.929333 0.684492 0.928 0.686275 0.922667 0.686275 0.921333 0.688057 0.914667 0.688057 0.913333 0.68984 0.902667 0.68984 0.901333 0.691622 0.877333 0.691622 0.876 0.68984 0.874667 0.691622 0.872 0.691622 0.870667 0.693405 0.868 0.693405 0.869333 0.695187 0.869333 0.69697 0.872 0.700535 0.872 0.702317 0.873333 0.7041 0.873333 0.705882 0.874667 0.707665 0.881333 0.707665 0.882667 0.709447 0.885333 0.709447 0.886667 0.71123 0.888 0.71123 0.889333 0.713012 0.892 0.713012 0.893333 0.714795 0.896 0.714795 0.897333 0.716578 0.898667 0.716578 0.9 0.71836 0.902667 0.71836 0.904 0.720143 0.905333 0.720143 0.906667 0.721925 0.909333 0.721925 0.910667 0.723708 0.912 0.723708 0.913333 0.72549 0.914667 0.72549 0.916 0.727273 0.917333 0.72549 0.924 0.72549 0.925333 0.723708 0.933333 0.723708 0.934667 0.721925 0.94 0.721925 0.941333 0.720143 0.946667 0.720143 0.948 0.71836 0.96 0.71836 0.961333 0.720143 0.966667 0.720143 0.968 0.721925 0.985333 0.721925 0.985333 0.716578 0.986667 0.714795 0.986667 0.705882 0.985333 0.7041 0.985333 0.698752 0.984 0.698752 0.982667 0.69697 0.981333 0.69697 0.98 0.695187 0.977333 0.695187 0.976 0.693405 0.974667 0.693405 0.973333 0.691622 0.972 0.691622 0.970667 0.68984 0.969333 0.68984 0.968 0.688057 0.937333 0.688057 0.936 0.686275 0.930667 0.686275
1 0.766667 0.679144 0.765333 0.680927 0.762667 0.680927 0.761333 0.682709 0.76 0.682709 0.758667 0.684492 0.756 0.684492 0.757333 0.686275 0.757333 0.688057 0.758667 0.68984 0.76 0.68984 0.761333 0.691622 0.762667 0.691622 0.764 0.693405 0.765333 0.693405 0.766667 0.695187 0.777333 0.695187 0.778667 0.69697 0.789333 0.69697 0.790667 0.698752 0.796 0.698752 0.797333 0.700535 0.802667 0.700535 0.804 0.702317 0.809333 0.702317 0.810667 0.7041 0.814667 0.7041 0.816 0.705882 0.821333 0.705882 0.822667 0.707665 0.826667 0.707665 0.828 0.709447 0.829333 0.709447 0.830667 0.71123 0.833333 0.71123 0.834667 0.713012 0.836 0.713012 0.837333 0.714795 0.848 0.714795 0.849333 0.716578 0.849333 0.709447 0.846667 0.709447 0.845333 0.707665 0.842667 0.707665 0.841333 0.705882 0.838667 0.705882 0.834667 0.700535 0.834667 0.698752 0.832 0.695187 0.830667 0.695187 0.829333 0.693405 0.828 0.693405 0.826667 0.691622 0.825333 0.691622 0.822667 0.688057 0.821333 0.688057 0.82 0.686275 0.818667 0.686275 0.817333 0.684492 0.788 0.684492 0.786667 0.682709 0.777333 0.682709 0.776 0.680927 0.768 0.680927
1 0.450667 0.679144 0.445333 0.686275 0.421333 0.686275 0.421333 0.688057 0.422667 0.68984 0.422667 0.693405 0.437333 0.693405 0.438667 0.695187 0.452 0.695187 0.453333 0.69697 0.46 0.69697 0.461333 0.698752 0.466667 0.698752 0.470667 0.7041 0.470667 0.705882 0.476 0.713012 0.476 0.714795 0.478667 0.71836 0.489333 0.71836 0.490667 0.720143 0.492 0.71836 0.501333 0.71836 0.501333 0.716578 0.502667 0.714795 0.502667 0.709447 0.504 0.707665 0.504 0.7041 0.505333 0.702317 0.505333 0.700535 0.5 0.693405 0.5 0.691622 0.494667 0.684492 0.492 0.684492 0.490667 0.682709 0.488 0.682709 0.486667 0.680927 0.484 0.680927 0.482667 0.679144 0.481333 0.680927 0.48 0.680927 0.477333 0.684492 0.469333 0.684492 0.468 0.682709 0.46 0.682709 0.458667 0.680927 0.452 0.680927
1 0.7 0.657754 0.698667 0.659537 0.697333 0.659537 0.696 0.661319 0.693333 0.661319 0.693333 0.664884 0.692 0.666667 0.692 0.672014 0.689333 0.675579 0.686667 0.675579 0.685333 0.677362 0.682667 0.677362 0.681333 0.679144 0.677333 0.679144 0.676 0.680927 0.674667 0.680927 0.673333 0.682709 0.672 0.682709 0.670667 0.684492 0.648 0.684492 0.646667 0.682709 0.645333 0.684492 0.637333 0.684492 0.633333 0.68984 0.632 0.68984 0.629333 0.693405 0.618667 0.693405 0.617333 0.695187 0.614667 0.695187 0.613333 0.69697 0.612 0.69697 0.610667 0.698752 0.608 0.698752 0.605333 0.695187 0.604 0.695187 0.598667 0.688057 0.597333 0.68984 0.594667 0.68984 0.593333 0.691622 0.589333 0.691622 0.588 0.693405 0.588 0.695187 0.585333 0.698752 0.586667 0.700535 0.586667 0.702317 0.588 0.7041 0.588 0.705882 0.589333 0.707665 0.589333 0.709447 0.594667 0.716578 0.594667 0.71836 0.597333 0.721925 0.605333 0.721925 0.606667 0.723708 0.614667 0.723708 0.616 0.72549 0.622667 0.72549 0.624 0.727273 0.632 0.727273 0.633333 0.729055 0.634667 0.727273 0.638667 0.727273 0.64 0.72549 0.644 0.72549 0.645333 0.723708 0.650667 0.723708 0.652 0.721925 0.656 0.721925 0.657333 0.720143 0.669333 0.720143 0.670667 0.721925 0.677333 0.721925 0.678667 0.723708 0.68 0.721925 0.710667 0.721925 0.712 0.723708 0.721333 0.723708 0.722667 0.72549 0.732 0.72549 0.733333 0.727273 0.734667 0.72549 0.736 0.72549 0.737333 0.723708 0.738667 0.723708 0.74 0.721925 0.74 0.720143 0.742667 0.716578 0.742667 0.714795 0.744 0.713012 0.756 0.713012 0.757333 0.71123 0.758667 0.71123 0.76 0.709447 0.761333 0.709447 0.762667 0.707665 0.765333 0.707665 0.766667 0.705882 0.768 0.705882 0.768 0.7041 0.769333 0.702317 0.769333 0.700535 0.766667 0.700535 0.765333 0.698752 0.762667 0.698752 0.761333 0.69697 0.744 0.69697 0.742667 0.695187 0.722667 0.695187 0.721333 0.693405 0.702667 0.693405 0.701333 0.691622 0.701333 0.68984 0.7 0.688057 0.7 0.686275 0.698667 0.684492 0.698667 0.682709 0.7 0.680927 0.706667 0.680927 0.708 0.679144 0.709333 0.679144 0.710667 0.677362 0.713333 0.677362 0.713333 0.675579 0.712 0.673797 0.712 0.670232 0.710667 0.668449 0.710667 0.666667 0.709333 0.666667 0.706667 0.663102 0.705333 0.663102 0.702667 0.659537 0.701333 0.659537
1 0.778667 0.655971 0.778667 0.657754 0.777333 0.659537 0.777333 0.661319 0.776 0.663102 0.776 0.664884 0.781333 0.664884 0.782667 0.666667 0.786667 0.666667 0.788 0.668449 0.794667 0.668449 0.796 0.670232 0.802667 0.670232 0.804 0.672014 0.810667 0.672014 0.812 0.673797 0.824 0.673797 0.825333 0.672014 0.826667 0.672014 0.825333 0.670232 0.825333 0.668449 0.824 0.666667 0.824 0.664884 0.822667 0.663102 0.822667 0.661319 0.82 0.661319 0.818667 0.659537 0.817333 0.659537 0.816 0.657754 0.798667 0.657754 0.797333 0.655971
1 0.397333 0.654189 0.396 0.655971 0.392 0.655971 0.390667 0.657754 0.386667 0.657754 0.385333 0.659537 0.382667 0.659537 0.381333 0.661319 0.378667 0.661319 0.377333 0.663102 0.374667 0.663102 0.373333 0.664884 0.369333 0.664884 0.368 0.666667 0.365333 0.666667 0.364 0.668449 0.361333 0.668449 0.361333 0.673797 0.385333 0.673797 0.386667 0.672014 0.413333 0.672014 0.414667 0.670232 0.417333 0.670232 0.418667 0.668449 0.421333 0.668449 0.421333 0.666667 0.422667 0.664884 0.422667 0.663102 0.42 0.663102 0.418667 0.661319 0.416 0.661319 0.414667 0.659537 0.410667 0.659537 0.409333 0.657754 0.404 0.657754 0.402667 0.655971 0.398667 0.655971
1 0.957333 0.645276 0.957333 0.647059 0.956 0.648841 0.956 0.650624 0.954667 0.652406 0.954667 0.654189 0.962667 0.664884 0.962667 0.666667 0.970667 0.677362 0.972 0.677362 0.973333 0.679144 0.974667 0.679144 0.976 0.680927 0.977333 0.680927 0.978667 0.682709 0.98 0.682709 0.981333 0.684492 0.982667 0.682709 0.984 0.682709 0.985333 0.680927 0.988 0.680927 0.990667 0.684492 0.992 0.684492 0.993333 0.686275 0.994667 0.686275 0.997333 0.68984 0.998667 0.68984 0.998667 0.680927 0.996 0.677362 0.994667 0.677362 0.972 0.647059 0.972 0.652406 0.970667 0.654189 0.970667 0.655971 0.969333 0.657754 0.968 0.657754 0.962667 0.650624 0.961333 0.650624
1 0.578667 0.643494 0.578667 0.645276 0.577333 0.647059 0.577333 0.648841 0.576 0.650624 0.576 0.654189 0.574667 0.655971 0.574667 0.659537 0.577333 0.663102 0.589333 0.663102 0.590667 0.664884 0.601333 0.664884 0.604 0.668449 0.605333 0.668449 0.608 0.672014 0.612 0.672014 0.613333 0.670232 0.62 0.670232 0.621333 0.668449 0.628 0.668449 0.626667 0.666667 0.626667 0.664884 0.625333 0.663102 0.625333 0.661319 0.618667 0.661319 0.617333 0.659537 0.614667 0.659537 0.613333 0.657754 0.610667 0.657754 0.609333 0.655971 0.590667 0.655971 0.586667 0.650624 0.586667 0.648841 0.585333 0.647059 0.582667 0.647059 0.581333 0.645276 0.58 0.645276
1 0.74 0.641711 0.738667 0.643494 0.725333 0.643494 0.724 0.645276 0.710667 0.645276 0.710667 0.647059 0.712 0.648841 0.712 0.650624 0.722667 0.650624 0.724 0.652406 0.728 0.652406 0.729333 0.654189 0.733333 0.654189 0.734667 0.655971 0.738667 0.655971 0.74 0.657754 0.744 0.657754 0.745333 0.659537 0.749333 0.659537 0.750667 0.661319 0.770667 0.661319 0.770667 0.659537 0.772 0.657754 0.772 0.655971 0.770667 0.657754 0.766667 0.657754 0.765333 0.655971 0.764 0.655971 0.762667 0.654189 0.76 0.654189 0.758667 0.652406 0.757333 0.652406 0.756 0.650624 0.754667 0.650624 0.753333 0.648841 0.750667 0.648841 0.749333 0.647059 0.748 0.647059 0.746667 0.645276 0.744 0.645276 0.742667 0.643494 0.741333 0.643494
1 0.561333 0.639929 0.56 0.641711 0.557333 0.641711 0.556 0.643494 0.553333 0.643494 0.552 0.645276 0.550667 0.645276 0.549333 0.647059 0.546667 0.647059 0.545333 0.648841 0.542667 0.648841 0.541333 0.650624 0.509333 0.650624 0.508 0.648841 0.504 0.648841 0.502667 0.647059 0.497333 0.647059 0.496 0.645276 0.492 0.645276 0.490667 0.643494 0.490667 0.647059 0.489333 0.648841 0.489333 0.650624 0.492 0.650624 0.493333 0.652406 0.494667 0.652406 0.496 0.654189 0.498667 0.654189 0.5 0.655971 0.502667 0.655971 0.504 0.657754 0.505333 0.657754 0.506667 0.659537 0.509333 0.659537 0.510667 0.661319 0.512 0.659537 0.518667 0.659537 0.52 0.657754 0.529333 0.657754 0.530667 0.659537 0.533333 0.659537 0.534667 0.661319 0.536 0.661319 0.537333 0.663102 0.538667 0.663102 0.54 0.664884 0.542667 0.664884 0.544 0.666667 0.545333 0.666667 0.546667 0.668449 0.549333 0.668449 0.550667 0.670232 0.561333 0.655971 0.562667 0.655971 0.566667 0.650624 0.566667 0.648841 0.569333 0.645276 0.568 0.645276 0.566667 0.643494 0.565333 0.643494 0.564 0.641711 0.562667 0.641711
1 0.936 0.613191 0.936 0.614973 0.937333 0.616756 0.937333 0.620321 0.938667 0.620321 0.94 0.622103 0.942667 0.622103 0.944 0.623886 0.945333 0.623886 0.946667 0.625668 0.948 0.625668 0.949333 0.627451 0.953333 0.627451 0.954667 0.629234 0.958667 0.629234 0.96 0.631016 0.961333 0.629234 0.969333 0.629234 0.970667 0.627451 0.977333 0.627451 0.976 0.625668 0.976 0.623886 0.974667 0.622103 0.974667 0.620321 0.973333 0.618538 0.953333 0.618538 0.952 0.616756 0.945333 0.616756 0.944 0.614973 0.937333 0.614973
1 0.689333 0.606061 0.688 0.607843 0.686667 0.607843 0.685333 0.609626 0.684 0.609626 0.682667 0.611408 0.68 0.611408 0.678667 0.613191 0.677333 0.613191 0.677333 0.614973 0.678667 0.616756 0.678667 0.620321 0.677333 0.622103 0.676 0.622103 0.674667 0.623886 0.672 0.623886 0.670667 0.625668 0.669333 0.625668 0.68 0.625668 0.681333 0.627451 0.704 0.627451 0.704 0.623886 0.702667 0.622103 0.702667 0.620321 0.7 0.616756 0.7 0.614973 0.697333 0.611408 0.697333 0.609626 0.696 0.607843 0.690667 0.607843
1 0.901333 0.600713 0.9 0.602496 0.893333 0.602496 0.892 0.604278 0.885333 0.604278 0.897333 0.620321 0.92 0.620321 0.92 0.614973 0.918667 0.614973 0.917333 0.613191 0.916 0.613191 0.914667 0.611408 0.913333 0.611408 0.912 0.609626 0.910667 0.609626 0.908 0.606061 0.906667 0.606061 0.904 0.602496 0.902667 0.602496
1 0.376 0.593583 0.374667 0.595365 0.372 0.595365 0.370667 0.597148 0.368 0.597148 0.366667 0.59893 0.362667 0.59893 0.361333 0.600713 0.358667 0.600713 0.357333 0.602496 0.344 0.602496 0.342667 0.604278 0.328 0.604278 0.328 0.606061 0.329333 0.607843 0.329333 0.609626 0.345333 0.609626 0.346667 0.611408 0.38 0.611408 0.381333 0.613191 0.382667 0.611408 0.384 0.611408 0.385333 0.609626 0.388 0.609626 0.389333 0.607843 0.390667 0.607843 0.389333 0.606061 0.389333 0.604278 0.388 0.602496 0.388 0.600713 0.386667 0.59893 0.386667 0.597148 0.382667 0.597148 0.381333 0.595365 0.377333 0.595365
1 0.741333 0.588235 0.74 0.590018 0.738667 0.590018 0.737333 0.5918 0.736 0.5918 0.734667 0.593583 0.732 0.593583 0.730667 0.595365 0.716 0.595365 0.714667 0.597148 0.709333 0.597148 0.708 0.59893 0.702667 0.59893 0.702667 0.600713 0.701333 0.602496 0.701333 0.604278 0.708 0.604278 0.709333 0.606061 0.716 0.606061 0.717333 0.607843 0.724 0.607843 0.725333 0.609626 0.732 0.609626 0.733333 0.611408 0.74 0.611408 0.741333 0.613191 0.748 0.613191 0.749333 0.614973 0.756 0.614973 0.757333 0.616756 0.758667 0.614973 0.761333 0.614973 0.762667 0.613191 0.764 0.613191 0.765333 0.611408 0.768 0.611408 0.768 0.609626 0.769333 0.607843 0.769333 0.606061 0.768 0.604278 0.768 0.602496 0.766667 0.602496 0.765333 0.600713 0.764 0.600713 0.762667 0.59893 0.761333 0.59893 0.758667 0.595365 0.757333 0.595365 0.756 0.593583 0.754667 0.593583 0.753333 0.5918 0.752 0.5918 0.750667 0.590018 0.742667 0.590018
1 0.504 0.58467 0.502667 0.586453 0.496 0.586453 0.494667 0.588235 0.456 0.588235 0.454667 0.586453 0.454667 0.588235 0.456 0.590018 0.456 0.5918 0.461333 0.5918 0.462667 0.593583 0.468 0.593583 0.469333 0.595365 0.474667 0.595365 0.476 0.597148 0.504 0.597148 0.505333 0.59893 0.506667 0.597148 0.516 0.597148 0.516 0.588235 0.510667 0.588235 0.509333 0.586453 0.505333 0.586453
1 0.861333 0.568627 0.862667 0.57041 0.862667 0.572193 0.864 0.573975 0.864 0.575758 0.865333 0.57754 0.885333 0.57754 0.88 0.57041 0.862667 0.57041
1 0.609333 0.565062 0.608 0.566845 0.598667 0.566845 0.598667 0.572193 0.62 0.572193 0.621333 0.573975 0.621333 0.568627 0.618667 0.565062
1 0.476 0.554367 0.476 0.55615 0.474667 0.557932 0.474667 0.559715 0.473333 0.561497 0.492 0.561497 0.492 0.557932 0.493333 0.55615 0.493333 0.554367
1 0.418667 0.54902 0.417333 0.550802 0.416 0.550802 0.414667 0.552585 0.412 0.552585 0.410667 0.554367 0.409333 0.554367 0.408 0.55615 0.405333 0.55615 0.404 0.557932 0.402667 0.557932 0.416 0.557932 0.417333 0.559715 0.425333 0.559715 0.426667 0.561497 0.433333 0.561497 0.434667 0.56328 0.434667 0.561497 0.433333 0.559715 0.433333 0.557932 0.432 0.55615 0.432 0.554367 0.430667 0.552585 0.430667 0.550802 0.42 0.550802
1 0.565333 0.540107 0.564 0.541889 0.554667 0.541889 0.553333 0.543672 0.544 0.543672 0.542667 0.545455 0.541333 0.545455 0.54 0.547237 0.537333 0.547237 0.536 0.54902 0.534667 0.54902 0.534667 0.550802 0.533333 0.552585 0.533333 0.554367 0.541333 0.554367 0.542667 0.55615 0.550667 0.55615 0.552 0.557932 0.56 0.557932 0.561333 0.559715 0.573333 0.559715 0.574667 0.561497 0.586667 0.561497 0.588 0.56328 0.589333 0.561497 0.592 0.561497 0.593333 0.559715 0.594667 0.559715 0.596 0.557932 0.598667 0.557932 0.594667 0.552585 0.594667 0.550802 0.592 0.547237 0.586667 0.547237 0.585333 0.545455 0.58 0.545455 0.578667 0.543672 0.573333 0.543672 0.572 0.541889 0.566667 0.541889
1 0.302667 0.540107 0.301333 0.541889 0.298667 0.541889 0.294667 0.547237 0.296 0.54902 0.297333 0.54902 0.3 0.552585 0.309333 0.552585 0.310667 0.554367 0.318667 0.554367 0.32 0.55615 0.329333 0.55615 0.330667 0.557932 0.330667 0.554367 0.332 0.552585 0.332 0.54902 0.330667 0.54902 0.328 0.545455 0.326667 0.545455 0.325333 0.543672 0.314667 0.543672 0.313333 0.541889 0.304 0.541889
1 0.805333 0.536542 0.805333 0.545455 0.806667 0.545455 0.809333 0.54902 0.821333 0.54902 0.822667 0.550802 0.833333 0.550802 0.834667 0.552585 0.846667 0.552585 0.848 0.554367 0.849333 0.552585 0.850667 0.552585 0.852 0.550802 0.853333 0.550802 0.852 0.54902 0.852 0.547237 0.850667 0.545455 0.850667 0.543672 0.849333 0.541889 0.848 0.541889 0.846667 0.540107 0.844 0.540107 0.842667 0.538324 0.841333 0.538324 0.84 0.536542
1 0.369333 0.536542 0.369333 0.540107 0.368 0.541889 0.368 0.543672 0.366667 0.545455 0.346667 0.545455 0.346667 0.547237 0.348 0.54902 0.348 0.552585 0.349333 0.550802 0.374667 0.550802 0.376 0.54902 0.402667 0.54902 0.402667 0.543672 0.404 0.541889 0.404 0.538324 0.402667 0.538324 0.401333 0.536542
1 0.150667 0.520499 0.149333 0.522282 0.148 0.522282 0.146667 0.524064 0.145333 0.524064 0.142667 0.527629 0.141333 0.527629 0.14 0.529412 0.138667 0.529412 0.137333 0.531194 0.136 0.529412 0.117333 0.529412 0.116 0.527629 0.093333 0.527629 0.092 0.529412 0.088 0.529412 0.086667 0.531194 0.084 0.531194 0.082667 0.532977 0.08 0.532977 0.078667 0.534759 0.074667 0.534759 0.073333 0.536542 0.070667 0.536542 0.069333 0.538324 0.065333 0.538324 0.064 0.540107 0.061333 0.540107 0.06 0.541889 0.057333 0.541889 0.056 0.543672 0.052 0.543672 0.050667 0.545455 0.048 0.545455 0.046667 0.547237 0.044 0.547237 0.042667 0.54902 0.038667 0.54902 0.037333 0.550802 0.034667 0.550802 0.033333 0.552585 0.001333 0.552585 0.0 0.554367 0.0 0.702317 0.02 0.702317 0.021333 0.700535 0.025333 0.700535 0.026667 0.702317 0.026667 0.7041 0.024 0.707665 0.024 0.709447 0.021333 0.713012 0.021333 0.714795 0.026667 0.714795 0.028 0.713012 0.036 0.713012 0.037333 0.71123 0.038667 0.713012 0.04 0.713012 0.041333 0.714795 0.042667 0.714795 0.044 0.716578 0.046667 0.716578 0.048 0.71836 0.049333 0.71836 0.052 0.721925 0.052 0.723708 0.054667 0.727273 0.054667 0.729055 0.058667 0.734403 0.058667 0.736185 0.072 0.736185 0.073333 0.734403 0.078667 0.734403 0.08 0.73262 0.086667 0.73262 0.088 0.730838 0.093333 0.730838 0.094667 0.729055 0.118667 0.729055 0.118667 0.72549 0.12 0.723708 0.12 0.720143 0.114667 0.720143 0.113333 0.71836 0.109333 0.71836 0.108 0.716578 0.102667 0.716578 0.101333 0.714795 0.102667 0.713012 0.104 0.713012 0.105333 0.71123 0.108 0.71123 0.109333 0.709447 0.110667 0.709447 0.112 0.707665 0.113333 0.707665 0.114667 0.705882 0.149333 0.705882 0.150667 0.7041 0.152 0.705882 0.154667 0.705882 0.156 0.707665 0.158667 0.707665 0.16 0.709447 0.161333 0.709447 0.162667 0.71123 0.165333 0.71123 0.166667 0.713012 0.169333 0.713012 0.170667 0.714795 0.170667 0.71836 0.172 0.720143 0.172 0.72549 0.173333 0.727273 0.173333 0.729055 0.170667 0.73262 0.170667 0.734403 0.164 0.743316 0.164 0.745098 0.16 0.750446 0.157333 0.750446 0.156 0.752228 0.153333 0.752228 0.152 0.754011 0.150667 0.754011 0.149333 0.755793 0.146667 0.755793 0.146667 0.757576 0.148 0.759358 0.148 0.762923 0.149333 0.764706 0.149333 0.768271 0.150667 0.770053 0.162667 0.770053 0.164 0.771836 0.170667 0.771836 0.172 0.773619 0.178667 0.773619 0.18 0.775401 0.188 0.775401 0.189333 0.777184 0.196 0.777184 0.197333 0.778966 0.204 0.778966 0.205333 0.780749 0.204 0.782531 0.201333 0.782531 0.2 0.784314 0.197333 0.784314 0.196 0.786096 0.194667 0.786096 0.193333 0.787879 0.190667 0.787879 0.189333 0.789661 0.176 0.789661 0.174667 0.791444 0.174667 0.793226 0.172 0.796791 0.172 0.798574 0.170667 0.800357 0.170667 0.802139 0.169333 0.803922 0.170667 0.805704 0.190667 0.805704 0.192 0.803922 0.194667 0.807487 0.196 0.807487 0.2 0.812834 0.201333 0.812834 0.204 0.816399 0.205333 0.816399 0.209333 0.821747 0.210667 0.821747 0.212 0.823529 0.224 0.823529 0.225333 0.825312 0.225333 0.827094 0.226667 0.828877 0.226667 0.83066 0.228 0.832442 0.228 0.836007 0.229333 0.83779 0.229333 0.841355 0.230667 0.843137 0.230667 0.84492 0.232 0.846702 0.232 0.850267 0.233333 0.85205 0.233333 0.853832 0.234667 0.855615 0.234667 0.857398 0.242667 0.868093 0.242667 0.869875 0.250667 0.88057 0.252 0.88057 0.253333 0.878788 0.256 0.878788 0.257333 0.877005 0.258667 0.877005 0.26 0.875223 0.261333 0.875223 0.262667 0.87344 0.265333 0.87344 0.266667 0.871658 0.268 0.871658 0.269333 0.869875 0.270667 0.869875 0.272 0.868093 0.274667 0.868093 0.276 0.86631 0.277333 0.86631 0.278667 0.864528 0.28 0.864528 0.281333 0.862745 0.284 0.862745 0.285333 0.860963 0.286667 0.860963 0.288 0.85918 0.289333 0.85918 0.290667 0.857398 0.293333 0.857398 0.294667 0.855615 0.296 0.855615 0.298667 0.85205 0.3 0.85205 0.305333 0.84492 0.306667 0.84492 0.310667 0.839572 0.312 0.839572 0.317333 0.832442 0.318667 0.832442 0.324 0.825312 0.325333 0.825312 0.326667 0.823529 0.326667 0.805704 0.325333 0.803922 0.324 0.803922 0.32 0.798574 0.318667 0.798574 0.314667 0.793226 0.313333 0.793226 0.310667 0.789661 0.309333 0.789661 0.308 0.787879 0.305333 0.787879 0.304 0.786096 0.302667 0.786096 0.301333 0.784314 0.3 0.784314 0.298667 0.782531 0.297333 0.782531 0.296 0.780749 0.293333 0.780749 0.292 0.778966 0.290667 0.778966 0.289333 0.777184 0.288 0.777184 0.286667 0.775401 0.284 0.775401 0.282667 0.773619 0.281333 0.773619 0.28 0.771836 0.278667 0.771836 0.277333 0.770053 0.274667 0.770053 0.273333 0.768271 0.272 0.768271 0.270667 0.766488 0.261333 0.766488 0.26 0.768271 0.253333 0.768271 0.252 0.770053 0.246667 0.770053 0.245333 0.771836 0.238667 0.771836 0.237333 0.773619 0.236 0.771836 0.236 0.770053 0.234667 0.768271 0.234667 0.762923 0.233333 0.761141 0.233333 0.757576 0.232 0.755793 0.232 0.752228 0.230667 0.750446 0.230667 0.745098 0.229333 0.743316 0.229333 0.741533 0.24 0.727273 0.241333 0.727273 0.252 0.713012 0.252 0.71123 0.253333 0.709447 0.253333 0.707665 0.256 0.7041 0.256 0.702317 0.257333 0.700535 0.257333 0.698752 0.258667 0.69697 0.258667 0.695187 0.261333 0.691622 0.261333 0.68984 0.262667 0.688057 0.262667 0.686275 0.265333 0.682709 0.265333 0.680927 0.266667 0.679144 0.266667 0.677362 0.268 0.675579 0.268 0.673797 0.269333 0.672014 0.269333 0.670232 0.270667 0.668449 0.270667 0.666667 0.272 0.664884 0.272 0.661319 0.273333 0.659537 0.273333 0.657754 0.274667 0.655971 0.274667 0.654189 0.270667 0.648841 0.270667 0.647059 0.264 0.638146 0.264 0.636364 0.256 0.625668 0.256 0.623886 0.252 0.618538 0.258667 0.609626 0.258667 0.607843 0.264 0.600713 0.261333 0.597148 0.26 0.597148 0.252 0.586453 0.250667 0.586453 0.248 0.582888 0.244 0.582888 0.242667 0.58467 0.24 0.58467 0.238667 0.586453 0.234667 0.586453 0.233333 0.588235 0.230667 0.588235 0.229333 0.590018 0.225333 0.590018 0.224 0.5918 0.221333 0.5918 0.222667 0.593583 0.222667 0.595365 0.226667 0.600713 0.226667 0.602496 0.228 0.604278 0.226667 0.606061 0.224 0.606061 0.222667 0.607843 0.218667 0.607843 0.217333 0.609626 0.214667 0.609626 0.213333 0.611408 0.212 0.609626 0.210667 0.609626 0.209333 0.607843 0.206667 0.607843 0.205333 0.606061 0.205333 0.604278 0.206667 0.602496 0.206667 0.59893 0.208 0.597148 0.208 0.595365 0.209333 0.593583 0.209333 0.5918 0.212 0.588235 0.212 0.586453 0.214667 0.582888 0.214667 0.581105 0.216 0.579323 0.214667 0.579323 0.213333 0.57754 0.209333 0.57754 0.206667 0.581105 0.205333 0.581105 0.202667 0.58467 0.201333 0.58467 0.198667 0.588235 0.197333 0.586453 0.182667 0.586453 0.181333 0.58467 0.166667 0.58467 0.165333 0.582888 0.136 0.582888 0.136 0.586453 0.134667 0.588235 0.134667 0.595365 0.133333 0.597148 0.132 0.595365 0.129333 0.595365 0.128 0.593583 0.125333 0.593583 0.124 0.5918 0.121333 0.5918 0.12 0.590018 0.117333 0.590018 0.116 0.588235 0.113333 0.588235 0.112 0.586453 0.109333 0.586453 0.108 0.58467 0.108 0.582888 0.106667 0.581105 0.106667 0.579323 0.105333 0.57754 0.105333 0.575758 0.104 0.573975 0.104 0.57041 0.102667 0.568627 0.102667 0.566845 0.101333 0.565062 0.101333 0.561497 0.1 0.559715 0.1 0.557932 0.098667 0.55615 0.098667 0.554367 0.1 0.552585 0.129333 0.552585 0.130667 0.550802 0.132 0.550802 0.134667 0.547237 0.136 0.547237 0.137333 0.545455 0.138667 0.547237 0.141333 0.547237 0.142667 0.54902 0.145333 0.54902 0.146667 0.550802 0.149333 0.550802 0.150667 0.552585 0.182667 0.552585 0.184 0.550802 0.186667 0.550802 0.188 0.54902 0.192 0.54902 0.193333 0.547237 0.196 0.547237 0.197333 0.545455 0.2 0.545455 0.201333 0.543672 0.205333 0.543672 0.206667 0.541889 0.209333 0.541889 0.209333 0.531194 0.208 0.529412 0.208 0.520499
1 0.912 0.518717 0.910667 0.520499 0.896 0.520499 0.896 0.522282 0.897333 0.524064 0.897333 0.527629 0.898667 0.529412 0.898667 0.531194 0.897333 0.532977 0.876 0.532977 0.874667 0.534759 0.873333 0.534759 0.870667 0.538324 0.869333 0.538324 0.872 0.538324 0.873333 0.540107 0.874667 0.540107 0.876 0.541889 0.878667 0.541889 0.88 0.543672 0.881333 0.543672 0.882667 0.545455 0.885333 0.545455 0.886667 0.547237 0.905333 0.547237 0.906667 0.545455 0.937333 0.545455 0.938667 0.547237 0.94 0.547237 0.941333 0.54902 0.944 0.54902 0.945333 0.550802 0.946667 0.550802 0.948 0.552585 0.950667 0.552585 0.952 0.554367 0.974667 0.554367 0.976 0.55615 0.998667 0.55615 0.998667 0.54902 0.993333 0.54902 0.992 0.547237 0.985333 0.547237 0.984 0.545455 0.977333 0.545455 0.976 0.543672 0.969333 0.543672 0.968 0.541889 0.966667 0.541889 0.965333 0.540107 0.964 0.540107 0.962667 0.538324 0.961333 0.538324 0.96 0.536542 0.958667 0.536542 0.957333 0.534759 0.956 0.534759 0.954667 0.532977 0.948 0.532977 0.946667 0.531194 0.941333 0.531194 0.94 0.529412 0.936 0.529412 0.934667 0.527629 0.929333 0.527629 0.928 0.525847 0.924 0.525847 0.922667 0.524064 0.92 0.524064 0.918667 0.522282 0.917333 0.522282 0.916 0.520499 0.913333 0.520499
1 0.804 0.508021 0.802667 0.509804 0.8 0.509804 0.798667 0.511586 0.794667 0.511586 0.794667 0.513369 0.796 0.515152 0.796 0.518717 0.824 0.518717 0.825333 0.520499 0.825333 0.518717 0.826667 0.516934 0.826667 0.515152 0.828 0.513369 0.828 0.511586 0.825333 0.511586 0.824 0.509804 0.821333 0.509804 0.82 0.508021
1 0.289333 0.504456 0.288 0.506239 0.286667 0.506239 0.285333 0.508021 0.284 0.508021 0.282667 0.509804 0.281333 0.509804 0.28 0.511586 0.278667 0.511586 0.277333 0.513369 0.276 0.513369 0.274667 0.515152 0.266667 0.515152 0.265333 0.516934 0.245333 0.516934 0.244 0.515152 0.234667 0.515152 0.233333 0.513369 0.232 0.515152 0.232 0.516934 0.230667 0.518717 0.233333 0.522282 0.234667 0.522282 0.24 0.529412 0.236 0.534759 0.230667 0.534759 0.229333 0.536542 0.222667 0.536542 0.222667 0.538324 0.221333 0.540107 0.230667 0.540107 0.232 0.541889 0.233333 0.541889 0.236 0.545455 0.237333 0.545455 0.238667 0.547237 0.248 0.547237 0.249333 0.545455 0.250667 0.545455 0.252 0.543672 0.253333 0.543672 0.254667 0.541889 0.257333 0.541889 0.258667 0.540107 0.26 0.540107 0.261333 0.538324 0.266667 0.538324 0.268 0.536542 0.272 0.536542 0.273333 0.534759 0.278667 0.534759 0.28 0.532977 0.285333 0.532977 0.294667 0.520499 0.317333 0.520499 0.32 0.516934 0.321333 0.516934 0.322667 0.515152 0.321333 0.515152 0.318667 0.511586 0.314667 0.511586 0.313333 0.509804 0.308 0.509804 0.306667 0.508021 0.302667 0.508021 0.301333 0.506239 0.290667 0.506239
1 0.313333 0.483066 0.312 0.484848 0.305333 0.484848 0.304 0.486631 0.297333 0.486631 0.297333 0.488414 0.298667 0.490196 0.298667 0.491979 0.3 0.493761 0.3 0.495544 0.304 0.495544 0.305333 0.497326 0.308 0.497326 0.309333 0.499109 0.328 0.499109 0.329333 0.497326 0.350667 0.497326 0.350667 0.495544 0.352 0.493761 0.352 0.491979 0.353333 0.490196 0.350667 0.490196 0.349333 0.488414 0.348 0.488414 0.346667 0.486631 0.330667 0.486631 0.329333 0.484848 0.314667 0.484848
1 0.609333 0.472371 0.610667 0.472371 0.612 0.474153 0.613333 0.474153 0.614667 0.475936 0.616 0.475936 0.617333 0.477718 0.622667 0.477718 0.624 0.479501 0.629333 0.479501 0.630667 0.481283 0.636 0.481283 0.637333 0.483066 0.641333 0.477718 0.642667 0.477718 0.644 0.475936 0.637333 0.475936 0.636 0.474153 0.630667 0.474153 0.629333 0.472371
1 0.277333 0.461676 0.276 0.463458 0.262667 0.463458 0.261333 0.465241 0.246667 0.465241 0.245333 0.467023 0.244 0.467023 0.242667 0.468806 0.24 0.468806 0.238667 0.470588 0.237333 0.470588 0.236 0.472371 0.233333 0.472371 0.232 0.474153 0.230667 0.474153 0.233333 0.477718 0.233333 0.479501 0.234667 0.481283 0.248 0.481283 0.249333 0.483066 0.268 0.483066 0.269333 0.484848 0.286667 0.484848 0.288 0.486631 0.289333 0.484848 0.290667 0.484848 0.292 0.483066 0.293333 0.483066 0.294667 0.481283 0.296 0.481283 0.297333 0.479501 0.298667 0.479501 0.3 0.477718 0.301333 0.477718 0.304 0.474153 0.305333 0.474153 0.304 0.472371 0.302667 0.472371 0.298667 0.467023 0.293333 0.467023 0.292 0.465241 0.285333 0.465241 0.284 0.463458 0.278667 0.463458
1 0.341333 0.454545 0.34 0.456328 0.338667 0.456328 0.337333 0.458111 0.334667 0.458111 0.333333 0.459893 0.332 0.459893 0.330667 0.461676 0.322667 0.461676 0.321333 0.463458 0.313333 0.463458 0.313333 0.468806 0.325333 0.468806 0.326667 0.470588 0.337333 0.470588 0.338667 0.472371 0.342667 0.467023 0.344 0.467023 0.345333 0.465241 0.352 0.465241 0.353333 0.463458 0.364 0.463458 0.365333 0.465241 0.366667 0.463458 0.366667 0.461676 0.368 0.459893 0.366667 0.459893 0.365333 0.458111 0.361333 0.458111 0.36 0.456328 0.357333 0.456328 0.356 0.454545
1 0.028 0.447415 0.026667 0.449198 0.026667 0.45098 0.025333 0.452763 0.025333 0.454545 0.024 0.456328 0.052 0.456328 0.053333 0.458111 0.054667 0.456328 0.061333 0.456328 0.062667 0.454545 0.062667 0.452763 0.065333 0.449198 0.029333 0.449198
1 0.345333 0.438503 0.345333 0.442068 0.370667 0.442068 0.370667 0.438503
1 0.234667 0.434938 0.234667 0.438503 0.233333 0.440285 0.206667 0.440285 0.205333 0.442068 0.178667 0.442068 0.178667 0.447415 0.241333 0.447415 0.242667 0.449198 0.245333 0.449198 0.246667 0.45098 0.272 0.45098 0.273333 0.449198 0.274667 0.449198 0.277333 0.445633 0.278667 0.445633 0.28 0.44385 0.281333 0.44385 0.28 0.442068 0.278667 0.442068 0.273333 0.434938
1 0.112 0.433155 0.110667 0.434938 0.081333 0.434938 0.081333 0.440285 0.110667 0.440285 0.110667 0.43672 0.112 0.434938
1 0.037333 0.40107 0.036 0.402852 0.033333 0.402852 0.032 0.404635 0.029333 0.404635 0.028 0.406417 0.025333 0.406417 0.030667 0.406417 0.032 0.4082 0.037333 0.4082 0.038667 0.409982 0.04 0.4082 0.050667 0.4082 0.052 0.406417 0.062667 0.406417 0.065333 0.402852 0.066667 0.402852 0.038667 0.402852
